0.85220649	12.73500646	-0.42206917	0.85239747	12.73482617	-0.42223568
0.82349075	12.87345664	-0.44982281	0.82370218	12.87329862	-0.44992195
0.89924072	12.83217234	-0.54860156	0.89940264	12.83200931	-0.54874517
0.93099696	12.69866023	-0.53505172	0.93113531	12.69847081	-0.53527047
0.78092633	12.96474808	-0.50948651	0.78113117	12.96462497	-0.50953348
0.86070600	12.91866353	-0.59084413	0.86086840	12.91853395	-0.59093421
0.90972339	12.87582586	-0.65155291	0.90985391	12.87569733	-0.65167319
0.94793855	12.80564290	-0.64647656	0.94805372	12.80548901	-0.64664553
0.98150386	12.67620646	-0.64865771	0.98158216	12.67602538	-0.64891449
0.71519980	12.76976055	-1.16424593	0.71507204	12.76997682	-1.16426783
0.83760683	12.71916395	-1.14357056	0.83748397	12.71936572	-1.14368325
0.80671413	12.82476623	-1.07403591	0.80664355	12.82490557	-1.07409086
0.68432538	12.87100427	-1.09014753	0.68423702	12.87115204	-1.09014231
0.93904278	12.68437024	-1.08194917	0.93894239	12.68448836	-1.08215378
0.90668208	12.79496753	-1.02204973	0.90664396	12.79505098	-1.02216594
0.86744572	12.86297639	-0.97086064	0.86744084	12.86302763	-0.97093143
0.78850621	12.90398804	-0.98572770	0.78849168	12.90405621	-0.98575335
0.66643721	12.94995682	-0.99058023	0.66641373	12.95003474	-0.99054882
0.59813016	12.83290055	-0.20844196	0.59842808	12.83277217	-0.20845496
0.57981460	12.97003224	-0.25565594	0.58012033	12.96991703	-0.25563000
0.71358339	12.92209600	-0.34901285	0.71384484	12.92195755	-0.34905220
0.73504082	12.78250211	-0.30928456	0.73528919	12.78234568	-0.30937705
0.54906064	13.05669930	-0.33968947	0.54934707	13.05660983	-0.33962874
0.67724244	13.01281846	-0.42431137	0.67748932	13.01270991	-0.42430854
0.46622096	12.88258989	-1.06291911	0.46615077	12.88266257	-1.06284736
0.59173517	12.82948321	-1.13616893	0.59160442	12.82962903	-1.13614606
0.56166734	12.92124798	-1.06333699	0.56159495	12.92134845	-1.06327995
0.43817079	12.96491130	-0.98804736	0.43814775	12.96497131	-0.98795136
0.54211962	12.99544982	-0.96154716	0.54210881	12.99551994	-0.96147460
0.41790254	13.03413671	-0.88518706	0.41793757	13.03418278	-0.88507159
-0.01202146	12.98834323	-0.06469471	-0.01165429	12.98833109	-0.06442684
-0.14054074	13.00015758	-0.08649596	-0.14018453	13.00016924	-0.08617680
-0.14309136	13.07363982	-0.13292735	-0.14274300	13.07365795	-0.13259550
-0.01817171	13.07571339	-0.10849008	-0.01780802	13.07570761	-0.10820584
-0.25943151	13.00186127	-0.12264894	-0.25909273	13.00189305	-0.12228647
-0.26044539	13.06334647	-0.17097449	-0.26011663	13.06338493	-0.17060211
-0.26177730	13.10467152	-0.23641761	-0.26146840	13.10471936	-0.23603818
-0.14517709	13.12066432	-0.19901538	-0.14484691	13.12069282	-0.19867499
-0.02324356	13.12983645	-0.17425262	-0.02289701	13.12984108	-0.17395681
0.03197618	12.97546707	-0.58915186	0.03213538	12.97553547	-0.58890301
0.01705773	13.03783189	-0.56349329	0.01723880	13.03789857	-0.56322701
-0.06384855	13.03984490	-0.55284227	-0.06366378	13.03992193	-0.55254433
-0.04973424	12.98366709	-0.56859131	-0.04956432	12.98374499	-0.56830852
-0.00238407	13.09175012	-0.51598261	-0.00217574	13.09181115	-0.51569908
-0.08532088	13.08608320	-0.51703969	-0.08511584	13.08615682	-0.51672589
-0.17882813	13.07894818	-0.53311928	-0.17863107	13.07903447	-0.53277170
-0.15627338	13.03801261	-0.56911564	-0.15609436	13.03810280	-0.56878320
-0.14163767	12.98683507	-0.58665083	-0.14147145	12.98692658	-0.58633263
0.98512907	12.28671139	-0.67850822	0.98496471	12.28649498	-0.67903161
0.96177042	12.06838945	-0.69606877	0.96138889	12.06821451	-0.69670784
0.91201431	12.09514059	-0.55825164	0.91186434	12.09497704	-0.55870410
0.92804970	12.30164460	-0.54191833	0.92801441	12.30145233	-0.54233678
0.83589145	12.14584089	-0.43499764	0.83589978	12.14575272	-0.43529189
0.84369503	12.32723284	-0.41527930	0.84375771	12.32707764	-0.41559530
0.97250222	12.38199939	-1.14941806	0.97198956	12.38210176	-1.15002024
0.87848551	12.44603396	-1.21636138	0.87803240	12.44638099	-1.21681030
0.86497600	12.28978219	-1.24540722	0.86391199	12.29039013	-1.24614007
0.95826635	12.19218044	-1.16803401	0.95727381	12.19239904	-1.16885738
0.75425853	12.52459410	-1.24190358	0.75403298	12.52509887	-1.24210603
0.74411150	12.41502760	-1.27950006	0.74346678	12.41623503	-1.28010918
0.85093861	12.18547048	-1.25288744	0.84976535	12.18609082	-1.25360043
0.93713911	12.05794258	-1.16597683	0.93596794	12.05818743	-1.16680771
0.99285385	12.49591502	-0.66162324	0.99283876	12.49571127	-0.66199931
0.93717854	12.51186320	-0.53430644	0.93724945	12.51166020	-0.53461762
0.85365300	12.54059211	-0.41142754	0.85379517	12.54041173	-0.41166349
0.86538252	12.59226484	-1.18668341	0.86518816	12.59259105	-1.18692781
0.96389435	12.54680351	-1.12236409	0.96365824	12.54692411	-1.12272782
0.73986497	12.65034968	-1.21003886	0.73965167	12.65072177	-1.21015571
0.60140395	12.41903571	-0.22706051	0.60158124	12.41893139	-0.22716373
0.60213910	12.63357173	-0.20408509	0.60239298	12.63344704	-0.20414804
0.73519702	12.58350126	-0.29934501	0.73540039	12.58334477	-0.29949858
0.72835836	12.36959875	-0.31085098	0.72849094	12.36947130	-0.31104596
0.46788884	12.70546256	-1.15028274	0.46782393	12.70550725	-1.15024597
0.61056293	12.61675503	-1.21942038	0.61045302	12.61687432	-1.21942278
0.60711258	12.72156571	-1.18601345	0.60699173	12.72172645	-1.18602309
0.47267250	12.78953429	-1.11646115	0.47259617	12.78958965	-1.11640599
0.58680717	12.17482028	-0.30209650	0.58683455	12.17481503	-0.30211923
0.59804377	12.28010856	-0.26372358	0.59814414	12.28003962	-0.26381860
0.72389503	12.21544647	-0.33993476	0.72396523	12.21537019	-0.34011161
0.59797631	12.49280142	-1.25398754	0.59777178	12.49321142	-1.25411972
0.60515239	12.53763332	-1.24353851	0.60501921	12.53785950	-1.24352778
0.46206946	12.64950309	-1.16594720	0.46202127	12.64952877	-1.16591296
-0.00376186	12.71059839	-0.06421687	-0.00344343	12.71058877	-0.06399522
-0.15248576	12.77917562	-0.07116900	-0.15215831	12.77919005	-0.07087775
-0.14254055	12.90193719	-0.06842304	-0.14219288	12.90194768	-0.06811790
-0.00412142	12.86494744	-0.05323042	-0.00377033	12.86493392	-0.05298465
-0.28851386	12.83034933	-0.09552609	-0.28818921	12.83038321	-0.09517689
-0.26990371	12.92543254	-0.09921645	-0.26956688	12.92546328	-0.09886143
0.02767119	12.84600445	-0.61848065	0.02779364	12.84607820	-0.61825436
0.03400258	12.91138926	-0.60575705	0.03414334	12.91145999	-0.60552086
-0.04694522	12.92187248	-0.57805288	-0.04678930	12.92195137	-0.57778220
-0.05526936	12.85706715	-0.58218146	-0.05512567	12.85714708	-0.58191870
-0.13852160	12.92954170	-0.59499455	-0.13836628	12.92963373	-0.59468706
-0.14832204	12.86873322	-0.59394094	-0.14817469	12.86882523	-0.59363928
-0.03336215	12.41503908	-0.11920139	-0.03312835	12.41504396	-0.11901514
-0.17360456	12.63214043	-0.08929596	-0.17330891	12.63216109	-0.08901664
-0.01849087	12.54008163	-0.08853098	-0.01821754	12.54007971	-0.08832979
-0.32511435	12.62503334	-0.12789410	-0.32482890	12.62507555	-0.12755736
-0.31141190	12.71268945	-0.10760736	-0.31110719	12.71272821	-0.10726449
0.01754670	12.77971330	-0.63039519	0.01765149	12.77979009	-0.63017625
-0.07471431	12.79065387	-0.57944076	-0.07457923	12.79073417	-0.57918055
-0.09252491	12.76361697	-0.55939756	-0.09238343	12.76369524	-0.55913365
-0.17239420	12.80620748	-0.58199910	-0.17224908	12.80629875	-0.58169765
-0.38184931	12.99907312	-0.17180703	-0.38153252	12.99912372	-0.17140222
-0.37408113	13.04935091	-0.21745206	-0.37377539	13.04940617	-0.21704273
-0.49181342	12.99236969	-0.22837298	-0.49152182	12.99243524	-0.22793398
-0.47212102	13.03325088	-0.26926856	-0.47183910	13.03332049	-0.26882965
-0.45009038	13.06664846	-0.31946189	-0.44982207	13.06672373	-0.31902497
-0.36424575	13.08656414	-0.27650967	-0.36395672	13.08662700	-0.27609735
-0.26056343	13.03577719	-0.58856838	-0.26039060	13.03588020	-0.58819980
-0.24621577	12.99062089	-0.61364319	-0.24605596	12.99072649	-0.61328705
-0.28078001	13.07210026	-0.54802734	-0.28058961	13.07219843	-0.54764581
-0.37543056	13.06353420	-0.55657996	-0.37524410	13.06363969	-0.55616879
-0.36057563	13.03242579	-0.60154036	-0.36040687	13.03253727	-0.60113937
-0.35095220	12.99419648	-0.63548119	-0.35079648	12.99431265	-0.63508958
-0.24760946	12.94215162	-0.62959296	-0.24745980	12.94225953	-0.62924423
-0.35846588	12.95534517	-0.66035333	-0.35832107	12.95546489	-0.65996550
-0.37321144	12.91807607	-0.67456140	-0.37307209	12.91819815	-0.67417471
-0.26035227	12.89265681	-0.63423442	-0.26020776	12.89276565	-0.63388914
-0.53595348	12.88658776	-0.18801806	-0.53565681	12.88665049	-0.18757996
-0.55589180	12.76459657	-0.19387981	-0.55560597	12.76465998	-0.19345114
-0.63205428	12.80147135	-0.25129473	-0.63178225	12.80154264	-0.25083934
-0.61403958	12.89746955	-0.25024451	-0.61376255	12.89754047	-0.24978180
-0.56388282	12.65993136	-0.21143091	-0.56360870	12.65999599	-0.21101304
-0.63928977	12.71889586	-0.26340143	-0.63902451	12.71896829	-0.26295482
-0.68782172	12.78879996	-0.33333255	-0.68757220	12.78887971	-0.33286290
-0.68160373	12.84108959	-0.32739340	-0.68135173	12.84116911	-0.32691883
-0.66566433	12.90419765	-0.32881278	-0.66541103	12.90427733	-0.32833427
-0.45438438	12.64977099	-0.16358823	-0.45410134	12.64982585	-0.16320502
-0.44326144	12.74594133	-0.14434506	-0.44296351	12.74599431	-0.14395330
-0.42112836	12.86522304	-0.13569713	-0.42081517	12.86527315	-0.13529760
-0.46908519	12.93381218	-0.68539743	-0.46894562	12.93393794	-0.68497703
-0.47599981	12.90683494	-0.69607034	-0.47586364	12.90696183	-0.69565189
-0.38536839	12.88477777	-0.67650008	-0.38523106	12.88490001	-0.67611458
-0.55565166	12.93886103	-0.66536460	-0.55550343	12.93898347	-0.66491562
-0.56041938	12.91219448	-0.68022908	-0.56027566	12.91231854	-0.67978264
-0.39619171	12.86796019	-0.66613799	-0.39605228	12.86808133	-0.66575120
-0.28007790	12.84444397	-0.62650616	-0.27993499	12.84455229	-0.62616153
0.89844447	12.88562004	-0.90230088	0.89847514	12.88562028	-0.90238316
0.79838763	12.95274204	-0.88764792	0.79842459	12.95276069	-0.88767090
0.91526789	12.89936816	-0.81371553	0.91533935	12.89931775	-0.81381100
0.82023694	12.97189806	-0.78323491	0.82032594	12.97185867	-0.78326969
0.70988628	13.02755427	-0.74155118	0.70999713	13.02752342	-0.74153910
0.67956592	13.00408260	-0.87051550	0.67961068	13.00410837	-0.87048749
0.91664486	12.89494840	-0.72194211	0.91675150	12.89485102	-0.72204884
0.83771163	12.96258128	-0.67693344	0.83784663	12.96249426	-0.67698923
0.74334813	13.01515623	-0.61452185	0.74351452	13.01507645	-0.61453239
0.99910375	12.67214358	-0.98801061	0.99903547	12.67213707	-0.98827827
0.96201139	12.79366250	-0.94137448	0.96200863	12.79365435	-0.94152517
1.02244124	12.67135212	-0.87679715	1.02240383	12.67124764	-0.87707876
0.98219680	12.80219793	-0.84476088	0.98223625	12.80212127	-0.84492738
1.01431564	12.66984926	-0.76345763	1.01433271	12.66969898	-0.76374121
0.97661207	12.80122298	-0.74544878	0.97669185	12.80110296	-0.74562171
0.55954381	13.04940457	-0.82503010	0.55961189	13.04943058	-0.82495463
0.59691414	13.07449134	-0.67630299	0.59705753	13.07446733	-0.67624177
0.47322777	13.11307294	-0.59345128	0.47341262	13.11305356	-0.59334185
0.43555812	13.08693999	-0.74529529	0.43566728	13.08696117	-0.74517539
0.63727944	13.06285424	-0.53843621	0.63748516	13.06278515	-0.53839966
0.51225019	13.10364427	-0.45549990	0.51249561	13.10358723	-0.45541137
-0.38390067	13.08091378	-0.49864078	-0.38369257	13.08101110	-0.49822369
-0.46740990	13.06253009	-0.51119570	-0.46720872	13.06263091	-0.51075476
-0.44751798	13.05122240	-0.55358499	-0.44733174	13.05132900	-0.55315219
-0.39592056	13.08688236	-0.43558424	-0.39569100	13.08697100	-0.43516197
-0.48955031	13.06433185	-0.46667727	-0.48933437	13.06442699	-0.46622912
-0.57394021	13.03797779	-0.49580924	-0.57373612	13.03807806	-0.49533944
-0.53633825	13.04005454	-0.52837456	-0.53614469	13.04015885	-0.52791605
-0.49864930	13.03852087	-0.55460614	-0.49846447	13.03862886	-0.55415948
-0.42133179	13.08336021	-0.37537291	-0.42108074	13.08344149	-0.37494272
-0.50331889	13.06002226	-0.41532486	-0.50308577	13.06011063	-0.41487288
-0.51819216	13.04541868	-0.36445836	-0.51794270	13.04550092	-0.36400410
-0.56380285	13.02847291	-0.39677479	-0.56356674	13.02856054	-0.39630928
-0.57572316	13.03366973	-0.44534207	-0.57550212	13.03376336	-0.44487225
-0.01794607	13.13047691	-0.43396420	-0.01770011	13.13052519	-0.43366809
-0.10967337	13.11815139	-0.44639311	-0.10943733	13.11821590	-0.44606486
-0.02715109	13.15177871	-0.33862177	-0.02686476	13.15181124	-0.33831918
-0.13040132	13.13568308	-0.35981658	-0.13012952	13.13573568	-0.35947784
-0.23160083	13.11857102	-0.39082353	-0.23134722	13.11863947	-0.39045133
-0.20568334	13.10522331	-0.46925791	-0.20545995	13.10530151	-0.46889667
-0.02757046	13.15339393	-0.25149221	-0.02725012	13.15341182	-0.25118987
-0.14161523	13.13891480	-0.27602111	-0.14131146	13.13895498	-0.27567840
-0.25131106	13.12071207	-0.31127905	-0.25102763	13.12076976	-0.31090031
0.97642614	11.97709569	-1.07024299	0.97533069	11.97719281	-1.07112586
1.00128785	12.12140426	-1.06820977	1.00038582	12.12145488	-1.06906963
0.98094317	11.93097938	-0.96462468	0.97995446	11.93097640	-0.96549251
1.00932470	12.07679270	-0.95359759	1.00856212	12.07672932	-0.95443948
1.03263084	12.29351194	-0.93573375	1.03220401	12.29337968	-0.93640096
1.02025090	12.32956518	-1.05152971	1.01975025	12.32954640	-1.05218330
0.96460263	11.91362855	-0.84459236	0.96377569	11.91356320	-0.84538692
0.99501898	12.06071165	-0.82894379	0.99442228	12.06058016	-0.82970476
1.02057878	12.28180837	-0.81055823	1.02027953	12.28161850	-0.81117187
1.01931805	12.51548135	-1.02381117	1.01908598	12.51546419	-1.02422895
1.03899721	12.49662009	-0.90865428	1.03884663	12.49649944	-0.90907974
1.02841356	12.49065943	-0.78717932	1.02832406	12.49049474	-0.78759353
-0.64161607	12.93332017	-0.61290061	-0.64144953	12.93343338	-0.61242550
-0.64838935	12.90354822	-0.62491965	-0.64822598	12.90366243	-0.62444667
-0.69933068	12.92281516	-0.53304835	-0.69913808	12.92291644	-0.53255737
-0.70976469	12.88662593	-0.53912787	-0.70957321	12.88672722	-0.53863877
-0.65018480	12.88014984	-0.62638586	-0.65002134	12.88026393	-0.62591561
-0.70087146	12.91288773	-0.43080650	-0.70064835	12.91297749	-0.43031690
-0.71430929	12.86778308	-0.43181688	-0.71408631	12.86787232	-0.43132943
-0.71723390	12.83208743	-0.43361748	-0.71701089	12.83217639	-0.43313370
-0.29697682	13.09397745	-0.48566618	-0.29676252	13.09406693	-0.48527537
-0.31508021	13.10363187	-0.41326026	-0.31483801	13.10371112	-0.41286162
-0.34104296	13.10289155	-0.34274552	-0.34077638	13.10296231	-0.34233874
-0.59396036	12.94990098	-0.26290541	-0.59368480	12.94997292	-0.26244211
-0.51354752	12.95291383	-0.20040548	-0.51325019	12.95297699	-0.19996547
-0.64806732	12.94442272	-0.33798875	-0.64781582	12.94450359	-0.33751005
-0.62493214	12.97406613	-0.35481750	-0.62468492	12.97414892	-0.35434163
-0.57092716	12.98195527	-0.28718677	-0.57065709	12.98202940	-0.28672587
-0.39888226	12.94363250	-0.14483050	-0.39856280	12.94368147	-0.14442781
-0.45602390	12.96477307	-0.66693877	-0.45587807	12.96489646	-0.66651768
-0.44410535	12.99700954	-0.63864596	-0.44394959	12.99712864	-0.63822314
-0.52821404	12.99596548	-0.62147068	-0.52805139	12.99608262	-0.62102167
-0.54416352	12.96762184	-0.64748897	-0.54400967	12.96774228	-0.64703924
-0.65801873	12.98000388	-0.52130220	-0.65782331	12.98010554	-0.52081571
-0.68233556	12.95250937	-0.52765089	-0.68214171	12.95261073	-0.52716090
-0.62785032	12.96159354	-0.60005089	-0.62768005	12.96170576	-0.59957612
-0.60696201	12.98875803	-0.58219837	-0.60678615	12.98886843	-0.58172594
-0.62595841	13.00919486	-0.51235527	-0.62575986	13.00929595	-0.51187415
-0.57965499	13.01510365	-0.55518234	-0.57947032	13.01521088	-0.55471430
-0.50999715	13.02158019	-0.58212305	-0.50982148	13.02169197	-0.58167555
-0.68344607	12.94610021	-0.43334212	-0.68322371	12.94619067	-0.43285313
-0.65909989	12.97422325	-0.43924114	-0.65887929	12.97431495	-0.43875537
-0.59273578	13.00522589	-0.37914409	-0.59249502	13.00531146	-0.37867336
-0.62540285	13.00435582	-0.44827244	-0.62518405	13.00444889	-0.44779209
-0.54322542	13.01662741	-0.32138836	-0.54296369	13.01670497	-0.32093091
-0.44051621	13.02761959	-0.59847482	-0.44034618	13.02773262	-0.59804818
0.18291829	13.11969087	-0.18361159	0.18326806	13.11965996	-0.18339766
0.15315953	13.15849370	-0.26873567	0.15348090	13.15848259	-0.26850204
0.18083070	13.14640207	-0.28352040	0.18114536	13.14638819	-0.28329944
0.21487901	13.10638655	-0.19525235	0.21522325	13.10635121	-0.19505323
0.13260034	13.16571228	-0.36378553	0.13288514	13.16572130	-0.36354179
0.15866802	13.15443146	-0.38075898	0.15894507	13.15443904	-0.38052723
0.18538204	13.13752124	-0.29355546	0.18569161	13.13750826	-0.29333779
0.21924764	13.09799721	-0.20167819	0.21958807	13.09796207	-0.20148224
0.19203583	13.14521421	-0.29461285	0.19234702	13.14519997	-0.29439635
0.22467276	13.10447861	-0.19654754	0.22501696	13.10444128	-0.19635247
0.17270033	13.15255511	-0.39790303	0.17297102	13.15256297	-0.39767710
0.21665042	13.15835820	-0.42387826	0.21691279	13.15836123	-0.42366861
0.23846952	13.15049900	-0.31256927	0.23877622	13.15047814	-0.31237046
0.27057364	13.10774349	-0.20743351	0.27091535	13.10769812	-0.20725643
0.25853837	12.93290074	-0.06403748	0.25890482	12.93283597	-0.06388744
0.22158442	13.04940737	-0.10924987	0.22195289	13.04935658	-0.10906459
0.25773954	13.03659413	-0.12072557	0.25810220	13.03653757	-0.12055729
0.29806083	12.91958525	-0.07724064	0.29842056	12.91951456	-0.07710959
0.26798565	13.03458171	-0.12123389	0.26834858	13.03452295	-0.12107014
0.30926954	12.91767617	-0.08066645	0.30962780	12.91760322	-0.08054037
0.31321251	13.03304306	-0.12866065	0.31357336	13.03297567	-0.12851530
0.35306818	12.90982581	-0.08671676	0.35342354	12.90974330	-0.08661046
0.37841895	12.72096860	-0.09122781	0.37873319	12.72088469	-0.09116744
0.33835101	12.73472017	-0.08667668	0.33866898	12.73464559	-0.08659671
0.39578591	12.52574467	-0.12232577	0.39603942	12.52567014	-0.12230761
0.35827001	12.54987074	-0.11751435	0.35853120	12.54980392	-0.11747524
0.32696782	12.73692719	-0.08191300	0.32728822	12.73685464	-0.08182749
0.34608621	12.55267527	-0.11256688	0.34634992	12.55261029	-0.11252175
0.30047881	12.56647689	-0.09437728	0.30075379	12.56641779	-0.09430881
0.28495708	12.75433139	-0.06579839	0.28528699	12.75426453	-0.06569113
0.26584551	12.78362439	-0.91880733	0.26584754	12.78367040	-0.91870560
0.25595533	12.85394169	-0.89373565	0.25596743	12.85399576	-0.89361025
0.23704389	12.85977507	-0.83461222	0.23707717	12.85983353	-0.83447596
0.24770879	12.79893467	-0.85848074	0.24772556	12.79898951	-0.85836558
0.24085924	12.92604186	-0.84316905	0.24089892	12.92610370	-0.84301898
0.22134055	12.92436200	-0.78746615	0.22140454	12.92442091	-0.78730760
0.22792705	12.91992593	-0.76969381	0.22799775	12.91998120	-0.76953861
0.24870447	12.80474822	-0.83771904	0.24872999	12.80480308	-0.83760092
0.22086810	12.86019151	-0.82020039	0.22090796	12.86025408	-0.82005642
0.22570129	12.80288178	-0.84329824	0.22572422	12.80294375	-0.84316911
0.21038254	12.92385141	-0.77770838	0.21045106	12.92391209	-0.77754536
0.16989935	12.93607803	-0.76301242	0.16997706	12.93614555	-0.76283010
0.17745988	12.86881785	-0.80165643	0.17750918	12.86888775	-0.80149152
0.17931686	12.80522490	-0.82285928	0.17934729	12.80529650	-0.82270934
0.27071528	12.71339512	-0.94398270	0.27070735	12.71343531	-0.94389816
0.25528374	12.73767464	-0.88278504	0.25528896	12.73772529	-0.88268791
0.25711960	12.75332948	-0.86043646	0.25713014	12.75338282	-0.86033414
0.27478049	12.71676996	-0.87372147	0.27478524	12.71681677	-0.87363422
0.23443319	12.74518257	-0.87025164	0.23443799	12.74524387	-0.87013979
0.18571829	12.73763471	-0.85256401	0.18572576	12.73770749	-0.85242954
0.28379912	12.32711623	-0.16258341	0.28398111	12.32707935	-0.16255044
0.30147781	12.42364755	-0.12870958	0.30169346	12.42360305	-0.12866374
0.34925698	12.42197673	-0.14517714	0.34946365	12.42192697	-0.14515322
0.33447588	12.35262154	-0.17782013	0.33464496	12.35258803	-0.17780381
0.35327790	12.43457657	-0.15245921	0.35348588	12.43452648	-0.15243544
0.36297558	12.41498525	-0.15029679	0.36317737	12.41493334	-0.15028055
0.34873653	12.34725998	-0.18419893	0.34887529	12.34723442	-0.18418446
0.40003001	12.38170990	-0.15892564	0.40021194	12.38165122	-0.15893138
0.12162976	13.14074923	-0.46903097	0.12186837	13.14077887	-0.46878727
0.15151031	13.12745597	-0.48312014	0.15174155	13.12748246	-0.48289070
0.12480062	13.08877769	-0.57727102	0.12498640	13.08882565	-0.57703846
0.16002472	13.07346645	-0.58803721	0.16020340	13.07350944	-0.58782163
0.16349562	13.11615931	-0.48989335	0.16372220	13.11618479	-0.48967073
0.16931335	13.12255425	-0.49001852	0.16954142	13.12257846	-0.48979695
0.17908368	13.06674045	-0.58426213	0.17926264	13.06677900	-0.58405518
0.20515872	13.07220335	-0.62357880	0.20532245	13.07224331	-0.62338080
0.20470665	13.12839052	-0.52250716	0.20492357	13.12841338	-0.52229814
0.22047274	13.00191908	-0.74197146	0.22057091	13.00197376	-0.74179535
0.19913748	12.99703919	-0.69389709	0.19925558	12.99709107	-0.69371275
0.18479854	13.00015076	-0.69343535	0.18491798	13.00020556	-0.69324493
0.14659819	13.01496842	-0.68208222	0.14672593	13.01502922	-0.68187343
0.39623178	13.08999403	-0.26130672	0.39655222	13.08992997	-0.26118215
0.43169506	13.00926129	-0.17782758	0.43203523	13.00917333	-0.17773390
0.46023891	12.87844530	-0.13203227	0.46057181	12.87834325	-0.13197702
0.31263049	12.99147849	-0.86071339	0.31267227	12.99153180	-0.86057599
0.33602855	12.91333550	-0.95009308	0.33601829	12.91338617	-0.94998018
0.29513078	13.06068506	-0.74847648	0.29523623	13.06072594	-0.74831699
0.13838187	12.96071292	-0.05854316	0.13875170	12.96067213	-0.05833928
0.11647362	13.06500019	-0.10288662	0.11684302	13.06496940	-0.10265642
0.09482939	13.12864593	-0.17275349	0.09518132	13.12862987	-0.17250344
0.08892689	13.02850638	-0.62275359	0.08908232	13.02856921	-0.62251825
0.06908904	13.09375553	-0.54470457	0.06928823	13.09380878	-0.54444883
0.10780778	12.95648966	-0.67722410	0.10792560	12.95655749	-0.67701045
0.47467601	12.68339839	-0.13251620	0.47496681	12.68329706	-0.13250565
0.48388982	12.47453597	-0.16161330	0.48411161	12.47444790	-0.16164784
0.34500643	12.83233880	-1.00324506	0.34497447	12.83238367	-1.00315819
0.34602502	12.75704733	-1.03250888	0.34599037	12.75708267	-1.03244017
0.48453461	12.33733152	-0.19991910	0.48467039	12.33726550	-0.19996780
0.34499225	12.69693687	-1.05139206	0.34496112	12.69696620	-1.05134018
0.15938310	12.47101784	-0.10502292	0.15962782	12.47098977	-0.10490823
0.16550799	12.62702199	-0.07530790	0.16580381	12.62698454	-0.07517025
0.10920547	12.75557435	-0.74739460	0.10925461	12.75565238	-0.74722159
0.10962187	12.82425027	-0.72361280	0.10969418	12.82432476	-0.72342661
0.15661237	12.80623557	-0.05432583	0.15695441	12.80619311	-0.05415481
0.11193355	12.88972521	-0.70554441	0.11202655	12.88979649	-0.70534631
0.33165746	13.14320222	-0.49924800	0.33188793	13.14319474	-0.49908495
0.30531748	13.11492134	-0.62611125	0.30548800	13.11494083	-0.62594321
0.36239946	13.13466330	-0.37324709	0.36268201	13.13462512	-0.37309973
0.06558022	13.16342304	-0.34478988	0.06586973	13.16344070	-0.34452092
0.06208095	13.13984520	-0.44695923	0.06232604	13.13988165	-0.44669270
0.07717939	13.16042255	-0.25344472	0.07750421	13.16042278	-0.25318177
0.87892986	11.96572936	-0.58991054	0.87865451	11.96563841	-0.59032660
0.81676000	12.01719950	-0.47386000	0.81676000	12.01719950	-0.47386000
0.91585241	11.93814510	-0.72147055	0.91528645	11.93805914	-0.72209264
0.90397998	12.00460805	-0.72551671	0.90348502	12.00452231	-0.72608017
0.87075999	12.05103587	-0.63711833	0.87046849	12.05092765	-0.63753733
0.80479149	12.11339898	-0.53212777	0.80469787	12.11328622	-0.53239884
0.94620001	11.93127519	-0.84751893	0.94539705	11.93123546	-0.84826941
0.96330451	11.94806476	-0.95999527	0.96235114	11.94808165	-0.96082376
0.93355247	12.06613776	-0.94182824	0.93280497	12.06616445	-0.94254919
0.92121588	12.03478531	-0.82308645	0.92060583	12.03473441	-0.82372661
0.96071116	11.99145189	-1.05341604	0.95966744	11.99155527	-1.05426266
0.92480443	12.06781083	-1.13987663	0.92369729	12.06804612	-1.14068271
0.90339178	12.13069366	-1.11699156	0.90241636	12.13094280	-1.11775595
0.92901813	12.10236947	-1.04039266	0.92815361	12.10249726	-1.04115568
0.84289881	12.19123742	-1.23030011	0.84176131	12.19185480	-1.23103271
0.72019458	12.36546541	-1.28753703	0.71873063	12.36767746	-1.28865432
0.73713741	12.37343870	-1.20813792	0.73645201	12.37424632	-1.20878335
0.84382200	12.23432595	-1.16766016	0.84286138	12.23475880	-1.16839688
0.59812622	12.48801434	-1.23970510	0.59790499	12.48835468	-1.23983209
0.47060989	12.61391284	-1.15223980	0.47057141	12.61393120	-1.15220300
0.49420000	12.61570000	-1.07906000	0.49420000	12.61570000	-1.07906000
0.61447000	12.50220000	-1.16283000	0.61447000	12.50220000	-1.16283000
0.38275546	12.64738205	-1.04947781	0.38273761	12.64739895	-1.04944950
0.33201488	12.64775112	-0.95658614	0.33201047	12.64778080	-0.95654499
0.37140000	12.64100070	-0.89641000	0.37140000	12.64100070	-0.89641000
0.41679000	12.64250090	-0.98287004	0.41679000	12.64250090	-0.98287004
0.31391371	12.67952910	-0.89709293	0.31391737	12.67956245	-0.89703254
0.30982550	12.70712477	-0.86961835	0.30983128	12.70716258	-0.86954797
0.33809855	12.69502322	-0.81252490	0.33811100	12.69506287	-0.81246760
0.34728733	12.66979977	-0.84028150	0.34729738	12.66982778	-0.84024235
0.30078479	12.69442486	-0.87350497	0.30078517	12.69446465	-0.87343021
0.25764432	12.68445714	-0.84402743	0.25764575	12.68451372	-0.84393441
0.29805709	12.68146397	-0.77467838	0.29808142	12.68150664	-0.77460217
0.33692769	12.68362039	-0.81119855	0.33693718	12.68365998	-0.81114063
0.15172506	12.71987968	-0.71553710	0.15177983	12.71994468	-0.71538818
0.02036617	12.77340518	-0.57465603	0.02049413	12.77347235	-0.57443869
0.02473684	12.81097526	-0.49771458	0.02490217	12.81103005	-0.49749167
0.17596950	12.73482855	-0.64023416	0.17605720	12.73487786	-0.64009164
-0.09601253	12.81625255	-0.51166023	-0.09584468	12.81632515	-0.51138599
-0.20342412	12.84821455	-0.51546294	-0.20324873	12.84830034	-0.51514302
-0.20667848	12.91660095	-0.45501270	-0.20647231	12.91667858	-0.45468129
-0.09791005	12.87563461	-0.44144286	-0.09770694	12.87569739	-0.44115868
-0.30855030	12.86875803	-0.57524094	-0.30838701	12.86886132	-0.57488241
-0.40713635	12.88001292	-0.64291733	-0.40698788	12.88013117	-0.64252495
-0.42375763	12.90760793	-0.59106788	-0.42359036	12.90771964	-0.59066489
-0.31797623	12.92175439	-0.52009520	-0.31778932	12.92185085	-0.51972464
-0.49521354	12.88337668	-0.67094390	-0.49506905	12.88349975	-0.67052243
-0.57489844	12.87984369	-0.65915747	-0.57474705	12.87996420	-0.65871095
-0.57409304	12.88216215	-0.62376499	-0.57393069	12.88227802	-0.62331815
-0.51752657	12.89096559	-0.62267814	-0.51736622	12.89108191	-0.62224811
-0.64896619	12.87130617	-0.60757522	-0.64879662	12.87141777	-0.60710655
-0.69812372	12.85470609	-0.52807243	-0.69792795	12.85480608	-0.52759092
-0.66103464	12.87085681	-0.49977939	-0.66083161	12.87095484	-0.49930671
-0.62371356	12.88044008	-0.57658355	-0.62353491	12.88054851	-0.57612123
-0.70305092	12.82719375	-0.43294479	-0.70282781	12.82728293	-0.43246563
-0.67611253	12.78012477	-0.34330367	-0.67586610	12.78020551	-0.34283844
-0.65451436	12.78676143	-0.35620876	-0.65427155	12.78684352	-0.35574886
-0.66682090	12.83347687	-0.41632287	-0.66659368	12.83356529	-0.41585332
-0.62933852	12.70563166	-0.28030935	-0.62907845	12.70570566	-0.27986745
-0.55581335	12.64507175	-0.23178218	-0.55554553	12.64513806	-0.23136866
-0.53825136	12.70443097	-0.26296110	-0.53798902	12.70450073	-0.26254586
-0.61434968	12.74789824	-0.31271917	-0.61409683	12.74797572	-0.31227588
-0.44886982	12.64020626	-0.18445679	-0.44859374	12.64026284	-0.18407668
-0.32179820	12.61966301	-0.14857416	-0.32152174	12.61970779	-0.14823995
-0.30399799	12.67340212	-0.17735597	-0.30372353	12.67344903	-0.17702146
-0.43002493	12.69776329	-0.21422503	-0.42975352	12.69782298	-0.21384406
-0.18512177	12.51542435	-0.13536691	-0.18486797	12.51545398	-0.13510126
-0.03653087	12.39978009	-0.14300128	-0.03631058	12.39978965	-0.14281677
-0.03409568	12.46952804	-0.17398531	-0.03387401	12.46954295	-0.17379035
-0.17354081	12.57815570	-0.16413491	-0.17328572	12.57818778	-0.16386497
0.12458751	12.33953242	-0.16369653	0.12478012	12.33951899	-0.16359222
0.25299920	12.32115834	-0.18923832	0.25316944	12.32113061	-0.18919405
0.23238876	12.38095224	-0.24115266	0.23254639	12.38093931	-0.24108810
0.11484831	12.40690873	-0.20497214	0.11503558	12.40690535	-0.20485146
0.30289521	12.35556389	-0.21053932	0.30305331	12.35554083	-0.21051035
0.28818373	12.43941193	-0.27980110	0.28833603	12.43939991	-0.27975325
0.28010478	12.41159808	-0.26592974	0.28025548	12.41158534	-0.26588241
0.31411937	12.34607244	-0.22311544	0.31423880	12.34607035	-0.22309162
0.34620000	12.27620000	-0.23202000	0.34620000	12.27620000	-0.23202000
0.31983821	12.33283863	-0.29102625	0.31992815	12.33283844	-0.29101494
0.28717403	12.39787135	-0.28096337	0.28730612	12.39786803	-0.28092364
0.44425997	12.21770000	-0.27141000	0.44425997	12.21770000	-0.27141000
0.57587000	12.16340070	-0.32883000	0.57587000	12.16340070	-0.32883000
0.56955115	12.24246882	-0.38404167	0.56958167	12.24241688	-0.38412601
0.42785017	12.28576436	-0.32842923	0.42790231	12.28573933	-0.32845360
0.70622003	12.08180000	-0.39380000	0.70622003	12.08180000	-0.39380000
0.69956668	12.18051117	-0.44965245	0.69955134	12.18042971	-0.44981932
0.75952636	12.39731035	-1.05293234	0.75924372	12.39753484	-1.05328453
0.85665386	12.24810293	-1.05535873	0.85599590	12.24829333	-1.05597330
0.78017520	12.37788285	-0.86410680	0.77999265	12.37789584	-0.86441407
0.86841731	12.22463272	-0.91358348	0.86794530	12.22466541	-0.91411111
0.79335260	12.26208464	-0.67659750	0.79320710	12.26200001	-0.67692361
0.86987913	12.14945818	-0.76082894	0.86951546	12.14938512	-0.76131666
0.53261286	12.60924061	-0.90332943	0.53257126	12.60929830	-0.90335618
0.64551150	12.52406907	-0.99175464	0.64542163	12.52417292	-0.99184894
0.56422747	12.53895514	-0.69240469	0.56423007	12.53895223	-0.69247223
0.67646899	12.47927564	-0.78324670	0.67640139	12.47927723	-0.78340724
0.57031688	12.38626047	-0.51250260	0.57034108	12.38621270	-0.51260597
0.69139469	12.33985165	-0.59163922	0.69135210	12.33978320	-0.59183861
-0.21736700	12.91153919	-0.37019633	-0.21713155	12.91160496	-0.36986153
-0.11140562	12.86846880	-0.35466079	-0.11117101	12.86851952	-0.35437264
-0.23872255	12.85338275	-0.28378482	-0.23846395	12.85343826	-0.28345099
-0.13196623	12.80382730	-0.27062531	-0.13171175	12.80386871	-0.27033870
-0.01478388	12.73653116	-0.30639973	-0.01455799	12.73656195	-0.30617117
0.00819250	12.80291614	-0.40186885	0.00839344	12.80295944	-0.40163913
-0.27223779	12.76277281	-0.22114865	-0.27196740	12.76282301	-0.22081449
-0.15448906	12.69022536	-0.20859423	-0.15423026	12.69026111	-0.20831566
-0.02775345	12.60421248	-0.22984832	-0.02752527	12.60423489	-0.22963529
-0.55346135	12.91088323	-0.54143008	-0.55327350	12.91098867	-0.54098480
-0.58738452	12.90417547	-0.44968959	-0.58716754	12.90426898	-0.44923429
-0.48510403	12.92448370	-0.38844349	-0.48486946	12.92456922	-0.38801649
-0.45202972	12.93770296	-0.49400960	-0.45182883	12.93780190	-0.49359190
-0.60361405	12.83181123	-0.37078015	-0.60337512	12.83189534	-0.37032925
-0.51452543	12.82213233	-0.31233512	-0.51427109	12.82220845	-0.31191232
-0.33589022	12.93636697	-0.42625786	-0.33567024	12.93645081	-0.42587838
-0.36256502	12.90067654	-0.32768005	-0.36231497	12.90074855	-0.32729623
-0.39788190	12.80284525	-0.25922926	-0.39761652	12.80290902	-0.25884607
0.29317872	12.63955623	-0.65094093	0.29323867	12.63958594	-0.65086592
0.33484644	12.63626132	-0.67452914	0.33489604	12.63628544	-0.67447282
0.26728679	12.57221596	-0.50113427	0.26738978	12.57223116	-0.50105752
0.31362857	12.57129952	-0.51121205	0.31372721	12.57130707	-0.51115429
0.31779255	12.58927467	-0.49561212	0.31790093	12.58927963	-0.49555356
0.33586393	12.65054740	-0.66610613	0.33592002	12.65057045	-0.66604806
0.34296586	12.63307855	-0.68878990	0.34300982	12.63310303	-0.68873972
0.32013975	12.57510337	-0.51047720	0.32023714	12.57511099	-0.51042318
0.35234383	12.55543157	-0.55124837	0.35241914	12.55543749	-0.55121248
0.37217891	12.61460567	-0.73941478	0.37220212	12.61463709	-0.73938188
0.32750913	12.44044092	-0.39919164	0.32760760	12.44043748	-0.39916540
0.29533006	12.48722755	-0.37572177	0.29545639	12.48722474	-0.37567112
0.28968009	12.49130582	-0.37079555	0.28981325	12.49130047	-0.37073996
0.24222299	12.47701704	-0.35452814	0.24235847	12.47701958	-0.35445608
0.44531076	12.55411546	-0.61346026	0.44535807	12.55411596	-0.61346531
0.43824906	12.62228144	-0.81503544	0.43824504	12.62231681	-0.81502706
0.43394152	12.41196586	-0.44660406	0.43400823	12.41194213	-0.44662829
0.13831362	12.63994903	-0.40881436	0.13847253	12.63997283	-0.40866867
0.16436776	12.71064376	-0.53110129	0.16449345	12.71068043	-0.53095532
0.12000826	12.52254689	-0.29325561	0.12018579	12.52255633	-0.29312000
0.16496830	13.14495364	-0.39301576	0.16523903	13.14496222	-0.39278811
0.26111951	13.03030428	-0.12787661	0.26147848	13.03024828	-0.12771054
0.30050697	12.91620129	-0.08662450	0.30086213	12.91613175	-0.08649505
0.32948138	12.73624541	-0.09240207	0.32979683	12.73617421	-0.09231777
0.34929370	12.55698455	-0.12244172	0.34955442	12.55692046	-0.12239754
0.24116099	12.85895726	-0.81375277	0.24120235	12.85901323	-0.81361749
0.33981199	12.37475122	-0.18508540	0.33997785	12.37471995	-0.18506554
0.17728152	13.06154837	-0.58705235	0.17745815	13.06158763	-0.58684569
0.20262532	12.99182228	-0.68726050	0.20274499	12.99187221	-0.68707859
0.89345335	11.96028588	-0.57683585	0.89319424	11.96018145	-0.57728087
0.82745563	12.01983279	-0.45685375	0.82747623	12.01984132	-0.45686926
0.93324175	11.92361896	-0.71337826	0.93267049	11.92351118	-0.71404029
0.72409313	12.36510729	-1.30299429	0.72265777	12.36740339	-1.30410320
0.46087985	12.62004113	-1.16592725	0.46083351	12.62008239	-1.16589220
0.35339050	12.65804037	-1.05793013	0.35336811	12.65805986	-1.05788697
0.28732672	12.66192588	-0.95972012	0.28732000	12.66196083	-0.95965663
0.27301190	12.69217721	-0.89852994	0.27301168	12.69222040	-0.89844979
0.25640398	12.70366651	-0.88542355	0.25639453	12.70372337	-0.88532705
0.20810550	12.68963362	-0.86730912	0.20809753	12.68970356	-0.86719172
0.12005287	12.71146168	-0.75268191	0.12009194	12.71153795	-0.75252118
0.01227054	12.74468943	-0.62223630	0.01237242	12.74476566	-0.62202057
-0.19578550	12.78507614	-0.55651472	-0.19563313	12.78516599	-0.55620711
-0.29881893	12.82671349	-0.60648146	-0.29867113	12.82682016	-0.60613300
-0.48265887	12.88852750	-0.69317999	-0.48252186	12.88865370	-0.69276203
-0.56482751	12.89129686	-0.68163833	-0.56468377	12.89142074	-0.68119349
-0.71043583	12.85902726	-0.53956512	-0.71024341	12.85912810	-0.53907951
-0.18722332	12.52509167	-0.11330194	-0.18695827	12.52511807	-0.11303351
0.14239025	12.35518490	-0.13901735	0.14259635	12.35516420	-0.13891738
0.31033616	12.38340733	-0.22305690	0.31048926	12.38338862	-0.22302679
0.38366672	12.29367962	-0.19548554	0.38372753	12.29365355	-0.19550481
0.46956826	12.23718397	-0.23912752	0.46961087	12.23716527	-0.23914900
0.71436104	12.09203272	-0.37220583	0.71438205	12.09204630	-0.37223780
0.29633095	12.51440116	-0.36886117	0.29647037	12.51439472	-0.36880555
0.58492892	12.77745736	-0.54137097	0.58507032	12.77740232	-0.54138282
0.30624291	12.98931456	-0.52900847	0.30642859	12.98931840	-0.52886578
0.03555515	12.99477291	-0.26103909	0.03584783	12.99478472	-0.26078769
0.10403141	13.07735764	-0.30602144	0.10432236	13.07736314	-0.30578251
0.32108935	12.86816781	-0.29350724	0.32134898	12.86813088	-0.29339374
0.03212005	12.96775654	-0.41951896	0.03234528	12.96779650	-0.41927061
0.12566927	13.04545249	-0.41559204	0.12591149	13.04547339	-0.41536705
0.36731823	12.82387582	-0.69288719	0.36739884	12.82389410	-0.69280511
0.16042777	13.02843746	-0.17774607	0.16076280	13.02841143	-0.17753870
0.22077145	12.81569292	-0.79290779	0.22081470	12.81575178	-0.79277281
0.33086812	12.75835859	-0.53059580	0.33100396	12.75836112	-0.53050963
0.32893872	12.88746521	-0.84065172	0.32896942	12.88750868	-0.84054457
0.39542074	12.43563452	-0.24580535	0.39558613	12.43559063	-0.24580465
0.24724275	13.04675066	-0.44500880	0.24747462	13.04675195	-0.44483173
0.47687932	12.68512920	-0.66758985	0.47693706	12.68513087	-0.66757984
0.69845683	12.74975304	-0.77286142	0.69849887	12.74973771	-0.77291716
0.32981852	12.93921508	-0.19910179	0.33013246	12.93915753	-0.19897931
-0.42550231	12.91028273	-0.24238543	-0.42522154	12.91034701	-0.24197865
0.15609809	13.08110627	-0.24691216	0.15641476	13.08109197	-0.24669352
0.32480045	12.94681993	-0.68679845	0.32490951	12.94684561	-0.68667381
-0.51258530	12.90998926	-0.28263832	-0.51231752	12.91006224	-0.28220456
0.23103210	13.03126296	-0.32681199	0.23130856	13.03124795	-0.32663177
0.29150561	12.45912815	-0.20108326	0.29169913	12.45909865	-0.20103040
0.12182249	13.09873476	-0.36803825	0.12209324	13.09874764	-0.36780238
0.21255419	13.07743442	-0.48707827	0.21277471	13.07744980	-0.48688196
0.25636611	12.61231384	-0.24462748	0.25658614	12.61228944	-0.24453391
0.16976162	12.93766655	-0.50725198	0.16994574	12.93769477	-0.50706500
0.27802815	12.89173577	-0.83049876	0.27806611	12.89178670	-0.83037116
0.28473153	12.84097998	-0.83388305	0.28476154	12.84102771	-0.83377028
0.23319747	13.02218165	-0.54303185	0.23338408	13.02220223	-0.54285406
0.37847262	12.79869777	-0.19747857	0.37875919	12.79863016	-0.19740382
0.49913310	12.59180569	-0.43333877	0.49927093	12.59175653	-0.43335867
0.30563279	12.76128086	-0.88680663	0.30564199	12.76131907	-0.88672415
0.16279880	12.96521473	-0.64238096	0.16293238	12.96526609	-0.64218796
0.39229984	12.37550854	-0.22270796	0.39244565	12.37546593	-0.22271340
0.35928629	12.48352718	-0.31266873	0.35944123	12.48349902	-0.31264633
0.19748054	12.86799735	-0.18570796	0.19778221	12.86796734	-0.18554335
0.38956341	12.73055858	-0.90944848	0.38956639	12.73058192	-0.90940710
0.29732995	12.79362597	-0.84812844	0.29734869	12.79367085	-0.84803372
0.14838959	13.11356069	-0.27911317	0.14869906	13.11355284	-0.27888543
0.41656543	12.60616200	-0.24752889	0.41678444	12.60610176	-0.24750794
0.21609749	12.86069320	-0.76948614	0.21615802	12.86075031	-0.76933882
0.42789392	12.71386876	-0.82670736	0.42790034	12.71390561	-0.82667593
0.82722048	12.74583709	-0.86865787	0.82723652	12.74583864	-0.86876358
0.56568811	12.79248410	-0.92684701	0.56566698	12.79254118	-0.92683065
0.34314488	12.68554499	-0.19873726	0.34340257	12.68549092	-0.19866823
0.25336997	12.76246045	-0.18076123	0.25365187	12.76242105	-0.18063855
