0.86889419	12.72513114	-0.42717194	0.87063554	12.72398442	-0.42788422
0.84456576	12.86409430	-0.45532247	0.84675061	12.86301067	-0.45601806
0.91558440	12.82135609	-0.55516205	0.91731500	12.82010373	-0.55599071
0.94326263	12.68751202	-0.54117620	0.94457212	12.68620126	-0.54203226
0.80355992	12.95658208	-0.51454604	0.80591661	12.95563800	-0.51516598
0.87883639	12.90859813	-0.59715290	0.88075570	12.90745069	-0.59791582
0.92480146	12.86474160	-0.65832370	0.92641031	12.86348361	-0.65915416
0.96095796	12.79388223	-0.65340823	0.96234621	12.79252822	-0.65429714
0.99117113	12.66424955	-0.65503085	0.99217915	12.66283974	-0.65595683
0.71909750	12.76277433	-1.16620100	0.71939423	12.76231441	-1.16647344
0.84087039	12.70884800	-1.14695842	0.84109740	12.70803596	-1.14746068
0.81262308	12.81552731	-1.07746374	0.81319779	12.81474549	-1.07792261
0.69062474	12.86473915	-1.09138738	0.69123969	12.86426661	-1.09159270
0.94241304	12.67190626	-1.08636954	0.94265806	12.67077019	-1.08707590
0.91277700	12.78353222	-1.02712456	0.91338886	12.78246050	-1.02779336
0.87561913	12.85260757	-0.97587166	0.87648470	12.85160730	-0.97649188
0.79721625	12.89527244	-0.98945056	0.79813543	12.89445768	-0.98991490
0.67578059	12.94413257	-0.99208692	0.67677661	12.94362042	-0.99230542
0.62763969	12.82871316	-0.20844668	0.63055622	12.82823241	-0.20860811
0.61413628	12.96673137	-0.25528672	0.61752205	12.96632370	-0.25541917
0.74095273	12.91510998	-0.35235765	0.74371399	12.91430219	-0.35282761
0.75769106	12.77486618	-0.31242532	0.75998859	12.77399683	-0.31290464
0.58406189	13.05480606	-0.33864322	0.58754360	13.05453556	-0.33870669
0.70575177	13.00729229	-0.42707154	0.70864994	13.00663362	-0.42746894
0.47235572	12.88266215	-1.05950243	0.47300259	12.88272288	-1.05924464
0.59663448	12.82617213	-1.13543930	0.59706037	12.82598560	-1.13544443
0.56903052	12.91847411	-1.06229219	0.56979099	12.91828677	-1.06225783
0.44793701	12.96570458	-0.98401400	0.44900140	12.96582213	-0.98371020
0.55325533	12.99308611	-0.96025219	0.55445760	12.99290725	-0.96020991
0.43210514	13.03591062	-0.88053122	0.43366384	13.03610325	-0.88018898
0.04332919	13.01129168	-0.03472045	0.04843552	13.01344318	-0.03256311
-0.08302361	13.03175500	-0.04650893	-0.07770542	13.03467323	-0.04365468
-0.08245789	13.10646167	-0.09131994	-0.07685261	13.10943079	-0.08841203
0.04113284	13.10001731	-0.07677980	0.04660273	13.10223887	-0.07455495
-0.20180776	13.04343898	-0.07203819	-0.19642309	13.04718483	-0.06844869
-0.20110147	13.10634907	-0.11850885	-0.19553362	13.11015337	-0.11485671
-0.20329597	13.14990374	-0.18238893	-0.19775553	13.15380530	-0.17867936
-0.08540850	13.15515743	-0.15633836	-0.07982649	13.15820658	-0.15338848
0.03578323	13.15587082	-0.14159911	0.04128174	13.15818978	-0.13933714
0.05360689	13.00088303	-0.56386523	0.05608665	13.00310203	-0.56192180
0.04391163	13.06410983	-0.53677170	0.04685403	13.06639095	-0.53476181
-0.03589500	13.07383562	-0.51871843	-0.03279761	13.07669814	-0.51621152
-0.02718567	13.01665444	-0.53644373	-0.02454150	13.01945400	-0.53402198
0.03158145	13.11936759	-0.48710425	0.03511293	13.12174800	-0.48499688
-0.05093126	13.12132281	-0.48036883	-0.04730878	13.12428100	-0.47773664
-0.14535511	13.12474555	-0.48727332	-0.14172176	13.12846873	-0.48402512
-0.12979869	13.08224564	-0.52618543	-0.12671700	13.08585591	-0.52307067
-0.12146666	13.03019277	-0.54599203	-0.11888358	13.03375308	-0.54296432
0.98593660	12.27618141	-0.68103999	0.98577077	12.27487654	-0.68191710
0.95911669	12.05847317	-0.69585125	0.95834042	12.05729108	-0.69659879
0.91108236	12.08813815	-0.55924601	0.91078079	12.08726880	-0.55986811
0.93056905	12.29285883	-0.54471071	0.93072633	12.29178169	-0.54546287
0.83675999	12.14165650	-0.43594574	0.83682071	12.14116842	-0.43637383
0.84791168	12.32024241	-0.41773421	0.84833612	12.31941051	-0.41832660
0.97263337	12.36850626	-1.14944536	0.97193493	12.36723137	-1.15023063
0.87892293	12.43224623	-1.21659657	0.87835542	12.43129399	-1.21720380
0.86885728	12.27286929	-1.24199883	0.86772022	12.27193590	-1.24263211
0.95910300	12.17734648	-1.16511299	0.95776850	12.17609325	-1.16589657
0.75502823	12.51309201	-1.24293698	0.75480809	12.51262399	-1.24330768
0.74617743	12.39294453	-1.27501748	0.74543040	12.39248489	-1.27542428
0.85311398	12.16852892	-1.24991039	0.85162033	12.16763788	-1.25053534
0.93619154	12.04328553	-1.16295288	0.93444220	12.04209179	-1.16369272
0.99803447	12.48431111	-0.66658550	0.99848490	12.48291419	-0.66750756
0.94439153	12.50153157	-0.53934218	0.94512787	12.50028561	-0.54018234
0.86370302	12.53142655	-0.41572217	0.86476531	12.53035825	-0.41640496
0.86665757	12.57979729	-1.18901409	0.86656002	12.57894520	-1.18956726
0.96502573	12.53352601	-1.12532130	0.96484174	12.53230737	-1.12607812
0.74236690	12.64128544	-1.21177837	0.74238418	12.64084731	-1.21212736
0.61023667	12.41532481	-0.22738622	0.61118378	12.41492556	-0.22754776
0.62208574	12.62935895	-0.20399114	0.62410095	12.62889204	-0.20413632
0.74927679	12.57656015	-0.30174832	0.75075156	12.57576679	-0.30218265
0.73460695	12.36439178	-0.31240186	0.73528853	12.36379283	-0.31276922
0.46922736	12.70602645	-1.14943567	0.46932692	12.70610728	-1.14935498
0.61168040	12.61484302	-1.22011887	0.61167189	12.61479192	-1.22020575
0.60950968	12.71843284	-1.18617399	0.60964734	12.71829087	-1.18624619
0.47615153	12.78970262	-1.11428304	0.47648941	12.78975537	-1.11410527
0.58716528	12.17410440	-0.30209499	0.58722108	12.17404348	-0.30211988
0.60135656	12.27740382	-0.26414686	0.60172965	12.27711927	-0.26428982
0.72595440	12.21199787	-0.34066486	0.72619024	12.21161329	-0.34092697
0.59797613	12.48745505	-1.25186855	0.59770654	12.48748597	-1.25186183
0.60530476	12.53437138	-1.24359531	0.60516224	12.53434966	-1.24359973
0.46245800	12.65033362	-1.16572995	0.46246201	12.65042625	-1.16569135
0.03145895	12.73317070	-0.03951240	0.03484472	12.73535122	-0.03754941
-0.11114201	12.81115757	-0.03521894	-0.10719504	12.81418603	-0.03245239
-0.09142075	12.93330179	-0.03040379	-0.08665492	12.93623808	-0.02760355
0.04267218	12.88705849	-0.02574241	0.04704366	12.88917948	-0.02368225
-0.24280370	12.87317411	-0.04763349	-0.23843391	12.87711620	-0.04403811
-0.21680541	12.96705244	-0.04976796	-0.21181511	12.97084903	-0.04618023
0.04095840	12.87215979	-0.59407649	0.04267921	12.87445164	-0.59212235
0.05083904	12.93691255	-0.58126749	0.05289843	12.93914873	-0.57934003
-0.02919078	12.95504452	-0.54702437	-0.02695687	12.95786923	-0.54462693
-0.04272806	12.89187399	-0.55140319	-0.04091522	12.89482373	-0.54896621
-0.12414067	12.97343573	-0.55559172	-0.12200823	12.97704480	-0.55258669
-0.13917236	12.91442256	-0.55533462	-0.13745009	12.91817804	-0.55230516
-0.01975757	12.44136315	-0.09727558	-0.01826782	12.44390805	-0.09533854
-0.14440101	12.66660276	-0.05583839	-0.14147633	12.66986643	-0.05310353
0.00404830	12.56464907	-0.06553188	0.00633852	12.56702048	-0.06359569
-0.29873106	12.67243313	-0.08432328	-0.29595868	12.67680894	-0.08075574
-0.27645614	12.75788081	-0.06193561	-0.27297106	12.76206034	-0.05834514
0.02674492	12.80706290	-0.60577738	0.02809704	12.80945410	-0.60377272
-0.06752046	12.82857076	-0.54842271	-0.06611954	12.83175679	-0.54590168
-0.08757180	12.80386059	-0.52783140	-0.08630468	12.80722898	-0.52523967
-0.16893482	12.85538851	-0.54300950	-0.16762064	12.85942492	-0.53986602
-0.32586420	13.05247960	-0.10934350	-0.32051132	13.05717033	-0.10493549
-0.31709752	13.10424380	-0.15357162	-0.31162089	13.10896622	-0.14913803
-0.43862622	13.05783806	-0.15343941	-0.43336776	13.06346138	-0.14819434
-0.41882383	13.09926488	-0.19438902	-0.41351921	13.10483095	-0.18921373
-0.39800226	13.13299670	-0.24517645	-0.39276870	13.13848825	-0.24009543
-0.30853516	13.14286887	-0.21227738	-0.30312243	13.14761004	-0.20786745
-0.23563807	13.09353516	-0.53387387	-0.23255547	13.09806900	-0.52999233
-0.22864204	13.04794498	-0.56149455	-0.22610807	13.05245377	-0.55770264
-0.24817141	13.13043372	-0.49044342	-0.24450793	13.13502710	-0.48644170
-0.34340383	13.13517107	-0.48698354	-0.33967484	13.14063901	-0.48222110
-0.33588925	13.10538147	-0.53417012	-0.33272622	13.11086851	-0.52949235
-0.33490914	13.06790770	-0.57033702	-0.33236607	13.07344030	-0.56570253
-0.23700931	13.00072463	-0.57845927	-0.23498098	13.00533492	-0.57465528
-0.34970164	13.03213214	-0.59537191	-0.34766776	13.03786533	-0.59065965
-0.37209201	12.99860860	-0.60844974	-0.37054742	13.00460094	-0.60356834
-0.25646518	12.95389680	-0.58326290	-0.25490560	12.95871417	-0.57936706
-0.48935016	12.95427727	-0.11344992	-0.48465142	12.96021203	-0.10804319
-0.52151174	12.83518139	-0.12347438	-0.51781902	12.84140549	-0.11812312
-0.59884181	12.88252923	-0.17085124	-0.59510148	12.88954046	-0.16479790
-0.57124572	12.97641964	-0.16596470	-0.56669389	12.98319282	-0.15987946
-0.54100277	12.73293944	-0.14549671	-0.53827099	12.73939600	-0.14024752
-0.61516387	12.80182660	-0.18714970	-0.61220531	12.80902104	-0.18118043
-0.66321950	12.88107874	-0.24760691	-0.66005805	12.88888818	-0.24106099
-0.65130275	12.93210921	-0.23872088	-0.64763785	12.93978991	-0.23212342
-0.62907931	12.99356490	-0.23756121	-0.62487066	13.00105733	-0.23096795
-0.42858925	12.70969058	-0.10836185	-0.42574724	12.71511279	-0.10393122
-0.40717251	12.80364643	-0.08579918	-0.40347967	12.80885551	-0.08130727
-0.37359243	12.92053546	-0.07411707	-0.36896054	12.92548608	-0.06960333
-0.46441469	13.03576876	-0.60285786	-0.46254557	13.04287802	-0.59710341
-0.47673854	13.00966054	-0.60829464	-0.47524401	13.01689968	-0.60230298
-0.38973675	12.96813191	-0.60982265	-0.38852461	12.97433272	-0.60481790
-0.54920379	13.04885449	-0.57728182	-0.54704888	13.05679363	-0.57099188
-0.55695235	13.02311199	-0.59216987	-0.55515400	13.03114072	-0.58585564
-0.40156382	12.95267053	-0.59893659	-0.40040507	12.95897710	-0.59386163
-0.28113989	12.90874145	-0.57506814	-0.27991538	12.91379889	-0.57104772
0.90844429	12.87468541	-0.90821154	0.90951802	12.87356727	-0.90892795
0.81028383	12.94394761	-0.89215633	0.81156065	12.94306842	-0.89269743
0.92761225	12.88804090	-0.82017408	0.92893377	12.88683304	-0.82095631
0.83494700	12.96272729	-0.78866770	0.83652835	12.96174867	-0.78930373
0.72789068	13.02128499	-0.74482499	0.72980999	13.02060463	-0.74524590
0.69312751	12.99822272	-0.87282967	0.69459105	12.99764672	-0.87314270
0.93057699	12.88363221	-0.72875733	0.93207181	12.88237942	-0.72957978
0.85498108	12.95309197	-0.68282817	0.85682072	12.95203470	-0.68352660
0.76429275	13.00809862	-0.61874679	0.76650653	13.00729633	-0.61926884
1.00331300	12.65901739	-0.99316634	1.00366750	12.65765585	-0.99401693
0.96921878	12.78140640	-0.94750260	0.96996972	12.78013399	-0.94830638
1.02826753	12.65836208	-0.88271452	1.02880293	12.65690146	-0.88364461
0.99129884	12.78968508	-0.85156956	0.99226548	12.78831578	-0.85245246
1.02194573	12.65707262	-0.76969626	1.02270141	12.65560092	-0.77064968
0.98761971	12.78886487	-0.75244800	0.98879340	12.78747507	-0.75335264
0.57581811	13.04692785	-0.82457192	0.57757595	13.04668712	-0.82462059
0.61844127	13.07151548	-0.67711517	0.62072980	13.07116839	-0.67729677
0.50001558	13.11454096	-0.59014498	0.50281645	13.11462193	-0.58997963
0.45584030	13.08926313	-0.74096844	0.45802482	13.08946339	-0.74068791
0.66330393	13.05885347	-0.54029558	0.66600609	13.05836523	-0.54059207
0.54433848	13.10358664	-0.45333278	0.54759888	13.10349748	-0.45328698
-0.34530711	13.14995364	-0.42849842	-0.34108462	13.15533221	-0.42372735
-0.43116591	13.14397213	-0.43061391	-0.42697928	13.15020670	-0.42514673
-0.41599448	13.13335856	-0.47516086	-0.41218577	13.13953879	-0.46982040
-0.35129549	13.15376311	-0.36483089	-0.34662147	13.15908268	-0.36003268
-0.44924927	13.14515370	-0.38419369	-0.44474370	13.15144350	-0.37860218
-0.53889049	13.13160383	-0.40335806	-0.53462961	13.13878788	-0.39704182
-0.50406465	13.13196750	-0.43971398	-0.50004183	13.13893013	-0.43365895
-0.46873846	13.12818372	-0.47011603	-0.46495019	13.13488525	-0.46434207
-0.37245585	13.14962072	-0.30293116	-0.36745828	13.15500667	-0.29800614
-0.45904932	13.13864487	-0.33245183	-0.45426494	13.14489001	-0.32682422
-0.47121475	13.12227470	-0.28142247	-0.46625032	13.12850471	-0.27574800
-0.52092654	13.11236065	-0.30815922	-0.51618549	13.11908589	-0.30208507
-0.53674256	13.12309073	-0.35405632	-0.53223338	13.13010362	-0.34780753
0.02431530	13.15905762	-0.40306744	0.02852193	13.16151470	-0.40086829
-0.06739995	13.15432601	-0.40717026	-0.06315242	13.15738118	-0.40440650
0.02283836	13.18036429	-0.30615495	0.02766033	13.18283269	-0.30388635
-0.08068478	13.17212571	-0.31854459	-0.07585456	13.17524003	-0.31566985
-0.18326124	13.16556566	-0.33898344	-0.17847573	13.16947343	-0.33542345
-0.16451890	13.15214914	-0.42020365	-0.16028923	13.15598709	-0.41679447
0.02811204	13.18101667	-0.21858236	0.03337576	13.18342933	-0.21630447
-0.08579227	13.17477619	-0.23346063	-0.08049398	13.17788546	-0.23051951
-0.19702888	13.16744953	-0.25766450	-0.19178650	13.17139323	-0.25399418
0.97339780	11.96295262	-1.06706170	0.97155637	11.96162985	-1.06783321
1.00005622	12.10715885	-1.06572118	0.99866679	12.10576356	-1.06657191
0.97656245	11.91788001	-0.96138138	0.97477949	11.91655768	-0.96212347
1.00669248	12.06362739	-0.95155539	1.00537260	12.06221558	-0.95241036
1.03219206	12.28069204	-0.93649589	1.03155321	12.27921056	-0.93741864
1.02006344	12.31593084	-1.05195837	1.01934576	12.31449656	-1.05284229
0.95980256	11.90189618	-0.84163894	0.95822042	11.90065635	-0.84230893
0.99191970	12.04885761	-0.82770956	0.99079666	12.04751474	-0.82852417
1.02033127	12.26982212	-0.81221482	1.01988442	12.26838265	-0.81313829
1.02104094	12.50196076	-1.02738211	1.02090582	12.50054217	-1.02826199
1.04107512	12.48354572	-0.91302457	1.04107607	12.48205309	-0.91397286
1.03190155	12.47796005	-0.79196819	1.03210365	12.47647746	-0.79293230
-0.63007991	13.04553411	-0.51820866	-0.62752514	13.05396329	-0.51135586
-0.64105419	13.01747636	-0.53187753	-0.63885669	13.02604412	-0.52502617
-0.68069972	13.03323628	-0.43419546	-0.67763627	13.04185940	-0.42702151
-0.69542514	12.99866289	-0.44200471	-0.69274282	13.00744860	-0.43481985
-0.64533631	12.99436928	-0.53511584	-0.64337272	13.00297853	-0.52830386
-0.67317641	13.01423722	-0.33380785	-0.66950290	13.02244447	-0.32677774
-0.69113274	12.97052446	-0.33669375	-0.68787830	12.97890277	-0.32964683
-0.69771542	12.93538328	-0.34097897	-0.69481689	12.94383770	-0.33398738
-0.25673746	13.15155014	-0.42634068	-0.25249809	13.15614219	-0.42226741
-0.26869640	13.16045064	-0.35258602	-0.26397995	13.16506236	-0.34843098
-0.28885968	13.15937212	-0.27978671	-0.28370487	13.16404423	-0.27548517
-0.54698388	13.02750630	-0.17752172	-0.54208035	13.03411073	-0.17148429
-0.46148533	13.01892848	-0.12509797	-0.45634150	13.02466674	-0.11975900
-0.60827304	13.03274110	-0.24592036	-0.60378247	13.04007700	-0.23937971
-0.58380467	13.06134543	-0.26317273	-0.57919144	13.06851549	-0.25674301
-0.52315373	13.05898819	-0.20233207	-0.51816455	13.06546448	-0.19639495
-0.34538460	12.99754926	-0.08255996	-0.34025648	13.00233045	-0.07810308
-0.44513740	13.06113794	-0.58687071	-0.44283804	13.06795155	-0.58129278
-0.42639427	13.08713014	-0.56018467	-0.42361236	13.09364560	-0.55476812
-0.51056158	13.09807402	-0.53302400	-0.50757065	13.10546916	-0.52690145
-0.53303619	13.07464441	-0.55825026	-0.53049184	13.08237269	-0.55199350
-0.63242031	13.08536636	-0.42256559	-0.62877778	13.09350056	-0.41561074
-0.66013921	13.06079383	-0.42835596	-0.65677215	13.06920428	-0.42125901
-0.61220243	13.07138234	-0.50459988	-0.60929882	13.07960723	-0.49780608
-0.58649765	13.09454630	-0.48697100	-0.58323476	13.10247636	-0.48030789
-0.59616964	13.11034888	-0.41523409	-0.59222989	13.11812671	-0.40849527
-0.55321599	13.11513789	-0.46182733	-0.54954419	13.12266895	-0.45538864
-0.48462597	13.11583483	-0.49653812	-0.48114565	13.12279225	-0.49064797
-0.65261410	13.04587963	-0.33570969	-0.64866461	13.05390735	-0.32874821
-0.62595553	13.07208320	-0.34204771	-0.62181452	13.07988840	-0.33521500
-0.55063805	13.09086807	-0.28888106	-0.54594817	13.09780969	-0.28263040
-0.58985170	13.09946086	-0.35284171	-0.58554307	13.10697067	-0.34622449
-0.49531442	13.09308389	-0.23754254	-0.49029519	13.09941314	-0.23174296
-0.41572006	13.11281879	-0.52076792	-0.41240893	13.11911402	-0.51543793
0.23602515	13.13325413	-0.16567892	0.24101304	13.13447581	-0.16444333
0.20428372	13.17436090	-0.24916648	0.20914457	13.17576975	-0.24780872
0.22961337	13.16070463	-0.26585494	0.23427949	13.16197672	-0.26462521
0.26559439	13.11815061	-0.17933746	0.27038527	13.11921532	-0.17824153
0.17867884	13.18352469	-0.34316438	0.18315908	13.18508585	-0.34171880
0.20236961	13.17055704	-0.36218295	0.20665206	13.17197774	-0.36086731
0.23272678	13.15161257	-0.27627081	0.23727763	13.15286735	-0.27506055
0.26884835	13.10957930	-0.18607202	0.27354768	13.11062618	-0.18499374
0.23952568	13.15901415	-0.27767834	0.24409220	13.16023952	-0.27649583
0.27470073	13.11579211	-0.18118527	0.27943784	13.11681444	-0.18012715
0.21483824	13.16791774	-0.38038786	0.21899485	13.16927363	-0.37913863
0.25701120	13.17147718	-0.40901326	0.26101843	13.17262771	-0.40795920
0.28411757	13.16201034	-0.29842424	0.28854327	13.16302383	-0.29744557
0.31934852	13.11696379	-0.19448259	0.32398836	13.11778400	-0.19360925
0.30497628	12.94120857	-0.05081222	0.30932643	12.94201198	-0.04988256
0.27365293	13.06023116	-0.09348170	0.27851707	13.06123217	-0.09239852
0.30769496	13.04566093	-0.10696810	0.31238204	13.04649760	-0.10603178
0.34228535	12.92606011	-0.06616609	0.34645029	12.92668536	-0.06540034
0.31743579	13.04322366	-0.10799934	0.32208256	13.04401661	-0.10710183
0.35291566	12.92371907	-0.07007774	0.35703470	12.92429999	-0.06935069
0.36132071	13.03945803	-0.11784776	0.36585826	13.04003909	-0.11713403
0.39526103	12.91396940	-0.07802605	0.39925855	12.91436022	-0.07745187
0.40920359	12.72387583	-0.08449842	0.41217802	12.72417367	-0.08403274
0.37065681	12.73927622	-0.07834930	0.37376285	12.73973987	-0.07775043
0.41406525	12.52796631	-0.11752596	0.41590808	12.52820876	-0.11717606
0.37842533	12.55374852	-0.11135308	0.38043842	12.55415464	-0.11088260
0.35981160	12.74190473	-0.07316837	0.36296183	12.74241281	-0.07253431
0.36676483	12.55701856	-0.10600357	0.36882280	12.55747389	-0.10549632
0.32304285	12.57283127	-0.08591542	0.32527427	12.57348912	-0.08524507
0.32012338	12.76122458	-0.05514499	0.32347405	12.76192118	-0.05435433
0.27140691	12.79050599	-0.91011190	0.27207181	12.79119295	-0.90936662
0.26425304	12.86160717	-0.88398746	0.26522283	12.86236812	-0.88316954
0.24665377	12.86914833	-0.82354209	0.24779013	12.87005536	-0.82262365
0.25466148	12.80758404	-0.84822198	0.25551329	12.80842849	-0.84735892
0.25272729	12.93488501	-0.83226389	0.25408649	12.93574877	-0.83136898
0.23476429	12.93496745	-0.77519884	0.23629854	12.93597279	-0.77420526
0.24165621	12.93059956	-0.75744037	0.24322636	12.93160141	-0.75645697
0.25611204	12.81387026	-0.82706715	0.25702826	12.81474533	-0.82618115
0.23052517	12.87112411	-0.80769024	0.23169739	12.87215848	-0.80666743
0.23259284	12.81339836	-0.83115579	0.23348023	12.81439979	-0.83014836
0.22390352	12.93560381	-0.76444151	0.22546694	12.93669851	-0.76337837
0.18428673	12.95041596	-0.74747488	0.18595980	12.95173398	-0.74623350
0.18792905	12.88233988	-0.78690711	0.18920174	12.88359937	-0.78570130
0.18671922	12.81868101	-0.80836382	0.18768014	12.81993765	-0.80715967
0.27358703	12.72043081	-0.93653338	0.27395730	12.72112966	-0.93587885
0.25960389	12.74588379	-0.87334892	0.26017030	12.74668250	-0.87253674
0.26211950	12.76184763	-0.85038689	0.26277939	12.76267146	-0.84953957
0.27835588	12.72422076	-0.86489084	0.27885037	12.72494597	-0.86413792
0.23845800	12.75508576	-0.85880350	0.23904266	12.75603391	-0.85783735
0.18953017	12.75066038	-0.83828370	0.19012825	12.75188571	-0.83708086
0.28997212	12.33513099	-0.15648302	0.29067321	12.33595827	-0.15590961
0.31478714	12.42998037	-0.12219833	0.31615876	12.43064505	-0.12164304
0.36138182	12.42585420	-0.14038631	0.36263910	12.42626708	-0.13999446
0.34147507	12.35739696	-0.17353894	0.34224263	12.35789774	-0.17316554
0.36573748	12.43840127	-0.14761574	0.36703010	12.43880437	-0.14722437
0.37427277	12.41823753	-0.14593837	0.37545386	12.41858426	-0.14558921
0.35517755	12.35070721	-0.18110812	0.35588060	12.35107199	-0.18085493
0.40895872	12.38299091	-0.15594706	0.40990237	12.38314074	-0.15573051
0.15981038	13.15983112	-0.44834650	0.16366317	13.16149201	-0.44685888
0.18765147	13.14449993	-0.46457738	0.19132397	13.14599570	-0.46323312
0.15376700	13.10748248	-0.55766024	0.15684059	13.10912654	-0.55619758
0.18737280	13.08972862	-0.57076880	0.19028806	13.09117203	-0.56947178
0.19841984	13.13241030	-0.47221189	0.20198327	13.13384176	-0.47092347
0.20446173	13.13845339	-0.47269879	0.20804484	13.13985431	-0.47143869
0.20612150	13.08172556	-0.56827950	0.20899727	13.08306410	-0.56707391
0.23050025	13.08544268	-0.60925695	0.23321454	13.08663490	-0.60817089
0.23777528	13.14221437	-0.50757793	0.24118068	13.14343788	-0.50648668
0.23824206	13.01311695	-0.72930001	0.24021921	13.01416249	-0.72829680
0.21849712	13.00993076	-0.67970970	0.22064022	13.01111337	-0.67859991
0.20429049	13.01402112	-0.67824017	0.20645934	13.01528495	-0.67705959
0.16716775	13.03133356	-0.66457480	0.16946208	13.03280943	-0.66322363
0.43865224	13.09371748	-0.25455936	0.44277091	13.09400951	-0.25415615
0.47344006	13.01097969	-0.17235515	0.47746042	13.01109246	-0.17205486
0.49675089	12.87859760	-0.12765010	0.50027250	12.87857858	-0.12742555
0.32619571	12.99700053	-0.85264255	0.32770995	12.99755681	-0.85199912
0.34514473	12.91735365	-0.94313255	0.34616515	12.91777178	-0.94256468
0.31483717	13.06794445	-0.73938223	0.31698264	13.06863316	-0.73868177
0.18913665	12.97502113	-0.03847968	0.19385006	12.97639334	-0.03703571
0.17227995	13.08121833	-0.08074769	0.17744927	13.08272015	-0.07919403
0.15112476	13.14720429	-0.14887070	0.15638107	13.14887100	-0.14721220
0.11253473	13.04920379	-0.60125803	0.11514406	13.05103516	-0.59961929
0.10046972	13.11625858	-0.52110366	0.10377097	13.11821669	-0.51936167
0.12578652	12.97558273	-0.65772204	0.12784816	12.97729669	-0.65618666
0.50068671	12.68276725	-0.12917526	0.50324396	12.68269591	-0.12900468
0.49764062	12.47353078	-0.15911805	0.49905466	12.47343663	-0.15899733
0.35057152	12.83569378	-0.99752962	0.35119454	12.83604715	-0.99704837
0.34914926	12.76076675	-1.02788875	0.34950418	12.76114857	-1.02749204
0.48985767	12.33622240	-0.19906310	0.49043820	12.33611745	-0.19905186
0.34586277	12.70087140	-1.04810080	0.34597150	12.70126909	-1.04780406
0.17697172	12.48523547	-0.09175765	0.17876286	12.48665814	-0.09061189
0.19365503	12.64020860	-0.06055158	0.19639163	12.64152254	-0.05935578
0.11599781	12.77442427	-0.72866696	0.11696626	12.77613630	-0.72711769
0.12002883	12.84313771	-0.70475108	0.12135495	12.84484791	-0.70321394
0.19733850	12.81929455	-0.03686931	0.20117317	12.82058701	-0.03555203
0.12540801	12.90869053	-0.68644256	0.12705276	12.91039708	-0.68491066
0.36531515	13.15058544	-0.49055962	0.36874855	13.15122062	-0.48996142
0.33192991	13.12287783	-0.61686555	0.33474018	13.12359339	-0.61619001
0.40172624	13.14057747	-0.36521288	0.40562383	13.14106264	-0.36469608
0.11402498	13.18560434	-0.31931318	0.11870609	13.18753560	-0.31753239
0.10270027	13.16293354	-0.42171343	0.10676051	13.16492895	-0.41991617
0.13100979	13.18089046	-0.22834903	0.13610178	13.18269750	-0.22661046
0.87550389	11.95884848	-0.58812431	0.87481349	11.95808288	-0.58843166
0.81676000	12.01719950	-0.47386000	0.81676000	12.01719950	-0.47386000
0.91134305	11.92840053	-0.71915538	0.91015484	11.92735330	-0.71966349
0.90032789	11.99503383	-0.72416536	0.89930811	11.99400004	-0.72469466
0.86828637	12.04329818	-0.63685323	0.86765280	12.04242485	-0.63730578
0.80379344	12.10894827	-0.53294873	0.80356065	12.10839529	-0.53333327
0.94159204	11.91973366	-0.84480106	0.94005718	11.91854360	-0.84543488
0.95908116	11.93523468	-0.95701581	0.95736040	11.93396537	-0.95772945
0.93059403	12.05398662	-0.94007657	0.92926876	12.05280275	-0.94078205
0.91770934	12.02393550	-0.82160623	0.91653408	12.02280130	-0.82222657
0.95769974	11.97768050	-1.05048606	0.95593502	11.97640889	-1.05123270
0.92365125	12.05360495	-1.13700730	0.92197711	12.05244907	-1.13772829
0.90275309	12.11693118	-1.11424855	0.90131483	12.11584485	-1.11494178
0.92715952	12.08918799	-1.03802972	0.92576598	12.08801663	-1.03875087
0.84508005	12.17453409	-1.22689779	0.84364163	12.17366683	-1.22751143
0.73282521	12.32971405	-1.27551717	0.73183236	12.32929734	-1.27594216
0.73882689	12.35731817	-1.20362255	0.73804269	12.35683952	-1.20403727
0.84563597	12.22021770	-1.16412508	0.84444364	12.21933499	-1.16473458
0.59853310	12.48350230	-1.23773527	0.59827279	12.48353029	-1.23772760
0.47056668	12.61463810	-1.15218805	0.47053102	12.61471887	-1.15215327
0.49420000	12.61570000	-1.07906000	0.49420000	12.61570000	-1.07906000
0.61447000	12.50220000	-1.16283000	0.61447000	12.50220000	-1.16283000
0.38248629	12.64956193	-1.04809092	0.38246588	12.64978222	-1.04795873
0.33228734	12.65232019	-0.95298970	0.33236265	12.65277370	-0.95266520
0.37140000	12.64100070	-0.89641000	0.37140000	12.64100070	-0.89641000
0.41679000	12.64250090	-0.98287004	0.41679000	12.64250090	-0.98287004
0.31645654	12.68470279	-0.89114132	0.31679332	12.68521571	-0.89062633
0.31339906	12.71260259	-0.86261529	0.31387247	12.71314598	-0.86202264
0.34225744	12.70004748	-0.80627417	0.34280515	12.70053893	-0.80576302
0.35081953	12.67336705	-0.83563222	0.35125608	12.67371677	-0.83524508
0.30322503	12.70041705	-0.86559892	0.30360753	12.70101080	-0.86492977
0.26005628	12.69390617	-0.83336004	0.26047567	12.69480233	-0.83245926
0.30249303	12.68950724	-0.76576306	0.30310574	12.69025908	-0.76502598
0.34028342	12.68879991	-0.80451686	0.34076698	12.68930697	-0.80396943
0.15794680	12.73667023	-0.69888863	0.15884869	12.73819729	-0.69750793
0.03030496	12.80136075	-0.55025958	0.03176608	12.80379312	-0.54826828
0.04101593	12.83734384	-0.47361459	0.04299261	12.83967671	-0.47167221
0.18492466	12.75095776	-0.62473729	0.18610189	12.75241421	-0.62346381
-0.08344680	12.85463944	-0.47955284	-0.08159059	12.85789596	-0.47695945
-0.19026336	12.89748802	-0.47331477	-0.18821929	12.90157168	-0.47001281
-0.18214579	12.96349830	-0.41068050	-0.17925250	12.96742975	-0.40734999
-0.07527049	12.91162467	-0.40787547	-0.07265022	12.91473936	-0.40526349
-0.30112858	12.93389909	-0.52050815	-0.29930727	12.93904546	-0.51633890
-0.40717969	12.96525795	-0.57368482	-0.40570617	12.97159598	-0.56855993
-0.41316135	12.99129643	-0.52007643	-0.41098335	12.99757419	-0.51495079
-0.29882652	12.98464991	-0.46308018	-0.29617199	12.98966497	-0.45888590
-0.49467232	12.99182014	-0.57770423	-0.49316732	12.99930721	-0.57150282
-0.57264560	12.98969049	-0.57326359	-0.57099440	12.99777080	-0.56695560
-0.56997400	12.98963751	-0.53827157	-0.56809231	12.99761056	-0.53199753
-0.51342588	12.99553849	-0.53712436	-0.51150846	13.00307904	-0.53108883
-0.64338912	12.98389625	-0.51717569	-0.64139242	12.99243609	-0.51041245
-0.68598159	12.96476676	-0.43480672	-0.68356483	12.97344231	-0.42780484
-0.64507072	12.97486039	-0.40938524	-0.64235269	12.98305836	-0.40267218
-0.61468592	12.98797370	-0.48797606	-0.61243960	12.99616466	-0.48141519
-0.68411857	12.92913647	-0.34217908	-0.68128574	12.93746775	-0.33531264
-0.65345127	12.87206150	-0.25920738	-0.65045390	12.87981879	-0.25275948
-0.63269138	12.87761205	-0.27375464	-0.62975874	12.88523116	-0.26744723
-0.64609470	12.93055106	-0.32899097	-0.64314276	12.93848427	-0.32241896
-0.60810779	12.78880630	-0.20562111	-0.60539263	12.79599452	-0.19973616
-0.53626517	12.71868715	-0.16724103	-0.53380432	12.72516460	-0.16205738
-0.51615075	12.77799965	-0.19679768	-0.51343459	12.78438126	-0.19161012
-0.59238343	12.83181357	-0.23681707	-0.58955171	12.83895659	-0.23093853
-0.42576616	12.70081724	-0.13008494	-0.42313683	12.70626798	-0.12568840
-0.29714006	12.66743660	-0.10522959	-0.29450720	12.67182936	-0.10167153
-0.27747893	12.72069709	-0.13349116	-0.27466140	12.72499528	-0.12995603
-0.40447363	12.75810711	-0.15852748	-0.40160017	12.76345378	-0.15414335
-0.16636332	12.55201519	-0.10364422	-0.16433379	12.55546675	-0.10092675
-0.02495757	12.42672352	-0.12108473	-0.02364873	12.42931832	-0.11913493
-0.01988234	12.49670752	-0.15104235	-0.01831952	12.49929326	-0.14904995
-0.15245614	12.61462439	-0.13164144	-0.15020614	12.61802573	-0.12891535
0.13170950	12.35708831	-0.15038248	0.13255481	12.35882298	-0.14915342
0.25778731	12.33145765	-0.18182266	0.25837385	12.33249392	-0.18112113
0.23869226	12.39315849	-0.23203549	0.23944933	12.39434566	-0.23120423
0.12412182	12.42553132	-0.19019514	0.12518492	12.42733200	-0.18887388
0.30883211	12.36278584	-0.20488050	0.30951514	12.36351351	-0.20436652
0.29676027	12.44833358	-0.27225793	0.29772284	12.44919924	-0.27159816
0.28747306	12.42093571	-0.25841515	0.28831988	12.42184654	-0.25774648
0.32009412	12.35181715	-0.21864820	0.32076010	12.35239574	-0.21825318
0.34620000	12.27620000	-0.23202000	0.34620000	12.27620000	-0.23202000
0.32396658	12.33969687	-0.28616809	0.32444929	12.34036067	-0.28572773
0.29424477	12.40674587	-0.27413124	0.29504567	12.40761015	-0.27352313
0.44425997	12.21770000	-0.27141000	0.44425997	12.21770000	-0.27141000
0.57587000	12.16340070	-0.32883000	0.57587000	12.16340070	-0.32883000
0.57065260	12.24167116	-0.38402133	0.57076648	12.24156594	-0.38410309
0.42967763	12.28803188	-0.32664318	0.42988993	12.28824618	-0.32650633
0.70622003	12.08180000	-0.39380000	0.70622003	12.08180000	-0.39380000
0.69987982	12.17756342	-0.45025623	0.69986138	12.17720977	-0.45049167
0.75840679	12.38788626	-1.05264150	0.75792121	12.38723220	-1.05306075
0.85617118	12.23634437	-1.05368973	0.85520483	12.23539513	-1.05430527
0.77975450	12.37025563	-0.86503379	0.77948201	12.36950910	-0.86550286
0.86691096	12.21422224	-0.91335314	0.86611078	12.21322153	-0.91397469
0.79287090	12.25538675	-0.67774175	0.79262749	12.25463660	-0.67822712
0.86751029	12.14028965	-0.76084506	0.86678631	12.13930403	-0.76142173
0.53456593	12.60740928	-0.90259625	0.53476127	12.60728460	-0.90261151
0.64608195	12.51978026	-0.99226438	0.64604924	12.51947265	-0.99244474
0.56822907	12.53764741	-0.69152837	0.56866546	12.53750400	-0.69157260
0.67832220	12.47460078	-0.78385915	0.67844561	12.47413462	-0.78413344
0.57340970	12.38536140	-0.51187716	0.57372826	12.38523359	-0.51194880
0.69302461	12.33571859	-0.59249616	0.69312002	12.33524904	-0.59280712
-0.18628851	12.95680304	-0.32545311	-0.18292803	12.96067360	-0.32211176
-0.08333119	12.90417039	-0.32001333	-0.08030426	12.90730113	-0.31734288
-0.20565941	12.89802159	-0.23886740	-0.20220121	12.90193296	-0.23547058
-0.10224199	12.83929308	-0.23581394	-0.09914906	12.84246912	-0.23309840
0.00801029	12.76405387	-0.28071917	0.01045673	12.76655332	-0.27864371
0.02963181	12.82928536	-0.37696487	0.03200822	12.83165328	-0.37497238
-0.24202233	12.80858299	-0.17662797	-0.23884948	12.81268469	-0.17315253
-0.12876477	12.72629974	-0.17460113	-0.12606915	12.72959919	-0.17185962
-0.00851725	12.63163542	-0.20525291	-0.00645446	12.63418795	-0.20319895
-0.53867536	13.00814362	-0.45721585	-0.53599966	13.01553758	-0.45115340
-0.56368155	12.99601472	-0.36501915	-0.56041158	13.00330803	-0.35887765
-0.45363400	12.99948866	-0.31509968	-0.44993700	13.00560245	-0.30981485
-0.42918849	13.01696320	-0.42151629	-0.42608014	13.02313452	-0.41632231
-0.57934147	12.91870584	-0.29043771	-0.57618550	12.92590077	-0.28441871
-0.48622021	12.89589794	-0.24222650	-0.48289465	12.90213198	-0.23696236
-0.30683253	12.99631268	-0.36796483	-0.30346131	13.00122773	-0.36373346
-0.32830525	12.95857833	-0.26905998	-0.32459371	12.96349246	-0.26476408
-0.36691976	12.86203076	-0.20156209	-0.36353695	12.86717077	-0.19719583
0.29919776	12.64967521	-0.64110054	0.29999754	12.65059512	-0.64029136
0.34007166	12.64387923	-0.66650232	0.34077895	12.64457870	-0.66584763
0.27430974	12.58419221	-0.49057972	0.27521228	12.58528678	-0.48969691
0.32021672	12.58055199	-0.50267421	0.32106493	12.58140236	-0.50196220
0.32610976	12.59820476	-0.48730556	0.32711099	12.59902534	-0.48662145
0.34224951	12.65812309	-0.65828514	0.34305876	12.65881689	-0.65765200
0.34849281	12.64015591	-0.68131967	0.34920200	12.64080851	-0.68071770
0.32759042	12.58391301	-0.50234779	0.32850114	12.58472419	-0.50167513
0.35817013	12.56280667	-0.54416724	0.35890527	12.56348192	-0.54359237
0.37641520	12.62034205	-0.73318535	0.37696145	12.62087799	-0.73269644
0.33367232	12.44840396	-0.39257995	0.33438303	12.44915816	-0.39201908
0.30366313	12.49647252	-0.36763116	0.30460936	12.49735105	-0.36694152
0.29752174	12.50101354	-0.36236247	0.29844649	12.50193151	-0.36163913
0.24985880	12.48955387	-0.34412844	0.25077534	12.49072894	-0.34323016
0.45040180	12.55745075	-0.60934918	0.45101684	12.55774456	-0.60906127
0.44107291	12.62433815	-0.81179773	0.44142839	12.62454144	-0.81157776
0.43818692	12.41536985	-0.44340411	0.43867192	12.41567854	-0.44316775
0.15144680	12.65871588	-0.39195547	0.15297072	12.66042149	-0.39055793
0.17610167	12.72821517	-0.51505889	0.17753143	12.72979564	-0.51374159
0.13173345	12.54197269	-0.27698421	0.13307578	12.54378365	-0.27558921
0.20713094	13.16070586	-0.37503320	0.21128733	13.16209626	-0.37374989
0.31013562	13.03930379	-0.11431823	0.31474595	13.04013200	-0.11339381
0.34390685	12.92268635	-0.07567957	0.34800489	12.92330871	-0.07492103
0.36171293	12.74124408	-0.08374509	0.36481279	12.74174995	-0.08311897
0.36972980	12.56134398	-0.11594503	0.37177098	12.56179484	-0.11544378
0.25115021	12.86861947	-0.80249453	0.25233731	12.86954087	-0.80157055
0.34787802	12.37922816	-0.18079501	0.34874669	12.37969160	-0.18043110
0.20393353	13.07667420	-0.57092504	0.20677606	13.07802368	-0.56970824
0.22199313	13.00464222	-0.67315173	0.22413662	13.00581506	-0.67205079
0.89006431	11.95341147	-0.57498682	0.88939935	11.95262994	-0.57532665
0.82777199	12.01969303	-0.45682548	0.82782667	12.01969174	-0.45684188
0.92857775	11.91376059	-0.71086105	0.92736966	11.91267565	-0.71140235
0.73596899	12.32830462	-1.29109088	0.73494228	12.32788439	-1.29152256
0.46087882	12.62059704	-1.16563155	0.46083958	12.62069058	-1.16558020
0.35332973	12.66149378	-1.05550080	0.35333730	12.66183834	-1.05527318
0.28814473	12.66840654	-0.95410691	0.28828729	12.66904836	-0.95360045
0.27568415	12.69956600	-0.89073724	0.27605926	12.70028745	-0.89005609
0.25797670	12.71241365	-0.87481681	0.25831845	12.71325752	-0.87391438
0.20949910	12.70153244	-0.85391009	0.20984998	12.70265816	-0.85277494
0.12481621	12.72973503	-0.73440524	0.12558177	12.73139984	-0.73288352
0.01941416	12.77308966	-0.59707698	0.02060415	12.77556206	-0.59502431
-0.19237081	12.83616200	-0.51649250	-0.19104436	12.84036249	-0.51324264
-0.29956195	12.89275114	-0.55381628	-0.29830531	12.89795157	-0.54968014
-0.48501404	12.99300699	-0.60202453	-0.48365315	13.00036064	-0.59591164
-0.56310239	13.00261400	-0.59453649	-0.56150534	13.01068538	-0.58822563
-0.69885277	12.97123527	-0.44452518	-0.69645288	12.98006687	-0.43739812
-0.16666998	12.56133454	-0.08135427	-0.16448740	12.56476578	-0.07862839
0.15152542	12.37123655	-0.12636957	0.15254683	12.37283787	-0.12521175
0.31770559	12.39013486	-0.21737807	0.31852438	12.39080835	-0.21687736
0.38559488	12.29414297	-0.19521017	0.38581634	12.29420770	-0.19521700
0.47037988	12.23681822	-0.23923194	0.47048195	12.23679264	-0.23927370
0.71452010	12.09136397	-0.37200152	0.71455804	12.09132110	-0.37201836
0.30572255	12.52361169	-0.36051397	0.30678532	12.52448173	-0.35980802
0.59982303	12.77517301	-0.54141034	0.60142079	12.77488554	-0.54152709
0.33139452	12.99780258	-0.51941969	0.33403842	12.99855982	-0.51870974
0.07775849	13.01780096	-0.23497877	0.08186753	13.01987376	-0.23306116
0.14819378	13.09641834	-0.28393737	0.15248175	13.09812042	-0.28234744
0.35104458	12.87490403	-0.28454953	0.35402714	12.87552794	-0.28389182
0.06296252	12.99227794	-0.39416774	0.06617206	12.99445434	-0.39224559
0.16081210	13.06390840	-0.39569426	0.16437010	13.06554583	-0.39421920
0.37928632	12.82864593	-0.68637958	0.38064928	12.82908921	-0.68588780
0.20806703	13.04314213	-0.15903574	0.21258344	13.04448596	-0.15769725
0.22952184	12.82703456	-0.78043923	0.23060453	12.82809739	-0.77941145
0.34576258	12.76637274	-0.52213252	0.34740784	12.76709137	-0.52147182
0.33929325	12.89234838	-0.83320088	0.34047961	12.89283662	-0.83260830
0.40488266	12.43882995	-0.24152756	0.40589475	12.43913881	-0.24119475
0.27985282	13.05808000	-0.43219981	0.28316372	13.05908968	-0.43126143
0.48511475	12.68652946	-0.66449917	0.48605231	12.68664161	-0.66431549
0.70640031	12.74388388	-0.77515708	0.70727857	12.74327436	-0.77550243
0.36818828	12.94517039	-0.18984158	0.37189579	12.94571598	-0.18920084
-0.38255105	12.97030571	-0.17798307	-0.37817292	12.97550537	-0.17331401
0.20318990	13.09652283	-0.22786445	0.20769380	13.09791374	-0.22651076
0.34215204	12.95345475	-0.67853660	0.34405576	12.95406632	-0.67790990
-0.47257983	12.98103480	-0.20833983	-0.46830343	12.98706059	-0.20297816
0.26933215	13.04287036	-0.31278291	0.27309767	13.04391653	-0.31176878
0.30398713	12.46703720	-0.19368559	0.30530055	12.46782070	-0.19305147
0.16336750	13.11707321	-0.34721339	0.16745782	13.11869771	-0.34571483
0.24493692	13.09075754	-0.47244954	0.24825606	13.09194181	-0.47137382
0.27525817	12.62278755	-0.23402485	0.27720415	12.62377874	-0.23315844
0.19333567	12.95398744	-0.49078096	0.19588636	12.95544216	-0.48950145
0.28884925	12.89910261	-0.82091670	0.29010003	12.89982168	-0.82014159
0.29362146	12.84805565	-0.82475112	0.29467330	12.84874502	-0.82400515
0.25957706	13.03444259	-0.52985122	0.26236394	13.03553686	-0.52885741
0.40835936	12.80259404	-0.19061078	0.41130123	12.80294820	-0.19013575
0.50998560	12.59234578	-0.43108041	0.51117004	12.59236166	-0.43096795
0.31089077	12.76664958	-0.87939904	0.31153119	12.76718238	-0.87878034
0.18245521	12.98086868	-0.62590253	0.18465074	12.98228615	-0.62461287
0.39908044	12.37779273	-0.21942699	0.39981639	12.37802038	-0.21917030
0.36906938	12.48924826	-0.30682039	0.37013830	12.48979174	-0.30634210
0.23392743	12.88095185	-0.17019033	0.23746570	12.88215783	-0.16902251
0.39358908	12.73203539	-0.90578490	0.39406147	12.73219015	-0.90549389
0.30425211	12.79995032	-0.83986975	0.30509129	12.80057217	-0.83918973
0.19581396	13.12974436	-0.25953313	0.20036449	13.13118946	-0.25814871
0.43489746	12.60886047	-0.24272550	0.43675721	12.60910768	-0.24238956
0.22718185	12.87240658	-0.75662336	0.22850666	12.87349743	-0.75557589
0.43288060	12.71525295	-0.82322983	0.43347304	12.71540907	-0.82298421
0.83404915	12.73685269	-0.87267453	0.83478691	12.73594158	-0.87322884
0.57124985	12.78920896	-0.92623852	0.57186451	12.78893768	-0.92626299
0.36747760	12.69120291	-0.19110473	0.36990159	12.69173770	-0.19053194
0.28344428	12.77227457	-0.16886201	0.28639588	12.77320604	-0.16795083
