0.86716087	12.72625546	-0.42646956	0.86889419	12.72513114	-0.42717194
0.84239238	12.86515398	-0.45464170	0.84456576	12.86409430	-0.45532247
0.91386575	12.82258093	-0.55434531	0.91558440	12.82135609	-0.55516205
0.94196142	12.68879637	-0.54032825	0.94326263	12.68751202	-0.54117620
0.80121817	12.95750110	-0.51394414	0.80355992	12.95658208	-0.51454604
0.87693182	12.90971804	-0.59640450	0.87883639	12.90859813	-0.59715290
0.92320696	12.86597001	-0.65750521	0.92480146	12.86474160	-0.65832370
0.95958179	12.79520604	-0.65252905	0.96095796	12.79388223	-0.65340823
0.99017093	12.66562909	-0.65411246	0.99117113	12.66424955	-0.65503085
0.71881408	12.76321606	-1.16593551	0.71909750	12.76277433	-1.16620100
0.84065446	12.70963648	-1.14646248	0.84087039	12.70884800	-1.14695842
0.81206430	12.81628547	-1.07701318	0.81262308	12.81552731	-1.07746374
0.69002814	12.86519201	-1.09119120	0.69062474	12.86473915	-1.09138738
0.94217639	12.67301436	-1.08566930	0.94241304	12.67190626	-1.08636954
0.91217928	12.78457575	-1.02646286	0.91277700	12.78353222	-1.02712456
0.87477029	12.85358011	-0.97526002	0.87561913	12.85260757	-0.97587166
0.79631523	12.89606202	-0.98899664	0.79721625	12.89527244	-0.98945056
0.67480435	12.94462319	-0.99188045	0.67578059	12.94413257	-0.99208692
0.62473028	12.82918215	-0.20830508	0.62763969	12.82871316	-0.20844668
0.61076133	12.96712337	-0.25518290	0.61413628	12.96673137	-0.25528672
0.73820227	12.91589814	-0.35190774	0.74095273	12.91510998	-0.35235765
0.75540116	12.77571819	-0.31195997	0.75769106	12.77486618	-0.31242532
0.58059512	13.05505747	-0.33861319	0.58406189	13.05480606	-0.33864322
0.70286856	13.00792897	-0.42669828	0.70575177	13.00729229	-0.42707154
0.47172727	12.88258661	-1.05977191	0.47235572	12.88266215	-1.05950243
0.59622617	12.82634396	-1.13544325	0.59663448	12.82617213	-1.13543930
0.56828948	12.91864415	-1.06233820	0.56903052	12.91847411	-1.06229219
0.44689188	12.96556794	-0.98433297	0.44793701	12.96570458	-0.98401400
0.55207312	12.99324415	-0.96030976	0.55325533	12.99308611	-0.96025219
0.43056708	13.03569279	-0.88089376	0.43210514	13.03591062	-0.88053122
0.03824143	13.00914103	-0.03694639	0.04332919	13.01129168	-0.03472045
-0.08831598	13.02883614	-0.04944194	-0.08302361	13.03175500	-0.04650893
-0.08802927	13.10349032	-0.09431182	-0.08245789	13.10646167	-0.09131994
0.03568941	13.09779229	-0.07908016	0.04113284	13.10001731	-0.07677980
-0.20715675	13.03969322	-0.07572040	-0.20180776	13.04343898	-0.07203819
-0.20662426	13.10254479	-0.12225452	-0.20110147	13.10634907	-0.11850885
-0.20878093	13.14600337	-0.18619361	-0.20329597	13.14990374	-0.18238893
-0.09094614	13.15210444	-0.15937465	-0.08540850	13.15515743	-0.15633836
0.03032026	13.15354561	-0.14394029	0.03578323	13.15587082	-0.14159911
0.05117105	12.99863941	-0.56585967	0.05360689	13.00088303	-0.56386523
0.04101676	13.06180596	-0.53884185	0.04391163	13.06410983	-0.53677170
-0.03893187	13.07095833	-0.52129179	-0.03589500	13.07383562	-0.51871843
-0.02977364	13.01383874	-0.53892374	-0.02718567	13.01665444	-0.53644373
0.02810173	13.11696903	-0.48928068	0.03158145	13.11936759	-0.48710425
-0.05449053	13.11835298	-0.48307482	-0.05093126	13.12132281	-0.48036883
-0.14891084	13.12101955	-0.49060337	-0.14535511	13.12474555	-0.48727332
-0.13280374	13.07863079	-0.52937483	-0.12979869	13.08224564	-0.52618543
-0.12397600	13.02662635	-0.54908595	-0.12146666	13.03019277	-0.54599203
0.98609612	12.27745910	-0.68016599	0.98593660	12.27618141	-0.68103999
0.95987074	12.05962570	-0.69510764	0.95911669	12.05847317	-0.69585125
0.91137394	12.08898678	-0.55862733	0.91108236	12.08813815	-0.55924601
0.93040869	12.29391424	-0.54396190	0.93056905	12.29285883	-0.54471071
0.83669685	12.14213475	-0.43551927	0.83675999	12.14165650	-0.43594574
0.84748706	12.32105904	-0.41714326	0.84791168	12.32024241	-0.41773421
0.97332812	12.36975692	-1.14866291	0.97263337	12.36850626	-1.14944536
0.87948833	12.43317722	-1.21599257	0.87892293	12.43224623	-1.21659657
0.86999242	12.27378452	-1.24136847	0.86885728	12.27286929	-1.24199883
0.96043461	12.17858001	-1.16433063	0.95910300	12.17734648	-1.16511299
0.75524957	12.51354467	-1.24256933	0.75502823	12.51309201	-1.24293698
0.74692328	12.39338983	-1.27461201	0.74617743	12.39294453	-1.27501748
0.85461263	12.16940383	-1.24929132	0.85311398	12.16852892	-1.24991039
0.93794235	12.04446285	-1.16222108	0.93619154	12.04328553	-1.16295288
0.99758539	12.48567923	-0.66566854	0.99803447	12.48431111	-0.66658550
0.94365827	12.50275311	-0.53850636	0.94439153	12.50153157	-0.53934218
0.86264448	12.53247563	-0.41504372	0.86370302	12.53142655	-0.41572217
0.86675983	12.58062621	-1.18846547	0.86665757	12.57979729	-1.18901409
0.96521192	12.53471739	-1.12456920	0.96502573	12.53352601	-1.12532130
0.74235847	12.64170638	-1.21143465	0.74236690	12.64128544	-1.21177837
0.60929160	12.41571914	-0.22722312	0.61023667	12.41532481	-0.22738622
0.62007474	12.62981771	-0.20385476	0.62208574	12.62935895	-0.20399114
0.74780661	12.57734006	-0.30131873	0.74927679	12.57656015	-0.30174832
0.73392718	12.36498094	-0.31203428	0.73460695	12.36439178	-0.31240186
0.46913443	12.70594118	-1.14952103	0.46922736	12.70602645	-1.14943567
0.61169306	12.61488992	-1.22003379	0.61168040	12.61484302	-1.22011887
0.60938165	12.71856448	-1.18610593	0.60950968	12.71843284	-1.18617399
0.47582597	12.78964144	-1.11446947	0.47615153	12.78970262	-1.11428304
0.58710921	12.17416368	-0.30206906	0.58716528	12.17410440	-0.30209499
0.60098329	12.27768487	-0.26400144	0.60135656	12.27740382	-0.26414686
0.72571785	12.21237569	-0.34040150	0.72595440	12.21199787	-0.34066486
0.59824694	12.48742219	-1.25187477	0.59797613	12.48745505	-1.25186855
0.60544933	12.53439000	-1.24359125	0.60530476	12.53437138	-1.24359531
0.46245706	12.65023901	-1.16577184	0.46245800	12.65033362	-1.16572995
0.02808170	12.73100101	-0.04151808	0.03145895	12.73317070	-0.03951240
-0.11507617	12.80813646	-0.03805294	-0.11114201	12.81115757	-0.03521894
-0.09616710	12.93036848	-0.03327660	-0.09142075	12.93330179	-0.03040379
0.03831352	12.88494336	-0.02785937	0.04267218	12.88705849	-0.02574241
-0.24714968	12.86923628	-0.05132327	-0.24280370	12.87317411	-0.04763349
-0.22176706	12.96325766	-0.05344801	-0.21680541	12.96705244	-0.04976796
0.03927608	12.86984198	-0.59606582	0.04095840	12.87215979	-0.59407649
0.04882106	12.93465179	-0.58323764	0.05083904	12.93691255	-0.58126749
-0.03137269	12.95220320	-0.54947182	-0.02919078	12.95504452	-0.54702437
-0.04449188	12.88890862	-0.55388067	-0.04272806	12.89187399	-0.55140319
-0.12620148	12.96982015	-0.55865377	-0.12414067	12.97343573	-0.55559172
-0.14082882	12.91066281	-0.55840811	-0.13917236	12.91442256	-0.55533462
-0.02123475	12.43884099	-0.09922084	-0.01975757	12.44136315	-0.09727558
-0.14731314	12.66335495	-0.05863808	-0.14440101	12.66660276	-0.05583839
0.00176885	12.56229624	-0.06749536	0.00404830	12.56464907	-0.06553188
-0.30146944	12.66806833	-0.08802822	-0.29873106	12.67243313	-0.08432328
-0.27991747	12.75370719	-0.06563782	-0.27645614	12.75788081	-0.06193561
0.02542851	12.80464515	-0.60780805	0.02674492	12.80706290	-0.60577738
-0.06887915	12.82537418	-0.55097193	-0.06752046	12.82857076	-0.54842271
-0.08880074	12.80048858	-0.53044561	-0.08757180	12.80386059	-0.52783140
-0.17018658	12.85135284	-0.54618151	-0.16893482	12.85538851	-0.54300950
-0.33116713	13.04779254	-0.11386136	-0.32586420	13.05247960	-0.10934350
-0.32251576	13.09952715	-0.15811344	-0.31709752	13.10424380	-0.15357162
-0.44382100	13.05221294	-0.15880876	-0.43862622	13.05783806	-0.15343941
-0.42405849	13.09370592	-0.19968419	-0.41882383	13.09926488	-0.19438902
-0.40315818	13.12751504	-0.25037523	-0.39800226	13.13299670	-0.24517645
-0.31387963	13.13813553	-0.21679481	-0.30853516	13.14286887	-0.21227738
-0.23862551	13.08900182	-0.53784044	-0.23563807	13.09353516	-0.53387387
-0.23107975	13.04343666	-0.56536097	-0.22864204	13.04794498	-0.56149455
-0.25174325	13.12584317	-0.49453734	-0.24817141	13.13043372	-0.49044342
-0.34702902	13.12970131	-0.49185609	-0.34340383	13.13517107	-0.48698354
-0.33894285	13.09988851	-0.53895055	-0.33588925	13.10538147	-0.53417012
-0.33733274	13.06236596	-0.57506214	-0.33490914	13.06790770	-0.57033702
-0.23893899	12.99611370	-0.58232920	-0.23700931	13.00072463	-0.57845927
-0.35160686	13.02638377	-0.60016336	-0.34970164	13.03213214	-0.59537191
-0.37349176	12.99259560	-0.61339966	-0.37209201	12.99860860	-0.60844974
-0.25792106	12.94907946	-0.58721294	-0.25646518	12.95389680	-0.58326290
-0.49398679	12.94832160	-0.11900148	-0.48935016	12.95427727	-0.11344992
-0.52512668	12.82892777	-0.12902048	-0.52151174	12.83518139	-0.12347438
-0.60247932	12.87549120	-0.17709146	-0.59884181	12.88252923	-0.17085124
-0.57571126	12.96962722	-0.17220351	-0.57124572	12.97641964	-0.16596470
-0.54362778	12.72646282	-0.15102216	-0.54100277	12.73293944	-0.14549671
-0.61799463	12.79460623	-0.19337797	-0.61516387	12.80182660	-0.18714970
-0.66624490	12.87325952	-0.25434181	-0.66321950	12.88107874	-0.24760691
-0.65484287	12.92441737	-0.24548141	-0.65130275	12.93210921	-0.23872088
-0.63317638	12.98606545	-0.24431163	-0.62907931	12.99356490	-0.23756121
-0.43136804	12.70425293	-0.11301058	-0.42858925	12.70969058	-0.10836185
-0.41081938	12.79842553	-0.09044920	-0.40717251	12.80364643	-0.08579918
-0.37818370	12.91557966	-0.07875380	-0.37359243	12.92053546	-0.07411707
-0.46612017	13.02857086	-0.60871012	-0.46441469	13.03576876	-0.60285786
-0.47805125	13.00232581	-0.61438554	-0.47673854	13.00966054	-0.60829464
-0.39079262	12.96190626	-0.61488623	-0.38973675	12.96813191	-0.60982265
-0.55117107	13.04078699	-0.58368801	-0.54920379	13.04885449	-0.57728182
-0.55854831	13.01493765	-0.59858461	-0.55695235	13.02311199	-0.59216987
-0.40256496	12.94633891	-0.60406608	-0.40156382	12.95267053	-0.59893659
-0.28226004	12.90368487	-0.57913364	-0.28113989	12.90874145	-0.57506814
0.90738771	12.87577385	-0.90750478	0.90844429	12.87468541	-0.90821154
0.80902613	12.94480017	-0.89162751	0.81028383	12.94394761	-0.89215633
0.92630706	12.88921858	-0.81940317	0.92761225	12.88804090	-0.82017408
0.83338460	12.96367774	-0.78804537	0.83494700	12.96272729	-0.78866770
0.72599124	13.02193906	-0.74442324	0.72789068	13.02128499	-0.74482499
0.69168457	12.99877442	-0.87253229	0.69312751	12.99822272	-0.87282967
0.92909798	12.88485464	-0.72794646	0.93057699	12.88363221	-0.72875733
0.85315870	12.95412104	-0.68214478	0.85498108	12.95309197	-0.68282817
0.76209709	13.00887483	-0.61824408	0.76429275	13.00809862	-0.61874679
1.00296607	12.66034736	-0.99232221	1.00331300	12.65901739	-0.99316634
0.96848155	12.78264724	-0.94670593	0.96921878	12.78140640	-0.94750260
1.02773986	12.65978969	-0.88179104	1.02826753	12.65836208	-0.88271452
0.99034571	12.79102151	-0.85069451	0.99129884	12.78968508	-0.85156956
1.02119709	12.65851253	-0.76874965	1.02194573	12.65707262	-0.76969626
0.98645870	12.79022264	-0.75155207	0.98761971	12.78886487	-0.75244800
0.57408154	13.04714451	-0.82454359	0.57581811	13.04692785	-0.82457192
0.61617443	13.07183753	-0.67695782	0.61844127	13.07151548	-0.67711517
0.49723797	13.11443543	-0.59034510	0.50001558	13.11454096	-0.59014498
0.45367953	13.08903588	-0.74127887	0.45584030	13.08926313	-0.74096844
0.66062077	13.05931794	-0.54002467	0.66330393	13.05885347	-0.54029558
0.54109775	13.10365372	-0.45341435	0.54433848	13.10358664	-0.45333278
-0.34943250	13.14458025	-0.43338172	-0.34530711	13.14995364	-0.42849842
-0.43524658	13.13772656	-0.43621253	-0.43116591	13.14397213	-0.43061391
-0.41969383	13.12716424	-0.48062696	-0.41599448	13.13335856	-0.47516086
-0.35588055	13.14845260	-0.36974181	-0.35129549	13.15376311	-0.36483089
-0.45365334	13.13885831	-0.38992023	-0.44924927	13.14515370	-0.38419369
-0.54303598	13.12439665	-0.40983177	-0.53889049	13.13160383	-0.40335806
-0.50797079	13.12497910	-0.44591877	-0.50406465	13.13196750	-0.43971398
-0.47241250	13.12145702	-0.47603132	-0.46873846	13.12818372	-0.47011603
-0.37737011	13.14424646	-0.30797082	-0.37245585	13.14962072	-0.30293116
-0.46373951	13.13240337	-0.33821359	-0.45904932	13.13864487	-0.33245183
-0.47609084	13.11604960	-0.28722945	-0.47121475	13.12227470	-0.28142247
-0.52557038	13.10563697	-0.31437976	-0.52092654	13.11236065	-0.30815922
-0.54114417	13.11607073	-0.36045827	-0.53674256	13.12309073	-0.35405632
0.02016150	13.15658694	-0.40534195	0.02431530	13.15905762	-0.40306744
-0.07158456	13.15126440	-0.41001422	-0.06739995	13.15432601	-0.40717026
0.01806620	13.17788687	-0.30850310	0.02283836	13.18036429	-0.30615495
-0.08545635	13.16900719	-0.32150384	-0.08068478	13.17212571	-0.31854459
-0.18797650	13.16166112	-0.34263547	-0.18326124	13.16556566	-0.33898344
-0.16867345	13.14831140	-0.42370067	-0.16451890	13.15214914	-0.42020365
0.02289220	13.17859645	-0.22094043	0.02811204	13.18101667	-0.21858236
-0.09103766	13.17166316	-0.23648848	-0.08579227	13.17477619	-0.23346063
-0.20220606	13.16350791	-0.26142905	-0.19702888	13.16744953	-0.25766450
0.97522560	11.96425132	-1.06629491	0.97339780	11.96295262	-1.06706170
1.00143750	12.10852980	-1.06487059	1.00005622	12.10715885	-1.06572118
0.97830638	11.91917484	-0.96064073	0.97656245	11.91788001	-0.96138138
1.00799364	12.06500996	-0.95070087	1.00669248	12.06362739	-0.95155539
1.03282347	12.28214456	-0.93557549	1.03219206	12.28069204	-0.93649589
1.02077560	12.31733781	-1.05107691	1.02006344	12.31593084	-1.05195837
0.96133534	11.90311109	-0.84097359	0.95980256	11.90189618	-0.84163894
0.99301780	12.05017050	-0.82689692	0.99191970	12.04885761	-0.82770956
1.02076978	12.27123151	-0.81129349	1.02033127	12.26982212	-0.81221482
1.02117667	12.50334947	-1.02650710	1.02104094	12.50196076	-1.02738211
1.04107423	12.48500694	-0.91208075	1.04107512	12.48354572	-0.91302457
1.03169943	12.47941155	-0.79100934	1.03190155	12.47796005	-0.79196819
-0.63244067	13.03697125	-0.52520451	-0.63007991	13.04553411	-0.51820866
-0.64303901	13.00875617	-0.53885382	-0.64105419	13.01747636	-0.53187753
-0.68358895	13.02452972	-0.44153566	-0.68069972	13.03323628	-0.43419546
-0.69791516	12.98978325	-0.44933626	-0.69542514	12.99866289	-0.44200471
-0.64707588	12.98560239	-0.54203580	-0.64533631	12.99436928	-0.53511584
-0.67671065	13.00601192	-0.34099494	-0.67317641	13.01423722	-0.33380785
-0.69424168	12.96213074	-0.34389074	-0.69113274	12.97052446	-0.33669375
-0.70046139	12.92691257	-0.34811234	-0.69771542	12.93538328	-0.34097897
-0.26089093	13.14696396	-0.43051231	-0.25673746	13.15155014	-0.42634068
-0.27333183	13.15584727	-0.35684210	-0.26869640	13.16045064	-0.35258602
-0.29393952	13.15470901	-0.28419246	-0.28885968	13.15937212	-0.27978671
-0.55180506	13.02089085	-0.18370215	-0.54698388	13.02750630	-0.17752172
-0.46656891	13.01317874	-0.13056821	-0.46148533	13.01892848	-0.12509797
-0.61265807	13.02539951	-0.25261452	-0.60827304	13.03274110	-0.24592036
-0.58831523	13.05417325	-0.26974911	-0.58380467	13.06134543	-0.26317273
-0.52806075	13.05251050	-0.20840796	-0.52315373	13.05898819	-0.20233207
-0.35046914	12.99277077	-0.08712899	-0.34538460	12.99754926	-0.08255996
-0.44729221	13.05426025	-0.59255367	-0.44513740	13.06113794	-0.58687071
-0.42904742	13.08057415	-0.56571245	-0.42639427	13.08713014	-0.56018467
-0.51340538	13.09060295	-0.53928401	-0.51056158	13.09807402	-0.53302400
-0.53541208	13.06681299	-0.56463914	-0.53303619	13.07464441	-0.55825026
-0.63591687	13.07717231	-0.42969803	-0.63242031	13.08536636	-0.42256559
-0.66334565	13.05230921	-0.43562725	-0.66013921	13.06079383	-0.42835596
-0.61493207	13.06304597	-0.51154828	-0.61220243	13.07138234	-0.50459988
-0.58960396	13.08652838	-0.49379288	-0.58649765	13.09454630	-0.48697100
-0.59997604	13.10252432	-0.42214628	-0.59616964	13.11034888	-0.41523409
-0.55675133	13.10754841	-0.46842183	-0.55321599	13.11513789	-0.46182733
-0.48798133	13.10883658	-0.50256784	-0.48462597	13.11583483	-0.49653812
-0.65643155	13.03783370	-0.34283709	-0.65261410	13.04587963	-0.33570969
-0.62997241	13.06426068	-0.34905173	-0.62595553	13.07208320	-0.34204771
-0.55522833	13.08392691	-0.29527878	-0.55063805	13.09086807	-0.28888106
-0.59404240	13.09193409	-0.35962585	-0.58985170	13.09946086	-0.35284171
-0.50024903	13.08675866	-0.24347570	-0.49531442	13.09308389	-0.23754254
-0.41891365	13.10650052	-0.52621732	-0.41572006	13.11281879	-0.52076792
0.23106319	13.13202258	-0.16698190	0.23602515	13.13325413	-0.16567892
0.19945601	13.17293779	-0.25059735	0.20428372	13.17436090	-0.24916648
0.22497746	13.15941681	-0.26715609	0.22961337	13.16070463	-0.26585494
0.26082646	13.11707446	-0.18049817	0.26559439	13.11815061	-0.17933746
0.17423674	13.18194626	-0.34468487	0.17867884	13.18352469	-0.34316438
0.19812175	13.16911692	-0.36357166	0.20236961	13.17055704	-0.36218295
0.22820559	13.15034214	-0.27755118	0.23272678	13.15161257	-0.27627081
0.26417193	13.10852142	-0.18721377	0.26884835	13.10957930	-0.18607202
0.23498792	13.15777281	-0.27893139	0.23952568	13.15901415	-0.27767834
0.26998556	13.11475865	-0.18230730	0.27470073	13.11579211	-0.18118527
0.21071477	13.16654175	-0.38170891	0.21483824	13.16791774	-0.38038786
0.25303522	13.17030460	-0.41013442	0.25701120	13.17147718	-0.40901326
0.27971854	13.16098008	-0.29946888	0.28411757	13.16201034	-0.29842424
0.31472892	13.11613164	-0.19541624	0.31934852	13.11696379	-0.19448259
0.30063515	12.94040389	-0.05178793	0.30497628	12.94120857	-0.05081222
0.26880609	13.05922484	-0.09462383	0.27365293	13.06023116	-0.09348170
0.30302366	13.04481758	-0.10796048	0.30769496	13.04566093	-0.10696810
0.33812904	12.92543257	-0.06697399	0.34228535	12.92606011	-0.06616609
0.31280416	13.04242419	-0.10895170	0.31743579	13.04322366	-0.10799934
0.34880497	12.92313567	-0.07084621	0.35291566	12.92371907	-0.07007774
0.35679663	13.03886944	-0.11861262	0.36132071	13.03945803	-0.11784776
0.39127100	12.91357490	-0.07863800	0.39526103	12.91396940	-0.07802605
0.40623253	12.72357847	-0.08498396	0.40920359	12.72387583	-0.08449842
0.36755472	12.73881350	-0.07897116	0.37065681	12.73927622	-0.07834930
0.41222715	12.52772749	-0.11787905	0.41406525	12.52796631	-0.11752596
0.37641643	12.55334684	-0.11183110	0.37842533	12.55374852	-0.11135308
0.35666488	12.74139817	-0.07382599	0.35981160	12.74190473	-0.07316837
0.36471109	12.55656829	-0.10651771	0.36676483	12.55701856	-0.10600357
0.32081505	12.57218039	-0.08659587	0.32304285	12.57283127	-0.08591542
0.31677620	12.76053087	-0.05596352	0.32012338	12.76122458	-0.05514499
0.27075727	12.78979410	-0.91086665	0.27140691	12.79050599	-0.91011190
0.26330175	12.86081748	-0.88482022	0.26425304	12.86160717	-0.88398746
0.24553801	12.86820772	-0.82447930	0.24665377	12.86914833	-0.82354209
0.25383039	12.80670551	-0.84909805	0.25466148	12.80758404	-0.84822198
0.25138882	12.93398762	-0.83318045	0.25272729	12.93488501	-0.83226389
0.23325301	12.93392635	-0.77621925	0.23476429	12.93496745	-0.77519884
0.24010990	12.92956216	-0.75845200	0.24165621	12.93059956	-0.75744037
0.25521751	12.81296036	-0.82796845	0.25611204	12.81387026	-0.82706715
0.22937562	12.87005119	-0.80873595	0.23052517	12.87112411	-0.80769024
0.23172879	12.81235627	-0.83218087	0.23259284	12.81339836	-0.83115579
0.22236451	12.93447140	-0.76553446	0.22390352	12.93560381	-0.76444151
0.18264052	12.94905946	-0.74875029	0.18428673	12.95041596	-0.74747488
0.18668158	12.88103918	-0.78813911	0.18792905	12.88233988	-0.78690711
0.18578501	12.81738124	-0.80958732	0.18671922	12.81868101	-0.80836382
0.27323033	12.71971007	-0.93719565	0.27358703	12.72043081	-0.93653338
0.25905775	12.74505057	-0.87416882	0.25960389	12.74588379	-0.87334892
0.26148195	12.76098763	-0.85124483	0.26211950	12.76184763	-0.85038689
0.27788162	12.72346303	-0.86565182	0.27835588	12.72422076	-0.86489084
0.23789797	12.75409503	-0.85978017	0.23845800	12.75508576	-0.85880350
0.18896182	12.74938837	-0.83949811	0.18953017	12.75066038	-0.83828370
0.28927795	12.33431517	-0.15703254	0.28997212	12.33513099	-0.15648302
0.31342066	12.42932562	-0.12274812	0.31478714	12.42998037	-0.12219833
0.36012947	12.42544671	-0.14077298	0.36138182	12.42585420	-0.14038631
0.34071438	12.35690143	-0.17389871	0.34147507	12.35739696	-0.17353894
0.36444995	12.43800257	-0.14800278	0.36573748	12.43840127	-0.14761574
0.37309677	12.41789477	-0.14628222	0.37427277	12.41823753	-0.14593837
0.35448047	12.35034235	-0.18135285	0.35517755	12.35070721	-0.18110812
0.40801879	12.38284350	-0.15615799	0.40895872	12.38299091	-0.15594706
0.15599834	13.15814755	-0.44990622	0.15981038	13.15983112	-0.44834650
0.18401644	13.14297968	-0.46599113	0.18765147	13.14449993	-0.46457738
0.15073170	13.10580953	-0.55918521	0.15376700	13.10748248	-0.55766024
0.18449218	13.08825558	-0.57212456	0.18737280	13.08972862	-0.57076880
0.19489253	13.13095365	-0.47356724	0.19841984	13.13241030	-0.47221189
0.20091408	13.13702713	-0.47402663	0.20446173	13.13845339	-0.47269879
0.20327882	13.08035717	-0.56954091	0.20612150	13.08172556	-0.56827950
0.22781643	13.08421995	-0.61039492	0.23050025	13.08544268	-0.60925695
0.23440237	13.14096427	-0.50873193	0.23777528	13.14221437	-0.50757793
0.23629115	13.01203728	-0.73033959	0.23824206	13.01311695	-0.72930001
0.21638243	13.00871490	-0.68086103	0.21849712	13.00993076	-0.67970970
0.20215126	13.01272262	-0.67946475	0.20429049	13.01402112	-0.67824017
0.16490558	13.02982232	-0.66597526	0.16716775	13.03133356	-0.66457480
0.43455059	13.09341041	-0.25500954	0.43865224	13.09371748	-0.25455936
0.46943105	13.01085578	-0.17269487	0.47344006	13.01097969	-0.17235515
0.49323644	12.87860942	-0.12790314	0.49675089	12.87859760	-0.12765010
0.32470211	12.99641665	-0.85330900	0.32619571	12.99700053	-0.85264255
0.34414283	12.91691558	-0.94371669	0.34514473	12.91735365	-0.94313255
0.31271608	13.06722563	-0.74011757	0.31483717	13.06794445	-0.73938223
0.18443584	12.97364911	-0.03997969	0.18913665	12.97502113	-0.03847968
0.16713111	13.07971258	-0.08236761	0.17227995	13.08121833	-0.08074769
0.14589817	13.14553059	-0.15060132	0.15112476	13.14720429	-0.14887070
0.10996359	13.04734347	-0.60295108	0.11253473	13.04920379	-0.60125803
0.09721194	13.11427644	-0.52291112	0.10046972	13.11625858	-0.52110366
0.12375813	12.97383590	-0.65929919	0.12578652	12.97558273	-0.65772204
0.49813340	12.68283554	-0.12935983	0.50068671	12.68276725	-0.12917526
0.49622929	12.47362452	-0.15924003	0.49764062	12.47353078	-0.15911805
0.34996253	12.83532674	-0.99802133	0.35057152	12.83569378	-0.99752962
0.34880454	12.76037561	-1.02829317	0.34914926	12.76076675	-1.02788875
0.48927833	12.33632625	-0.19906969	0.48985767	12.33622240	-0.19906310
0.34576034	12.70046679	-1.04840255	0.34586277	12.70087140	-1.04810080
0.17518551	12.48382581	-0.09290945	0.17697172	12.48523547	-0.09175765
0.19092315	12.63890431	-0.06177072	0.19365503	12.64020860	-0.06055158
0.11506147	12.77267160	-0.73023520	0.11599781	12.77442427	-0.72866696
0.11873359	12.84139043	-0.70631503	0.12002883	12.84313771	-0.70475108
0.19351018	12.81800683	-0.03822728	0.19733850	12.81929455	-0.03686931
0.12379519	12.90694990	-0.68800863	0.12540801	12.90869053	-0.68644256
0.36190816	13.14992643	-0.49120804	0.36531515	13.15058544	-0.49055962
0.32914671	13.12213435	-0.61758633	0.33192991	13.12287783	-0.61686555
0.39785162	13.14007243	-0.36578051	0.40172624	13.14057747	-0.36521288
0.10938700	13.18365933	-0.32116993	0.11402498	13.18560434	-0.31931318
0.09868642	13.16091996	-0.42358312	0.10270027	13.16293354	-0.42171343
0.12595474	13.17907263	-0.23016349	0.13100979	13.18089046	-0.22834903
0.87616885	11.95959342	-0.58781752	0.87550389	11.95884848	-0.58812431
0.81676000	12.01719950	-0.47386000	0.81676000	12.01719950	-0.47386000
0.91248598	11.92942397	-0.71865236	0.91134305	11.92840053	-0.71915538
0.90131530	11.99604638	-0.72363884	0.90032789	11.99503383	-0.72416536
0.86890224	12.04415280	-0.63640101	0.86828637	12.04329818	-0.63685323
0.80402002	12.10948915	-0.53256514	0.80379344	12.10894827	-0.53294873
0.94308113	11.92090221	-0.84417234	0.94159204	11.91973366	-0.84480106
0.96076569	11.93647921	-0.95630532	0.95908116	11.93523468	-0.95701581
0.93189953	12.05514710	-0.93937563	0.93059403	12.05398662	-0.94007657
0.91885605	12.02504845	-0.82098843	0.91770934	12.02393550	-0.82160623
0.95945005	11.97892912	-1.04974546	0.95769974	11.97768050	-1.05048606
0.92532513	12.05474298	-1.13629425	0.92365125	12.05360495	-1.13700730
0.90418856	12.11799721	-1.11356062	0.90275309	12.11693118	-1.11424855
0.92854379	12.09033671	-1.03731219	0.92715952	12.08918799	-1.03802972
0.84652170	12.17538377	-1.22629012	0.84508005	12.17453409	-1.22689779
0.73381826	12.33011667	-1.27509503	0.73282521	12.32971405	-1.27551717
0.73960868	12.35778227	-1.20320998	0.73882689	12.35731817	-1.20362255
0.84682578	12.22108128	-1.16351956	0.84563597	12.22021770	-1.16412508
0.59879453	12.48347230	-1.23774245	0.59853310	12.48350230	-1.23773527
0.47060405	12.61455632	-1.15222484	0.47056668	12.61463810	-1.15218805
0.49420000	12.61570000	-1.07906000	0.49420000	12.61570000	-1.07906000
0.61447000	12.50220000	-1.16283000	0.61447000	12.50220000	-1.16283000
0.38250976	12.64933820	-1.04822542	0.38248629	12.64956193	-1.04809092
0.33222014	12.65185395	-0.95331918	0.33228734	12.65232019	-0.95298970
0.37140000	12.64100070	-0.89641000	0.37140000	12.64100070	-0.89641000
0.41679000	12.64250090	-0.98287004	0.41679000	12.64250090	-0.98287004
0.31613295	12.68417055	-0.89166278	0.31645654	12.68470279	-0.89114132
0.31294304	12.71203582	-0.86321515	0.31339906	12.71260259	-0.86261529
0.34172990	12.69953477	-0.80679169	0.34225744	12.70004748	-0.80627417
0.35039691	12.67300185	-0.83602271	0.35081953	12.67336705	-0.83563222
0.30286406	12.69979724	-0.86627400	0.30322503	12.70041705	-0.86559892
0.25966509	12.69297185	-0.83426618	0.26005628	12.69390617	-0.83336004
0.30190459	12.68872870	-0.76650701	0.30249303	12.68950724	-0.76576306
0.33982313	12.68827173	-0.80506985	0.34028342	12.68879991	-0.80451686
0.15707509	12.73510768	-0.70028389	0.15794680	12.73667023	-0.69888863
0.02887899	12.79890875	-0.55227670	0.03030496	12.80136075	-0.55025958
0.03907457	12.83499806	-0.47559109	0.04101593	12.83734384	-0.47361459
0.18377604	12.74947508	-0.62602853	0.18492466	12.75095776	-0.62473729
-0.08525686	12.85138120	-0.48218114	-0.08344680	12.85463944	-0.47955284
-0.19224106	12.89341400	-0.47665999	-0.19026336	12.89748802	-0.47331477
-0.18497157	12.95958061	-0.41407703	-0.18214579	12.96349830	-0.41068050
-0.07784163	12.90851258	-0.41053895	-0.07527049	12.91162467	-0.40787547
-0.30284452	12.92875838	-0.52473117	-0.30112858	12.93389909	-0.52050815
-0.40849778	12.95889464	-0.57887096	-0.40717969	12.96525795	-0.57368482
-0.41519934	12.98500457	-0.52527869	-0.41316135	12.99129643	-0.52007643
-0.30138496	12.97964888	-0.46734828	-0.29882652	12.98464991	-0.46308018
-0.49598891	12.98422678	-0.58401016	-0.49467232	12.99182014	-0.57770423
-0.57408096	12.98146745	-0.57964558	-0.57264560	12.98969049	-0.57326359
-0.57164899	12.98155348	-0.54462772	-0.56997400	12.98963751	-0.53827157
-0.51515422	12.98791310	-0.54325395	-0.51342588	12.99553849	-0.53712436
-0.64516552	12.97521554	-0.52404166	-0.64338912	12.98389625	-0.51717569
-0.68819853	12.95600776	-0.44192636	-0.68598159	12.96476676	-0.43480672
-0.64761486	12.96661350	-0.41621917	-0.64507072	12.97486039	-0.40938524
-0.61673269	12.97968425	-0.49463832	-0.61468592	12.98797370	-0.48797606
-0.68679897	12.92079292	-0.34918489	-0.68411857	12.92913647	-0.34217908
-0.65630822	12.86430326	-0.26584788	-0.65345127	12.87206150	-0.25920738
-0.63548367	12.87000099	-0.28024502	-0.63269138	12.87761205	-0.27375464
-0.64890239	12.92261518	-0.33570313	-0.64609470	12.93055106	-0.32899097
-0.61068197	12.78161091	-0.21177503	-0.60810779	12.78880630	-0.20562111
-0.53860004	12.71221107	-0.17271492	-0.53626517	12.71868715	-0.16724103
-0.51874293	12.77163448	-0.20220938	-0.51615075	12.77799965	-0.19679768
-0.59507926	12.82468107	-0.24291123	-0.59238343	12.83181357	-0.23681707
-0.42831613	12.69536250	-0.13470368	-0.42576616	12.70081724	-0.13008494
-0.29973144	12.66305511	-0.10892302	-0.29714006	12.66743660	-0.10522959
-0.28024532	12.71641534	-0.13714503	-0.27747893	12.72069709	-0.13349116
-0.40726488	12.75277580	-0.16308227	-0.40447363	12.75810711	-0.15852748
-0.16837034	12.54858256	-0.10641936	-0.16636332	12.55201519	-0.10364422
-0.02625152	12.42414790	-0.12303846	-0.02495757	12.42672352	-0.12108473
-0.02142558	12.49413589	-0.15305294	-0.01988234	12.49670752	-0.15104235
-0.15467546	12.61123820	-0.13442854	-0.15245614	12.61462439	-0.13164144
0.13087518	12.35536723	-0.15159259	0.13170950	12.35708831	-0.15038248
0.25720959	12.33043132	-0.18249932	0.25778731	12.33145765	-0.18182266
0.23794714	12.39197383	-0.23285365	0.23869226	12.39315849	-0.23203549
0.12307249	12.42373800	-0.19151314	0.12412182	12.42553132	-0.19019514
0.30815666	12.36206179	-0.20537720	0.30883211	12.36278584	-0.20488050
0.29580826	12.44746673	-0.27291109	0.29676027	12.44833358	-0.27225793
0.28663670	12.42002451	-0.25907426	0.28747306	12.42093571	-0.25841515
0.31943559	12.35123920	-0.21903084	0.32009412	12.35181715	-0.21864820
0.34620000	12.27620000	-0.23202000	0.34620000	12.27620000	-0.23202000
0.32348960	12.33903329	-0.28659769	0.32396658	12.33969687	-0.28616809
0.29345308	12.40588073	-0.27472970	0.29424477	12.40674587	-0.27413124
0.44425997	12.21770000	-0.27141000	0.44425997	12.21770000	-0.27141000
0.57587000	12.16340070	-0.32883000	0.57587000	12.16340070	-0.32883000
0.57053824	12.24177339	-0.38393652	0.57065260	12.24167116	-0.38402133
0.42946719	12.28781740	-0.32677439	0.42967763	12.28803188	-0.32664318
0.70622003	12.08180000	-0.39380000	0.70622003	12.08180000	-0.39380000
0.69989510	12.17791003	-0.45002002	0.69987982	12.17756342	-0.45025623
0.75889053	12.38852150	-1.05222608	0.75840679	12.38788626	-1.05264150
0.85713276	12.23727280	-1.05307820	0.85617118	12.23634437	-1.05368973
0.78002638	12.37098217	-0.86456817	0.77975450	12.37025563	-0.86503379
0.86770346	12.21520136	-0.91273519	0.86691096	12.21422224	-0.91335314
0.79311032	12.25611856	-0.67725742	0.79287090	12.25538675	-0.67774175
0.86821898	12.14125393	-0.76026989	0.86751029	12.14028965	-0.76084506
0.53438069	12.60752034	-0.90258728	0.53456593	12.60740928	-0.90259625
0.64611933	12.52007441	-0.99208785	0.64608195	12.51978026	-0.99226438
0.56780378	12.53777389	-0.69148851	0.56822907	12.53764741	-0.69152837
0.67820391	12.47504914	-0.78358924	0.67832220	12.47460078	-0.78385915
0.57309576	12.38547898	-0.51180443	0.57340970	12.38536140	-0.51187716
0.69292982	12.33617451	-0.59218537	0.69302461	12.33571859	-0.59249616
-0.18958801	12.95294755	-0.32886569	-0.18628851	12.95680304	-0.32545311
-0.08631161	12.90104743	-0.32274137	-0.08333119	12.90417039	-0.32001333
-0.20906560	12.89412577	-0.24233985	-0.20565941	12.89802159	-0.23886740
-0.10529497	12.83612864	-0.23858828	-0.10224199	12.83929308	-0.23581394
0.00559522	12.76155680	-0.28283365	0.00801029	12.76405387	-0.28071917
0.02729013	12.82691251	-0.37899639	0.02963181	12.82928536	-0.37696487
-0.24514471	12.80449854	-0.18019447	-0.24202233	12.80858299	-0.17662797
-0.13142355	12.72301553	-0.17740307	-0.12876477	12.72629974	-0.17460113
-0.01055359	12.62909183	-0.20733913	-0.00851725	12.63163542	-0.20525291
-0.54118625	13.00070845	-0.46338309	-0.53867536	13.00814362	-0.45721585
-0.56681669	12.98872213	-0.37128418	-0.56368155	12.99601472	-0.36501915
-0.45723007	12.99339836	-0.32049558	-0.45363400	12.99948866	-0.31509968
-0.43217756	13.01080110	-0.42680817	-0.42918849	13.01696320	-0.42151629
-0.58236727	12.91152532	-0.29660284	-0.57934147	12.91870584	-0.29043771
-0.48943959	12.88968780	-0.24763381	-0.48622021	12.89589794	-0.24222650
-0.31012139	12.99141780	-0.37228104	-0.30683253	12.99631268	-0.36796483
-0.33194551	12.95368592	-0.27344964	-0.32830525	12.95857833	-0.26905998
-0.37022712	12.85691489	-0.20604643	-0.36691976	12.86203076	-0.20156209
0.29842167	12.64873189	-0.64191816	0.29919776	12.64967521	-0.64110054
0.33938741	12.64315670	-0.66716380	0.34007166	12.64387923	-0.66650232
0.27342745	12.58308461	-0.49146821	0.27430974	12.58419221	-0.49057972
0.31938669	12.57968738	-0.50338943	0.32021672	12.58055199	-0.50267421
0.32512668	12.59737109	-0.48799560	0.32610976	12.59820476	-0.48730556
0.34146177	12.65740665	-0.65892589	0.34224951	12.65812309	-0.65828514
0.34780487	12.63947935	-0.68192933	0.34849281	12.64015591	-0.68131967
0.32669770	12.58308810	-0.50302471	0.32759042	12.58391301	-0.50234779
0.35745228	12.56211590	-0.54474535	0.35817013	12.56280667	-0.54416724
0.37588745	12.61978374	-0.73368119	0.37641520	12.62034205	-0.73318535
0.33297219	12.44764368	-0.39313727	0.33367232	12.44840396	-0.39257995
0.30272973	12.49558798	-0.36832036	0.30366313	12.49647252	-0.36763116
0.29661151	12.50008943	-0.36308510	0.29752174	12.50101354	-0.36236247
0.24895868	12.48837388	-0.34502666	0.24985880	12.48955387	-0.34412844
0.44980129	12.55714023	-0.60964084	0.45040180	12.55745075	-0.60934918
0.44073199	12.62411708	-0.81202601	0.44107291	12.62433815	-0.81179773
0.43770898	12.41505439	-0.44363677	0.43818692	12.41536985	-0.44340411
0.14994852	12.65700270	-0.39337061	0.15144680	12.65871588	-0.39195547
0.17469996	12.72661834	-0.51639578	0.17610167	12.72821517	-0.51505889
0.13041299	12.54016240	-0.27838979	0.13173345	12.54197269	-0.27698421
0.20300891	13.15929561	-0.37638828	0.20713094	13.16070586	-0.37503320
0.30554084	13.03846945	-0.11529702	0.31013562	13.03930379	-0.11431823
0.33981768	12.92206116	-0.07647951	0.34390685	12.92268635	-0.07567957
0.35861733	12.74073908	-0.08439511	0.36171293	12.74124408	-0.08374509
0.36769355	12.56089670	-0.11645140	0.36972980	12.56134398	-0.11594503
0.24998468	12.86766381	-0.80343879	0.25115021	12.86861947	-0.80249453
0.34701564	12.37876714	-0.18114927	0.34787802	12.37922816	-0.18079501
0.20112368	13.07529536	-0.57219735	0.20393353	13.07667420	-0.57092504
0.21987817	13.00343656	-0.67429366	0.22199313	13.00464222	-0.67315173
0.89070258	11.95417034	-0.57464832	0.89006431	11.95341147	-0.57498682
0.82771855	12.01969400	-0.45680919	0.82777199	12.01969303	-0.45682548
0.92973777	11.91481835	-0.71032566	0.92857775	11.91376059	-0.71086105
0.73699641	12.32871107	-1.29066197	0.73596899	12.32830462	-1.29109088
0.46091981	12.62050247	-1.16568557	0.46087882	12.62059704	-1.16563155
0.35332627	12.66114431	-1.05573194	0.35332973	12.66149378	-1.05550080
0.28801264	12.66774660	-0.95461927	0.28814473	12.66840654	-0.95410691
0.27532657	12.69881602	-0.89142591	0.27568415	12.69956600	-0.89073724
0.25766094	12.71152268	-0.87572410	0.25797670	12.71241365	-0.87481681
0.20918119	12.70035954	-0.85505072	0.20949910	12.70153244	-0.85391009
0.12408402	12.72802848	-0.73594056	0.12481621	12.72973503	-0.73440524
0.01825938	12.77059301	-0.59915066	0.01941416	12.77308966	-0.59707698
-0.19363676	12.83196933	-0.51976441	-0.19237081	12.83616200	-0.51649250
-0.30071513	12.88755405	-0.55799524	-0.29956195	12.89275114	-0.55381628
-0.48618501	12.98555157	-0.60823876	-0.48501404	12.99300699	-0.60202453
-0.56448611	12.99439012	-0.60092909	-0.56310239	13.00261400	-0.59453649
-0.70104715	12.96230624	-0.45177689	-0.69885277	12.97123527	-0.44452518
-0.16883545	12.55792398	-0.08414023	-0.16666998	12.56133454	-0.08135427
0.15051292	12.36965162	-0.12751221	0.15152542	12.37123655	-0.12636957
0.31689461	12.38946280	-0.21786669	0.31770559	12.39013486	-0.21737807
0.38537400	12.29407808	-0.19519964	0.38559488	12.29414297	-0.19521017
0.47027784	12.23684296	-0.23918816	0.47037988	12.23681822	-0.23923194
0.71448232	12.09140561	-0.37198380	0.71452010	12.09136397	-0.37200152
0.30467356	12.52273509	-0.36122061	0.30572255	12.52361169	-0.36051397
0.59824033	12.77544122	-0.54130592	0.59982303	12.77517301	-0.54141034
0.32877624	12.99702284	-0.52016664	0.33139452	12.99780258	-0.51941969
0.07368220	13.01572449	-0.23695510	0.07775849	13.01780096	-0.23497877
0.14393955	13.09470560	-0.28559203	0.14819378	13.09641834	-0.28393737
0.34807854	12.87426946	-0.28523813	0.35104458	12.87490403	-0.28454953
0.05979241	12.99009200	-0.39614391	0.06296252	12.99227794	-0.39416774
0.15728964	13.06225378	-0.39722782	0.16081210	13.06390840	-0.39569426
0.37794476	12.82817918	-0.68688983	0.37928632	12.82864593	-0.68637958
0.20357260	13.04179248	-0.16043274	0.20806703	13.04314213	-0.15903574
0.22846306	12.82593570	-0.78148591	0.22952184	12.82703456	-0.78043923
0.34413908	12.76563646	-0.52281009	0.34576258	12.76637274	-0.52213252
0.33812695	12.89183450	-0.83381039	0.33929325	12.89234838	-0.83320088
0.40387667	12.43851941	-0.24185708	0.40488266	12.43882995	-0.24152756
0.27656886	13.05704969	-0.43318820	0.27985282	13.05808000	-0.43219981
0.48419395	12.68639773	-0.66469196	0.48511475	12.68652946	-0.66449917
0.70553669	12.74447252	-0.77481964	0.70640031	12.74388388	-0.77515708
0.36449421	12.94461600	-0.19052158	0.36818828	12.94517039	-0.18984158
-0.38686624	12.96511744	-0.18276346	-0.38255105	12.97030571	-0.17798307
0.19871343	13.09512178	-0.22928169	0.20318990	13.09652283	-0.22786445
0.34027180	12.95281574	-0.67919110	0.34215204	12.95345475	-0.67853660
-0.47677416	12.97502008	-0.21382835	-0.47257983	12.98103480	-0.20833983
0.26559149	13.04180983	-0.31384868	0.26933215	13.04287036	-0.31278291
0.30268132	12.46625635	-0.19431659	0.30398713	12.46703720	-0.19368559
0.15931257	13.11543385	-0.34877763	0.16336750	13.11707321	-0.34721339
0.24164903	13.08954892	-0.47358160	0.24493692	13.09075754	-0.47244954
0.27332505	12.62179384	-0.23490339	0.27525817	12.62278755	-0.23402485
0.19081645	12.95251193	-0.49210141	0.19333567	12.95398744	-0.49078096
0.28761914	12.89835320	-0.82171181	0.28884925	12.89910261	-0.82091670
0.29258960	12.84733647	-0.82551353	0.29362146	12.84805565	-0.82475112
0.25681942	13.03332310	-0.53089079	0.25957706	13.03444259	-0.52985122
0.40542766	12.80223234	-0.19111000	0.40835936	12.80259404	-0.19061078
0.50881259	12.59231780	-0.43119773	0.50998560	12.59234578	-0.43108041
0.31026599	12.76609367	-0.88002746	0.31089077	12.76664958	-0.87939904
0.18029078	12.97942158	-0.62723252	0.18245521	12.98086868	-0.62590253
0.39834807	12.37756511	-0.21967670	0.39908044	12.37779273	-0.21942699
0.36800917	12.48870048	-0.30729737	0.36906938	12.48924826	-0.30682039
0.23040616	12.87974355	-0.17139772	0.23392743	12.88095185	-0.17019033
0.39312768	12.73186888	-0.90608309	0.39358908	12.73203539	-0.90578490
0.30343200	12.79930137	-0.84056285	0.30425211	12.79995032	-0.83986975
0.19129395	13.12828666	-0.26098521	0.19581396	13.12974436	-0.25953313
0.43304578	12.60860855	-0.24306957	0.43489746	12.60886047	-0.24272550
0.22588115	12.87128014	-0.75769476	0.22718185	12.87240658	-0.75662336
0.43230509	12.71507964	-0.82348337	0.43288060	12.71525295	-0.82322983
0.83332444	12.73773789	-0.87212760	0.83404915	12.73685269	-0.87267453
0.57065138	12.78946322	-0.92622356	0.57124985	12.78920896	-0.92623852
0.36506367	12.69066518	-0.19169418	0.36747760	12.69120291	-0.19110473
0.28050488	12.77134160	-0.16980010	0.28344428	12.77227457	-0.16886201
