0.85098000	12.73670000	-0.42027998	0.85124781	12.73670652	-0.42066848
0.82218000	12.87490000	-0.44889998	0.82249874	12.87491861	-0.44937823
0.89827996	12.83360000	-0.54721000	0.89854655	12.83356208	-0.54765178
0.93015003	12.70040000	-0.53268000	0.93037791	12.70034813	-0.53304299
0.77972000	12.96580000	-0.50917000	0.78004124	12.96581516	-0.50970330
0.85980000	12.91970060	-0.59010000	0.86007576	12.91966860	-0.59058723
0.90906000	12.87680050	-0.65046000	0.90931485	12.87674292	-0.65090555
0.94737000	12.80690000	-0.64478004	0.94760637	12.80682711	-0.64519341
0.98124000	12.67780000	-0.64582000	0.98144128	12.67770940	-0.64617407
0.71713000	12.76640000	-1.16413009	0.71720046	12.76623266	-1.16441989
0.83944000	12.71580000	-1.14240000	0.83951819	12.71560913	-1.14270525
0.80804010	12.82230090	-1.07359000	0.80815735	12.82213373	-1.07394813
0.68590003	12.86860080	-1.09031000	0.68600796	12.86844778	-1.09066888
0.94060004	12.68200000	-1.07965000	0.94069136	12.68179742	-1.07996971
0.90761006	12.79310000	-1.02094007	0.90773904	12.79292655	-1.02131321
0.86807007	12.86160000	-0.97031003	0.86822843	12.86145074	-0.97071549
0.78928000	12.90249920	-0.98565000	0.78943427	12.90235859	-0.98606190
0.66735000	12.94850060	-0.99105996	0.66749708	12.94837649	-0.99147424
0.59628004	12.83420000	-0.20819000	0.59670647	12.83442423	-0.20867619
0.57800000	12.97120090	-0.25585002	0.57847955	12.97142317	-0.25648285
0.71198005	12.92340000	-0.34866000	0.71236943	12.92351259	-0.34919171
0.73344004	12.78399940	-0.30827000	0.73377942	12.78410028	-0.30869449
0.54743000	13.05760100	-0.34026000	0.54787645	13.05779165	-0.34096232
0.67580000	13.01380060	-0.42442998	0.67618050	13.01389751	-0.42503220
0.46756002	12.88159940	-1.06358993	0.46765055	12.88146675	-1.06392581
0.59376997	12.82730000	-1.13641012	0.59384705	12.82715014	-1.13672977
0.56310004	12.91970060	-1.06397000	0.56320921	12.91956078	-1.06434441
0.43909000	12.96410080	-0.98893994	0.43920619	12.96398340	-0.98933840
0.54296000	12.99430000	-0.96231000	0.54309988	12.99418984	-0.96274280
0.41830000	13.03350070	-0.88625000	0.41843891	13.03340761	-0.88671205
-0.01381000	12.98910000	-0.06632000	-0.01309893	12.98975025	-0.06668052
-0.14222000	13.00080000	-0.08833000	-0.14162342	13.00136337	-0.08855462
-0.14472000	13.07420060	-0.13491000	-0.14418173	13.07469884	-0.13520592
-0.01992000	13.07640080	-0.11030000	-0.01925350	13.07695858	-0.11075665
-0.26099000	13.00240000	-0.12461000	-0.26048540	13.00284240	-0.12473538
-0.26196000	13.06380000	-0.17306000	-0.26150999	13.06418310	-0.17323158
-0.26321003	13.10500050	-0.23859000	-0.26283651	13.10531808	-0.23878199
-0.14673000	13.12110000	-0.20109999	-0.14626574	13.12151667	-0.20143668
-0.02491000	13.13040070	-0.17619000	-0.02435018	13.13086576	-0.17668076
0.03121000	12.97520000	-0.59077000	0.03137634	12.97520741	-0.59111949
0.01617000	13.03760050	-0.56526000	0.01635302	13.03763626	-0.56566473
-0.06479000	13.03959940	-0.55471003	-0.06462762	13.03964559	-0.55503381
-0.05060000	12.98340000	-0.57033000	-0.05044264	12.98343193	-0.57060353
-0.00341000	13.09160000	-0.51788000	-0.00320429	13.09168014	-0.51833160
-0.08635000	13.08589940	-0.51902000	-0.08616940	13.08598046	-0.51937275
-0.17985000	13.07870000	-0.53517000	-0.17970708	13.07875688	-0.53539617
-0.15723000	13.03770000	-0.57106000	-0.15710927	13.03772065	-0.57127010
-0.14254001	12.98650070	-0.58848000	-0.14242568	12.98650411	-0.58865979
0.98743004	12.28880000	-0.67193000	0.98751598	12.28868776	-0.67211287
0.96647996	12.06990000	-0.68786000	0.96650908	12.06979454	-0.68795755
0.91390000	12.09670070	-0.55256003	0.91393004	12.09663621	-0.55265268
0.92882010	12.30350000	-0.53679000	0.92891952	12.30343491	-0.53696795
0.83595000	12.14660070	-0.43133003	0.83599794	12.14658187	-0.43142121
0.84339000	12.32870000	-0.41143999	0.84350321	12.32868333	-0.41160783
0.97943000	12.38000000	-1.14153000	0.97942504	12.37977836	-1.14174987
0.88453000	12.44060000	-1.21054000	0.88450571	12.44038359	-1.21074891
0.87983000	12.28110000	-1.23539007	0.87979096	12.28088889	-1.23556896
0.97187006	12.18870070	-1.15688000	0.97186026	12.18849188	-1.15704856
0.75735000	12.51690000	-1.23934007	0.75733483	12.51673799	-1.23949936
0.75349003	12.39670090	-1.27077000	0.75342212	12.39652784	-1.27090790
0.86754000	12.17640000	-1.24323000	0.86752890	12.17618988	-1.24340319
0.95291007	12.05410000	-1.15495000	0.95292647	12.05389773	-1.15509152
0.99353000	12.49780000	-0.65717000	0.99367739	12.49769698	-0.65744128
0.93692000	12.51380060	-0.53070000	0.93708900	12.51374124	-0.53096679
0.85271996	12.54230000	-0.40872002	0.85291949	12.54229636	-0.40898850
0.86804000	12.58710000	-1.18370000	0.86807367	12.58689656	-1.18394926
0.96711000	12.54440000	-1.11789000	0.96715440	12.54417915	-1.11816703
0.74284000	12.64470000	-1.20865000	0.74288289	12.64453484	-1.20888956
0.60008997	12.42000000	-0.22572999	0.60027000	12.42009955	-0.22590022
0.60045000	12.63480000	-0.20322001	0.60076595	12.63497781	-0.20352337
0.73379004	12.58500000	-0.29752000	0.73403270	12.58507183	-0.29779851
0.72737000	12.37080000	-0.30848000	0.72750717	12.37083501	-0.30864760
0.46882000	12.70490070	-1.15072000	0.46882877	12.70478079	-1.15083566
0.61207000	12.61500070	-1.21942000	0.61205451	12.61491995	-1.21952111
0.60884000	12.71920000	-1.18590009	0.60886525	12.71907749	-1.18609264
0.47390000	12.78880000	-1.11704000	0.47393618	12.78868196	-1.11727099
0.58653000	12.17480000	-0.30181000	0.58654971	12.17482431	-0.30183367
0.59724003	12.28070000	-0.26254000	0.59732573	12.28075349	-0.26264261
0.72332000	12.21610070	-0.33775002	0.72338547	12.21611566	-0.33785068
0.60072000	12.48690000	-1.25183000	0.60066729	12.48682489	-1.25182345
0.60686004	12.53430080	-1.24357009	0.60681890	12.53421756	-1.24358776
0.46272000	12.64919950	-1.16639006	0.46271346	12.64909302	-1.16644588
-0.00541000	12.71130000	-0.06534000	-0.00480735	12.71194246	-0.06536529
-0.15408000	12.77979950	-0.07262000	-0.15348675	12.78039846	-0.07259922
-0.14420001	12.90260000	-0.07008001	-0.14358818	12.90319718	-0.07019374
-0.00588000	12.86570000	-0.05461000	-0.00520689	12.86636891	-0.05481064
-0.29003000	12.83090110	-0.09720000	-0.28949326	12.83137978	-0.09714271
-0.27146003	12.92600000	-0.10104001	-0.27092827	12.92647039	-0.10109000
0.02713000	12.84570000	-0.61986000	0.02727773	12.84569249	-0.62006635
0.03334000	12.91109940	-0.60725003	0.03348993	12.91109107	-0.60752419
-0.04773000	12.92160000	-0.57967000	-0.04757285	12.92162786	-0.57988159
-0.05600000	12.85679910	-0.58369005	-0.05585162	12.85682304	-0.58381968
-0.13938001	12.92920110	-0.59671000	-0.13926788	12.92919702	-0.59683233
-0.14913000	12.86840060	-0.59556000	-0.14901881	12.86839930	-0.59559579
-0.03472000	12.41560000	-0.11991000	-0.03429855	12.41612588	-0.11958771
-0.17511000	12.63270090	-0.09055000	-0.17454133	12.63327767	-0.09033799
-0.02000000	12.54070000	-0.08941000	-0.01950421	12.54127293	-0.08924262
-0.32655000	12.62550000	-0.12926000	-0.32597828	12.62592449	-0.12897896
-0.31288000	12.71320060	-0.10910000	-0.31233248	12.71365367	-0.10891931
0.01711000	12.77940000	-0.63168000	0.01725121	12.77938703	-0.63181067
-0.07540000	12.79040050	-0.58086000	-0.07525288	12.79041455	-0.58086534
-0.09324000	12.76340000	-0.56080000	-0.09306440	12.76344308	-0.56072250
-0.17319000	12.80590060	-0.58353000	-0.17306845	12.80590036	-0.58343346
-0.38329002	12.99949930	-0.17385000	-0.38288209	12.99979695	-0.17387942
-0.37548003	13.04970000	-0.21959000	-0.37512130	13.04995968	-0.21964999
-0.49313998	12.99270060	-0.23046000	-0.49281932	12.99283277	-0.23039633
-0.47342000	13.03350070	-0.27143000	-0.47313677	13.03362699	-0.27139330
-0.45135003	13.06680000	-0.32168000	-0.45110707	13.06690622	-0.32166625
-0.36559000	13.08680000	-0.27872000	-0.36528364	13.08701501	-0.27880199
-0.26153000	13.03540000	-0.59059000	-0.26144818	13.03540539	-0.59067896
-0.24714000	12.99019910	-0.61556000	-0.24707345	12.99018162	-0.61562309
-0.28180000	13.07180000	-0.55014000	-0.28169273	13.07183526	-0.55024031
-0.37645000	13.06320100	-0.55873000	-0.37636115	13.06322072	-0.55871686
-0.36155000	13.03200050	-0.60361000	-0.36147743	13.03200499	-0.60358290
-0.35190000	12.99370000	-0.63746000	-0.35184160	12.99369000	-0.63741991
-0.24849999	12.94170090	-0.63141000	-0.24844082	12.94166659	-0.63142390
-0.35938000	12.95480060	-0.66225000	-0.35933783	12.95477324	-0.66217419
-0.37412000	12.91750050	-0.67638004	-0.37407367	12.91747842	-0.67628332
-0.26123000	12.89219950	-0.63596004	-0.26117080	12.89215344	-0.63590123
-0.53731000	12.88700000	-0.18991000	-0.53692896	12.88712621	-0.18979504
-0.55726000	12.76500000	-0.19554000	-0.55682553	12.76511997	-0.19538780
-0.63338000	12.80180070	-0.25304002	-0.63301806	12.80185293	-0.25289334
-0.61534000	12.89779950	-0.25218000	-0.61502268	12.89784240	-0.25205652
-0.56526000	12.66030000	-0.21289001	-0.56476162	12.66041578	-0.21272505
-0.64064000	12.71920000	-0.26498002	-0.64024845	12.71926858	-0.26482574
-0.68911000	12.78900050	-0.33506000	-0.68882640	12.78903694	-0.33492265
-0.68287003	12.84130000	-0.32923000	-0.68258969	12.84131479	-0.32909829
-0.66691000	12.90440080	-0.33078000	-0.66664822	12.90440199	-0.33065503
-0.45578000	12.65020000	-0.16502000	-0.45523205	12.65041879	-0.16482121
-0.44467002	12.74640000	-0.14595000	-0.44417932	12.74666101	-0.14578686
-0.42255998	12.86570000	-0.13751000	-0.42210572	12.86599701	-0.13741904
-0.47001000	12.93320000	-0.68729000	-0.46995718	12.93320882	-0.68719111
-0.47691998	12.90619950	-0.69790000	-0.47687036	12.90622199	-0.69781744
-0.38627002	12.88420000	-0.67825000	-0.38622327	12.88418109	-0.67813829
-0.55660003	12.93830000	-0.66731000	-0.55653965	12.93831260	-0.66722767
-0.56136000	12.91160000	-0.68211000	-0.56131105	12.91162143	-0.68204374
-0.39709002	12.86740000	-0.66786000	-0.39704218	12.86739364	-0.66772658
-0.28094003	12.84400080	-0.62815000	-0.28087397	12.84395892	-0.62800702
0.89871997	12.88490000	-0.90165010	0.89890703	12.88476033	-0.90207569
0.79868000	12.95190000	-0.88763000	0.79887313	12.95178162	-0.88808740
0.91517000	12.89930000	-0.81292003	0.91537967	12.89919421	-0.81336432
0.82003003	12.97180080	-0.78312004	0.82025603	12.97171439	-0.78360441
0.70954000	13.02749920	-0.74186003	0.70977836	13.02744944	-0.74238683
0.67983000	13.00330070	-0.87096995	0.68002053	13.00321222	-0.87144263
0.91621000	12.89550000	-0.72102000	0.91644493	12.89542071	-0.72146798
0.83707000	12.96309950	-0.67659000	0.83732638	12.96304827	-0.67708878
0.74250000	13.01570000	-0.61460000	0.74278033	13.01568458	-0.61514206
1.00032000	12.67140000	-0.98494000	1.00043992	12.67120837	-0.98528516
0.96255000	12.79300000	-0.93988000	0.96270150	12.79283382	-0.94026980
1.02339000	12.67190070	-0.87360000	1.02353632	12.67173737	-0.87394828
0.98232000	12.80240060	-0.84309000	0.98249713	12.80226165	-0.84349085
1.01469000	12.67100050	-0.76026005	1.01486364	12.67087365	-0.76060924
0.97636000	12.80200100	-0.74369997	0.97657039	12.80189611	-0.74410188
0.55964000	13.04880000	-0.82587004	0.55983031	13.04873615	-0.82637315
0.59634000	13.07450000	-0.67702000	0.59659793	13.07448232	-0.67758762
0.47237000	13.11320000	-0.59450000	0.47264882	13.11323009	-0.59512944
0.43532000	13.08660000	-0.74642000	0.43551789	13.08655656	-0.74696773
0.63618004	13.06340000	-0.53891003	0.63650109	13.06344239	-0.53951600
0.51093000	13.10420130	-0.45635000	0.51129820	13.10432065	-0.45703830
-0.38498002	13.08070090	-0.50084000	-0.38485691	13.08074442	-0.50084273
-0.46847000	13.06230070	-0.51340000	-0.46836055	13.06231086	-0.51331949
-0.44854003	13.05090000	-0.55575000	-0.44844966	13.05090295	-0.55567275
-0.39706000	13.08680000	-0.43781000	-0.39689304	13.08686948	-0.43781760
-0.49065000	13.06420000	-0.46890002	-0.49051743	13.06421558	-0.46881844
-0.57501000	13.03780080	-0.49801000	-0.57488069	13.03776656	-0.49789471
-0.53738000	13.03980000	-0.53056000	-0.53726845	13.03977272	-0.53044649
-0.49967000	13.03820000	-0.55677000	-0.49956918	13.03818068	-0.55665737
-0.42254000	13.08340000	-0.37761000	-0.42233546	13.08349104	-0.37761349
-0.50447005	13.06000000	-0.41755000	-0.50430277	13.06002815	-0.41747299
-0.51939005	13.04550080	-0.36666000	-0.51918769	13.04554099	-0.36657945
-0.56496000	13.02850060	-0.39896000	-0.56477201	13.02849887	-0.39885353
-0.57684004	13.03360000	-0.44754002	-0.57668542	13.03357826	-0.44742934
-0.01915000	13.13050000	-0.43595000	-0.01889428	13.13066236	-0.43643026
-0.11083000	13.11810000	-0.44846000	-0.11060394	13.11824962	-0.44882009
-0.02855000	13.15200000	-0.34064000	-0.02820471	13.15227957	-0.34114166
-0.13171001	13.13580000	-0.36194000	-0.13141055	13.13604071	-0.36229766
-0.23283000	13.11860080	-0.39301000	-0.23258895	13.11878137	-0.39322210
-0.20680001	13.10510000	-0.47139000	-0.20661380	13.10521663	-0.47161603
-0.02912000	13.15380000	-0.25350000	-0.02866620	13.15417677	-0.25400614
-0.14306001	13.13920000	-0.27815002	-0.14267853	13.13953176	-0.27850215
-0.25265000	13.12090000	-0.31348000	-0.25234224	13.12114727	-0.31368611
0.99070996	11.97510050	-1.05858000	0.99073745	11.97491796	-1.05868388
1.01325000	12.12000000	-1.05672000	1.01326337	12.11980799	-1.05686886
0.99313000	11.93020060	-0.95313996	0.99315953	11.93003835	-0.95321786
1.01915000	12.07680000	-0.94247000	1.01917458	12.07662927	-0.94259473
1.03833000	12.29450000	-0.92706007	1.03837653	12.29431966	-0.92726322
1.02699000	12.32910060	-1.04298007	1.02701227	12.32888980	-1.04319915
0.97445005	11.91370000	-0.83416003	0.97447565	11.91356216	-0.83422199
1.00251000	12.06160000	-0.81902000	1.00254119	12.06145836	-0.81912956
1.02458000	12.28350000	-0.80270004	1.02464847	12.28334936	-0.80289087
1.02255000	12.51490000	-1.01866000	1.02261959	12.51469236	-1.01894414
1.04119000	12.49740000	-0.90349000	1.04128594	12.49721841	-0.90376977
1.02993000	12.49200000	-0.78220004	1.03005329	12.49185668	-0.78247448
-0.64261000	12.93289950	-0.61489004	-0.64253477	12.93291146	-0.61481067
-0.64938000	12.90310100	-0.62684005	-0.64932260	12.90312060	-0.62677869
-0.70040005	12.92260000	-0.53506000	-0.70029830	12.92260718	-0.53496554
-0.71084000	12.88640000	-0.54106003	-0.71075716	12.88641829	-0.54098318
-0.65117997	12.87970000	-0.62825000	-0.65113447	12.87972199	-0.62820328
-0.70203000	12.91290000	-0.43280002	-0.70185096	12.91289499	-0.43268229
-0.71549004	12.86780000	-0.43372002	-0.71531973	12.86781170	-0.43360296
-0.71843000	12.83210000	-0.43544003	-0.71828069	12.83212681	-0.43533380
-0.29807000	13.09380050	-0.48784000	-0.29791764	13.09388221	-0.48794973
-0.31627000	13.10360000	-0.41546997	-0.31606558	13.10372947	-0.41558618
-0.34231000	13.10300000	-0.34497002	-0.34205732	13.10317437	-0.34507322
-0.59524006	12.95020000	-0.26494000	-0.59496068	12.95024476	-0.26482425
-0.51489000	12.95330000	-0.20242000	-0.51454207	12.95343127	-0.20233410
-0.64929000	12.94460000	-0.34003000	-0.64904727	12.94459313	-0.33990996
-0.62613004	12.97420000	-0.35691000	-0.62590801	12.97419194	-0.35679729
-0.57219000	12.98220060	-0.28928003	-0.57192719	12.98225008	-0.28917091
-0.40033004	12.94409940	-0.14678000	-0.39989461	12.94441558	-0.14675562
-0.45696002	12.96420000	-0.66890000	-0.45690051	12.96420044	-0.66879439
-0.44506000	12.99650000	-0.64068000	-0.44499988	12.99649482	-0.64058038
-0.52919000	12.99550060	-0.62354004	-0.52911320	12.99549063	-0.62343366
-0.54512000	12.96710110	-0.64950000	-0.54505260	12.96710118	-0.64940149
-0.65907997	12.97980000	-0.52342004	-0.65895527	12.97977851	-0.52330443
-0.68340004	12.95230000	-0.52972000	-0.68328671	12.95229580	-0.52961463
-0.62885000	12.96120000	-0.60210000	-0.62876069	12.96119992	-0.60200198
-0.60797000	12.98840000	-0.58430000	-0.60787223	12.98839043	-0.58419136
-0.62702000	13.00900000	-0.51452000	-0.62689483	13.00897352	-0.51440102
-0.58068000	13.01480000	-0.55733000	-0.58057475	13.01478080	-0.55721535
-0.51100004	13.02120110	-0.58425003	-0.51091051	13.02118076	-0.58413634
-0.68459004	12.94610000	-0.43540000	-0.68440779	12.94608530	-0.43527722
-0.66023004	12.97420000	-0.44134998	-0.66004842	12.97417601	-0.44122446
-0.59391000	13.00530000	-0.38129002	-0.59370710	13.00529316	-0.38117995
-0.62652004	13.00430000	-0.45043000	-0.62635673	13.00427445	-0.45031039
-0.54446000	13.01680000	-0.32354000	-0.54422634	13.01684393	-0.32344565
-0.44150000	13.02720070	-0.60058000	-0.44142601	13.02719533	-0.60049653
0.18115000	13.12039950	-0.18518000	0.18189053	13.12092130	-0.18602268
0.15155000	13.15899940	-0.27046000	0.15204295	13.15939565	-0.27122707
0.17924000	13.14689920	-0.28517002	0.17972115	13.14728713	-0.28596296
0.21312001	13.10710050	-0.19673000	0.21390888	13.10767695	-0.19765430
0.13118000	13.16600000	-0.36558002	0.13151598	13.16625828	-0.36627563
0.15728001	13.15470000	-0.38249000	0.15761107	13.15493257	-0.38318765
0.18381000	13.13800050	-0.29518002	0.18427265	13.13837312	-0.29596244
0.21750000	13.09870050	-0.20313000	0.21828983	13.09928020	-0.20405797
0.19045000	13.14570000	-0.29624000	0.19091198	13.14607713	-0.29703805
0.22290002	13.10520080	-0.19800000	0.22365366	13.10577310	-0.19890514
0.17134000	13.15280060	-0.39961000	0.17166117	13.15301249	-0.40031082
0.21533000	13.15860000	-0.42552000	0.21565701	13.15878508	-0.42625086
0.23687999	13.15100000	-0.31412002	0.23732190	13.15132852	-0.31496401
0.26879000	13.10850050	-0.20878999	0.26956262	13.10903197	-0.20975220
0.25658000	12.93390080	-0.06502000	0.25739618	12.93460896	-0.06572885
0.21968000	13.05030060	-0.11057001	0.22067224	13.05094252	-0.11152515
0.25584000	13.03750000	-0.12194001	0.25689109	13.03814280	-0.12299368
0.29611000	12.92060000	-0.07811000	0.29684129	12.92124309	-0.07879010
0.26607000	13.03550000	-0.12242001	0.26773420	13.03644386	-0.12386164
0.30731001	12.91870000	-0.08150000	0.30801833	12.91932047	-0.08215854
0.31127998	13.03399940	-0.12974000	0.31233085	13.03457679	-0.13081891
0.35109000	12.91089920	-0.08741000	0.35176620	12.91143822	-0.08803339
0.37657002	12.72200000	-0.09144000	0.37705587	12.72242786	-0.09175749
0.33652002	12.73570060	-0.08704000	0.33703141	12.73617335	-0.08737790
0.39418003	12.52660000	-0.12211000	0.39451137	12.52690903	-0.12228617
0.35666000	12.55070000	-0.11747000	0.35702097	12.55105728	-0.11764659
0.32514000	12.73790000	-0.08232000	0.32567237	12.73838204	-0.08266181
0.34448000	12.55350000	-0.11257000	0.34485667	12.55386550	-0.11274354
0.29884002	12.56730000	-0.09454000	0.29925607	12.56771705	-0.09468779
0.28311000	12.75530050	-0.06635001	0.28368964	12.75585171	-0.06667535
0.26621002	12.78330000	-0.91951000	0.26625735	12.78321295	-0.91975396
0.25636002	12.85350000	-0.89465000	0.25643265	12.85340570	-0.89496070
0.23726001	12.85930060	-0.83558000	0.23734519	12.85920160	-0.83590272
0.24799000	12.79850000	-0.85925000	0.24804916	12.79840412	-0.85951832
0.24109002	12.92550090	-0.84430000	0.24119100	12.92540411	-0.84467641
0.22135000	12.92390000	-0.78863000	0.22146335	12.92380864	-0.78901946
0.22787002	12.91950130	-0.77082000	0.22798823	12.91941377	-0.77120912
0.24891000	12.80430000	-0.83851004	0.24897431	12.80420666	-0.83878289
0.22100000	12.85970000	-0.82118000	0.22107925	12.85958048	-0.82150249
0.22591000	12.80240060	-0.84415000	0.22596420	12.80227996	-0.84442211
0.21033001	12.92340000	-0.77887005	0.21043662	12.92329700	-0.77925415
0.16977000	12.93560000	-0.76429003	0.16987919	12.93549013	-0.76467218
0.17751001	12.86830000	-0.80277010	0.17759224	12.86817309	-0.80308686
0.17947000	12.80470000	-0.82383007	0.17953354	12.80457446	-0.82408086
0.27102002	12.71320060	-0.94459003	0.27105826	12.71311174	-0.94477849
0.25557002	12.73730000	-0.88341000	0.25560792	12.73720776	-0.88363498
0.25739000	12.75290000	-0.86109000	0.25743579	12.75280252	-0.86132559
0.27504000	12.71640000	-0.87428000	0.27507527	12.71631537	-0.87448506
0.23473000	12.74470000	-0.87095004	0.23476270	12.74457945	-0.87117091
0.18600000	12.73710060	-0.85339004	0.18605073	12.73696175	-0.85358848
0.28261003	12.32770060	-0.16245000	0.28283936	12.32801551	-0.16246993
0.30014000	12.42430000	-0.12870000	0.30045648	12.42463730	-0.12875878
0.34793000	12.42260000	-0.14503000	0.34820612	12.42286850	-0.14512467
0.33336002	12.35310000	-0.17762999	0.33358330	12.35334954	-0.17771163
0.35194000	12.43520000	-0.15231000	0.35221517	12.43546410	-0.15241446
0.36165000	12.41560000	-0.15009001	0.36190921	12.41584672	-0.15018819
0.34779000	12.34760000	-0.18405001	0.34796505	12.34781372	-0.18413036
0.39878000	12.38230000	-0.15855001	0.39899354	12.38249314	-0.15865199
0.12045000	13.14080000	-0.47081000	0.12071320	13.14091660	-0.47141787
0.15037000	13.12750000	-0.48481998	0.15063278	13.12760007	-0.48543498
0.12392000	13.08860000	-0.57895005	0.12412572	13.08860944	-0.57950162
0.15919000	13.07330000	-0.58962005	0.15939612	13.07330641	-0.59017779
0.16238001	13.11620000	-0.49155003	0.16264351	13.11629261	-0.49215928
0.16819000	13.12260000	-0.49168000	0.16846049	13.12269299	-0.49229781
0.17825000	13.06660000	-0.58580000	0.17846523	13.06661626	-0.58635866
0.20444000	13.07200050	-0.62509000	0.20464730	13.07199585	-0.62564871
0.20365000	13.12840000	-0.52413005	0.20390721	13.12846854	-0.52477791
0.22024000	13.00150000	-0.74332000	0.22038560	13.00142463	-0.74378681
0.19874000	12.99669930	-0.69526000	0.19890107	12.99664608	-0.69573353
0.18438000	12.99980070	-0.69482005	0.18453532	12.99973737	-0.69529420
0.14611000	13.01460000	-0.68357000	0.14626193	13.01452947	-0.68404709
0.39448000	13.09080000	-0.26234000	0.39508403	13.09116679	-0.26320967
0.42978000	13.01030000	-0.17855000	0.43048595	13.01069616	-0.17931374
0.45829000	12.87960050	-0.13234000	0.45885728	12.87996578	-0.13288672
0.31291002	12.99090000	-0.86184996	0.31302681	12.99080788	-0.86227644
0.33676000	12.91280080	-0.95101994	0.33685445	12.91269925	-0.95137247
0.29489002	13.06030000	-0.74981000	0.29505472	13.06024459	-0.75033134
0.13649000	12.96160000	-0.05984000	0.13730321	12.96231016	-0.06040271
0.11463000	13.06580070	-0.10445000	0.11546207	13.06641239	-0.10513597
0.09309000	13.12930000	-0.17450000	0.09375370	13.12980251	-0.17516464
0.08823001	13.02820000	-0.62438005	0.08839922	13.02817914	-0.62482830
0.06812000	13.09360000	-0.54649000	0.06832826	13.09364840	-0.54700823
0.10737000	12.95610000	-0.67868000	0.10751643	12.95604123	-0.67905602
0.47287998	12.68450070	-0.13233000	0.47327964	12.68481281	-0.13264943
0.48238000	12.47540000	-0.16093001	0.48264226	12.47561031	-0.16110655
0.34581003	12.83190060	-1.00395000	0.34586429	12.83180630	-1.00420805
0.34669003	12.75680070	-1.03309000	0.34672622	12.75670429	-1.03328699
0.48351002	12.33790000	-0.19921000	0.48364377	12.33801006	-0.19930979
0.34545000	12.69680000	-1.05186009	0.34546976	12.69670125	-1.05197918
0.15796000	12.47170070	-0.10541000	0.15836977	12.47218810	-0.10535210
0.16386001	12.62780000	-0.07593000	0.16437411	12.62834528	-0.07601993
0.10919000	12.75510000	-0.74843997	0.10928516	12.75499452	-0.74862081
0.10947000	12.82380100	-0.72479004	0.10958213	12.82371162	-0.72503753
0.15480000	12.80710000	-0.05528000	0.15544036	12.80772553	-0.05556038
0.11165001	12.88930000	-0.70685000	0.11177183	12.88922630	-0.70715868
0.33050000	13.14340110	-0.50064003	0.33080605	13.14351208	-0.50135856
0.30458000	13.11479950	-0.62753004	0.30481014	13.11481564	-0.62814354
0.36089000	13.13520050	-0.37449000	0.36129182	13.13542160	-0.37530065
0.06415000	13.16369920	-0.34669003	0.06449040	13.16397820	-0.34730250
0.06087000	13.13990000	-0.44882998	0.06112831	13.14004612	-0.44940272
0.07558000	13.16089920	-0.25530001	0.07606520	13.16128996	-0.25594064
0.88209003	11.96640000	-0.58452004	0.88208653	11.96634390	-0.58456019
0.81676000	12.01719950	-0.47386000	0.81676000	12.01719950	-0.47386000
0.92250997	11.93860050	-0.71337000	0.92253392	11.93849166	-0.71341987
0.90997000	12.00510000	-0.71822000	0.90999918	12.00499226	-0.71829420
0.87434000	12.05190000	-0.63178000	0.87436081	12.05182353	-0.63186052
0.80600005	12.11450000	-0.52874000	0.80603348	12.11446242	-0.52881409
0.95584005	11.93110000	-0.83768000	0.95586785	11.93096130	-0.83774744
0.97511000	11.94710060	-0.94908000	0.97513935	11.94693768	-0.94916207
0.94313000	12.06510070	-0.93240994	0.94315852	12.06493667	-0.93252414
0.92880005	12.03480050	-0.81475000	0.92883290	12.03466637	-0.81484499
0.97431004	11.98940000	-1.04228008	0.97433708	11.98921908	-1.04238665
0.93965000	12.06410000	-1.12921000	0.93966789	12.06389984	-1.12934992
0.91652006	12.12680000	-1.10682000	0.91653028	12.12660094	-1.10696735
0.94042000	12.10000000	-1.03027000	0.94043814	12.09981724	-1.03040158
0.85897000	12.18220000	-1.22034000	0.85895899	12.18199031	-1.22051129
0.74250000	12.33310000	-1.27099000	0.74244208	12.33292493	-1.27114761
0.74648000	12.36140000	-1.19926012	0.74643464	12.36123239	-1.19939633
0.85714000	12.22810000	-1.15767000	0.85712359	12.22789915	-1.15783276
0.60118000	12.48300080	-1.23771000	0.60113579	12.48293238	-1.23770349
0.47110000	12.61370000	-1.15271000	0.47109247	12.61362230	-1.15273222
0.49420000	12.61570000	-1.07906000	0.49420000	12.61570000	-1.07906000
0.61447000	12.50220000	-1.16283000	0.61447000	12.50220000	-1.16283000
0.38297000	12.64730000	-1.04976000	0.38298115	12.64723154	-1.04980337
0.33210000	12.64760000	-0.95691997	0.33212563	12.64752675	-0.95700379
0.37140000	12.64100070	-0.89641000	0.37140000	12.64100070	-0.89641000
0.41679000	12.64250090	-0.98287004	0.41679000	12.64250090	-0.98287004
0.31408000	12.67930000	-0.89750004	0.31410826	12.67924818	-0.89765118
0.31007000	12.70680000	-0.87007000	0.31011718	12.70674333	-0.87025567
0.33836000	12.69460000	-0.81285000	0.33845381	12.69456086	-0.81303406
0.34749000	12.66950000	-0.84047000	0.34754186	12.66947346	-0.84059889
0.30106002	12.69410000	-0.87398005	0.30110625	12.69403569	-0.87416886
0.25795000	12.68400000	-0.84457000	0.25801093	12.68389921	-0.84475494
0.29822000	12.68110000	-0.77510000	0.29832292	12.68104946	-0.77529675
0.33720002	12.68320000	-0.81152004	0.33729953	12.68316168	-0.81170575
0.15166001	12.71950050	-0.71641004	0.15177914	12.71942496	-0.71659100
0.01977000	12.77320000	-0.57592004	0.01994879	12.77324070	-0.57604507
0.02392000	12.81090000	-0.49903002	0.02415257	12.81101736	-0.49919832
0.17567001	12.73460000	-0.64107000	0.17582667	12.73458816	-0.64127958
-0.09685000	12.81610000	-0.51316000	-0.09663060	12.81620891	-0.51319258
-0.20433000	12.84800000	-0.51710004	-0.20413606	12.84808866	-0.51705348
-0.20773001	12.91649910	-0.45678002	-0.20748471	12.91664304	-0.45682885
-0.09893000	12.87560000	-0.44303998	-0.09864982	12.87578205	-0.44315695
-0.30947003	12.86840060	-0.57695000	-0.30935595	12.86841739	-0.57683465
-0.40805998	12.87950000	-0.64467000	-0.40799905	12.87949289	-0.64455460
-0.42473003	12.90720080	-0.59290000	-0.42464116	12.90719560	-0.59279036
-0.31898000	12.92150000	-0.52193000	-0.31881911	12.92155960	-0.52187333
-0.49615002	12.88280000	-0.67273000	-0.49610401	12.88281360	-0.67266038
-0.57586000	12.87930000	-0.66097003	-0.57581971	12.87931895	-0.66092354
-0.57508004	12.88170050	-0.62559000	-0.57502514	12.88170486	-0.62553389
-0.51850003	12.89050000	-0.62450000	-0.51843206	12.89049646	-0.62441967
-0.64998000	12.87090000	-0.60942000	-0.64993116	12.87091610	-0.60937430
-0.69922000	12.85450000	-0.52992004	-0.69915160	12.85451944	-0.52986169
-0.66215000	12.87070000	-0.50165004	-0.66203614	12.87069802	-0.50157146
-0.62475000	12.88009930	-0.57844000	-0.62468045	12.88010034	-0.57838050
-0.70425004	12.82720090	-0.43475000	-0.70409709	12.82722518	-0.43464723
-0.67740005	12.78030000	-0.34501000	-0.67711664	12.78033934	-0.34487372
-0.65579003	12.78690050	-0.35792002	-0.65551525	12.78693688	-0.35779156
-0.66803000	12.83350090	-0.41813000	-0.66783937	12.83351182	-0.41802436
-0.63069004	12.70590000	-0.28186000	-0.63029974	12.70597690	-0.28170610
-0.55719000	12.64540000	-0.23321000	-0.55668635	12.64552396	-0.23304914
-0.53961000	12.70469950	-0.26450000	-0.53916253	12.70482052	-0.26433297
-0.61567000	12.74810000	-0.31435000	-0.61531728	12.74816042	-0.31420315
-0.45026000	12.64060000	-0.18587000	-0.44969836	12.64081327	-0.18566772
-0.32321000	12.62010000	-0.14993000	-0.32265023	12.62049932	-0.14964333
-0.30539998	12.67380000	-0.17878000	-0.30486434	12.67418226	-0.17856592
-0.43140003	12.69810000	-0.21574000	-0.43089578	12.69832277	-0.21554934
-0.18651001	12.51590000	-0.13647000	-0.18601526	12.51640676	-0.13609099
-0.03783000	12.40030000	-0.14369000	-0.03744205	12.40079838	-0.14334738
-0.03538000	12.47000000	-0.17478000	-0.03499735	12.47048320	-0.17452134
-0.17492001	12.57860090	-0.16531001	-0.17442874	12.57907971	-0.16503001
0.12338001	12.34010000	-0.16394000	0.12365173	12.34054481	-0.16374072
0.25188002	12.32170000	-0.18916000	0.25208565	12.32202368	-0.18913946
0.23137000	12.38140000	-0.24122000	0.23157232	12.38170535	-0.24118338
0.11369999	12.40740000	-0.20535000	0.11397490	12.40780654	-0.20520558
0.30184000	12.35600000	-0.21041000	0.30203558	12.35627055	-0.21045558
0.28724000	12.43980000	-0.27981000	0.28745539	12.44005091	-0.27986606
0.27915000	12.41200070	-0.26592000	0.27935266	12.41226498	-0.26595245
0.31335002	12.34630000	-0.22300999	0.31352031	12.34652486	-0.22305884
0.34620000	12.27620000	-0.23202000	0.34620000	12.27620000	-0.23202000
0.31928000	12.33310000	-0.29083000	0.31941948	12.33326997	-0.29084498
0.28636000	12.39820000	-0.28093000	0.28655538	12.39844394	-0.28096843
0.44425997	12.21770000	-0.27141000	0.44425997	12.21770000	-0.27141000
0.57587000	12.16340070	-0.32883000	0.57587000	12.16340070	-0.32883000
0.56945000	12.24300000	-0.38297000	0.56951026	12.24302462	-0.38303342
0.42756000	12.28610000	-0.32799003	0.42763451	12.28616978	-0.32802445
0.70622003	12.08180000	-0.39380000	0.70622003	12.08180000	-0.39380000
0.69994000	12.18130000	-0.44758000	0.69999094	12.18129541	-0.44765503
0.76328003	12.39370000	-1.04838000	0.76330106	12.39354524	-1.04853893
0.86552000	12.24500000	-1.04721010	0.86553275	12.24481767	-1.04737003
0.78267000	12.37720000	-0.86025000	0.78275282	12.37708154	-0.86041811
0.87466000	12.22360000	-0.90674000	0.87470563	12.22345103	-0.90689134
0.79534000	12.26270000	-0.67253000	0.79541717	12.26262483	-0.67266902
0.87450000	12.14980000	-0.75458000	0.87454594	12.14969087	-0.75470126
0.53338000	12.60830000	-0.90296000	0.53348081	12.60824372	-0.90312657
0.64683000	12.52240000	-0.99062010	0.64691386	12.52232216	-0.99075484
0.56466000	12.53880000	-0.69149000	0.56480615	12.53875588	-0.69169244
0.67763000	12.47890000	-0.78126000	0.67775032	12.47882111	-0.78145096
0.57048005	12.38670000	-0.51114005	0.57060282	12.38670644	-0.51127625
0.69225000	12.34040000	-0.58917000	0.69235424	12.34036301	-0.58931510
-0.21855000	12.91160000	-0.37197003	-0.21823003	12.91182840	-0.37200946
-0.11260001	12.86860080	-0.35625002	-0.11223931	12.86887945	-0.35634474
-0.24001001	12.85360000	-0.28547000	-0.23960649	12.85390752	-0.28544624
-0.13326000	12.80410000	-0.27212000	-0.13282642	12.80448206	-0.27212880
-0.01598000	12.73680000	-0.30762002	-0.01559509	12.73715544	-0.30766404
0.00716000	12.80300000	-0.40319000	0.00746889	12.80323650	-0.40332976
-0.27360000	12.76310000	-0.22270000	-0.27312360	12.76346029	-0.22258421
-0.15585001	12.69060000	-0.20992000	-0.15537123	12.69104951	-0.20979247
-0.02902000	12.60460000	-0.23085001	-0.02862277	12.60503784	-0.23074038
-0.55451006	12.91060070	-0.54333000	-0.55440141	12.91057854	-0.54324113
-0.58853000	12.90410000	-0.45161000	-0.58834954	12.90408228	-0.45150797
-0.48628998	12.92449950	-0.39038000	-0.48604544	12.92455358	-0.39027592
-0.45310003	12.93750000	-0.49594003	-0.45294003	12.93751365	-0.49583976
-0.60486000	12.83190060	-0.37257000	-0.60459132	12.83192312	-0.37244769
-0.51581997	12.82230090	-0.31408998	-0.51547371	12.82239743	-0.31395554
-0.33701000	12.93630120	-0.42815000	-0.33676881	12.93641459	-0.42810567
-0.36380002	12.90080000	-0.32953000	-0.36347568	12.90097548	-0.32946129
-0.39921000	12.80310060	-0.26092002	-0.39879534	12.80331573	-0.26078219
0.29307002	12.63940000	-0.65127003	0.29322683	12.63938764	-0.65145774
0.33482000	12.63610000	-0.67474000	0.33497843	12.63607944	-0.67493830
0.26679000	12.57230000	-0.50140000	0.26697493	12.57239656	-0.50152587
0.31317002	12.57140000	-0.51135004	0.31335017	12.57147300	-0.51149964
0.31727000	12.58940000	-0.49576998	0.31746330	12.58948649	-0.49593800
0.33580002	12.65040000	-0.66634005	0.33595838	12.65038418	-0.66654780
0.34299000	12.63290000	-0.68895000	0.34313478	12.63287398	-0.68915042
0.31970000	12.57520000	-0.51060003	0.31988406	12.57527487	-0.51075630
0.35208002	12.55550000	-0.55122000	0.35224846	12.55553902	-0.55137945
0.37236000	12.61430000	-0.73944000	0.37248432	12.61426024	-0.73963142
0.32701000	12.44070000	-0.39905000	0.32718792	12.44085150	-0.39912597
0.29463002	12.48750000	-0.37577000	0.29483587	12.48768215	-0.37585643
0.28891000	12.49160000	-0.37087000	0.28911262	12.49178598	-0.37095250
0.24142002	12.47730060	-0.35469002	0.24162031	12.47752054	-0.35472804
0.44531003	12.55410000	-0.61311000	0.44547210	12.55410156	-0.61329829
0.43863000	12.62180000	-0.81496000	0.43874463	12.62175101	-0.81514175
0.43369004	12.41230000	-0.44606000	0.43383441	12.41236786	-0.44616034
0.13746001	12.64010050	-0.40953000	0.13770772	12.64029279	-0.40961345
0.16378000	12.71060090	-0.53191000	0.16398481	12.71068366	-0.53207623
0.11896000	12.52290000	-0.29380000	0.11922901	12.52321574	-0.29375560
0.16361001	13.14520000	-0.39472002	0.16393990	13.14541754	-0.39540932
0.25923000	13.03119950	-0.12907000	0.26027010	13.03184938	-0.13012496
0.29857000	12.91720000	-0.08748000	0.29928960	12.91781814	-0.08815709
0.32767000	12.73720070	-0.09280000	0.32818789	12.73767546	-0.09313839
0.34770000	12.55780000	-0.12244000	0.34806656	12.55815838	-0.12261903
0.24130002	12.85850050	-0.81470007	0.24139179	12.85840550	-0.81502261
0.33872002	12.37520000	-0.18493001	0.33893567	12.37543883	-0.18501327
0.17646001	13.06140000	-0.58858000	0.17667298	13.06141432	-0.58913408
0.20221000	12.99150000	-0.68860000	0.20237331	12.99145158	-0.68907060
0.89638996	11.96110060	-0.57107000	0.89638368	11.96104725	-0.57110808
0.82721007	12.01970000	-0.45666000	0.82721220	12.01970354	-0.45666300
0.93991005	11.92430000	-0.70476000	0.93993128	11.92419236	-0.70480430
0.74597000	12.33170000	-1.28649000	0.74590879	12.33152653	-1.28665104
0.46148000	12.61950000	-1.16635000	0.46146884	12.61940298	-1.16637575
0.35367998	12.65800000	-1.05834000	0.35369369	12.65791023	-1.05841372
0.28747000	12.66179940	-0.96020000	0.28749890	12.66170932	-0.96031956
0.27325000	12.69190000	-0.89906997	0.27328041	12.69181947	-0.89925319
0.25676000	12.70320000	-0.88601000	0.25677281	12.70308987	-0.88620667
0.20847002	12.68910000	-0.86800003	0.20851354	12.68896317	-0.86816935
0.12009000	12.71100000	-0.75362000	0.12018525	12.71089392	-0.75377206
0.01184000	12.74440000	-0.62347000	0.01198782	12.74439401	-0.62355568
-0.19658999	12.78480050	-0.55803000	-0.19643934	12.78484413	-0.55785765
-0.29968000	12.82630060	-0.60810000	-0.29960516	12.82628483	-0.60792064
-0.48358002	12.88790000	-0.69497000	-0.48353582	12.88792524	-0.69489940
-0.56577003	12.89070000	-0.68347000	-0.56573082	12.89072552	-0.68341814
-0.71152000	12.85880000	-0.54143000	-0.71145970	12.85882605	-0.54137219
-0.18865000	12.52559950	-0.11442000	-0.18813469	12.52613265	-0.11405057
0.14112000	12.35580000	-0.13925001	0.14143195	12.35625484	-0.13908527
0.30934000	12.38380000	-0.22295001	0.30954048	12.38405685	-0.22300817
0.38318000	12.29390050	-0.19522001	0.38324768	12.29399093	-0.19528907
0.46920000	12.23730000	-0.23884001	0.46922463	12.23734497	-0.23889075
0.71411000	12.09180000	-0.37179002	0.71412006	12.09180746	-0.37180349
0.29554000	12.51470090	-0.36895000	0.29576167	12.51488740	-0.36905341
0.58419980	12.77790740	-0.54116964	0.58445010	12.77792153	-0.54154242
0.30534658	12.98941710	-0.53010890	0.30560775	12.98948687	-0.53064136
0.03408423	12.99517920	-0.26264066	0.03456749	12.99558237	-0.26302906
0.10256992	13.07773400	-0.30767626	0.10299490	13.07806961	-0.30823608
0.31967000	12.86874200	-0.29426143	0.32010937	12.86901252	-0.29475149
0.03099712	12.96783000	-0.42110503	0.03129914	12.96802947	-0.42145230
0.12445253	13.04561710	-0.41716427	0.12475493	13.04580902	-0.41769547
0.36713532	12.82368760	-0.69345874	0.36730266	12.82366409	-0.69379958
0.15871125	13.02911850	-0.17917030	0.15947621	13.02966258	-0.17987806
0.22085343	12.81524850	-0.79380230	0.22093961	12.81515417	-0.79408554
0.33023736	12.75846770	-0.53109790	0.33047877	12.75853064	-0.53141218
0.32923120	12.88699000	-0.84146810	0.32934363	12.88691604	-0.84181518
0.39433820	12.43617340	-0.24545248	0.39455139	12.43635373	-0.24556243
0.24607417	13.04696850	-0.44635114	0.24638110	13.04711124	-0.44696049
0.47683990	12.68501660	-0.66750280	0.47701719	12.68499265	-0.66776624
0.69852596	12.74952130	-0.77230150	0.69871168	12.74945368	-0.77262012
0.32809640	12.94002530	-0.19996144	0.32875799	12.94043294	-0.20067851
-0.42682603	12.91057110	-0.24428794	-0.42645988	12.91076410	-0.24421136
0.15449284	13.08164880	-0.24846537	0.15507035	13.08208206	-0.24914621
0.32445943	12.94660190	-0.68776876	0.32463468	12.94657800	-0.68821941
-0.51386845	12.91021820	-0.28456584	-0.51355627	12.91031221	-0.28445524
0.22959612	13.03170200	-0.32812786	0.22998757	13.03196331	-0.32877296
0.29031333	12.45966910	-0.20113373	0.29059345	12.45997325	-0.20120950
0.12046464	13.09899710	-0.36971685	0.12080947	13.09924910	-0.37031020
0.21146664	13.07753180	-0.48856267	0.21174040	13.07763595	-0.48916642
0.25509345	12.61285000	-0.24501102	0.25543420	12.61316786	-0.24516877
0.16885695	12.93768600	-0.50852907	0.16909996	12.93776464	-0.50895315
0.27824548	12.89126000	-0.83143930	0.27834828	12.89117271	-0.83179186
0.28495774	12.84054370	-0.83468150	0.28504197	12.84046330	-0.83499121
0.23230751	13.02218440	-0.54436594	0.23254908	13.02224137	-0.54490050
0.37680543	12.79955100	-0.19787398	0.37725982	12.79985995	-0.19829938
0.49836266	12.59230610	-0.43287584	0.49858193	12.59237627	-0.43310579
0.30590550	12.76095290	-0.88736033	0.30595480	12.76088803	-0.88758023
0.16226748	12.96494770	-0.64374170	0.16244037	12.96492886	-0.64416440
0.39130530	12.37598320	-0.22234745	0.39147879	12.37613267	-0.22243407
0.35834324	12.48397450	-0.31249592	0.35856767	12.48415960	-0.31261478
0.19586083	12.86866760	-0.18672179	0.19640054	12.86911296	-0.18710469
0.38983348	12.73026850	-0.90973040	0.38988514	12.73023531	-0.90989594
0.29759783	12.79321000	-0.84876960	0.29766819	12.79313731	-0.84903233
0.14682786	13.11403470	-0.28075470	0.14731403	13.11441857	-0.28144945
0.41524850	12.60688400	-0.24738798	0.41557428	12.60711912	-0.24761978
0.21607567	12.86027430	-0.77049850	0.21617969	12.86018739	-0.77082433
0.42824548	12.71332650	-0.82687885	0.42836196	12.71328709	-0.82709570
0.82752740	12.74521540	-0.86759144	0.82769136	12.74510570	-0.86792332
0.56638926	12.79145810	-0.92701140	0.56652033	12.79138685	-0.92729905
0.34163025	12.68629170	-0.19900528	0.34202753	12.68661312	-0.19929195
0.25179443	12.76316170	-0.18143922	0.25226168	12.76357378	-0.18174583
