0.85401775	12.73578609	-0.42198560	0.85474996	12.73541015	-0.42228580
0.82504568	12.87429081	-0.45036633	0.82585184	12.87395862	-0.45062217
0.89957607	12.83318215	-0.54901726	0.90013765	12.83283733	-0.54934938
0.93161427	12.69983852	-0.53475282	0.93210297	12.69946525	-0.53513209
0.78165518	12.96544472	-0.51015074	0.78240691	12.96516998	-0.51033008
0.86052912	12.91944819	-0.59149659	0.86107455	12.91914421	-0.59176380
0.90925118	12.87677521	-0.65202679	0.90967696	12.87647175	-0.65233603
0.94768913	12.80681837	-0.64665863	0.94808114	12.80648794	-0.64701992
0.98181643	12.67768832	-0.64799965	0.98215043	12.67734127	-0.64841187
0.71486501	12.76769668	-1.16371832	0.71473357	12.76771972	-1.16372849
0.83734119	12.71712754	-1.14274387	0.83721385	12.71707565	-1.14288612
0.80557334	12.82340409	-1.07348568	0.80549514	12.82333485	-1.07356374
0.68289708	12.86951560	-1.08922405	0.68277597	12.86949824	-1.08914453
0.93888488	12.68323355	-1.08064638	0.93880408	12.68309807	-1.08090314
0.90557920	12.79420426	-1.02160977	0.90555563	12.79406773	-1.02181394
0.86585956	12.86250302	-0.97072227	0.86587705	12.86236064	-0.97088166
0.78669005	12.90327330	-0.98542335	0.78668056	12.90316103	-0.98548042
0.66416962	12.94902408	-0.98977854	0.66412088	12.94895671	-0.98967102
0.60452006	12.83318900	-0.20740573	0.60596817	12.83293100	-0.20731924
0.58555220	12.97044312	-0.25488363	0.58702688	12.97022848	-0.25474877
0.71705391	12.92269491	-0.34932485	0.71818028	12.92240685	-0.34943746
0.73890758	12.78288412	-0.30908012	0.73997910	12.78254269	-0.30922854
0.55312839	13.05698316	-0.33884121	0.55444642	13.05681833	-0.33862970
0.67942541	13.01336073	-0.42461714	0.68044117	13.01313367	-0.42465223
0.46411826	12.88167070	-1.06063445	0.46396222	12.88169766	-1.06026635
0.59082932	12.82821687	-1.13486145	0.59066919	12.82826561	-1.13469416
0.55955569	12.92017983	-1.06181626	0.55941651	12.92018670	-1.06157169
0.43532377	12.96371818	-0.98530432	0.43523413	12.96371122	-0.98484618
0.53929508	12.99426838	-0.95970092	0.53924823	12.99422252	-0.95939590
0.41465467	13.03269066	-0.88200639	0.41469108	13.03265096	-0.88146737
0.00619633	12.99082393	-0.04741388	0.00897373	12.99130836	-0.04524577
-0.12123836	13.00384757	-0.06260054	-0.11838594	13.00455101	-0.05974800
-0.12518155	13.07717046	-0.10953664	-0.12244688	13.07786624	-0.10670839
-0.00104864	13.07844981	-0.09149845	0.00165665	13.07896433	-0.08932944
-0.24011556	13.00719727	-0.09072321	-0.23730121	13.00812788	-0.08709780
-0.24333766	13.06849595	-0.13968961	-0.24071768	13.06941371	-0.13609684
-0.24812646	13.10913197	-0.20561611	-0.24583494	13.11000031	-0.20203836
-0.13065557	13.12371951	-0.17596332	-0.12823842	13.12438853	-0.17314060
-0.00895174	13.13237143	-0.15772279	-0.00651499	13.13288352	-0.15556280
0.02805644	12.97454993	-0.57514655	0.02837854	12.97483888	-0.57322969
0.01360982	13.03678973	-0.54908610	0.01406017	13.03707364	-0.54709915
-0.06874901	13.03910537	-0.53424930	-0.06840043	13.03946877	-0.53181579
-0.05504371	12.98308604	-0.55029509	-0.05479102	12.98345376	-0.54791015
-0.00422730	13.09071292	-0.50099640	-0.00354272	13.09099926	-0.49893200
-0.08833106	13.08560852	-0.49749679	-0.08774679	13.08600393	-0.49496159
-0.18438144	13.07851550	-0.50694713	-0.18400691	13.07897261	-0.50375168
-0.16431572	13.03726423	-0.54378131	-0.16421802	13.03768252	-0.54067103
-0.15063351	12.98642395	-0.56178074	-0.15067147	12.98685677	-0.55871998
0.98764128	12.28835819	-0.67423445	0.98768204	12.28799903	-0.67467888
0.96610523	12.06946360	-0.69015136	0.96596047	12.06912959	-0.69057014
0.91399109	12.09598325	-0.55457176	0.91397852	12.09568542	-0.55493081
0.92986090	12.30272812	-0.53904805	0.93005583	12.30237831	-0.53945341
0.83689631	12.14585149	-0.43286811	0.83704303	12.14563948	-0.43312833
0.84542517	12.32764760	-0.41330778	0.84577395	12.32732319	-0.41363252
0.97829506	12.38101819	-1.14320136	0.97805650	12.38083497	-1.14356793
0.88334982	12.44177435	-1.21172111	0.88312589	12.44167888	-1.21199224
0.87863041	12.28226759	-1.23707102	0.87827742	12.28217324	-1.23740417
0.97072457	12.18961881	-1.15896822	0.97034871	12.18943423	-1.15938995
0.75642316	12.51799319	-1.23993704	0.75629085	12.51799864	-1.24008362
0.75240781	12.39786844	-1.27183675	0.75214281	12.39788102	-1.27204675
0.86632732	12.17756938	-1.24519955	0.86589186	12.17748274	-1.24556245
0.95179126	12.05497173	-1.15736839	0.95132473	12.05480154	-1.15781862
0.99407658	12.49747937	-0.65956890	0.99428594	12.49711288	-0.66001782
0.93841920	12.51316926	-0.53302500	0.93878738	12.51280053	-0.53344192
0.85554512	12.54122477	-0.41056846	0.85611433	12.54084782	-0.41089750
0.86650395	12.58848587	-1.18453335	0.86635262	12.58843171	-1.18474492
0.96569120	12.54560349	-1.11924272	0.96554099	12.54544883	-1.11955878
0.74110759	12.64602043	-1.20882846	0.74095842	12.64605270	-1.20892220
0.60486155	12.41828196	-0.22555104	0.60558403	12.41797973	-0.22556995
0.60764531	12.63340151	-0.20256263	0.60881946	12.63310917	-0.20251177
0.73842627	12.58359259	-0.29822437	0.73925558	12.58323672	-0.29837792
0.73059709	12.36940135	-0.30950766	0.73111707	12.36909152	-0.30969360
0.46744338	12.70530615	-1.14982809	0.46734478	12.70537210	-1.14971868
0.61116254	12.61559669	-1.21935046	0.61107814	12.61564561	-1.21935675
0.60719132	12.72023406	-1.18544079	0.60707446	12.72030362	-1.18540053
0.47149326	12.78910806	-1.11520356	0.47136032	12.78915922	-1.11497303
0.58697250	12.17444712	-0.30193518	0.58703754	12.17438906	-0.30195321
0.59982576	12.27933807	-0.26280326	0.60020167	12.27910812	-0.26286661
0.72506628	12.21505901	-0.33872865	0.72533079	12.21483897	-0.33889105
0.60009459	12.48741497	-1.25192683	0.59997558	12.48747601	-1.25193819
0.60621204	12.53478360	-1.24351384	0.60612001	12.53483038	-1.24350891
0.46189261	12.64944196	-1.16583835	0.46182158	12.64949341	-1.16577592
0.01143403	12.71209270	-0.04730063	0.01372445	12.71248770	-0.04521700
-0.13468877	12.78208763	-0.04575938	-0.13210485	12.78275356	-0.04277918
-0.12329598	12.90550227	-0.04406266	-0.12050123	12.90620220	-0.04117783
0.01315932	12.86681173	-0.03590197	0.01577096	12.86723632	-0.03375341
-0.26919342	12.83528211	-0.06056461	-0.26646322	12.83622283	-0.05665665
-0.24994175	12.93067784	-0.06582556	-0.24709642	12.93161684	-0.06207768
0.02408871	12.84593624	-0.60454102	0.02428930	12.84630566	-0.60266485
0.02987708	12.91075870	-0.59185710	0.03010626	12.91107182	-0.58996980
-0.05211597	12.92180695	-0.55963095	-0.05191304	12.92221815	-0.55725066
-0.06070484	12.85767229	-0.56323345	-0.06058201	12.85813607	-0.56080208
-0.14816462	12.92953918	-0.56995092	-0.14830648	12.92999640	-0.56687463
-0.15735577	12.86922968	-0.56825319	-0.15749174	12.86972559	-0.56510589
-0.02390396	12.41658935	-0.10206282	-0.02246404	12.41703805	-0.10001353
-0.15900505	12.63477563	-0.06356519	-0.15683425	12.63544665	-0.06052479
-0.00671990	12.54140594	-0.07140212	-0.00491502	12.54180612	-0.06932821
-0.31185072	12.62981708	-0.09107450	-0.30979759	12.63079659	-0.08689221
-0.29486805	12.71739252	-0.07104216	-0.29244918	12.71835191	-0.06693907
0.01424982	12.78019552	-0.61651117	0.01440375	12.78061610	-0.61463906
-0.07996061	12.79195859	-0.55965343	-0.07985512	12.79247430	-0.55711006
-0.09709697	12.76519228	-0.53886225	-0.09690132	12.76573697	-0.53621289
-0.18089669	12.80730351	-0.55448872	-0.18098907	12.80784756	-0.55113411
-0.36377843	13.00624072	-0.12954156	-0.36110873	13.00738553	-0.12495882
-0.35850738	13.05612229	-0.17654172	-0.35606367	13.05723170	-0.17205843
-0.47572396	13.00235169	-0.17537875	-0.47327901	13.00373934	-0.16986656
-0.45909038	13.04189956	-0.21903621	-0.45690785	13.04319214	-0.21371867
-0.44097319	13.07376186	-0.27186508	-0.43912520	13.07494239	-0.26674681
-0.35272016	13.09226782	-0.23704746	-0.35063678	13.09329717	-0.23265932
-0.27201794	13.03518950	-0.55525185	-0.27217624	13.03567916	-0.55135816
-0.25976183	12.98984778	-0.58060778	-0.26014326	12.99030694	-0.57674143
-0.28894186	13.07212264	-0.51392204	-0.28876145	13.07267654	-0.50996007
-0.38534435	13.06387668	-0.51404833	-0.38526075	13.06452245	-0.50931688
-0.37462488	13.03170826	-0.55917585	-0.37493335	13.03225457	-0.55445647
-0.36866632	12.99276875	-0.59277779	-0.36931844	12.99324249	-0.58802411
-0.26260999	12.94145288	-0.59556833	-0.26315202	12.94191141	-0.59160952
-0.37835786	12.95372169	-0.61584001	-0.37922153	12.95417554	-0.61092630
-0.39513110	12.91634321	-0.62743731	-0.39616613	12.91679270	-0.62229452
-0.27627296	12.89223873	-0.59839556	-0.27690928	12.89271823	-0.59426364
-0.51827951	12.89812570	-0.12788641	-0.51568886	12.89964804	-0.12185213
-0.54262096	12.77634144	-0.13049971	-0.54037412	12.77789804	-0.12416842
-0.62363409	12.81670410	-0.17635599	-0.62167722	12.81847497	-0.16919462
-0.60162877	12.91268370	-0.17851629	-0.59941687	12.91443601	-0.17162231
-0.55608053	12.67184469	-0.14746945	-0.55425651	12.67341623	-0.14098457
-0.63564617	12.73404628	-0.18788223	-0.63401092	12.73581041	-0.18062599
-0.69031643	12.80677601	-0.24948564	-0.68907187	12.80869634	-0.24163788
-0.68132423	12.85896440	-0.24367098	-0.67991405	12.86087843	-0.23586632
-0.66425670	12.92284034	-0.24440669	-0.66277061	12.92478408	-0.23664935
-0.44202329	12.65787697	-0.11351455	-0.43997168	12.65918663	-0.10811905
-0.42692137	12.75378341	-0.09494000	-0.42448856	12.75505753	-0.08969729
-0.40166587	12.87282934	-0.08863199	-0.39893009	12.87404755	-0.08364995
-0.49304093	12.93184039	-0.62881985	-0.49414870	12.93238061	-0.62286687
-0.50143787	12.90476812	-0.63770288	-0.50267182	12.90529870	-0.63159521
-0.40765186	12.88328344	-0.62728345	-0.40871654	12.88375423	-0.62196256
-0.57804237	12.93853425	-0.60021903	-0.57895276	12.93937058	-0.59360956
-0.58463225	12.91160193	-0.61343223	-0.58571024	12.91241887	-0.60668810
-0.41728297	12.86666785	-0.61569444	-0.41824681	12.86716174	-0.61027182
-0.29526957	12.84443787	-0.58838436	-0.29584076	12.84495334	-0.58404657
0.89682887	12.88565570	-0.90241657	0.89692657	12.88547017	-0.90262805
0.79644175	12.95243393	-0.88760132	0.79655006	12.95228054	-0.88768572
0.91395947	12.89978057	-0.81403560	0.91418059	12.89954572	-0.81429244
0.81860027	12.97208030	-0.78356801	0.81885735	12.97187612	-0.78371465
0.70809413	13.02742462	-0.74144919	0.70842241	13.02725045	-0.74144796
0.67716943	13.00345609	-0.86987968	0.67727843	13.00333250	-0.86979927
0.91569501	12.89568910	-0.72241872	0.91602575	12.89541172	-0.72271032
0.83677966	12.96315393	-0.67749911	0.83720593	12.96290389	-0.67770210
0.74267010	13.01544720	-0.61484761	0.74322148	13.01522112	-0.61493081
0.99891320	12.67235813	-0.98633832	0.99889376	12.67214245	-0.98666802
0.96088020	12.79391219	-0.94102939	0.96092755	12.79370929	-0.94131002
1.02241223	12.67254081	-0.87538803	1.02248251	12.67226617	-0.87577165
0.98122104	12.80303291	-0.84461681	0.98137570	12.80277672	-0.84494906
1.01446761	12.67120460	-0.76232982	1.01466406	12.67088047	-0.76274221
0.97599563	12.80230483	-0.74545629	0.97627049	12.80200811	-0.74581350
0.55683084	13.04840018	-0.82352487	0.55699273	13.04829750	-0.82325196
0.59526334	13.07405614	-0.67546585	0.59570752	13.07391621	-0.67528458
0.47220728	13.11240047	-0.59114994	0.47284448	13.11231000	-0.59070494
0.43280036	13.08577157	-0.74225427	0.43308505	13.08571629	-0.74172011
0.63739159	13.06300782	-0.53829279	0.63814101	13.06283075	-0.53822260
0.51375404	13.10355816	-0.45404012	0.51476311	13.10343711	-0.45371553
-0.38891946	13.08265622	-0.45632771	-0.38837983	13.08342283	-0.45162360
-0.47392765	13.06557546	-0.46076178	-0.47347380	13.06651135	-0.45533717
-0.45773209	13.05273503	-0.50429067	-0.45762917	13.05353706	-0.49896396
-0.39559534	13.09028051	-0.39292091	-0.39456707	13.09117469	-0.38819666
-0.49225718	13.06930676	-0.41448162	-0.49145534	13.07037825	-0.40891368
-0.57953199	13.04440253	-0.43397536	-0.57893798	13.04565870	-0.42758755
-0.54466664	13.04425021	-0.47028855	-0.54433540	13.04533859	-0.46421094
-0.50933804	13.04084499	-0.50020477	-0.50924049	13.04176507	-0.49443260
-0.41664113	13.08864649	-0.33066564	-0.41519569	13.08968792	-0.32577645
-0.50203361	13.06695523	-0.36195979	-0.50086391	13.06816730	-0.35630437
-0.51277001	13.05417945	-0.30926831	-0.51123357	13.05550694	-0.30348843
-0.56125478	13.03784565	-0.33606461	-0.55995650	13.03924137	-0.32981969
-0.57741368	13.04199502	-0.38336722	-0.57647201	13.04335806	-0.37699122
-0.01603439	13.13043147	-0.41847735	-0.01491274	13.13079094	-0.41635661
-0.10867234	13.11836594	-0.42570256	-0.10765041	13.11882605	-0.42305607
-0.02091217	13.15258587	-0.32244185	-0.01930740	13.15299614	-0.32026451
-0.12473185	13.13697216	-0.33818759	-0.12321101	13.13751582	-0.33545561
-0.22777510	13.12063201	-0.36242178	-0.22644622	13.12131225	-0.35902075
-0.20697021	13.10585796	-0.44198629	-0.20615438	13.10641386	-0.43868701
-0.01701718	13.15520212	-0.23522849	-0.01495685	13.15567574	-0.23306297
-0.13132238	13.14122129	-0.25353391	-0.12932557	13.14184025	-0.25073973
-0.24235889	13.12420157	-0.28144127	-0.24051860	13.12499412	-0.27792930
0.98957029	11.97561968	-1.06119687	0.98914438	11.97540309	-1.06169278
1.01221574	12.12058607	-1.05908968	1.01186068	12.12034168	-1.05955999
0.99198232	11.93045578	-0.95583393	0.99162121	11.93020369	-0.95632835
1.01821837	12.07705958	-0.94495867	1.01791279	12.07677617	-0.94543674
1.03760341	12.29487308	-0.92925208	1.03744058	12.29457394	-0.92970414
1.02600397	12.32983701	-1.04496840	1.02578799	12.32958879	-1.04539273
0.97352978	11.91370404	-0.83679730	0.97324219	11.91341619	-0.83725565
1.00182133	12.06153688	-0.82149432	1.00158835	12.06122106	-0.82195469
1.02425133	12.28340769	-0.80502278	1.02417527	12.28306264	-0.80548348
1.02139702	12.51580950	-1.02038174	1.02129265	12.51557876	-1.02076481
1.04046377	12.49797117	-0.90559276	1.04043913	12.49768457	-0.90602679
1.02979551	12.49213823	-0.78453921	1.02987885	12.49180416	-0.78499695
-0.65957131	12.93725013	-0.53980020	-0.66004576	12.93855633	-0.53252666
-0.66805969	12.90714937	-0.54965467	-0.66869901	12.90847737	-0.54224630
-0.71135988	12.93335020	-0.45467177	-0.71124046	12.93501297	-0.44695479
-0.72359071	12.89753550	-0.45805732	-0.72359670	12.89924429	-0.45016630
-0.67063473	12.88389004	-0.54980291	-0.67134940	12.88523270	-0.54231508
-0.70491512	12.92912080	-0.34982847	-0.70404759	12.93096936	-0.34205570
-0.72099140	12.88571713	-0.34846114	-0.72026069	12.88764156	-0.34051973
-0.72612472	12.85048991	-0.34806507	-0.72550650	12.85243096	-0.34000828
-0.30022666	13.09509724	-0.45101887	-0.29956497	13.09575175	-0.44701842
-0.31326608	13.10619506	-0.37758186	-0.31210663	13.10696844	-0.37350331
-0.33395173	13.10721936	-0.30516513	-0.33228980	13.10813647	-0.30093081
-0.58073121	12.96431082	-0.19556504	-0.57849278	12.96599433	-0.18896226
-0.49533144	12.96383385	-0.14419391	-0.49270719	12.96529323	-0.13845145
-0.64407026	12.96073889	-0.26129111	-0.64250038	12.96255111	-0.25397922
-0.62059451	12.98812624	-0.28330318	-0.61906843	12.98981086	-0.27632078
-0.55975005	12.99476892	-0.22418079	-0.55769916	12.99635512	-0.21785712
-0.37938354	12.95107918	-0.10061061	-0.37660382	12.95225872	-0.09586953
-0.47779092	12.96303639	-0.61295681	-0.47871074	12.96359021	-0.60722142
-0.46270152	12.99598881	-0.58721999	-0.46335269	12.99659643	-0.58170749
-0.54570992	12.99654396	-0.56161251	-0.54620112	12.99739559	-0.55540581
-0.56427447	12.96760747	-0.58488053	-0.56499821	12.96844934	-0.57845731
-0.66716315	12.98896528	-0.44934623	-0.66684248	12.99047993	-0.44210894
-0.69291511	12.96238926	-0.45219439	-0.69269173	12.96398865	-0.44469013
-0.64409154	12.96564419	-0.52963970	-0.64441458	12.96691161	-0.52255217
-0.62111597	12.99297975	-0.51506221	-0.62125785	12.99420445	-0.50822581
-0.63351336	13.01706026	-0.44462035	-0.63307694	13.01847307	-0.43772356
-0.59092927	13.01960773	-0.49171951	-0.59082723	13.02078947	-0.48518763
-0.52361136	13.02323195	-0.52556884	-0.52376131	13.02412822	-0.51962776
-0.68638937	12.96080886	-0.35609848	-0.68547428	12.96257527	-0.34856715
-0.66168098	12.98716173	-0.36606453	-0.66076933	12.98882638	-0.35881323
-0.58933514	13.01664093	-0.31372337	-0.58793410	13.01816548	-0.30714579
-0.62807015	13.01514369	-0.38014896	-0.62718558	13.01668112	-0.37326658
-0.53445280	13.02757039	-0.26262581	-0.53262365	13.02903656	-0.25659717
-0.45497934	13.02779344	-0.54872000	-0.45526392	13.02849449	-0.54335733
0.19425022	13.12086202	-0.17548808	0.19644394	13.12106321	-0.17423008
0.16154104	13.15921620	-0.26010814	0.16342238	13.15943539	-0.25875007
0.18832311	13.14688195	-0.27574335	0.19010412	13.14705719	-0.27448543
0.22533170	13.10728672	-0.18802924	0.22742920	13.10743474	-0.18688218
0.13721645	13.16570781	-0.35452839	0.13868085	13.16591294	-0.35308190
0.16256728	13.15421744	-0.37237467	0.16394358	13.15438798	-0.37102944
0.19236476	13.13790249	-0.28585421	0.19408317	13.13806874	-0.28460860
0.22930698	13.09880171	-0.19452643	0.23135766	13.09894136	-0.19339226
0.19888883	13.14559283	-0.28713635	0.20060306	13.14575288	-0.28591371
0.23479848	13.10533019	-0.18955453	0.23686969	13.10546425	-0.18843584
0.17596371	13.15223365	-0.38996322	0.17726582	13.15238812	-0.38866920
0.21910696	13.15800610	-0.41723952	0.22031382	13.15812393	-0.41610702
0.24430399	13.15070873	-0.30643296	0.24591234	13.15081713	-0.30537805
0.27996883	13.10854357	-0.20169152	0.28196252	13.10863339	-0.20073346
0.27253442	12.93395940	-0.05669731	0.27491386	12.93404327	-0.05566556
0.23493287	13.05071028	-0.10169708	0.23731925	13.05086404	-0.10056164
0.27020861	13.03767808	-0.11416076	0.27249686	13.03777709	-0.11315241
0.31099000	12.92042948	-0.07121718	0.31324915	12.92045785	-0.07034731
0.28015481	13.03565184	-0.11490735	0.28241669	13.03573916	-0.11393015
0.32179385	12.91848291	-0.07489180	0.32401296	12.91849863	-0.07405523
0.32467349	13.03399536	-0.12357153	0.32686178	13.03402958	-0.12275393
0.36489467	12.91052255	-0.08189122	0.36703725	12.91048590	-0.08118789
0.38882005	12.72104339	-0.08654826	0.39063954	12.72093728	-0.08595609
0.34937139	12.73491726	-0.08123520	0.35126493	12.73486032	-0.08053168
0.40366891	12.52518350	-0.11812437	0.40501540	12.52501801	-0.11766759
0.36679865	12.54950798	-0.11261478	0.36823854	12.54939695	-0.11204835
0.33839709	12.73713871	-0.07624842	0.34033550	12.73709305	-0.07551179
0.35498316	12.55232778	-0.10742921	0.35646568	12.55222798	-0.10682821
0.31042708	12.56625707	-0.08798730	0.31204624	12.56620594	-0.08721893
0.29753769	12.75473491	-0.05889592	0.29961460	12.75474290	-0.05799599
0.26399378	12.78238756	-0.91457136	0.26395168	12.78245194	-0.91392693
0.25343827	12.85241495	-0.88871960	0.25340553	12.85247342	-0.88794745
0.23436470	12.85825430	-0.82880988	0.23437726	12.85833228	-0.82793048
0.24544117	12.79757680	-0.85324524	0.24541577	12.79766110	-0.85247147
0.23784446	12.92424684	-0.83744987	0.23787296	12.92429945	-0.83655116
0.21836399	12.92273383	-0.78101998	0.21846308	12.92281374	-0.78002850
0.22495984	12.91841055	-0.76312567	0.22507735	12.91849312	-0.76213201
0.24624498	12.80354450	-0.83215316	0.24622746	12.80364221	-0.83133944
0.21771486	12.85888295	-0.81339736	0.21770250	12.85900166	-0.81239972
0.22290212	12.80175722	-0.83692467	0.22283999	12.80189430	-0.83600186
0.20705619	12.92234439	-0.77052581	0.20713889	12.92244719	-0.76945444
0.16632079	12.93453118	-0.75455792	0.16641544	12.93467158	-0.75331610
0.17412620	12.86742991	-0.79372751	0.17412911	12.86758362	-0.79256924
0.17640251	12.80409183	-0.81528696	0.17635781	12.80427326	-0.81419397
0.26948381	12.71250036	-0.94053126	0.26942826	12.71259233	-0.94001289
0.25355998	12.73662920	-0.87820759	0.25351131	12.73673575	-0.87754376
0.25503173	12.75225682	-0.85536467	0.25497635	12.75236316	-0.85463642
0.27314004	12.71585540	-0.86937382	0.27308417	12.71595417	-0.86875380
0.23202608	12.74419532	-0.86449810	0.23191878	12.74434187	-0.86367886
0.18317338	12.73675393	-0.84544693	0.18306251	12.73696579	-0.84443454
0.28970085	12.32698762	-0.15725463	0.29059827	12.32698442	-0.15668441
0.30908053	12.42334044	-0.12331879	0.31027699	12.42329204	-0.12270800
0.35580319	12.42141020	-0.14095747	0.35687049	12.42129807	-0.14050324
0.33953660	12.35231452	-0.17395829	0.34034444	12.35225847	-0.17356209
0.35965590	12.43405227	-0.14825424	0.36071601	12.43394615	-0.14779892
0.36900285	12.41431429	-0.14634759	0.37000350	12.41418274	-0.14593327
0.35255514	12.34671910	-0.18103750	0.35319932	12.34664805	-0.18071634
0.40506300	12.38061681	-0.15577882	0.40591279	12.38041449	-0.15548448
0.12223269	13.13995266	-0.45910557	0.12322228	13.14013433	-0.45758820
0.15176831	13.12655662	-0.47419881	0.15270064	13.12670874	-0.47280284
0.12221079	13.08737090	-0.56721141	0.12276000	13.08753047	-0.56570564
0.15750426	13.07207714	-0.57912120	0.15803033	13.07220974	-0.57776082
0.16363167	13.11525946	-0.48133835	0.16453480	13.11540358	-0.47999088
0.16950954	13.12163354	-0.48171508	0.17042362	13.12177048	-0.48039159
0.17695667	13.06538801	-0.57603276	0.17751070	13.06550421	-0.57475603
0.20268693	13.07072583	-0.61613573	0.20316458	13.07081583	-0.61496194
0.20416200	13.12737667	-0.51535381	0.20497550	13.12748495	-0.51417268
0.21729805	13.00025817	-0.73523177	0.21750390	13.00033514	-0.73417885
0.19618048	12.99552601	-0.68637308	0.19646435	12.99562928	-0.68522133
0.18147669	12.99862908	-0.68528248	0.18173785	12.99874761	-0.68405430
0.14291498	13.01337398	-0.67263660	0.14317904	13.01352395	-0.67124124
0.40288349	13.09042659	-0.25834068	0.40455360	13.09038900	-0.25777137
0.44033892	13.00986940	-0.17511436	0.44219648	13.00978271	-0.17463979
0.46940325	12.87883450	-0.12925563	0.47122468	12.87868574	-0.12885639
0.30933969	12.98970030	-0.85613893	0.30937395	12.98969795	-0.85539693
0.33330014	12.91202866	-0.94622418	0.33323179	12.91204761	-0.94560349
0.29202550	13.05896505	-0.74348201	0.29226978	13.05896827	-0.74264947
0.15435967	12.96229159	-0.04729077	0.15693633	12.96254860	-0.04578765
0.13174422	13.06678051	-0.09166627	0.13430093	13.06708408	-0.09011058
0.10767508	13.13029508	-0.16136640	0.11000366	13.13062556	-0.15974697
0.08539936	13.02696267	-0.61124017	0.08576076	13.02715412	-0.60959269
0.06691529	13.09251633	-0.53260451	0.06754316	13.09273126	-0.53086102
0.10452525	12.95518035	-0.66657811	0.10477181	12.95538799	-0.66505698
0.48289597	12.68330185	-0.12957423	0.48443548	12.68310095	-0.12925061
0.48970154	12.47361784	-0.15875085	0.49075819	12.47335916	-0.15851579
0.34299584	12.83144656	-1.00031451	0.34288983	12.83148885	-0.99983929
0.34455652	12.75649891	-1.03021104	0.34445070	12.75656802	-1.02984290
0.48752044	12.33616658	-0.19828212	0.48807845	12.33592530	-0.19820205
0.34406082	12.69663991	-1.04988638	0.34396093	12.69672651	-1.04963476
0.16928996	12.47158257	-0.09484046	0.17080813	12.47175189	-0.09361684
0.17785228	12.62748310	-0.06486332	0.17978138	12.62762303	-0.06356093
0.10646521	12.75494571	-0.73754955	0.10648178	12.75522407	-0.73617220
0.10658812	12.82340784	-0.71341424	0.10667418	12.82366175	-0.71198226
0.17154408	12.80707013	-0.04321641	0.17389172	12.80724832	-0.04179182
0.10837819	12.88873348	-0.69503151	0.10850676	12.88896841	-0.69355148
0.33204439	13.14262209	-0.49514526	0.33295982	13.14263809	-0.49437970
0.30328843	13.11357947	-0.62124098	0.30382225	13.11358572	-0.62039757
0.36593154	13.13468756	-0.36969226	0.36725054	13.13468397	-0.36901339
0.07123866	13.16379200	-0.33283625	0.07280492	13.16408353	-0.33110149
0.06343464	13.13935764	-0.43474371	0.06450584	13.13961071	-0.43297871
0.08691458	13.16161167	-0.24174489	0.08891824	13.16194014	-0.24006004
0.88164196	11.96606946	-0.58624949	0.88147619	11.96583332	-0.58651564
0.81676000	12.01719950	-0.47386000	0.81676000	12.01719950	-0.47386000
0.92188919	11.93838894	-0.71570125	0.92165757	11.93809527	-0.71608351
0.90943916	12.00485834	-0.72042280	0.90924268	12.00456601	-0.72079684
0.87405974	12.05146103	-0.63367404	0.87394396	12.05118900	-0.63399324
0.80623304	12.11392642	-0.53007533	0.80624514	12.11372170	-0.53031223
0.95494360	11.93113631	-0.84024189	0.95466030	11.93085359	-0.84068640
0.97399729	11.94737382	-0.95171092	0.97364428	11.94712451	-0.95218828
0.94220888	12.06539804	-0.93477312	0.94190762	12.06515091	-0.93520121
0.92809362	12.03481056	-0.81705470	0.92785522	12.03453163	-0.81746245
0.97320021	11.98990520	-1.04485681	0.97279157	11.98968824	-1.04533591
0.93855717	12.06490651	-1.13158828	0.93811472	12.06473541	-1.13202601
0.91544367	12.12756874	-1.10899460	0.91505898	12.12740381	-1.10939797
0.93941257	12.10054151	-1.03252830	0.93906508	12.10033262	-1.03295054
0.85778429	12.18330573	-1.22227998	0.85736662	12.18321804	-1.22263582
0.74134529	12.33427540	-1.27226404	0.74101814	12.33429629	-1.27249994
0.74551148	12.36230903	-1.20039368	0.74525681	12.36228920	-1.20061312
0.85604859	12.22903520	-1.15945301	0.85570274	12.22892648	-1.15979087
0.60060848	12.48346266	-1.23781699	0.60049683	12.48351715	-1.23782864
0.47057435	12.61384237	-1.15229256	0.47051980	12.61387979	-1.15224518
0.49420000	12.61570000	-1.07906000	0.49420000	12.61570000	-1.07906000
0.61447000	12.50220000	-1.16283000	0.61447000	12.50220000	-1.16283000
0.38235291	12.64723963	-1.04884728	0.38229358	12.64729107	-1.04873494
0.33145443	12.64744900	-0.95505597	0.33140963	12.64753615	-0.95482078
0.37140000	12.64100070	-0.89641000	0.37140000	12.64100070	-0.89641000
0.41679000	12.64250090	-0.98287004	0.41679000	12.64250090	-0.98287004
0.31303803	12.67881794	-0.89428432	0.31302011	12.67888189	-0.89387627
0.30843347	12.70623322	-0.86609929	0.30840279	12.70628898	-0.86559817
0.33673179	12.69419386	-0.80906293	0.33673635	12.69423678	-0.80859235
0.34651007	12.66913757	-0.83786352	0.34653820	12.66916286	-0.83753044
0.29916148	12.69354318	-0.86957739	0.29908263	12.69361313	-0.86902853
0.25583338	12.68380722	-0.83879537	0.25574869	12.68396627	-0.83806895
0.29666103	12.68095193	-0.77002985	0.29669384	12.68106456	-0.76939601
0.33541021	12.68281947	-0.80753815	0.33538515	12.68286744	-0.80704690
0.14955174	12.71945605	-0.70678950	0.14962135	12.71970684	-0.70557705
0.01767322	12.77416429	-0.56065689	0.01795061	12.77459472	-0.55877778
0.02416526	12.81144290	-0.48345435	0.02473226	12.81183874	-0.48155963
0.17419964	12.73459644	-0.63168618	0.17440816	12.73482703	-0.63051253
-0.09837259	12.81726767	-0.49074973	-0.09791380	12.81778409	-0.48809889
-0.20763000	12.84908090	-0.48593814	-0.20727243	12.84964879	-0.48242493
-0.20812823	12.91785297	-0.42577406	-0.20742436	12.91846847	-0.42232155
-0.09748481	12.87650293	-0.42005240	-0.09667798	12.87701438	-0.41738473
-0.31962419	12.86914893	-0.53507371	-0.31980166	12.86973059	-0.53057751
-0.42636397	12.87929279	-0.59164775	-0.42715664	12.87985369	-0.58616650
-0.43856456	12.90807833	-0.53940989	-0.43894774	12.90877170	-0.53391672
-0.32525931	12.92280201	-0.48056120	-0.32503790	12.92346172	-0.47613208
-0.51849943	12.88245236	-0.60991428	-0.51957010	12.88311363	-0.60361357
-0.59790008	12.88042797	-0.58968890	-0.59890178	12.88136804	-0.58274521
-0.59403635	12.88403703	-0.55457757	-0.59475557	12.88507562	-0.54769028
-0.53659072	12.89186758	-0.55982789	-0.53727301	12.89273211	-0.55342743
-0.66831095	12.87593102	-0.53068956	-0.66890685	12.87731539	-0.52319821
-0.71269848	12.86587056	-0.44598267	-0.71271304	12.86757571	-0.43809925
-0.67299640	12.88166926	-0.42158330	-0.67280209	12.88329345	-0.41402826
-0.64044113	12.88578785	-0.50242594	-0.64079599	12.88713156	-0.49516772
-0.71223664	12.84503125	-0.34828296	-0.71163968	12.84694038	-0.34031281
-0.68026269	12.79765614	-0.26090975	-0.67914639	12.79954974	-0.25315683
-0.65988921	12.80341628	-0.27626841	-0.65889231	12.80525634	-0.26870354
-0.67476452	12.85016058	-0.33461139	-0.67407587	12.85200727	-0.32691006
-0.62856271	12.72065881	-0.20612725	-0.62713540	12.72240642	-0.19894217
-0.55116789	12.65705960	-0.16886600	-0.54957479	12.65860972	-0.16241950
-0.53567504	12.71606111	-0.20128554	-0.53424538	12.71758206	-0.19500259
-0.61622651	12.76260002	-0.23973607	-0.61501094	12.76433245	-0.23264144
-0.43888986	12.64842547	-0.13498023	-0.43704748	12.64972682	-0.12961353
-0.31002990	12.62461640	-0.11204758	-0.30813407	12.62561212	-0.10788870
-0.29363692	12.67843414	-0.14163683	-0.29183357	12.67941515	-0.13756149
-0.42199097	12.70572637	-0.16618991	-0.42028794	12.70698425	-0.16098941
-0.17478833	12.51838210	-0.11005405	-0.17315817	12.51911755	-0.10703673
-0.02819122	12.40149049	-0.12580874	-0.02689694	12.40197032	-0.12375514
-0.02638356	12.47140752	-0.15651606	-0.02511053	12.47191096	-0.15440672
-0.16401557	12.58137964	-0.13886179	-0.16242663	12.58212558	-0.13584941
0.13126338	12.34043823	-0.15293213	0.13228617	12.34070034	-0.15168210
0.25813727	12.32138226	-0.18296122	0.25893680	12.32145770	-0.18227205
0.23631850	12.38171188	-0.23388397	0.23702522	12.38189282	-0.23304077
0.12061083	12.40811064	-0.19348382	0.12157700	12.40842777	-0.19211531
0.30715099	12.35571529	-0.20577950	0.30786635	12.35575821	-0.20526244
0.29175373	12.44004671	-0.27414699	0.29245424	12.44017739	-0.27348383
0.28365224	12.41222198	-0.26011242	0.28432915	12.41235630	-0.25943932
0.31738461	12.34653996	-0.21928761	0.31795124	12.34662865	-0.21887496
0.34620000	12.27620000	-0.23202000	0.34620000	12.27620000	-0.23202000
0.32206631	12.33400096	-0.28764201	0.32248248	12.33417604	-0.28727280
0.29045045	12.39883600	-0.27588075	0.29107003	12.39901138	-0.27529290
0.44425997	12.21770000	-0.27141000	0.44425997	12.21770000	-0.27141000
0.57587000	12.16340070	-0.32883000	0.57587000	12.16340070	-0.32883000
0.57078218	12.24253634	-0.38303206	0.57097908	12.24243694	-0.38306845
0.42936191	12.28609073	-0.32677067	0.42962241	12.28609710	-0.32664109
0.70622003	12.08180000	-0.39380000	0.70622003	12.08180000	-0.39380000
0.70086134	12.18065123	-0.44842438	0.70098897	12.18048120	-0.44857230
0.76248461	12.39434016	-1.04928502	0.76232664	12.39424987	-1.04948234
0.86457467	12.24566956	-1.04895336	0.86430610	12.24551597	-1.04928698
0.78207414	12.37743392	-0.86124903	0.78200041	12.37727169	-0.86146857
0.87395561	12.22390913	-0.90858931	0.87376245	12.22369785	-0.90893615
0.79538963	12.26242360	-0.67391820	0.79539577	12.26219882	-0.67418278
0.87408599	12.14967777	-0.75647744	0.87394725	12.14941671	-0.75682199
0.53227491	12.60842167	-0.90209400	0.53224089	12.60839034	-0.90201338
0.64604868	12.52283126	-0.99070531	0.64598767	12.52279479	-0.99075868
0.56436929	12.53865955	-0.69061554	0.56449311	12.53858415	-0.69054076
0.67704277	12.47893859	-0.78142264	0.67706202	12.47881527	-0.78150763
0.57167809	12.38634549	-0.51066536	0.57192405	12.38624319	-0.51064467
0.69277933	12.34002247	-0.58985990	0.69290949	12.33984810	-0.59000881
-0.21437043	12.91385691	-0.34060011	-0.21321574	12.91456191	-0.33712734
-0.10778275	12.87017258	-0.33220078	-0.10661807	12.87074919	-0.32944184
-0.23142897	12.85672035	-0.25254860	-0.22987140	12.85751768	-0.24894352
-0.12467183	12.80609800	-0.24690091	-0.12316851	12.80672693	-0.24403769
-0.00966663	12.73821425	-0.28948675	-0.00848007	12.73870918	-0.28735133
0.01036999	12.80369892	-0.38653800	0.01126523	12.80411931	-0.38453927
-0.26322738	12.76722843	-0.18749339	-0.26150771	12.76813918	-0.18364225
-0.14597993	12.69312927	-0.18369567	-0.14440807	12.69382562	-0.18072171
-0.02103401	12.60614973	-0.21233394	-0.01976393	12.60666391	-0.21017493
-0.56612156	12.91538071	-0.47603867	-0.56616913	12.91653792	-0.46945968
-0.59475529	12.91373538	-0.38065660	-0.59419353	12.91519694	-0.37382515
-0.48565749	12.93155659	-0.33322724	-0.48462334	12.93277804	-0.32747909
-0.45937141	12.94103968	-0.44142959	-0.45902260	12.94198942	-0.43588531
-0.60902812	12.84621117	-0.29670863	-0.60812094	12.84792080	-0.28959296
-0.51334336	12.83235738	-0.25262823	-0.51204642	12.83379224	-0.24655527
-0.33675864	12.93938841	-0.38646672	-0.33591277	12.94022358	-0.38203230
-0.35738183	12.90578891	-0.28588924	-0.35595886	12.90679706	-0.28129880
-0.39101360	12.80997990	-0.21398536	-0.38940374	12.81114887	-0.20908117
0.29221097	12.63943541	-0.64534564	0.29237584	12.63957855	-0.64460944
0.33377685	12.63595870	-0.66993708	0.33390025	12.63604895	-0.66934216
0.26760291	12.57273797	-0.49435650	0.26795845	12.57293342	-0.49350170
0.31383385	12.57154804	-0.50556930	0.31416452	12.57167483	-0.50486537
0.31840201	12.58954778	-0.49018515	0.31880497	12.58967015	-0.48950334
0.33498615	12.65022734	-0.66159901	0.33515134	12.65031361	-0.66101019
0.34207805	12.63268736	-0.68454214	0.34220736	12.63276567	-0.68399365
0.32059201	12.57538686	-0.50518716	0.32095110	12.57551415	-0.50452853
0.35250794	12.55558107	-0.54661124	0.35278251	12.55567640	-0.54605153
0.37137661	12.61415256	-0.73584785	0.37145438	12.61421946	-0.73540171
0.32953716	12.44122346	-0.39455425	0.32999474	12.44137046	-0.39402126
0.29776334	12.48784558	-0.37007349	0.29833281	12.48799451	-0.36939346
0.29187263	12.49185920	-0.36477139	0.29242885	12.49200164	-0.36404350
0.24447140	12.47793268	-0.34718403	0.24503344	12.47815481	-0.34629508
0.44543111	12.55410232	-0.61029540	0.44564359	12.55411969	-0.60996512
0.43744817	12.62181204	-0.81287304	0.43745188	12.62183462	-0.81262727
0.43545419	12.41239805	-0.44386208	0.43579157	12.41242380	-0.44361368
0.14016809	12.64074207	-0.39792999	0.14083745	12.64105135	-0.39653642
0.16411893	12.71102124	-0.52147151	0.16455132	12.71129843	-0.52019255
0.12368608	12.52389593	-0.28162560	0.12450319	12.52424585	-0.28019225
0.16841174	13.14464659	-0.38481323	0.16972716	13.14480787	-0.38349009
0.27317985	13.03133188	-0.12136182	0.27541846	13.03142598	-0.12036251
0.31294915	12.91700233	-0.08066298	0.31515280	12.91702882	-0.07980069
0.34044621	12.73645915	-0.08679474	0.34233323	12.73641573	-0.08606136
0.35786585	12.55669501	-0.11739082	0.35931386	12.55660195	-0.11679849
0.23838356	12.85756265	-0.80771149	0.23841062	12.85764670	-0.80681159
0.34461832	12.37446937	-0.18123119	0.34541610	12.37442165	-0.18082471
0.17506153	13.06022138	-0.57871098	0.17559976	13.06034159	-0.57742555
0.19972261	12.99036375	-0.67974413	0.20001432	12.99046689	-0.67859886
0.89595330	11.96074498	-0.57285415	0.89578965	11.96050404	-0.57313031
0.82731917	12.01968921	-0.45674566	0.82734120	12.01968544	-0.45675698
0.93927266	11.92406139	-0.70714079	0.93903467	11.92376040	-0.70753093
0.74477159	12.33293683	-1.28778766	0.74443105	12.33296303	-1.28802774
0.46084300	12.61967729	-1.16585162	0.46077841	12.61972235	-1.16579345
0.35276627	12.65783996	-1.05685485	0.35268730	12.65791248	-1.05666836
0.28659161	12.66134837	-0.95729285	0.28654027	12.66145110	-0.95692296
0.27182664	12.69137635	-0.89487971	0.27178003	12.69148131	-0.89435001
0.25410361	12.70280087	-0.88016890	0.25394603	12.70293395	-0.87943764
0.20581119	12.68891419	-0.86084588	0.20565288	12.68912834	-0.85994072
0.11763804	12.71099937	-0.74328656	0.11763364	12.71128598	-0.74198116
0.00904736	12.74556485	-0.60815571	0.00919492	12.74601658	-0.60626305
-0.20213635	12.78611792	-0.52737027	-0.20201832	12.78667485	-0.52384701
-0.31181491	12.82689521	-0.56645473	-0.31219050	12.82743816	-0.56196014
-0.50795184	12.88673652	-0.63353174	-0.50918788	12.88729887	-0.62732477
-0.58953180	12.89087359	-0.61354604	-0.59067563	12.89170651	-0.60669686
-0.72552908	12.87008693	-0.45691900	-0.72560441	12.87181596	-0.44895225
-0.17557580	12.52788939	-0.08775728	-0.17379223	12.52860486	-0.08471867
0.15003441	12.35586852	-0.12880880	0.15118769	12.35607807	-0.12762242
0.31438297	12.38363921	-0.21843398	0.31509423	12.38369229	-0.21792215
0.38479815	12.29282360	-0.19467850	0.38501889	12.29270480	-0.19463909
0.47022777	12.23652004	-0.23861232	0.47036648	12.23641962	-0.23859954
0.71429141	12.09175442	-0.37196188	0.71432153	12.09173464	-0.37198286
0.29887743	12.51491423	-0.36305177	0.29949361	12.51504542	-0.36234495
0.58551666	12.77735257	-0.54011174	0.58604812	12.77720069	-0.54000476
0.30618357	12.98863639	-0.52388904	0.30688319	12.98867608	-0.52306896
0.04411838	12.99587869	-0.24675495	0.04587537	12.99625334	-0.24484660
0.11086087	13.07785374	-0.29501716	0.11249313	13.07812034	-0.29342803
0.32692720	12.86817318	-0.28848827	0.32827743	12.86818922	-0.28773902
0.03417629	12.96787327	-0.40545567	0.03519006	12.96821484	-0.40354869
0.12808427	13.04520723	-0.40547711	0.12919490	13.04542378	-0.40398592
0.36566589	12.82288548	-0.68889024	0.36588305	12.82287244	-0.68831628
0.17155992	13.02947294	-0.16827151	0.17365675	13.02969148	-0.16690275
0.21815704	12.81458109	-0.78628803	0.21818589	12.81471170	-0.78532880
0.33131858	12.75821699	-0.52554569	0.33184393	12.75828802	-0.52484640
0.32631110	12.88598913	-0.83632594	0.32633695	12.88598464	-0.83566757
0.39945577	12.43552859	-0.24218245	0.40022136	12.43547144	-0.24180777
0.24908726	13.04625798	-0.43867273	0.25010794	13.04634388	-0.43764953
0.47628826	12.68463041	-0.66500735	0.47649958	12.68458335	-0.66471776
0.69750864	12.74953441	-0.77209903	0.69765029	12.74938102	-0.77214230
0.33849321	12.93960534	-0.19420954	0.34026511	12.93960798	-0.19345769
-0.41333328	12.91795185	-0.19509467	-0.41124624	12.91916587	-0.19005004
0.16496970	13.08182519	-0.23773784	0.16684567	13.08204088	-0.23636334
0.32267808	12.94559135	-0.68212742	0.32297827	12.94559742	-0.68139752
-0.50384111	12.92016181	-0.22504081	-0.50200073	12.92158032	-0.21915250
0.23641370	13.03122472	-0.31994972	0.23785125	13.03132750	-0.31887052
0.29733181	12.45938579	-0.19544177	0.29833804	12.45943970	-0.19477650
0.12616451	13.09870323	-0.35797744	0.12753797	13.09892435	-0.35647345
0.21312304	13.07672229	-0.47992318	0.21402121	13.07683579	-0.47877402
0.26232634	12.61277657	-0.23750060	0.26348291	12.61289347	-0.23659023
0.16946172	12.93724450	-0.49830475	0.17013401	12.93743312	-0.49700551
0.27520863	12.89015768	-0.82524105	0.27523705	12.89019064	-0.82444295
0.28221583	12.83959306	-0.82892478	0.28222571	12.83963397	-0.82818788
0.23243716	13.02132346	-0.53617121	0.23310215	13.02141998	-0.53509771
0.38597434	12.79877548	-0.19320137	0.38750047	12.79870894	-0.19260935
0.50106979	12.59166719	-0.43092093	0.50165247	12.59156280	-0.43069765
0.30390506	12.76024501	-0.88300877	0.30388088	12.76028574	-0.88245166
0.16030669	12.96406777	-0.63349189	0.16066278	12.96422780	-0.63218661
0.39594593	12.37508065	-0.21967501	0.39660078	12.37498276	-0.21938190
0.36269188	12.48377039	-0.30822369	0.36340079	12.48380067	-0.30772086
0.20707751	12.86869061	-0.17659093	0.20887973	12.86885465	-0.17534766
0.38843234	12.72993032	-0.90740859	0.38842458	12.72992569	-0.90711544
0.29515847	12.79241129	-0.84373304	0.29514507	12.79245448	-0.84308999
0.15613683	13.11413214	-0.26996378	0.15791147	13.11434972	-0.26856725
0.42226168	12.60616181	-0.24374748	0.42337814	12.60608151	-0.24331312
0.21324551	12.85945802	-0.76254323	0.21332172	12.85957707	-0.76152651
0.42664200	12.71293244	-0.82425871	0.42665790	12.71290915	-0.82394793
0.82622706	12.74567253	-0.86810243	0.82630841	12.74550011	-0.86826571
0.56417243	12.79158406	-0.92540313	0.56413045	12.79152388	-0.92523874
0.35032385	12.68566967	-0.19363441	0.35170379	12.68564880	-0.19297388
0.26213541	12.76286622	-0.17341400	0.26376099	12.76295108	-0.17242665
