0.85924112	12.73173916	-0.42372013	0.85986280	12.73135579	-0.42396714
0.83180902	12.87012224	-0.45208341	0.83256513	12.86975676	-0.45232209
0.90720902	12.82769152	-0.55097721	0.90786796	12.82724497	-0.55125948
0.93806903	12.69416208	-0.53686735	0.93861087	12.69369157	-0.53716603
0.79004206	12.96145196	-0.51202402	0.79086232	12.96112555	-0.51224310
0.86931824	12.91421432	-0.59351161	0.87003832	12.91380151	-0.59377379
0.91784943	12.87053833	-0.65420610	0.91848902	12.87007123	-0.65449192
0.95561726	12.80008878	-0.64889621	0.95619486	12.79958276	-0.64920231
0.98910093	12.67048906	-0.65050731	0.98959085	12.66995264	-0.65083736
0.72007623	12.76328955	-1.16578158	0.72026928	12.76306736	-1.16590213
0.84210093	12.71099051	-1.14516363	0.84226837	12.71063862	-1.14536096
0.81283453	12.81764791	-1.07607400	0.81315177	12.81730992	-1.07625838
0.69090096	12.86554004	-1.09183374	0.69123830	12.86532060	-1.09194538
0.94362458	12.67556621	-1.08349171	0.94380618	12.67509434	-1.08376110
0.91276546	12.78708457	-1.02448695	0.91309945	12.78664246	-1.02474274
0.87445785	12.85604529	-0.97347632	0.87488746	12.85563611	-0.97371107
0.79576405	12.89773925	-0.98809862	0.79620999	12.89739546	-0.98828477
0.67411920	12.94532744	-0.99265197	0.67459497	12.94510088	-0.99277145
0.60637722	12.83249805	-0.20975090	0.60723910	12.83238035	-0.20984600
0.58944483	12.96963303	-0.25734153	0.59044579	12.96953356	-0.25743336
0.72253169	12.92013158	-0.35103622	0.72340874	12.91988362	-0.35121027
0.74257276	12.78060487	-0.31074550	0.74330910	12.78034201	-0.31092099
0.55943551	13.05631225	-0.34157752	0.56048745	13.05624377	-0.34165746
0.68699433	13.01087304	-0.42657147	0.68793045	13.01066076	-0.42673047
0.47268961	12.88136565	-1.06373127	0.47303976	12.88135883	-1.06372487
0.59773591	12.82564286	-1.13717993	0.59799837	12.82552916	-1.13723094
0.56884299	12.91816624	-1.06473420	0.56923977	12.91806018	-1.06478447
0.44591045	12.96407718	-0.98907522	0.44640287	12.96409295	-0.98906711
0.55045170	12.99279367	-0.96314033	0.55099519	12.99269577	-0.96319683
0.42680799	13.03365979	-0.88642843	0.42745155	13.03370051	-0.88642087
-0.00174827	12.99446205	-0.06464768	-0.00055568	12.99510190	-0.06434426
-0.13026923	13.00744346	-0.08611540	-0.12906895	13.00825832	-0.08572341
-0.13229780	13.08078585	-0.13277057	-0.13102807	13.08160526	-0.13237694
-0.00720589	13.08174763	-0.10869304	-0.00592458	13.08239669	-0.10838571
-0.24929806	13.01008781	-0.12194454	-0.24811410	13.01106890	-0.12147074
-0.24991567	13.07140591	-0.17047409	-0.24867961	13.07239017	-0.16999904
-0.25109567	13.11250398	-0.23605330	-0.24984624	13.11349174	-0.23557773
-0.13415419	13.12761419	-0.19899540	-0.13286504	13.12843724	-0.19860108
-0.01197106	13.13570728	-0.17459572	-0.01066110	13.13636424	-0.17428611
0.04067556	12.97983149	-0.58910434	0.04148464	12.98039560	-0.58883322
0.02642364	13.04237429	-0.56358400	0.02733472	13.04296086	-0.56330650
-0.05453388	13.04510051	-0.55274696	-0.05360277	13.04580287	-0.55241092
-0.04095869	12.98878131	-0.56836133	-0.04011701	12.98946198	-0.56803373
0.00758947	13.09654184	-0.51618496	0.00860979	13.09716101	-0.51589618
-0.07550138	13.09160648	-0.51702633	-0.07448042	13.09234108	-0.51667654
-0.16920997	13.08514197	-0.53281359	-0.16820125	13.08601249	-0.53240070
-0.14709417	13.04393506	-0.56873588	-0.14616827	13.04477181	-0.56833810
-0.13292167	12.99260702	-0.58615320	-0.13208112	12.99342124	-0.58576463
0.98839138	12.28213283	-0.67596183	0.98840553	12.28164202	-0.67625219
0.96421601	12.06373700	-0.69105957	0.96398979	12.06328779	-0.69129166
0.91358405	12.09231416	-0.55510729	0.91352038	12.09199568	-0.55529276
0.93093695	12.29828538	-0.54005066	0.93104780	12.29789669	-0.54028843
0.83695093	12.14420261	-0.43307042	0.83699584	12.14402891	-0.43319467
0.84633523	12.32489882	-0.41401985	0.84651833	12.32461287	-0.41420514
0.97729394	12.37286545	-1.14566502	0.97709731	12.37234453	-1.14595100
0.88271837	12.43509944	-1.21375503	0.88255848	12.43469869	-1.21397757
0.87515292	12.27558347	-1.23844101	0.87477865	12.27518630	-1.23865636
0.96653016	12.18161919	-1.16074236	0.96609104	12.18110505	-1.16101058
0.75676277	12.51391742	-1.24122579	0.75670999	12.51370349	-1.24135982
0.75041462	12.39362924	-1.27257764	0.75017290	12.39341386	-1.27271250
0.86110647	12.17103543	-1.24606148	0.86059646	12.17065255	-1.24626330
0.94554595	12.04727544	-1.15837996	0.94494019	12.04678648	-1.15861387
0.99787476	12.49077453	-0.66146164	0.99812897	12.49025277	-0.66177242
0.94200572	12.50789973	-0.53453165	0.94233413	12.50745321	-0.53480963
0.85861176	12.53773607	-0.41190083	0.85902064	12.53738063	-0.41212906
0.86877119	12.58203349	-1.18669066	0.86879929	12.58166456	-1.18689976
0.96772814	12.53752997	-1.12198177	0.96773602	12.53702735	-1.12226495
0.74404132	12.64171168	-1.21056996	0.74410986	12.64149835	-1.21070692
0.60458745	12.41845829	-0.22689481	0.60490390	12.41834829	-0.22696544
0.60814372	12.63314291	-0.20464541	0.60875998	12.63302453	-0.20472838
0.74050472	12.58182939	-0.29983691	0.74100613	12.58158505	-0.29999557
0.73112836	12.36825790	-0.31025275	0.73137944	12.36806782	-0.31037362
0.47012595	12.70503981	-1.15080719	0.47020954	12.70505279	-1.15080822
0.61245032	12.61436784	-1.21982721	0.61247379	12.61432632	-1.21986026
0.61046265	12.71780030	-1.18644162	0.61056883	12.71770606	-1.18648277
0.47700352	12.78873940	-1.11710075	0.47720955	12.78873863	-1.11709356
0.58692450	12.17453243	-0.30195273	0.58694649	12.17451431	-0.30196144
0.59946699	12.27951176	-0.26340041	0.59960354	12.27942861	-0.26345379
0.72500505	12.21433759	-0.33896116	0.72510184	12.21421031	-0.33904112
0.59962105	12.48667834	-1.25170839	0.59953747	12.48666972	-1.25170255
0.60640334	12.53387184	-1.24360671	0.60636686	12.53384544	-1.24360987
0.46323313	12.64951724	-1.16651351	0.46326279	12.64954183	-1.16651910
0.00378825	12.71664738	-0.06338704	0.00460891	12.71727578	-0.06309067
-0.14423047	12.78666486	-0.07003421	-0.14331979	12.78749450	-0.06963732
-0.13313238	12.90931959	-0.06772600	-0.13205285	12.91013636	-0.06733321
0.00498866	12.87102699	-0.05283342	0.00602304	12.87165601	-0.05253556
-0.27984036	12.83896403	-0.09412091	-0.27887306	12.83998494	-0.09363102
-0.26038660	12.93385004	-0.09821476	-0.25929126	12.93484495	-0.09773489
0.03497088	12.85039350	-0.61804157	0.03558909	12.85095836	-0.61775738
0.04202358	12.91572012	-0.60552219	0.04273594	12.91627941	-0.60524842
-0.03876115	12.92695228	-0.57764439	-0.03801123	12.92762765	-0.57731644
-0.04769832	12.86220133	-0.58154889	-0.04703891	12.86288857	-0.58121317
-0.13032149	12.93526092	-0.59432541	-0.12956698	12.93607054	-0.59393809
-0.14062761	12.87451763	-0.59303056	-0.13995832	12.87534218	-0.59263594
-0.02918938	12.42124410	-0.11755372	-0.02879963	12.42191930	-0.11724663
-0.16684251	12.63977495	-0.08763047	-0.16614440	12.64063501	-0.08722534
-0.01284158	12.54618795	-0.08722922	-0.01226582	12.54683914	-0.08692797
-0.31841051	12.63386058	-0.12558884	-0.31774848	12.63493690	-0.12508632
-0.30383430	12.72147779	-0.10567668	-0.30303724	12.72253199	-0.10517753
0.02412366	12.78417532	-0.62973267	0.02464624	12.78475179	-0.62943283
-0.06771617	12.79591505	-0.57851464	-0.06714538	12.79663223	-0.57816426
-0.08564983	12.76906103	-0.55830159	-0.08510586	12.76980593	-0.55794105
-0.16515854	12.81218509	-0.58076964	-0.16456994	12.81304629	-0.58035955
-0.37193719	13.00812970	-0.17073482	-0.37078443	13.00928769	-0.17017767
-0.36387828	13.05815304	-0.21659279	-0.36268675	13.05930227	-0.21604008
-0.48218130	13.00208117	-0.22700770	-0.48107107	13.00339926	-0.22637392
-0.46226066	13.04262211	-0.26810980	-0.46112213	13.04391527	-0.26748896
-0.44009385	13.07564584	-0.31848360	-0.43894321	13.07690954	-0.31787794
-0.35390178	13.09506269	-0.27579732	-0.35269868	13.09619994	-0.27525190
-0.25150962	13.04239457	-0.58791937	-0.25059325	13.04338480	-0.58745022
-0.23757556	12.99704728	-0.61287298	-0.23674158	12.99801650	-0.61241397
-0.27133439	13.07900358	-0.54745627	-0.27033809	13.08002324	-0.54697269
-0.36612303	13.07103775	-0.55576999	-0.36513956	13.07219931	-0.55521939
-0.35162525	13.03965390	-0.60064808	-0.35071753	13.04079393	-0.60010872
-0.34235609	13.00122988	-0.63446354	-0.34152780	13.00235545	-0.63393135
-0.23938465	12.94853037	-0.62864643	-0.23863116	12.94950176	-0.62818669
-0.35020807	12.96232055	-0.65916001	-0.34945302	12.96345750	-0.65862303
-0.36522782	12.92508119	-0.67317858	-0.36453764	12.92623935	-0.67263059
-0.25250274	12.89909313	-0.63306256	-0.25182354	12.90008407	-0.63259511
-0.52706190	12.89682607	-0.18609714	-0.52607180	12.89820294	-0.18543859
-0.54803505	12.77495990	-0.19136827	-0.54721592	12.77636475	-0.19070614
-0.62403364	12.81215583	-0.24873093	-0.62319866	12.81367144	-0.24801486
-0.60523192	12.90800788	-0.24817527	-0.60426640	12.90949941	-0.24746244
-0.55694630	12.67025934	-0.20843336	-0.55627991	12.67167735	-0.20777716
-0.63199692	12.72957790	-0.26041095	-0.63127957	12.73110459	-0.25970370
-0.68012052	12.79950754	-0.33053716	-0.67935076	12.80110757	-0.32978600
-0.67344320	12.85176697	-0.32489273	-0.67260325	12.85335923	-0.32413816
-0.65701216	12.91472525	-0.32666617	-0.65608791	12.91629711	-0.32591665
-0.44744339	12.65948403	-0.16090891	-0.44676571	12.66074487	-0.16032379
-0.43544829	12.75564519	-0.14210362	-0.43462623	12.75688876	-0.14151665
-0.41226835	12.87475996	-0.13400828	-0.41127594	12.87597181	-0.13342833
-0.46102066	12.94129786	-0.68383489	-0.46031070	12.94260237	-0.68321793
-0.46811891	12.91430588	-0.69437362	-0.46745676	12.91562062	-0.69375036
-0.37760416	12.89184367	-0.67494675	-0.37696432	12.89301933	-0.67438959
-0.54750492	12.94691688	-0.66360909	-0.54676811	12.94835016	-0.66293099
-0.55248048	12.92020855	-0.67833780	-0.55179131	12.92164736	-0.67765616
-0.38851695	12.87513823	-0.66447837	-0.38789411	12.87632954	-0.66391419
-0.27256367	12.85103166	-0.62508384	-0.27194855	12.85205218	-0.62460444
0.90601053	12.87892900	-0.90510671	0.90651115	12.87848481	-0.90536747
0.80654782	12.94697006	-0.89038550	0.80710934	12.94661199	-0.89059615
0.92331560	12.89299695	-0.81647151	0.92388859	12.89252900	-0.81674558
0.82879663	12.96667160	-0.78615431	0.82944308	12.96629284	-0.78638899
0.71918726	13.02381623	-0.74412090	0.71992670	13.02355177	-0.74429629
0.68820773	12.99990016	-0.87293475	0.68882552	12.99965942	-0.87308430
0.92477419	12.88914181	-0.72472953	0.92539006	12.88866843	-0.72501434
0.84652090	12.95781357	-0.67978700	0.84723158	12.95741974	-0.68003489
0.75279460	13.01171167	-0.61715995	0.75360110	13.01141948	-0.61735810
1.00429522	12.66388741	-0.98948494	1.00453063	12.66333624	-0.98980406
0.96855324	12.78615472	-0.94397787	0.96894223	12.78564632	-0.94427462
1.02885391	12.66391580	-0.87855491	1.02917591	12.66333412	-0.87890045
0.98927085	12.79528459	-0.84734771	0.98973242	12.79475335	-0.84766244
1.02412327	12.66288818	-0.76493092	1.02462911	12.66230459	-0.76526899
0.98409891	12.79462906	-0.74795302	0.98462257	12.79409012	-0.74826910
0.56880270	13.04699548	-0.82701769	0.56950309	13.04688242	-0.82710096
0.60679690	13.07230593	-0.67855353	0.60762954	13.07216486	-0.67866846
0.48367715	13.11264410	-0.59528934	0.48462123	13.11264998	-0.59532932
0.44541804	13.08646687	-0.74687967	0.44622367	13.08650224	-0.74689309
0.64734818	13.06085383	-0.54076548	0.64826478	13.06068037	-0.54090455
0.52287078	13.10326768	-0.45742105	0.52390045	13.10323737	-0.45748224
-0.37428813	13.08870900	-0.49787687	-0.37324075	13.08988199	-0.49731936
-0.45800938	13.07078742	-0.51018061	-0.45699272	13.07208629	-0.50956383
-0.43831975	13.05917381	-0.55256280	-0.43734836	13.06044422	-0.55196096
-0.38608979	13.09501313	-0.43481498	-0.38499114	13.09620223	-0.43424817
-0.48001480	13.07293399	-0.46562390	-0.47896512	13.07426352	-0.46499116
-0.56469110	13.04699216	-0.49446915	-0.56369656	13.04844750	-0.49377789
-0.52715979	13.04867107	-0.52712459	-0.52618525	13.05007292	-0.52645995
-0.48955671	13.04678084	-0.55343361	-0.48860251	13.04812862	-0.55279544
-0.41134720	13.09191554	-0.37452759	-0.41021229	13.09313989	-0.37394236
-0.49367347	13.06894777	-0.41422262	-0.49259514	13.07029542	-0.41357983
-0.50851199	13.05468000	-0.36326512	-0.50741977	13.05604638	-0.36261148
-0.55436060	13.03791207	-0.39542072	-0.55331270	13.03934606	-0.39473581
-0.56636423	13.04294120	-0.44398201	-0.56534155	13.04439620	-0.44328913
-0.00740086	13.13559503	-0.43425715	-0.00626941	13.13624029	-0.43395715
-0.09937612	13.12406864	-0.44641538	-0.09826139	13.12484013	-0.44604920
-0.01615604	13.15720989	-0.33897339	-0.01492910	13.15787143	-0.33866557
-0.11970336	13.14202028	-0.35985501	-0.11850466	13.14282246	-0.35947351
-0.22125365	13.12563577	-0.39055646	-0.22009103	13.12658295	-0.39010449
-0.19566774	13.11182200	-0.46898698	-0.19457805	13.11273202	-0.46855458
-0.01630339	13.15907215	-0.25187527	-0.01501418	13.15973515	-0.25156470
-0.13065150	13.14559493	-0.27605567	-0.12939017	13.14641328	-0.27566498
-0.24070704	13.12819311	-0.31098483	-0.23948675	13.12916786	-0.31051755
0.98311483	11.96773779	-1.06210218	0.98247957	11.96720788	-1.06234300
1.00787773	12.11229965	-1.06082814	1.00742468	12.11174028	-1.06111451
0.98599557	11.92294015	-0.95642755	0.98537983	11.92241934	-0.95665287
1.01431886	12.06913804	-0.94646303	1.01389716	12.06858068	-0.94674401
1.03703522	12.28649983	-0.93168005	1.03688144	12.28591505	-0.93200371
1.02505988	12.32121752	-1.04755965	1.02486774	12.32064204	-1.04787717
0.96834305	11.90698185	-0.83697382	0.96779645	11.90650537	-0.83717088
0.99871432	12.05443041	-0.82268792	0.99836529	12.05390909	-0.82294882
1.02432983	12.27589854	-0.80711093	1.02424879	12.27534270	-0.80742492
1.02381547	12.50709507	-1.02335963	1.02385454	12.50652300	-1.02368524
1.04355216	12.48931165	-0.90841981	1.04365558	12.48871982	-0.90876306
1.03392676	12.48404731	-0.78693112	1.03412529	12.48346877	-0.78726740
-0.63335508	12.94218120	-0.61093202	-0.63258843	12.94373406	-0.61019475
-0.64035703	12.91239468	-0.62279444	-0.63963999	12.91395646	-0.62205192
-0.69093506	12.93243233	-0.53092660	-0.69012853	12.93406873	-0.53015022
-0.70162203	12.89627526	-0.53681254	-0.70087092	12.89792665	-0.53602855
-0.64231296	12.88900047	-0.62414664	-0.64162938	12.89056462	-0.62340223
-0.69234724	12.92309798	-0.42864265	-0.69148271	12.92472940	-0.42786574
-0.70613006	12.87809469	-0.42940867	-0.70532760	12.87974436	-0.42862463
-0.70932242	12.84241144	-0.43101585	-0.70856991	12.84406499	-0.43023176
-0.28718387	13.10121546	-0.48513423	-0.28611398	13.10225860	-0.48463865
-0.30498193	13.11124965	-0.41271692	-0.30384975	13.11231881	-0.41220793
-0.33076029	13.11097035	-0.34214926	-0.32957994	13.11207571	-0.34162053
-0.58477283	12.96021592	-0.26113096	-0.58374324	12.96168133	-0.26042834
-0.50415931	12.96291911	-0.19882340	-0.50308491	12.96426577	-0.19817631
-0.63911926	12.95476527	-0.33606571	-0.63814686	12.95631383	-0.33532591
-0.61578595	12.98414694	-0.35308382	-0.61478536	12.98566505	-0.35235799
-0.56154949	12.99197008	-0.28561227	-0.56049224	12.99340602	-0.28492362
-0.38937215	12.95293675	-0.14351112	-0.38827745	12.95411798	-0.14294313
-0.44771879	12.97227307	-0.66554260	-0.44695084	12.97355788	-0.66493560
-0.43551533	13.00457085	-0.63740829	-0.43468064	13.00583715	-0.63681011
-0.51958048	13.00407766	-0.62004128	-0.51873266	13.00547119	-0.61938213
-0.53578023	12.97569973	-0.64589608	-0.53499097	12.97711693	-0.64522558
-0.64921679	12.98942366	-0.51953584	-0.64832175	12.99100064	-0.51878717
-0.67373073	12.96204849	-0.52570526	-0.67287851	12.96366022	-0.52494016
-0.61937031	12.97042957	-0.59824769	-0.61855558	12.97196364	-0.59752011
-0.59825656	12.99754954	-0.58056615	-0.59739174	12.99905411	-0.57985273
-0.61693824	13.01845309	-0.51078625	-0.61599561	13.01998362	-0.51005918
-0.57070849	13.02385603	-0.55372688	-0.56978768	13.02532091	-0.55303220
-0.50109356	13.02977846	-0.58084952	-0.50018208	13.03114403	-0.58020359
-0.67469019	12.95617052	-0.43137248	-0.67378100	12.95777773	-0.43060668
-0.65016017	12.98409120	-0.43745366	-0.64921581	12.98566451	-0.43670412
-0.58342041	13.01495644	-0.37762221	-0.58239288	13.01643052	-0.37691780
-0.61626764	13.01394291	-0.44668409	-0.61528719	13.01546870	-0.44595727
-0.53365217	13.02627700	-0.32002056	-0.53257082	13.02767607	-0.31935000
-0.43160830	13.03533810	-0.59737270	-0.43070184	13.03659903	-0.59677684
0.19419278	13.12350494	-0.18450171	0.19546684	13.12388838	-0.18433639
0.16455193	13.16237722	-0.26962262	0.16582206	13.16279814	-0.26944046
0.19208479	13.14997499	-0.28445066	0.19332597	13.15035895	-0.28428793
0.22601441	13.10985326	-0.19619031	0.22725945	13.11019499	-0.19604786
0.14380386	13.16955370	-0.36461265	0.14501808	13.16999909	-0.36441843
0.16974919	13.15798276	-0.38162539	0.17093367	13.15839232	-0.38144986
0.19653381	13.14102613	-0.29447322	0.19775501	13.14140382	-0.29431367
0.23028659	13.10140507	-0.20260185	0.23151542	13.10174089	-0.20246261
0.20326796	13.14864538	-0.29557014	0.20449760	13.14901443	-0.29541570
0.23579887	13.10783947	-0.19750611	0.23703816	13.10816903	-0.19737097
0.18374776	13.15592571	-0.39880300	0.18491519	13.15631605	-0.39863804
0.22773207	13.16121024	-0.42491788	0.22888414	13.16154275	-0.42478524
0.24974351	13.15340778	-0.31367485	0.25096151	13.15371724	-0.31355399
0.28171916	13.11060428	-0.20853799	0.28295181	13.11087552	-0.20843442
0.26830390	12.93627268	-0.06464641	0.26940815	12.93656031	-0.06452671
0.23238446	13.05303297	-0.11007185	0.23361461	13.05336752	-0.10993006
0.26838126	13.03981418	-0.12161631	0.26958418	13.04010281	-0.12149929
0.30764920	12.92251454	-0.07793410	0.30872479	12.92275142	-0.07784050
0.27860398	13.03769208	-0.12215138	0.27980258	13.03796810	-0.12204128
0.31882323	12.92047853	-0.08138856	0.31989326	12.92070157	-0.08130236
0.32380609	13.03567534	-0.12970598	0.32499389	13.03589396	-0.12962672
0.36251716	12.91216202	-0.08754367	0.36357008	12.91233058	-0.08748619
0.38582989	12.72299472	-0.09160581	0.38663633	12.72312967	-0.09156151
0.34594136	12.73716991	-0.08698277	0.34677086	12.73735398	-0.08691267
0.40084531	12.52734480	-0.12224904	0.40137102	12.52744922	-0.12221681
0.36367440	12.55190271	-0.11740882	0.36423867	12.55205557	-0.11735409
0.33461153	12.73950505	-0.08219607	0.33544725	12.73970321	-0.08211866
0.35156481	12.55484679	-0.11244118	0.35213722	12.55501465	-0.11237894
0.30621271	12.56920367	-0.09415123	0.30681719	12.56943049	-0.09405923
0.29285178	12.75739855	-0.06599217	0.29372235	12.75765095	-0.06588776
0.27036555	12.78572142	-0.91849361	0.27066222	12.78594050	-0.91836955
0.26209569	12.85597548	-0.89369334	0.26251388	12.85620973	-0.89356773
0.24362925	12.86185725	-0.83458825	0.24409887	12.86211889	-0.83444943
0.25317550	12.80100760	-0.85820089	0.25354628	12.80125623	-0.85806277
0.24833891	12.92800282	-0.84339020	0.24888798	12.92825614	-0.84326246
0.22896274	12.92659092	-0.78767146	0.22955136	12.92687642	-0.78752989
0.23554749	12.92207818	-0.76992232	0.23614380	12.92235813	-0.76978463
0.25436620	12.80667577	-0.83754128	0.25475846	12.80692221	-0.83740547
0.22753803	12.86236781	-0.82019506	0.22801944	12.86265318	-0.82004467
0.23133793	12.80503831	-0.84310608	0.23172357	12.80531780	-0.84295070
0.21801696	12.92617039	-0.77789628	0.21861320	12.92647269	-0.77774676
0.17771426	12.93881713	-0.76313880	0.17833780	12.93917460	-0.76296189
0.18431874	12.87149315	-0.80156413	0.18482711	12.87183615	-0.80138343
0.18515998	12.80787966	-0.82251268	0.18556658	12.80821987	-0.82232286
0.27351704	12.71592358	-0.94380743	0.27369081	12.71615685	-0.94370066
0.25940755	12.73974075	-0.88232133	0.25966759	12.73997905	-0.88218806
0.26181407	12.75520681	-0.86009361	0.26211583	12.75544195	-0.85995937
0.27861235	12.71850130	-0.87340974	0.27884724	12.71871077	-0.87329059
0.23901848	12.74725854	-0.86983581	0.23929904	12.74752337	-0.86968110
0.19044946	12.74020384	-0.85202259	0.19073749	12.74053489	-0.85182673
0.28645910	12.32971185	-0.16186465	0.28667977	12.32995253	-0.16177587
0.30540927	12.42616359	-0.12826051	0.30579714	12.42637950	-0.12817958
0.35299043	12.42380228	-0.14490839	0.35335858	12.42394635	-0.14486040
0.33720334	12.35446670	-0.17744928	0.33744535	12.35462443	-0.17740057
0.35713374	12.43634956	-0.15222087	0.35751467	12.43648993	-0.15217413
0.36653475	12.41659062	-0.15005351	0.36688600	12.41671464	-0.15001445
0.35107090	12.34875132	-0.18401639	0.35129000	12.34887707	-0.18399045
0.40297279	12.38267994	-0.15873478	0.40326249	12.38274505	-0.15872072
0.13232402	13.14444582	-0.46972828	0.13343154	13.14490132	-0.46952913
0.16207387	13.13083172	-0.48385980	0.16315070	13.13124606	-0.48368168
0.13473416	13.09221748	-0.57778613	0.13569339	13.09265964	-0.57758968
0.16981468	13.07654354	-0.58860564	0.17074294	13.07693677	-0.58843371
0.17394950	13.11940518	-0.49063539	0.17500487	13.11980283	-0.49046530
0.17984596	13.12573531	-0.49079736	0.18090832	13.12612540	-0.49063163
0.18884198	13.06963885	-0.58486752	0.18976194	13.07000682	-0.58470845
0.21491833	13.07474090	-0.62427407	0.21581205	13.07507004	-0.62413475
0.21527988	13.13112466	-0.52340431	0.21632085	13.13146605	-0.52326520
0.22917470	13.00413287	-0.74245060	0.22989081	13.00442483	-0.74231542
0.20788977	12.99955473	-0.69431863	0.20863796	12.99988079	-0.69416795
0.19356440	13.00280992	-0.69381940	0.19431883	13.00315556	-0.69365918
0.15552868	13.01803031	-0.68239943	0.15631259	13.01842831	-0.68221410
0.40710161	13.09140591	-0.26275639	0.40826166	13.09151944	-0.26273816
0.44193315	13.01055774	-0.17915994	0.44304533	13.01063051	-0.17915895
0.46919980	12.87956649	-0.13307710	0.47017451	12.87960512	-0.13308821
0.32095559	12.99243233	-0.86140109	0.32156858	12.99259353	-0.86132745
0.34309987	12.91411897	-0.95055170	0.34356037	12.91424407	-0.95048180
0.30456636	13.06201736	-0.74939175	0.30534555	13.06221356	-0.74931492
0.14843724	12.96532994	-0.05886711	0.14958890	12.96577179	-0.05866684
0.12741598	13.06970984	-0.10344085	0.12867814	13.07018046	-0.10322765
0.10617371	13.13336990	-0.17341723	0.10747430	13.13386929	-0.17319080
0.09811213	13.03223829	-0.62298281	0.09896069	13.03272208	-0.62275672
0.07909661	13.09781222	-0.54509660	0.08009087	13.09833162	-0.54485947
0.11611254	12.95997181	-0.67728837	0.11682539	12.96042216	-0.67706933
0.48149917	12.68433591	-0.13304850	0.48222590	12.68435479	-0.13306298
0.48804867	12.47504132	-0.16152399	0.48847560	12.47503924	-0.16153726
0.35020764	12.83319787	-1.00342756	0.35051574	12.83330918	-1.00335986
0.34953152	12.75847059	-1.03278557	0.34972550	12.75860237	-1.03273479
0.48649387	12.33733322	-0.19976977	0.48668711	12.33731142	-0.19979353
0.34667302	12.69859524	-1.05165220	0.34675271	12.69873479	-1.05161404
0.16411348	12.47524795	-0.10415213	0.16458746	12.47566238	-0.10397152
0.17205112	12.63126973	-0.07480568	0.17275197	12.63167465	-0.07462406
0.11493265	12.75901545	-0.74679388	0.11533711	12.75945718	-0.74654788
0.11628600	12.82769475	-0.72324779	0.11679771	12.82813792	-0.72301405
0.16511606	12.81067129	-0.05426382	0.16606684	12.81108877	-0.05407500
0.11941388	12.89313067	-0.70540261	0.12002190	12.89357246	-0.70517957
0.34253278	13.14463993	-0.50060785	0.34359656	13.14482168	-0.50055730
0.31561846	13.11634237	-0.62726860	0.31655499	13.11654295	-0.62720268
0.37344830	13.13613286	-0.37469112	0.37458921	13.13628512	-0.37465528
0.07675469	13.16795778	-0.34543017	0.07798483	13.16849378	-0.34518826
0.07275487	13.14416724	-0.44749771	0.07388281	13.14470397	-0.44725497
0.08858702	13.16509523	-0.25413287	0.08987609	13.16561713	-0.25389649
0.87949627	11.96250769	-0.58564215	0.87926650	11.96222427	-0.58571644
0.81676000	12.01719950	-0.47386000	0.81676000	12.01719950	-0.47386000
0.91810207	11.93307290	-0.71538269	0.91769609	11.93268078	-0.71552475
0.90647695	11.99966804	-0.72043085	0.90614761	11.99928092	-0.72058448
0.87251916	12.04746916	-0.63366675	0.87233479	12.04714806	-0.63379611
0.80592663	12.11181117	-0.53040646	0.80588294	12.11161459	-0.53052263
0.94996710	11.92463228	-0.84034709	0.94944051	11.92417667	-0.84053310
0.96828167	11.94011009	-0.95222105	0.96769123	11.93961174	-0.95243698
0.93827516	12.05860491	-0.93557092	0.93784817	12.05813953	-0.93579392
0.92470422	12.02871604	-0.81747806	0.92432752	12.02828204	-0.81766750
0.96711695	11.98231131	-1.04565790	0.96651244	11.98180330	-1.04588965
0.93270883	12.05750346	-1.13252585	0.93213432	12.05703202	-1.13275275
0.91077112	12.12060592	-1.11002983	0.91029179	12.12016265	-1.11025271
0.93505204	12.09346290	-1.03360384	0.93459661	12.09299330	-1.03383642
0.85286923	12.17698857	-1.22310231	0.85238138	12.17661706	-1.22329979
0.73828316	12.33018913	-1.27273427	0.73795373	12.32998768	-1.27286974
0.74345399	12.35836926	-1.20106700	0.74320549	12.35815348	-1.20120242
0.85241908	12.22292842	-1.16048567	0.85203039	12.22255648	-1.16068613
0.60012887	12.48280084	-1.23757965	0.60004763	12.48279299	-1.23757313
0.47121155	12.61401063	-1.15277789	0.47121486	12.61403460	-1.15277981
0.49420000	12.61570000	-1.07906000	0.49420000	12.61570000	-1.07906000
0.61447000	12.50220000	-1.16283000	0.61447000	12.50220000	-1.16283000
0.38321078	12.64830181	-1.04972457	0.38322226	12.64837901	-1.04971060
0.33277945	12.64928948	-0.95669264	0.33282217	12.64943520	-0.95664614
0.37140000	12.64100070	-0.89641000	0.37140000	12.64100070	-0.89641000
0.41679000	12.64250090	-0.98287004	0.41679000	12.64250090	-0.98287004
0.31634058	12.68108414	-0.89696544	0.31649340	12.68124618	-0.89688477
0.31346093	12.70841123	-0.86946223	0.31368691	12.70856946	-0.86937223
0.34236245	12.69564961	-0.81248551	0.34262829	12.69577468	-0.81241804
0.35046682	12.67030845	-0.84004349	0.35066766	12.67040132	-0.83998389
0.30432047	12.69584636	-0.87333681	0.30452482	12.69601669	-0.87323707
0.26163847	12.68617447	-0.84358875	0.26186356	12.68641232	-0.84344589
0.30253930	12.68270237	-0.77443238	0.30282597	12.68289228	-0.77432432
0.34111542	12.68426173	-0.81117382	0.34136668	12.68438926	-0.81110305
0.15719823	12.72291827	-0.71499968	0.15758283	12.72330883	-0.71478237
0.02713735	12.77792329	-0.57401634	0.02769053	12.77850354	-0.57372081
0.03209676	12.81564293	-0.49721648	0.03275180	12.81622353	-0.49693203
0.18202226	12.73772100	-0.63988029	0.18248595	12.73808985	-0.63968853
-0.08853900	12.82189563	-0.51074936	-0.08789012	12.82264588	-0.51038705
-0.19564131	12.85468662	-0.51430220	-0.19494811	12.85559238	-0.51387121
-0.19818239	12.92331624	-0.45411967	-0.19734938	12.92422652	-0.45368532
-0.08973928	12.88151323	-0.44075440	-0.08895804	12.88226785	-0.44039214
-0.30070444	12.87575248	-0.57384077	-0.30001852	12.87681381	-0.57334000
-0.39931665	12.88735194	-0.64128368	-0.39865895	12.88856085	-0.64071125
-0.41562551	12.91526946	-0.58950327	-0.41488988	12.91650418	-0.58891954
-0.30960264	12.92903590	-0.51888956	-0.30880187	12.93011058	-0.51838062
-0.48741202	12.89106775	-0.66909349	-0.48676470	12.89241121	-0.66845580
-0.56711056	12.88804730	-0.65708110	-0.56645136	12.88950588	-0.65638956
-0.56619806	12.89053377	-0.62170428	-0.56551282	12.89199185	-0.62101383
-0.50956764	12.89900717	-0.62080573	-0.50887359	12.90038413	-0.62015378
-0.64110337	12.88023864	-0.60529880	-0.64041994	12.88180151	-0.60455545
-0.69016641	12.86433543	-0.52561756	-0.68945374	12.86596985	-0.52484240
-0.65292955	12.88040270	-0.49747670	-0.65217368	12.88198286	-0.49672888
-0.61571034	12.88935886	-0.57440550	-0.61499407	12.89088699	-0.57368086
-0.69517790	12.83742053	-0.43034164	-0.69443152	12.83905443	-0.42956852
-0.66850770	12.79068958	-0.34049527	-0.66775622	12.79227510	-0.33975322
-0.64687430	12.79708340	-0.35348952	-0.64612445	12.79864188	-0.35276085
-0.65887540	12.84353728	-0.41382196	-0.65810942	12.84511960	-0.41307567
-0.62220920	12.71615253	-0.27728595	-0.62151987	12.71766807	-0.27658726
-0.54906314	12.65523871	-0.22874264	-0.54842867	12.65664794	-0.22809330
-0.53109421	12.71432647	-0.26023938	-0.53040075	12.71571432	-0.25959526
-0.60693994	12.75813783	-0.30993849	-0.60621530	12.75963679	-0.30924207
-0.44206821	12.64978318	-0.18175643	-0.44141695	12.65103825	-0.18117612
-0.31522710	12.62840208	-0.14627876	-0.31458581	12.62947474	-0.14577833
-0.29701331	12.68188512	-0.17531670	-0.29631677	12.68293328	-0.17482496
-0.42283150	12.70706536	-0.21183617	-0.42212136	12.70829659	-0.21126206
-0.17976763	12.52306620	-0.13336706	-0.17925766	12.52394492	-0.13295892
-0.03261887	12.40596496	-0.14131183	-0.03226511	12.40664580	-0.14100349
-0.02951712	12.47561298	-0.17248088	-0.02909117	12.47629016	-0.17217093
-0.16761897	12.58560050	-0.16235314	-0.16704306	12.58646403	-0.16194921
0.12761476	12.34399247	-0.16242309	0.12786434	12.34446062	-0.16222588
0.25553381	12.32407276	-0.18839416	0.25573065	12.32435974	-0.18828406
0.23546792	12.38402696	-0.24039000	0.23572416	12.38434684	-0.24026374
0.11849117	12.41138425	-0.20383458	0.11880958	12.41186478	-0.20362772
0.30560138	12.35777490	-0.21004067	0.30583066	12.35798509	-0.20996804
0.29186415	12.44183421	-0.27933993	0.29218451	12.44207691	-0.27924588
0.28346366	12.41411627	-0.26539727	0.28375052	12.41436935	-0.26530067
0.31652192	12.34800985	-0.22278485	0.31673526	12.34818934	-0.22273172
0.34620000	12.27620000	-0.23202000	0.34620000	12.27620000	-0.23202000
0.32202932	12.33467773	-0.29057292	0.32220186	12.33486047	-0.29050780
0.29034641	12.40030550	-0.28048151	0.29061517	12.40054831	-0.28039320
0.44425997	12.21770000	-0.27141000	0.44425997	12.21770000	-0.27141000
0.57587000	12.16340070	-0.32883000	0.57587000	12.16340070	-0.32883000
0.57084748	12.24226334	-0.38362755	0.57091541	12.24222212	-0.38366369
0.42927539	12.28635553	-0.32812572	0.42936838	12.28640791	-0.32811386
0.70622003	12.08180000	-0.39380000	0.70622003	12.08180000	-0.39380000
0.70073857	12.17965281	-0.44871567	0.70076291	12.17953322	-0.44878909
0.76225753	12.38994622	-1.05047945	0.76213917	12.38967282	-1.05062731
0.86223937	12.23962831	-1.05011838	0.86194695	12.23924050	-1.05032301
0.78345593	12.37316866	-0.86265400	0.78344704	12.37287280	-0.86282138
0.87251824	12.21813778	-0.90963949	0.87229942	12.21774225	-0.90984333
0.79593997	12.25886827	-0.67482911	0.79592581	12.25858681	-0.67498922
0.87270836	12.14461391	-0.75717935	0.87251288	12.14423735	-0.75736100
0.53572865	12.60718644	-0.90369661	0.53586712	12.60711488	-0.90373744
0.64807784	12.52043850	-0.99165511	0.64812933	12.52029867	-0.99172722
0.56851322	12.53757070	-0.69251760	0.56874974	12.53749583	-0.69257309
0.68031489	12.47641943	-0.78299634	0.68045259	12.47623535	-0.78311136
0.57339198	12.38561562	-0.51213328	0.57356005	12.38555473	-0.51218540
0.69432957	12.33803050	-0.59091186	0.69443053	12.33785701	-0.59102531
-0.20872939	12.91861344	-0.36927211	-0.20784249	12.91954023	-0.36882985
-0.10309974	12.87470156	-0.35392921	-0.10226565	12.87547882	-0.35355838
-0.23038667	12.86092911	-0.28261995	-0.22951830	12.86188556	-0.28216293
-0.12407036	12.81051072	-0.26963965	-0.12326264	12.81131665	-0.26925524
-0.00768562	12.74205644	-0.30562202	-0.00699371	12.74270185	-0.30531601
0.01570704	12.80797817	-0.40133136	0.01642043	12.80858635	-0.40103953
-0.26455372	12.77083280	-0.21955280	-0.26376506	12.77183606	-0.21907681
-0.14755320	12.69732338	-0.20720447	-0.14685567	12.69816078	-0.20680809
-0.02186368	12.61008191	-0.22869399	-0.02129445	12.61074784	-0.22838302
-0.54517072	12.91953156	-0.53955308	-0.54439040	12.92095926	-0.53887814
-0.57895640	12.91350132	-0.44770887	-0.57812029	12.91497426	-0.44701254
-0.47640417	12.93342932	-0.38681011	-0.47550087	12.93474975	-0.38618392
-0.44345843	12.94596067	-0.49250359	-0.44261109	12.94723636	-0.49190017
-0.59561569	12.84166989	-0.36842339	-0.59482079	12.84315973	-0.36772267
-0.50648737	12.83162632	-0.31018892	-0.50566953	12.83298518	-0.30954959
-0.32718301	12.94413530	-0.42508054	-0.32629600	12.94523501	-0.42455745
-0.35392424	12.90902855	-0.32630753	-0.35301680	12.91016511	-0.32576580
-0.38990644	12.81171085	-0.25737611	-0.38908445	12.81289805	-0.25681504
0.29824380	12.64119259	-0.65071333	0.29859462	12.64141848	-0.65060053
0.33977650	12.63740269	-0.67440346	0.34010496	12.63757299	-0.67431968
0.27212427	12.57441484	-0.50082751	0.27248823	12.57468663	-0.50070552
0.31844619	12.57299324	-0.51100518	0.31880276	12.57320444	-0.51091300
0.32283048	12.59095741	-0.49545871	0.32322063	12.59116411	-0.49537081
0.34098635	12.65170554	-0.66602181	0.34134100	12.65187589	-0.66594065
0.34780855	12.63416083	-0.68864200	0.34813155	12.63432234	-0.68856358
0.32499888	12.57673758	-0.51029937	0.32536428	12.57694087	-0.51021261
0.35691120	12.55666179	-0.55107777	0.35723115	12.55682490	-0.55100872
0.37642085	12.61524527	-0.73929542	0.37668583	12.61537279	-0.73923614
0.33108171	12.44227269	-0.39882370	0.33135100	12.44247104	-0.39874874
0.29945994	12.48941798	-0.37535507	0.29979626	12.48965432	-0.37525914
0.29385289	12.49354229	-0.37039803	0.29419164	12.49378622	-0.37029794
0.24624205	12.47980722	-0.35399120	0.24657044	12.48011458	-0.35386167
0.44980210	12.55413005	-0.61352902	0.45009169	12.55418116	-0.61351727
0.44177368	12.62174957	-0.81536983	0.44197124	12.62177869	-0.81536648
0.43712338	12.41257001	-0.44636264	0.43733589	12.41263846	-0.44634724
0.14406634	12.64368184	-0.40828785	0.14456834	12.64411959	-0.40808187
0.17056899	12.71383325	-0.53076863	0.17108019	12.71423065	-0.53057606
0.12473072	12.52675212	-0.29241052	0.12515195	12.52722311	-0.29219950
0.17594006	13.14841653	-0.39387144	0.17710219	13.14881715	-0.39370062
0.27167720	13.03346904	-0.12876256	0.27286623	13.03375360	-0.12864756
0.31002968	12.91907879	-0.08731633	0.31109433	12.91931253	-0.08722433
0.33707506	12.73877111	-0.09268729	0.33790280	12.73896610	-0.09261162
0.35478177	12.55911063	-0.12233351	0.35535323	12.55927517	-0.12227279
0.24783460	12.86094770	-0.81377909	0.24831905	12.86120609	-0.81364328
0.34272715	12.37649683	-0.18479037	0.34299648	12.37664638	-0.18474533
0.18697435	13.06446025	-0.58763948	0.18788595	13.06483019	-0.58747859
0.21133387	12.99430934	-0.68768027	0.21208077	12.99463200	-0.68753148
0.89385950	11.95711280	-0.57229324	0.89363671	11.95682143	-0.57237693
0.82740449	12.01964542	-0.45668670	0.82742123	12.01964241	-0.45668958
0.93536945	11.91857982	-0.70688068	0.93495352	11.91817094	-0.70703352
0.74156197	12.32873310	-1.28826511	0.74121972	12.32852812	-1.28840293
0.46165883	12.61985933	-1.16639002	0.46166524	12.61988665	-1.16638912
0.35419155	12.65958708	-1.05821265	0.35422087	12.65970983	-1.05818456
0.28854132	12.66433192	-0.95963611	0.28861318	12.66454625	-0.95955388
0.27594612	12.69428267	-0.89822959	0.27612301	12.69450493	-0.89811696
0.26027519	12.70543503	-0.88505923	0.26047562	12.70566955	-0.88491817
0.21211482	12.69189506	-0.86673308	0.21232324	12.69219624	-0.86654792
0.12518122	12.71479825	-0.75199650	0.12552142	12.71522672	-0.75175178
0.01854282	12.74919087	-0.62148508	0.01902547	12.74977542	-0.62117740
-0.18863114	12.79132194	-0.55511056	-0.18805587	12.79221731	-0.55468637
-0.29138194	12.83351109	-0.60492482	-0.29077805	12.83455855	-0.60443340
-0.47487481	12.89604487	-0.69138556	-0.47423748	12.89736937	-0.69075644
-0.55702283	12.89933241	-0.67963880	-0.55636349	12.90077657	-0.67895406
-0.70246452	12.86866871	-0.53711405	-0.70175427	12.87032164	-0.53632929
-0.18167326	12.53280414	-0.11130667	-0.18113617	12.53368458	-0.11089712
0.14567030	12.35950707	-0.13783563	0.14595824	12.35994875	-0.13764941
0.31332658	12.38552523	-0.22263752	0.31359229	12.38572495	-0.22256837
0.38440693	12.29406577	-0.19572000	0.38448261	12.29409559	-0.19574469
0.46990143	12.23711512	-0.23915282	0.46993914	12.23711044	-0.23917440
0.71431723	12.09156297	-0.37186038	0.71433008	12.09154528	-0.37186357
0.30076856	12.51657576	-0.36853109	0.30113984	12.51680976	-0.36843387
0.59199945	12.77613503	-0.54263534	0.59258744	12.77602372	-0.54272512
0.31543244	12.99098700	-0.52985072	0.31628708	12.99119709	-0.52977321
0.04533669	12.99987886	-0.26113072	0.04640019	13.00045568	-0.26086125
0.11451918	13.08165315	-0.30653585	0.11565775	13.08213798	-0.30631735
0.32956425	12.87030501	-0.29412350	0.33042690	12.87050681	-0.29404652
0.04121944	12.97251412	-0.41949742	0.04213768	12.97308985	-0.41922608
0.13557930	13.04928131	-0.41605678	0.13659756	13.04973284	-0.41585397
0.37425963	12.82448977	-0.69345192	0.37479401	12.82460338	-0.69340812
0.17081082	13.03250240	-0.17831631	0.17196961	13.03291504	-0.17813377
0.22695161	12.81792099	-0.79274579	0.22739764	12.81820963	-0.79259004
0.33761907	12.75982181	-0.53089857	0.33819370	12.76000772	-0.53082144
0.33599939	12.88825975	-0.84109088	0.33649927	12.88839780	-0.84102188
0.39895592	12.43677400	-0.24553321	0.39928359	12.43686820	-0.24549835
0.25717837	13.04926352	-0.44583748	0.25816852	13.04955422	-0.44572064
0.48254072	12.68459540	-0.66819871	0.48293986	12.68459987	-0.66821729
0.70482319	12.74603265	-0.77445223	0.70524119	12.74578401	-0.77460301
0.33927157	12.94150525	-0.19994186	0.34028769	12.94170031	-0.19987194
-0.41655882	12.91944294	-0.24086479	-0.41557641	12.92066699	-0.24027967
0.16681248	13.08503357	-0.24760017	0.16799335	13.08545060	-0.24741711
0.33308312	12.94792486	-0.68753054	0.33377108	12.94809199	-0.68746519
-0.50375294	12.91961414	-0.28088341	-0.50279531	12.92096668	-0.28023880
0.24107040	13.03424262	-0.32757172	0.24212507	13.03455895	-0.32744043
0.29562523	12.46164711	-0.20066603	0.29601792	12.46188170	-0.20057427
0.13236470	13.10269872	-0.36865075	0.13348736	13.10315758	-0.36844662
0.22267846	13.08020085	-0.48786756	0.22368052	13.08053372	-0.48772942
0.26219793	12.61520031	-0.24440117	0.26276914	12.61548703	-0.24427740
0.17840020	12.94086466	-0.50751629	0.17921139	12.94125315	-0.50733913
0.28511506	12.89323979	-0.83074732	0.28562822	12.89344625	-0.83064210
0.29103330	12.84245038	-0.83398269	0.29147754	12.84264822	-0.83387770
0.24265301	13.02461001	-0.54371488	0.24354239	13.02491155	-0.54358899
0.38639892	12.80047714	-0.19806614	0.38723252	12.80061177	-0.19802360
0.50431599	12.59179388	-0.43360297	0.50474709	12.59178809	-0.43362543
0.30998499	12.76259542	-0.88668001	0.31027201	12.76275487	-0.88658557
0.17131831	12.96820422	-0.64262800	0.17206512	12.96858485	-0.64244832
0.39494850	12.37639180	-0.22245581	0.39519070	12.37646325	-0.22243156
0.36341404	12.48509578	-0.31242644	0.36377490	12.48524809	-0.31236947
0.20622673	12.87166019	-0.18594885	0.20716714	12.87202552	-0.18578766
0.39302574	12.73059655	-0.90957543	0.39324637	12.73063623	-0.90954111
0.30276773	12.79494245	-0.84808690	0.30313616	12.79512059	-0.84798781
0.15932213	13.11747468	-0.27986197	0.16052465	13.11790157	-0.27967515
0.42227550	12.60736007	-0.24768951	0.42283573	12.60744729	-0.24766593
0.22299055	12.86299281	-0.76948482	0.22351227	12.86328998	-0.76933180
0.43247984	12.71327449	-0.82719556	0.43276568	12.71329838	-0.82719095
0.83382654	12.74007772	-0.87045554	0.83422023	12.73970608	-0.87066529
0.57122622	12.78952159	-0.92796497	0.57154795	12.78939045	-0.92802563
0.34984763	12.68764137	-0.19892464	0.35053869	12.68781917	-0.19885717
0.26100113	12.76555476	-0.18089695	0.26180630	12.76584649	-0.18077209
