0.85795290	12.73252466	-0.42320061	0.85860708	12.73212587	-0.42346105
0.83025161	12.87087172	-0.45158353	0.83104021	12.87049106	-0.45183388
0.90584032	12.82861079	-0.55038660	0.90653604	12.82814399	-0.55068204
0.93693206	12.69513144	-0.53623922	0.93751296	12.69463938	-0.53655391
0.78835567	12.96212291	-0.51156610	0.78920899	12.96178171	-0.51179517
0.86782790	12.91506450	-0.59296410	0.86858460	12.91463275	-0.59323740
0.91651853	12.87150263	-0.65360950	0.91719558	12.87101294	-0.65390782
0.95440878	12.80113405	-0.64825543	0.95502487	12.80060299	-0.64857609
0.98806017	12.67159887	-0.64981194	0.98859446	12.67103444	-0.65016056
0.71967229	12.76375086	-1.16552849	0.71988284	12.76351456	-1.16565500
0.84174860	12.71171994	-1.14474800	0.84193305	12.71134802	-1.14495638
0.81216930	12.81834848	-1.07568745	0.81251308	12.81799083	-1.07588070
0.69019597	12.86599543	-1.09159867	0.69056056	12.86576247	-1.09171658
0.94323890	12.67654460	-1.08292229	0.94344073	12.67604702	-1.08320781
0.91206259	12.78800014	-1.02394890	0.91242567	12.78753447	-1.02421821
0.87355766	12.85689119	-0.97298358	0.87402028	12.85645988	-0.97322924
0.79483246	12.89845162	-0.98770897	0.79531070	12.89808789	-0.98790359
0.67312889	12.94579709	-0.99240081	0.67363663	12.94555612	-0.99252687
0.60461995	12.83273767	-0.20954500	0.60550444	12.83261400	-0.20964954
0.58741091	12.96983699	-0.25714320	0.58843289	12.96973102	-0.25724404
0.72073828	12.92063819	-0.35066990	0.72164250	12.92038026	-0.35085387
0.74106092	12.78114073	-0.31037497	0.74182530	12.78086830	-0.31056082
0.55729942	13.05645491	-0.34140473	0.55837322	13.05637902	-0.34149374
0.68508244	13.01130904	-0.42623733	0.68604647	13.01108645	-0.42640522
0.47195931	12.88138186	-1.06373826	0.47233600	12.88137072	-1.06373682
0.59718733	12.82588018	-1.13707025	0.59747255	12.82575780	-1.13712565
0.56801635	12.91838674	-1.06462555	0.56844213	12.91827217	-1.06468116
0.44488961	12.96404733	-0.98908529	0.44541192	12.96405817	-0.98908248
0.54932510	12.99299782	-0.96301879	0.54990083	12.99289043	-0.96308101
0.42548074	13.03357934	-0.88643667	0.42615636	13.03361451	-0.88643541
-0.00412435	12.99320232	-0.06522494	-0.00293845	12.99382328	-0.06494983
-0.13265293	13.00584842	-0.08685692	-0.13146309	13.00663457	-0.08650261
-0.13481328	13.07918516	-0.13351314	-0.13355869	13.07997403	-0.13315924
-0.00975150	13.08047333	-0.10927609	-0.00848165	13.08110163	-0.10899925
-0.25164504	13.00817988	-0.12283446	-0.25047303	13.00911845	-0.12240936
-0.25236227	13.06949572	-0.17136351	-0.25114131	13.07043557	-0.17093921
-0.25356794	13.11059106	-0.23694263	-0.25233429	13.11153138	-0.23651964
-0.13670791	13.12600931	-0.19973880	-0.13543371	13.12679979	-0.19938531
-0.01457161	13.13442081	-0.17518361	-0.01327363	13.13505455	-0.17490545
0.03902696	12.97871736	-0.58962751	0.03985920	12.97926156	-0.58937765
0.02457759	13.04121717	-0.56411982	0.02550744	13.04178297	-0.56386516
-0.05641645	13.04372515	-0.55338991	-0.05546800	13.04439762	-0.55308389
-0.04267090	12.98744660	-0.56898927	-0.04180605	12.98809873	-0.56868960
0.00553546	13.09532511	-0.51674184	0.00656768	13.09592148	-0.51647838
-0.07755337	13.09017121	-0.51769382	-0.07652185	13.09087417	-0.51737680
-0.17123751	13.08345503	-0.53359503	-0.17021782	13.08428003	-0.53322425
-0.14896766	13.04231020	-0.56949037	-0.14802236	13.04310393	-0.56913125
-0.13463582	12.99102348	-0.58689124	-0.13376826	12.99179607	-0.58653916
0.98834449	12.28314709	-0.67535055	0.98837455	12.28263117	-0.67565586
0.96466215	12.06466328	-0.69057131	0.96443582	12.06419034	-0.69081410
0.91370297	12.09297293	-0.55471644	0.91364535	12.09263823	-0.55490935
0.93069216	12.29908754	-0.53955129	0.93082086	12.29868015	-0.53980042
0.83684785	12.14456199	-0.43280826	0.83690153	12.14437914	-0.43293806
0.84594333	12.32548776	-0.41362950	0.84614552	12.32518851	-0.41382373
0.97770043	12.37394923	-1.14505618	0.97750341	12.37339852	-1.14536052
0.88305176	12.43593296	-1.21328173	0.88289061	12.43550922	-1.21351830
0.87594222	12.27641206	-1.23798600	0.87555445	12.27599077	-1.23821283
0.96744975	12.18269021	-1.16016949	0.96699513	12.18214476	-1.16045291
0.75687429	12.51436120	-1.24094262	0.75682206	12.51413452	-1.24108425
0.75092489	12.39407657	-1.27229400	0.75067552	12.39384767	-1.27243606
0.86219081	12.17183578	-1.24563937	0.86165756	12.17142904	-1.24584987
0.94681780	12.04829595	-1.15788357	0.94618045	12.04777720	-1.15812577
0.99732812	12.49185237	-0.66080850	0.99761183	12.49130468	-0.66113571
0.94130958	12.50881940	-0.53394811	0.94166763	12.50835231	-0.53424027
0.85775395	12.53846430	-0.41142082	0.85819245	12.53809473	-0.41166115
0.86871035	12.58279901	-1.18624841	0.86874718	12.58240895	-1.18647003
0.96770665	12.53857382	-1.12138113	0.96772436	12.53804311	-1.12168222
0.74389751	12.64215420	-1.21028131	0.74397569	12.64192753	-1.21042548
0.60392337	12.41868345	-0.22674230	0.60426143	12.41856770	-0.22681919
0.60687586	12.63338375	-0.20446442	0.60751652	12.63325978	-0.20455630
0.73946332	12.58232829	-0.29950046	0.73999240	12.58207424	-0.29966938
0.73059735	12.36864830	-0.30999639	0.73086907	12.36844937	-0.31012430
0.46995073	12.70501366	-1.15080351	0.47004305	12.70502618	-1.15080674
0.61240247	12.61445508	-1.21975853	0.61242931	12.61441000	-1.21979198
0.61024127	12.71799771	-1.18635498	0.61035770	12.71789581	-1.18639770
0.47657316	12.78874211	-1.11711172	0.47679667	12.78873953	-1.11710805
0.58687635	12.17456968	-0.30193361	0.58690103	12.17455010	-0.30194329
0.59917373	12.27968313	-0.26328609	0.59932438	12.27959506	-0.26334387
0.72479457	12.21460019	-0.33879014	0.72490326	12.21446604	-0.33887472
0.59979862	12.48669587	-1.25172101	0.59971291	12.48668542	-1.25171429
0.60648126	12.53392655	-1.24359983	0.60644485	12.53389772	-1.24360290
0.46317046	12.64946629	-1.16650108	0.46320507	12.64949131	-1.16650881
0.00212798	12.71540620	-0.06395986	0.00296075	12.71601651	-0.06368453
-0.14606044	12.78503630	-0.07079496	-0.14514254	12.78583752	-0.07042931
-0.13528500	12.90771865	-0.06847276	-0.13420890	12.90850730	-0.06811480
0.00291615	12.86978584	-0.05340300	0.00395274	12.87039714	-0.05313017
-0.28177408	12.83697554	-0.09505142	-0.28080399	12.83795331	-0.09460511
-0.26256432	12.93191301	-0.09911972	-0.26147500	12.93286578	-0.09868662
0.03369799	12.84927825	-0.61859046	0.03434459	12.84982244	-0.61832610
0.04056344	12.91461524	-0.60605094	0.04130287	12.91515457	-0.60579724
-0.04029692	12.92562809	-0.57827357	-0.03951923	12.92627446	-0.57797250
-0.04906073	12.86085621	-0.58219304	-0.04836851	12.86151211	-0.58188369
-0.13187386	12.93368638	-0.59506135	-0.13108573	12.93445355	-0.59470906
-0.14201898	12.87291641	-0.59377998	-0.14131039	12.87369586	-0.59341879
-0.03000857	12.41991264	-0.11816415	-0.02959320	12.42056599	-0.11787305
-0.16826528	12.63808828	-0.08841892	-0.16754952	12.63891683	-0.08804068
-0.01402618	12.54490300	-0.08781972	-0.01343002	12.54553412	-0.08753652
-0.31976355	12.63177016	-0.12656937	-0.31907739	12.63279915	-0.12610150
-0.30544480	12.71942581	-0.10663844	-0.30463228	12.72043465	-0.10617827
0.02304039	12.78303852	-0.63031188	0.02359307	12.78359261	-0.63003142
-0.06891016	12.79451650	-0.57918684	-0.06830086	12.79519789	-0.57886340
-0.08679600	12.76761210	-0.55899405	-0.08620946	12.76831754	-0.55866167
-0.16640032	12.81051727	-0.58154534	-0.16576475	12.81132802	-0.58116754
-0.37422076	13.00589325	-0.17177371	-0.37307895	13.00699068	-0.17127748
-0.36623625	13.05593883	-0.21762019	-0.36505840	13.05702553	-0.21713024
-0.48438205	12.99954908	-0.22817812	-0.48328039	13.00078600	-0.22761868
-0.46451738	13.04014410	-0.26925459	-0.46338894	13.04135681	-0.26870768
-0.44237583	13.07322781	-0.31960033	-0.44123471	13.07441196	-0.31906769
-0.35628362	13.09287539	-0.27681102	-0.35509378	13.09394881	-0.27632842
-0.25336792	13.04048893	-0.58879956	-0.25242954	13.04141816	-0.58838251
-0.23928227	12.99518037	-0.61373539	-0.23841695	12.99608956	-0.61332571
-0.27333939	13.07704318	-0.54836166	-0.27233076	13.07800027	-0.54793331
-0.36810579	13.06882030	-0.55679145	-0.36710833	13.06990073	-0.55630821
-0.35347058	13.03747670	-0.60165030	-0.35253925	13.03853513	-0.60117590
-0.34405761	12.99907955	-0.63545329	-0.34319520	13.00012257	-0.63498347
-0.24094309	12.94665979	-0.62950990	-0.24014937	12.94756965	-0.62909840
-0.35177590	12.96015015	-0.66015759	-0.35097708	12.96120027	-0.65968226
-0.36667805	12.92287233	-0.67419465	-0.36593520	12.92393791	-0.67370735
-0.25392509	12.89718742	-0.63393917	-0.25319622	12.89811317	-0.63351998
-0.52903539	12.89417278	-0.18732411	-0.52804207	12.89546253	-0.18673984
-0.54968227	12.77225054	-0.19262764	-0.54884032	12.77356249	-0.19203543
-0.62571290	12.80924666	-0.25007618	-0.62485194	12.81065070	-0.24944167
-0.60716169	12.90514883	-0.24949268	-0.60618723	12.90653285	-0.24886507
-0.55829768	12.66752742	-0.20971303	-0.55758861	12.66884793	-0.20912178
-0.63344649	12.72664784	-0.26177175	-0.63268714	12.72805975	-0.26114402
-0.68167648	12.79645499	-0.33194667	-0.68086536	12.79792636	-0.33128217
-0.67513793	12.84873118	-0.32629112	-0.67426797	12.85019641	-0.32562641
-0.65886826	12.91173228	-0.32804277	-0.65792589	12.91317971	-0.32738625
-0.44882048	12.65704297	-0.16205392	-0.44810932	12.65823207	-0.16152006
-0.43710301	12.75323711	-0.14322768	-0.43626356	12.75441294	-0.14269572
-0.41424684	12.87241442	-0.13509919	-0.41325335	12.87356236	-0.13457807
-0.46251124	12.93881817	-0.68497097	-0.46174955	12.94000825	-0.68442459
-0.46952287	12.91180684	-0.69551849	-0.46880276	12.91300393	-0.69496374
-0.37896210	12.88960276	-0.67597805	-0.37826288	12.89068177	-0.67548032
-0.54904399	12.94419944	-0.66484981	-0.54825594	12.94549936	-0.66425201
-0.55393379	12.91747803	-0.67958231	-0.55318572	12.91877983	-0.67897949
-0.38984246	12.87286865	-0.66552155	-0.38915833	12.87396147	-0.66501678
-0.27386730	12.84907209	-0.62598102	-0.27319558	12.85002295	-0.62555043
0.90496353	12.87984632	-0.90456077	0.90550026	12.87937940	-0.90483314
0.80537902	12.94771143	-0.88994529	0.80597621	12.94733334	-0.89016553
0.92211935	12.89396428	-0.81589985	0.92273019	12.89347267	-0.81618516
0.82745557	12.96745439	-0.78566486	0.82813859	12.96705604	-0.78590964
0.71766148	13.02436334	-0.74375490	0.71843622	13.02408339	-0.74393872
0.68692786	13.00039924	-0.87262157	0.68758021	13.00014299	-0.87277904
0.92349108	12.89011969	-0.72413522	0.92414487	12.88962281	-0.72443221
0.84504938	12.95862627	-0.67927017	0.84579720	12.95821331	-0.67952867
0.75113374	13.01231448	-0.61674598	0.75197539	13.01200712	-0.61695333
1.00379279	12.66502989	-0.98881064	1.00405451	12.66444902	-0.98914898
0.96773357	12.78720607	-0.94335346	0.96815614	12.78667186	-0.94366600
1.02816511	12.66512253	-0.87782523	1.02852203	12.66450920	-0.87819165
0.98830022	12.79638284	-0.84668755	0.98879870	12.79582430	-0.84701756
1.02302659	12.66409951	-0.76422043	1.02359382	12.66348324	-0.76457621
0.98299899	12.79574528	-0.74729090	0.98356176	12.79517751	-0.74762192
0.56735865	13.04723147	-0.82684153	0.56809268	13.04710738	-0.82693128
0.60508755	13.07259984	-0.67831227	0.60595352	13.07244685	-0.67843453
0.48174990	13.11263928	-0.59520010	0.48272280	13.11263577	-0.59524843
0.44376529	13.08640060	-0.74684502	0.44460238	13.08642743	-0.74686584
0.64547201	13.06121267	-0.54047358	0.64641976	13.06102786	-0.54062076
0.52077620	13.10333505	-0.45728747	0.52183078	13.10329601	-0.45735741
-0.37638654	13.08646908	-0.49891022	-0.37533326	13.08756336	-0.49842074
-0.46005144	13.06832023	-0.51131700	-0.45902504	13.06952121	-0.51077763
-0.44028042	13.05675941	-0.55367419	-0.43929286	13.05793312	-0.55314711
-0.38828001	13.09274109	-0.43586423	-0.38718317	13.09385317	-0.43536614
-0.48211529	13.07040877	-0.46678683	-0.48106102	13.07163906	-0.46623429
-0.56669119	13.04424053	-0.49573287	-0.56568419	13.04557538	-0.49513204
-0.52912504	13.04601836	-0.52834376	-0.52813488	13.04730553	-0.52776484
-0.49148611	13.04422680	-0.55460846	-0.49051316	13.04546685	-0.55405106
-0.41360298	13.08957512	-0.37560875	-0.41247431	13.09072156	-0.37509429
-0.49582451	13.06638693	-0.41540219	-0.49474638	13.06763638	-0.41484066
-0.51068678	13.05207920	-0.36446307	-0.50959745	13.05334825	-0.36389142
-0.55645394	13.03519001	-0.39667251	-0.55540310	13.03651455	-0.39607567
-0.56841359	13.04018694	-0.44524772	-0.56738296	13.04152526	-0.44464503
-0.00966550	13.13433108	-0.43483359	-0.00853040	13.13495153	-0.43456152
-0.10160423	13.12256476	-0.44711177	-0.10048740	13.12330285	-0.44678146
-0.01860145	13.15591597	-0.33956169	-0.01737810	13.15655181	-0.33928407
-0.12208924	13.14045816	-0.36057800	-0.12089585	13.14122597	-0.36023494
-0.22356630	13.12380488	-0.39140560	-0.22240939	13.12470345	-0.39100284
-0.19784559	13.11006173	-0.46980237	-0.19675363	13.11092401	-0.46941565
-0.01886584	13.15777520	-0.25246664	-0.01758540	13.15841333	-0.25218729
-0.13315428	13.14400104	-0.27679348	-0.13190422	13.14478531	-0.27644310
-0.24312633	13.12630845	-0.31185984	-0.24191772	13.12723411	-0.31144436
0.98441020	11.96883000	-1.06158497	0.98374607	11.96826799	-1.06183577
1.00881261	12.11345863	-1.06021570	1.00834551	12.11286660	-1.06051763
0.98721524	11.92400905	-0.95594536	0.98657463	11.92345812	-0.95617914
1.01517052	12.07028642	-0.94586602	1.01473971	12.06969788	-0.94616157
1.03734014	12.28771061	-0.93099256	1.03719368	12.28709397	-0.93133545
1.02545109	12.32241181	-1.04688416	1.02526158	12.32180456	-1.04722152
0.96941102	11.90796458	-0.83655737	0.96884154	11.90746396	-0.83676153
0.99940860	12.05550409	-0.82213703	0.99905465	12.05495464	-0.82241104
1.02447970	12.27704795	-0.80644757	1.02441086	12.27646265	-0.80677890
1.02372303	12.50828160	-1.02266936	1.02377784	12.50767857	-1.02301577
1.04331938	12.49053877	-0.90769354	1.04344509	12.48991520	-0.90805813
1.03348930	12.48524648	-0.78622235	1.03371926	12.48463680	-0.78657779
-0.63494572	12.93924943	-0.61227299	-0.63413105	12.94065213	-0.61162638
-0.64185818	12.90944564	-0.62414168	-0.64108534	12.91085404	-0.62348791
-0.69258882	12.92934692	-0.53233683	-0.69174170	12.93082921	-0.53165917
-0.70317295	12.89316081	-0.53823506	-0.70237331	12.89465505	-0.53754750
-0.64375276	12.88604646	-0.62549491	-0.64300811	12.88745646	-0.62483722
-0.69410084	12.92001347	-0.43005907	-0.69320681	12.92150253	-0.42938031
-0.70776582	12.87497404	-0.43084441	-0.70692558	12.87647918	-0.43015594
-0.71086194	12.83928179	-0.43245780	-0.71006524	12.84079024	-0.43176539
-0.28932321	13.09921094	-0.48606071	-0.28825032	13.10019151	-0.48562217
-0.30723642	13.10919531	-0.41366688	-0.30610777	13.11020176	-0.41321644
-0.33310137	13.10884595	-0.34313271	-0.33193121	13.10988813	-0.34266537
-0.58682370	12.95741112	-0.26242130	-0.58579290	12.95877213	-0.26180497
-0.50629136	12.96032754	-0.20002109	-0.50522287	12.96159082	-0.19944900
-0.64106759	12.95181914	-0.33741920	-0.64008362	12.95324588	-0.33677294
-0.61778941	12.98126230	-0.35440838	-0.61678075	12.98266179	-0.35377504
-0.56365419	12.98922757	-0.28687461	-0.56259821	12.99056175	-0.28627127
-0.39154482	12.95065347	-0.14457278	-0.39045725	12.95177333	-0.14406493
-0.44931422	12.96983026	-0.66666286	-0.44850263	12.97100596	-0.66612765
-0.43723034	13.00216294	-0.63851423	-0.43636084	13.00332561	-0.63798852
-0.52131960	13.00143874	-0.62125164	-0.52043736	13.00271104	-0.62067362
-0.53741400	12.97301525	-0.64712524	-0.53658175	12.97430447	-0.64653564
-0.65103513	12.98644960	-0.52089842	-0.65011256	12.98788324	-0.52024772
-0.67546948	12.95900945	-0.52709596	-0.67458325	12.96047138	-0.52642987
-0.62104795	12.96753320	-0.59957406	-0.62019285	12.96892215	-0.59893794
-0.60002478	12.99470800	-0.58186906	-0.59912757	12.99607489	-0.58124668
-0.61884408	13.01556454	-0.51211157	-0.61788082	13.01696007	-0.51148024
-0.57257732	13.02108752	-0.55499766	-0.57163256	13.02242417	-0.55439249
-0.50294632	13.02719251	-0.58203812	-0.50200963	13.02844507	-0.58147323
-0.67652725	12.95313244	-0.43276717	-0.67559454	12.95460040	-0.43210027
-0.65206332	12.98111757	-0.43881893	-0.65110019	12.98255599	-0.43816744
-0.58547491	13.01215762	-0.37890806	-0.58444224	13.01351764	-0.37829406
-0.61823808	13.01105825	-0.44800869	-0.61724357	13.01245534	-0.44737725
-0.53580452	13.02360933	-0.32124873	-0.53472600	13.02490955	-0.32066185
-0.43345200	13.03294182	-0.59847472	-0.43252057	13.03410400	-0.59795236
0.19164600	13.12274770	-0.18481585	0.19291731	13.12312003	-0.18466874
0.16201493	13.16154795	-0.26997328	0.16328416	13.16195592	-0.26981058
0.18960131	13.14921762	-0.28476410	0.19084460	13.14959004	-0.28461915
0.22352068	13.10917762	-0.19646097	0.22476597	13.10950997	-0.19633510
0.14137288	13.16867610	-0.36498870	0.14259073	13.16910708	-0.36481387
0.16737361	13.15717369	-0.38196571	0.16856483	13.15757092	-0.38180779
0.19408767	13.14028062	-0.29478049	0.19531273	13.14064707	-0.29463839
0.22782355	13.10074091	-0.20286636	0.22905405	13.10106746	-0.20274351
0.20080483	13.14791715	-0.29586761	0.20203868	13.14827489	-0.29573046
0.23331395	13.10718809	-0.19776289	0.23455435	13.10750859	-0.19764416
0.18140301	13.15515393	-0.39912294	0.18257943	13.15553270	-0.39897479
0.22541379	13.16055314	-0.42517453	0.22657758	13.16087515	-0.42505670
0.24729808	13.15279694	-0.31390631	0.24852342	13.15309656	-0.31380049
0.27924504	13.11006820	-0.20873247	0.28048140	13.11033133	-0.20864380
0.26608381	12.93570048	-0.06486959	0.26719284	12.93598120	-0.06476445
0.22992212	13.05237009	-0.11033863	0.23115180	13.05269564	-0.11021370
0.26596987	13.03924197	-0.12183493	0.26717455	13.03952265	-0.12173308
0.30548299	12.92204228	-0.07810643	0.30656548	12.92227339	-0.07802558
0.27620004	13.03714508	-0.12235631	0.27740085	13.03741333	-0.12226121
0.31666700	12.92003392	-0.08154610	0.31774485	12.92025133	-0.08147264
0.32142000	13.03524192	-0.12985014	0.32261222	13.03545480	-0.12978452
0.36039252	12.91182555	-0.08764407	0.36145515	12.91198931	-0.08759863
0.38418931	12.72272337	-0.09168218	0.38501342	12.72285431	-0.09164798
0.34425700	12.73680066	-0.08710998	0.34510263	12.73698018	-0.08705063
0.39975943	12.52713408	-0.12230560	0.40030723	12.52723443	-0.12228119
0.36251252	12.55159561	-0.11751109	0.36309833	12.55174407	-0.11746428
0.33291475	12.73910758	-0.08233796	0.33376617	12.73930113	-0.08227129
0.35038694	12.55450961	-0.11255790	0.35098072	12.55467305	-0.11250396
0.30497159	12.56874875	-0.09432688	0.30559648	12.56897033	-0.09424411
0.29108808	12.75689411	-0.06618776	0.29197247	12.75714074	-0.06609529
0.26975330	12.78527225	-0.91873588	0.27006708	12.78549351	-0.91861731
0.26123223	12.85549685	-0.89393741	0.26167347	12.85573165	-0.89381833
0.24266049	12.86132571	-0.83485840	0.24315450	12.86158542	-0.83472733
0.25241305	12.80049967	-0.85846893	0.25280490	12.80074733	-0.85833722
0.24720837	12.92748743	-0.84363878	0.24778420	12.92773871	-0.84351915
0.22775339	12.92601310	-0.78794660	0.22836808	12.92629432	-0.78781460
0.23432270	12.92151281	-0.77018928	0.23494499	12.92178747	-0.77006131
0.25355917	12.80617503	-0.83780474	0.25397352	12.80641908	-0.83767613
0.22654531	12.86178876	-0.82048892	0.22705173	12.86207033	-0.82034808
0.23054591	12.80447213	-0.84340788	0.23095384	12.80475036	-0.84325987
0.21679262	12.92556040	-0.77818667	0.21741498	12.92585654	-0.77804767
0.17643521	12.93809857	-0.76348292	0.17708438	12.93844776	-0.76331813
0.18327310	12.87079891	-0.80191738	0.18380711	12.87113623	-0.80174751
0.18432378	12.80719111	-0.82288374	0.18475276	12.80752647	-0.82270257
0.27315821	12.71544444	-0.94401685	0.27334386	12.71568257	-0.94391584
0.25887359	12.73925347	-0.88258204	0.25914937	12.73949288	-0.88245651
0.26119372	12.75472716	-0.86035387	0.26151372	12.75496126	-0.86022717
0.27812926	12.71807305	-0.87364026	0.27837914	12.71828205	-0.87352816
0.23844147	12.74671795	-0.87013647	0.23873924	12.74698161	-0.86998956
0.18985647	12.73953201	-0.85240491	0.19016321	12.73986004	-0.85221749
0.28597634	12.32923115	-0.16204680	0.28622021	12.32946624	-0.16195992
0.30459836	12.42572911	-0.12841984	0.30500760	12.42594116	-0.12834509
0.35222021	12.42351086	-0.14500113	0.35260970	12.42365134	-0.14495922
0.33668462	12.35414902	-0.17754764	0.33694680	12.35430305	-0.17750262
0.35633794	12.43606628	-0.15231045	0.35674035	12.43620283	-0.15227020
0.36579854	12.41634026	-0.15012817	0.36617086	12.41646062	-0.15009522
0.35060489	12.34849710	-0.18406744	0.35084038	12.34862116	-0.18404513
0.40236149	12.38254952	-0.15875893	0.40267112	12.38261071	-0.15875043
0.13009714	13.14354681	-0.47011477	0.13121530	13.14398774	-0.46993458
0.15990442	13.13001187	-0.48420594	0.16099439	13.13041353	-0.48404492
0.13279155	13.09134082	-0.57816874	0.13376889	13.09176909	-0.57798948
0.16793118	13.07576184	-0.58894066	0.16887925	13.07614310	-0.58878413
0.17182064	13.11861785	-0.49096594	0.17289039	13.11900339	-0.49081216
0.17770273	13.12496275	-0.49111938	0.17877968	13.12534093	-0.49096969
0.18697408	13.06890675	-0.58517695	0.18791475	13.06926381	-0.58503194
0.21309996	13.07408492	-0.62454515	0.21401657	13.07440440	-0.62441851
0.21317446	13.13044790	-0.52367404	0.21423351	13.13077840	-0.52354893
0.22770802	13.00354530	-0.74271314	0.22845067	13.00383064	-0.74258800
0.20636064	12.99890148	-0.69461116	0.20713372	12.99921941	-0.69447214
0.19202331	13.00211825	-0.69413058	0.19280201	13.00245497	-0.69398269
0.15392930	13.01723543	-0.68275980	0.15473629	13.01762244	-0.68258878
0.40476081	13.09118247	-0.26278113	0.40593352	13.09128960	-0.26277376
0.43968719	13.01041414	-0.17914859	0.44081217	13.01048183	-0.17915809
0.46722424	12.87948998	-0.13304066	0.46821504	12.87952457	-0.13306176
0.31969303	12.99210537	-0.86154243	0.32033534	12.99226325	-0.86147572
0.34214621	12.91386444	-0.95068638	0.34263399	12.91398839	-0.95062216
0.30297023	13.06162200	-0.74953938	0.30377791	13.06181257	-0.74947090
0.14613142	12.96445509	-0.05924729	0.14728285	12.96488565	-0.05906721
0.12489837	13.06878086	-0.10384605	0.12615489	13.06923825	-0.10365508
0.10358254	13.13238716	-0.17384874	0.10487596	13.13287113	-0.17364574
0.09638593	13.03127803	-0.62342180	0.09725569	13.03174668	-0.62321362
0.07708850	13.09678661	-0.54555636	0.07809821	13.09728883	-0.54533980
0.11465456	12.95907425	-0.67771380	0.11539217	12.95951181	-0.67751045
0.48001405	12.68429787	-0.13300647	0.48076173	12.68431276	-0.13303008
0.48716135	12.47504652	-0.16148751	0.48761075	12.47504004	-0.16150777
0.34956810	12.83296955	-1.00355938	0.34989647	12.83308179	-1.00349577
0.34912811	12.75819907	-1.03288332	0.34933648	12.75833520	-1.03283780
0.48608275	12.33738087	-0.19971577	0.48629277	12.33735410	-0.19974428
0.34650677	12.69830743	-1.05172601	0.34659347	12.69845229	-1.05169254
0.16313076	12.47442394	-0.10450891	0.16362606	12.47482780	-0.10433913
0.17062248	12.63046428	-0.07515762	0.17133998	12.63085917	-0.07498927
0.11409537	12.75813225	-0.74727348	0.11452452	12.75856277	-0.74703957
0.11523113	12.82680982	-0.72370269	0.11576852	12.82724129	-0.72348278
0.16320012	12.80984196	-0.05462432	0.16415952	12.81024957	-0.05445248
0.11816439	12.89225003	-0.70583568	0.11879892	12.89267931	-0.70562755
0.34037711	13.14428123	-0.50070175	0.34146180	13.14445407	-0.50066154
0.31371132	13.11594306	-0.62739474	0.31467328	13.11613566	-0.62733816
0.37114358	13.13583378	-0.37475296	0.37230027	13.13597781	-0.37472829
0.07429752	13.16690510	-0.34589540	0.07552738	13.16742217	-0.34567763
0.07049248	13.14311204	-0.44796604	0.07162735	13.14362982	-0.44774641
0.08601846	13.16406984	-0.25458521	0.08730255	13.16457442	-0.25437311
0.87995463	11.96309007	-0.58547783	0.87971693	11.96279334	-0.58555424
0.81676000	12.01719950	-0.47386000	0.81676000	12.01719950	-0.47386000
0.91890152	11.93388625	-0.71507980	0.91847958	11.93347688	-0.71522867
0.90712684	12.00047175	-0.72010181	0.90678877	12.00006694	-0.72026284
0.87288319	12.04813353	-0.63338860	0.87269863	12.04779741	-0.63352377
0.80600455	12.11221771	-0.53016086	0.80596738	12.11201181	-0.53028302
0.95099814	11.92557680	-0.83995219	0.95045037	11.92509870	-0.84014553
0.96945322	11.94113742	-0.95176025	0.96883983	11.94061088	-0.95198425
0.93913391	12.05956977	-0.93510039	0.93869697	12.05907922	-0.93533403
0.92545115	12.02961682	-0.81707382	0.92506578	12.02916155	-0.81727280
0.96834778	11.98336128	-1.04516305	0.96771734	11.98282335	-1.04540377
0.93391087	12.05848638	-1.13204610	0.93330827	12.05798722	-1.13228084
0.91176922	12.12152790	-1.10955973	0.91127123	12.12105959	-1.10979196
0.93598661	12.09443694	-1.03311113	0.93551741	12.09394081	-1.03335428
0.85390255	12.17776311	-1.22268984	0.85339315	12.17736904	-1.22289585
0.73898076	12.33060595	-1.27245152	0.73863956	12.33039176	-1.27259482
0.74397481	12.35881598	-1.20078351	0.74371974	12.35858736	-1.20092608
0.85323356	12.22370158	-1.16006461	0.85283203	12.22330797	-1.16027487
0.60030116	12.48281668	-1.23759367	0.60021790	12.48280704	-1.23758635
0.47120422	12.61396096	-1.15277342	0.47121002	12.61398552	-1.15277693
0.49420000	12.61570000	-1.07906000	0.49420000	12.61570000	-1.07906000
0.61447000	12.50220000	-1.16283000	0.61447000	12.50220000	-1.16283000
0.38318625	12.64814239	-1.04975109	0.38319994	12.64822277	-1.04973985
0.33269089	12.64899086	-0.95678253	0.33273759	12.64913934	-0.95674035
0.37140000	12.64100070	-0.89641000	0.37140000	12.64100070	-0.89641000
0.41679000	12.64250090	-0.98287004	0.41679000	12.64250090	-0.98287004
0.31602538	12.68075254	-0.89712193	0.31618806	12.68091611	-0.89704623
0.31299376	12.70808787	-0.86963561	0.31323526	12.70824523	-0.86955136
0.34180877	12.69539895	-0.81261178	0.34209466	12.69551971	-0.81255066
0.35004938	12.67012172	-0.84015716	0.35026454	12.67021212	-0.84010114
0.30389785	12.69549693	-0.87352862	0.30411801	12.69566667	-0.87343601
0.26117312	12.68569155	-0.84386347	0.26141554	12.68592649	-0.84372896
0.30194257	12.68232195	-0.77463696	0.30225085	12.68250599	-0.77453761
0.34059137	12.68400613	-0.81130552	0.34086286	12.68412947	-0.81124225
0.15639935	12.72213861	-0.71542063	0.15680991	12.72251841	-0.71521508
0.02598882	12.77678276	-0.57458643	0.02657432	12.77733896	-0.57431072
0.03074932	12.81450166	-0.49776496	0.03143269	12.81506041	-0.49750071
0.18106029	12.73698847	-0.64024944	0.18155213	12.73734562	-0.64007045
-0.08988240	12.82043397	-0.51144465	-0.08919862	12.82114785	-0.51110935
-0.19707593	12.85293515	-0.51511789	-0.19634636	12.85379098	-0.51472384
-0.19987773	12.92155534	-0.45494262	-0.19902044	12.92241881	-0.45454866
-0.09133357	12.88004227	-0.44144781	-0.09052734	12.88076379	-0.44111474
-0.30213583	12.87371828	-0.57477694	-0.30140230	12.87470815	-0.57432792
-0.40070491	12.88505028	-0.64234212	-0.39998995	12.88616129	-0.64183081
-0.41715426	12.91292088	-0.59058391	-0.41637111	12.91405973	-0.59006429
-0.31124420	12.92697610	-0.51984232	-0.31041026	12.92798201	-0.51938729
-0.48878619	12.88851722	-0.67026196	-0.48807709	12.88974055	-0.66969250
-0.56850712	12.88528187	-0.65834067	-0.56778310	12.88660099	-0.65772743
-0.56763848	12.88777401	-0.62296453	-0.56689323	12.88909664	-0.62235242
-0.51102348	12.89639860	-0.62200106	-0.51027316	12.89765501	-0.62142102
-0.64253988	12.87728836	-0.60664635	-0.64179574	12.87869926	-0.60598894
-0.69164284	12.86125104	-0.52702671	-0.69087748	12.86273176	-0.52634319
-0.65448540	12.87742009	-0.49884228	-0.65368257	12.87885726	-0.49818336
-0.61720237	12.88647411	-0.57572551	-0.61643072	12.88785947	-0.57508484
-0.69670536	12.83432830	-0.43176623	-0.69591373	12.83581986	-0.43108272
-0.67002890	12.78766815	-0.34189169	-0.66923298	12.78912638	-0.34123449
-0.64839522	12.79411880	-0.35485958	-0.64760052	12.79555290	-0.35421371
-0.66043951	12.84054092	-0.41520131	-0.65963081	12.84198954	-0.41454180
-0.62360376	12.71324987	-0.27863613	-0.62286755	12.71465130	-0.27801531
-0.55035080	12.65253018	-0.23001492	-0.54966761	12.65384108	-0.22942827
-0.53249993	12.71166743	-0.26148207	-0.53176374	12.71295917	-0.26090276
-0.60840766	12.75527724	-0.31126689	-0.60763812	12.75666287	-0.31064732
-0.44339340	12.64735770	-0.18289519	-0.44270382	12.64853996	-0.18236517
-0.31653980	12.62632010	-0.14725526	-0.31587276	12.62734480	-0.14678958
-0.29843124	12.67985237	-0.17627083	-0.29770934	12.68085226	-0.17581627
-0.42427228	12.70469379	-0.21294625	-0.42352898	12.70585395	-0.21242387
-0.18082643	12.52134595	-0.13416910	-0.18029289	12.52219068	-0.13378580
-0.03336681	12.40462437	-0.14192614	-0.03298579	12.40528248	-0.14163386
-0.03040722	12.47428177	-0.17309155	-0.02995584	12.47493604	-0.17279925
-0.16880501	12.58391173	-0.16314216	-0.16820551	12.58474120	-0.16276448
0.12707346	12.34306778	-0.16282439	0.12734954	12.34352235	-0.16263614
0.25509833	12.32350286	-0.18861949	0.25531947	12.32378180	-0.18851232
0.23491920	12.38339564	-0.24064229	0.23520034	12.38370542	-0.24052398
0.11781597	12.41043760	-0.20424726	0.11816016	12.41090301	-0.20405218
0.30510716	12.35735642	-0.21018621	0.30535887	12.35756145	-0.21011834
0.29119083	12.44135162	-0.27952271	0.29153478	12.44158812	-0.27943725
0.28285651	12.41361359	-0.26558722	0.28316744	12.41386007	-0.26549872
0.31606955	12.34764827	-0.22289027	0.31629905	12.34782728	-0.22284249
0.34620000	12.27620000	-0.23202000	0.34620000	12.27620000	-0.23202000
0.32166094	12.33431257	-0.29069929	0.32184998	12.33449174	-0.29064126
0.28977903	12.39982113	-0.28065468	0.29006893	12.40005896	-0.28057433
0.44425997	12.21770000	-0.27141000	0.44425997	12.21770000	-0.27141000
0.57587000	12.16340070	-0.32883000	0.57587000	12.16340070	-0.32883000
0.57069522	12.24235034	-0.38354951	0.57077527	12.24230462	-0.38358941
0.42907184	12.28625344	-0.32814583	0.42917787	12.28630173	-0.32813787
0.70622003	12.08180000	-0.39380000	0.70622003	12.08180000	-0.39380000
0.70067657	12.17989941	-0.44855888	0.70071049	12.17977394	-0.44863691
0.76249576	12.39051262	-1.05016792	0.76238131	12.39022367	-1.05032458
0.86284094	12.24043345	-1.04968696	0.86254418	12.24002397	-1.04990221
0.78345675	12.37378077	-0.86230052	0.78346342	12.37346888	-0.86247832
0.87295670	12.21895834	-0.90920904	0.87274066	12.21854177	-0.90942354
0.79595154	12.25945001	-0.67449050	0.79595131	12.25915427	-0.67465964
0.87309225	12.14539335	-0.75679364	0.87290080	12.14499777	-0.75698477
0.53543354	12.60733554	-0.90360756	0.53558768	12.60725722	-0.90365368
0.64796155	12.52072801	-0.99150326	0.64802495	12.52057881	-0.99157977
0.56801003	12.53772770	-0.69239530	0.56827137	12.53764477	-0.69245811
0.68001302	12.47679895	-0.78275206	0.68017267	12.47660453	-0.78287561
0.57302905	12.38574447	-0.51201832	0.57321812	12.38567636	-0.51207695
0.69410400	12.33838847	-0.59067001	0.69422363	12.33820566	-0.59079134
-0.21052190	12.91681989	-0.37011045	-0.20961802	12.91770134	-0.36970917
-0.10479238	12.87318809	-0.35463809	-0.10393829	12.87393240	-0.35429798
-0.23213934	12.85907614	-0.28348770	-0.23125520	12.85998768	-0.28307158
-0.12570703	12.80893967	-0.27037631	-0.12488123	12.80971302	-0.27002231
-0.00909953	12.74079176	-0.30621223	-0.00838471	12.74141368	-0.30592831
0.01424870	12.80678378	-0.40189399	0.01498612	12.80737057	-0.40162350
-0.26615067	12.76888793	-0.22046519	-0.26534122	12.76984468	-0.22002874
-0.14897515	12.69568892	-0.20797046	-0.14825593	12.69649278	-0.20760279
-0.02303532	12.60877484	-0.22929902	-0.02244236	12.60941726	-0.22900870
-0.54677890	12.91683263	-0.54079179	-0.54595414	12.91813837	-0.54019480
-0.58065937	12.91071628	-0.44898879	-0.57978897	12.91206831	-0.44837485
-0.47822875	12.93091668	-0.38797055	-0.47730437	12.93214484	-0.38741500
-0.44518709	12.94353652	-0.49362156	-0.44430828	12.94471857	-0.49308624
-0.59722980	12.83884039	-0.36972867	-0.59639711	12.84021428	-0.36910756
-0.50814124	12.82903257	-0.31139148	-0.50729305	12.83029824	-0.31082047
-0.32897972	12.94202605	-0.42605992	-0.32807217	12.94305942	-0.42559207
-0.35575247	12.90684488	-0.32732340	-0.35482961	12.90791643	-0.32683719
-0.39156695	12.80942935	-0.25844016	-0.39072195	12.81054834	-0.25793320
0.29751028	12.64074491	-0.65092556	0.29788791	12.64096168	-0.65082338
0.33908929	12.63706499	-0.67455822	0.33944380	12.63722770	-0.67448497
0.27136045	12.57387964	-0.50105767	0.27175312	12.57414051	-0.50094788
0.31769714	12.57257682	-0.51117603	0.31808281	12.57277863	-0.51109455
0.32201493	12.59055000	-0.49562259	0.32243311	12.59074774	-0.49554511
0.34024622	12.65136785	-0.66617135	0.34062704	12.65153059	-0.66609977
0.34713323	12.63383986	-0.68878687	0.34748149	12.63399463	-0.68871754
0.32423336	12.57633669	-0.51046048	0.32462654	12.57653123	-0.51038436
0.35623796	12.55634083	-0.55120334	0.35658520	12.55649542	-0.55114430
0.37586520	12.61499224	-0.73940264	0.37615271	12.61511328	-0.73935155
0.33051293	12.44187955	-0.39896544	0.33080514	12.44207129	-0.39890009
0.29875489	12.48894861	-0.37553795	0.29911597	12.48917757	-0.37545231
0.29313989	12.49305898	-0.37058941	0.29350524	12.49329466	-0.37049955
0.24555040	12.47919958	-0.35424145	0.24590493	12.47949679	-0.35412338
0.44919041	12.55403391	-0.61354005	0.44950653	12.55407663	-0.61353738
0.44135693	12.62169502	-0.81536638	0.44157325	12.62171786	-0.81537052
0.43667027	12.41243785	-0.44638484	0.43690467	12.41249952	-0.44637679
0.14302720	12.64282022	-0.40868388	0.14355642	12.64324279	-0.40849365
0.16951052	12.71305034	-0.53113793	0.17005035	12.71343331	-0.53096006
0.12385184	12.52582612	-0.29282209	0.12429945	12.52628091	-0.29262576
0.17360660	13.14762512	-0.39420276	0.17477723	13.14801352	-0.39404899
0.26929212	13.03290526	-0.12897700	0.27048376	13.03318183	-0.12887730
0.30788443	12.91861292	-0.08748553	0.30895693	12.91884076	-0.08740635
0.33539375	12.73838026	-0.09282665	0.33623748	12.73857057	-0.09276189
0.35360562	12.55878017	-0.12244633	0.35419857	12.55894033	-0.12239470
0.24683553	12.86042427	-0.81404263	0.24734490	12.86067930	-0.81391504
0.34215605	12.37619590	-0.18487940	0.34244503	12.37634234	-0.18483926
0.18512301	13.06372424	-0.58795239	0.18605543	13.06408315	-0.58780573
0.20980750	12.99366342	-0.68796868	0.21057927	12.99397793	-0.68783148
0.89430380	11.95771018	-0.57211019	0.89407304	11.95740452	-0.57219610
0.82737042	12.01965175	-0.45668061	0.82738756	12.01964811	-0.45668348
0.93618843	11.91942500	-0.70655752	0.93575548	11.91899719	-0.70671768
0.74228751	12.32915735	-1.28797741	0.74193296	12.32893913	-1.28812329
0.46164452	12.61980214	-1.16639099	0.46165425	12.61983028	-1.16639203
0.35412967	12.65933368	-1.05826671	0.35416286	12.65946138	-1.05824281
0.28839333	12.66389145	-0.95979775	0.28847091	12.66411080	-0.95972056
0.27558216	12.69382724	-0.89844939	0.27577096	12.69405151	-0.89834263
0.25986802	12.70495148	-0.88532769	0.26008029	12.70518509	-0.88519406
0.21168548	12.69128217	-0.86709311	0.21190915	12.69158140	-0.86691647
0.12447500	12.71394135	-0.75247288	0.12483844	12.71435933	-0.75223971
0.01753758	12.74804040	-0.62207704	0.01805236	12.74860062	-0.62178952
-0.18984595	12.78959074	-0.55591030	-0.18922298	12.79043312	-0.55551869
-0.29266279	12.83150207	-0.60584266	-0.29200171	12.83247728	-0.60540103
-0.47623238	12.89352789	-0.69253894	-0.47553328	12.89473288	-0.69197686
-0.55842168	12.89659125	-0.68088716	-0.55769815	12.89789645	-0.68028031
-0.70393818	12.86554991	-0.53853749	-0.70317474	12.86704554	-0.53784642
-0.18278534	12.53107939	-0.11211118	-0.18222586	12.53192629	-0.11172660
0.14505309	12.35863169	-0.13821324	0.14536586	12.35906135	-0.13803544
0.31276322	12.38512629	-0.22277397	0.31304998	12.38532208	-0.22271110
0.38424465	12.29400729	-0.19566505	0.38432789	12.29403507	-0.19569373
0.46981893	12.23712634	-0.23910736	0.46986199	12.23711953	-0.23913035
0.71428949	12.09159900	-0.37185246	0.71430356	12.09158056	-0.37185612
0.29999189	12.51611195	-0.36871616	0.30038855	12.51633806	-0.36862937
0.59078329	12.77636710	-0.54244120	0.59140196	12.77624605	-0.54253993
0.31369106	12.99057110	-0.52999634	0.31456974	12.99077282	-0.52992927
0.04320254	12.99874607	-0.26164593	0.04427223	12.99930381	-0.26140060
0.11223689	13.08069880	-0.30695527	0.11338047	13.08116823	-0.30675765
0.32781219	12.86990392	-0.29426479	0.32869379	12.87009952	-0.29419884
0.03936258	12.97138222	-0.42001915	0.04029715	12.97193848	-0.41977021
0.13352562	13.04839042	-0.41644794	0.13455765	13.04882776	-0.41626342
0.37315595	12.82426391	-0.69352919	0.37371853	12.82437128	-0.69349381
0.16848845	13.03168741	-0.17866419	0.16964999	13.03208818	-0.17850058
0.22603251	12.81733835	-0.79304815	0.22650310	12.81762217	-0.79290108
0.33643586	12.75945548	-0.53104031	0.33703740	12.75963285	-0.53097341
0.33496728	12.88798067	-0.84122211	0.33549422	12.88811532	-0.84115988
0.39826962	12.43658792	-0.24559610	0.39861905	12.43667707	-0.24556829
0.25517436	13.04868741	-0.44606081	0.25618219	13.04896884	-0.44595697
0.48170827	12.68459230	-0.66814878	0.48213496	12.68458861	-0.66817607
0.70394464	12.74654791	-0.77413395	0.70439613	12.74628419	-0.77429426
0.33721876	12.94111736	-0.20006831	0.33824791	12.94130669	-0.20001006
-0.41852257	12.91708827	-0.24195832	-0.41753432	12.91824190	-0.24143521
0.16444662	13.08421098	-0.24795068	0.16563056	13.08461566	-0.24778641
0.33167271	12.94759041	-0.68765298	0.33238757	12.94775098	-0.68759629
-0.50567146	12.91702600	-0.28207974	-0.50470295	12.91828885	-0.28150811
0.23894422	13.03361581	-0.32782210	0.24001101	13.03392311	-0.32770524
0.29480692	12.46117895	-0.20084483	0.29522179	12.46140775	-0.20076087
0.13011074	13.10179404	-0.36904427	0.13124117	13.10223850	-0.36885974
0.22065138	13.07954085	-0.48813406	0.22167092	13.07986344	-0.48800998
0.26102368	12.61463178	-0.24463769	0.26161759	12.61491015	-0.24452502
0.17674687	12.94009599	-0.50785745	0.17758135	12.94047215	-0.50769498
0.28405721	12.89282109	-0.83095059	0.28459663	12.89302463	-0.83085301
0.29011699	12.84204912	-0.83418502	0.29058537	12.84224449	-0.83408726
0.24084443	13.02401124	-0.54395717	0.24175605	13.02430304	-0.54384375
0.38470378	12.80020906	-0.19813866	0.38555631	12.80033875	-0.19810617
0.50341769	12.59181062	-0.43354609	0.50387602	12.59179786	-0.43357647
0.30939224	12.76227004	-0.88686315	0.30969653	12.76242895	-0.88677438
0.16979250	12.96744563	-0.64297625	0.17056378	12.96781585	-0.64281012
0.39443544	12.37625097	-0.22249963	0.39469695	12.37631772	-0.22248108
0.36265926	12.48479422	-0.31253190	0.36304433	12.48494046	-0.31248380
0.20432712	12.87093772	-0.18625490	0.20528015	12.87129251	-0.18610933
0.39256740	12.73051629	-0.90963976	0.39280292	12.73055407	-0.90960904
0.30200746	12.79458046	-0.84827792	0.30239754	12.79475652	-0.84818523
0.15691470	13.11663345	-0.28022093	0.15811991	13.11704734	-0.28005324
0.42112295	12.60718782	-0.24772543	0.42170592	12.60726969	-0.24771059
0.22191633	12.86239382	-0.76978171	0.22246380	12.86268525	-0.76963834
0.43188361	12.71322926	-0.82719610	0.43219074	12.71324782	-0.82719787
0.83299233	12.74084799	-0.87001505	0.83342237	12.74045508	-0.87023570
0.57055217	12.78979423	-0.92783487	0.57089975	12.78965262	-0.92790142
0.34843544	12.68728785	-0.19904802	0.34914701	12.68745972	-0.19899049
0.25936561	12.76497542	-0.18113341	0.26018793	12.76525912	-0.18102115
