0.85734731	12.73413451	-0.42278197	0.85846016	12.73364855	-0.42321184
0.82901735	12.87265552	-0.45120207	0.83021364	12.87222694	-0.45158686
0.90351094	12.83106024	-0.55009618	0.90441347	12.83058537	-0.55058549
0.93486029	12.69761912	-0.53579553	0.93567174	12.69710213	-0.53633465
0.78618328	12.96389149	-0.51102602	0.78731003	12.96352645	-0.51132299
0.86492101	12.91743562	-0.59260978	0.86580242	12.91701211	-0.59302451
0.91332654	12.87440752	-0.65328737	0.91405376	12.87396668	-0.65375952
0.95137904	12.80428334	-0.64793505	0.95206078	12.80380210	-0.64847043
0.98474561	12.67500642	-0.64923664	0.98534173	12.67449357	-0.64982906
0.71685818	12.76591950	-1.16481960	0.71679062	12.76586133	-1.16490086
0.83918524	12.71466427	-1.14405021	0.83911876	12.71448808	-1.14430540
0.80843823	12.82114319	-1.07490525	0.80848101	12.82095706	-1.07509182
0.68608007	12.86793061	-1.09051103	0.68608189	12.86783130	-1.09049350
0.94071427	12.68020825	-1.08214211	0.94071042	12.67991007	-1.08255252
0.90839587	12.79140536	-1.02317052	0.90850737	12.79112017	-1.02352193
0.86930199	12.85997987	-0.97223589	0.86948761	12.85970371	-0.97253200
0.79036090	12.90114648	-0.98685769	0.79051697	12.90091787	-0.98702211
0.66827976	12.94758044	-0.99112734	0.66840435	12.94742726	-0.99108185
0.60714828	12.83290034	-0.20800461	0.60908703	12.83263314	-0.20794847
0.58883058	12.97014738	-0.25551880	0.59076310	12.96992274	-0.25542766
0.72077161	12.92167057	-0.34995610	0.72232642	12.92132945	-0.35015988
0.74198152	12.78192980	-0.30968406	0.74349238	12.78152699	-0.30991721
0.55718219	13.05674809	-0.33954194	0.55891754	13.05656384	-0.33937282
0.68383174	13.01236552	-0.42529792	0.68524730	13.01208125	-0.42541632
0.46760801	12.88157564	-1.06178148	0.46758132	12.88158118	-1.06139919
0.59355375	12.82718015	-1.13590374	0.59348999	12.82718135	-1.13576250
0.56332178	12.91938206	-1.06304417	0.56332400	12.91934013	-1.06281946
0.43980542	12.96388793	-0.98663241	0.43988841	12.96385014	-0.98615132
0.54403294	12.99368576	-0.96106514	0.54417722	12.99357911	-0.96077654
0.42006900	13.03304228	-0.88350516	0.42033196	13.03295048	-0.88293935
0.00324933	12.99129019	-0.05426347	0.00637050	12.99172872	-0.05202141
-0.12525212	13.00321192	-0.07277715	-0.12213675	13.00375476	-0.06989129
-0.12916402	13.07627188	-0.11994720	-0.12627712	13.07675684	-0.11715111
-0.00396637	13.07847283	-0.09869064	-0.00101583	13.07889609	-0.09651453
-0.24456619	13.00454873	-0.10543600	-0.24155490	13.00510916	-0.10186997
-0.24715427	13.06557066	-0.15463331	-0.24441595	13.06605708	-0.15117845
-0.25058387	13.10594325	-0.22080571	-0.24822744	13.10628931	-0.21743507
-0.13315014	13.12266487	-0.18652803	-0.13061538	13.12306062	-0.18378483
-0.01074865	13.13205240	-0.16489603	-0.00811251	13.13241136	-0.16276304
0.03579943	12.97515225	-0.58051381	0.03654058	12.97519215	-0.57854465
0.02116204	13.03751170	-0.55475405	0.02199164	13.03754582	-0.55273487
-0.06011471	13.03908394	-0.54219835	-0.05935749	13.03907173	-0.53979288
-0.04590789	12.98297740	-0.55782753	-0.04517161	12.98298440	-0.55543208
0.00237427	13.09143713	-0.50706541	0.00337549	13.09146338	-0.50499239
-0.08102418	13.08545763	-0.50613172	-0.08011661	13.08546233	-0.50365850
-0.17544974	13.07687827	-0.51928180	-0.17473096	13.07669566	-0.51624378
-0.15339079	13.03595104	-0.55541436	-0.15282131	13.03577061	-0.55242527
-0.13850808	12.98496197	-0.57289671	-0.13794896	12.98481981	-0.56992514
0.98842890	12.28580853	-0.67524679	0.98858129	12.28526234	-0.67585012
0.96566592	12.06703238	-0.69076347	0.96548566	12.06650748	-0.69130358
0.91419644	12.09429668	-0.55501282	0.91423161	12.09385588	-0.55546638
0.93104275	12.30074235	-0.53973563	0.93141876	12.30023450	-0.54027175
0.83745359	12.14490489	-0.43309062	0.83771270	12.14459299	-0.43341576
0.84678445	12.32624827	-0.41374814	0.84737467	12.32579212	-0.41416795
0.97792875	12.37778170	-1.14448073	0.97763454	12.37740600	-1.14500393
0.88307545	12.43908065	-1.21278297	0.88279729	12.43883944	-1.21317321
0.87727309	12.27957565	-1.23785139	0.87678549	12.27933536	-1.23829460
0.96913132	12.18642411	-1.15993356	0.96859905	12.18603481	-1.16049088
0.75650409	12.51632381	-1.24062762	0.75634503	12.51625019	-1.24084421
0.75156638	12.39612489	-1.27230105	0.75120849	12.39605774	-1.27257377
0.86431299	12.17492990	-1.24575884	0.86368818	12.17470196	-1.24622095
0.94928704	12.05190359	-1.15797371	0.94858226	12.05153206	-1.15853788
0.99600104	12.49481708	-0.66070057	0.99641334	12.49427132	-0.66132677
0.94064653	12.51098112	-0.53390124	0.94128710	12.51045812	-0.53447040
0.85796048	12.53963728	-0.41122236	0.85887439	12.53913776	-0.41166381
0.86735279	12.58589069	-1.18568201	0.86721237	12.58570468	-1.18601062
0.96648216	12.54240926	-1.12066666	0.96634737	12.54207662	-1.12114038
0.74219161	12.64426727	-1.20976289	0.74206069	12.64422037	-1.20993173
0.60638153	12.41798852	-0.22576898	0.60750088	12.41760574	-0.22577053
0.60979849	12.63313842	-0.20306129	0.61146175	12.63281018	-0.20301672
0.74089657	12.58267582	-0.29873434	0.74214999	12.58223259	-0.29894192
0.73209808	12.36858727	-0.30973891	0.73293094	12.36817159	-0.30996568
0.46843441	12.70520032	-1.15021654	0.46835821	12.70527135	-1.15010592
0.61158197	12.61508827	-1.21963176	0.61149326	12.61511980	-1.21965485
0.60839036	12.71925024	-1.18597263	0.60830094	12.71928230	-1.18595715
0.47368133	12.78898183	-1.11593997	0.47362373	12.78902837	-1.11570332
0.58710940	12.17433975	-0.30194083	0.58721185	12.17425332	-0.30196380
0.60064384	12.27903429	-0.26290502	0.60124574	12.27872132	-0.26297066
0.72578926	12.21441477	-0.33880972	0.72622232	12.21410097	-0.33900428
0.59983309	12.48708101	-1.25184690	0.59967298	12.48713064	-1.25185031
0.60620594	12.53437752	-1.24357102	0.60608884	12.53440773	-1.24356596
0.46234706	12.64944867	-1.16609411	0.46227726	12.64950889	-1.16602973
0.01078369	12.71292297	-0.05255638	0.01368450	12.71326516	-0.05020410
-0.13657352	12.78201325	-0.05506666	-0.13343958	12.78251985	-0.05185133
-0.12671292	12.90506404	-0.05376969	-0.12353641	12.90561434	-0.05076306
0.01119211	12.86765785	-0.04205868	0.01427738	12.86805394	-0.03974327
-0.27229270	12.83301297	-0.07502894	-0.26910318	12.83358638	-0.07096768
-0.25411172	12.92825440	-0.08058077	-0.25095928	12.92884237	-0.07680475
0.03143948	12.84592277	-0.60955880	0.03211293	12.84601869	-0.60758745
0.03776349	12.91113699	-0.59700212	0.03845865	12.91119336	-0.59503788
-0.04287312	12.92128491	-0.56698854	-0.04212464	12.92132069	-0.56456650
-0.05097334	12.85642558	-0.57055606	-0.05021894	12.85647355	-0.56806323
-0.13508663	12.92759455	-0.58082354	-0.13451616	12.92745758	-0.57780858
-0.14398428	12.86659624	-0.57892587	-0.14329207	12.86644975	-0.57579176
-0.02267142	12.41687437	-0.10663324	-0.02051084	12.41718009	-0.10414943
-0.15886564	12.63441132	-0.07188063	-0.15598560	12.63484647	-0.06847887
-0.00598961	12.54194257	-0.07623686	-0.00348383	12.54223450	-0.07380058
-0.31016541	12.62672878	-0.10398944	-0.30729991	12.62718628	-0.09944673
-0.29546580	12.71490337	-0.08486311	-0.29237852	12.71541960	-0.08046675
0.02129241	12.77973024	-0.62127485	0.02193996	12.77985271	-0.61928898
-0.06973233	12.78972565	-0.56685812	-0.06889646	12.78975340	-0.56422886
-0.08637933	12.76246438	-0.54604942	-0.08536747	12.76246915	-0.54330246
-0.16677957	12.80364074	-0.56549410	-0.16590464	12.80345398	-0.56212224
-0.36789107	13.00074523	-0.15011460	-0.36507544	13.00121093	-0.14570786
-0.36177235	13.05020556	-0.19712790	-0.35925111	13.05055505	-0.19290857
-0.47925194	12.99284629	-0.20302964	-0.47672645	12.99318445	-0.19788933
-0.46112747	13.03274469	-0.24560885	-0.45888842	13.03294346	-0.24072171
-0.44097495	13.06521436	-0.29735023	-0.43906823	13.06526221	-0.29270854
-0.35401586	13.08647435	-0.25715324	-0.35187080	13.08667543	-0.25307503
-0.25854087	13.03172083	-0.57182767	-0.25816724	13.03126534	-0.56824294
-0.24399272	12.98645914	-0.59665376	-0.24366435	12.98598504	-0.59305491
-0.27827221	13.06827049	-0.53126841	-0.27772749	13.06786290	-0.52764996
-0.37336268	13.05690373	-0.53699183	-0.37290797	13.05615463	-0.53279570
-0.35936088	13.02493736	-0.58175429	-0.35914023	13.02404741	-0.57754195
-0.34934554	12.98622545	-0.61499965	-0.34920319	12.98524800	-0.61070693
-0.24484454	12.93769411	-0.61179130	-0.24449681	12.93718776	-0.60807177
-0.35621967	12.94633733	-0.63863642	-0.35607451	12.94522638	-0.63414759
-0.36977700	12.90789311	-0.65114143	-0.36956370	12.90663931	-0.64637498
-0.25649711	12.88768953	-0.61523787	-0.25604379	12.88712102	-0.61131898
-0.52125431	12.88758253	-0.15829596	-0.51838314	12.88801695	-0.15249814
-0.54110355	12.76476808	-0.16064356	-0.53824852	12.76512179	-0.15432027
-0.61895200	12.80005758	-0.21516031	-0.61643018	12.80021335	-0.20828543
-0.60131146	12.89652513	-0.21774468	-0.59882518	12.89672203	-0.21138233
-0.54949439	12.65926131	-0.17627084	-0.54672767	12.65950127	-0.16969764
-0.62655282	12.71675206	-0.22541820	-0.62411013	12.71682129	-0.21825236
-0.67713564	12.78437855	-0.29397516	-0.67510329	12.78415716	-0.28654407
-0.67073893	12.83696635	-0.29001177	-0.66866779	12.83678159	-0.28285701
-0.65564822	12.90003577	-0.29500691	-0.65367851	12.89985066	-0.28832184
-0.43903681	12.65076288	-0.13364211	-0.43609155	12.65118454	-0.12801529
-0.42736241	12.74744374	-0.11616298	-0.42429066	12.74793203	-0.11076214
-0.40528697	12.86710063	-0.11032322	-0.40218742	12.86761729	-0.10534458
-0.46594493	12.91616931	-0.65776729	-0.46579091	12.91412953	-0.65222983
-0.47137185	12.88798952	-0.66671463	-0.47110075	12.88583360	-0.66094733
-0.38055998	12.87386372	-0.65161025	-0.38019542	12.87253723	-0.64660596
-0.55054091	12.91450565	-0.63276635	-0.55008160	12.91179984	-0.62637973
-0.55376866	12.88623812	-0.64575581	-0.55318850	12.88336497	-0.63912163
-0.39038263	12.85677531	-0.64039193	-0.38986262	12.85543357	-0.63524632
-0.27482727	12.83890823	-0.60605577	-0.27417566	12.83828126	-0.60188704
0.90059674	12.88302738	-0.90394620	0.90089386	12.88270101	-0.90431072
0.80072732	12.95034786	-0.88903932	0.80105172	12.95007581	-0.88924028
0.91794937	12.89719067	-0.81549537	0.91840813	12.89681377	-0.81591376
0.82316140	12.97000862	-0.78492478	0.82367996	12.96968526	-0.78520052
0.71317015	13.02604241	-0.74266573	0.71377699	13.02577176	-0.74275821
0.68197722	13.00207475	-0.87126049	0.68231489	13.00185586	-0.87125478
0.91981002	12.89320037	-0.72377880	0.92041565	12.89278191	-0.72423458
0.84136913	12.96110493	-0.67873488	0.84209979	12.96073670	-0.67907738
0.74769868	13.01400067	-0.61590071	0.74859083	13.01367969	-0.61608856
1.00099536	12.66907493	-0.98798201	1.00108781	12.66867167	-0.98849217
0.96392324	12.79088149	-0.94266844	0.96413629	12.79051288	-0.94312132
1.02484006	12.66929005	-0.87699289	1.02506733	12.66882627	-0.87757047
0.98452859	12.80002183	-0.84620363	0.98488868	12.79959957	-0.84672013
1.01712356	12.66820696	-0.76377108	1.01752674	12.66770178	-0.76437581
0.97947238	12.79947070	-0.74692067	0.97999397	12.79901335	-0.74746233
0.56222955	13.04786885	-0.82488302	0.56264333	13.04769365	-0.82464199
0.60084113	13.07338501	-0.67659687	0.60160274	13.07317025	-0.67646444
0.47803373	13.11243373	-0.59249961	0.47900791	13.11227675	-0.59207630
0.43878391	13.08596273	-0.74382550	0.43935324	13.08583440	-0.74328833
0.64258785	13.06214603	-0.53916974	0.64370146	13.06190017	-0.53916879
0.51883075	13.10342923	-0.45503801	0.52022056	13.10326468	-0.45475009
-0.38015105	13.07579894	-0.47915647	-0.37933975	13.07527467	-0.47496900
-0.46381262	13.05363832	-0.48910537	-0.46305809	13.05270758	-0.48435697
-0.44517339	13.04132503	-0.53152183	-0.44467742	13.04024266	-0.52681848
-0.39055293	13.08328586	-0.41578136	-0.38937589	13.08298813	-0.41154691
-0.48469304	13.05668129	-0.44407366	-0.48367041	13.05594005	-0.43921812
-0.56929643	13.02604187	-0.46977384	-0.56837642	13.02483344	-0.46425626
-0.53257575	13.02762176	-0.50355744	-0.53185240	13.02631514	-0.49827322
-0.49613372	13.02640680	-0.53112490	-0.49561665	13.02507810	-0.52608234
-0.41400074	13.08086460	-0.35467900	-0.41244204	13.08074550	-0.35027391
-0.49717159	13.05420759	-0.39214615	-0.49586317	13.05372248	-0.38719570
-0.51015311	13.04117778	-0.34030151	-0.50849562	13.04091779	-0.33519749
-0.55658353	13.02236843	-0.37104765	-0.55510761	13.02188368	-0.36562029
-0.56965115	13.02453260	-0.41930018	-0.56843301	13.02367977	-0.41379236
-0.01154013	13.13064996	-0.42491781	-0.01016821	13.13074216	-0.42280981
-0.10381879	13.11793874	-0.43501903	-0.10256154	13.11800304	-0.43245162
-0.01871739	13.15250967	-0.32939271	-0.01690726	13.15267127	-0.32724888
-0.12252160	13.13614547	-0.34805050	-0.12082738	13.13631536	-0.34541015
-0.22483835	13.11793288	-0.37642241	-0.22336950	13.11797836	-0.37324699
-0.20088827	13.10363127	-0.45518077	-0.19984399	13.10352562	-0.45207760
-0.01701189	13.15490115	-0.24228353	-0.01476037	13.15516603	-0.24015418
-0.13164860	13.14015580	-0.26390341	-0.12952273	13.14044292	-0.26120694
-0.24227850	13.12096234	-0.29625058	-0.24034789	13.12115500	-0.29296788
0.98697965	11.97249433	-1.06181766	0.98625146	11.97203674	-1.06242135
1.01060345	12.11729223	-1.06006111	1.01008352	12.11681312	-1.06067653
0.98964274	11.92746592	-0.95637038	0.98893361	11.92697909	-0.95697043
1.01683413	12.07389986	-0.94585302	1.01636930	12.07337633	-0.94647762
1.03756771	12.29157677	-0.93055907	1.03740053	12.29105451	-0.93119211
1.02573062	12.32644844	-1.04632408	1.02547550	12.32598547	-1.04692324
0.97158406	11.91101492	-0.83715529	0.97098436	11.91053426	-0.83771609
1.00084492	12.05866348	-0.82225865	1.00049834	12.05812856	-0.82285856
1.02458476	12.28042988	-0.80620262	1.02455573	12.27987375	-0.80683966
1.02235815	12.51240918	-1.02192734	1.02229707	12.51197675	-1.02249325
1.04170979	12.49462816	-0.90707189	1.04177482	12.49413599	-0.90769920
1.03135312	12.48907686	-0.78587936	1.03157848	12.48854902	-0.78652910
-0.62579365	12.90156425	-0.57050267	-0.62414498	12.89828906	-0.56300878
-0.63248706	12.87197907	-0.58200263	-0.63080302	12.86866816	-0.57433583
-0.68927585	12.90119840	-0.49890169	-0.68788820	12.89903928	-0.49198149
-0.69852998	12.86424127	-0.50244864	-0.69701484	12.86200628	-0.49517189
-0.63409186	12.84900638	-0.58287959	-0.63235730	12.84573214	-0.57507137
-0.69204303	12.90181770	-0.39599297	-0.69047441	12.90084817	-0.38905185
-0.70532422	12.85670119	-0.39461003	-0.70374454	12.85574521	-0.38733134
-0.70796691	12.82078776	-0.39407077	-0.70636605	12.81981742	-0.38651933
-0.29304125	13.09093945	-0.46873147	-0.29215651	13.09065793	-0.46507175
-0.30899482	13.10154837	-0.39578852	-0.30767037	13.10142129	-0.39203414
-0.33294780	13.10192495	-0.32448494	-0.33121120	13.10198118	-0.32058604
-0.58193152	12.94866046	-0.23312258	-0.57956744	12.94881314	-0.22714024
-0.49971618	12.95391677	-0.17325269	-0.49697194	12.95433121	-0.16783177
-0.63836705	12.93994657	-0.30608567	-0.63646279	12.93971938	-0.29967995
-0.61557114	12.96901161	-0.32458773	-0.61374920	12.96870652	-0.31845076
-0.55993313	12.97995386	-0.25933439	-0.55776096	12.98000926	-0.25364881
-0.38373593	12.94553126	-0.12164366	-0.38072748	12.94603855	-0.11700846
-0.45415234	12.94914299	-0.64143161	-0.45407091	12.94731610	-0.63620001
-0.44263283	12.98348446	-0.61473258	-0.44249918	12.98190548	-0.60975745
-0.52500187	12.97740040	-0.59399424	-0.52462054	12.97532880	-0.58834372
-0.53985146	12.94581178	-0.61767914	-0.53943624	12.94337854	-0.61167504
-0.65068621	12.96170491	-0.49072353	-0.64956011	12.95985162	-0.48440420
-0.67360507	12.93231389	-0.49517101	-0.67234421	12.93027891	-0.48853785
-0.61633222	12.93512979	-0.56338363	-0.61505380	12.93235075	-0.55651679
-0.59948123	12.96699193	-0.55089514	-0.59855522	12.96464999	-0.54465067
-0.61980220	12.99313070	-0.48409290	-0.61877574	12.99149960	-0.47814204
-0.57416168	12.99765293	-0.52710190	-0.57335678	12.99580426	-0.52130107
-0.50723676	13.00694824	-0.55696361	-0.50678228	13.00533292	-0.55167710
-0.67530022	12.93510723	-0.40099978	-0.67381624	12.93412554	-0.39440255
-0.65167526	12.96322852	-0.40916748	-0.65029221	12.96222244	-0.40291338
-0.58461690	12.99951505	-0.35136741	-0.58299323	12.99910882	-0.34561633
-0.61868892	12.99341013	-0.42004354	-0.61741626	12.99238808	-0.41411549
-0.53341274	13.01378756	-0.29542737	-0.53145559	13.01372115	-0.29004442
-0.43887989	13.01615069	-0.57571597	-0.43859711	13.01484594	-0.57092497
0.19480842	13.12148773	-0.17860539	0.19732035	13.12167071	-0.17734464
0.16328263	13.15982354	-0.26352210	0.16543791	13.15997346	-0.26217207
0.19059528	13.14759558	-0.27875217	0.19267206	13.14771501	-0.27749693
0.22644384	13.10801567	-0.19073716	0.22888458	13.10815964	-0.18958375
0.14069503	13.16642328	-0.35817386	0.14242292	13.16651474	-0.35673682
0.16648424	13.15507939	-0.37557504	0.16814556	13.15515159	-0.37422979
0.19492237	13.13865472	-0.28879295	0.19694858	13.13876544	-0.28754649
0.23064519	13.09956457	-0.19717562	0.23304755	13.09969706	-0.19602963
0.20154590	13.14632174	-0.29001504	0.20356800	13.14642642	-0.28879494
0.23614460	13.10606658	-0.19217888	0.23856907	13.10619877	-0.19105447
0.18023883	13.15311789	-0.39295919	0.18183761	13.15317555	-0.39166352
0.22377981	13.15879370	-0.41973051	0.22529151	13.15882295	-0.41859858
0.24756408	13.15140237	-0.30873052	0.24949923	13.15146329	-0.30767822
0.28171683	13.10914463	-0.20382926	0.28407462	13.10923685	-0.20286877
0.27228885	12.93484983	-0.05909203	0.27514345	12.93499131	-0.05798188
0.23481686	13.05144613	-0.10446208	0.23758545	13.05162857	-0.10329902
0.27053911	13.03839031	-0.11652745	0.27322291	13.03852303	-0.11549265
0.31125553	12.92127969	-0.07310399	0.31400425	12.92136568	-0.07216264
0.28066816	13.03632910	-0.11718813	0.28333071	13.03645023	-0.11618645
0.32224361	12.91929928	-0.07670333	0.32495308	12.91937040	-0.07579860
0.32558001	13.03460373	-0.12538314	0.32818282	13.03468026	-0.12454468
0.36567453	12.91122240	-0.08340923	0.36831509	12.91124205	-0.08265291
0.38986969	12.72183231	-0.08772640	0.39225760	12.72176922	-0.08703159
0.35019005	12.73582548	-0.08263893	0.35264807	12.73581584	-0.08181618
0.40493618	12.52585554	-0.11890391	0.40686664	12.52569474	-0.11830812
0.36798270	12.55029604	-0.11358501	0.37001459	12.55019880	-0.11286270
0.33908318	12.73809419	-0.07771415	0.34158948	12.73809785	-0.07685404
0.35607724	12.55316608	-0.10844990	0.35815921	12.55308271	-0.10768566
0.31128500	12.56722441	-0.08935676	0.31351881	12.56719611	-0.08839901
0.29779037	12.75575905	-0.06073485	0.30043306	12.75581855	-0.05969233
0.26696450	12.78359681	-0.91570412	0.26706930	12.78363967	-0.91496640
0.25749322	12.85365902	-0.89021053	0.25765298	12.85367589	-0.88934515
0.23893725	12.85934808	-0.83059277	0.23918487	12.85934631	-0.82962299
0.24926305	12.79865079	-0.85476445	0.24944790	12.79866734	-0.85389377
0.24283814	12.92547219	-0.83926315	0.24309615	12.92545238	-0.83827799
0.22365553	12.92390120	-0.78313310	0.22401107	12.92388720	-0.78206199
0.23032937	12.91948052	-0.76534496	0.23071243	12.91946391	-0.76427719
0.25034245	12.80443207	-0.83387254	0.25055165	12.80444699	-0.83297109
0.22263278	12.85981342	-0.81561720	0.22286907	12.85982775	-0.81453723
0.22712024	12.80265887	-0.83893417	0.22729039	12.80269855	-0.83792108
0.21259383	12.92340929	-0.77297570	0.21293933	12.92339976	-0.77182882
0.17217292	12.93563288	-0.75747136	0.17254166	12.93563360	-0.75615097
0.17930277	12.86849057	-0.79630784	0.17956658	12.86851574	-0.79505915
0.18090737	12.80502526	-0.81763341	0.18111413	12.80507809	-0.81643593
0.27132479	12.71381791	-0.94153457	0.27136413	12.71392079	-0.94094601
0.25645802	12.73762657	-0.87945872	0.25658451	12.73767567	-0.87869644
0.25844177	12.75312043	-0.85686993	0.25858998	12.75315120	-0.85605045
0.27589236	12.71665844	-0.87066714	0.27601238	12.71669700	-0.86996625
0.23550667	12.74504739	-0.86621836	0.23560223	12.74510235	-0.86529904
0.18694357	12.73760997	-0.84757496	0.18706778	12.73769637	-0.84644838
0.29080328	12.32762967	-0.15804924	0.29230962	12.32761698	-0.15722247
0.31002363	12.42417550	-0.12422799	0.31181416	12.42414326	-0.12340069
0.35689326	12.42209515	-0.14166485	0.35851744	12.42198117	-0.14104093
0.34063890	12.35290999	-0.17457814	0.34197256	12.35286017	-0.17400638
0.36084795	12.43470822	-0.14898097	0.36245862	12.43459637	-0.14836307
0.37014482	12.41492891	-0.14701965	0.37168362	12.41478177	-0.14644842
0.35349447	12.34730405	-0.18158070	0.35454056	12.34723007	-0.18111978
0.40611913	12.38104568	-0.15629980	0.40744807	12.38079326	-0.15588208
0.12760725	13.14082891	-0.46294434	0.12888443	13.14085333	-0.46142196
0.15732191	13.12751861	-0.47757203	0.15855517	13.12753176	-0.47616472
0.12896156	13.08843561	-0.57103349	0.12982357	13.08842447	-0.56950080
0.16414227	13.07318141	-0.58242675	0.16498491	13.07316690	-0.58103285
0.16924307	13.11622180	-0.48452648	0.17045619	13.11623309	-0.48316357
0.17509530	13.12261155	-0.48480454	0.17631769	13.12261822	-0.48346855
0.18337765	13.06649977	-0.57901992	0.18425442	13.06648332	-0.57770543
0.20910009	13.07184402	-0.61882299	0.20988882	13.07181233	-0.61760733
0.21007142	13.12833387	-0.51795952	0.21119957	13.12832121	-0.51676140
0.22324040	13.00142398	-0.73757404	0.22372113	13.00139784	-0.73645451
0.20229242	12.99665892	-0.68902146	0.20287228	12.99664452	-0.68780883
0.18779609	12.99976546	-0.68820475	0.18835162	12.99975394	-0.68692095
0.14956746	13.01454521	-0.67607736	0.15013001	13.01453813	-0.67462849
0.40600105	13.09076823	-0.25949285	0.40807534	13.09073389	-0.25893104
0.44261396	13.01016905	-0.17610771	0.44492567	13.01011079	-0.17562959
0.47123672	12.87916541	-0.13016287	0.47356464	12.87905078	-0.12974128
0.31467325	12.99065547	-0.85779112	0.31493429	12.99059786	-0.85698654
0.33765582	12.91281178	-0.94760016	0.33776960	12.91280767	-0.94692028
0.29806167	13.06000084	-0.74533529	0.29857615	13.05992921	-0.74445308
0.15297388	12.96322972	-0.05131260	0.15597686	12.96351853	-0.04972171
0.13031631	13.06745433	-0.09603941	0.13320004	13.06775365	-0.09445202
0.10714677	13.13072913	-0.16601638	0.10974641	13.13099912	-0.16439941
0.09246426	13.02805252	-0.61560398	0.09316460	13.02805027	-0.61390978
0.07362571	13.09348377	-0.53734722	0.07457404	13.09349643	-0.53558342
0.11094037	12.95613345	-0.67035649	0.11151735	12.95615562	-0.66875561
0.48455590	12.68366887	-0.13033555	0.48664520	12.68348679	-0.12995477
0.49111925	12.47387068	-0.15927188	0.49268221	12.47357124	-0.15896090
0.34607330	12.83213850	-1.00131418	0.34609024	12.83218066	-1.00078921
0.34662953	12.75734341	-1.03106990	0.34659957	12.75744325	-1.03066781
0.48845404	12.33616390	-0.19852816	0.48933966	12.33583322	-0.19840036
0.34507360	12.69748991	-1.05046772	0.34499769	12.69761880	-1.05019391
0.16999724	12.47243769	-0.09714214	0.17216533	12.47258986	-0.09560445
0.17806517	12.62855713	-0.06749730	0.18061602	12.62870589	-0.06594477
0.11144365	12.75558071	-0.74066436	0.11178558	12.75567719	-0.73916955
0.11218035	12.82413162	-0.71681017	0.11259969	12.82420320	-0.71527430
0.17075767	12.80828094	-0.04664204	0.17363657	12.80849612	-0.04504864
0.11472525	12.88947972	-0.69874058	0.11520214	12.88952724	-0.69717693
0.33762177	13.14320280	-0.49675284	0.33887345	13.14315123	-0.49598413
0.30952830	13.11444987	-0.62310820	0.31037227	13.11437191	-0.62223810
0.37032950	13.13507985	-0.37111995	0.37201536	13.13503764	-0.37045192
0.07400404	13.16418884	-0.33774124	0.07580788	13.16431615	-0.33602223
0.06833397	13.13998483	-0.43968847	0.06967289	13.14003940	-0.43792986
0.08768937	13.16193663	-0.24661750	0.08992942	13.16215310	-0.24495219
0.88082904	11.96453670	-0.58620534	0.88057135	11.96419438	-0.58651811
0.81676000	12.01719950	-0.47386000	0.81676000	12.01719950	-0.47386000
0.92051851	11.93619267	-0.71583717	0.92009145	11.93575872	-0.71630122
0.90848637	12.00271406	-0.72067820	0.90816850	12.00228714	-0.72113453
0.87371537	12.04975100	-0.63390005	0.87357652	12.04936112	-0.63429029
0.80649946	12.11294958	-0.53033495	0.80657409	12.11266262	-0.53062902
0.95309530	11.92854802	-0.84056213	0.95252183	11.92809550	-0.84110103
0.97178189	11.94449612	-0.95219495	0.97110561	11.94403592	-0.95277440
0.94079974	12.06270304	-0.93533798	0.94032970	12.06227880	-0.93588073
0.92696977	12.03237354	-0.81747874	0.92658705	12.03194134	-0.81798292
0.97078341	11.98690543	-1.04542379	0.97009320	11.98646862	-1.04601086
0.93623215	12.06196747	-1.13216175	0.93556636	12.06160559	-1.13271156
0.91364684	12.12480793	-1.10961925	0.91308600	12.12446958	-1.11013498
0.93779230	12.09773718	-1.03318681	0.93727576	12.09734157	-1.03372579
0.85589376	12.18075806	-1.22282287	0.85529773	12.18053404	-1.22327624
0.74011170	12.33258681	-1.27262717	0.73966526	12.33253243	-1.27292421
0.74468546	12.36067857	-1.20082805	0.74434621	12.36057900	-1.20110931
0.85467389	12.22657195	-1.16008210	0.85419690	12.22632560	-1.16052075
0.60035743	12.48316333	-1.23772364	0.60020775	12.48320790	-1.23772752
0.47076628	12.61388973	-1.15246087	0.47070513	12.61393486	-1.15240953
0.49420000	12.61570000	-1.07906000	0.49420000	12.61570000	-1.07906000
0.61447000	12.50220000	-1.16283000	0.61447000	12.50220000	-1.16283000
0.38266066	12.64768573	-1.04913715	0.38260243	12.64776024	-1.04901546
0.33207999	12.64819107	-0.95561631	0.33207006	12.64829586	-0.95536350
0.37140000	12.64100070	-0.89641000	0.37140000	12.64100070	-0.89641000
0.41679000	12.64250090	-0.98287004	0.41679000	12.64250090	-0.98287004
0.31467613	12.67963027	-0.89514187	0.31476658	12.67968248	-0.89468435
0.31098907	12.70692349	-0.86718187	0.31112337	12.70693718	-0.86661886
0.33980264	12.69451142	-0.81017504	0.34001985	12.69448720	-0.80965063
0.34866676	12.66942089	-0.83851361	0.34885084	12.66940049	-0.83813256
0.30180789	12.69427237	-0.87084742	0.30190895	12.69429317	-0.87023238
0.25894889	12.68436458	-0.84036655	0.25908844	12.68442614	-0.83954859
0.30009826	12.68124398	-0.77148893	0.30038970	12.68126811	-0.77078362
0.33856666	12.68312370	-0.80875826	0.33876691	12.68310347	-0.80821465
0.15433391	12.71994469	-0.70953653	0.15475016	12.72003309	-0.70821012
0.02516510	12.77345261	-0.56542162	0.02600921	12.77357217	-0.56342376
0.03070101	12.81135265	-0.48831014	0.03181921	12.81149219	-0.48628191
0.17944503	12.73494724	-0.63440829	0.18004962	12.73502236	-0.63312687
-0.08916418	12.81547592	-0.49825984	-0.08795823	12.81550654	-0.49548620
-0.19628076	12.84608486	-0.49809793	-0.19506678	12.84594101	-0.49456182
-0.19927400	12.91548763	-0.43836471	-0.19791644	12.91547376	-0.43492658
-0.09035903	12.87559370	-0.42819474	-0.08893843	12.87570124	-0.42541975
-0.30184596	12.86337981	-0.55373661	-0.30089470	12.86280448	-0.54940269
-0.40049761	12.86900808	-0.61657554	-0.39982743	12.86771944	-0.61136438
-0.41629091	12.89767180	-0.56456406	-0.41536609	12.89656489	-0.55934356
-0.31132046	12.91751211	-0.49924624	-0.31024052	12.91710070	-0.49501509
-0.48712833	12.86430601	-0.63910286	-0.48640471	12.86218285	-0.63300883
-0.56307930	12.85334574	-0.62169135	-0.56187649	12.85048477	-0.61468751
-0.56031989	12.85752887	-0.58564424	-0.55883898	12.85495541	-0.57863883
-0.50740407	12.87262214	-0.58966147	-0.50630724	12.87064568	-0.58339700
-0.63310094	12.84167703	-0.56390601	-0.63132645	12.83860641	-0.55607383
-0.68658192	12.83397484	-0.48789545	-0.68500449	12.83195616	-0.48027961
-0.65015460	12.85388051	-0.46073318	-0.64856728	12.85226814	-0.45340736
-0.60839019	12.85493787	-0.53390240	-0.60660635	12.85239360	-0.52630343
-0.69366697	12.81621290	-0.39324879	-0.69205218	12.81527205	-0.38572420
-0.66569131	12.77541506	-0.30416726	-0.66371967	12.77515533	-0.29678787
-0.64424166	12.78156646	-0.31787572	-0.64232694	12.78124545	-0.31065169
-0.65718039	12.82418651	-0.37793954	-0.65549577	12.82341291	-0.37068029
-0.61729379	12.70318935	-0.24261480	-0.61498077	12.70321738	-0.23550429
-0.54222744	12.64404293	-0.19682157	-0.53960628	12.64424577	-0.19029543
-0.52600381	12.70296768	-0.22952706	-0.52364380	12.70311399	-0.22320740
-0.60323118	12.74460085	-0.27601830	-0.60111735	12.74451279	-0.26908099
-0.43433722	12.64093157	-0.15468590	-0.43154322	12.64132125	-0.14909579
-0.30768410	12.62132727	-0.12488630	-0.30497188	12.62178499	-0.12037772
-0.29076562	12.67503988	-0.15468411	-0.28819226	12.67549219	-0.15031202
-0.41679327	12.69818323	-0.18604806	-0.41423361	12.69853352	-0.18067565
-0.17310580	12.51754011	-0.11775001	-0.17072265	12.51797879	-0.11431540
-0.02664372	12.40167964	-0.13041384	-0.02463981	12.40200025	-0.12792053
-0.02446530	12.47148152	-0.16140817	-0.02251543	12.47181735	-0.15890940
-0.16185344	12.58032411	-0.14689122	-0.15954070	12.58076782	-0.14351620
0.13264859	12.34096202	-0.15531734	0.13432867	12.34114793	-0.15367953
0.25950227	12.32191924	-0.18402981	0.26089993	12.32196449	-0.18305898
0.23824513	12.38210483	-0.23534325	0.23947933	12.38223421	-0.23422886
0.12248125	12.40849724	-0.19623750	0.12405559	12.40872137	-0.19451955
0.30858424	12.35623217	-0.20659858	0.30981271	12.35626533	-0.20587784
0.29381084	12.44053654	-0.27527033	0.29498192	12.44066202	-0.27441284
0.28562658	12.41270630	-0.26124888	0.28678421	12.41282699	-0.26036425
0.31850157	12.34714379	-0.21997110	0.31944611	12.34727944	-0.21939483
0.34620000	12.27620000	-0.23202000	0.34620000	12.27620000	-0.23202000
0.32335742	12.33433590	-0.28827554	0.32408999	12.33455402	-0.28778577
0.29220719	12.39934057	-0.27685792	0.29325422	12.39953841	-0.27608609
0.44425997	12.21770000	-0.27141000	0.44425997	12.21770000	-0.27141000
0.57587000	12.16340070	-0.32883000	0.57587000	12.16340070	-0.32883000
0.57156987	12.24230988	-0.38311391	0.57193752	12.24217779	-0.38313905
0.43025329	12.28613121	-0.32697623	0.43072837	12.28613136	-0.32678555
0.70622003	12.08180000	-0.39380000	0.70622003	12.08180000	-0.39380000
0.70141923	12.18008300	-0.44851523	0.70167059	12.17985371	-0.44868827
0.76246138	12.39252798	-1.04993056	0.76229352	12.39233507	-1.05020224
0.86375740	12.24324963	-1.04963340	0.86340899	12.24295285	-1.05007376
0.78281409	12.37565439	-0.86198338	0.78281114	12.37538064	-0.86228876
0.87358880	12.22159481	-0.90922141	0.87336398	12.22124155	-0.90967445
0.79611205	12.26089270	-0.67440401	0.79622528	12.26056128	-0.67474386
0.87387613	12.14759557	-0.75695711	0.87373110	12.14719843	-0.75739347
0.53394398	12.60782966	-0.90273749	0.53401706	12.60774628	-0.90267469
0.64691807	12.52182856	-0.99120637	0.64691197	12.52173326	-0.99129797
0.56683717	12.53806237	-0.69122464	0.56718928	12.53792431	-0.69115454
0.67876299	12.47776693	-0.78209412	0.67893332	12.47756022	-0.78222968
0.57341554	12.38588921	-0.51099066	0.57391646	12.38573484	-0.51095391
0.69416077	12.33905365	-0.59022684	0.69447587	12.33880355	-0.59041348
-0.20866885	12.91145256	-0.35317338	-0.20697504	12.91159304	-0.34967460
-0.10255583	12.86915809	-0.34080102	-0.10082535	12.86936726	-0.33792489
-0.22799168	12.85414363	-0.26545649	-0.22588691	12.85442736	-0.26175656
-0.12146481	12.80512072	-0.25563595	-0.11938999	12.80542746	-0.25258544
-0.00588784	12.73800106	-0.29500661	-0.00412386	12.73828354	-0.29265519
0.01552750	12.80382023	-0.39165468	0.01696236	12.80402237	-0.38949079
-0.26005270	12.76418013	-0.20054688	-0.25766965	12.76458376	-0.19648984
-0.14323307	12.69202790	-0.19228788	-0.14100790	12.69241434	-0.18904074
-0.01834161	12.60607023	-0.21762665	-0.01645108	12.60640204	-0.21516465
-0.54155951	12.89530881	-0.50683090	-0.54003286	12.89376581	-0.50037020
-0.57793805	12.89437953	-0.41616488	-0.57638031	12.89351658	-0.40972316
-0.47582455	12.92029957	-0.36080368	-0.47412129	12.92004073	-0.35535211
-0.44366014	12.93047248	-0.46722220	-0.44234745	12.92977642	-0.46195008
-0.59355407	12.82629575	-0.33544912	-0.59171325	12.82593746	-0.32873739
-0.50357175	12.81969831	-0.28147660	-0.50149224	12.81969055	-0.27554621
-0.32781073	12.93398549	-0.40525032	-0.32632418	12.93384868	-0.40098635
-0.35234912	12.90001259	-0.30522423	-0.35038171	12.90014868	-0.30072504
-0.38603994	12.80283554	-0.23382023	-0.38374740	12.80309877	-0.22886857
0.29620151	12.63961375	-0.64699593	0.29670708	12.63965240	-0.64616896
0.33763960	12.63614646	-0.67130253	0.33808298	12.63614773	-0.67063129
0.27137447	12.57283389	-0.49618823	0.27215160	12.57293681	-0.49519318
0.31760500	12.57170389	-0.50700538	0.31835594	12.57176020	-0.50617703
0.32203875	12.58972531	-0.49157730	0.32285096	12.58978298	-0.49077508
0.33880248	12.65043404	-0.66293203	0.33928506	12.65043084	-0.66227058
0.34565089	12.63292407	-0.68577696	0.34607711	12.63292342	-0.68515707
0.32413408	12.57556375	-0.50654003	0.32488628	12.57562801	-0.50576265
0.35586220	12.55567515	-0.54780256	0.35649735	12.55570412	-0.54714430
0.37441478	12.61429514	-0.73690835	0.37473859	12.61428664	-0.73641171
0.33178017	12.44147819	-0.39553926	0.33261412	12.44161511	-0.39487195
0.30030970	12.48822580	-0.37131063	0.30130585	12.48835189	-0.37046759
0.29471819	12.49218274	-0.36609433	0.29573320	12.49228609	-0.36519315
0.24727644	12.47818486	-0.34896546	0.24830269	12.47834828	-0.34788245
0.44844156	12.55386814	-0.61118116	0.44896185	12.55382173	-0.61080025
0.43979771	12.62163583	-0.81375477	0.43997070	12.62160388	-0.81350648
0.43745679	12.41235332	-0.44437298	0.43810716	12.41235666	-0.44404841
0.14423527	12.64088412	-0.40115622	0.14540406	12.64105057	-0.39957603
0.16906422	12.71115166	-0.52448247	0.16994739	12.71127337	-0.52306619
0.12670367	12.52400539	-0.28475229	0.12807076	12.52422975	-0.28304914
0.17257248	13.14554358	-0.38789598	0.17418612	13.14560833	-0.38656844
0.27370659	13.03204377	-0.12368279	0.27634661	13.03216822	-0.12265476
0.31342412	12.91784213	-0.08252870	0.31611726	12.91792057	-0.08159503
0.34129170	12.73738048	-0.08824533	0.34373882	12.73738162	-0.08739444
0.35906554	12.55749281	-0.11839149	0.36110418	12.55741423	-0.11763855
0.24314917	12.85852124	-0.80964986	0.24342526	12.85851564	-0.80866633
0.34577052	12.37505449	-0.18187551	0.34705455	12.37500841	-0.18130406
0.18152120	13.06131022	-0.58174385	0.18238316	13.06129626	-0.58042044
0.20583111	12.99146526	-0.68239509	0.20642296	12.99145080	-0.68119104
0.89514303	11.95916164	-0.57282664	0.89488878	11.95880282	-0.57315387
0.82736829	12.01963189	-0.45673140	0.82739777	12.01961991	-0.45674464
0.93783499	11.92177757	-0.70729997	0.93739037	11.92131780	-0.70778035
0.74347477	12.33120546	-1.28815653	0.74300963	12.33115520	-1.28845880
0.46109373	12.61971922	-1.16603436	0.46102247	12.61977285	-1.16597001
0.35329650	12.65858072	-1.05729433	0.35322358	12.65869030	-1.05709038
0.28749421	12.66252075	-0.95801768	0.28749203	12.66264593	-0.95760068
0.27386429	12.69236426	-0.89591301	0.27395355	12.69244124	-0.89530719
0.25712890	12.70352186	-0.88178604	0.25715381	12.70357482	-0.88096366
0.20908192	12.68964772	-0.86277401	0.20915013	12.68974056	-0.86175652
0.12222226	12.71156095	-0.74620927	0.12254335	12.71167057	-0.74478131
0.01617916	12.74474947	-0.61297004	0.01685197	12.74488134	-0.61096376
-0.18889084	12.78229471	-0.53888274	-0.18778247	12.78208033	-0.53531244
-0.29235958	12.82092514	-0.58489817	-0.29149584	12.82028315	-0.58053527
-0.47636169	12.86921076	-0.66247880	-0.47590474	12.86703032	-0.65654068
-0.55599110	12.86462770	-0.64570831	-0.55517234	12.86169606	-0.63888005
-0.69857793	12.83672454	-0.50016105	-0.69701196	12.83452877	-0.49256790
-0.17432060	12.52718407	-0.09551515	-0.17177579	12.52761682	-0.09205701
0.15114782	12.35650273	-0.13100675	0.15296750	12.35665818	-0.12944982
0.31585332	12.38419711	-0.21925963	0.31703243	12.38425635	-0.21856255
0.38517355	12.29303532	-0.19499979	0.38552948	12.29287051	-0.19495466
0.47045145	12.23649909	-0.23872758	0.47067416	12.23634936	-0.23870532
0.71435196	12.09160541	-0.37192793	0.71439548	12.09156978	-0.37195288
0.30162032	12.51525864	-0.36435535	0.30268498	12.51535567	-0.36348654
0.58937865	12.77680270	-0.54088059	0.59026793	12.77658702	-0.54079518
0.31155043	12.98929576	-0.52568479	0.31262129	12.98926245	-0.52482231
0.04602587	12.99630649	-0.25207384	0.04817554	12.99654754	-0.25008934
0.11340011	13.07849099	-0.29917642	0.11536181	13.07864964	-0.29755498
0.32986740	12.86890354	-0.28988771	0.33168082	12.86891207	-0.28905540
0.03931818	12.96841198	-0.41057024	0.04076779	12.96855871	-0.40857985
0.13283170	13.04599024	-0.40912356	0.13431409	13.04607486	-0.40758310
0.37033625	12.82330341	-0.69035603	0.37085783	12.82322157	-0.68974035
0.17234221	13.03024039	-0.17167126	0.17482249	13.03043499	-0.17025020
0.22280060	12.81540979	-0.78839675	0.22309562	12.81543272	-0.78734665
0.33564264	12.75849196	-0.52708754	0.33656270	12.75849028	-0.52631292
0.33094454	12.88672196	-0.83785345	0.33120063	12.88666078	-0.83713596
0.40112573	12.43579461	-0.24279980	0.40233615	12.43571276	-0.24230164
0.25394558	13.04707813	-0.44085736	0.25533264	13.04708961	-0.43979489
0.47987171	12.68443546	-0.66605199	0.48036962	12.68431988	-0.66575088
0.70082387	12.74815929	-0.77315757	0.70119523	12.74791148	-0.77327553
0.34050865	12.94030964	-0.19571506	0.34274086	12.94033207	-0.19490552
-0.41294203	12.91075918	-0.21761854	-0.41047905	12.91108588	-0.21269833
0.16666844	13.08256596	-0.24113982	0.16888593	13.08272981	-0.23973936
0.32810599	12.94630393	-0.68386329	0.32870585	12.94623363	-0.68309211
-0.50090308	12.90876628	-0.25427218	-0.49864720	12.90890249	-0.24867606
0.23975911	13.03209543	-0.32225979	0.24158127	13.03215520	-0.32113429
0.29888286	12.46002370	-0.19648291	0.30042118	12.46007746	-0.19561172
0.12987563	13.09948851	-0.36176057	0.13156933	13.09959324	-0.36023420
0.21851718	13.07760005	-0.48246967	0.21975551	13.07760939	-0.48128987
0.26459652	12.61336121	-0.23919711	0.26628366	12.61344830	-0.23810553
0.17527507	12.93791923	-0.50132086	0.17636840	12.93797140	-0.49994124
0.28002297	12.89113604	-0.82700210	0.28028759	12.89110040	-0.82613160
0.28657245	12.84046698	-0.83054181	0.28681138	12.84044174	-0.82973085
0.23825545	13.02217092	-0.53858495	0.23927782	13.02216335	-0.53746513
0.38818503	12.79939234	-0.19434263	0.39021802	12.79933516	-0.19367265
0.50401376	12.59155817	-0.43151058	0.50499537	12.59141019	-0.43124031
0.30686765	12.76102523	-0.88417324	0.30700581	12.76102857	-0.88355016
0.16652246	12.96503543	-0.63662609	0.16722513	12.96505539	-0.63525273
0.39720139	12.37531061	-0.22017744	0.39826164	12.37517241	-0.21977062
0.36490688	12.48407723	-0.30911814	0.36606814	12.48408511	-0.30847931
0.20860356	12.86942944	-0.17941113	0.21089344	12.86956830	-0.17804248
0.39060865	12.73013336	-0.90814337	0.39072360	12.73010380	-0.90782540
0.29893513	12.79317946	-0.84512078	0.29913093	12.79316373	-0.84440690
0.15827561	13.11482392	-0.27344705	0.16036261	13.11496918	-0.27203852
0.42430923	12.60650696	-0.24458106	0.42592027	12.60641889	-0.24405080
0.21839859	12.86035777	-0.76483706	0.21875585	12.86036448	-0.76373709
0.42960835	12.71289806	-0.82529468	0.42981300	12.71281703	-0.82497082
0.82921543	12.74354760	-0.86936874	0.82948227	12.74325096	-0.86965105
0.56723144	12.79072852	-0.92649841	0.56734593	12.79060001	-0.92636211
0.35229149	12.68628995	-0.19483476	0.35419496	12.68626973	-0.19405011
0.26380671	12.76368130	-0.17538505	0.26595734	12.76376251	-0.17425466
