0.85114560	12.73655319	-0.42049961	0.85116192	12.73654183	-0.42051204
0.82238167	12.87477762	-0.44907241	0.82240174	12.87476763	-0.44908289
0.89843243	12.83344819	-0.54741644	0.89844832	12.83343593	-0.54742905
0.93025790	12.70022048	-0.53293995	0.93026980	12.70020672	-0.53295481
0.77992863	12.96570736	-0.50930927	0.77994987	12.96569928	-0.50931805
0.85996814	12.91957957	-0.59027178	0.85998565	12.91956909	-0.59028267
0.90919833	12.87666388	-0.65065187	0.90921305	12.87665208	-0.65066397
0.94748298	12.80673532	-0.64500318	0.94749556	12.80672185	-0.64501685
0.98129662	12.67760229	-0.64610048	0.98130491	12.67758710	-0.64611659
0.71710153	12.76642924	-1.16424882	0.71710228	12.76642772	-1.16425527
0.83940623	12.71578986	-1.14257019	0.83940645	12.71578482	-1.14257992
0.80804907	12.82228895	-1.07373454	0.80805299	12.82228410	-1.07374305
0.68589890	12.86861861	-1.09041367	0.68590261	12.86861666	-1.09041920
0.94057227	12.68193464	-1.07986058	0.94057290	12.68192565	-1.07987300
0.90763002	12.79304478	-1.02111782	0.90763464	12.79303664	-1.02112878
0.86811902	12.86155109	-0.97046965	0.86812620	12.86154371	-0.97047959
0.78932940	12.90247462	-0.98578266	0.78933685	12.90246924	-0.98579073
0.66739610	12.94850745	-0.99115340	0.66740383	12.94850499	-0.99115859
0.59655042	12.83415597	-0.20828393	0.59657643	12.83415275	-0.20828837
0.57828815	12.97116776	-0.25592581	0.57831722	12.97116543	-0.25592939
0.71222821	12.92332008	-0.34878648	0.71225286	12.92331351	-0.34879384
0.73366515	12.78390024	-0.30843132	0.73368649	12.78389250	-0.30844012
0.54771094	13.05758638	-0.34031644	0.54774025	13.05758543	-0.34031897
0.67604658	13.01374457	-0.42453113	0.67607188	13.01373967	-0.42453717
0.46755936	12.88162938	-1.06363046	0.46756318	12.88163085	-1.06363109
0.59373529	12.82733450	-1.13649308	0.59373652	12.82733473	-1.13649672
0.56310858	12.91972863	-1.06403561	0.56311346	12.91972870	-1.06403839
0.43913038	12.96414069	-0.98897086	0.43913811	12.96414295	-0.98897091
0.54301706	12.99433306	-0.96236905	0.54302628	12.99433349	-0.96237155
0.41839013	13.03354944	-0.88627155	0.41840244	13.03355257	-0.88627104
-0.01349114	12.98923338	-0.06621505	-0.01345505	12.98925136	-0.06620113
-0.14191072	13.00095907	-0.08819164	-0.14187479	13.00098163	-0.08817371
-0.14441084	13.07435884	-0.13477106	-0.14437385	13.07438148	-0.13475312
-0.01959676	13.07653399	-0.11019340	-0.01955902	13.07655222	-0.11017932
-0.26069506	13.00257812	-0.12444347	-0.26066013	13.00260486	-0.12442177
-0.26166742	13.06397691	-0.17289357	-0.26163192	13.06400365	-0.17287195
-0.26292866	13.10517627	-0.23842342	-0.26289383	13.10520296	-0.23840185
-0.14642988	13.12125802	-0.20096006	-0.14639337	13.12128069	-0.20094212
-0.02459457	13.13053390	-0.17608090	-0.02455703	13.13055231	-0.17606672
0.03137700	12.97533659	-0.59067427	0.03139628	12.97535290	-0.59066206
0.01635872	13.03773856	-0.56515803	0.01638089	13.03775538	-0.56514532
-0.06459942	13.03974995	-0.55458792	-0.06457687	13.03976950	-0.55457267
-0.05042446	12.98354934	-0.57021225	-0.05040429	12.98356841	-0.57019741
-0.00319746	13.09173877	-0.51777176	-0.00317198	13.09175629	-0.51775842
-0.08614156	13.08605212	-0.51889222	-0.08611630	13.08607245	-0.51887630
-0.17964910	13.07886463	-0.53501984	-0.17962463	13.07888803	-0.53500094
-0.15704435	13.03786269	-0.57091542	-0.15702241	13.03788528	-0.57089719
-0.14236665	12.98666216	-0.58833956	-0.14234699	12.98668426	-0.58832172
0.98704239	12.28850691	-0.67240518	0.98702689	12.28848825	-0.67242850
0.96568382	12.06959312	-0.68845472	0.96564884	12.06957463	-0.68848179
0.91304654	12.09652708	-0.55343055	0.91301218	12.09651559	-0.55346679
0.92842493	12.30325658	-0.53742850	0.92841101	12.30324142	-0.53745717
0.83631132	12.14684803	-0.43249561	0.83632350	12.14685457	-0.43254317
0.84349408	12.32863647	-0.41193127	0.84350010	12.32862966	-0.41195372
0.97923629	12.37990477	-1.14186280	0.97922479	12.37989346	-1.14188040
0.88438102	12.44059102	-1.21082068	0.88437199	12.44058505	-1.21083519
0.87955628	12.28111644	-1.23577886	0.87953854	12.28111152	-1.23579767
0.97152331	12.18860640	-1.15731191	0.97150142	12.18859519	-1.15733343
0.75726421	12.51694159	-1.23951685	0.75725964	12.51694049	-1.23952595
0.75328973	12.39678915	-1.27103736	0.75327743	12.39678996	-1.27105023
0.86719264	12.17643109	-1.24367932	0.86716947	12.17642703	-1.24370039
0.95244464	12.05402172	-1.15546120	0.95241460	12.05401148	-1.15548536
0.99342789	12.49755985	-0.65755043	0.99342697	12.49754294	-0.65757033
0.93690877	12.51360255	-0.53104330	0.93691285	12.51358829	-0.53106130
0.85281087	12.54215215	-0.40899420	0.85282063	12.54214101	-0.40900859
0.86795986	12.58710609	-1.18391792	0.86795637	12.58710139	-1.18392972
0.96701153	12.54432189	-1.11815747	0.96700689	12.54431177	-1.11817233
0.74276814	12.64475339	-1.20881566	0.74276552	12.64475290	-1.20882427
0.60025641	12.41995633	-0.22585809	0.60026821	12.41995290	-0.22586395
0.60066704	12.63475418	-0.20333651	0.60068645	12.63475071	-0.20334178
0.73396270	12.58489445	-0.29771431	0.73397773	12.58488664	-0.29772421
0.72752792	12.37070829	-0.30873596	0.72753775	12.37070179	-0.30874795
0.46879475	12.70489784	-1.15072888	0.46879436	12.70489805	-1.15072894
0.61201897	12.61502011	-1.21946978	0.61201691	12.61502045	-1.21947230
0.60879817	12.71923826	-1.18597430	0.60879736	12.71923882	-1.18597781
0.47387905	12.78880995	-1.11706694	0.47388026	12.78881054	-1.11706732
0.58654836	12.17481032	-0.30184369	0.58654939	12.17481048	-0.30184513
0.59730391	12.28068424	-0.26263384	0.59730855	12.28068227	-0.26263829
0.72334096	12.21601748	-0.33801152	0.72334281	12.21601239	-0.33802327
0.60062023	12.48695599	-1.25185756	0.60061466	12.48695835	-1.25185868
0.60678593	12.53433190	-1.24357694	0.60678217	12.53433296	-1.24357732
0.46269622	12.64918798	-1.16638652	0.46269533	12.64918793	-1.16638625
-0.00514911	12.71143577	-0.06523380	-0.00512266	12.71145329	-0.06522027
-0.15380912	12.77996475	-0.07247484	-0.15378030	12.77998763	-0.07245643
-0.14390474	12.90276107	-0.06993987	-0.14387162	12.90278368	-0.06992183
-0.00558248	12.86583376	-0.05450614	-0.00555032	12.86585138	-0.05449246
-0.28975867	12.83108710	-0.09702261	-0.28972871	12.83111483	-0.09699975
-0.27117266	12.92618142	-0.10086986	-0.27113958	12.92620852	-0.10084772
0.02725580	12.84584000	-0.61976702	0.02726991	12.84585643	-0.61975478
0.03348704	12.91123679	-0.60715650	0.03350366	12.91125302	-0.60714441
-0.04756994	12.92174950	-0.57955435	-0.04755213	12.92176849	-0.57953959
-0.05585426	12.85694958	-0.58357304	-0.05583877	12.85696885	-0.58355799
-0.13921842	12.92936200	-0.59657079	-0.13920095	12.92938397	-0.59655300
-0.14897849	12.86856217	-0.59541833	-0.14896299	12.86858445	-0.59540013
-0.03454751	12.41574236	-0.11979030	-0.03453348	12.41576088	-0.11977662
-0.17487371	12.63287088	-0.09039410	-0.17485068	12.63289438	-0.09037517
-0.01978594	12.54083974	-0.08929572	-0.01976640	12.54085768	-0.08928205
-0.32632150	12.62569158	-0.12906563	-0.32629975	12.62572045	-0.12904149
-0.31263163	12.71339089	-0.10891266	-0.31260609	12.71341936	-0.10888893
0.01721581	12.77954147	-0.63158610	0.01722740	12.77955820	-0.63157351
-0.07526566	12.79055208	-0.58073886	-0.07525225	12.79057198	-0.58072310
-0.09310193	12.76355240	-0.56067367	-0.09308871	12.76357290	-0.56065727
-0.17304386	12.80606381	-0.58338191	-0.17303002	12.80608687	-0.58336279
-0.38301259	12.99969313	-0.17365591	-0.38297924	12.99972404	-0.17363025
-0.37520660	13.04989066	-0.21939862	-0.37517302	13.04992123	-0.21937333
-0.49288211	12.99290489	-0.23024385	-0.49285079	12.99293945	-0.23021467
-0.47316575	13.03370112	-0.27121845	-0.47313437	13.03373492	-0.27119000
-0.45110270	13.06699655	-0.32147337	-0.45107181	13.06702951	-0.32144571
-0.36532553	13.08698802	-0.27853052	-0.36529258	13.08701816	-0.27850562
-0.26134949	13.03557395	-0.59042267	-0.26132829	13.03559991	-0.59040112
-0.24697107	12.99037152	-0.61539593	-0.24695218	12.99039694	-0.61537474
-0.28160530	13.07197607	-0.54996828	-0.28158157	13.07200281	-0.54994615
-0.37625947	13.06338473	-0.55853955	-0.37623632	13.06341453	-0.55851438
-0.36137333	13.03218217	-0.60342262	-0.36135268	13.03221131	-0.60339786
-0.35173407	12.99388042	-0.63727432	-0.35171581	12.99390907	-0.63724975
-0.24834091	12.94187335	-0.63124571	-0.24832414	12.94189875	-0.63122435
-0.35922343	12.95498056	-0.66206244	-0.35920725	12.95500932	-0.66203748
-0.37396864	12.91768062	-0.67618894	-0.37395418	12.91770973	-0.67616330
-0.26107701	12.89237238	-0.63579261	-0.26106204	12.89239815	-0.63577068
-0.53705594	12.88721058	-0.18968211	-0.53702682	12.88724665	-0.18965125
-0.55702158	12.76521170	-0.19530348	-0.55699668	12.76524835	-0.19527165
-0.63314861	12.80201524	-0.25279042	-0.63312417	12.80205406	-0.25275631
-0.61509886	12.89801243	-0.25193773	-0.61507134	12.89805072	-0.25190442
-0.56503687	12.66051090	-0.21264806	-0.56501592	12.66054770	-0.21261568
-0.64041900	12.71941444	-0.26472590	-0.64039753	12.71945343	-0.26469136
-0.68889525	12.78921375	-0.33479913	-0.68887345	12.78925380	-0.33476334
-0.68264982	12.84151321	-0.32897269	-0.68262636	12.84155316	-0.32893719
-0.66668484	12.90461249	-0.33052854	-0.66665950	12.90465201	-0.33049363
-0.45555125	12.65040373	-0.16479921	-0.45552940	12.65043710	-0.16477049
-0.44442445	12.74660397	-0.14573512	-0.44439874	12.74663701	-0.14570696
-0.42229536	12.86590110	-0.13730419	-0.42226537	12.86593339	-0.13727700
-0.46985813	12.93338331	-0.68707964	-0.46984349	12.93341551	-0.68705094
-0.47677148	12.90638235	-0.69768765	-0.47675810	12.90641469	-0.69765858
-0.38612147	12.88438028	-0.67805580	-0.38610816	12.88440973	-0.67802958
-0.55644249	12.93848612	-0.66708217	-0.55642701	12.93852144	-0.66705070
-0.56120668	12.91178530	-0.68188043	-0.56119259	12.91182073	-0.68184871
-0.39694091	12.86758120	-0.66766294	-0.39692780	12.86761103	-0.66763627
-0.28079076	12.84417485	-0.62797758	-0.28077711	12.84420126	-0.62795482
0.89879475	12.88482734	-0.90181827	0.89880412	12.88481850	-0.90182903
0.79876769	12.95186081	-0.88776383	0.79877862	12.95185465	-0.88777228
0.91527350	12.89920071	-0.81309689	0.91528535	12.89919047	-0.81310826
0.82015418	12.97173359	-0.78326048	0.82016818	12.97172594	-0.78326960
0.70968633	13.02746559	-0.74196505	0.70970290	13.02746099	-0.74197162
0.67992873	13.00329496	-0.87106666	0.67994105	13.00329182	-0.87107242
0.91633472	12.89537735	-0.72120418	0.91634832	12.89536605	-0.72121600
0.83722613	12.96300683	-0.67674140	0.83724274	12.96299788	-0.67675120
0.74268655	13.01563513	-0.61471737	0.74270624	13.01562879	-0.61472486
1.00030799	12.67127704	-0.98518568	1.00030991	12.67126459	-0.98520026
0.96259099	12.79289921	-0.94007820	0.96259727	12.79288827	-0.94009066
1.02338547	12.67172560	-0.87386235	1.02338873	12.67171068	-0.87387797
0.98238800	12.80226612	-0.84330107	0.98239656	12.80225346	-0.84331439
1.01470889	12.67080040	-0.76054480	1.01471432	12.67078462	-0.76056131
0.97645249	12.80184516	-0.74391986	0.97646310	12.80183168	-0.74393357
0.55975846	13.04882178	-0.82592801	0.55977304	13.04882162	-0.82593086
0.59651660	13.07449490	-0.67708601	0.59653618	13.07449332	-0.67708977
0.47258013	13.11322475	-0.59452831	0.47260341	13.11322672	-0.59452883
0.43547049	13.08664498	-0.74644046	0.43548837	13.08664815	-0.74644019
0.63640101	13.06336902	-0.53899134	0.63642440	13.06336585	-0.53899617
0.51118460	13.10420543	-0.45639140	0.51121187	13.10420595	-0.45639289
-0.38477337	13.08088659	-0.50064757	-0.38474777	13.08091688	-0.50062215
-0.46827000	13.06249043	-0.51319147	-0.46824543	13.06252338	-0.51316330
-0.44835093	13.05108734	-0.55554519	-0.44832810	13.05111950	-0.55551765
-0.39683811	13.08698815	-0.43761487	-0.39681029	13.08701902	-0.43758906
-0.49043971	13.06439280	-0.46868722	-0.49041365	13.06442660	-0.46865832
-0.57480991	13.03799712	-0.49778134	-0.57478571	13.03803352	-0.49774960
-0.53718688	13.03999276	-0.53033857	-0.53716363	13.04002788	-0.53030807
-0.49948284	13.03839005	-0.55655569	-0.49946048	13.03842388	-0.55652643
-0.42230331	13.08359199	-0.37740941	-0.42227364	13.08362386	-0.37738274
-0.50424817	13.06019575	-0.41733416	-0.50422061	13.06023015	-0.41730479
-0.51915776	13.04569990	-0.36644099	-0.51912905	13.04573490	-0.36641111
-0.56473842	13.02870175	-0.39873254	-0.56471135	13.02873810	-0.39870113
-0.57662852	13.03379899	-0.44731063	-0.57660281	13.03383559	-0.44727884
-0.01890721	13.13063784	-0.43583791	-0.01887782	13.13065597	-0.43582404
-0.11059728	13.11825480	-0.44832618	-0.11056869	13.11827603	-0.44830947
-0.02827612	13.15213607	-0.34052676	-0.02824301	13.15215453	-0.34051254
-0.13145035	13.13595659	-0.36180143	-0.13141841	13.13597861	-0.36178405
-0.23258659	13.11877131	-0.39284874	-0.23255623	13.11879675	-0.39282822
-0.20657899	13.10526718	-0.47123399	-0.20655159	13.10529160	-0.47121428
-0.02882132	13.15393441	-0.25338816	-0.02878540	13.15395293	-0.25337389
-0.14277719	13.13935746	-0.27800991	-0.14274250	13.13937994	-0.27799214
-0.25238532	13.12107311	-0.31331519	-0.25235233	13.12109934	-0.31329401
0.99014175	11.97493298	-1.05912164	0.99010707	11.97491861	-1.05914738
1.01281692	12.11981835	-1.05718597	1.01279124	12.11980279	-1.05720925
0.99246011	11.92998060	-0.95369949	0.99242234	11.92996433	-0.95372588
1.01860491	12.07655355	-0.94295608	1.01857559	12.07653558	-0.94298006
1.03803235	12.29425865	-0.92745373	1.03801736	12.29424056	-0.92747443
1.02674649	12.32892410	-1.04334770	1.02673300	12.32890877	-1.04336719
0.97367458	11.91343621	-0.83475081	0.97363441	11.91341887	-0.83477773
1.00184375	12.06131044	-0.81954508	1.00181134	12.06129133	-0.81957015
1.02423505	12.28319159	-0.80311806	1.02421946	12.28317139	-0.80313958
1.02244114	12.51474857	-1.01895769	1.02243641	12.51473452	-1.01897445
1.04106967	12.49719622	-0.90382128	1.04106541	12.49717982	-0.90383965
1.02981925	12.49176749	-0.78255828	1.02981652	12.49175018	-0.78257766
-0.64244063	12.93309048	-0.61464497	-0.64242359	12.93312874	-0.61461067
-0.64921437	12.90329122	-0.62659234	-0.64919866	12.90332967	-0.62655775
-0.70021432	12.92279829	-0.53480348	-0.70019484	12.92283818	-0.53476732
-0.71065719	12.88659808	-0.54079970	-0.71063894	12.88663821	-0.54076315
-0.65101561	12.87989006	-0.62800086	-0.65100066	12.87992855	-0.62796617
-0.70182460	12.91310628	-0.43254277	-0.70180215	12.91314639	-0.43250671
-0.71528787	12.86800704	-0.43345804	-0.71526666	12.86804740	-0.43342151
-0.71823039	12.83230699	-0.43517549	-0.71821014	12.83234735	-0.43513884
-0.29785747	13.09397846	-0.48766469	-0.29783099	13.09400590	-0.48764206
-0.31603689	13.10378005	-0.41529060	-0.31600776	13.10380825	-0.41526737
-0.34206010	13.10318413	-0.34478576	-0.34202873	13.10321337	-0.34476167
-0.59499656	12.95041054	-0.26470395	-0.59496776	12.95044819	-0.26467143
-0.51463108	12.95350772	-0.20219868	-0.51460017	12.95354305	-0.20216871
-0.64906340	12.94480991	-0.33978358	-0.64903713	12.94484893	-0.33974931
-0.62590434	12.97440735	-0.35666917	-0.62587768	12.97444565	-0.35663568
-0.57194802	12.98240781	-0.28904948	-0.57191895	12.98244467	-0.28901776
-0.40005516	12.94429676	-0.14658113	-0.40002282	12.94432828	-0.14655482
-0.45680258	12.96438383	-0.66869287	-0.45678631	12.96441572	-0.66866474
-0.44489435	12.99668445	-0.64047539	-0.44487608	12.99671611	-0.64044778
-0.52902000	12.99568849	-0.62331925	-0.52900121	12.99572303	-0.62328889
-0.54495725	12.96728805	-0.64927534	-0.54494024	12.96732303	-0.64924434
-0.65888896	12.97999780	-0.52317397	-0.65886742	12.98003663	-0.52313928
-0.68321170	12.95249810	-0.52946810	-0.68319118	12.95253757	-0.52943256
-0.62867667	12.96139157	-0.60185886	-0.62865830	12.96142941	-0.60182509
-0.60779155	12.98859210	-0.58406386	-0.60777172	12.98862930	-0.58403085
-0.62682525	13.00919703	-0.51428097	-0.62680251	13.00923494	-0.51424742
-0.58049427	13.01499271	-0.55709980	-0.58047271	13.01502911	-0.55706778
-0.51082003	13.02139034	-0.58403319	-0.51079910	13.02142444	-0.58400352
-0.68438306	12.94630512	-0.43514763	-0.68435972	12.94634477	-0.43511217
-0.66002250	12.97440346	-0.44110344	-0.65999851	12.97444245	-0.44106880
-0.59368674	13.00550392	-0.38105639	-0.59365986	13.00554119	-0.38102400
-0.62631194	13.00450101	-0.45019066	-0.62628727	13.00453903	-0.45015716
-0.54422123	13.01700327	-0.32331566	-0.54419210	13.01703918	-0.32328492
-0.44132316	13.02738634	-0.60037642	-0.44130257	13.02741809	-0.60034905
0.18147200	13.12048610	-0.18512622	0.18150872	13.12049726	-0.18511823
0.15185419	13.15909508	-0.27039592	0.15188965	13.15910732	-0.27038709
0.17953913	13.14698886	-0.28511356	0.17957367	13.14700013	-0.28510555
0.21343802	13.10717975	-0.19668527	0.21347387	13.10718979	-0.19667823
0.13145781	13.16610296	-0.36550851	0.13149055	13.16611592	-0.36549912
0.15755220	13.15479808	-0.38242537	0.15758399	13.15481015	-0.38241678
0.18410507	13.13808953	-0.29512475	0.18413897	13.13810065	-0.29511688
0.21781482	13.09877892	-0.20308638	0.21785018	13.09878880	-0.20307948
0.19074748	13.14578707	-0.29618640	0.19078159	13.14579797	-0.29617873
0.22321868	13.10527744	-0.19795797	0.22325440	13.10528713	-0.19795121
0.17160827	13.15289605	-0.39954891	0.17163943	13.15290765	-0.39954074
0.21559402	13.15868536	-0.42547098	0.21562449	13.15869549	-0.42546413
0.23717687	13.15107520	-0.31407866	0.23721052	13.15108452	-0.31407236
0.26910852	13.10856450	-0.20876105	0.26914395	13.10857263	-0.20875565
0.25690030	12.93396710	-0.06499274	0.25693423	12.93397548	-0.06498703
0.22001061	13.05037628	-0.11052996	0.22004719	13.05038603	-0.11052311
0.25616627	13.03756615	-0.12191043	0.25620202	13.03757463	-0.12190467
0.29642520	12.92065601	-0.07809503	0.29645824	12.92066297	-0.07809055
0.26639650	13.03556311	-0.12239340	0.26643214	13.03557124	-0.12238793
0.30762469	12.91875237	-0.08148882	0.30765754	12.91875893	-0.08148468
0.31160658	13.03405060	-0.12972663	0.31164190	13.03405715	-0.12972250
0.35140330	12.91093800	-0.08741376	0.35143566	12.91094302	-0.08741093
0.37683638	12.72203311	-0.09145649	0.37686210	12.72203713	-0.09145470
0.33678881	12.73574669	-0.08704202	0.33681515	12.73575212	-0.08703904
0.39438969	12.52663022	-0.12213686	0.39440765	12.52663341	-0.12213609
0.35687495	12.55074260	-0.11748112	0.35689392	12.55074715	-0.11747915
0.32541029	12.73794960	-0.08231782	0.32543687	12.73795544	-0.08231448
0.34469600	12.55354660	-0.11257615	0.34471521	12.55355159	-0.11257379
0.29906402	12.56736006	-0.09452958	0.29908429	12.56736668	-0.09452578
0.28338796	12.75536170	-0.06633329	0.28341567	12.75536901	-0.06632860
0.26623443	12.78336395	-0.91949605	0.26623909	12.78337016	-0.91949203
0.25640367	12.85357729	-0.89463420	0.25641079	12.85358441	-0.89462982
0.23732028	12.85939211	-0.83555665	0.23732892	12.85940049	-0.83555154
0.24802839	12.79858448	-0.85923143	0.24803466	12.79859222	-0.85922673
0.24116496	12.92559346	-0.84427640	0.24117536	12.92560175	-0.84427138
0.22144090	12.92399876	-0.78859835	0.22145279	12.92400798	-0.78859259
0.22796481	12.91959849	-0.77078977	0.22797703	12.91960763	-0.77078414
0.24895530	12.80438679	-0.83849026	0.24896220	12.80439470	-0.83848548
0.22106380	12.85979741	-0.82115007	0.22107276	12.85980654	-0.82114431
0.22595312	12.80249379	-0.84412244	0.22595975	12.80250251	-0.84411681
0.21042345	12.92350187	-0.77883410	0.21043556	12.92351160	-0.77882791
0.16987147	12.93571219	-0.76424008	0.16988438	12.93572337	-0.76423256
0.17758128	12.86841013	-0.80272565	0.17759099	12.86842085	-0.80271850
0.17951846	12.80480811	-0.82378828	0.17952565	12.80481861	-0.82378119
0.27102962	12.71325348	-0.94457413	0.27103195	12.71325930	-0.94457050
0.25558956	12.73737483	-0.88339326	0.25559353	12.73738189	-0.88338885
0.25741614	12.75298100	-0.86107330	0.25742093	12.75298839	-0.86106877
0.27505608	12.71647076	-0.87426650	0.27505958	12.71647722	-0.87426253
0.23475077	12.74478788	-0.87092613	0.23475495	12.74479606	-0.87092080
0.18602180	12.73720431	-0.85335047	0.18602605	12.73721437	-0.85334343
0.28273584	12.32776544	-0.16242520	0.28274479	12.32777248	-0.16242154
0.30030624	12.42436236	-0.12868237	0.30032005	12.42436877	-0.12867889
0.34809159	12.42264628	-0.14503090	0.34810470	12.42265076	-0.14502893
0.33348265	12.35315054	-0.17762316	0.33349179	12.35315544	-0.17762112
0.35210421	12.43524488	-0.15231292	0.35211761	12.43524926	-0.15231104
0.36180857	12.41564137	-0.15009681	0.36182119	12.41564529	-0.15009529
0.34789773	12.34764402	-0.18405022	0.34790586	12.34764804	-0.18404902
0.39892123	12.38232654	-0.15857325	0.39893197	12.38232874	-0.15857305
0.12069160	13.14090956	-0.47073452	0.12072018	13.14092289	-0.47072489
0.15060561	13.12760389	-0.48475324	0.15063327	13.12761620	-0.48474454
0.12411791	13.08871481	-0.57887695	0.12414134	13.08872797	-0.57886758
0.15938161	13.07340790	-0.58955769	0.15940417	13.07341984	-0.58954943
0.16261156	13.11630174	-0.49148705	0.16263861	13.11631364	-0.49147873
0.16842366	13.12270028	-0.49161835	0.16845090	13.12271199	-0.49161019
0.17844195	13.06670352	-0.58574329	0.17846436	13.06671482	-0.58573562
0.20462247	13.07209967	-0.62504090	0.20464381	13.07211006	-0.62503406
0.20387784	13.12849337	-0.52407767	0.20390418	13.12850391	-0.52407061
0.22036622	13.00159974	-0.74328285	0.22038176	13.00160928	-0.74327686
0.19887928	12.99680346	-0.69521533	0.19889611	12.99681386	-0.69520857
0.18451972	12.99990823	-0.69477066	0.18453667	12.99991913	-0.69476342
0.14625684	13.01471618	-0.68350763	0.14627463	13.01472842	-0.68349916
0.39478583	13.09083007	-0.26234821	0.39481881	13.09083400	-0.26234647
0.43009436	13.01031463	-0.17857396	0.43012720	13.01031715	-0.17857329
0.45858818	12.87960425	-0.13238129	0.45861796	12.87960557	-0.13238167
0.31299672	12.99097428	-0.86184453	0.31300854	12.99098032	-0.86184147
0.33679964	12.91285394	-0.95102405	0.33680701	12.91285834	-0.95102169
0.29503121	13.06038025	-0.74979268	0.29504834	13.06038734	-0.74978886
0.13681215	12.96169800	-0.05977715	0.13684731	12.96171065	-0.05976780
0.11496000	13.06590313	-0.10437954	0.11499741	13.06591660	-0.10436955
0.09341215	13.12940740	-0.17442191	0.09344960	13.12942166	-0.17441130
0.08839935	13.02832573	-0.62429916	0.08841941	13.02834002	-0.62428878
0.06832753	13.09372560	-0.54640105	0.06835217	13.09374067	-0.54638993
0.10750402	12.95622533	-0.67860809	0.10752005	12.95623889	-0.67859843
0.47312793	12.68450196	-0.13238406	0.47315104	12.68450262	-0.13238524
0.48256763	12.47540097	-0.16100179	0.48258263	12.47540108	-0.16100396
0.34581978	12.83193764	-1.00395270	0.34582376	12.83194100	-1.00395065
0.34668927	12.75682421	-1.03309210	0.34669127	12.75682722	-1.03309042
0.48361339	12.33789968	-0.19926208	0.48362072	12.33789932	-0.19926414
0.34544333	12.69681432	-1.05185261	0.34544367	12.69681701	-1.05185102
0.15814838	12.47179934	-0.10534853	0.15816487	12.47181103	-0.10534053
0.16409989	12.62789566	-0.07587328	0.16412291	12.62790714	-0.07586512
0.10924728	12.75522750	-0.74837590	0.10925482	12.75524081	-0.74836640
0.10955316	12.82392832	-0.72472421	0.10956356	12.82394173	-0.72471475
0.15508906	12.80719574	-0.05522283	0.15511901	12.80720763	-0.05521414
0.11175765	12.88942582	-0.70678276	0.11177067	12.88943921	-0.70677332
0.33074311	13.14346057	-0.50062448	0.33077047	13.14346692	-0.50062109
0.30477522	13.11487265	-0.62750888	0.30479775	13.11487975	-0.62750498
0.36117163	13.13524327	-0.37448595	0.36120266	13.13524845	-0.37448330
0.06442935	13.16381603	-0.34660075	0.06446264	13.16383130	-0.34658935
0.06111489	13.14002142	-0.44873921	0.06114416	13.14003678	-0.44872777
0.07588491	13.16101173	-0.25521567	0.07592095	13.16102662	-0.25520457
0.88137551	11.96603529	-0.58498832	0.88134448	11.96601750	-0.58500728
0.81676000	12.01719950	-0.47386000	0.81676000	12.01719950	-0.47386000
0.92169705	11.93833438	-0.71397291	0.92165864	11.93831827	-0.71399878
0.90917051	12.00483560	-0.71881184	0.90913370	12.00481965	-0.71883735
0.87346702	12.05165094	-0.63244819	0.87342998	12.05163652	-0.63247588
0.80500729	12.11432235	-0.52910909	0.80496804	12.11431246	-0.52912548
0.95508032	11.93085291	-0.83827573	0.95504110	11.93083656	-0.83830247
0.97445089	11.94689530	-0.94964750	0.97441400	11.94687997	-0.94967389
0.94256420	12.06492740	-0.93294852	0.94253395	12.06491382	-0.93297337
0.92811091	12.03456904	-0.81532600	0.92807717	12.03455357	-0.81535162
0.97374591	11.98923992	-1.04282396	0.97371203	11.98922626	-1.04284953
0.93918769	12.06402081	-1.12971834	0.93915838	12.06401088	-1.12974224
0.91610756	12.12672946	-1.10729558	0.91608216	12.12672043	-1.10731806
0.93995564	12.09987042	-1.03076338	0.93992868	12.09985856	-1.03078669
0.85862679	12.18222506	-1.22078543	0.85860417	12.18222096	-1.22080626
0.74225951	12.33319729	-1.27130559	0.74224401	12.33319873	-1.27132037
0.74628244	12.36144583	-1.19954722	0.74627001	12.36144492	-1.19956082
0.85683046	12.22809410	-1.15808708	0.85681097	12.22808872	-1.15810676
0.60108972	12.48304923	-1.23773903	0.60108458	12.48305129	-1.23774018
0.47108120	12.61369055	-1.15269766	0.47108027	12.61369053	-1.15269703
0.49420000	12.61570000	-1.07906000	0.49420000	12.61570000	-1.07906000
0.61447000	12.50220000	-1.16283000	0.61447000	12.50220000	-1.16283000
0.38296334	12.64730444	-1.04975130	0.38296296	12.64730576	-1.04975038
0.33210231	12.64763100	-0.95690603	0.33210274	12.64763459	-0.95690407
0.37140000	12.64100070	-0.89641000	0.37140000	12.64100070	-0.89641000
0.41679000	12.64250090	-0.98287004	0.41679000	12.64250090	-0.98287004
0.31409074	12.67934921	-0.89749273	0.31409302	12.67935388	-0.89749010
0.31008592	12.70685938	-0.87006514	0.31008931	12.70686455	-0.87006228
0.33837961	12.69466642	-0.81285842	0.33838367	12.69467153	-0.81285648
0.34750100	12.66954894	-0.84047854	0.34750399	12.66955269	-0.84047710
0.30107076	12.69416100	-0.87397078	0.30107352	12.69416646	-0.87396745
0.25795898	12.68408441	-0.84455267	0.25796188	12.68409211	-0.84454787
0.29824502	12.68117873	-0.77509640	0.29824961	12.68118559	-0.77509293
0.33721617	12.68326664	-0.81152696	0.33721982	12.68327181	-0.81152483
0.15171675	12.71961743	-0.71635939	0.15172403	12.71962946	-0.71635115
0.01989400	12.77333837	-0.57582644	0.01990701	12.77335514	-0.57581390
0.02407631	12.81103539	-0.49893467	0.02409284	12.81105207	-0.49892223
0.17575321	12.73470978	-0.64102534	0.17576302	12.73472128	-0.64101784
-0.09668913	12.81625378	-0.51303083	-0.09667271	12.81627444	-0.51301436
-0.20416009	12.84816854	-0.51694378	-0.20414272	12.84819276	-0.51692370
-0.20753374	12.91666851	-0.45662342	-0.20751222	12.91669301	-0.45660339
-0.09873903	12.87575408	-0.44290975	-0.09871851	12.87577492	-0.44289324
-0.30930572	12.86857852	-0.57677123	-0.30928959	12.86860604	-0.57674762
-0.40790433	12.87968256	-0.64447078	-0.40789006	12.87971292	-0.64444385
-0.42456071	12.90738624	-0.59269711	-0.42454382	12.90741744	-0.59266982
-0.31879688	12.92168027	-0.52174921	-0.31877724	12.92170830	-0.52172552
-0.49599699	12.88298424	-0.67251277	-0.49598357	12.88301738	-0.67248298
-0.57570316	12.87948642	-0.66073616	-0.57568944	12.87952240	-0.66070388
-0.57491587	12.88188886	-0.62535614	-0.57490084	12.88192491	-0.62532392
-0.51833639	12.89068695	-0.62427812	-0.51832107	12.89072109	-0.62424771
-0.64981215	12.87109112	-0.60917063	-0.64979680	12.87112958	-0.60913597
-0.69903655	12.85469829	-0.52966008	-0.69901876	12.85473806	-0.52962389
-0.66196037	12.87089900	-0.50139799	-0.66194131	12.87093787	-0.50136303
-0.62457553	12.88029173	-0.57819586	-0.62455884	12.88032943	-0.57816208
-0.70405063	12.82740722	-0.43448781	-0.70403051	12.82744721	-0.43445158
-0.67718794	12.78051185	-0.34475097	-0.67716671	12.78055152	-0.34471551
-0.65557979	12.78711005	-0.35766538	-0.65555877	12.78714906	-0.35763057
-0.66782707	12.83370662	-0.41787498	-0.66780638	12.83374577	-0.41783987
-0.63047347	12.70611273	-0.28160734	-0.63045293	12.70615133	-0.28157308
-0.55697218	12.64560900	-0.23296917	-0.55695232	12.64564545	-0.23293700
-0.53939138	12.70490571	-0.26426490	-0.53937056	12.70494153	-0.26423352
-0.61545528	12.74830970	-0.31410162	-0.61543432	12.74834774	-0.31406792
-0.45003636	12.64080187	-0.18565005	-0.45001551	12.64083502	-0.18562151
-0.32298805	12.62029040	-0.14973664	-0.32296718	12.62031920	-0.14971265
-0.30517470	12.67398669	-0.17859333	-0.30515287	12.67401490	-0.17856988
-0.43117529	12.69829894	-0.21552629	-0.43115347	12.69833140	-0.21549852
-0.18631323	12.51607178	-0.13630805	-0.18629596	12.51609573	-0.13628917
-0.03766864	12.40044295	-0.14356973	-0.03765589	12.40046168	-0.14355605
-0.03521034	12.47014262	-0.17466089	-0.03519604	12.47016133	-0.17464699
-0.17471648	12.57876934	-0.16515348	-0.17469785	12.57879298	-0.16513474
0.12351441	12.34020611	-0.16386795	0.12352415	12.34021916	-0.16385937
0.25199599	12.32177280	-0.18912563	0.25200395	12.32178111	-0.18912103
0.23148571	12.38147952	-0.24118027	0.23149445	12.38148883	-0.24117483
0.11383888	12.40750881	-0.20527503	0.11384983	12.40752234	-0.20526590
0.30195394	12.35606073	-0.21039231	0.30196235	12.35606710	-0.21038926
0.28735463	12.43987079	-0.27978813	0.28736441	12.43987828	-0.27978415
0.27926236	12.41207207	-0.26589515	0.27927149	12.41207978	-0.26589104
0.31344127	12.34636003	-0.22299204	0.31344852	12.34636574	-0.22298951
0.34620000	12.27620000	-0.23202000	0.34620000	12.27620000	-0.23202000
0.31933073	12.33315922	-0.29080909	0.31933539	12.33316517	-0.29080630
0.28645268	12.39827278	-0.28090354	0.28646075	12.39828037	-0.28089966
0.44425997	12.21770000	-0.27141000	0.44425997	12.21770000	-0.27141000
0.57587000	12.16340070	-0.32883000	0.57587000	12.16340070	-0.32883000
0.56938297	12.24301293	-0.38301505	0.56938101	12.24301294	-0.38301734
0.42755641	12.28612674	-0.32799242	0.42755755	12.28612893	-0.32799191
0.70622003	12.08180000	-0.39380000	0.70622003	12.08180000	-0.39380000
0.69963359	12.18130022	-0.44772541	0.69962128	12.18129846	-0.44773273
0.76312449	12.39370133	-1.04865195	0.76311576	12.39369771	-1.04866492
0.86520964	12.24494955	-1.04762455	0.86519175	12.24494214	-1.04764408
0.78245887	12.37715585	-0.86054700	0.78244943	12.37714995	-0.86056121
0.87427383	12.22349839	-0.90720546	0.87425422	12.22348875	-0.90722689
0.79483799	12.26261639	-0.67297836	0.79481765	12.26260907	-0.67299838
0.87386264	12.14963290	-0.75515551	0.87383408	12.14962089	-0.75518078
0.53335663	12.60834466	-0.90304205	0.53335706	12.60834575	-0.90304550
0.64677749	12.52243888	-0.99075636	0.64677548	12.52243874	-0.99076272
0.56461297	12.53884078	-0.69160669	0.56461392	12.53884169	-0.69161164
0.67750795	12.47891172	-0.78146237	0.67750429	12.47890969	-0.78147189
0.57040631	12.38671824	-0.51125316	0.57040543	12.38671845	-0.51125812
0.69199645	12.34038945	-0.58942464	0.69198736	12.34038662	-0.58943643
-0.21833367	12.91177097	-0.37181060	-0.21830971	12.91179598	-0.37179022
-0.11238648	12.86875554	-0.35611634	-0.11236355	12.86877693	-0.35609935
-0.23978204	12.85377522	-0.28530494	-0.23975735	12.85380107	-0.28528379
-0.13303833	12.80425936	-0.27198001	-0.13301502	12.80428151	-0.27196233
-0.01578396	12.73693820	-0.30751091	-0.01576418	12.73695632	-0.30749709
0.00734255	12.80313698	-0.40308794	0.00736170	12.80315426	-0.40307489
-0.27337056	12.76328133	-0.22252424	-0.27334699	12.76330841	-0.22250188
-0.15563412	12.69076404	-0.20977198	-0.15561289	12.69078699	-0.20975363
-0.02883364	12.60474084	-0.23073522	-0.02881623	12.60475940	-0.23072114
-0.55432734	12.91079307	-0.54310067	-0.55430863	12.91082869	-0.54306923
-0.58832864	12.90429932	-0.45137342	-0.58830708	12.90433620	-0.45134091
-0.48607499	12.92469659	-0.39016370	-0.48605099	12.92473050	-0.39013456
-0.45290681	12.93769059	-0.49573122	-0.45288575	12.93772314	-0.49570317
-0.60464873	12.83210596	-0.37232703	-0.60462690	12.83214350	-0.37229388
-0.51559836	12.82250333	-0.31386401	-0.51557522	12.82253833	-0.31383370
-0.33680342	12.93648486	-0.42796504	-0.33678032	12.93651377	-0.42794084
-0.36357533	12.90098913	-0.32933823	-0.36355031	12.90101916	-0.32931309
-0.39898165	12.80329444	-0.26071735	-0.39895774	12.80332574	-0.26069086
0.29311230	12.63948398	-0.65126491	0.29311860	12.63949187	-0.65126103
0.33485319	12.63617463	-0.67474880	0.33485872	12.63618108	-0.67474617
0.26686369	12.57238430	-0.50138230	0.26687170	12.57239311	-0.50137754
0.31323895	12.57147452	-0.51134811	0.31324663	12.57148179	-0.51134473
0.31734795	12.58947295	-0.49576823	0.31735669	12.58948010	-0.49576498
0.33583881	12.65047454	-0.66634890	0.33584507	12.65048102	-0.66634637
0.34301631	12.63297315	-0.68896430	0.34302155	12.63297937	-0.68896211
0.31976531	12.57527422	-0.51059993	0.31977308	12.57528135	-0.51059680
0.35212074	12.55556762	-0.55123312	0.35212666	12.55557377	-0.55123101
0.37236984	12.61436873	-0.73946618	0.37237352	12.61437417	-0.73946501
0.32705748	12.44076684	-0.39904268	0.32706339	12.44077352	-0.39903977
0.29471372	12.48757438	-0.37575295	0.29472226	12.48758201	-0.37574900
0.28900496	12.49167313	-0.37085350	0.28901396	12.49168086	-0.37084938
0.24151893	12.47738286	-0.35465704	0.24152791	12.47739216	-0.35465155
0.44531668	12.55415409	-0.61316270	0.44532069	12.55415778	-0.61316353
0.43862743	12.62185074	-0.81500266	0.43862959	12.62185378	-0.81500347
0.43369063	12.41234051	-0.44608956	0.43369356	12.41234382	-0.44608970
0.13759300	12.64020880	-0.40946850	0.13760621	12.64022168	-0.40945962
0.16389050	12.71070873	-0.53185844	0.16390255	12.71072085	-0.53185040
0.11910101	12.52300764	-0.29372914	0.11911349	12.52302110	-0.29371983
0.16387728	13.14529735	-0.39465708	0.16390834	13.14530921	-0.39464869
0.25955319	13.03126474	-0.12904147	0.25958849	13.03127311	-0.12903580
0.29888200	12.91725524	-0.08746585	0.29891462	12.91726213	-0.08746145
0.32793688	12.73724969	-0.09279856	0.32796313	12.73725545	-0.09279527
0.34791419	12.55784527	-0.12244734	0.34793325	12.55785018	-0.12244508
0.24136561	12.85859211	-0.81467726	0.24137474	12.85860053	-0.81467218
0.33884472	12.37524934	-0.18492498	0.33885443	12.37525405	-0.18492303
0.17664954	13.06150407	-0.58852316	0.17667170	13.06151543	-0.58851545
0.20234973	12.99160306	-0.68855659	0.20236658	12.99161337	-0.68854992
0.89568784	11.96072440	-0.57154373	0.89565748	11.96070613	-0.57156305
0.82855561	12.02093528	-0.45855863	0.82860772	12.02098606	-0.45862658
0.93908980	11.92402524	-0.70536026	0.93905102	11.92400854	-0.70538633
0.74571983	12.33180795	-1.28681045	0.74570378	12.33180978	-1.28682547
0.46145496	12.61949060	-1.16633449	0.46145377	12.61949065	-1.16633368
0.35367270	12.65800772	-1.05832712	0.35367245	12.65800984	-1.05832561
0.28747330	12.66184075	-0.96017924	0.28747409	12.66184577	-0.96017612
0.27325992	12.69196301	-0.89905450	0.27326240	12.69196923	-0.89905075
0.25676545	12.70327935	-0.88599145	0.25676777	12.70328649	-0.88598660
0.20847392	12.68919713	-0.86796663	0.20847623	12.68920637	-0.86796013
0.12013394	12.71112426	-0.75355953	0.12013994	12.71113717	-0.75355027
0.01194074	12.74454159	-0.62337570	0.01195142	12.74455853	-0.62336287
-0.19644009	12.78496661	-0.55787537	-0.19642608	12.78499046	-0.55785541
-0.29952849	12.82647668	-0.60792295	-0.29951474	12.82650376	-0.60789947
-0.48343165	12.88808294	-0.69475571	-0.48341880	12.88811551	-0.69472632
-0.56561763	12.89088519	-0.68323876	-0.56560431	12.89092075	-0.68320683
-0.71133849	12.85899787	-0.54116803	-0.71132095	12.85903794	-0.54113143
-0.18844438	12.52577206	-0.11425747	-0.18842603	12.52579602	-0.11423847
0.14126593	12.35590186	-0.13918281	0.14127699	12.35591420	-0.13917469
0.30945537	12.38386127	-0.22293411	0.30946446	12.38386745	-0.22293111
0.38322901	12.29391265	-0.19524069	0.38323220	12.29391354	-0.19524162
0.46923012	12.23730346	-0.23886350	0.46923191	12.23730352	-0.23886470
0.71422303	12.09178378	-0.37187033	0.71422733	12.09178309	-0.37187356
0.29564122	12.51477282	-0.36893516	0.29565106	12.51478031	-0.36893122
0.58432641	12.77790155	-0.54125211	0.58434035	12.77790019	-0.54125609
0.30553650	12.98948789	-0.53009291	0.30555789	12.98949510	-0.53008902
0.03435176	12.99530350	-0.26254636	0.03438188	12.99531981	-0.26253399
0.10284423	13.07784309	-0.30759921	0.10287573	13.07785704	-0.30758894
0.31990531	12.86880017	-0.29425145	0.31992987	12.86880661	-0.29424778
0.03121210	12.96796066	-0.42100885	0.03123636	12.96797710	-0.42099648
0.12468868	13.04572550	-0.41709270	0.12471565	13.04573871	-0.41708318
0.36722259	12.82375395	-0.69347275	0.36723369	12.82375905	-0.69347115
0.15901472	13.02921179	-0.17911140	0.15904849	13.02922371	-0.17910276
0.22091310	12.81534677	-0.79377321	0.22092144	12.81535602	-0.79376743
0.33035733	12.75853680	-0.53109737	0.33037100	12.75854347	-0.53109430
0.32929491	12.88705948	-0.84147199	0.32930412	12.88706490	-0.84146951
0.39446907	12.43620498	-0.24547150	0.39447978	12.43620815	-0.24547064
0.24630487	13.04704903	-0.44631465	0.24633086	13.04705810	-0.44630882
0.47687858	12.68506480	-0.66755870	0.47688559	12.68506742	-0.66756022
0.69857415	12.74950879	-0.77242680	0.69858136	12.74950519	-0.77243377
0.32838085	12.94007488	-0.19995368	0.32841075	12.94008089	-0.19995016
-0.42658029	12.91076911	-0.24408266	-0.42655217	12.91080142	-0.24405544
0.15478726	13.08174444	-0.24840352	0.15482070	13.08175655	-0.24839478
0.32458581	12.94667617	-0.68776452	0.32460113	12.94668257	-0.68776155
-0.51363216	12.91042207	-0.28434355	-0.51360528	12.91045714	-0.28431350
0.22985861	13.03178243	-0.32808745	0.22988776	13.03179196	-0.32808104
0.29046512	12.45973418	-0.20111318	0.29047808	12.45974122	-0.20110928
0.12072640	13.09910401	-0.36964369	0.12075669	13.09911735	-0.36963400
0.21169141	13.07762244	-0.48851514	0.21171717	13.07763269	-0.48850831
0.25527399	12.61292416	-0.24498395	0.25529119	12.61293271	-0.24497866
0.16903958	12.93778945	-0.50847365	0.16906001	12.93780121	-0.50846564
0.27831411	12.89134228	-0.83142760	0.27832376	12.89134937	-0.83142364
0.28501250	12.84062244	-0.83467242	0.28502056	12.84062920	-0.83466870
0.23250129	13.02227342	-0.54432708	0.23252341	13.02228298	-0.54432099
0.37705861	12.79958432	-0.19788753	0.37708372	12.79958849	-0.19788566
0.49846242	12.59232456	-0.43293901	0.49847302	12.59232573	-0.43294100
0.30593108	12.76101175	-0.88735484	0.30593573	12.76101690	-0.88735181
0.16241485	12.96505897	-0.64368636	0.16243218	12.96507071	-0.64367840
0.39141307	12.37600935	-0.22236025	0.39142143	12.37601181	-0.22235955
0.35845968	12.48402381	-0.31250289	0.35847017	12.48402886	-0.31250086
0.19612706	12.86875277	-0.18667516	0.19615502	12.86876338	-0.18666770
0.38984950	12.73030191	-0.90974299	0.38985289	12.73030410	-0.90974222
0.29763647	12.79328260	-0.84876413	0.29764277	12.79328874	-0.84876083
0.14711970	13.11413230	-0.28068974	0.14715326	13.11414470	-0.28068078
0.41542627	12.60691042	-0.24741973	0.41544314	12.60691341	-0.24741931
0.21615454	12.86037437	-0.77046662	0.21616489	12.86038391	-0.77046065
0.42826602	12.71338141	-0.82691477	0.42827039	12.71338443	-0.82691524
0.82756683	12.74516971	-0.86775704	0.82757295	12.74516305	-0.86776677
0.56641020	12.79149222	-0.92708467	0.56641479	12.79149213	-0.92708799
0.34184882	12.68633782	-0.19900764	0.34186995	12.68634323	-0.19900486
0.25203714	12.76323380	-0.18141071	0.25206157	12.76324239	-0.18140510
