0.85099588	12.73682491	-0.42024903	0.85068090	12.73714830	-0.42005094
0.82213695	12.87501141	-0.44892036	0.82173208	12.87531373	-0.44875112
0.89836057	12.83366381	-0.54722690	0.89811772	12.83396703	-0.54702784
0.93027408	12.70045997	-0.53265049	0.93010776	12.70077437	-0.53241947
0.77968350	12.96586519	-0.50924060	0.77928229	12.96611883	-0.50911750
0.85987551	12.91974719	-0.59015830	0.85962010	12.92001992	-0.58999973
0.90918017	12.87681783	-0.65051531	0.90899802	12.87709021	-0.65033989
0.94750467	12.80691516	-0.64480960	0.94735635	12.80720667	-0.64460432
0.98138373	12.67779447	-0.64581056	0.98129165	12.67808905	-0.64557524
0.71731084	12.76621894	-1.16428120	0.71739536	12.76622922	-1.16429267
0.83961378	12.71560053	-1.14250916	0.83970373	12.71568201	-1.14243907
0.80827191	12.82213426	-1.07374908	0.80834719	12.82222044	-1.07372524
0.68615544	12.86844454	-1.09052362	0.68625693	12.86847953	-1.09059619
0.94076138	12.68180201	-1.07973056	0.94083962	12.68195206	-1.07959254
0.90782102	12.79293634	-1.02105555	0.90787301	12.79308695	-1.02095184
0.86829333	12.86146798	-0.97044798	0.86831863	12.86161927	-0.97037638
0.78951431	12.90236653	-0.98583050	0.78955155	12.90248410	-0.98582082
0.66762197	12.94837757	-0.99130332	0.66769272	12.94844728	-0.99138944
0.59581345	12.83444671	-0.20831330	0.59496728	12.83473087	-0.20834891
0.57743087	12.97138256	-0.25607614	0.57646415	12.97162325	-0.25616456
0.71170203	12.92356138	-0.34873118	0.71103642	12.92384872	-0.34864796
0.73324486	12.78419952	-0.30827870	0.73268670	12.78452298	-0.30816458
0.54691774	13.05769839	-0.34056041	0.54600943	13.05787834	-0.34069600
0.67555938	13.01388356	-0.42456335	0.67492819	13.01410427	-0.42452692
0.46784128	12.88148135	-1.06390774	0.46798331	12.88147235	-1.06413941
0.59401545	12.82714389	-1.13663636	0.59413599	12.82712069	-1.13675172
0.56338210	12.91956653	-1.06425185	0.56350447	12.91957368	-1.06441411
0.43938532	12.96398331	-0.98931928	0.43950874	12.96400418	-0.98960227
0.54325453	12.99418184	-0.96263297	0.54334723	12.99423107	-0.96282840
0.41859413	13.03335205	-0.88668807	0.41866517	13.03339468	-0.88701831
-0.01581316	12.98879701	-0.06881419	-0.01802172	12.98820437	-0.07085135
-0.14428404	12.99999166	-0.09180994	-0.14654309	12.99894690	-0.09462534
-0.14690065	13.07314996	-0.13882456	-0.14930514	13.07194937	-0.14187071
-0.02210429	13.07587650	-0.11321520	-0.02449151	13.07514552	-0.11548111
-0.26288880	13.00097270	-0.12912737	-0.26504629	12.99931693	-0.13274234
-0.26383191	13.06208040	-0.17807440	-0.26602991	13.06024418	-0.18194876
-0.26492160	13.10284265	-0.24399427	-0.26701945	13.10075010	-0.24807291
-0.14877162	13.11971558	-0.20530180	-0.15107496	13.11832076	-0.20848431
-0.02698911	13.12956707	-0.17934423	-0.02930703	13.12865385	-0.18172774
0.03167234	12.97366101	-0.59268792	0.03165283	12.97262475	-0.59428063
0.01639780	13.03602779	-0.56744583	0.01614025	13.03494382	-0.56919492
-0.06448710	13.03725179	-0.55769565	-0.06472749	13.03562494	-0.56001595
-0.04995951	12.98113462	-0.57291481	-0.04989808	12.97958219	-0.57501944
-0.00361009	13.08997622	-0.52045774	-0.00425962	13.08880374	-0.52244172
-0.08649035	13.08352130	-0.52244318	-0.08712446	13.08180326	-0.52504107
-0.17975481	13.07525828	-0.53966395	-0.18025394	13.07276992	-0.54301617
-0.15658816	13.03427930	-0.57502532	-0.15661716	13.03190214	-0.57807051
-0.14141789	12.98311071	-0.59194457	-0.14103017	12.98083248	-0.59475011
0.98753369	12.28873344	-0.67185565	0.98761904	12.28900271	-0.67159928
0.96653222	12.06979022	-0.68778047	0.96668934	12.07003574	-0.68754855
0.91395477	12.09665430	-0.55247887	0.91403394	12.09686209	-0.55226217
0.92893120	12.30348580	-0.53669571	0.92894419	12.30373611	-0.53644997
0.83599844	12.14659517	-0.43124721	0.83598560	12.14672390	-0.43108557
0.84348556	12.32873272	-0.41132413	0.84342626	12.32895536	-0.41111122
0.97948907	12.37977598	-1.14152356	0.97966508	12.37996623	-1.14132817
0.88458103	12.44037320	-1.21055030	0.88473971	12.44051222	-1.21040152
0.87987426	12.28086531	-1.23535323	0.88010482	12.28101957	-1.23518224
0.97192972	12.18848323	-1.15681992	0.97215794	12.18867061	-1.15660127
0.75739185	12.51672175	-1.23936722	0.75747283	12.51676686	-1.23928211
0.75351232	12.39649930	-1.27074331	0.75368784	12.39656225	-1.27062750
0.86764300	12.17616005	-1.24318460	0.86790544	12.17631453	-1.24299946
0.95308318	12.05386663	-1.15489915	0.95324453	12.05406445	-1.15467425
0.99366826	12.49776640	-0.65712336	0.99366220	12.49805971	-0.65686466
0.93705459	12.51382997	-0.53061676	0.93698239	12.51412032	-0.53036085
0.85282073	12.54240359	-0.40861713	0.85265392	12.54270234	-0.40839344
0.86814933	12.58687896	-1.18375650	0.86825348	12.58697676	-1.18364157
0.96721890	12.54418018	-1.11792785	0.96734051	12.54435016	-1.11775276
0.74296952	12.64450850	-1.20873342	0.74305916	12.64452487	-1.20868606
0.60011753	12.42012039	-0.22559973	0.59990965	12.42032062	-0.22549814
0.60024957	12.63501579	-0.20321783	0.59971166	12.63528317	-0.20319571
0.73380597	12.58515153	-0.29743151	0.73350388	12.58543924	-0.29728088
0.72745172	12.37087723	-0.30834917	0.72732579	12.37108236	-0.30818633
0.46890652	12.70481699	-1.15082148	0.46896787	12.70478277	-1.15089252
0.61211266	12.61491870	-1.21945969	0.61215754	12.61489346	-1.21945528
0.60895302	12.71906434	-1.18600658	0.60901749	12.71902694	-1.18603617
0.47408682	12.78871076	-1.11725496	0.47419426	12.78868353	-1.11740207
0.58653441	12.17479452	-0.30179387	0.58651676	12.17481763	-0.30178302
0.59727921	12.28075502	-0.26243645	0.59719218	12.28088144	-0.26235126
0.72337085	12.21611695	-0.33764899	0.72331981	12.21624017	-0.33752846
0.60072175	12.48681786	-1.25180895	0.60081166	12.48680716	-1.25181815
0.60687049	12.53422146	-1.24357414	0.60693472	12.53421272	-1.24358583
0.46275888	12.64913387	-1.16644043	0.46280124	12.64910880	-1.16648350
-0.00629155	12.71101526	-0.06664852	-0.00747199	12.71049002	-0.06799490
-0.15527467	12.77910385	-0.07496812	-0.15670160	12.77815401	-0.07713728
-0.14594960	12.90188212	-0.07301997	-0.14789896	12.90089572	-0.07554181
-0.00740479	12.86547358	-0.05654048	-0.00917615	12.86496280	-0.05826000
-0.29140687	12.82959273	-0.10068784	-0.29298857	12.82802066	-0.10373727
-0.27316936	12.92466450	-0.10511818	-0.27510372	12.92308087	-0.10850822
0.02797235	12.84408744	-0.62144284	0.02831534	12.84299503	-0.62286585
0.03405571	12.90953539	-0.60894679	0.03427038	12.90848409	-0.61041663
-0.04684442	12.91930112	-0.58194464	-0.04654970	12.91773145	-0.58390646
-0.05476368	12.85431625	-0.58575300	-0.05416617	12.85263017	-0.58765824
-0.13786269	12.92572284	-0.59981826	-0.13713049	12.92344149	-0.60248826
-0.14729477	12.86478181	-0.59830793	-0.14626892	12.86241706	-0.60090865
-0.03464522	12.41502722	-0.12031358	-0.03486255	12.41428727	-0.12119422
-0.17561975	12.63183711	-0.09210658	-0.17641674	12.63076284	-0.09376778
-0.02026282	12.54023982	-0.09022362	-0.02084758	12.53958747	-0.09129241
-0.32695501	12.62398523	-0.13119249	-0.32757582	12.62226537	-0.13311372
-0.31366509	12.71176181	-0.11180028	-0.31467438	12.71013913	-0.11429253
0.01818116	12.77766096	-0.63319217	0.01872639	12.77646045	-0.63457962
-0.07374583	12.78766218	-0.58284814	-0.07281105	12.78576775	-0.58478845
-0.09124553	12.76044671	-0.56280029	-0.09014498	12.75841102	-0.56478245
-0.17096033	12.80203029	-0.58605725	-0.16956137	12.79948594	-0.58871561
-0.38478439	12.99727792	-0.17946760	-0.38666724	12.99488489	-0.18394706
-0.37686392	13.04706145	-0.22563075	-0.37872395	13.04442630	-0.23032570
-0.49398722	12.98982473	-0.23718133	-0.49543454	12.98676263	-0.24253141
-0.47413609	13.03014220	-0.27842724	-0.47552921	13.02683048	-0.28386945
-0.45191199	13.06300849	-0.32891884	-0.45318277	13.05951276	-0.33440785
-0.36681696	13.08372646	-0.28506620	-0.36855080	13.08087115	-0.28987892
-0.26053274	13.03041269	-0.59593692	-0.26033844	13.02701628	-0.59995302
-0.24555824	12.98517671	-0.62036365	-0.24488168	12.98187156	-0.62412239
-0.28141729	13.06694154	-0.55603650	-0.28172911	13.06348384	-0.56035082
-0.37566481	13.05687161	-0.56591512	-0.37573831	13.05243023	-0.57109626
-0.36041057	13.02503229	-0.61037112	-0.36010110	13.02036062	-0.61535006
-0.34990576	12.98676164	-0.64399086	-0.34898816	12.98222493	-0.64888974
-0.24634710	12.93655582	-0.63582864	-0.24521565	12.93322684	-0.63946960
-0.35663214	12.94752193	-0.66877451	-0.35517552	12.94285736	-0.67380988
-0.37083381	12.90991854	-0.68304513	-0.36892945	12.90512908	-0.68834351
-0.25837228	12.88680508	-0.64010689	-0.25671337	12.88334386	-0.64375986
-0.53804710	12.88463162	-0.19563347	-0.53923125	12.88180547	-0.20054201
-0.55782664	12.76267389	-0.19978407	-0.55861217	12.75987521	-0.20371632
-0.63366854	12.79914130	-0.25799054	-0.63418967	12.79575930	-0.26262079
-0.61560690	12.89499604	-0.25838984	-0.61640542	12.89153255	-0.26381442
-0.56578954	12.65781887	-0.21558733	-0.56628933	12.65491586	-0.21827596
-0.64112318	12.71651061	-0.26858002	-0.64153290	12.71310129	-0.27215208
-0.68913286	12.78579427	-0.33997117	-0.68914540	12.78164437	-0.34468341
-0.68272657	12.83800178	-0.33491206	-0.68288477	12.83386421	-0.34018426
-0.66665234	12.90096300	-0.33729032	-0.66694239	12.89677331	-0.34301770
-0.45624506	12.64826789	-0.16756000	-0.45685118	12.64606208	-0.16986777
-0.44542240	12.74447332	-0.14963623	-0.44640843	12.74226976	-0.15291009
-0.42372931	12.86376257	-0.14228534	-0.42521641	12.86153003	-0.14632882
-0.46779528	12.92509138	-0.69451512	-0.46653836	12.91992531	-0.70028725
-0.47484727	12.89813561	-0.70490102	-0.47362082	12.89308538	-0.71067295
-0.38270236	12.87651491	-0.68507576	-0.38055013	12.87164911	-0.69061897
-0.55461889	12.93066576	-0.67408411	-0.55363689	12.92540287	-0.67983850
-0.55950077	12.90398536	-0.68867694	-0.55852516	12.89882430	-0.69444700
-0.39349563	12.85963403	-0.67476853	-0.39132363	12.85467846	-0.68042970
-0.27754533	12.83835072	-0.63208853	-0.27548627	12.83470600	-0.63580388
0.89892719	12.88479880	-0.90177690	0.89890838	12.88498907	-0.90167751
0.79890267	12.95180505	-0.88780288	0.79887848	12.95195321	-0.88777367
0.91534020	12.89924773	-0.81302609	0.91525605	12.89947447	-0.81289532
0.82020866	12.97175802	-0.78326027	0.82010191	12.97195101	-0.78318627
0.70968806	13.02744991	-0.74206059	0.70953092	13.02760670	-0.74206371
0.68007131	13.00320755	-0.87120780	0.68005366	13.00331850	-0.87126719
0.91636016	12.89549054	-0.72109790	0.91622595	12.89574671	-0.72093946
0.83718505	12.96309932	-0.67669611	0.83698520	12.96332688	-0.67658312
0.74256808	13.01570564	-0.61473682	0.74229061	13.01591016	-0.61467697
1.00048600	12.67122605	-0.98500636	1.00054690	12.67143222	-0.98483044
0.96275323	12.79286423	-0.93997339	0.96277527	12.79306817	-0.93982668
1.02356062	12.67177968	-0.87364186	1.02358701	12.67202979	-0.87343379
0.98250232	12.80231531	-0.84316034	0.98246831	12.80256253	-0.84298507
1.01484456	12.67094086	-0.76027731	1.01481154	12.67122177	-0.76004998
0.97651539	12.80196708	-0.74374999	0.97642164	12.80223951	-0.74355621
0.55988052	13.04870146	-0.82619459	0.55984612	13.04879044	-0.82635876
0.59645619	13.07443045	-0.67728283	0.59623202	13.07454849	-0.67737263
0.47235080	13.11304963	-0.59497180	0.47195357	13.11307896	-0.59524382
0.43552307	13.08639616	-0.74691087	0.43540987	13.08640509	-0.74723293
0.63610893	13.06339420	-0.53911294	0.63566003	13.06355102	-0.53913755
0.51063989	13.10415818	-0.45674494	0.50995257	13.10425015	-0.45695314
-0.38469121	13.07515059	-0.50807467	-0.38518980	13.07097783	-0.51332760
-0.46752934	13.05606771	-0.52139366	-0.46758334	13.05128791	-0.52724469
-0.44735306	13.04403528	-0.56357866	-0.44716785	13.03904140	-0.56929557
-0.39717949	13.08192554	-0.44509518	-0.39805700	13.07802916	-0.45042563
-0.48989178	13.05847877	-0.47698378	-0.49014666	13.05385418	-0.48294259
-0.57383087	13.03177706	-0.50612810	-0.57368334	13.02670225	-0.51229895
-0.53607848	13.03334066	-0.53860728	-0.53582806	13.02822892	-0.54464495
-0.49808641	13.03118323	-0.56463202	-0.49764146	13.02595643	-0.57046331
-0.42296125	13.07912378	-0.38490078	-0.42407473	13.07544474	-0.39032308
-0.50406462	13.05497734	-0.42555224	-0.50459666	13.05061894	-0.43152449
-0.51921157	13.04112354	-0.37444060	-0.51993815	13.03705791	-0.38036365
-0.56428495	13.02375921	-0.40686880	-0.56462151	13.01931781	-0.41296780
-0.57590167	13.02822729	-0.45558511	-0.57595686	13.02342123	-0.46175121
-0.01992789	13.12894125	-0.43888180	-0.02110680	13.12772002	-0.44109057
-0.11152084	13.11584803	-0.45227632	-0.11265654	13.11409601	-0.45513753
-0.02988146	13.15060333	-0.34381422	-0.03155941	13.14941363	-0.34618410
-0.13294389	13.13377379	-0.36602966	-0.13455236	13.13207778	-0.36908590
-0.23375531	13.11564991	-0.39833507	-0.23515598	13.11320099	-0.40224814
-0.20725407	13.10179066	-0.47637152	-0.20822771	13.09926040	-0.48003705
-0.03090309	13.15266201	-0.25674824	-0.03296801	13.15157722	-0.25916495
-0.14476547	13.13747664	-0.28239908	-0.14678667	13.13590640	-0.28558489
-0.25403889	13.11832950	-0.31893022	-0.25584774	13.11604005	-0.32299817
0.99087691	11.97487433	-1.05852211	0.99091482	11.97506153	-1.05829134
1.01330744	12.11979385	-1.05664621	1.01350075	12.11999426	-1.05640858
0.99329894	11.92997547	-0.95308988	0.99332761	11.93017677	-0.95286454
1.01919326	12.07660538	-0.94239784	1.01937487	12.07681692	-0.94216517
1.03840642	12.29432626	-0.92701895	1.03857027	12.29456378	-0.92678003
1.02705693	12.32889437	-1.04295852	1.02723144	12.32911664	-1.04273413
0.97463615	11.91347939	-0.83409124	0.97468774	11.91372098	-0.83385659
1.00255942	12.06143728	-0.81894815	1.00274243	12.06167008	-0.81871070
1.02466898	12.28337037	-0.80264534	1.02480540	12.28363362	-0.80239458
1.02266374	12.51470580	-1.01868223	1.02277468	12.51491890	-1.01847344
1.04131910	12.49724856	-0.90348568	1.04140863	12.49749473	-0.90324465
1.03005846	12.49191079	-0.78217396	1.03010314	12.49218720	-0.78191956
-0.64116698	12.92578248	-0.62200905	-0.64048316	12.92041244	-0.62792845
-0.64802476	12.89588190	-0.63362245	-0.64731949	12.89053232	-0.63945237
-0.69953624	12.91689609	-0.54201254	-0.69903103	12.91160706	-0.54782868
-0.71017688	12.88074190	-0.54750096	-0.70963813	12.87547119	-0.55316193
-0.64993151	12.87255791	-0.63474934	-0.64920919	12.86724934	-0.64049293
-0.70127493	12.90845654	-0.43958317	-0.70105553	12.90350384	-0.44546425
-0.71487873	12.86352251	-0.43985662	-0.71454172	12.85855199	-0.44544757
-0.71800419	12.82791955	-0.44101226	-0.71763079	12.82297085	-0.44632868
-0.29821128	13.08937303	-0.49398498	-0.29898742	13.08601919	-0.49847077
-0.31684294	13.09968054	-0.42169033	-0.31800157	13.09650941	-0.42628015
-0.34326507	13.09956135	-0.35134474	-0.34476969	13.09655609	-0.35611498
-0.59542933	12.94711244	-0.27175740	-0.59632140	12.94353840	-0.27749284
-0.51575237	12.95073895	-0.20883964	-0.51716257	12.94782396	-0.21409362
-0.64893531	12.94089644	-0.34708102	-0.64928933	12.93663518	-0.35305073
-0.62565973	12.97016455	-0.36429906	-0.62601747	12.96582121	-0.37037447
-0.57228785	12.97875303	-0.29647675	-0.57314923	12.97501990	-0.30232016
-0.40176417	12.94203671	-0.15210392	-0.40353899	12.93971193	-0.15644211
-0.45473542	12.95603272	-0.67643813	-0.45356390	12.95076153	-0.68219523
-0.44306103	12.98845603	-0.64828474	-0.44212905	12.98312935	-0.65397625
-0.52732865	12.98799300	-0.63075292	-0.52653911	12.98263600	-0.63645400
-0.54315905	12.95945724	-0.65656031	-0.54225424	12.95412549	-0.66229448
-0.65790403	12.97390811	-0.53111658	-0.65749473	12.96864913	-0.53718246
-0.68236817	12.94654664	-0.53707360	-0.68191431	12.94128455	-0.54301349
-0.62738771	12.95427748	-0.60948643	-0.62676116	12.94891591	-0.61545679
-0.60647013	12.98159740	-0.59194152	-0.60591871	12.97626697	-0.59796151
-0.62582634	13.00303345	-0.52246939	-0.62552588	12.99782790	-0.52860527
-0.57925661	13.00823036	-0.56515927	-0.57882873	13.00299757	-0.57122836
-0.50916376	13.01376413	-0.59185322	-0.50849487	13.00836048	-0.59761723
-0.68372138	12.94145452	-0.44260780	-0.68356995	12.93651595	-0.44863246
-0.65925533	12.96932339	-0.44891538	-0.65914328	12.96439081	-0.45501873
-0.59331919	13.00089930	-0.38897316	-0.59366542	12.99650257	-0.39506769
-0.62554423	12.99917941	-0.45829924	-0.62546662	12.99427574	-0.46444859
-0.54446190	13.01292604	-0.33103492	-0.54530976	13.00903555	-0.33693651
-0.43982157	13.01942067	-0.60804448	-0.43923130	13.01408077	-0.61357137
0.17946995	13.12019453	-0.18679346	0.17751781	13.11986528	-0.18797462
0.15009234	13.15851412	-0.27225584	0.14830801	13.15805956	-0.27352283
0.17795988	13.14646786	-0.28673176	0.17632237	13.14607596	-0.28783744
0.21161237	13.10694664	-0.19810589	0.20980442	13.10669777	-0.19912118
0.13013519	13.16523675	-0.36749373	0.12870614	13.16464719	-0.36885019
0.15642096	13.15401305	-0.38414952	0.15515112	13.15352110	-0.38531404
0.18263433	13.13757551	-0.29668970	0.18108570	13.13719091	-0.29776580
0.21606512	13.09853948	-0.20445206	0.21431546	13.09829696	-0.20544545
0.18928611	13.14527671	-0.29772267	0.18774235	13.14490344	-0.29876812
0.22145474	13.10503867	-0.19928965	0.21968469	13.10480348	-0.20026022
0.17059208	13.15214263	-0.40113277	0.16943122	13.15168966	-0.40220209
0.21469022	13.15804065	-0.42680363	0.21363950	13.15767296	-0.42768368
0.23586141	13.15066589	-0.31535329	0.23445307	13.15038751	-0.31621247
0.26744403	13.10840120	-0.20990598	0.26576344	13.10824675	-0.21071995
0.25513305	12.93413897	-0.06595609	0.25339904	12.93414158	-0.06675768
0.21798110	13.05033914	-0.11189250	0.21601097	13.05017313	-0.11290416
0.25428363	13.03756432	-0.12307968	0.25244042	13.03746214	-0.12395571
0.29480844	12.92087580	-0.07887707	0.29320332	12.92094623	-0.07953742
0.26453653	13.03557499	-0.12350291	0.26271516	13.03548910	-0.12433832
0.30605428	12.91896037	-0.08223380	0.30448656	12.91903866	-0.08286366
0.30985393	13.03413513	-0.13062006	0.30811844	13.03414048	-0.13129126
0.34992744	12.91119032	-0.08802564	0.34843950	12.91132909	-0.08854514
0.37591166	12.72230672	-0.09174397	0.37491589	12.72249610	-0.09206995
0.33577806	12.73599793	-0.08743599	0.33471018	12.73614512	-0.08785410
0.39397791	12.52679235	-0.12216234	0.39346998	12.52694057	-0.12231533
0.35639749	12.55088849	-0.11758858	0.35582749	12.55100561	-0.11781327
0.32437139	12.73820390	-0.08274214	0.32327340	12.73834727	-0.08318422
0.34420631	12.55369175	-0.11269929	0.34361796	12.55380149	-0.11294185
0.29849392	12.56747695	-0.09476223	0.29782628	12.56753635	-0.09511100
0.28221279	12.75558482	-0.06688278	0.28099726	12.75566885	-0.06743700
0.26644355	12.78310609	-0.91993519	0.26657374	12.78305987	-0.92034893
0.25666991	12.85323887	-0.89517156	0.25682625	12.85319003	-0.89565972
0.23763055	12.85891413	-0.83618565	0.23780561	12.85882300	-0.83673835
0.24832387	12.79817654	-0.85977671	0.24851010	12.79810171	-0.86028032
0.24144098	12.92514558	-0.84493297	0.24158408	12.92507952	-0.84549130
0.22171189	12.92343854	-0.78937003	0.22182416	12.92329250	-0.79000571
0.22824145	12.91901313	-0.77157830	0.22834640	12.91884359	-0.77222310
0.24928910	12.80390254	-0.83908430	0.24949850	12.80378292	-0.83962263
0.22141692	12.85917510	-0.82190089	0.22162663	12.85900128	-0.82254706
0.22630667	12.80193059	-0.84479899	0.22656334	12.80178438	-0.84541579
0.21072969	12.92284607	-0.77969770	0.21086493	12.92262926	-0.78039965
0.17020316	12.93488663	-0.76528345	0.17034375	12.93454716	-0.76612936
0.17795361	12.86765060	-0.80363196	0.17816914	12.86736547	-0.80440755
0.17993421	12.80404338	-0.82461103	0.18021325	12.80375371	-0.82536339
0.27118645	12.71304816	-0.94496037	0.27129057	12.71297921	-0.94529698
0.25585064	12.73702267	-0.88386849	0.25602109	12.73693825	-0.88431541
0.25773438	12.75256086	-0.86160300	0.25794568	12.75247024	-0.86210022
0.27532711	12.71612202	-0.87472516	0.27550800	12.71604215	-0.87515440
0.23510413	12.74429440	-0.87152346	0.23536104	12.74417735	-0.87209757
0.18646847	12.73650361	-0.85410376	0.18680033	12.73625707	-0.85484005
0.28262132	12.32767122	-0.16249439	0.28244274	12.32758239	-0.16270696
0.30005314	12.42437934	-0.12875907	0.29970492	12.42438600	-0.12897170
0.34784104	12.42269535	-0.14506612	0.34751985	12.42275015	-0.14520992
0.33333068	12.35312881	-0.17767319	0.33313425	12.35310478	-0.17779996
0.35185065	12.43529462	-0.15234833	0.35152629	12.43535134	-0.15249369
0.36156633	12.41569078	-0.15011909	0.36126871	12.41575278	-0.15024524
0.34775181	12.34764634	-0.18409037	0.34758798	12.34765910	-0.18418778
0.39871902	12.38238624	-0.15854338	0.39847739	12.38247610	-0.15861245
0.11997751	13.13981750	-0.47264596	0.11907883	13.13914687	-0.47397973
0.14999373	13.12663814	-0.48641087	0.14919956	13.12609303	-0.48754869
0.12395992	13.08756978	-0.58055799	0.12357380	13.08693545	-0.58176831
0.15927624	13.07244895	-0.59097468	0.15895123	13.07196482	-0.59198777
0.16206318	13.11539537	-0.49303381	0.16132277	13.11489415	-0.49409710
0.16786808	13.12181448	-0.49312524	0.16712064	13.12134212	-0.49414608
0.17831176	13.06585568	-0.58701915	0.17797633	13.06545085	-0.58792771
0.20454925	13.07136303	-0.62615464	0.20427953	13.07104600	-0.62695479
0.20343130	13.12772983	-0.52533023	0.20280525	13.12735568	-0.52618191
0.22053642	13.00099404	-0.74415267	0.22053809	13.00079959	-0.74482657
0.19902571	12.99609218	-0.69622663	0.19897917	12.99581260	-0.69699538
0.18470527	12.99912395	-0.69588095	0.18468719	12.99879340	-0.69672619
0.14646560	13.01376153	-0.68483738	0.14644867	13.01330168	-0.68584897
0.39356104	13.09081781	-0.26297526	0.39225877	13.09085271	-0.26340514
0.42879164	13.01046465	-0.17905017	0.42743961	13.01059910	-0.17940406
0.45746623	12.87986352	-0.13267414	0.45628289	12.88007758	-0.13293758
0.31322581	12.99067022	-0.86239139	0.31332646	12.99066092	-0.86284252
0.33708185	12.91264433	-0.95147092	0.33722524	12.91262845	-0.95185537
0.29510866	13.05999099	-0.75046840	0.29503371	13.05992612	-0.75097351
0.13475102	12.96167793	-0.06138755	0.13277521	12.96145980	-0.06267123
0.11265680	13.06569585	-0.10640984	0.11045307	13.06534900	-0.10792097
0.09117564	13.12890656	-0.17677169	0.08901796	13.12837375	-0.17845927
0.08850049	13.02701800	-0.62605299	0.08835914	13.02627800	-0.62738928
0.06806590	13.09231873	-0.54852105	0.06756555	13.09145278	-0.55007780
0.10780219	12.95505341	-0.68002862	0.10785277	12.95442482	-0.68116986
0.47244042	12.68477501	-0.13246208	0.47165568	12.68501367	-0.13260828
0.48228198	12.47556566	-0.16091123	0.48191296	12.47574959	-0.16095573
0.34604033	12.83179172	-1.00429768	0.34617585	12.83176773	-1.00459567
0.34686009	12.75672950	-1.03337357	0.34696829	12.75668713	-1.03360531
0.48351949	12.33795904	-0.19912902	0.48337784	12.33806788	-0.19909937
0.34554838	12.69674086	-1.05205221	0.34562381	12.69668493	-1.05220589
0.15781259	12.47164858	-0.10567520	0.15736060	12.47143567	-0.10620742
0.16328215	12.62784897	-0.07649272	0.16238377	12.62768883	-0.07719472
0.10988473	12.75405881	-0.74947850	0.11027556	12.75345449	-0.75048049
0.11008605	12.82276415	-0.72591393	0.11036671	12.82215169	-0.72694463
0.15359756	12.80723955	-0.05633445	0.15211346	12.80710833	-0.05733595
0.11225713	12.88824874	-0.70808052	0.11248528	12.88762225	-0.70916112
0.33020964	13.14307775	-0.50141970	0.32951244	13.14293371	-0.50193806
0.30459922	13.11443593	-0.62828670	0.30425743	13.11430522	-0.62881853
0.36025565	13.13501317	-0.37524881	0.35921153	13.13492851	-0.37574987
0.06291403	13.16270700	-0.34913611	0.06132024	13.16188614	-0.35093307
0.06020171	13.13869400	-0.45120222	0.05912358	13.13779349	-0.45295475
0.07390008	13.16022283	-0.25775630	0.07193756	13.15954990	-0.25954881
0.88211307	11.96633333	-0.58444216	0.88225742	11.96653215	-0.58428252
0.81676000	12.01719950	-0.47386000	0.81676000	12.01719950	-0.47386000
0.92263426	11.93843949	-0.71327236	0.92276078	11.93869140	-0.71304516
0.91005649	12.00494975	-0.71813529	0.91020245	12.00520161	-0.71791754
0.87438794	12.05183163	-0.63170379	0.87452324	12.05205004	-0.63151439
0.80606239	12.11450021	-0.52866711	0.80612784	12.11465580	-0.52851789
0.95601336	11.93087004	-0.83760995	0.95607959	11.93112576	-0.83736891
0.97526489	11.94686599	-0.94902785	0.97531395	11.94708570	-0.94879718
0.94318770	12.06489356	-0.93233880	0.94335767	12.06512489	-0.93210342
0.92887835	12.03461639	-0.81467728	0.92904374	12.03486165	-0.81444576
0.97445799	11.98916560	-1.04222656	0.97451847	11.98937324	-1.04199199
0.93980233	12.06386165	-1.12916195	0.93996494	12.06406860	-1.12893989
0.91660908	12.12656632	-1.10677017	0.91680188	12.12676877	-1.10655737
0.94047854	12.09978664	-1.03020589	0.94066229	12.09999503	-1.02998036
0.85906217	12.18195678	-1.22029506	0.85931603	12.18211479	-1.22011350
0.74253374	12.33288859	-1.27094806	0.74274350	12.33295145	-1.27080894
0.74651154	12.36122252	-1.19922600	0.74669147	12.36130155	-1.19910022
0.85719383	12.22788113	-1.15762154	0.85742345	12.22803932	-1.15744534
0.60118421	12.48292658	-1.23768864	0.60126557	12.48291634	-1.23769553
0.47111880	12.61365351	-1.15273877	0.47115266	12.61363581	-1.15277147
0.49420000	12.61570000	-1.07906000	0.49420000	12.61570000	-1.07906000
0.61447000	12.50220000	-1.16283000	0.61447000	12.50220000	-1.16283000
0.38301361	12.64726085	-1.04984207	0.38305158	12.64722447	-1.04990973
0.33218437	12.64749601	-0.95711243	0.33224181	12.64742988	-0.95726698
0.37140000	12.64100070	-0.89641000	0.37140000	12.64100070	-0.89641000
0.41679000	12.64250090	-0.98287004	0.41679000	12.64250090	-0.98287004
0.31424065	12.67915553	-0.89780337	0.31433400	12.67910280	-0.89807573
0.31034595	12.70659546	-0.87043481	0.31049862	12.70653993	-0.87077328
0.33875135	12.69433259	-0.81319369	0.33894071	12.69424191	-0.81351558
0.34773858	12.66931150	-0.84069509	0.34785289	12.66925835	-0.84090921
0.30138566	12.69388248	-0.87439631	0.30158069	12.69381585	-0.87478710
0.25838274	12.68356880	-0.84510372	0.25865897	12.68341194	-0.84565053
0.29870474	12.68067304	-0.77557689	0.29893838	12.68049123	-0.77602919
0.33764205	12.68291622	-0.81189805	0.33786486	12.68282942	-0.81224569
0.15238658	12.71858425	-0.71729669	0.15278196	12.71806003	-0.71817557
0.02093822	12.77141066	-0.57740095	0.02149636	12.77015741	-0.57876963
0.02461371	12.80941157	-0.50049639	0.02476568	12.80832754	-0.50187687
0.17636577	12.73372737	-0.64191912	0.17666925	12.73320499	-0.64273757
-0.09551848	12.81340233	-0.51518947	-0.09496640	12.81151749	-0.51721886
-0.20288593	12.84436873	-0.52008099	-0.20221305	12.84178743	-0.52299930
-0.20716600	12.91331536	-0.46041038	-0.20722109	12.91085112	-0.46347487
-0.09844100	12.87341310	-0.44539748	-0.09852788	12.87172126	-0.44753075
-0.30703456	12.86286153	-0.58162640	-0.30571094	12.85907988	-0.58576465
-0.40494781	12.87149212	-0.65196796	-0.40313077	12.86637246	-0.65777826
-0.42226657	12.89866104	-0.60099166	-0.42097287	12.89311653	-0.60702416
-0.31778064	12.91636521	-0.52702220	-0.31733643	12.91263182	-0.53120149
-0.49416312	12.87494723	-0.67950100	-0.49296506	12.86984747	-0.68528613
-0.57419118	12.87200729	-0.66735132	-0.57324598	12.86687020	-0.67314986
-0.57352667	12.87458449	-0.63190946	-0.57266455	12.86936132	-0.63765183
-0.51665663	12.88296034	-0.63120131	-0.51564660	12.87771700	-0.63693737
-0.64887544	12.86398482	-0.61572922	-0.64817389	12.85869272	-0.62141824
-0.69880923	12.84900612	-0.53584916	-0.69826803	12.84382301	-0.54136376
-0.66150932	12.86531626	-0.50788245	-0.66099315	12.86021620	-0.51344410
-0.62368418	12.87359655	-0.58475811	-0.62299400	12.86839250	-0.59044356
-0.70383826	12.82294228	-0.44025350	-0.70345835	12.81801771	-0.44549829
-0.67741777	12.77690776	-0.34976040	-0.67737708	12.77267570	-0.35432006
-0.65570566	12.78320227	-0.36270134	-0.65560899	12.77888235	-0.36725645
-0.66758840	12.82916678	-0.42371436	-0.66727885	12.82441253	-0.42889870
-0.63123195	12.70295427	-0.28522178	-0.63161310	12.69935780	-0.28856607
-0.55772008	12.64258423	-0.23561340	-0.55817351	12.63943051	-0.23805137
-0.54007339	12.70150738	-0.26784298	-0.54048963	12.69807459	-0.27103520
-0.61590624	12.74465683	-0.31843017	-0.61607486	12.74074059	-0.32232999
-0.45066351	12.63844825	-0.18826581	-0.45119742	12.63606853	-0.19044189
-0.32353529	12.61847443	-0.15183297	-0.32408452	12.61668879	-0.15373917
-0.30576587	12.67193186	-0.18107705	-0.30638294	12.67000612	-0.18326218
-0.43175111	12.69552136	-0.21887719	-0.43228841	12.69283280	-0.22167793
-0.18656743	12.51484400	-0.13734362	-0.18692181	12.51364146	-0.13863981
-0.03770844	12.39965938	-0.14405586	-0.03784846	12.39888615	-0.14493094
-0.03533750	12.46926244	-0.17538037	-0.03556815	12.46843773	-0.17636131
-0.17506179	12.57738938	-0.16655369	-0.17550648	12.57610768	-0.16803773
0.12348731	12.33984991	-0.16404179	0.12340493	12.33947449	-0.16453661
0.25194722	12.32159085	-0.18921890	0.25184338	12.32142137	-0.18948608
0.23149683	12.38119162	-0.24130112	0.23145349	12.38094376	-0.24161990
0.11380541	12.40701934	-0.20560394	0.11369650	12.40656422	-0.20619036
0.30187334	12.35597387	-0.21047111	0.30176535	12.35588546	-0.21065191
0.28736813	12.43968459	-0.27991450	0.28727774	12.43954278	-0.28016926
0.27927140	12.41187813	-0.26598991	0.27920257	12.41172042	-0.26623224
0.31336788	12.34629434	-0.22309379	0.31325758	12.34622975	-0.22324513
0.34620000	12.27620000	-0.23202000	0.34620000	12.27620000	-0.23202000
0.31938232	12.33305811	-0.29089092	0.31935757	12.33295788	-0.29102890
0.28646894	12.39811182	-0.28101926	0.28639454	12.39796926	-0.28123735
0.44425997	12.21770000	-0.27141000	0.44425997	12.21770000	-0.27141000
0.57587000	12.16340070	-0.32883000	0.57587000	12.16340070	-0.32883000
0.56955507	12.24303318	-0.38287163	0.56957042	12.24311416	-0.38279811
0.42767419	12.28609773	-0.32793525	0.42768414	12.28610111	-0.32794330
0.70622003	12.08180000	-0.39380000	0.70622003	12.08180000	-0.39380000
0.70001760	12.18132986	-0.44748440	0.70004263	12.18145905	-0.44736945
0.76335943	12.39354422	-1.04837128	0.76350690	12.39365746	-1.04825215
0.86558229	12.24481000	-1.04716155	0.86577597	12.24498386	-1.04697694
0.78281501	12.37709358	-0.86023146	0.78295467	12.37724605	-0.86009430
0.87474090	12.22345105	-0.90667768	0.87491621	12.22365088	-0.90647328
0.79547442	12.26265644	-0.67244758	0.79558926	12.26284423	-0.67227174
0.87457972	12.14969536	-0.75450516	0.87475045	12.14991677	-0.75430212
0.53359577	12.60819695	-0.90307263	0.53369965	12.60821615	-0.90312316
0.64696685	12.52229644	-0.99065776	0.64705321	12.52234415	-0.99062486
0.56496206	12.53869989	-0.69153633	0.56506592	12.53875894	-0.69154613
0.67785646	12.47881952	-0.78127643	0.67797556	12.47892719	-0.78121213
0.57070553	12.38667149	-0.51106684	0.57076425	12.38675325	-0.51100931
0.69243549	12.34038641	-0.58909031	0.69251279	12.34053394	-0.58896449
-0.21851233	12.90887561	-0.37557582	-0.21900594	12.90661755	-0.37863101
-0.11254968	12.86669154	-0.35871871	-0.11298768	12.86509013	-0.36091714
-0.24026739	12.85129175	-0.28884781	-0.24095963	12.84920767	-0.29177294
-0.13350348	12.80247733	-0.27439255	-0.13415307	12.80099180	-0.27650342
-0.01592414	12.73566225	-0.30903075	-0.01629029	12.73463923	-0.31044821
0.00743123	12.80173639	-0.40468625	0.00722946	12.80072398	-0.40611498
-0.27397216	12.76103939	-0.22556889	-0.27465352	12.75903131	-0.22818709
-0.15608299	12.68918419	-0.21174547	-0.15665587	12.68777932	-0.21357644
-0.02903388	12.60367880	-0.23187754	-0.02938021	12.60276008	-0.23308701
-0.55311967	12.90414000	-0.54990488	-0.55245083	12.89901317	-0.55553165
-0.58771961	12.89887043	-0.45804819	-0.58738546	12.89404328	-0.46354300
-0.48575151	12.91983317	-0.39669917	-0.48584459	12.91570293	-0.40183984
-0.45178884	12.93110621	-0.50287378	-0.45132085	12.92626417	-0.50825109
-0.60458026	12.82775740	-0.37792648	-0.60449398	12.82340681	-0.38281242
-0.51583278	12.81852751	-0.31896562	-0.51609507	12.81479917	-0.32329165
-0.33649433	12.93213879	-0.43333469	-0.33664422	12.92878712	-0.43750388
-0.36375445	12.89742140	-0.33442699	-0.36425541	12.89441456	-0.33847118
-0.39939972	12.80013509	-0.26504315	-0.39993937	12.79724385	-0.26861079
0.29363232	12.63886173	-0.65173461	0.29386692	12.63858138	-0.65221142
0.33538271	12.63570110	-0.67512230	0.33562650	12.63552984	-0.67550610
0.26729548	12.57177927	-0.50178837	0.26747218	12.57142407	-0.50226519
0.31370590	12.57101659	-0.51162535	0.31390118	12.57078536	-0.51199566
0.31769209	12.58904080	-0.49604303	0.31779351	12.58882264	-0.49640190
0.33630043	12.65001381	-0.66671275	0.33648816	12.64983440	-0.66709082
0.34346953	12.63252430	-0.68930926	0.34366140	12.63238405	-0.68965695
0.32013062	12.57485341	-0.51087955	0.32025067	12.57463903	-0.51122326
0.35252500	12.55517491	-0.55144783	0.35267994	12.55500470	-0.55174177
0.37277674	12.61397704	-0.73974599	0.37295349	12.61385748	-0.74003196
0.32724987	12.44052746	-0.39915800	0.32727067	12.44038238	-0.39938070
0.29486856	12.48729431	-0.37594488	0.29485293	12.48711883	-0.37624571
0.28921767	12.49135251	-0.37103980	0.28926398	12.49115757	-0.37135322
0.24171202	12.47693805	-0.35494269	0.24175172	12.47662108	-0.35535529
0.44570399	12.55387910	-0.61324706	0.44583715	12.55382060	-0.61340243
0.43894925	12.62159843	-0.81518288	0.43909185	12.62155265	-0.81534700
0.43393519	12.41221943	-0.44604614	0.43398439	12.41219716	-0.44610536
0.13782082	12.63927923	-0.41028930	0.13781160	12.63864125	-0.41113897
0.16433563	12.70971605	-0.53273284	0.16448136	12.70910607	-0.53357288
0.11916663	12.52225278	-0.29431182	0.11908423	12.52165487	-0.29504100
0.16284664	13.14454676	-0.39628713	0.16167055	13.14407001	-0.39739387
0.25772627	13.03125574	-0.13018344	0.25593186	13.03115543	-0.13104447
0.29732032	12.91744786	-0.08823153	0.29576489	12.91750443	-0.08888022
0.32693630	12.73747921	-0.09322086	0.32586888	12.73760858	-0.09365752
0.34744393	12.55797741	-0.12257252	0.34686991	12.55807882	-0.12281405
0.24169494	12.85806069	-0.81533955	0.24187353	12.85792703	-0.81591574
0.33868822	12.37524198	-0.18497472	0.33849342	12.37523691	-0.18510209
0.17655310	13.06062976	-0.58980879	0.17623543	13.06021183	-0.59073635
0.20251116	12.99089387	-0.68957338	0.20246128	12.99060631	-0.69034512
0.89640875	11.96103865	-0.57098868	0.89655060	11.96123424	-0.57082400
0.82720702	12.01969544	-0.45665574	0.82719204	12.01969189	-0.45665040
0.94003558	11.92415158	-0.70465384	0.94016064	11.92439751	-0.70442819
0.74600409	12.33148200	-1.28644739	0.74621752	12.33154133	-1.28630628
0.46150256	12.61944184	-1.16638311	0.46154405	12.61942161	-1.16642512
0.35374382	12.65794996	-1.05847666	0.35379916	12.65789862	-1.05858869
0.28757324	12.66167082	-0.96046948	0.28764322	12.66158905	-0.96070459
0.27346059	12.69167627	-0.89944748	0.27359367	12.69158988	-0.89979985
0.25710788	12.70283745	-0.88651786	0.25736888	12.70278109	-0.88707772
0.20893545	12.68857270	-0.86865809	0.20929388	12.68837024	-0.86937554
0.12080722	12.70999863	-0.75458730	0.12124008	12.70943123	-0.75555746
0.01315741	12.74251897	-0.62500310	0.01388201	12.74120267	-0.62640272
-0.19441776	12.78082386	-0.56057006	-0.19306827	12.77816475	-0.56336510
-0.29638113	12.82056051	-0.61220782	-0.29438841	12.81676941	-0.61613177
-0.48152686	12.87992357	-0.70187270	-0.48028097	12.87489335	-0.70765804
-0.56396655	12.88320717	-0.68992136	-0.56296840	12.87809861	-0.69571699
-0.71110103	12.85322415	-0.54738532	-0.71056248	12.84800167	-0.55290853
-0.18876734	12.52463633	-0.11533056	-0.18918603	12.52347770	-0.11664498
0.14118573	12.35562713	-0.13935966	0.14102041	12.35531678	-0.13982427
0.30937118	12.38378044	-0.22301384	0.30924009	12.38370633	-0.22318812
0.38316792	12.29392512	-0.19520318	0.38310967	12.29396210	-0.19520866
0.46920564	12.23729714	-0.23880689	0.46917219	12.23732647	-0.23879542
0.71410763	12.09179011	-0.37177884	0.71409416	12.09179867	-0.37176890
0.29578287	12.51447460	-0.36914583	0.29575214	12.51429241	-0.36946566
0.58437986	12.77787392	-0.54127558	0.58422001	12.77799812	-0.54131025
0.30537547	12.98902683	-0.53082474	0.30500245	12.98884723	-0.53137546
0.03312089	12.99433266	-0.26475051	0.03178801	12.99354012	-0.26648007
0.10152901	13.07703506	-0.30957352	0.10012607	13.07642575	-0.31103767
0.31925370	12.86868372	-0.29479435	0.31845755	12.86863760	-0.29527734
0.03083669	12.96662798	-0.42302861	0.03022384	12.96569319	-0.42464352
0.12403858	13.04476803	-0.41875366	0.12319404	13.04415498	-0.42000503
0.36750932	12.82342369	-0.69389446	0.36758185	12.82337730	-0.69425322
0.15732065	13.02886958	-0.18068504	0.15562041	13.02851631	-0.18188852
0.22132080	12.81469641	-0.79449223	0.22155536	12.81447566	-0.79513436
0.33053088	12.75809484	-0.53155805	0.33045166	12.75790238	-0.53198939
0.32958478	12.88675732	-0.84194598	0.32973042	12.88673864	-0.84235585
0.39438270	12.43619164	-0.24545918	0.39420099	12.43621001	-0.24556573
0.24576451	13.04650313	-0.44733396	0.24504029	13.04622601	-0.44807942
0.47718900	12.68484529	-0.66771869	0.47726613	12.68484548	-0.66788734
0.69878116	12.74944931	-0.77240640	0.69880647	12.74959333	-0.77238001
0.32722928	12.94009131	-0.20060503	0.32600513	12.94010142	-0.20114146
-0.42737273	12.90772453	-0.24963593	-0.42840492	12.90485793	-0.25405736
0.15323544	13.08126001	-0.25010629	0.15163694	13.08085232	-0.25134736
0.32473241	12.94628385	-0.68836950	0.32467596	12.94619281	-0.68883929
-0.51402432	12.90675849	-0.29056077	-0.51470260	12.90324630	-0.29559078
0.22888868	13.03137222	-0.32921917	0.22778640	13.03111206	-0.33006357
0.29029624	12.45965091	-0.20122971	0.29003016	12.45957648	-0.20148286
0.11966586	13.09823433	-0.37153882	0.11846126	13.09763737	-0.37290248
0.21122832	13.07691168	-0.48971234	0.21057148	13.07655442	-0.49055981
0.25500619	12.61266341	-0.24537162	0.25458469	12.61247301	-0.24584925
0.16905359	12.93687765	-0.50964582	0.16879713	12.93635005	-0.51059167
0.27861434	12.89094179	-0.83202061	0.27876484	12.89088271	-0.83252936
0.28532431	12.84023602	-0.83521131	0.28549679	12.84017626	-0.83568564
0.23234567	13.02159739	-0.54534286	0.23196946	13.02127223	-0.54609584
0.37628890	12.79965084	-0.19825773	0.37541820	12.79973006	-0.19861285
0.49857059	12.59228328	-0.43290461	0.49847651	12.59235650	-0.43296537
0.30616671	12.76075531	-0.88775575	0.30630269	12.76071430	-0.88812585
0.16260753	12.96413817	-0.64488135	0.16255751	12.96368680	-0.64582461
0.39132908	12.37600798	-0.22233755	0.39118379	12.37603583	-0.22240884
0.35847636	12.48389404	-0.31257106	0.35835416	12.48383335	-0.31275954
0.19505845	12.86846336	-0.18769031	0.19390681	12.86819073	-0.18858999
0.39003031	12.73018195	-0.90995899	0.39011886	12.73017682	-0.91015302
0.29794956	12.79294182	-0.84923247	0.29812814	12.79288797	-0.84965588
0.14559293	13.11352543	-0.28248966	0.14400963	13.11305989	-0.28376515
0.41511370	12.60695264	-0.24752098	0.41467012	12.60702698	-0.24770377
0.21653002	12.85970189	-0.77125891	0.21671703	12.85946085	-0.77193579
0.42856575	12.71315178	-0.82714414	0.42869696	12.71314943	-0.82735416
0.82775336	12.74513299	-0.86767778	0.82778401	12.74528931	-0.86759305
0.56667182	12.79136118	-0.92722548	0.56677589	12.79140675	-0.92734164
0.34129327	12.68633281	-0.19930779	0.34062111	12.68634125	-0.19966048
0.25124728	12.76310976	-0.18206643	0.25034798	12.76298392	-0.18269613
