0.83371220	12.74689729	-0.41573800	0.83245127	12.74759543	-0.41534579
0.80041348	12.88445425	-0.44490873	0.79882536	12.88509454	-0.44453522
0.87998625	12.84510682	-0.54157259	0.87866006	12.84590647	-0.54109392
0.91619978	12.71258356	-0.52650139	0.91518682	12.71344033	-0.52600000
0.75566494	12.97398485	-0.50597070	0.75392440	12.97452532	-0.50564230
0.83928532	12.93015043	-0.58514720	0.83780570	12.93087125	-0.58470765
0.89140466	12.88861296	-0.64456320	0.89012854	12.88944248	-0.64406642
0.93199819	12.81972240	-0.63823061	0.93088346	12.82063036	-0.63769571
0.96986942	12.69129427	-0.63876476	0.96904296	12.69225662	-0.63820590
0.71244294	12.77135818	-1.16180648	0.71210697	12.77173233	-1.16160268
0.83534387	12.72423944	-1.13810869	0.83504593	12.72487009	-1.13776446
0.80007584	12.83023249	-1.06973176	0.79950462	12.83081782	-1.06940932
0.67728992	12.87328003	-1.08854445	0.67668494	12.87363125	-1.08837030
0.93626518	12.69358453	-1.07365961	0.93594725	12.69444359	-1.07319093
0.89932556	12.80390212	-1.01533337	0.89872576	12.80469531	-1.01488605
0.85702561	12.87151310	-0.96528770	0.85623424	12.87223486	-0.96487276
0.77753343	12.91046821	-0.98196385	0.77669774	12.91104726	-0.98164189
0.65447136	12.95319034	-0.98939062	0.65357004	12.95353375	-0.98921154
0.57157570	12.83739237	-0.20871814	0.56971759	12.83752203	-0.20868215
0.54842231	12.97344863	-0.25743858	0.54621386	12.97350363	-0.25744408
0.68628669	12.92994657	-0.34712958	0.68438928	12.93034217	-0.34691856
0.71252314	12.79113386	-0.30605607	0.71097260	12.79158512	-0.30582315
0.51562665	13.05825560	-0.34280636	0.51328764	13.05820779	-0.34285667
0.64777150	13.01886622	-0.42373635	0.64572936	13.01915671	-0.42356989
0.45845386	12.88004852	-1.06557891	0.45783746	12.87996226	-1.06567497
0.58732107	12.82916329	-1.13638522	0.58687514	12.82931421	-1.13633718
0.55261354	12.92104161	-1.06424043	0.55189160	12.92115451	-1.06420654
0.42526537	12.96136274	-0.99136255	0.42432896	12.96119037	-0.99148165
0.52759572	12.99497211	-0.96276267	0.52654005	12.99503125	-0.96273395
0.39926236	13.02937104	-0.88916924	0.39797014	13.02909509	-0.88931519
-0.04602645	12.96949435	-0.07751188	-0.04864190	12.96772616	-0.07848632
-0.17427233	12.97606128	-0.10101575	-0.17689087	12.97382593	-0.10221055
-0.17894560	13.04896584	-0.14825010	-0.18175535	13.04669048	-0.14947910
-0.05492990	13.05620503	-0.12230996	-0.05778281	13.05438373	-0.12332965
-0.29236531	12.97298271	-0.13842822	-0.29492514	12.97029120	-0.13982750
-0.29508165	13.03396243	-0.18738359	-0.29778709	13.03123725	-0.18881309
-0.29710718	13.07458921	-0.25327140	-0.29985774	13.07182406	-0.25472119
-0.18201346	13.09520208	-0.21488421	-0.18488226	13.09288776	-0.21613278
-0.06123974	13.10945631	-0.18878876	-0.06417477	13.10758554	-0.18983335
0.00506914	12.95173870	-0.60196310	0.00336102	12.95001895	-0.60283612
-0.01318641	13.01360981	-0.57712528	-0.01516225	13.01182087	-0.57803827
-0.09357909	13.01316423	-0.56711383	-0.09557146	13.01107626	-0.56816941
-0.07700157	12.95730732	-0.58210946	-0.07876046	12.95528311	-0.58312088
-0.03515487	13.06777663	-0.53026144	-0.03740248	13.06591534	-0.53122172
-0.11722946	13.05905256	-0.53203131	-0.11945037	13.05688237	-0.53314166
-0.20990529	13.04858316	-0.54903350	-0.21207056	13.04603815	-0.55030482
-0.18548489	13.00800184	-0.58437519	-0.18743527	13.00554461	-0.58558802
-0.16876723	12.95711381	-0.60117228	-0.17049307	12.95472136	-0.60233989
0.98767196	12.30146684	-0.66467877	0.98769408	12.30238564	-0.66413632
0.97254524	12.08156959	-0.68166496	0.97299521	12.08241915	-0.68120492
0.91582098	12.10501034	-0.54761937	0.91596357	12.10560134	-0.54725882
0.92638079	12.31376401	-0.53092433	0.92621030	12.31449373	-0.53048434
0.83503732	12.15121024	-0.42821720	0.83497891	12.15152861	-0.42799524
0.83896355	12.33642275	-0.40706659	0.83865102	12.33696046	-0.40673611
0.98460937	12.39302944	-1.13472885	0.98499317	12.39401699	-1.13421199
0.88865905	12.45050683	-1.20531270	0.88896603	12.45126317	-1.20491120
0.88941774	12.29106992	-1.23003005	0.89013962	12.29183817	-1.22961854
0.98316989	12.20169027	-1.15014103	0.98401777	12.20268468	-1.14962823
0.75863673	12.52194408	-1.23623311	0.75873105	12.52232998	-1.23598905
0.75967409	12.40196771	-1.26742819	0.76014342	12.40237761	-1.26716306
0.88053156	12.18608996	-1.23797158	0.88152002	12.18684612	-1.23757411
0.96810619	12.06661186	-1.14858427	0.96926019	12.06757912	-1.14811435
0.98773807	12.51124284	-0.64988446	0.98731935	12.51221046	-0.64932339
0.92878997	12.52556138	-0.52436568	0.92820125	12.52639553	-0.52387134
0.84210345	12.55201103	-0.40388658	0.84133338	12.55268515	-0.40350038
0.86747796	12.59603405	-1.17899741	0.86743591	12.59670719	-1.17863036
0.96713705	12.55684243	-1.11140077	0.96713821	12.55777613	-1.11090198
0.74136167	12.64953915	-1.20572735	0.74125404	12.64990700	-1.20548864
0.59206007	12.42305224	-0.22468227	0.59148090	12.42323068	-0.22459554
0.58355621	12.63811373	-0.20293760	0.58229368	12.63827771	-0.20288129
0.72028070	12.59169459	-0.29478993	0.71929090	12.59213373	-0.29455544
0.72112012	12.37601650	-0.30598001	0.72067656	12.37636430	-0.30578494
0.46691545	12.70385690	-1.15140016	0.46678864	12.70380290	-1.15142953
0.61152633	12.61574427	-1.21876406	0.61149096	12.61580919	-1.21870180
0.60636187	12.72097691	-1.18543489	0.60618785	12.72111838	-1.18537202
0.46871800	12.78778697	-1.11853596	0.46837016	12.78773455	-1.11860776
0.58608450	12.17532273	-0.30165695	0.58605547	12.17535297	-0.30164409
0.59405849	12.28300884	-0.26152808	0.59384120	12.28315160	-0.26145149
0.72113320	12.21956448	-0.33598778	0.72098644	12.21979532	-0.33585814
0.60290620	12.48691276	-1.25189259	0.60307871	12.48692172	-1.25189593
0.60781058	12.53471555	-1.24350079	0.60788878	12.53475539	-1.24349324
0.46214713	12.64805991	-1.16664871	0.46211025	12.64799716	-1.16665804
-0.02680708	12.69218570	-0.07436623	-0.02845978	12.69050057	-0.07521078
-0.17786048	12.75473349	-0.08378002	-0.17971213	12.75250485	-0.08489028
-0.17269785	12.87794586	-0.08203258	-0.17499537	12.87572957	-0.08318687
-0.03348346	12.84652293	-0.06472609	-0.03568470	12.84480888	-0.06563499
-0.31526144	12.80058849	-0.11003839	-0.31723404	12.79783202	-0.11139837
-0.30022639	12.89636376	-0.11435374	-0.30254408	12.89365738	-0.11573341
0.00797932	12.82278936	-0.63005710	0.00678640	12.82110924	-0.63090746
0.01074771	12.88804460	-0.61776358	0.00930534	12.88635788	-0.61861246
-0.07131454	12.89567735	-0.59088989	-0.07282887	12.89367913	-0.59187660
-0.07680404	12.83073925	-0.59452768	-0.07807218	12.82872192	-0.59551185
-0.16330045	12.89990975	-0.60885685	-0.16479477	12.89753704	-0.60999811
-0.17066685	12.83889052	-0.60729838	-0.17192698	12.83648919	-0.60843221
-0.04354338	12.39521527	-0.12729196	-0.04411432	12.39345275	-0.12805716
-0.19298787	12.60679045	-0.10103921	-0.19428823	12.60450035	-0.10211456
-0.03434712	12.52099867	-0.09741724	-0.03538472	12.51927935	-0.09821251
-0.34381859	12.59374533	-0.14126759	-0.34497292	12.59086485	-0.14258319
-0.33362629	12.68199195	-0.12144492	-0.33513940	12.67916201	-0.12278009
0.00141347	12.75641547	-0.64175042	0.00047643	12.75472199	-0.64261845
-0.09346312	12.76392924	-0.59141071	-0.09448241	12.76184641	-0.59241588
-0.11057460	12.73650815	-0.57136822	-0.11151223	12.73435525	-0.57239790
-0.19255654	12.77581674	-0.59500003	-0.19358475	12.77332828	-0.59614874
-0.41375460	12.96538754	-0.18867870	-0.41621426	12.96220259	-0.19028458
-0.40728706	13.01555747	-0.23473371	-0.40986007	13.01237106	-0.23635281
-0.52249421	12.95449511	-0.24600643	-0.52482872	12.95085004	-0.24780385
-0.50387175	12.99569303	-0.28716424	-0.50629324	12.99209728	-0.28894817
-0.48254226	13.02935541	-0.33752395	-0.48500631	13.02581700	-0.33928614
-0.39816644	13.05254275	-0.29412145	-0.40077968	13.04936179	-0.29573887
-0.28933393	13.00206008	-0.60469410	-0.29123360	12.99916847	-0.60609485
-0.27314824	12.95714654	-0.62915403	-0.27482947	12.95430985	-0.63050664
-0.31122513	13.03811963	-0.56472821	-0.31333399	13.03515606	-0.56618294
-0.40536162	13.02642601	-0.57393524	-0.40741467	13.02306234	-0.57555858
-0.38900082	12.99538376	-0.61842543	-0.39085648	12.99206153	-0.62000411
-0.37781534	12.95716047	-0.65188578	-0.37946021	12.95386328	-0.65342290
-0.27265701	12.90849554	-0.64459413	-0.27411828	12.90565330	-0.64592423
-0.38377608	12.91790286	-0.67642499	-0.38521862	12.91456303	-0.67794915
-0.39721654	12.88011270	-0.69040049	-0.39847942	12.87670136	-0.69192044
-0.28366223	12.85863303	-0.64885033	-0.28491474	12.85573935	-0.65017402
-0.56335865	12.84759011	-0.20504000	-0.56534537	12.84380239	-0.20685195
-0.57906995	12.72497084	-0.21014362	-0.58056627	12.72111212	-0.21191592
-0.65600544	12.75905633	-0.26830842	-0.65752941	12.75484779	-0.27023296
-0.64117699	12.85563505	-0.26785284	-0.64308637	12.85148873	-0.26980711
-0.58336526	12.62002084	-0.22708975	-0.58441344	12.61612766	-0.22881430
-0.66041971	12.67617971	-0.27999212	-0.66159179	12.67194329	-0.28187267
-0.71075186	12.74418002	-0.35058195	-0.71206652	12.73968911	-0.35259210
-0.70625778	12.79669750	-0.34497692	-0.70779396	12.79223058	-0.34700906
-0.69233984	12.86029301	-0.34679488	-0.69412881	12.85588307	-0.34884273
-0.47380337	12.61375259	-0.17830797	-0.47493098	12.61033652	-0.17984762
-0.46624291	12.71036676	-0.15962196	-0.46778123	12.70699360	-0.16119475
-0.44846622	12.83045987	-0.15169363	-0.45048011	12.82715980	-0.15329495
-0.49353083	12.89270585	-0.70213197	-0.49482555	12.88887555	-0.70383011
-0.49951264	12.86542394	-0.71256916	-0.50067595	12.86156059	-0.71425922
-0.40827182	12.84647495	-0.69212958	-0.40939170	12.84301240	-0.69364387
-0.58044628	12.89542044	-0.68283240	-0.58178313	12.89122456	-0.68468050
-0.58427344	12.86848299	-0.69744362	-0.58547144	12.86425816	-0.69927758
-0.41860950	12.82941448	-0.68172169	-0.41967532	12.82591369	-0.68324197
-0.30177757	12.80993229	-0.64083170	-0.30284373	12.80696433	-0.64216094
0.88559021	12.89585278	-0.89601852	0.88464745	12.89664273	-0.89555345
0.78328943	12.96021331	-0.88357638	0.78219425	12.96080831	-0.88321876
0.89977150	12.91093034	-0.80703306	0.89866254	12.91176064	-0.80654323
0.80185367	12.98087180	-0.77863131	0.80055409	12.98151222	-0.77823366
0.68787632	13.03310487	-0.73956025	0.68634569	13.03348891	-0.73930678
0.66224988	13.00817995	-0.86887279	0.66101511	13.00852706	-0.86865162
0.89935304	12.90738433	-0.71500921	0.89813624	12.90822604	-0.71450646
0.81682585	12.97281160	-0.67197190	0.81537205	12.97348511	-0.67155687
0.71874812	13.02243293	-0.61189521	0.71705167	13.02288242	-0.61160492
0.99480142	12.68503278	-0.97778211	0.99439727	12.68603713	-0.97722576
0.95284040	12.80566334	-0.93324859	0.95213788	12.80658500	-0.93272479
1.01607832	12.68635996	-0.86594767	1.01554690	12.68741299	-0.86535229
0.97061315	12.81585906	-0.83602479	0.96976387	12.81682826	-0.83546418
1.00547616	12.68532608	-0.75268326	1.00480560	12.68635945	-0.75208951
0.96288179	12.81546454	-0.73669722	0.96190200	12.81642559	-0.73613742
0.53891304	13.04958223	-0.82609890	0.53747585	13.04963743	-0.82603854
0.57119123	13.07623555	-0.67697433	0.56942435	13.07633565	-0.67687429
0.44270205	13.11002070	-0.59772249	0.44063443	13.10975749	-0.59783876
0.41047704	13.08210768	-0.74948947	0.40877298	13.08179003	-0.74962556
0.60831587	13.06665061	-0.53869736	0.60632842	13.06683148	-0.53856764
0.47900960	13.10289366	-0.45942757	0.47672301	13.10272972	-0.45951679
-0.41504201	13.04408485	-0.51628426	-0.41725948	13.04071675	-0.51793310
-0.49765210	13.02307529	-0.52927589	-0.49977079	13.01934868	-0.53106637
-0.47698127	13.01198614	-0.57140112	-0.47898525	13.00831860	-0.57314636
-0.42787631	13.05026445	-0.45341094	-0.43022484	13.04688116	-0.45508578
-0.52026417	13.02459978	-0.48493522	-0.52246499	13.02080839	-0.48676893
-0.60339077	12.99549805	-0.51438537	-0.60543076	12.99133654	-0.51635455
-0.56557451	12.99841107	-0.54670858	-0.56756964	12.99438479	-0.54861000
-0.52761194	12.99773720	-0.57266452	-0.52956004	12.99385468	-0.57449626
-0.45383520	13.04649692	-0.39338432	-0.45626875	13.04304267	-0.39510334
-0.53440649	13.02033410	-0.43365051	-0.53667806	13.01651844	-0.43550755
-0.54930025	13.00570334	-0.38273595	-0.55159951	13.00185856	-0.38461183
-0.59390861	12.98709284	-0.41518452	-0.59608408	12.98304377	-0.41713262
-0.60555098	12.99155538	-0.46388801	-0.60766004	12.98742265	-0.46585938
-0.05263919	13.10721587	-0.44876601	-0.05514624	13.10530578	-0.44977390
-0.14343602	13.09114994	-0.46198739	-0.14588577	13.08889861	-0.46315518
-0.06386372	13.12934617	-0.35364762	-0.06660264	13.12741286	-0.35468845
-0.16585145	13.10896085	-0.37581571	-0.16850446	13.10665210	-0.37703232
-0.26566412	13.08795033	-0.40763181	-0.26820952	13.08523992	-0.40902515
-0.23836929	13.07464953	-0.48568895	-0.24073626	13.07201340	-0.48702345
-0.06547356	13.13198067	-0.26644630	-0.06836287	13.13006723	-0.26749892
-0.17820139	13.11274081	-0.29210259	-0.18100691	13.11041258	-0.29334669
-0.28636853	13.09026039	-0.32823402	-0.28905225	13.08750211	-0.32966861
1.00664585	11.98874093	-1.05187670	1.00784291	11.98978117	-1.05138783
1.02500563	12.13425554	-1.04939903	1.02588166	12.13533627	-1.04884590
1.00833450	11.94380115	-0.94675436	1.00947323	11.94482063	-0.94628944
1.03018357	12.09110532	-0.93514362	1.03100210	12.09217653	-0.93459516
1.04283528	12.30932818	-0.91914495	1.04316750	12.31043092	-0.91854906
1.03225220	12.34362683	-1.03532625	1.03264156	12.34471667	-1.03474852
0.98775731	11.92645325	-0.82855773	0.98875776	11.92739565	-0.82814820
1.01170120	12.07510239	-0.81213369	1.01238445	12.07610022	-0.81162029
1.02732954	12.29769565	-0.79489198	1.02753342	12.29873849	-0.79430632
1.02199543	12.52919124	-1.01113479	1.02195527	12.53025348	-1.01056088
1.03937492	12.51226549	-0.89552712	1.03924176	12.51336043	-0.89492085
1.02630654	12.50656659	-0.77433128	1.02604386	12.50762713	-0.77372936
-0.66676754	12.88807821	-0.63098077	-0.66815656	12.88353071	-0.63298122
-0.67255579	12.85805410	-0.64277903	-0.67379499	12.85346602	-0.64476274
-0.72487056	12.87648750	-0.55140936	-0.72635468	12.87177633	-0.55351846
-0.73416969	12.83996940	-0.55725665	-0.73549067	12.83521186	-0.55934961
-0.67365398	12.83460812	-0.64403986	-0.67479024	12.83001304	-0.64600517
-0.72695488	12.86721386	-0.44908408	-0.72858846	12.86258979	-0.45119214
-0.73897109	12.82169019	-0.44980986	-0.74042191	12.81701760	-0.45190898
-0.74076663	12.78589666	-0.45132029	-0.74207095	12.78121455	-0.45339849
-0.32883086	13.06009568	-0.50276477	-0.33112756	13.05708985	-0.50425989
-0.34814947	13.06992566	-0.43064374	-0.35059850	13.06687480	-0.43217614
-0.37479704	13.06900607	-0.36030778	-0.37736345	13.06588527	-0.36189064
-0.62270753	12.90861329	-0.28079462	-0.62480499	12.90453458	-0.28274828
-0.54309485	12.91454715	-0.21782609	-0.54532312	12.91083485	-0.21963903
-0.67594895	12.90097173	-0.35619048	-0.67788407	12.89662343	-0.35823314
-0.65363020	12.93118808	-0.37311801	-0.65565560	12.92692068	-0.37513796
-0.60056390	12.94122044	-0.30521334	-0.60274683	12.93721654	-0.30714624
-0.42901432	12.90958134	-0.16133057	-0.43131125	12.90635189	-0.16293760
-0.48161559	12.92421790	-0.68389348	-0.48307223	12.92045255	-0.68559308
-0.47098509	12.95708735	-0.65587140	-0.47262417	12.95338701	-0.65757186
-0.55519911	12.95370920	-0.63930908	-0.55685268	12.94965770	-0.64115766
-0.57000205	12.92466948	-0.66516833	-0.57149146	12.92053363	-0.66702107
-0.68539443	12.93493146	-0.53988880	-0.68714187	12.93039904	-0.54197059
-0.70882118	12.90670558	-0.54615619	-0.71043988	12.90206716	-0.54825973
-0.65396278	12.91680042	-0.61828802	-0.65549703	12.91232533	-0.62028977
-0.63406542	12.94467497	-0.60054596	-0.63574744	12.94030476	-0.60253345
-0.65433466	12.96510883	-0.53100253	-0.65622088	12.96071567	-0.53304727
-0.60784232	12.97201433	-0.57358404	-0.60968316	12.96778160	-0.57554409
-0.53816928	12.98022484	-0.60009608	-0.53999908	12.97627644	-0.60193403
-0.71053084	12.90092424	-0.45178107	-0.71229680	12.89636548	-0.45388498
-0.68700770	12.92972088	-0.45776116	-0.68888030	12.92525397	-0.45984433
-0.62223146	12.96312237	-0.39751924	-0.62434214	12.95896842	-0.39950293
-0.65421226	12.96078217	-0.46685845	-0.65619351	12.95644269	-0.46890105
-0.57375713	12.97648402	-0.33955028	-0.57601658	12.97256835	-0.34145409
-0.46876683	12.98818737	-0.61598978	-0.47060031	12.98452537	-0.61770611
0.14465572	13.10761025	-0.19528467	0.14178354	13.10645134	-0.19597546
0.11464534	13.14415619	-0.28147239	0.11177972	13.14287322	-0.28221660
0.14290543	13.13303013	-0.29571580	0.14011009	13.13184191	-0.29640876
0.17717761	13.09546134	-0.20625536	0.17437547	13.09441104	-0.20688592
0.09514387	13.14941324	-0.37702317	0.09241319	13.14803961	-0.37779643
0.12174005	13.13895271	-0.39361971	0.11908093	13.13767043	-0.39434455
0.14791341	13.12422110	-0.30557921	0.14516822	13.12304841	-0.30626149
0.18194535	13.08717922	-0.21250864	0.17918478	13.08614346	-0.21312749
0.15422283	13.13216965	-0.30661321	0.15145592	13.13101708	-0.30728692
0.18698675	13.09394113	-0.20735476	0.18419784	13.09292253	-0.20796762
0.13594620	13.13741661	-0.41061219	0.13332653	13.13617889	-0.41131132
0.17973464	13.14476465	-0.43605898	0.17714226	13.14366802	-0.43668535
0.20046821	13.13919220	-0.32388356	0.19772383	13.13818537	-0.32447566
0.23278154	13.09904720	-0.21744875	0.23000439	13.09817284	-0.21798564
0.22586734	12.92530016	-0.07208721	0.22344024	12.92445148	-0.07259711
0.18495317	13.03977374	-0.11936081	0.18220122	13.03877207	-0.11997035
0.22172259	13.02836929	-0.13003094	0.21903509	13.02748465	-0.13057497
0.26602072	12.91347494	-0.08450746	0.26365930	12.91275490	-0.08494984
0.23199923	13.02678571	-0.13033168	0.22932182	13.02593397	-0.13085781
0.27730870	12.91198173	-0.08770384	0.27495932	12.91129577	-0.08812841
0.27725172	13.02705468	-0.13693769	0.27459398	13.02635063	-0.13738874
0.32141215	12.90583909	-0.09285276	0.31909952	12.90528894	-0.09320667
0.35456749	12.71800228	-0.09510484	0.35287385	12.71756528	-0.09536553
0.31395018	12.73019976	-0.09147190	0.31220517	12.72964200	-0.09179610
0.38060160	12.52347106	-0.12424983	0.37958114	12.52313554	-0.12442134
0.34203246	12.54610126	-0.12034410	0.34092825	12.54564584	-0.12057583
0.30245059	12.73199576	-0.08694702	0.30069239	12.73140337	-0.08728872
0.32967313	12.54847040	-0.11563658	0.32855265	12.54797780	-0.11588518
0.28324995	12.56052170	-0.09834849	0.28206420	12.55988297	-0.09866789
0.25957013	12.74781139	-0.07170071	0.25773346	12.74708260	-0.07211112
0.25800076	12.77433971	-0.92506827	0.25747971	12.77373781	-0.92543941
0.24440893	12.84340598	-0.90068096	0.24363481	12.84272568	-0.90108221
0.22357174	12.84766044	-0.84217580	0.22268702	12.84687074	-0.84262386
0.23753849	12.78779213	-0.86539763	0.23687509	12.78706782	-0.86581998
0.22486089	12.91394540	-0.85102411	0.22379510	12.91316179	-0.85146713
0.20351779	12.91079162	-0.79605489	0.20234967	12.90989903	-0.79654814
0.20964351	12.90644937	-0.77807426	0.20845108	12.90556140	-0.77855854
0.23766151	12.79341544	-0.84464556	0.23694803	12.79267696	-0.84507089
0.20668379	12.84676935	-0.82810035	0.20577014	12.84589693	-0.82858446
0.21483138	12.79021246	-0.85088023	0.21413989	12.78938988	-0.85135568
0.19198499	12.90940434	-0.78642571	0.19079343	12.90845153	-0.78693997
0.15027610	12.91919643	-0.77278204	0.14902101	12.91807917	-0.77337592
0.16222094	12.85292216	-0.81074653	0.16125318	12.85187912	-0.81131827
0.16773796	12.78984192	-0.83161371	0.16701387	12.78883355	-0.83218322
0.26668215	12.70440785	-0.94941450	0.26642250	12.70381927	-0.94973066
0.24858458	12.72746292	-0.88925963	0.24815712	12.72679930	-0.88965906
0.24911829	12.74280628	-0.86697478	0.24860735	12.74212387	-0.86738312
0.26882224	12.70757602	-0.87955867	0.26844731	12.70698004	-0.87991994
0.22709212	12.73343387	-0.87742043	0.22663680	12.73267145	-0.87787991
0.17837195	12.72305566	-0.86113530	0.17792884	12.72210373	-0.86170463
0.27794887	12.32049872	-0.16484215	0.27765872	12.31986150	-0.16507596
0.29077116	12.41785341	-0.13146328	0.29008397	12.41726818	-0.13171300
0.33889919	12.41822849	-0.14701599	0.33823989	12.41781524	-0.14719321
0.32779478	12.34828439	-0.17924445	0.32742026	12.34785120	-0.17940003
0.34250007	12.43090504	-0.15434058	0.34181106	12.43049790	-0.15451935
0.35302495	12.41182187	-0.15183134	0.35239837	12.41145875	-0.15198760
0.34264833	12.34378083	-0.18508044	0.34228914	12.34343819	-0.18517646
0.39175809	12.38027867	-0.15950450	0.39125176	12.38006307	-0.15959427
0.08634588	13.12256444	-0.48245960	0.08387350	13.12113886	-0.48323428
0.11669567	13.11019647	-0.49615835	0.11429089	13.10887528	-0.49688116
0.09073374	13.06798485	-0.59073175	0.08856203	13.06654364	-0.59148933
0.12564686	13.05299795	-0.60183962	0.12352015	13.05165833	-0.60255894
0.12900142	13.09913056	-0.50270575	0.12664361	13.09784950	-0.50340650
0.13444286	13.10570739	-0.50280068	0.13206476	13.10444362	-0.50349331
0.14470841	13.04677921	-0.59771444	0.14259969	13.04549817	-0.59839994
0.17315841	13.05466077	-0.63537076	0.17115111	13.05351637	-0.63597461
0.16864906	13.11148053	-0.53544211	0.16629174	13.11030118	-0.53608582
0.19782051	12.98761862	-0.75120581	0.19633420	12.98666908	-0.75171186
0.17451859	12.98105754	-0.70419730	0.17293157	12.97999463	-0.70476670
0.15958679	12.98338585	-0.70418088	0.15797651	12.98226660	-0.70478019
0.11972379	12.99587053	-0.69415842	0.11803113	12.99459115	-0.69484071
0.35978392	13.08602393	-0.26849812	0.35717694	13.08553959	-0.26881191
0.39723885	13.00756605	-0.18340237	0.39476010	13.00721582	-0.18365154
0.43040793	12.87829296	-0.13572873	0.42827581	12.87805667	-0.13590889
0.29458842	12.98263668	-0.86691339	0.29336398	12.98207524	-0.86722163
0.32370092	12.90661235	-0.95535371	0.32283276	12.90619881	-0.95562059
0.27051287	13.05022045	-0.75589255	0.26886975	13.04951855	-0.75625294
0.10485592	12.94816612	-0.06889003	0.10232509	12.94691791	-0.06960546
0.07952543	13.05104774	-0.11480677	0.07670515	13.04969402	-0.11559478
0.05639378	13.11303563	-0.18578340	0.05346725	13.11157751	-0.18662624
0.05876671	13.00653575	-0.63569004	0.05689001	13.00500601	-0.63648197
0.03545910	13.07175360	-0.55824327	0.03323741	13.07013302	-0.55908266
0.08456547	12.93585773	-0.68873625	0.08309496	12.93445666	-0.68946112
0.45295148	12.68393490	-0.13419541	0.45143662	12.68378043	-0.13430722
0.47140781	12.47535895	-0.16167646	0.47059521	12.47528203	-0.16173391
0.33742372	12.82693087	-1.00762692	0.33687401	12.82660244	-1.00785629
0.34170351	12.75174152	-1.03604076	0.34138202	12.75140820	-1.03622307
0.47892081	12.33839349	-0.19904056	0.47859976	12.33838704	-0.19903404
0.34369907	12.69185509	-1.05400777	0.34359349	12.69153255	-1.05414058
0.14649417	12.45930333	-0.11055709	0.14565443	12.45821042	-0.11104977
0.14573695	12.61561768	-0.08209738	0.14434537	12.61452211	-0.08264292
0.09782701	12.73626843	-0.75757688	0.09714641	12.73496666	-0.75829306
0.09415694	12.80459406	-0.73404867	0.09320661	12.80326413	-0.73475861
0.12926681	12.79448976	-0.06281807	0.12725007	12.79333423	-0.06344476
0.09259625	12.86981285	-0.71630930	0.09139634	12.86846099	-0.71701628
0.29624268	13.13420902	-0.50816298	0.29385044	13.13349528	-0.50855373
0.27355906	13.10397278	-0.63443286	0.27147796	13.10320561	-0.63481763
0.32571852	13.12810232	-0.38158220	0.32315078	13.12748752	-0.38194768
0.02817553	13.14464351	-0.35884649	0.02541631	13.14303601	-0.35973259
0.02686007	13.11963019	-0.46089456	0.02434785	13.11800106	-0.46176914
0.03864223	13.14316821	-0.26717535	0.03573904	13.14162436	-0.26805193
0.88788854	11.97406682	-0.58235078	0.88831203	11.97462225	-0.58219030
0.81676000	12.01719950	-0.47386000	0.81676000	12.01719950	-0.47386000
0.93245046	11.94931539	-0.70939185	0.93319571	11.95009573	-0.70909852
0.91837924	12.01559422	-0.71400266	0.91901035	12.01635822	-0.71369128
0.87935840	12.06050795	-0.62826494	0.87973218	12.06112944	-0.62800929
0.80753347	12.11965819	-0.52573829	0.80765182	12.12002343	-0.52552525
0.96876644	11.94339506	-0.83241898	0.96973949	11.94430423	-0.83203420
0.98978817	11.96021010	-0.94298964	0.99088815	11.96119216	-0.94254533
0.95431964	12.07728522	-0.92651618	0.95515532	12.07819542	-0.92607600
0.93857852	12.04640814	-0.80965548	0.93931150	12.04726327	-0.80927787
0.98956428	12.00255965	-1.03584670	0.99070968	12.00356027	-1.03537688
0.95417320	12.07621993	-1.12304170	0.95527376	12.07715281	-1.12258607
0.92889867	12.13818491	-1.10095401	0.92983078	12.13905516	-1.10051421
0.95234374	12.11211744	-1.02415877	0.95323458	12.11303400	-1.02370117
0.87146318	12.19163247	-1.21519888	0.87241233	12.19236464	-1.21480983
0.75102040	12.33809001	-1.26755481	0.75166941	12.33848233	-1.26728174
0.75302786	12.36674930	-1.19587354	0.75352532	12.36716469	-1.19560598
0.86730625	12.23750516	-1.15257423	0.86807389	12.23822759	-1.15218516
0.60332330	12.48301468	-1.23779211	0.60349176	12.48302341	-1.23779710
0.47114849	12.61272075	-1.15289947	0.47115442	12.61266441	-1.15290955
0.49420000	12.61570000	-1.07906000	0.49420000	12.61570000	-1.07906000
0.61447000	12.50220000	-1.16283000	0.61447000	12.50220000	-1.16283000
0.38296969	12.64460691	-1.05065160	0.38297495	12.64443382	-1.05070728
0.33139615	12.64221596	-0.95918812	0.33136803	12.64185992	-0.95933337
0.37140000	12.64100070	-0.89641000	0.37140000	12.64100070	-0.89641000
0.41679000	12.64250090	-0.98287004	0.41679000	12.64250090	-0.98287004
0.31023532	12.67285510	-0.90123767	0.31000714	12.67241947	-0.90148427
0.30410452	12.69998644	-0.87425321	0.30373758	12.69952458	-0.87453525
0.33144926	12.68862785	-0.81623215	0.33101163	12.68821416	-0.81646459
0.34217596	12.66512661	-0.84322588	0.34184069	12.66482175	-0.84341218
0.29589550	12.68683611	-0.87858119	0.29559269	12.68634704	-0.87889393
0.25248203	12.67380669	-0.85056705	0.25216864	12.67311338	-0.85099589
0.29081602	12.67256641	-0.77996063	0.29035717	12.67197268	-0.78030967
0.33085994	12.67717463	-0.81506043	0.33046572	12.67675759	-0.81530543
0.14120032	12.70287123	-0.72459036	0.14056901	12.70171363	-0.72523060
0.00310484	12.75051576	-0.58573504	0.00210203	12.74881142	-0.58659299
0.00424089	12.78888872	-0.50878368	0.00297263	12.78719592	-0.50962609
0.16255747	12.71905566	-0.64855660	0.16173360	12.71794464	-0.64914380
-0.11693356	12.78926770	-0.52411031	-0.11814758	12.78710401	-0.52514649
-0.22595934	12.81725720	-0.52922250	-0.22725732	12.81466004	-0.53043436
-0.23255850	12.88611368	-0.46944416	-0.23422857	12.88351687	-0.47069548
-0.12223266	12.84926705	-0.45436755	-0.12379245	12.84710573	-0.45542157
-0.33160968	12.83373431	-0.59007572	-0.33285652	12.83066998	-0.59146535
-0.43018639	12.84129681	-0.65867659	-0.43134100	12.83776570	-0.66022708
-0.44821881	12.86879131	-0.60724843	-0.44957281	12.86522295	-0.60885183
-0.34343484	12.88687601	-0.53556425	-0.34499110	12.88379533	-0.53700506
-0.51824335	12.84166398	-0.68736676	-0.51934639	12.83773695	-0.68907136
-0.59803275	12.83597140	-0.67615312	-0.59912215	12.83169816	-0.67798733
-0.59761551	12.83867171	-0.64081678	-0.59877763	12.83442683	-0.64265319
-0.54124851	12.84908682	-0.63938042	-0.54246199	12.84509348	-0.64112975
-0.67234259	12.82596594	-0.62514269	-0.67347677	12.82139370	-0.62709955
-0.72166164	12.80848359	-0.54585070	-0.72287474	12.80378864	-0.54789170
-0.68531603	12.82592838	-0.51743893	-0.68665256	12.82141335	-0.51943333
-0.64764145	12.83602977	-0.59404505	-0.64887508	12.83159967	-0.59596938
-0.72644531	12.78144425	-0.45051844	-0.72773264	12.77682142	-0.45256813
-0.69869454	12.73581730	-0.36042252	-0.69995814	12.73136924	-0.36240635
-0.67723103	12.74304540	-0.37322611	-0.67850049	12.73867708	-0.37517561
-0.69057334	12.78895572	-0.43372819	-0.69191955	12.78449163	-0.43572040
-0.64990923	12.66316231	-0.29675753	-0.65100014	12.65895765	-0.29861227
-0.57467052	12.60533917	-0.24729329	-0.57562232	12.60146821	-0.24899484
-0.55888377	12.66502227	-0.27867836	-0.56002093	12.66120141	-0.28038528
-0.63610787	12.70570445	-0.32927255	-0.63730963	12.70153621	-0.33112912
-0.46779767	12.60426940	-0.19906636	-0.46884913	12.60086550	-0.20059210
-0.34004079	12.58835722	-0.16185652	-0.34114304	12.58548297	-0.16316650
-0.32401454	12.64249891	-0.19081503	-0.32526302	12.63967481	-0.19212108
-0.45071638	12.66222628	-0.22903280	-0.45194510	12.65887677	-0.23055890
-0.19920137	12.48936407	-0.14637709	-0.20003069	12.48703669	-0.14742388
-0.04570165	12.37965814	-0.15101078	-0.04618398	12.37787942	-0.15177430
-0.04568084	12.44919799	-0.18250973	-0.04634743	12.44741031	-0.18330194
-0.18977724	12.55229420	-0.17543519	-0.19077220	12.54998948	-0.17649275
0.11821300	12.32601243	-0.16869811	0.11792305	12.32479722	-0.16918957
0.24786780	12.31298932	-0.19197886	0.24764586	12.31223256	-0.19226074
0.22549981	12.37139771	-0.24471435	0.22514532	12.37054341	-0.24505724
0.10633703	12.39258031	-0.21065136	0.10587979	12.39131388	-0.21118649
0.29665263	12.34952694	-0.21260476	0.29632470	12.34896207	-0.21281638
0.27938439	12.43191406	-0.28300015	0.27885731	12.43124794	-0.28329014
0.27228137	12.40389834	-0.26898195	0.27183445	12.40321123	-0.26926899
0.30836854	12.34082611	-0.22474815	0.30803141	12.34035832	-0.22491411
0.34620000	12.27620000	-0.23202000	0.34620000	12.27620000	-0.23202000
0.31543089	12.32726548	-0.29290883	0.31518904	12.32677261	-0.29310571
0.27997612	12.39045656	-0.28381296	0.27955326	12.38980455	-0.28407986
0.44425997	12.21770000	-0.27141000	0.44425997	12.21770000	-0.27141000
0.57587000	12.16340070	-0.32883000	0.57587000	12.16340070	-0.32883000
0.56819124	12.24388914	-0.38228194	0.56812092	12.24393655	-0.38223773
0.42568834	12.28419517	-0.32856361	0.42558110	12.28402421	-0.32862477
0.70622003	12.08180000	-0.39380000	0.70622003	12.08180000	-0.39380000
0.69976141	12.18447491	-0.44588885	0.69976097	12.18469297	-0.44577000
0.76689969	12.40039744	-1.04489574	0.76717604	12.40090886	-1.04462662
0.87349696	12.25483685	-1.04207063	0.87409633	12.25558367	-1.04168121
0.78403255	12.38459277	-0.85635223	0.78414635	12.38514263	-0.85605506
0.88100425	12.23377317	-0.90160246	0.88148124	12.23453175	-0.90121658
0.79657748	12.26996193	-0.66865069	0.79668286	12.27048937	-0.66836230
0.88015028	12.15966852	-0.74986986	0.88057631	12.16039211	-0.74951991
0.53031900	12.60927454	-0.90274840	0.53011503	12.60935081	-0.90271394
0.64633390	12.52551833	-0.98914888	0.64630552	12.52575363	-0.98902839
0.55913504	12.53963470	-0.69115481	0.55876995	12.53969592	-0.69111254
0.67506162	12.48323915	-0.77904126	0.67489871	12.48355945	-0.77886247
0.56681537	12.38760530	-0.51051436	0.56658079	12.38765685	-0.51046734
0.69039616	12.34470869	-0.58680305	0.69028441	12.34501460	-0.58662374
-0.24399046	12.88168961	-0.38471911	-0.24579368	12.87908487	-0.38598967
-0.13663212	12.84277223	-0.36764170	-0.13831735	12.84058472	-0.36871752
-0.26415285	12.82370809	-0.29797404	-0.26589220	12.82106489	-0.29925789
-0.15564836	12.77829968	-0.28324708	-0.15725256	12.77607706	-0.28433161
-0.03520148	12.71543757	-0.31700178	-0.03653859	12.71364855	-0.31787275
-0.01350962	12.78136788	-0.41290993	-0.01491744	12.77963596	-0.41376850
-0.29509142	12.73255860	-0.23494836	-0.29659883	12.72982719	-0.23624536
-0.17460715	12.66457816	-0.22051784	-0.17591556	12.66231119	-0.22159257
-0.04400607	12.58349826	-0.23943318	-0.04503199	12.58170146	-0.24027344
-0.57860928	12.86871406	-0.55866163	-0.58004265	12.86461839	-0.56049307
-0.61312837	12.86176093	-0.46713267	-0.61470326	12.85759405	-0.46903028
-0.51201590	12.88558801	-0.40537134	-0.51379746	12.88188786	-0.40710828
-0.47840476	12.89887736	-0.51076678	-0.48004920	12.89524824	-0.51244601
-0.62770236	12.78953895	-0.38776648	-0.62913188	12.78536711	-0.38965440
-0.53876560	12.78302382	-0.32866694	-0.54027840	12.77925879	-0.33039934
-0.36279834	12.90184212	-0.44207749	-0.36457810	12.89873468	-0.44356302
-0.38920281	12.86624729	-0.34343104	-0.39102135	12.86308851	-0.34494807
-0.42183228	12.76798316	-0.27450085	-0.42339246	12.76472617	-0.27602888
0.28401330	12.62956119	-0.65614228	0.28344053	12.62885022	-0.65651881
0.32649434	12.62833132	-0.67886997	0.32596621	12.62777429	-0.67917498
0.25747385	12.56189222	-0.50598458	0.25688423	12.56108587	-0.50637372
0.30405817	12.56298198	-0.51517403	0.30347916	12.56233383	-0.51548895
0.30705807	12.58121450	-0.49963814	0.30638887	12.58057684	-0.49994939
0.32655582	12.64259106	-0.67038884	0.32595931	12.64202882	-0.67068766
0.33470802	12.62543568	-0.69290757	0.33417857	12.62490300	-0.69319655
0.31026041	12.56710745	-0.51438073	0.30964762	12.56648140	-0.51468723
0.34407232	12.54856152	-0.55449375	0.34356141	12.54803503	-0.55475480
0.36575041	12.60803146	-0.74277873	0.36533252	12.60758989	-0.74301711
0.32054925	12.43373273	-0.40191860	0.32013040	12.43316434	-0.40217343
0.28622784	12.47928386	-0.37932769	0.28566906	12.47861309	-0.37963857
0.28045196	12.48308799	-0.37445851	0.27990033	12.48239334	-0.37477554
0.23328920	12.46685894	-0.35885160	0.23276996	12.46600389	-0.35923734
0.43823970	12.55074465	-0.61480680	0.43777940	12.55049034	-0.61493223
0.43389503	12.61911858	-0.81643543	0.43358733	12.61893473	-0.81652622
0.42879323	12.40927131	-0.44726915	0.42847907	12.40901774	-0.44737705
0.12378803	12.62444850	-0.41630895	0.12288372	12.62320353	-0.41691389
0.14939700	12.69512328	-0.53892973	0.14846448	12.69394948	-0.53951776
0.10810419	12.50756219	-0.29987140	0.10739702	12.50627860	-0.30045372
0.12850695	13.12955404	-0.40574005	0.12590271	13.12829322	-0.40645047
0.22545579	13.02214085	-0.13705020	0.22280291	13.02126678	-0.13758547
0.26873524	12.91009676	-0.09381429	0.26640076	12.90938326	-0.09425185
0.30514387	12.73132024	-0.09738544	0.30340359	12.73073413	-0.09772429
0.33286629	12.55281515	-0.12550040	0.33174710	12.55232885	-0.12574665
0.22701888	12.84677392	-0.82118754	0.22609713	12.84597748	-0.82163211
0.33231153	12.37060344	-0.18658885	0.33186535	12.37018896	-0.18674290
0.14282340	13.04139438	-0.60097709	0.14072548	13.04010751	-0.60167587
0.17802611	12.97607143	-0.69740576	0.17644091	12.97501930	-0.69796833
0.90195279	11.96889785	-0.56864670	0.90235694	11.96946252	-0.56846670
0.82674723	12.01977330	-0.45659543	0.82671338	12.01977738	-0.45659067
0.95001436	11.93534294	-0.70050051	0.95076966	11.93614813	-0.70018526
0.75479006	12.33677074	-1.28299334	0.75546216	12.33717060	-1.28271533
0.46147485	12.61836045	-1.16667346	0.46147858	12.61829581	-1.16669222
0.35328008	12.65377487	-1.05992472	0.35326180	12.65350070	-1.06002506
0.28605605	12.65401200	-0.96389442	0.28598793	12.65349354	-0.96413477
0.26882816	12.68311366	-0.90407212	0.26857073	12.68252211	-0.90440406
0.25161679	12.69341445	-0.89196123	0.25133874	12.69275091	-0.89237948
0.20356531	12.67645860	-0.87536704	0.20330605	12.67560306	-0.87590459
0.11105274	12.69292844	-0.76257630	0.11052908	12.69167928	-0.76328068
-0.00240185	12.72135759	-0.63346531	-0.00322703	12.71964640	-0.63434727
-0.21544904	12.75412299	-0.56959765	-0.21642670	12.75154780	-0.57077320
-0.32006599	12.79177330	-0.62082818	-0.32108949	12.78873878	-0.62217606
-0.50562277	12.84695451	-0.70954458	-0.50671340	12.84306710	-0.71123245
-0.58806413	12.84746240	-0.69866155	-0.58916757	12.84321849	-0.70048625
-0.73400797	12.81236011	-0.55746356	-0.73521555	12.80760250	-0.55952959
-0.20201202	12.49910775	-0.12441803	-0.20290762	12.49677780	-0.12547145
0.13494477	12.34258193	-0.14386178	0.13455738	12.34143513	-0.14433287
0.30303696	12.37757125	-0.22525182	0.30261327	12.37703172	-0.22546667
0.38148699	12.29300901	-0.19471622	0.38137266	12.29291538	-0.19468417
0.46844175	12.23739060	-0.23836225	0.46839718	12.23738181	-0.23832604
0.71381310	12.09231525	-0.37174797	0.71379226	12.09235022	-0.37174419
0.28608917	12.50648069	-0.37264664	0.28545406	12.50580718	-0.37296503
0.56778406	12.77955268	-0.54102388	0.56661951	12.77964338	-0.54095977
0.27858895	12.97956518	-0.53667208	0.27674091	12.97881995	-0.53706633
0.00386883	12.97577884	-0.27342359	0.00156203	12.97412407	-0.27430737
0.06944957	13.06061676	-0.31850360	0.06692920	13.05917345	-0.31929934
0.29488726	12.86112746	-0.29989329	0.29304996	12.86046882	-0.30026514
0.00371920	12.94668902	-0.43177989	0.00176899	12.94500140	-0.43264997
0.09382202	13.02828009	-0.42752487	0.09159556	13.02690298	-0.42826477
0.35160254	12.81733782	-0.69717624	0.35055984	12.81689167	-0.69740951
0.12585058	13.01551196	-0.18865766	0.12328564	13.01429754	-0.18935317
0.20787350	12.80239282	-0.80067399	0.20705049	12.80151471	-0.80116348
0.31393680	12.75033026	-0.53563317	0.31281386	12.74970523	-0.53595655
0.31473870	12.87987535	-0.84586139	0.31377663	12.87939317	-0.84613896
0.38613290	12.43294401	-0.24722511	0.38555411	12.43264036	-0.24737916
0.21533927	13.03450976	-0.45509531	0.21315399	13.03354528	-0.45563086
0.46614954	12.68279691	-0.66878168	0.46542545	12.68263517	-0.66885253
0.68803084	12.75503134	-0.76966191	0.68729064	12.75542418	-0.76943082
0.29891160	12.93323907	-0.20602279	0.29668855	12.93259714	-0.20640944
-0.45331863	12.87450221	-0.25878892	-0.45531638	12.87113017	-0.26042111
0.12037323	13.06718284	-0.25859525	0.11774163	13.06593072	-0.25931103
0.30318194	12.93775881	-0.69309871	0.30174987	12.93714184	-0.69341931
-0.53995363	12.87108963	-0.29965743	-0.54186691	12.86733948	-0.30144022
0.19832915	13.01961417	-0.33678920	0.19600297	13.01861437	-0.33735535
0.28055560	12.45230790	-0.20438808	0.27985927	12.45166263	-0.20467589
0.08714336	13.08194762	-0.38062327	0.08465307	13.08055251	-0.38139081
0.17934931	13.06246892	-0.49866240	0.17711656	13.06136170	-0.49927134
0.23988635	12.60330353	-0.24988644	0.23878422	12.60248530	-0.25029289
0.14375114	12.92136321	-0.51726477	0.14203913	12.92015151	-0.51789299
0.26313290	12.88148735	-0.83711766	0.26214155	12.88082553	-0.83749115
0.27208504	12.83137760	-0.84002223	0.27124784	12.83075570	-0.84037978
0.20301598	13.00810905	-0.55323382	0.20105155	13.00709488	-0.55377768
0.35328667	12.79474988	-0.20210358	0.35151731	12.79428146	-0.20238018
0.48696188	12.59127211	-0.43382072	0.48616207	12.59116230	-0.43387402
0.29791458	12.75396750	-0.89182330	0.29740524	12.75349571	-0.89212200
0.13846857	12.94756506	-0.65293323	0.13690241	12.94635755	-0.65356600
0.38546774	12.37355755	-0.22355590	0.38506371	12.37332227	-0.22366830
0.34922424	12.47864119	-0.31505245	0.34859328	12.47818163	-0.31527208
0.16957897	12.85673395	-0.19415635	0.16757217	12.85567204	-0.19473441
0.38384443	12.72784521	-0.91186921	0.38345185	12.72768084	-0.91200342
0.28715214	12.78508496	-0.85363269	0.28648008	12.78453340	-0.85395881
0.11182434	13.09893044	-0.29136480	0.10913436	13.09763842	-0.29210117
0.40029400	12.60372229	-0.24975672	0.39918857	12.60340328	-0.24992936
0.20044975	12.84685360	-0.77764946	0.19944479	12.84593436	-0.77815043
0.42074975	12.71077510	-0.82844823	0.42025327	12.71060274	-0.82853866
0.81831297	12.75405373	-0.86314083	0.81765411	12.75469318	-0.86277877
0.55824600	12.79373795	-0.92666933	0.55768212	12.79390599	-0.92660842
0.32270064	12.68031407	-0.20305570	0.32128652	12.67975953	-0.20335456
0.22960798	12.75365338	-0.18736080	0.22793086	12.75280239	-0.18781795
