0.84852998	12.73424621	-0.41537820	0.84826511	12.73420930	-0.41506343
0.81880077	12.87219683	-0.44283119	0.81842561	12.87214221	-0.44244624
0.89512984	12.83222861	-0.54169272	0.89478917	12.83227493	-0.54133127
0.92788088	12.69935444	-0.52828003	0.92764306	12.69942464	-0.52798516
0.77578328	12.96314564	-0.50228630	0.77533709	12.96308167	-0.50185172
0.85614030	12.91827240	-0.58383772	0.85573656	12.91830584	-0.58343202
0.90572461	12.87620213	-0.64462979	0.90536345	12.87630105	-0.64424509
0.94447237	12.80658029	-0.63955344	0.94416452	12.80670596	-0.63920350
0.97914231	12.67777922	-0.64159407	0.97892838	12.67792835	-0.64130388
0.71585474	12.76843775	-1.16007924	0.71570577	12.76862723	-1.15981579
0.83812958	12.71827285	-1.13829922	0.83798854	12.71852827	-1.13802485
0.80597262	12.82413731	-1.06852583	0.80574472	12.82434748	-1.06819211
0.68380202	12.87005948	-1.08505580	0.68355943	12.87020909	-1.08471868
0.93920750	12.68461745	-1.07549123	0.93906720	12.68491609	-1.07520503
0.90541138	12.79509480	-1.01588660	0.90517985	12.79534679	-1.01554658
0.86534290	12.86302614	-0.96471621	0.86505099	12.86323234	-0.96434464
0.78645090	12.90361816	-0.97981312	0.78614010	12.90378363	-0.97943128
0.66439148	12.94913325	-0.98494526	0.66405532	12.94923158	-0.98455325
0.59290823	12.82750579	-0.20150001	0.59255715	12.82714345	-0.20109968
0.57399278	12.96456211	-0.24826002	0.57353067	12.96419436	-0.24780267
0.70823881	12.91884190	-0.34183459	0.70781848	12.91864604	-0.34141606
0.73061670	12.77960569	-0.30264701	0.73031441	12.77942171	-0.30230045
0.54296794	13.05144445	-0.33196563	0.54243098	13.05108947	-0.33146330
0.67157373	13.00956704	-0.41681501	0.67107983	13.00937449	-0.41634740
0.46542727	12.88214285	-1.05848359	0.46517545	12.88216616	-1.05816815
0.59227332	12.82875709	-1.13174897	0.59208776	12.82887541	-1.13145706
0.56067377	12.92055764	-1.05833982	0.56038868	12.92063297	-1.05798567
0.43615064	12.96372842	-0.98272407	0.43580230	12.96368254	-0.98233704
0.53968737	12.99404439	-0.95567506	0.53930462	12.99404348	-0.95525556
0.41467288	13.03184155	-0.87902827	0.41423451	13.03170275	-0.87857682
-0.01787844	12.97768137	-0.05891849	-0.01833574	12.97669699	-0.05841371
-0.14624469	12.98922949	-0.08117457	-0.14671124	12.98813831	-0.08065291
-0.14876181	13.06307958	-0.12705603	-0.14929646	13.06200608	-0.12649837
-0.02409667	13.06537213	-0.10210881	-0.02463265	13.06440145	-0.10156233
-0.26486459	12.99092985	-0.11779141	-0.26533207	12.98974666	-0.11725215
-0.26581763	13.05281361	-0.16561458	-0.26634598	13.05165053	-0.16504600
-0.26694177	13.09468379	-0.23071961	-0.26751469	13.09354816	-0.23013091
-0.15069255	13.11061106	-0.19279946	-0.15127629	13.10956597	-0.19221830
-0.02904642	13.11998196	-0.16751042	-0.02963551	13.11903729	-0.16693759
0.02823066	12.96862902	-0.58352311	0.02776926	12.96795683	-0.58304453
0.01295698	13.03077374	-0.55745645	0.01243485	13.03006925	-0.55693937
-0.06778566	13.03254397	-0.54699520	-0.06832186	13.03175482	-0.54646598
-0.05346112	12.97648114	-0.56312699	-0.05394188	12.97571783	-0.56262929
-0.00679283	13.08437305	-0.50960228	-0.00736675	13.08361927	-0.50905240
-0.08950789	13.07849683	-0.51092164	-0.09008611	13.07766596	-0.51036503
-0.18277238	13.07143161	-0.52740444	-0.18335615	13.07051521	-0.52683339
-0.16001316	13.03076798	-0.56364598	-0.16056251	13.02989335	-0.56309808
-0.14523140	12.97970584	-0.58151329	-0.14573119	12.97885819	-0.58099359
0.98750856	12.28925230	-0.67037391	0.98754456	12.28941279	-0.67024483
0.96751158	12.07028441	-0.68751145	0.96765940	12.07042913	-0.68746271
0.91467684	12.09627671	-0.55220551	0.91476280	12.09633100	-0.55216537
0.92895495	12.30293390	-0.53525299	0.92897703	12.30300193	-0.53513786
0.83673324	12.14553356	-0.43070576	0.83679818	12.14550764	-0.43066325
0.84361970	12.32717994	-0.40969340	0.84363965	12.32715981	-0.40957667
0.98013969	12.38322175	-1.13927360	0.98023514	12.38357280	-1.13910110
0.88521909	12.44368029	-1.20827732	0.88529608	12.44398842	-1.20811250
0.88169903	12.28424574	-1.23409832	0.88190888	12.28455943	-1.23399579
0.97376974	12.19189401	-1.15573965	0.97400724	12.19224249	-1.15563913
0.75762677	12.51908157	-1.23745227	0.75764561	12.51927891	-1.23732000
0.75500924	12.39905056	-1.26960757	0.75515600	12.39926289	-1.26952080
0.87000951	12.17951841	-1.24264847	0.87029553	12.17982776	-1.24259295
0.95543602	12.05717195	-1.15471870	0.95576253	12.05750689	-1.15468154
0.99242725	12.49801627	-0.65430978	0.99233382	12.49817479	-0.65410257
0.93578391	12.51306359	-0.52771961	0.93567820	12.51314321	-0.52751346
0.85145455	12.54032671	-0.40536309	0.85133491	12.54030676	-0.40514417
0.86760361	12.58987684	-1.18058808	0.86755778	12.59015681	-1.18037393
0.96668282	12.54745238	-1.11461008	0.96665039	12.54778737	-1.11437577
0.74224555	12.64682800	-1.20555236	0.74217481	12.64702171	-1.20534712
0.59991809	12.41574787	-0.22224638	0.59992018	12.41551218	-0.22204113
0.59836786	12.62890666	-0.19778497	0.59818274	12.62858643	-0.19746588
0.73227883	12.58121085	-0.29323000	0.73213723	12.58104965	-0.29296579
0.72760461	12.36806671	-0.30608429	0.72762424	12.36794447	-0.30593962
0.46846327	12.70627103	-1.14913077	0.46840715	12.70634745	-1.14903302
0.61219847	12.61611942	-1.21800882	0.61218729	12.61619962	-1.21791789
0.60829930	12.72073711	-1.18318315	0.60822136	12.72085835	-1.18301312
0.47285843	12.78986392	-1.11372717	0.47272013	12.78992332	-1.11352561
0.58664162	12.17377646	-0.30136960	0.58665402	12.17371694	-0.30134601
0.59794889	12.27789758	-0.26084023	0.59801503	12.27773912	-0.26074086
0.72413870	12.21417036	-0.33654635	0.72420579	12.21407789	-0.33647740
0.60152151	12.48782944	-1.25194187	0.60158395	12.48788959	-1.25194953
0.60739170	12.53536803	-1.24325263	0.60742372	12.53544011	-1.24323188
0.46270889	12.65045366	-1.16565257	0.46269195	12.65051906	-1.16560460
-0.00878954	12.69988613	-0.06032770	-0.00902180	12.69891109	-0.05995534
-0.15763924	12.76803514	-0.06766348	-0.15791405	12.76692896	-0.06724782
-0.14801109	12.89084958	-0.06387392	-0.14839031	12.88975052	-0.06340026
-0.00967425	12.85419469	-0.04828330	-0.01002998	12.85321158	-0.04783572
-0.29362870	12.81909514	-0.09225348	-0.29394078	12.81787436	-0.09179177
-0.27524035	12.91426898	-0.09503389	-0.27563720	12.91306615	-0.09452887
0.02471011	12.83936552	-0.61382836	0.02437700	12.83871959	-0.61343120
0.03061334	12.90467269	-0.60059992	0.03021452	12.90401677	-0.60016034
-0.05042750	12.91474184	-0.57303164	-0.05084550	12.91399161	-0.57256896
-0.05848203	12.84996125	-0.57766198	-0.05883745	12.84920962	-0.57723461
-0.14194256	12.92247545	-0.59027582	-0.14238692	12.92163788	-0.58978609
-0.15161569	12.86166724	-0.58973780	-0.15199582	12.86082145	-0.58927950
-0.03723301	12.40436804	-0.11860150	-0.03724566	12.40338287	-0.11842579
-0.17825222	12.62104142	-0.08726130	-0.17840994	12.61992286	-0.08692560
-0.02307517	12.52920522	-0.08630073	-0.02319152	12.52821598	-0.08602985
-0.32958423	12.61395521	-0.12672755	-0.32972884	12.61271621	-0.12635935
-0.31620050	12.70146484	-0.10551669	-0.31641337	12.70022963	-0.10510666
0.01501167	12.77316108	-0.62628158	0.01474550	12.77252016	-0.62593095
-0.07773408	12.78355984	-0.57552101	-0.07802254	12.78279093	-0.57513292
-0.09561731	12.75637497	-0.55577842	-0.09587374	12.75557506	-0.55540441
-0.17564966	12.79906850	-0.57840590	-0.17596272	12.79819317	-0.57797546
-0.38697385	12.98835371	-0.16745637	-0.38744388	12.98707791	-0.16689348
-0.37910796	13.03905976	-0.21262718	-0.37962939	13.03781078	-0.21204250
-0.49659158	12.98201330	-0.22443682	-0.49706271	12.98066554	-0.22385312
-0.47680973	13.02330729	-0.26490325	-0.47732502	13.02199164	-0.26430579
-0.45464052	13.05717440	-0.31472923	-0.45519460	13.05589969	-0.31412026
-0.36910284	13.07679707	-0.27134799	-0.36966749	13.07558259	-0.27074680
-0.26412643	13.02867363	-0.58345031	-0.26468534	13.02770186	-0.58288356
-0.24964806	12.98372255	-0.60884200	-0.25016641	12.98277786	-0.60829888
-0.28452639	13.06466217	-0.54268313	-0.28511408	13.06365055	-0.54209620
-0.37905707	13.05622785	-0.55159869	-0.37964231	13.05512488	-0.55099656
-0.36401358	13.02551701	-0.59677453	-0.36457568	13.02444897	-0.59618714
-0.35426934	12.98758687	-0.63101806	-0.35480196	12.98654335	-0.63044859
-0.25093439	12.93538420	-0.62519366	-0.25140744	12.93444647	-0.62467249
-0.36169255	12.94898154	-0.65625692	-0.36219038	12.94794215	-0.65570225
-0.37641398	12.91187961	-0.67085677	-0.37687918	12.91083159	-0.67031401
-0.26363507	12.88595458	-0.63029825	-0.26406001	12.88500606	-0.62979725
-0.54074123	12.87580077	-0.18521144	-0.54111300	12.87440269	-0.18466037
-0.56046879	12.75386561	-0.19233245	-0.56074461	12.75245718	-0.19181963
-0.63648849	12.79126339	-0.24965678	-0.63681091	12.78981776	-0.24910826
-0.61858755	12.88726917	-0.24758636	-0.61898396	12.88583260	-0.24701231
-0.56821638	12.64938782	-0.21095133	-0.56841829	12.64797962	-0.21046764
-0.64356245	12.70880374	-0.26263746	-0.64383220	12.70736059	-0.26210422
-0.69197716	12.77944271	-0.33201765	-0.69231730	12.77798284	-0.33145822
-0.68583055	12.83167336	-0.32550594	-0.68620368	12.83021297	-0.32493590
-0.66992557	12.89481252	-0.32622514	-0.67034820	12.89336121	-0.32563963
-0.45883081	12.63885326	-0.16274491	-0.45899996	12.63751953	-0.16231340
-0.44797951	12.73484891	-0.14251938	-0.44822355	12.73351197	-0.14205471
-0.42611307	12.85410355	-0.13266595	-0.42645792	12.85277839	-0.13215610
-0.47226634	12.92791961	-0.68189776	-0.47274791	12.92678342	-0.68132931
-0.47918268	12.90107723	-0.69285895	-0.47964032	12.89993891	-0.69229995
-0.38858545	12.87863006	-0.67314409	-0.38901818	12.87757129	-0.67261241
-0.55892139	12.93294020	-0.66210107	-0.55940421	12.93171649	-0.66151770
-0.56367873	12.90644609	-0.67724776	-0.56413875	12.90522491	-0.67667393
-0.39945314	12.86173390	-0.66298092	-0.39986626	12.86065946	-0.66245456
-0.28337039	12.83770898	-0.62305654	-0.28374345	12.83673630	-0.62257382
0.89563061	12.88599808	-0.89578951	0.89530112	12.88619553	-0.89539927
0.79526755	12.95233693	-0.88120043	0.79489148	12.95246449	-0.88078041
0.91186775	12.89983127	-0.80692276	0.91151178	12.90000020	-0.80652429
0.81631790	12.97160048	-0.77648758	0.81590611	12.97169702	-0.77605445
0.70546350	13.02619644	-0.73466751	0.70499314	13.02618744	-0.73420827
0.67615238	13.00289915	-0.86412710	0.67573364	13.00293639	-0.86368669
0.91283071	12.89543412	-0.71505310	0.91246559	12.89556761	-0.71465777
0.83324697	12.96216504	-0.66997666	0.83282194	12.96222263	-0.66954770
0.73836262	13.01358379	-0.60735247	0.73788752	13.01353766	-0.60689236
0.99863824	12.67371122	-0.98056673	0.99847625	12.67401271	-0.98026128
0.96006954	12.79476711	-0.93471646	0.95981391	12.79502458	-0.93436547
1.02152488	12.67360556	-0.86929423	1.02134286	12.67387652	-0.86899145
0.97960530	12.80360609	-0.83787451	0.97932452	12.80383614	-0.83751937
1.01270735	12.67186959	-0.75604389	1.01251045	12.67208416	-0.75574904
0.97355291	12.80249356	-0.73852227	0.97325904	12.80267766	-0.73817173
0.55569868	13.04727491	-0.81851963	0.55523163	13.04719847	-0.81805400
0.59204611	13.07190948	-0.66915979	0.59153056	13.07178001	-0.66866522
0.46788902	13.10900160	-0.58605554	0.46732337	13.10871945	-0.58553040
0.43116179	13.08361458	-0.73846303	0.43064340	13.08339279	-0.73796358
0.63179291	13.05990742	-0.53097419	0.63126709	13.05974031	-0.53048153
0.50639405	13.09898725	-0.44776641	0.50582558	13.09866553	-0.44724104
-0.38777781	13.07308177	-0.49354460	-0.38837044	13.07194537	-0.49293594
-0.47116212	13.05491301	-0.50649979	-0.47174135	13.05370270	-0.50588219
-0.45111011	13.04398596	-0.54893015	-0.45168475	13.04281308	-0.54832003
-0.40003834	13.07847879	-0.43048259	-0.40062661	13.07730386	-0.42987145
-0.49346330	13.05630051	-0.46203339	-0.49403831	13.05505062	-0.46141284
-0.57770067	13.03030684	-0.49163029	-0.57825626	13.02899176	-0.49100655
-0.53999340	13.03267378	-0.52406535	-0.54055425	13.03140685	-0.52344582
-0.50221486	13.03135390	-0.55019890	-0.50277755	13.03013263	-0.54958578
-0.42570161	13.07440903	-0.37039512	-0.42627916	13.07318428	-0.36978308
-0.50742026	13.05150056	-0.41076934	-0.50798478	13.05021629	-0.41015052
-0.52248378	13.03640463	-0.36008385	-0.52302687	13.03508645	-0.35947014
-0.56791691	13.01977795	-0.39266409	-0.56845023	13.01843218	-0.39204911
-0.57967212	13.02548991	-0.44121351	-0.58021807	13.02415219	-0.44059293
-0.02273592	13.12250358	-0.42730974	-0.02334220	13.12169114	-0.42673792
-0.11419298	13.11001357	-0.44011968	-0.11479499	13.10912135	-0.43954320
-0.03236912	13.14311761	-0.33179994	-0.03299125	13.14224615	-0.33121476
-0.13529886	13.12686795	-0.35346724	-0.13590964	13.12591290	-0.35288071
-0.23615806	13.10987387	-0.38492913	-0.23676253	13.10883774	-0.38433607
-0.20991022	13.09718943	-0.46340797	-0.21051107	13.09621517	-0.46282213
-0.03313052	13.14409636	-0.24461995	-0.03374689	13.14318353	-0.24403466
-0.14685909	13.12945604	-0.26966645	-0.14746651	13.12845069	-0.26907678
-0.25620298	13.11136239	-0.30542074	-0.25679957	13.11027050	-0.30482508
0.99311723	11.97775834	-1.05867565	0.99345711	11.97808062	-1.05865892
1.01502492	12.12278256	-1.05587833	1.01526824	12.12311814	-1.05579370
0.99529220	11.93224979	-0.95347932	0.99562117	11.93253116	-0.95348273
1.02069243	12.07892346	-0.94192067	1.02092199	12.07921619	-0.94185408
1.03871619	12.29669803	-0.92521603	1.03880056	12.29700041	-0.92506353
1.02755288	12.33198137	-1.04087779	1.02764803	12.33232504	-1.04071037
0.97636656	11.91502515	-0.83460004	0.97666542	11.91524641	-0.83461482
1.00382298	12.06293144	-0.81862993	1.00402367	12.06316135	-0.81857625
1.02476932	12.28484928	-0.80107623	1.02483121	12.28508579	-0.80093823
1.02192049	12.51760327	-1.01540320	1.02187818	12.51793504	-1.01516496
1.04039433	12.49947886	-0.90041524	1.04033787	12.49977537	-0.90018761
1.02896573	12.49321579	-0.77928607	1.02889169	12.49345170	-0.77907004
-0.64507439	12.92698713	-0.60993546	-0.64554743	12.92566619	-0.60934517
-0.65184468	12.89735726	-0.62227562	-0.65229255	12.89603661	-0.62169663
-0.70301968	12.91568391	-0.53033610	-0.70347999	12.91428051	-0.52974468
-0.71346107	12.87957441	-0.53681390	-0.71389145	12.87816640	-0.53623596
-0.65366006	12.87397984	-0.62398548	-0.65408769	12.87265904	-0.62341577
-0.70484369	12.90463335	-0.42820936	-0.70528587	12.90318829	-0.42761885
-0.71826327	12.85953966	-0.42971995	-0.71867199	12.85808659	-0.42914324
-0.72117448	12.82386797	-0.43190803	-0.72155751	12.82241467	-0.43134232
-0.30098446	13.08601784	-0.48020214	-0.30158346	13.08496124	-0.47960381
-0.31942226	13.09507385	-0.40779032	-0.32002104	13.09396649	-0.40718627
-0.34564946	13.09370288	-0.33735676	-0.34623775	13.09253965	-0.33675034
-0.59850722	12.93984754	-0.25965987	-0.59894929	12.93842861	-0.25907084
-0.51836950	12.94227002	-0.19689991	-0.51879989	12.94089354	-0.19632745
-0.65232645	12.93513619	-0.33495289	-0.65278131	12.93370064	-0.33435520
-0.62916429	12.96495806	-0.35141824	-0.62964403	12.96354574	-0.35081414
-0.57542370	12.97216713	-0.28355669	-0.57589871	12.97077457	-0.28296081
-0.40399633	12.93265131	-0.14101821	-0.40441199	12.93134819	-0.14047840
-0.45923694	12.95866284	-0.66309890	-0.45974511	12.95753076	-0.66252041
-0.44739744	12.99059216	-0.63447239	-0.44793257	12.98945967	-0.63388344
-0.53156993	12.98953067	-0.61756667	-0.53210176	12.98831189	-0.61696411
-0.54745994	12.96148480	-0.64390524	-0.54796731	12.96026346	-0.64331212
-0.66171461	12.97270219	-0.51790402	-0.66222163	12.97132647	-0.51729373
-0.68602602	12.94530416	-0.52459431	-0.68651060	12.94391161	-0.52399267
-0.63131770	12.95510031	-0.59676196	-0.63181500	12.95378491	-0.59616162
-0.61046158	12.98204252	-0.57858218	-0.61098178	12.98073711	-0.57797347
-0.62967400	13.00176398	-0.50858629	-0.63020567	13.00041140	-0.50796794
-0.58322740	13.00806700	-0.55123509	-0.58376884	13.00677370	-0.55061928
-0.51346989	13.01470906	-0.57791430	-0.51402113	13.01348933	-0.57730529
-0.68740813	12.93786762	-0.43035787	-0.68787799	12.93643640	-0.42975720
-0.66304099	12.96604068	-0.43590640	-0.66353492	12.96463083	-0.43529797
-0.59689712	12.99635798	-0.37534326	-0.59740770	12.99498140	-0.37473246
-0.62932210	12.99624864	-0.44455590	-0.62984349	12.99487048	-0.44393995
-0.54765194	13.00718199	-0.31735374	-0.54816211	13.00582565	-0.31674809
-0.44394458	13.02080398	-0.59400854	-0.44450286	13.01965765	-0.59340893
0.17688588	13.11071022	-0.17620878	0.17630481	13.10995276	-0.17565343
0.14735006	13.14997828	-0.26123610	0.14673007	13.14923622	-0.26066107
0.17505362	13.13810058	-0.27602560	0.17444411	13.13739000	-0.27545817
0.20887696	13.09765239	-0.18787530	0.20830725	13.09693013	-0.18732882
0.12712119	13.15779316	-0.35636153	0.12649105	13.15707944	-0.35578201
0.15321711	13.14671844	-0.37335284	0.15259813	13.14603699	-0.37278032
0.17964812	13.12930460	-0.28611447	0.17904646	13.12860296	-0.28555151
0.21328785	13.08933011	-0.19435341	0.21272545	13.08861461	-0.19381196
0.18624355	13.13704518	-0.28710201	0.18563524	13.13634964	-0.28653592
0.21863803	13.09580226	-0.18915129	0.21807047	13.09508862	-0.18860618
0.16724937	13.14502535	-0.39048418	0.16663230	13.14436539	-0.38991359
0.21114248	13.15125306	-0.41632446	0.21052189	13.15064659	-0.41575525
0.23257987	13.14269068	-0.30490323	0.23196636	13.14204291	-0.30433751
0.26449240	13.09940622	-0.19988442	0.26392085	13.09873781	-0.19934140
0.25273089	12.92356230	-0.05749743	0.25231459	12.92281988	-0.05702914
0.21550698	13.04014626	-0.10215519	0.21498946	13.03939049	-0.10163592
0.25171707	13.02760856	-0.11361157	0.25120951	13.02688941	-0.11310029
0.29236903	12.91060931	-0.07060905	0.29196305	12.90991086	-0.07014821
0.26195101	13.02566573	-0.11410128	0.26144501	13.02495610	-0.11359146
0.30361922	12.90879712	-0.07401118	0.30321549	12.90811076	-0.07355252
0.30716559	13.02444052	-0.12139225	0.30666023	13.02377562	-0.12088607
0.34742177	12.90129962	-0.07997404	0.34702235	12.90065586	-0.07952216
0.37319253	12.71126288	-0.08404579	0.37292198	12.71058346	-0.08361249
0.33335391	12.72520200	-0.07992266	0.33308746	12.72451054	-0.07949997
0.39130376	12.51294584	-0.11258887	0.39115925	12.51214292	-0.11206777
0.35259536	12.53404565	-0.10651903	0.35238350	12.53307251	-0.10592298
0.32181247	12.72762155	-0.07533662	0.32154004	12.72693346	-0.07491901
0.34078033	12.53872606	-0.10228321	0.34058825	12.53783675	-0.10171989
0.29507543	12.55465809	-0.08656803	0.29487990	12.55384143	-0.08610987
0.27977519	12.74505111	-0.05988101	0.27949572	12.74433423	-0.05948045
0.26463562	12.78149002	-0.91552208	0.26444558	12.78128942	-0.91528907
0.25412546	12.85114958	-0.88943518	0.25385280	12.85090499	-0.88912124
0.23485337	12.85610498	-0.83008495	0.23455672	12.85579567	-0.82975174
0.24611250	12.79571600	-0.85467825	0.24588320	12.79544031	-0.85440630
0.23819274	12.92236211	-0.83801008	0.23783536	12.92205568	-0.83762593
0.21842945	12.92008613	-0.78224742	0.21805874	12.91972455	-0.78185514
0.22496864	12.91555482	-0.76445830	0.22459662	12.91518701	-0.76406502
0.24693298	12.80131413	-0.83376542	0.24668999	12.80102585	-0.83347976
0.21851624	12.85629537	-0.81547723	0.21820693	12.85596404	-0.81512538
0.22388026	12.79938185	-0.83921970	0.22363278	12.79908049	-0.83892152
0.20739898	12.91944670	-0.77242824	0.20702070	12.91906872	-0.77202744
0.16676969	12.93127825	-0.75763005	0.16637556	12.93085096	-0.75721128
0.17494375	12.86441259	-0.79686712	0.17461972	12.86402442	-0.79650082
0.17743565	12.80112460	-0.81870264	0.17718316	12.80076088	-0.81839110
0.27000056	12.71187760	-0.94181891	0.26988633	12.71170913	-0.94166321
0.25425481	12.73504178	-0.87982548	0.25409812	12.73480672	-0.87962021
0.25584541	12.75031410	-0.85710765	0.25566038	12.75005800	-0.85687362
0.27382374	12.71419904	-0.87098653	0.27368249	12.71397867	-0.87079666
0.23317706	12.74212053	-0.86690528	0.23299582	12.74185295	-0.86666732
0.18448617	12.73402542	-0.84911533	0.18430828	12.73370068	-0.84886346
0.28137499	12.31791546	-0.16069191	0.28143780	12.31724470	-0.16057792
0.29761565	12.41336548	-0.12449883	0.29754857	12.41264794	-0.12424504
0.34611980	12.41211023	-0.14021873	0.34607805	12.41145307	-0.13994042
0.33242362	12.34472300	-0.17498735	0.33245866	12.34417370	-0.17482787
0.35027020	12.42469300	-0.14701891	0.35022681	12.42403833	-0.14671587
0.36045890	12.40577814	-0.14573575	0.36044709	12.40516380	-0.14548194
0.34725057	12.34053047	-0.18154157	0.34727160	12.34006754	-0.18138400
0.39838617	12.37474839	-0.15576904	0.39841830	12.37427133	-0.15559601
0.11659160	13.13351975	-0.46188918	0.11598093	13.13285156	-0.46132068
0.14649397	13.12043853	-0.47599484	0.14589670	13.11980568	-0.47543641
0.12028199	13.08228846	-0.57057703	0.11972040	13.08168606	-0.57004121
0.15553095	13.06721080	-0.58137519	0.15498534	13.06664874	-0.58085183
0.15851485	13.10923752	-0.48281977	0.15792875	13.10861999	-0.48226920
0.16426163	13.11567169	-0.48288383	0.16367021	13.11505915	-0.48233045
0.17455114	13.06055228	-0.57760554	0.17401379	13.06000611	-0.57708888
0.20060386	13.06646188	-0.61688446	0.20006784	13.06596420	-0.61636947
0.19956785	13.12191713	-0.51528280	0.19897346	13.12135533	-0.51473027
0.21677137	12.99720264	-0.73602952	0.21632024	12.99680315	-0.73557627
0.19534168	12.99180885	-0.68792612	0.19488419	12.99135796	-0.68746748
0.18100094	12.99484201	-0.68742503	0.18053623	12.99437713	-0.68695887
0.14271843	13.00934818	-0.67598752	0.14223547	13.00883911	-0.67550371
0.39013928	13.08282352	-0.25355883	0.38958071	13.08229126	-0.25302966
0.42574315	13.00175629	-0.17033468	0.42525639	13.00121382	-0.16984178
0.45471494	12.87074641	-0.12476352	0.45433260	12.87020472	-0.12431385
0.30956484	12.98836025	-0.85494858	0.30915392	12.98812255	-0.85452187
0.33416623	12.91157943	-0.94532002	0.33385237	12.91144372	-0.94497011
0.29097460	13.05650007	-0.74197750	0.29047465	13.05616726	-0.74149108
0.13247618	12.95062845	-0.05230405	0.13203812	12.94977305	-0.05181827
0.11040794	13.05514955	-0.09606547	0.10987919	13.05429482	-0.09553210
0.08886275	13.11921963	-0.16560524	0.08827476	13.11837864	-0.16504093
0.08490315	13.02214175	-0.61664325	0.08440013	13.02153710	-0.61614239
0.06456886	13.08680545	-0.53811114	0.06399852	13.08613413	-0.53756676
0.10429135	12.95059297	-0.67167271	0.10386593	12.95004727	-0.67122463
0.46947649	12.67579690	-0.12577308	0.46921518	12.67527332	-0.12538905
0.48101379	12.46762746	-0.15538467	0.48095094	12.46716265	-0.15506797
0.34406955	12.83150622	-0.99984865	0.34385766	12.83143350	-0.99960198
0.34550813	12.75690454	-1.03014260	0.34536921	12.75686179	-1.02996733
0.48401223	12.33330616	-0.19701973	0.48407922	12.33301890	-0.19688877
0.34480832	12.69722938	-1.05022405	0.34473875	12.69720725	-1.05012856
0.15517017	12.46076865	-0.10168539	0.15508809	12.45994341	-0.10142432
0.16075316	12.61669416	-0.07028310	0.16056854	12.61585662	-0.06991400
0.10743476	12.75038488	-0.74348718	0.10721431	12.74990796	-0.74318444
0.10722941	12.81878295	-0.71909174	0.10693753	12.81828154	-0.71873531
0.15119025	12.79608787	-0.04879248	0.15087407	12.79524423	-0.04836763
0.10899823	12.88411108	-0.70053780	0.10863993	12.88359419	-0.70013646
0.32607151	13.13739769	-0.49165657	0.32546757	13.13693967	-0.49110419
0.30033377	13.10983741	-0.61896604	0.29976482	13.10942996	-0.61843334
0.35644694	13.12807157	-0.36546684	0.35584807	13.12756501	-0.36491834
0.06016832	13.15512784	-0.33758477	0.05953883	13.15434346	-0.33700209
0.05712751	13.13224642	-0.43998280	0.05651497	13.13151322	-0.43941135
0.07142735	13.15150901	-0.24617588	0.07080633	13.15069140	-0.24559482
0.88270659	11.96618522	-0.58469541	0.88281426	11.96625180	-0.58471549
0.81676000	12.01719950	-0.47386000	0.81676000	12.01719950	-0.47386000
0.92392395	11.93902090	-0.71376052	0.92414473	11.93915944	-0.71378366
0.91125377	12.00548816	-0.71833567	0.91144614	12.00562035	-0.71833883
0.87528278	12.05175249	-0.63172411	0.87541064	12.05183174	-0.63171888
0.80672523	12.11386326	-0.52844540	0.80680507	12.11387408	-0.52842112
0.95770646	11.93236931	-0.83808292	0.95799614	11.93258041	-0.83809872
0.97719571	11.94905385	-0.94937813	0.97751238	11.94932191	-0.94938067
0.94468713	12.06680066	-0.93215816	0.94492132	12.06704081	-0.93212243
0.93018619	12.03581461	-0.81467079	0.93040023	12.03600157	-0.81465556
0.97659337	11.99189525	-1.04236052	0.97691750	11.99220012	-1.04234450
0.94200805	12.06695500	-1.12898080	0.94231755	12.06727099	-1.12894477
0.91848311	12.12940574	-1.10630938	0.91874219	12.12969753	-1.10625578
0.94217434	12.10226780	-1.02981462	0.94242085	12.10254559	-1.02976297
0.86128290	12.18513932	-1.21976551	0.86155506	12.18543363	-1.21971095
0.74442059	12.33540596	-1.27018831	0.74461836	12.33561265	-1.27012432
0.74780142	12.36336035	-1.19826821	0.74794677	12.36354710	-1.19819178
0.85888678	12.23065763	-1.15680386	0.85910196	12.23092678	-1.15672987
0.60188745	12.48382521	-1.23785037	0.60194491	12.48387866	-1.23786007
0.47113652	12.61461422	-1.15242567	0.47113209	12.61465976	-1.15240526
0.49420000	12.61570000	-1.07906000	0.49420000	12.61570000	-1.07906000
0.61447000	12.50220000	-1.16283000	0.61447000	12.50220000	-1.16283000
0.38276343	12.64776167	-1.04920805	0.38274454	12.64776292	-1.04917497
0.33167387	12.64707372	-0.95598270	0.33163685	12.64699021	-0.95593291
0.37140000	12.64100070	-0.89641000	0.37140000	12.64100070	-0.89641000
0.41679000	12.64250090	-0.98287004	0.41679000	12.64250090	-0.98287004
0.31326308	12.67776835	-0.89530558	0.31317308	12.67761228	-0.89518226
0.30889748	12.70480725	-0.86711992	0.30876352	12.70461954	-0.86694858
0.33703240	12.69206692	-0.80969935	0.33688352	12.69185641	-0.80951130
0.34661069	12.66763380	-0.83830319	0.34650735	12.66747826	-0.83817738
0.29992292	12.69209468	-0.87102697	0.29979787	12.69190208	-0.87085639
0.25680495	12.68139091	-0.84121192	0.25667734	12.68113457	-0.84101911
0.29695687	12.67798754	-0.77166095	0.29681194	12.67771733	-0.77145945
0.33589812	12.68065382	-0.80839149	0.33575650	12.68044191	-0.80820611
0.15006915	12.71473028	-0.71180138	0.14987675	12.71427408	-0.71152400
0.01758483	12.76646326	-0.57052821	0.01731978	12.76578721	-0.57017545
0.02147675	12.80345270	-0.49321172	0.02117491	12.80273031	-0.49282404
0.17383063	12.72922866	-0.63609639	0.17360658	12.72874228	-0.63579199
-0.09945058	12.80859477	-0.50764828	-0.09975635	12.80776065	-0.50723736
-0.20702935	12.84048548	-0.51167368	-0.20737685	12.83954048	-0.51121457
-0.21061099	12.90835870	-0.45066219	-0.21102621	12.90738060	-0.45016883
-0.10176746	12.86741649	-0.43696742	-0.10213360	12.86654018	-0.43651904
-0.31206175	12.86157197	-0.57170627	-0.31245112	12.86054601	-0.57120647
-0.41048825	12.87357784	-0.63969826	-0.41091015	12.87248255	-0.63916470
-0.42728007	12.90068968	-0.58766945	-0.42772113	12.89955568	-0.58712234
-0.32169766	12.91406733	-0.51614175	-0.32213390	12.91300631	-0.51561749
-0.49852108	12.87740438	-0.66803526	-0.49895331	12.87623824	-0.66748299
-0.57827223	12.87391293	-0.65654975	-0.57870095	12.87267027	-0.65598791
-0.57756406	12.87585314	-0.62113004	-0.57799162	12.87459576	-0.62056785
-0.52097797	12.88454026	-0.61976673	-0.52141124	12.88333308	-0.61920874
-0.65249803	12.86493507	-0.60526365	-0.65291721	12.86360736	-0.60469765
-0.70186007	12.84752755	-0.52606658	-0.70226484	12.84612549	-0.52550157
-0.66484003	12.86333973	-0.49751033	-0.66525441	12.86195456	-0.49694226
-0.62731940	12.87370345	-0.57411458	-0.62774426	12.87238321	-0.57354735
-0.70699161	12.81896176	-0.43125083	-0.70737107	12.81751905	-0.43068827
-0.68022707	12.77087727	-0.34203945	-0.68056371	12.76942911	-0.34148501
-0.65860202	12.77765859	-0.35480418	-0.65894477	12.77622965	-0.35425328
-0.67080885	12.82504590	-0.41446301	-0.67118990	12.82362491	-0.41390278
-0.63352989	12.69572504	-0.27964063	-0.63379797	12.69429444	-0.27911391
-0.56004801	12.63475148	-0.23141718	-0.56024938	12.63335536	-0.23093907
-0.54247991	12.69442760	-0.26193041	-0.54273585	12.69305762	-0.26144212
-0.61850926	12.73834128	-0.31156681	-0.61881341	12.73692960	-0.31103640
-0.45321413	12.62950854	-0.18368406	-0.45338311	12.62818861	-0.18325771
-0.32612853	12.60880036	-0.14743728	-0.32627230	12.60757738	-0.14707391
-0.30834784	12.66283226	-0.17559238	-0.30854242	12.66164016	-0.17520357
-0.43436725	12.68736754	-0.21279730	-0.43459289	12.68607307	-0.21235734
-0.18916803	12.50472620	-0.13466420	-0.18924077	12.50362517	-0.13440628
-0.04012611	12.38942390	-0.14263715	-0.04012565	12.38845756	-0.14247564
-0.03764763	12.45952452	-0.17267765	-0.03769949	12.45858306	-0.17246011
-0.17753993	12.56779157	-0.16263430	-0.17766189	12.56672085	-0.16233475
0.12159180	12.32996983	-0.16281135	0.12163526	12.32916334	-0.16269034
0.25087785	12.31235484	-0.18775137	0.25095311	12.31168653	-0.18765047
0.23040290	12.37300236	-0.23832301	0.23042092	12.37237629	-0.23812998
0.11201820	12.39782610	-0.20310630	0.11201101	12.39704601	-0.20291987
0.30108873	12.34820650	-0.20779522	0.30112861	12.34766784	-0.20763378
0.28596921	12.43247524	-0.27577024	0.28592227	12.43195258	-0.27552672
0.27805549	12.40452650	-0.26232347	0.27803640	12.40398878	-0.26210171
0.31228967	12.34025434	-0.22075660	0.31226993	12.33984405	-0.22061155
0.34620000	12.27620000	-0.23202000	0.34620000	12.27620000	-0.23202000
0.31860239	12.32848090	-0.28959704	0.31859649	12.32815044	-0.28952713
0.28522854	12.39144729	-0.27777311	0.28519686	12.39096625	-0.27758362
0.44425997	12.21770000	-0.27141000	0.44425997	12.21770000	-0.27141000
0.57587000	12.16340070	-0.32883000	0.57587000	12.16340070	-0.32883000
0.57006396	12.24114057	-0.38206611	0.57012853	12.24103380	-0.38201265
0.42791977	12.28343901	-0.32696543	0.42797406	12.28325817	-0.32690579
0.70622003	12.08180000	-0.39380000	0.70622003	12.08180000	-0.39380000
0.70066360	12.17990487	-0.44692385	0.70073595	12.17984829	-0.44688538
0.76353863	12.39511982	-1.04691490	0.76359682	12.39528824	-1.04680923
0.86659996	12.24699641	-1.04618731	0.86675746	12.24723358	-1.04610372
0.78229396	12.37763074	-0.85861522	0.78230178	12.37774284	-0.85849851
0.87535453	12.22480705	-0.90576972	0.87547982	12.22499564	-0.90569164
0.79553181	12.26225402	-0.67136470	0.79558362	12.26230465	-0.67128217
0.87526176	12.15016956	-0.75395897	0.87539050	12.15029836	-0.75390716
0.53218688	12.60758093	-0.90074663	0.53208506	12.60755463	-0.90060678
0.64600517	12.52256520	-0.98907582	0.64595326	12.52261724	-0.98897444
0.56331224	12.53683757	-0.68841120	0.56320030	12.53673575	-0.68822411
0.67658120	12.47818978	-0.77891063	0.67651038	12.47820026	-0.77875814
0.57016124	12.38421248	-0.50879980	0.57015338	12.38407364	-0.50866089
0.69205701	12.33900849	-0.58744063	0.69206250	12.33897082	-0.58733164
-0.22153561	12.90262311	-0.36592676	-0.22194279	12.90159493	-0.36543655
-0.11552430	12.85960816	-0.35028903	-0.11588696	12.85867584	-0.34983993
-0.24304795	12.84374790	-0.28007487	-0.24339864	12.84266060	-0.27961145
-0.13612864	12.79430123	-0.26684012	-0.13643247	12.79331124	-0.26642000
-0.01838997	12.72761077	-0.30245880	-0.01863405	12.72675498	-0.30208571
0.00468244	12.79467514	-0.39739560	0.00438328	12.79388716	-0.39699762
-0.27661088	12.75259182	-0.21839666	-0.27688278	12.75144770	-0.21797142
-0.15858232	12.68019480	-0.20585581	-0.15879461	12.67915840	-0.20549096
-0.03119773	12.59474807	-0.22697005	-0.03134100	12.59384695	-0.22666083
-0.55715524	12.90368112	-0.53844935	-0.55760093	12.90240492	-0.53787912
-0.59132358	12.89605428	-0.44687252	-0.59175880	12.89470922	-0.44630110
-0.48923176	12.91565854	-0.38509562	-0.48967040	12.91438011	-0.38453796
-0.45585457	12.92987560	-0.49043138	-0.45631356	12.92867222	-0.48986996
-0.60771535	12.82286196	-0.36873709	-0.60808849	12.82147590	-0.36818814
-0.51878411	12.81259956	-0.31006256	-0.51913499	12.81126583	-0.30954098
-0.33992348	12.92784950	-0.42223496	-0.34036475	12.92673105	-0.42170541
-0.36685703	12.89128082	-0.32407165	-0.36725804	12.89009482	-0.32355747
-0.40224588	12.79287812	-0.25665813	-0.40256264	12.79162970	-0.25618208
0.29157569	12.63508602	-0.64731077	0.29141747	12.63472673	-0.64707511
0.33331768	12.63225253	-0.67098915	0.33316184	12.63194483	-0.67076730
0.26548654	12.56676100	-0.49697922	0.26536827	12.56631156	-0.49671043
0.31182276	12.56634981	-0.50700615	0.31170264	12.56595508	-0.50674443
0.31575462	12.58427224	-0.49134155	0.31561451	12.58387494	-0.49107562
0.33421146	12.64647511	-0.66249003	0.33404317	12.64616217	-0.66226153
0.34149768	12.62923804	-0.68535913	0.34134287	12.62894497	-0.68514785
0.31823919	12.57024663	-0.50635314	0.31810741	12.56986188	-0.50609859
0.35076332	12.55114241	-0.54729661	0.35064835	12.55080855	-0.54706437
0.37102201	12.61123390	-0.73630079	0.37088937	12.61099130	-0.73611713
0.32601287	12.43536819	-0.39562626	0.32596221	12.43497692	-0.39542655
0.29344635	12.48129471	-0.37162914	0.29337269	12.48083408	-0.37138153
0.28777916	12.48513950	-0.36653950	0.28771097	12.48465743	-0.36627786
0.24038628	12.47037774	-0.35059970	0.24033148	12.46984135	-0.35034679
0.44394279	12.55069311	-0.60943549	0.44382553	12.55045930	-0.60921773
0.43729039	12.62001029	-0.81242184	0.43716634	12.61988280	-0.81226839
0.43305084	12.40864362	-0.44325708	0.43302418	12.40839468	-0.44309642
0.13593426	12.63240323	-0.40416012	0.13577406	12.63175050	-0.40381841
0.16191086	12.70420918	-0.52670534	0.16169337	12.70364766	-0.52637813
0.11752642	12.51418874	-0.28966676	0.11744403	12.51346262	-0.28938339
0.15956900	13.13734467	-0.38566671	0.15895880	13.13667552	-0.38509964
0.25514059	13.02138222	-0.12079170	0.25463819	13.02066943	-0.12028272
0.29488643	12.90727066	-0.07998178	0.29448405	12.90657808	-0.07952231
0.32452774	12.72675696	-0.08570645	0.32426182	12.72606333	-0.08528350
0.34426036	12.54285119	-0.11190995	0.34407673	12.54195690	-0.11133500
0.23886065	12.85511847	-0.80914414	0.23855718	12.85479801	-0.80880433
0.33772471	12.36706010	-0.18164936	0.33773219	12.36653065	-0.18145185
0.17279897	13.05536137	-0.58044334	0.17226654	13.05481573	-0.57992969
0.19884578	12.98656684	-0.68131188	0.19839160	12.98611506	-0.68085592
0.89694510	11.96085377	-0.57120863	0.89704548	11.96091995	-0.57122371
0.82719427	12.01957227	-0.45660336	0.82718924	12.01956484	-0.45660065
0.94131745	11.92472926	-0.70514877	0.94153937	11.92487350	-0.70516748
0.74801420	12.33410714	-1.28567289	0.74822148	12.33432164	-1.28560773
0.46156383	12.62062861	-1.16602082	0.46156054	12.62068570	-1.16599813
0.35333587	12.65847290	-1.05740081	0.35330173	12.65845910	-1.05734595
0.28692969	12.66094092	-0.95868388	0.28687721	12.66081149	-0.95860334
0.27232199	12.69007077	-0.89641444	0.27221728	12.68987268	-0.89626728
0.25543205	12.70098957	-0.88251770	0.25529043	12.70075999	-0.88231695
0.20727538	12.68640854	-0.86438817	0.20714547	12.68612170	-0.86417988
0.11862536	12.70644939	-0.74916621	0.11844922	12.70599197	-0.74889907
0.00989100	12.73808746	-0.61839255	0.00965769	12.73743939	-0.61806449
-0.19913869	12.77772746	-0.55321398	-0.19942176	12.77681240	-0.55278893
-0.30218451	12.81981650	-0.60327075	-0.30253401	12.81881467	-0.60279179
-0.48588165	12.88276342	-0.69017757	-0.48632171	12.88161782	-0.68962482
-0.56811502	12.88557813	-0.67888405	-0.56855631	12.88435396	-0.67831818
-0.71414434	12.85198359	-0.53753942	-0.71455311	12.85057687	-0.53697263
-0.19146173	12.51414627	-0.11249666	-0.19153988	12.51302787	-0.11223016
0.13908295	12.34530847	-0.13774374	0.13910848	12.34449306	-0.13760423
0.30837350	12.37648359	-0.21984131	0.30837125	12.37598031	-0.21965132
0.38316123	12.29039848	-0.19374205	0.38318049	12.29016540	-0.19365744
0.46972024	12.23539089	-0.23754759	0.46976763	12.23526688	-0.23746906
0.71413031	12.09140409	-0.37159191	0.71413222	12.09138603	-0.37158364
0.29423514	12.50828132	-0.36449539	0.29414558	12.50780547	-0.36422842
0.58139930	12.77435608	-0.53578280	0.58110284	12.77416822	-0.53545204
0.30179801	12.98354952	-0.52253740	0.30133126	12.98309228	-0.52207126
0.03050497	12.98566534	-0.25506167	0.03003317	12.98481720	-0.25456074
0.09873297	13.06887224	-0.29926271	0.09818496	13.06810581	-0.29872537
0.31641047	12.86036428	-0.28698920	0.31604110	12.85978006	-0.28655131
0.02782972	12.95972867	-0.41384326	0.02737926	12.95896139	-0.41336264
0.12088228	13.03779579	-0.40904658	0.12036186	13.03710701	-0.40853046
0.36456493	12.81993451	-0.68807234	0.36425859	12.81964744	-0.68773943
0.15476610	13.01926893	-0.17101518	0.15426543	13.01848918	-0.17050225
0.21872510	12.81158743	-0.78861580	0.21845892	12.81123932	-0.78830046
0.32792145	12.75315377	-0.52565995	0.32765182	12.75274862	-0.52532989
0.32655512	12.88439344	-0.83576137	0.32623227	12.88416573	-0.83540897
0.39342457	12.43047636	-0.24136538	0.39339424	12.43009534	-0.24112667
0.24232290	13.03989692	-0.43814888	0.24180378	13.03933248	-0.43764207
0.47479755	12.68193965	-0.66335291	0.47458579	12.68173917	-0.66309843
0.69603234	12.74857532	-0.76783290	0.69578272	12.74858632	-0.76754398
0.32443142	12.93104508	-0.19229442	0.32400411	12.93042544	-0.19182948
-0.43013368	12.90009767	-0.23895453	-0.43053410	12.89881575	-0.23842337
0.15048216	13.07241242	-0.23990462	0.14993357	13.07166284	-0.23936707
0.32122509	12.94241830	-0.68107418	0.32081233	12.94207992	-0.68065937
-0.51705083	12.90014383	-0.27951525	-0.51746209	12.89880031	-0.27896058
0.22580798	13.02340697	-0.31990879	0.22529997	13.02276279	-0.31940155
0.28872058	12.45064201	-0.19625689	0.28866382	12.45002431	-0.19596611
0.11663706	13.09075985	-0.36110792	0.11606782	13.09004070	-0.36056213
0.20765162	13.07072428	-0.48014828	0.20710440	13.07015213	-0.47962395
0.25330456	12.60390521	-0.23864309	0.25315599	12.60325911	-0.23826318
0.16576529	12.93086531	-0.50139993	0.16534404	12.93027349	-0.50095147
0.27556931	12.88824622	-0.82561667	0.27523967	12.88796622	-0.82525861
0.28267094	12.83766463	-0.82953445	0.28239126	12.83739950	-0.82922078
0.22871642	13.01600206	-0.53652416	0.22822052	13.01548425	-0.53603571
0.37368207	12.79058277	-0.19060041	0.37336465	12.78999632	-0.19016938
0.49650686	12.58777165	-0.42802063	0.49634924	12.58749267	-0.42773670
0.30442825	12.75903017	-0.88374613	0.30425015	12.75884403	-0.88353187
0.15910677	12.95934854	-0.63665447	0.15867292	12.95883128	-0.63620706
0.39108633	12.37076705	-0.21968770	0.39111658	12.37042075	-0.21952714
0.35698891	12.47778338	-0.30795112	0.35691503	12.47735455	-0.30768594
0.19254364	12.85891820	-0.17963616	0.19217935	12.85817289	-0.17918923
0.38866628	12.72921759	-0.90710625	0.38853002	12.72913156	-0.90694834
0.29570473	12.79064850	-0.84441655	0.29547575	12.79041304	-0.84415444
0.14277911	13.10507849	-0.27194131	0.14219945	13.10433763	-0.27138778
0.41297486	12.59911950	-0.24052123	0.41280075	12.59862663	-0.24012956
0.21358226	12.85628899	-0.76474530	0.21326604	12.85591435	-0.76439105
0.42655815	12.71131325	-0.82347096	0.42637957	12.71117074	-0.82326026
0.82513738	12.74559551	-0.86308086	0.82490032	12.74572438	-0.86278075
0.56425115	12.79099240	-0.92272594	0.56402644	12.79099533	-0.92245386
0.33917935	12.67651306	-0.19140973	0.33895834	12.67587164	-0.19097078
0.24891044	12.75346693	-0.17462595	0.24863052	12.75276681	-0.17420824
