0.85249745	12.73543453	-0.42017420	0.85275967	12.73524225	-0.42020532
0.82404340	12.87368148	-0.44880786	0.82436944	12.87349649	-0.44884264
0.90016053	12.83208416	-0.54709891	0.90047054	12.83185227	-0.54713879
0.93168351	12.69880637	-0.53258104	0.93193045	12.69856323	-0.53262087
0.78185890	12.96465659	-0.50910043	0.78222923	12.96448512	-0.50913681
0.86193811	12.91826505	-0.58999486	0.86228952	12.91804661	-0.59003459
0.91112750	12.87515569	-0.65035830	0.91145526	12.87490457	-0.65040241
0.94924225	12.80514553	-0.64469558	0.94953508	12.80487644	-0.64474229
0.98269858	12.67593615	-0.64578324	0.98292234	12.67565191	-0.64583401
0.71886970	12.76509798	-1.16413804	0.71908534	12.76491894	-1.16416560
0.84089860	12.71411571	-1.14241435	0.84108054	12.71387055	-1.14245446
0.81015788	12.82070728	-1.07358283	0.81043460	12.82047641	-1.07362190
0.68854763	12.86737079	-1.09026487	0.68888219	12.86720113	-1.09028868
0.94187137	12.67997067	-1.07969725	0.94203435	12.67966727	-1.07975174
0.90949418	12.79118800	-1.02093627	0.90974878	12.79090369	-1.02098562
0.87027679	12.85986159	-0.97026377	0.87058308	12.85960318	-0.97030752
0.79172762	12.90101797	-0.98557086	0.79206290	12.90079976	-0.98560434
0.67021824	12.94741369	-0.99090912	0.67060380	12.94725896	-0.99092590
0.59776404	12.83377377	-0.20820741	0.59805990	12.83371961	-0.20823057
0.57980518	12.97078494	-0.25595938	0.58016470	12.97073560	-0.25599283
0.71381743	12.92257047	-0.34863657	0.71416069	12.92244837	-0.34866804
0.73494353	12.78314467	-0.30819554	0.73522234	12.78301827	-0.30821976
0.54949381	13.05719752	-0.34043967	0.54989607	13.05715515	-0.34047986
0.67790774	13.01300657	-0.42445359	0.67829519	13.01289426	-0.42448978
0.47185352	12.88027326	-1.06408418	0.47234953	12.88014368	-1.06414061
0.59651040	12.82629096	-1.13659477	0.59683836	12.82616581	-1.13662899
0.56662911	12.91881013	-1.06408263	0.56706272	12.91870025	-1.06411262
0.44310570	12.96309920	-0.98932538	0.44360635	12.96300814	-0.98937404
0.54611730	12.99360858	-0.96230353	0.54654700	12.99352255	-0.96232602
0.42142128	13.03297689	-0.88657746	0.42186940	13.03294097	-0.88662350
-0.01226256	12.98998108	-0.06698308	-0.01192899	12.99021440	-0.06705449
-0.14065354	13.00183979	-0.08909782	-0.14031817	13.00212477	-0.08918913
-0.14302927	13.07519290	-0.13574727	-0.14266267	13.07547285	-0.13584764
-0.01821552	13.07724740	-0.11104481	-0.01784405	13.07747759	-0.11112582
-0.25941164	13.00353954	-0.12545538	-0.25907563	13.00386447	-0.12556841
-0.26027941	13.06488688	-0.17396820	-0.25991524	13.06520525	-0.17409009
-0.26144622	13.10601394	-0.23954111	-0.26106014	13.10632335	-0.23966953
-0.14493594	13.12203074	-0.20197883	-0.14454339	13.12230363	-0.20208446
-0.02308248	13.13119085	-0.17698496	-0.02268256	13.13141558	-0.17707087
0.03321890	12.97569261	-0.59140262	0.03359771	12.97586948	-0.59146286
0.01823491	13.03810659	-0.56593822	0.01863906	13.03829057	-0.56600483
-0.06280699	13.04018045	-0.55545358	-0.06240187	13.04039236	-0.55553410
-0.04865813	12.98397534	-0.57102067	-0.04827354	12.98418161	-0.57109336
-0.00133573	13.09212351	-0.51860782	-0.00091451	13.09231660	-0.51868195
-0.08434898	13.08651523	-0.51981465	-0.08393070	13.08673711	-0.51990371
-0.17791272	13.07934942	-0.53600504	-0.17749473	13.07959696	-0.53611245
-0.15530323	13.03831455	-0.57183885	-0.15489377	13.03855246	-0.57193741
-0.14063754	12.98710820	-0.58920799	-0.14024326	12.98734045	-0.58929836
0.98764302	12.28707437	-0.67206712	0.98766375	12.28681351	-0.67212729
0.96610632	12.06827623	-0.68790925	0.96603168	12.06803778	-0.68794258
0.91390667	12.09556630	-0.55255313	0.91389792	12.09540138	-0.55257390
0.92923582	12.30213258	-0.53677799	0.92929479	12.30192834	-0.53681120
0.83613053	12.14594214	-0.43120606	0.83615460	12.14584847	-0.43120685
0.84388978	12.32768866	-0.41132240	0.84396784	12.32753957	-0.41133621
0.97927680	12.37794245	-1.14169169	0.97921618	12.37762117	-1.14175858
0.88452201	12.43889687	-1.21062096	0.88448587	12.43863555	-1.21066830
0.87917492	12.27942954	-1.23541280	0.87902069	12.27916851	-1.23544772
0.97100500	12.18670874	-1.15700626	0.97081295	12.18639089	-1.15706285
0.75762271	12.51584268	-1.23934856	0.75764037	12.51568784	-1.23937332
0.75322155	12.39561690	-1.27069352	0.75314085	12.39545732	-1.27070644
0.86650028	12.17476812	-1.24320930	0.86626710	12.17451071	-1.24323097
0.95165062	12.05217454	-1.15500126	0.95136910	12.05186476	-1.15503229
0.99437714	12.49595357	-0.65721762	0.99450169	12.49567314	-0.65727340
0.93788518	12.51225745	-0.53066169	0.93803593	12.51202330	-0.53070218
0.85373916	12.54110471	-0.40860307	0.85390876	12.54092381	-0.40862703
0.86879046	12.58538409	-1.18372293	0.86887219	12.58513045	-1.18376284
0.96770648	12.54231334	-1.11800048	0.96776577	12.54199549	-1.11806209
0.74389278	12.64348145	-1.20865577	0.74401441	12.64331139	-1.20868277
0.60066864	12.41959850	-0.22555215	0.60077228	12.41954679	-0.22554565
0.60150531	12.63437889	-0.20313666	0.60171012	12.63432482	-0.20314499
0.73482941	12.58418025	-0.29739818	0.73501586	12.58406066	-0.29741250
0.72792921	12.37012688	-0.30828195	0.72802266	12.37003130	-0.30827836
0.46989306	12.70471638	-1.15113476	0.47001828	12.70470011	-1.15117774
0.61267180	12.61466133	-1.21935692	0.61273905	12.61461759	-1.21935890
0.61014990	12.71840362	-1.18584461	0.61030400	12.71830255	-1.18584947
0.47633010	12.78808394	-1.11765295	0.47661359	12.78801334	-1.11771711
0.58654707	12.17467174	-0.30174413	0.58655125	12.17465673	-0.30173827
0.59748662	12.28038176	-0.26238925	0.59752898	12.28034052	-0.26238058
0.72354138	12.21560219	-0.33754879	0.72357644	12.21553360	-0.33753646
0.60080287	12.48674806	-1.25178550	0.60079571	12.48673252	-1.25178098
0.60712485	12.53410585	-1.24356558	0.60714645	12.53408209	-1.24356753
0.46328986	12.64923489	-1.16674881	0.46335427	12.64924329	-1.16678710
-0.00429944	12.71217534	-0.06576512	-0.00407575	12.71240575	-0.06580462
-0.15282721	12.78088204	-0.07318481	-0.15257621	12.78117570	-0.07324871
-0.14278228	12.90366759	-0.07075922	-0.14248621	12.90395618	-0.07083831
-0.00452944	12.86658031	-0.05515610	-0.00424480	12.86681266	-0.05521320
-0.28867572	12.83210809	-0.09788159	-0.28840417	12.83244976	-0.09797224
-0.26999024	12.92718007	-0.10181197	-0.26968455	12.92751302	-0.10191564
0.02896240	12.84624250	-0.62044161	0.02928226	12.84642037	-0.62048987
0.03526878	12.91160464	-0.60784913	0.03562030	12.91178029	-0.60790292
-0.04584680	12.92218597	-0.58031949	-0.04548714	12.92239048	-0.58038579
-0.05419852	12.85740092	-0.58429995	-0.05386434	12.85760690	-0.58436048
-0.13752805	12.92980632	-0.59738860	-0.13715341	12.93003625	-0.59747251
-0.14732289	12.86901428	-0.59619094	-0.14697109	12.86924678	-0.59626935
-0.03411488	12.41646278	-0.12013215	-0.03401835	12.41669847	-0.12014689
-0.17407071	12.63378727	-0.09099569	-0.17387514	12.63408575	-0.09104056
-0.01918203	12.54156491	-0.08971395	-0.01902892	12.54179659	-0.08973876
-0.32544056	12.62670699	-0.12974620	-0.32523659	12.62705541	-0.12980509
-0.31166394	12.71442084	-0.10966579	-0.31143112	12.71476916	-0.10973835
0.01884663	12.77997239	-0.63226069	0.01913511	12.78015308	-0.63230297
-0.07367059	12.79101281	-0.58143774	-0.07336224	12.79122335	-0.58149273
-0.09152037	12.76402403	-0.56136274	-0.09122112	12.76424081	-0.56141565
-0.17142964	12.80653025	-0.58410746	-0.17109955	12.80676967	-0.58418301
-0.38170121	13.00069206	-0.17475039	-0.38136167	13.00105059	-0.17488716
-0.37381293	13.05082794	-0.22054413	-0.37345067	13.05117540	-0.22068823
-0.49154515	12.99391514	-0.23141375	-0.49120186	12.99429687	-0.23157477
-0.47176407	13.03464201	-0.27242078	-0.47140139	13.03500972	-0.27258444
-0.44963435	13.06786005	-0.32269678	-0.44925311	13.06821292	-0.32286132
-0.36385229	13.08784786	-0.27970480	-0.36346862	13.08818296	-0.27985210
-0.25964680	13.03603289	-0.59143622	-0.25923296	13.03629643	-0.59155887
-0.24527002	12.99080251	-0.61634797	-0.24486577	12.99105965	-0.61646278
-0.27991660	13.07248374	-0.55104060	-0.27949843	13.07275734	-0.55117173
-0.37460550	13.06389543	-0.55968718	-0.37418958	13.06419128	-0.55983921
-0.35970274	13.03262912	-0.60451597	-0.35928904	13.03291516	-0.60466158
-0.35005634	12.99427998	-0.63830789	-0.34964591	12.99456002	-0.63844694
-0.24665217	12.94229038	-0.63214437	-0.24626009	12.94254632	-0.63225476
-0.35753822	12.95534613	-0.66304727	-0.35713426	12.95562483	-0.66318438
-0.37228637	12.91802366	-0.67712849	-0.37188855	12.91830432	-0.67726531
-0.25940671	12.89278383	-0.63664128	-0.25902705	12.89304237	-0.63675017
-0.53583321	12.88830076	-0.19075039	-0.53552658	12.88870289	-0.19090012
-0.55589990	12.76629873	-0.19623363	-0.55562669	12.76670473	-0.19636050
-0.63195704	12.80307972	-0.25379668	-0.63165858	12.80348882	-0.25394895
-0.61382912	12.89906920	-0.25306453	-0.61350646	12.89947389	-0.25323302
-0.56398439	12.66156601	-0.21346241	-0.56373762	12.66197027	-0.21356648
-0.63929026	12.72045770	-0.26562517	-0.63901004	12.72086678	-0.26576019
-0.68766551	12.79019853	-0.33580440	-0.68734799	12.79059726	-0.33596728
-0.68137519	12.84250313	-0.33005822	-0.68104814	12.84290246	-0.33022967
-0.66536357	12.90558733	-0.33170279	-0.66502179	12.90598305	-0.33188285
-0.45455719	12.65146235	-0.16556193	-0.45432976	12.65184656	-0.16564345
-0.44336526	12.74768281	-0.14659363	-0.44311145	12.74806768	-0.14669440
-0.42113654	12.86697083	-0.13828068	-0.42084700	12.86734941	-0.13840184
-0.46818243	12.93368191	-0.68810502	-0.46778081	12.93397688	-0.68825942
-0.47509382	12.90665974	-0.69866996	-0.47469644	12.90695415	-0.69882241
-0.38444380	12.88471982	-0.67895394	-0.38405392	12.88500311	-0.67909012
-0.55478729	12.93880528	-0.66818140	-0.55438633	12.93911774	-0.66834770
-0.55954862	12.91207171	-0.68293098	-0.55915043	12.91238266	-0.68309450
-0.39526995	12.86793445	-0.66854318	-0.39488679	12.86822153	-0.66868024
-0.27913899	12.84459467	-0.62878022	-0.27877537	12.84485901	-0.62888963
0.90095647	12.88310169	-0.90158128	0.90127858	12.88283109	-0.90162746
0.80120649	12.95046734	-0.88753059	0.80157303	12.95025298	-0.88756664
0.91737279	12.89751842	-0.81284868	0.91770411	12.89724816	-0.81289633
0.82251472	12.97034000	-0.78299571	0.82289279	12.97012081	-0.78303264
0.71209926	13.02639195	-0.74180799	0.71250473	13.02623344	-0.74184346
0.68257640	13.00223714	-0.87087818	0.68297858	13.00208508	-0.87090657
0.91838256	12.89377816	-0.72092371	0.91871825	12.89351552	-0.72096961
0.83940195	12.96166029	-0.67648799	0.83977423	12.96144250	-0.67652813
0.74490579	13.01458881	-0.61454956	0.74530556	13.01442622	-0.61458694
1.00159216	12.66918951	-0.98501489	1.00176243	12.66885475	-0.98508048
0.96440441	12.79094010	-0.93987583	0.96466425	12.79062892	-0.93993122
1.02476664	12.66969232	-0.87367394	1.02495867	12.66935619	-0.87374173
0.98419573	12.80035573	-0.84306927	0.98446950	12.80004408	-0.84312560
1.01610317	12.66893154	-0.76028038	1.01631004	12.66861624	-0.76034076
0.97822764	12.80006801	-0.74365385	0.97850981	12.79977232	-0.74370696
0.56246173	13.04808669	-0.82590436	0.56289073	13.04799922	-0.82593572
0.59894386	13.07375154	-0.67706410	0.59937451	13.07365609	-0.67709990
0.47486380	13.11280689	-0.59476097	0.47530575	13.11278001	-0.59480808
0.43801732	13.08619141	-0.74670090	0.43845689	13.08616756	-0.74674734
0.63854573	13.06263316	-0.53896049	0.63896314	13.06253038	-0.53899852
0.51322355	13.10380502	-0.45658161	0.51365364	13.10377052	-0.45662669
-0.38314891	13.08148033	-0.50182785	-0.38273612	13.08178652	-0.50198282
-0.46666973	13.06307995	-0.51442324	-0.46626163	13.06340089	-0.51459316
-0.44672431	13.05160876	-0.55674112	-0.44631308	13.05191890	-0.55690553
-0.39525737	13.08767238	-0.43881604	-0.39485339	13.08799150	-0.43897378
-0.48887403	13.06505848	-0.46994275	-0.48847223	13.06539177	-0.47011714
-0.57325037	13.03864551	-0.49907470	-0.57285205	13.03898972	-0.49926030
-0.53559580	13.04057506	-0.53160194	-0.53519231	13.04090638	-0.53178101
-0.49787073	13.03891823	-0.55778549	-0.49746371	13.03923857	-0.55795735
-0.42077353	13.08436704	-0.37862941	-0.42037800	13.08470248	-0.37879078
-0.50272715	13.06094648	-0.41859711	-0.50233371	13.06129149	-0.41877303
-0.51768432	13.04653135	-0.36769742	-0.51730264	13.04688983	-0.36787432
-0.56326077	13.02951026	-0.40000768	-0.56287959	13.02987214	-0.40019057
-0.57511093	13.03453214	-0.44860121	-0.57471993	13.03488606	-0.44878682
-0.01710792	13.13108485	-0.43672429	-0.01668020	13.13128772	-0.43680487
-0.10885038	13.11878406	-0.44929894	-0.10842932	13.11901997	-0.44939582
-0.02656516	13.15265187	-0.34143882	-0.02613862	13.15286419	-0.34152437
-0.12977579	13.13657201	-0.36281472	-0.12935772	13.13682313	-0.36291718
-0.23095191	13.11942637	-0.39394437	-0.23054009	13.11970576	-0.39406771
-0.20488259	13.10582451	-0.47227920	-0.20446501	13.10608644	-0.47239543
-0.02720018	13.15452480	-0.25431200	-0.02678204	13.15474393	-0.25439907
-0.14118752	13.14005627	-0.27903911	-0.14077853	13.14031954	-0.27914516
-0.25081868	13.12182144	-0.31443652	-0.25041642	13.12211676	-0.31456471
0.98934178	11.97307269	-1.05862401	0.98905771	11.97275843	-1.05864893
1.01232032	12.11790530	-1.05686794	1.01212264	12.11757540	-1.05692944
0.99179407	11.92820930	-0.95313681	0.99154321	11.92790987	-0.95314996
1.01828218	12.07473834	-0.94260943	1.01810928	12.07442302	-0.94266491
1.03817265	12.29234077	-0.92727897	1.03812151	12.29200761	-0.92735698
1.02679052	12.32691349	-1.04319162	1.02672601	12.32657355	-1.04326837
0.97329789	11.91186430	-0.83407747	0.97308940	11.91159300	-0.83407332
1.00182770	12.05969403	-0.81911787	1.00169590	12.05940808	-0.81916189
1.02456802	12.28151323	-0.80289480	1.02454741	12.28121066	-0.80296654
1.02310737	12.51265853	-1.01882350	1.02316656	12.51231489	-1.01889756
1.04181273	12.49515725	-0.90364156	1.04188850	12.49481448	-0.90371524
1.03063875	12.48991469	-0.78231184	1.03073493	12.48959667	-0.78237908
-0.64082622	12.93353576	-0.61582116	-0.64043293	12.93386823	-0.61599906
-0.64760032	12.90371208	-0.62771745	-0.64721048	12.90404316	-0.62789168
-0.69867692	12.92342185	-0.53603395	-0.69829624	12.92377676	-0.53621907
-0.70912654	12.88721003	-0.54197651	-0.70875163	12.88756492	-0.54215667
-0.64940942	12.88030656	-0.62908226	-0.64902325	12.88063750	-0.62925315
-0.70040044	12.91392790	-0.43375986	-0.70003723	12.91430511	-0.43394624
-0.71389859	12.86883627	-0.43461882	-0.71354317	12.86921487	-0.43479850
-0.71686269	12.83313248	-0.43627920	-0.71651314	12.83351063	-0.43645172
-0.29620456	13.09456174	-0.48877879	-0.29578980	13.09484757	-0.48891531
-0.31443110	13.10445004	-0.41643260	-0.31402193	13.10475036	-0.41657286
-0.34051744	13.10395509	-0.34595526	-0.34011971	13.10427343	-0.34610122
-0.59367721	12.95143533	-0.26589096	-0.59333913	12.95183247	-0.26606653
-0.51334591	12.95456813	-0.20333501	-0.51301906	12.95496162	-0.20349353
-0.64770028	12.94575820	-0.34099998	-0.64734816	12.94614868	-0.34118470
-0.62449964	12.97531430	-0.35790957	-0.62413799	12.97569657	-0.35809546
-0.57058713	12.98338224	-0.29026596	-0.57023594	12.98376839	-0.29044288
-0.39881801	12.94533855	-0.14763062	-0.39850134	12.94570729	-0.14776161
-0.45513145	12.96471654	-0.66976144	-0.45472566	12.96501193	-0.66991717
-0.44323051	12.99706792	-0.64158580	-0.44282071	12.99736505	-0.64174314
-0.52737854	12.99609740	-0.62449760	-0.52697145	12.99641201	-0.62466831
-0.54330384	12.96764700	-0.65042006	-0.54289961	12.96796027	-0.65058883
-0.65733794	12.98063074	-0.52446014	-0.65694807	12.98098253	-0.52464921
-0.68166697	12.95312684	-0.53073178	-0.68128144	12.95348060	-0.53091965
-0.62706345	12.96186045	-0.60307489	-0.62666667	12.96219342	-0.60325541
-0.60618193	12.98909117	-0.58530863	-0.60578226	12.98942426	-0.58549037
-0.62526709	13.00983434	-0.51558235	-0.62487244	13.01018290	-0.51577129
-0.57889546	13.01553552	-0.55836120	-0.57849377	13.01586906	-0.55854332
-0.50919725	13.02187270	-0.58524345	-0.50878978	13.02219031	-0.58541468
-0.68293605	12.94711255	-0.43640294	-0.68256605	12.94748649	-0.43659244
-0.65855343	12.97518770	-0.44238288	-0.65817699	12.97555654	-0.44257306
-0.59224060	13.00635603	-0.38231840	-0.59186769	13.00672700	-0.38250332
-0.62481468	13.00525172	-0.45148370	-0.62443007	13.00561302	-0.45167292
-0.54280201	13.01791328	-0.32455426	-0.54243530	13.01828607	-0.32473187
-0.43967398	13.02783886	-0.60153199	-0.43926237	13.02814067	-0.60169180
0.18302729	13.12086095	-0.18577681	0.18343495	13.12099545	-0.18583427
0.15355831	13.15944818	-0.27110701	0.15398821	13.15959020	-0.27116813
0.18125593	13.14729398	-0.28578028	0.18168343	13.14742317	-0.28583799
0.21499961	13.10750066	-0.19728468	0.21540455	13.10762071	-0.19733870
0.13328351	13.16641117	-0.36624444	0.13372434	13.16655606	-0.36630860
0.15940160	13.15506516	-0.38311956	0.15984000	13.15519839	-0.38318017
0.18582744	13.13838183	-0.29577879	0.18625267	13.13850862	-0.29583569
0.21937540	13.09908843	-0.20367298	0.21977794	13.09920656	-0.20372621
0.19248825	13.14606649	-0.29683691	0.19291744	13.14619001	-0.29689383
0.22478485	13.10558086	-0.19854326	0.22519033	13.10569634	-0.19859637
0.17349028	13.15313156	-0.40022451	0.17393002	13.15325766	-0.40028398
0.21754329	13.15883598	-0.42609733	0.21798887	13.15894059	-0.42615484
0.23896672	13.15126397	-0.31467467	0.23940139	13.15136581	-0.31473001
0.27070530	13.10878304	-0.20929053	0.27111446	13.10887730	-0.20934200
0.25805559	12.93431752	-0.06540175	0.25837775	12.93442987	-0.06544259
0.22138314	13.05075201	-0.11108115	0.22175680	13.05087568	-0.11113205
0.25753664	13.03787470	-0.12240327	0.25790710	13.03798149	-0.12245056
0.29757569	12.92093413	-0.07844893	0.29789466	12.92102757	-0.07848604
0.26776599	13.03585338	-0.12287222	0.26813655	13.03595547	-0.12291892
0.30877495	12.91900898	-0.08182803	0.30909412	12.91909701	-0.08186458
0.31299005	13.03426497	-0.13014640	0.31336210	13.03434677	-0.13019066
0.35255341	12.91111644	-0.08769353	0.35287082	12.91118437	-0.08772791
0.37768259	12.72215670	-0.09156922	0.37791733	12.72221229	-0.09158755
0.33765110	12.73594821	-0.08721343	0.33789085	12.73602271	-0.08723417
0.39492483	12.52668258	-0.12209685	0.39507259	12.52672216	-0.12209966
0.35744939	12.55086908	-0.11750288	0.35760777	12.55092699	-0.11750819
0.32627372	12.73817519	-0.08250246	0.32651372	12.73825544	-0.08252362
0.34527325	12.55369824	-0.11261291	0.34543265	12.55376214	-0.11261900
0.29965499	12.56760163	-0.09462486	0.29981960	12.56768905	-0.09463386
0.28426633	12.75566606	-0.06657717	0.28451206	12.75576702	-0.06660171
0.26900982	12.78347760	-0.91982808	0.26934731	12.78354636	-0.91984754
0.25944082	12.85346444	-0.89553351	0.25983407	12.85351680	-0.89561104
0.23969394	12.85937884	-0.83626767	0.24003602	12.85944993	-0.83632611
0.25034982	12.79866718	-0.85971028	0.25066039	12.79874300	-0.85974422
0.24374162	12.92551415	-0.84511523	0.24412349	12.92557861	-0.84518981
0.22375422	12.92402648	-0.78928988	0.22412038	12.92410943	-0.78934930
0.23017404	12.91962284	-0.77137628	0.23053226	12.91970421	-0.77142689
0.25108083	12.80439195	-0.83889657	0.25137837	12.80445974	-0.83892534
0.22325329	12.85984036	-0.82167491	0.22358220	12.85992323	-0.82171568
0.22804662	12.80256027	-0.84457088	0.22833997	12.80264156	-0.84460152
0.21263491	12.92355657	-0.77943235	0.21299469	12.92364603	-0.77948285
0.17205351	12.93582306	-0.76486620	0.17241802	12.93593168	-0.76491753
0.17972570	12.86854731	-0.80330060	0.18005705	12.86865372	-0.80334311
0.18154575	12.80496865	-0.82431216	0.18183832	12.80507509	-0.82434525
0.27260247	12.71368785	-0.94476614	0.27279294	12.71378787	-0.94477207
0.25756659	12.73754312	-0.88363137	0.25781404	12.73762283	-0.88364005
0.25935924	12.75299213	-0.86135458	0.25961442	12.75305724	-0.86136911
0.27681628	12.71645007	-0.87443433	0.27703590	12.71650415	-0.87443873
0.23670190	12.74482442	-0.87126951	0.23695214	12.74489899	-0.87128614
0.18792652	12.73735777	-0.85382619	0.18817442	12.73746009	-0.85384960
0.28299019	12.32797822	-0.16241384	0.28304132	12.32805904	-0.16240803
0.30067650	12.42457531	-0.12870227	0.30077648	12.42465310	-0.12870191
0.34846006	12.42275637	-0.14500866	0.34855936	12.42280743	-0.14500796
0.33376233	12.35326877	-0.17759476	0.33382642	12.35332021	-0.17759132
0.35250099	12.43534420	-0.15229242	0.35260657	12.43539363	-0.15229213
0.36216252	12.41571723	-0.15005850	0.36225855	12.41576067	-0.15005749
0.34812438	12.34772323	-0.18402161	0.34818498	12.34776426	-0.18402118
0.39920376	12.38231429	-0.15849250	0.39928239	12.38233691	-0.15849052
0.12262240	13.14116238	-0.47145761	0.12306215	13.14130589	-0.47152187
0.15255555	13.12781217	-0.48543190	0.15299139	13.12794259	-0.48549255
0.12614903	13.08891902	-0.57956764	0.12657548	13.08905640	-0.57962864
0.16142770	13.07356758	-0.59019929	0.16184821	13.07368967	-0.59025673
0.16456539	13.11649439	-0.49214623	0.16499709	13.11661937	-0.49220521
0.17039497	13.12288046	-0.49227663	0.17082968	13.12300267	-0.49233567
0.18048977	13.06684051	-0.58636197	0.18090718	13.06695465	-0.58641759
0.20677314	13.07217364	-0.62564003	0.20719535	13.07227285	-0.62569572
0.20593945	13.12860391	-0.52469834	0.20638065	13.12870854	-0.52475583
0.22267578	13.00159901	-0.74390757	0.22307324	13.00168201	-0.74396400
0.20104230	12.99687193	-0.69581966	0.20143261	12.99696940	-0.69587276
0.18666370	13.00000475	-0.69537077	0.18705509	13.00010960	-0.69542350
0.14838378	13.01487675	-0.68414086	0.14878176	13.01500038	-0.68419494
0.39646456	13.09079598	-0.26270020	0.39687391	13.09083066	-0.26274602
0.43153471	13.01027997	-0.17882439	0.43190404	13.01030486	-0.17886329
0.45975351	12.87954801	-0.13250752	0.46006289	12.87956298	-0.13253626
0.31573196	12.99062196	-0.86242147	0.31614503	12.99063744	-0.86248138
0.34150096	12.91144258	-0.95142984	0.34206347	12.91134184	-0.95146960
0.29750745	13.06017773	-0.75035455	0.29793547	13.06021869	-0.75041379
0.13800190	12.96224003	-0.06035274	0.13833042	12.96240732	-0.06040513
0.11633886	13.06643769	-0.10506910	0.11671267	13.06660961	-0.10513173
0.09494759	13.12991345	-0.17518711	0.09535328	13.13008799	-0.17525611
0.09041327	13.02857297	-0.62499870	0.09081604	13.02872405	-0.62505799
0.07028391	13.09402023	-0.54715776	0.07071000	13.09418319	-0.54722377
0.10953534	12.95646488	-0.67926516	0.10990643	12.95660653	-0.67931772
0.47395685	12.68441791	-0.13235451	0.47417804	12.68442543	-0.13236734
0.48302874	12.47526705	-0.16084826	0.48315379	12.47526470	-0.16084666
0.35137692	12.82964450	-1.00380355	0.35198289	12.82945273	-1.00378582
0.34896562	12.75634855	-1.03334732	0.34922939	12.75633536	-1.03336887
0.48381550	12.33773044	-0.19910399	0.48387032	12.33771780	-0.19909837
0.34655882	12.69682774	-1.05215719	0.34668498	12.69686167	-1.05218244
0.15861328	12.47226047	-0.10553589	0.15873450	12.47241095	-0.10554346
0.16479187	12.62837270	-0.07615574	0.16498090	12.62852537	-0.07617493
0.11099394	12.75553556	-0.74894304	0.11125948	12.75567871	-0.74897396
0.11142100	12.82421184	-0.72531980	0.11172599	12.82435376	-0.72535868
0.15604660	12.80770863	-0.05564918	0.15631065	12.80786949	-0.05568671
0.11371880	12.88967343	-0.70740331	0.11405882	12.88981230	-0.70744959
0.33284575	13.14337411	-0.50109098	0.33329347	13.14342121	-0.50114431
0.30705787	13.11474854	-0.62801241	0.30750115	13.11479788	-0.62806825
0.36307251	13.13518546	-0.37490983	0.36350856	13.13522731	-0.37496071
0.06620184	13.16421954	-0.34741681	0.06663760	13.16439367	-0.34748978
0.06298165	13.14036382	-0.44953722	0.06341713	13.14053341	-0.44960875
0.07755201	13.16147636	-0.25602324	0.07797761	13.16165237	-0.25609584
0.88158215	11.96530783	-0.58425306	0.88149653	11.96515365	-0.58422327
0.81676000	12.01719950	-0.47386000	0.81676000	12.01719950	-0.47386000
0.92168861	11.93707107	-0.71316451	0.92153926	11.93685194	-0.71314405
0.90934147	12.00360042	-0.71807882	0.90922308	12.00338356	-0.71807328
0.87404009	12.05068811	-0.63164741	0.87397998	12.05051255	-0.63164386
0.80601078	12.11380186	-0.52868424	0.80600426	12.11370005	-0.52869069
0.95473643	11.92931835	-0.83757345	0.95453479	11.92905470	-0.83756633
0.97383502	11.94516862	-0.94905547	0.97359429	11.94487820	-0.94906449
0.94224875	12.06327869	-0.93240990	0.94207465	12.06300463	-0.93243293
0.92805018	12.03311656	-0.81467884	0.92790686	12.03286741	-0.81468848
0.97301216	11.98743076	-1.04230511	0.97274402	11.98712767	-1.04232541
0.93845766	12.06222003	-1.12924565	0.93819328	12.06192226	-1.12927351
0.91554556	12.12499986	-1.10684805	0.91533233	12.12472109	-1.10687829
0.93947096	12.09815067	-1.03031092	0.93927347	12.09786727	-1.03034465
0.85798086	12.18060092	-1.22031157	0.85776016	12.18035255	-1.22033167
0.74196814	12.33205589	-1.27087150	0.74183707	12.33190343	-1.27087680
0.74611064	12.36036503	-1.19917998	0.74601645	12.36021278	-1.19919184
0.85638683	12.22652348	-1.15766284	0.85621899	12.22628150	-1.15768943
0.60123306	12.48285894	-1.23766069	0.60122252	12.48284460	-1.23765511
0.47141610	12.61377199	-1.15302190	0.47144970	12.61378419	-1.15305421
0.49420000	12.61570000	-1.07906000	0.49420000	12.61570000	-1.07906000
0.61447000	12.50220000	-1.16283000	0.61447000	12.50220000	-1.16283000
0.38339371	12.64726002	-1.04996134	0.38343765	12.64727343	-1.04997979
0.33246411	12.64777895	-0.95707356	0.33250829	12.64782907	-0.95708265
0.37140000	12.64100070	-0.89641000	0.37140000	12.64100070	-0.89641000
0.41679000	12.64250090	-0.98287004	0.41679000	12.64250090	-0.98287004
0.31522870	12.67937761	-0.89752507	0.31537024	12.67942251	-0.89751964
0.31182023	12.70671527	-0.87006709	0.31203631	12.70674429	-0.87005999
0.33991570	12.69442433	-0.81276593	0.34012264	12.69443666	-0.81275552
0.34863050	12.66935412	-0.84029286	0.34878233	12.66936219	-0.84027160
0.30280930	12.69404273	-0.87400805	0.30301920	12.69407709	-0.87400206
0.25961248	12.68406237	-0.84475730	0.25981866	12.68412352	-0.84476167
0.29969432	12.68106558	-0.77515247	0.29989770	12.68110594	-0.77515030
0.33873389	12.68302876	-0.81144667	0.33893487	12.68304219	-0.81143668
0.15332441	12.71986660	-0.71683540	0.15357051	12.71999086	-0.71686071
0.02145315	12.77375947	-0.57648180	0.02174183	12.77393936	-0.57652359
0.02558784	12.81147067	-0.49956831	0.02588852	12.81165454	-0.49961314
0.17727808	12.73491731	-0.64143837	0.17753502	12.73503174	-0.64146367
-0.09511695	12.81675844	-0.51375052	-0.09480321	12.81698290	-0.51380986
-0.20257501	12.84870856	-0.51773067	-0.20224114	12.84896654	-0.51781644
-0.20598067	12.91727263	-0.45749198	-0.20562939	12.91753861	-0.45758504
-0.09721212	12.87631021	-0.44367165	-0.09688281	12.87654272	-0.44373897
-0.30768315	12.86906597	-0.57762278	-0.30732143	12.86934383	-0.57773871
-0.40624932	12.88007014	-0.64537600	-0.40586634	12.88036172	-0.64551461
-0.42294119	12.90785355	-0.59365917	-0.42255896	12.90815498	-0.59380118
-0.31720930	12.92224074	-0.52268362	-0.31684086	12.92252816	-0.52280422
-0.49433779	12.88330403	-0.67346857	-0.49394768	12.88360536	-0.67362022
-0.57406942	12.87981341	-0.66173795	-0.57367913	12.88012940	-0.66189869
-0.57330618	12.88229171	-0.62637067	-0.57292085	12.88261281	-0.62653121
-0.51671459	12.89109504	-0.62527052	-0.51632931	12.89140718	-0.62542500
-0.64822495	12.87154568	-0.61023811	-0.64784299	12.87187941	-0.61040728
-0.69752758	12.85532534	-0.53076696	-0.69716012	12.85568028	-0.53093940
-0.66048158	12.87157010	-0.50249718	-0.66011505	12.87192554	-0.50266797
-0.62301086	12.88080289	-0.57926068	-0.62263179	12.88113850	-0.57942762
-0.70268737	12.82822664	-0.43556920	-0.70233890	12.82860260	-0.43573839
-0.67595872	12.78147403	-0.34573742	-0.67564092	12.78186792	-0.34589575
-0.65433210	12.78803679	-0.35864839	-0.65401008	12.78842348	-0.35880301
-0.66647604	12.83453599	-0.41893480	-0.66613036	12.83491044	-0.41909976
-0.62934795	12.70712749	-0.28248648	-0.62906698	12.70752973	-0.28261621
-0.55591854	12.64663247	-0.23376302	-0.55567151	12.64702962	-0.23386219
-0.53827947	12.70588976	-0.26511627	-0.53800725	12.70627406	-0.26522668
-0.61427310	12.74927346	-0.31502390	-0.61397278	12.74966362	-0.31516044
-0.44903324	12.64183262	-0.18640074	-0.44880478	12.64221042	-0.18647942
-0.32210145	12.62128671	-0.15041529	-0.32189766	12.62163116	-0.15047369
-0.30419932	12.67494475	-0.17931046	-0.30397095	12.67527883	-0.17937540
-0.43011214	12.69928862	-0.21632988	-0.42985960	12.69965423	-0.21641900
-0.18565937	12.51696684	-0.13683901	-0.18551152	12.51726460	-0.13687219
-0.03724028	12.40114984	-0.14390384	-0.03714996	12.40138515	-0.14391771
-0.03464236	12.47082998	-0.17504758	-0.03451683	12.47106122	-0.17506734
-0.17393924	12.57963207	-0.16572561	-0.17376056	12.57992163	-0.16576496
0.12382413	12.34067035	-0.16400767	0.12388406	12.34083153	-0.16400793
0.25227104	12.32201983	-0.18914043	0.25232052	12.32211452	-0.18913484
0.23189911	12.38173560	-0.24124815	0.23198248	12.38183872	-0.24124602
0.11429551	12.40796594	-0.20547425	0.11439120	12.40812813	-0.20547988
0.30227433	12.35621801	-0.21039038	0.30234166	12.35628508	-0.21038613
0.28789029	12.44003519	-0.27983348	0.28800245	12.44011144	-0.27983145
0.27973623	12.41225163	-0.26593575	0.27983464	12.41233155	-0.26593307
0.31371019	12.34650213	-0.22299362	0.31377413	12.34655889	-0.22299079
0.34620000	12.27620000	-0.23202000	0.34620000	12.27620000	-0.23202000
0.31963700	12.33327120	-0.29081035	0.31969679	12.33332558	-0.29080269
0.28690030	12.39844544	-0.28093955	0.28699260	12.39852073	-0.28093555
0.44425997	12.21770000	-0.27141000	0.44425997	12.21770000	-0.27141000
0.57587000	12.16340070	-0.32883000	0.57587000	12.16340070	-0.32883000
0.56965584	12.24276923	-0.38285163	0.56968498	12.24274189	-0.38284303
0.42779713	12.28607168	-0.32791713	0.42783267	12.28608192	-0.32790882
0.70622003	12.08180000	-0.39380000	0.70622003	12.08180000	-0.39380000
0.70006543	12.18083794	-0.44743735	0.70008017	12.18077322	-0.44742975
0.76319817	12.39244807	-1.04836894	0.76316089	12.39226386	-1.04839102
0.86499511	12.24338274	-1.04721423	0.86487501	12.24313772	-1.04724335
0.78285473	12.37592193	-0.86026298	0.78286480	12.37573441	-0.86029081
0.87429775	12.22200130	-0.90672465	0.87421260	12.22176167	-0.90675002
0.79549187	12.26156893	-0.67246264	0.79550167	12.26140444	-0.67247740
0.87419403	12.14833438	-0.75452436	0.87412700	12.14811849	-0.75454053
0.53429939	12.60765340	-0.90289727	0.53441671	12.60757592	-0.90290158
0.64721854	12.52155463	-0.99057613	0.64726408	12.52144109	-0.99058466
0.56566152	12.53818177	-0.69136499	0.56580347	12.53810739	-0.69136415
0.67834207	12.47795863	-0.78119112	0.67843465	12.47782781	-0.78120371
0.57105602	12.38625565	-0.51099650	0.57114016	12.38620328	-0.51098981
0.69270375	12.33962890	-0.58904121	0.69276431	12.33952110	-0.58904331
-0.21689346	12.91246401	-0.37269148	-0.21655577	12.91274340	-0.37278431
-0.11099041	12.86938627	-0.35688033	-0.11067185	12.86963068	-0.35694915
-0.23849914	12.85457279	-0.28615347	-0.23819392	12.85487077	-0.28624104
-0.13183019	12.80498537	-0.27270450	-0.13154816	12.80524700	-0.27276786
-0.01463884	12.73752510	-0.30808868	-0.01438360	12.73773736	-0.30813046
0.00870175	12.80364307	-0.40370827	0.00899193	12.80384037	-0.40375401
-0.27225294	12.76417346	-0.22330878	-0.27198650	12.76449105	-0.22338540
-0.15465123	12.69156755	-0.21042023	-0.15442049	12.69184404	-0.21047198
-0.02799143	12.60539259	-0.23121866	-0.02780035	12.60561641	-0.23124914
-0.55277330	12.91135383	-0.54416411	-0.55239404	12.91168518	-0.54432533
-0.58688156	12.90503502	-0.45247138	-0.58651693	12.90538885	-0.45263635
-0.48465747	12.92548838	-0.39122975	-0.48430281	12.92583576	-0.39137885
-0.45136781	12.93831366	-0.49677301	-0.45099297	12.93863535	-0.49692055
-0.60334273	12.83297997	-0.37334589	-0.60300865	12.83335380	-0.37349899
-0.51434434	12.82341296	-0.31483221	-0.51402849	12.82378115	-0.31496506
-0.33530422	12.93717269	-0.42894811	-0.33494617	12.93747851	-0.42907092
-0.36221195	12.90181391	-0.33031335	-0.36188028	12.90214301	-0.33043293
-0.39778479	12.80421357	-0.26161527	-0.39749222	12.80456161	-0.26172162
0.29438948	12.63944929	-0.65136179	0.29459035	12.63950544	-0.65136412
0.33615259	12.63605021	-0.67475649	0.33635018	12.63608453	-0.67475366
0.26790333	12.57245207	-0.50151076	0.26808214	12.57252696	-0.50151624
0.31428788	12.57146755	-0.51141535	0.31446619	12.57152216	-0.51141836
0.31840493	12.58946536	-0.49583231	0.31859017	12.58951911	-0.49583578
0.33714715	12.65035336	-0.66636155	0.33735072	12.65038833	-0.66636048
0.34427207	12.63284917	-0.68895148	0.34446272	12.63288227	-0.68894715
0.32080387	12.57525746	-0.51065120	0.32098150	12.57530908	-0.51065263
0.35314610	12.55547343	-0.55122812	0.35331160	12.55550839	-0.55122659
0.37353564	12.61409316	-0.73937854	0.37370368	12.61410296	-0.73936990
0.32769540	12.44081597	-0.39905125	0.32780731	12.44087079	-0.39904683
0.29543254	12.48768591	-0.37581248	0.29556774	12.48775659	-0.37581189
0.28974147	12.49178991	-0.37092094	0.28988089	12.49186313	-0.37092161
0.24221299	12.47757686	-0.35477729	0.24234573	12.47767120	-0.35477984
0.44637392	12.55376994	-0.61303459	0.44653275	12.55375126	-0.61303101
0.43973448	12.62131646	-0.81491660	0.43988257	12.62127718	-0.81491711
0.43431425	12.41217616	-0.44597203	0.43441071	12.41218125	-0.44596360
0.13866148	12.64053577	-0.40981618	0.13887291	12.64067460	-0.40983773
0.16523702	12.71094239	-0.53223546	0.16548338	12.71106408	-0.53225996
0.11983933	12.52340974	-0.29400499	0.11999446	12.52356277	-0.29401850
0.16573650	13.14554910	-0.39533641	0.16617244	13.14567910	-0.39539595
0.26092343	13.03156079	-0.12952498	0.26129196	13.03166533	-0.12957199
0.30003795	12.91752241	-0.08781490	0.30035645	12.91761397	-0.08785154
0.32880953	12.73746321	-0.09298186	0.32904999	12.73754133	-0.09300268
0.34850910	12.55798546	-0.12248120	0.34867074	12.55804751	-0.12248735
0.24358955	12.85858471	-0.81524158	0.24392119	12.85865606	-0.81528818
0.33915403	12.37535228	-0.18490311	0.33922978	12.37540117	-0.18490106
0.17869082	13.06164423	-0.58914122	0.17910604	13.06175897	-0.58919669
0.20448522	12.99167171	-0.68914544	0.20487246	12.99176839	-0.68919732
0.89588983	11.95998963	-0.57080801	0.89580677	11.95983306	-0.57077990
0.82723969	12.01966061	-0.45663605	0.82724534	12.01965612	-0.45663377
0.93906059	11.92273312	-0.70456673	0.93890764	11.92250849	-0.70454847
0.74542195	12.33063438	-1.28636873	0.74528584	12.33047776	-1.28637392
0.46187647	12.61958461	-1.16670938	0.46191910	12.61959925	-1.16674651
0.35432132	12.65806000	-1.05859569	0.35439081	12.65809323	-1.05861757
0.28807588	12.66239907	-0.96040406	0.28814990	12.66250505	-0.96041399
0.27462609	12.69219848	-0.89920565	0.27479397	12.69227912	-0.89920704
0.25862234	12.70324867	-0.88622952	0.25883513	12.70331122	-0.88623789
0.21024250	12.68929078	-0.86835145	0.21045540	12.68937930	-0.86836533
0.12179131	12.71142615	-0.75409620	0.12203056	12.71156496	-0.75412212
0.01350918	12.74497681	-0.62405206	0.01378245	12.74515807	-0.62409198
-0.19484140	12.78545905	-0.55858693	-0.19452308	12.78570867	-0.55866434
-0.29788970	12.82692202	-0.60871082	-0.29753600	12.82719362	-0.60882324
-0.48175619	12.88836391	-0.69571044	-0.48136277	12.88865975	-0.69586169
-0.56396377	12.89116759	-0.68425129	-0.56356864	12.89147885	-0.68441248
-0.70981257	12.85960510	-0.54229731	-0.70944280	12.85995958	-0.54247210
-0.18778944	12.52668505	-0.11479376	-0.18763844	12.52698576	-0.11482773
0.14157548	12.35635631	-0.13931444	0.14164203	12.35651082	-0.13931477
0.30982175	12.38400651	-0.22293942	0.30990386	12.38407025	-0.22293602
0.38327641	12.29388960	-0.19521628	0.38329537	12.29389865	-0.19522194
0.46925310	12.23721646	-0.23878133	0.46926189	12.23721051	-0.23877970
0.71411778	12.09166440	-0.37171623	0.71412015	12.09164749	-0.37170831
0.29641223	12.51488001	-0.36900475	0.29656124	12.51495032	-0.36900567
0.58585672	12.77729289	-0.54111278	0.58613223	12.77721705	-0.54112795
0.30740901	12.98945602	-0.53047869	0.30778685	12.98951453	-0.53051996
0.03581113	12.99583465	-0.26327200	0.03616968	12.99602991	-0.26333552
0.10447931	13.07824291	-0.30830712	0.10487752	13.07840523	-0.30836892
0.32124397	12.86890585	-0.29452960	0.32155324	12.86897456	-0.29455894
0.03282623	12.96840153	-0.42172441	0.03318796	12.96858780	-0.42178420
0.12642670	13.04603310	-0.41775379	0.12682192	13.04617951	-0.41781020
0.36904113	12.82350026	-0.69359800	0.36934106	12.82351315	-0.69361718
0.16043490	13.02962874	-0.17972030	0.16080344	13.02977521	-0.17977405
0.22292739	12.81543525	-0.79424893	0.22322843	12.81552203	-0.79428301
0.33177860	12.75848298	-0.53125989	0.33204349	12.75852992	-0.53127657
0.33169789	12.88670622	-0.84174689	0.33204936	12.88671487	-0.84177666
0.39493986	12.43619072	-0.24540103	0.39504724	12.43621777	-0.24539589
0.24812810	13.04716176	-0.44682651	0.24852695	13.04725331	-0.44687512
0.47833347	12.68453443	-0.66741967	0.47855930	12.68449300	-0.66742178
0.70030981	12.74841362	-0.77213958	0.70056582	12.74825672	-0.77215482
0.32971767	12.94021891	-0.20027702	0.33005418	12.94028970	-0.20031276
-0.42529032	12.91172712	-0.24511212	-0.42496838	12.91208839	-0.24524386
0.15636781	13.08211669	-0.24905456	0.15676400	13.08226019	-0.24911156
0.32664506	12.94651594	-0.68810070	0.32700707	12.94655240	-0.68813857
-0.51232113	12.91137390	-0.28542222	-0.51198962	12.91174893	-0.28557291
0.23148423	13.03199551	-0.32860667	0.23186739	13.03210199	-0.32865422
0.29096141	12.45993094	-0.20116550	0.29108018	12.46001025	-0.20116539
0.12247019	13.09943714	-0.37034497	0.12288324	13.09958793	-0.37040591
0.21361575	13.07775790	-0.48909480	0.21403091	13.07786187	-0.48914794
0.25609892	12.61316104	-0.24516605	0.25629032	12.61325838	-0.24517781
0.17075940	12.93801177	-0.50901820	0.17111420	12.93813503	-0.50906329
0.28063371	12.89122777	-0.83195082	0.28098129	12.89127637	-0.83199890
0.28723162	12.84047850	-0.83506710	0.28755165	12.84052096	-0.83510094
0.23443378	13.02236066	-0.54484928	0.23482826	13.02245274	-0.54489843
0.37816399	12.79964209	-0.19805312	0.37843918	12.79969006	-0.19807632
0.49946727	12.59201140	-0.43279301	0.49965218	12.59198805	-0.43279291
0.30823563	12.76063169	-0.88736610	0.30852375	12.76063896	-0.88736034
0.16441329	12.96522500	-0.64428617	0.16478650	12.96534329	-0.64433652
0.39173621	12.37599178	-0.22229111	0.39181109	12.37601277	-0.22228636
0.35910387	12.48404554	-0.31248575	0.35923576	12.48408917	-0.31248329
0.19732429	12.86910996	-0.18710776	0.19762648	12.86924031	-0.18714600
0.39201870	12.72935223	-0.90945177	0.39227699	12.72927445	-0.90942511
0.29977603	12.79307167	-0.84892363	0.30006860	12.79310139	-0.84893389
0.14878073	13.11448850	-0.28137327	0.14919308	13.11463274	-0.28143253
0.41623816	12.60686242	-0.24740112	0.41642556	12.60688679	-0.24740686
0.21823561	12.86045974	-0.77099312	0.21856290	12.86054944	-0.77103483
0.43003431	12.71276462	-0.82667997	0.43026776	12.71271810	-0.82666778
0.82924298	12.74366434	-0.86751474	0.82948414	12.74343635	-0.86754847
0.56860722	12.79061731	-0.92677748	0.56889176	12.79050892	-0.92677308
0.34275002	12.68645242	-0.19913620	0.34297337	12.68651468	-0.19915103
0.25305719	12.76351047	-0.18170121	0.25331323	12.76361570	-0.18172679
