0.85332754	12.73523924	-0.42049545	0.85400074	12.73484596	-0.42061405
0.82509449	12.87347784	-0.44903184	0.82597021	12.87308319	-0.44916789
0.90097730	12.83190721	-0.54757881	0.90186625	12.83137437	-0.54776090
0.93227286	12.69863876	-0.53312279	0.93295343	12.69808628	-0.53328577
0.78305390	12.96451249	-0.50924133	0.78411706	12.96414212	-0.50940161
0.86285579	12.91812446	-0.59041274	0.86389655	12.91762123	-0.59061527
0.91179927	12.87501728	-0.65090892	0.91276135	12.87440966	-0.65114046
0.94979418	12.80499317	-0.64529987	0.95064072	12.80434041	-0.64552348
0.98309089	12.67580412	-0.64641378	0.98371939	12.67511388	-0.64661703
0.71829070	12.76544988	-1.16447868	0.71882605	12.76497752	-1.16472162
0.84048098	12.71436662	-1.14292332	0.84096381	12.71370082	-1.14318643
0.80976330	12.82094503	-1.07409433	0.81051142	12.82034257	-1.07440237
0.68783006	12.86773165	-1.09066188	0.68867701	12.86732041	-1.09096760
0.94162948	12.68013364	-1.08032787	0.94208433	12.67931350	-1.08061246
0.90930441	12.79133831	-1.02157930	0.91002055	12.79058729	-1.02189360
0.87020781	12.85997965	-0.97087214	0.87108758	12.85931081	-0.97119171
0.79158017	12.90116149	-0.98611963	0.79253605	12.90060867	-0.98643854
0.66994707	12.94765214	-0.99140309	0.67103534	12.94729372	-0.99173203
0.59865993	12.83357103	-0.20794490	0.59908887	12.83354597	-0.20809014
0.58104724	12.97063578	-0.25546849	0.58171651	12.97061011	-0.25561837
0.71499383	12.92233740	-0.34851355	0.71578687	12.92211006	-0.34862182
0.73584239	12.78294133	-0.30823123	0.73641461	12.78273597	-0.30833151
0.55105461	13.05721407	-0.33982283	0.55199556	13.05721686	-0.33999795
0.67933121	13.01287822	-0.42422158	0.68036031	13.01266849	-0.42435323
0.46969663	12.88174989	-1.06373680	0.47063542	12.88175884	-1.06405829
0.59539042	12.82683805	-1.13659513	0.59611868	12.82657437	-1.13685322
0.56542620	12.91936364	-1.06419756	0.56643946	12.91917607	-1.06451699
0.44197729	12.96443554	-0.98911143	0.44318958	12.96454517	-0.98949736
0.54603050	12.99407235	-0.96256019	0.54730115	12.99397041	-0.96292954
0.42195494	13.03398054	-0.88643259	0.42340949	13.03418016	-0.88687411
-0.01406820	12.98983683	-0.06872063	-0.01488108	12.99018916	-0.07065993
-0.14313509	13.00145419	-0.09277301	-0.14410912	13.00169811	-0.09557611
-0.14527459	13.07486917	-0.13910316	-0.14607283	13.07511016	-0.14185769
-0.01977907	13.07699913	-0.11255534	-0.02042172	13.07729648	-0.11448440
-0.26220893	13.00254202	-0.13217869	-0.26317821	13.00254616	-0.13612706
-0.26242103	13.06392287	-0.18036899	-0.26309217	13.06392469	-0.18424238
-0.26256127	13.10528927	-0.24563766	-0.26279440	13.10533925	-0.24943617
-0.14606500	13.12199467	-0.20503471	-0.14639973	13.12228652	-0.20771681
-0.02381892	13.13107262	-0.17809706	-0.02408107	13.13137418	-0.17994005
0.03728763	12.97731568	-0.59211204	0.03921700	12.97802400	-0.59352170
0.02246458	13.03990257	-0.56656281	0.02440705	13.04066061	-0.56801351
-0.05721288	13.04224723	-0.55677443	-0.05493282	13.04303640	-0.55866036
-0.04314076	12.98581475	-0.57251096	-0.04085293	12.98655403	-0.57437478
0.00270266	13.09405783	-0.51913158	0.00450786	13.09483998	-0.52063550
-0.07935174	13.08850742	-0.52133411	-0.07730924	13.08927660	-0.52335294
-0.17111295	13.08172617	-0.53960676	-0.16857604	13.08253276	-0.54242617
-0.14741504	13.04087459	-0.57538748	-0.14449803	13.04172944	-0.57810624
-0.13233836	12.98930138	-0.59282896	-0.12925841	12.99007668	-0.59550820
0.98769162	12.28698103	-0.67263369	0.98774469	12.28634098	-0.67277572
0.96596580	12.06824054	-0.68844926	0.96572556	12.06764025	-0.68848795
0.91385368	12.09548883	-0.55300399	0.91380593	12.09511244	-0.55301379
0.92939144	12.30200319	-0.53727619	0.92952350	12.30153868	-0.53734278
0.83620387	12.14588531	-0.43155475	0.83622349	12.14570263	-0.43153465
0.84413363	12.32756609	-0.41172436	0.84428202	12.32726746	-0.41175444
0.97900149	12.37803295	-1.14228794	0.97884480	12.37712930	-1.14248640
0.88421108	12.43904625	-1.21111639	0.88411109	12.43829376	-1.21128386
0.87878510	12.27956776	-1.23592777	0.87837123	12.27879832	-1.23599927
0.97064796	12.18679460	-1.15759925	0.97013498	12.18588205	-1.15769253
0.75733984	12.51601679	-1.23966810	0.75736785	12.51555760	-1.23978853
0.75285491	12.39580208	-1.27105568	0.75262041	12.39530869	-1.27109600
0.86606716	12.17492879	-1.24373551	0.86545909	12.17416720	-1.24373818
0.95128969	12.05227259	-1.15561194	0.95055707	12.05137419	-1.15560206
0.99461647	12.49583971	-0.65782435	0.99496424	12.49516347	-0.65799060
0.93825022	12.51209807	-0.53117275	0.93864463	12.51156018	-0.53128989
0.85425269	12.54092592	-0.40899963	0.85465485	12.54056138	-0.40908103
0.86845190	12.58560525	-1.18422805	0.86866520	12.58489364	-1.18443559
0.96745258	12.54244843	-1.11861959	0.96762149	12.54157019	-1.11886804
0.74341042	12.64378090	-1.20899981	0.74370377	12.64330628	-1.20918494
0.60102416	12.41953708	-0.22569681	0.60113118	12.41954860	-0.22575474
0.60211462	12.63422841	-0.20312028	0.60236319	12.63422515	-0.20324590
0.73548049	12.58403002	-0.29759665	0.73585131	12.58385529	-0.29768725
0.72825533	12.37002743	-0.30854384	0.72840301	12.36989572	-0.30855585
0.46941104	12.70501019	-1.15076046	0.46968647	12.70498500	-1.15086085
0.61233009	12.61480124	-1.21947915	0.61246143	12.61466595	-1.21954224
0.60953839	12.71875831	-1.18598029	0.60987287	12.71849981	-1.18610180
0.47522935	12.78889589	-1.11709851	0.47582030	12.78887087	-1.11729390
0.58659543	12.17468823	-0.30179436	0.58659365	12.17468425	-0.30178964
0.59768009	12.28034424	-0.26253840	0.59770157	12.28034281	-0.26255300
0.72369848	12.21554937	-0.33779878	0.72372712	12.21545298	-0.33777497
0.60055010	12.48681452	-1.25179560	0.60049241	12.48672158	-1.25176539
0.60686042	12.53416680	-1.24357488	0.60687530	12.53405814	-1.24358578
0.46299485	12.64934960	-1.16645038	0.46312537	12.64935489	-1.16651822
-0.00538945	12.71236747	-0.06762249	-0.00602318	12.71282394	-0.06939799
-0.15472451	12.78092570	-0.07741319	-0.15558652	12.78130281	-0.08028913
-0.14520800	12.90336142	-0.07463917	-0.14621016	12.90363563	-0.07745320
-0.00607746	12.86669222	-0.05705455	-0.00684207	12.86712487	-0.05894408
-0.29123793	12.83156203	-0.10545752	-0.29220973	12.83167784	-0.10966700
-0.27285831	12.92631195	-0.10905045	-0.27390567	12.92636016	-0.11314513
0.03234504	12.84732029	-0.62135654	0.03404908	12.84787961	-0.62275901
0.03921876	12.91302914	-0.60864856	0.04111342	12.91368210	-0.61004030
-0.04057902	12.92361163	-0.58206663	-0.03835337	12.92424010	-0.58396330
-0.04890446	12.85834549	-0.58633560	-0.04668216	12.85884521	-0.58830845
-0.12886695	12.93162717	-0.60119297	-0.12567189	12.93231148	-0.60389772
-0.13902300	12.87038449	-0.60036769	-0.13594342	12.87095661	-0.60318633
-0.03430358	12.41661733	-0.12241588	-0.03450986	12.41703668	-0.12413500
-0.17506027	12.63391409	-0.09507794	-0.17561816	12.63430005	-0.09789450
-0.01961898	12.54178137	-0.09179727	-0.01999221	12.54224169	-0.09355401
-0.32592683	12.62628039	-0.13664997	-0.32621815	12.62639696	-0.14084562
-0.31316344	12.71405468	-0.11718668	-0.31380210	12.71420445	-0.12143499
0.02180357	12.78074520	-0.63308954	0.02335370	12.78122124	-0.63447279
-0.06844199	12.79140276	-0.58362148	-0.06628090	12.79178352	-0.58572091
-0.08620574	12.76419465	-0.56357260	-0.08408417	12.76450876	-0.56576802
-0.16314657	12.80738792	-0.58908271	-0.16014382	12.80782952	-0.59217693
-0.38419067	12.99888474	-0.18577525	-0.38491416	12.99858611	-0.19119760
-0.37556488	13.04886996	-0.23115668	-0.37597500	13.04854064	-0.23643246
-0.49344164	12.99073745	-0.24767483	-0.49377649	12.98998301	-0.25472300
-0.47261148	13.03152557	-0.28762245	-0.47257134	13.03083743	-0.29432839
-0.44901430	13.06528624	-0.33659864	-0.44847922	13.06475325	-0.34289749
-0.36416252	13.08632164	-0.28944856	-0.36404813	13.08610639	-0.29447533
-0.24900031	13.03903285	-0.59781279	-0.24531331	13.03992811	-0.60154823
-0.23330005	12.99398131	-0.62287034	-0.22919709	12.99492140	-0.62657005
-0.27116310	13.07486609	-0.55764404	-0.26807278	13.07560238	-0.56153932
-0.36439333	13.06575282	-0.57016471	-0.36084765	13.06631671	-0.57532618
-0.34674204	13.03572146	-0.61488830	-0.34237984	13.03658012	-0.61994992
-0.33399317	12.99847979	-0.64912863	-0.32875684	12.99959022	-0.65421171
-0.23360067	12.94541059	-0.63934968	-0.22917586	12.94633339	-0.64320422
-0.33947156	12.95976964	-0.67510514	-0.33366328	12.96091692	-0.68048373
-0.35185336	12.92269742	-0.69103451	-0.34538778	12.92386293	-0.69684024
-0.24527213	12.89566604	-0.64509917	-0.24056609	12.89651375	-0.64927653
-0.53753371	12.88503756	-0.20900514	-0.53790542	12.88421294	-0.21676875
-0.55552584	12.76298294	-0.21404153	-0.55530250	12.76214939	-0.22179739
-0.62930520	12.79741413	-0.27671886	-0.62820802	12.79593823	-0.28603174
-0.61317003	12.89314098	-0.27647527	-0.61264356	12.89165781	-0.28573690
-0.56137246	12.65804597	-0.22973643	-0.56053024	12.65718357	-0.23717158
-0.63471124	12.71487744	-0.28685719	-0.63303652	12.71343139	-0.29584597
-0.67983295	12.78180002	-0.36223806	-0.67698238	12.77963424	-0.37257473
-0.67501636	12.83397855	-0.35762136	-0.67264523	12.83182867	-0.36813367
-0.66075837	12.89684310	-0.35928338	-0.65885559	12.89471497	-0.36965006
-0.45433600	12.65001419	-0.17687086	-0.45430757	12.64972339	-0.18262936
-0.44457971	12.74624006	-0.15893344	-0.44500160	12.74596867	-0.16489216
-0.42372392	12.86541329	-0.15079833	-0.42455230	12.86514506	-0.15672342
-0.44388484	12.93707384	-0.70720248	-0.43635064	12.93802184	-0.71459609
-0.44848298	12.90991044	-0.71919004	-0.44031450	12.91082445	-0.72689794
-0.36308081	12.88902592	-0.69445009	-0.35635630	12.89008782	-0.70062712
-0.52792097	12.93783085	-0.69444520	-0.51982967	12.93774210	-0.70376297
-0.52988245	12.91098111	-0.71125996	-0.52096918	12.91092078	-0.72102205
-0.37454343	12.87188742	-0.68490827	-0.36799564	12.87286984	-0.69132971
-0.26506496	12.84704619	-0.63872865	-0.26040002	12.84779260	-0.64332259
0.90111173	12.88314629	-0.90222929	0.90206283	12.88245170	-0.90254516
0.80146450	12.95052844	-0.88808744	0.80256712	12.94999246	-0.88840730
0.91777532	12.89748423	-0.81346554	0.91876559	12.89680396	-0.81375711
0.82308259	12.97035240	-0.78353543	0.82423507	12.96982384	-0.78382450
0.71308338	13.02654132	-0.74209060	0.71438845	13.02621802	-0.74236561
0.68301569	13.00243199	-0.87131374	0.68427099	13.00210477	-0.87164651
0.91893627	12.89368381	-0.72151916	0.91993341	12.89303641	-0.72177965
0.84023038	12.96157914	-0.67694081	0.84135993	12.96106111	-0.67718740
0.74609521	13.01459708	-0.61473942	0.74733800	13.01425963	-0.61495951
1.00150631	12.66927631	-0.98573212	1.00199909	12.66839002	-0.98603911
0.96440847	12.79100026	-0.94058570	0.96516351	12.79018738	-0.94090364
1.02481973	12.66969452	-0.87439236	1.02537589	12.66882448	-0.87468312
0.98439136	12.80032116	-0.84377989	0.98519201	12.79952111	-0.84407889
1.01630819	12.66886176	-0.76097728	1.01689433	12.66807323	-0.76122627
0.97858757	12.79995721	-0.74433071	0.97940442	12.79921337	-0.74459772
0.56333765	13.04854611	-0.82608325	0.56476165	13.04847643	-0.82644113
0.60035945	13.07407188	-0.67707061	0.60178980	13.07396706	-0.67735561
0.47686083	13.11336335	-0.59443764	0.47836149	13.11349173	-0.59480176
0.43961041	13.08698939	-0.74655935	0.44118372	13.08717240	-0.74700056
0.64014020	13.06272254	-0.53879286	0.64142718	13.06256061	-0.53899301
0.51514952	13.10408040	-0.45604814	0.51641007	13.10413909	-0.45630596
-0.37569173	13.08205866	-0.51237123	-0.37300076	13.08232557	-0.51760796
-0.45823650	13.06133051	-0.52932463	-0.45517631	13.06098604	-0.53590265
-0.43605259	13.05137908	-0.57065651	-0.43233045	13.05140241	-0.57692173
-0.39093209	13.08696853	-0.44989921	-0.38917591	13.08692020	-0.45530531
-0.48262718	13.06180388	-0.48626671	-0.48019795	13.06111357	-0.49325064
-0.56454474	13.03211100	-0.52105138	-0.56126912	13.03065349	-0.52972181
-0.52558598	13.03609723	-0.55115174	-0.52195849	13.03511911	-0.55908814
-0.48671991	13.03703979	-0.57472352	-0.48280309	13.03668504	-0.58191046
-0.41827410	13.08256915	-0.39091859	-0.41713599	13.08224846	-0.39672095
-0.49849804	13.05651870	-0.43571238	-0.49670511	13.05555472	-0.44294504
-0.51520207	13.04169325	-0.38584921	-0.51399140	13.04061608	-0.39338278
-0.55930239	13.02320746	-0.42119710	-0.55754580	13.02179613	-0.42964152
-0.56844567	13.02755064	-0.47062945	-0.56584976	13.02600462	-0.47930805
-0.01413620	13.13252117	-0.43720912	-0.01279873	13.13316952	-0.43878476
-0.10527975	13.12035313	-0.45113629	-0.10378380	13.12101791	-0.45333938
-0.02486373	13.15359412	-0.34218418	-0.02407525	13.15412577	-0.34389538
-0.12784281	13.13750352	-0.36499846	-0.12697196	13.13801599	-0.36737738
-0.22834546	13.12001872	-0.39854307	-0.22722911	13.12037925	-0.40182933
-0.20003080	13.10738923	-0.47628188	-0.19815345	13.10799181	-0.47931453
-0.02680118	13.15486133	-0.25513728	-0.02657058	13.15525258	-0.25690023
-0.14087087	13.14043325	-0.28170028	-0.14062863	13.14081419	-0.28425804
-0.25021454	13.12154581	-0.31987534	-0.24980942	13.12169804	-0.32346817
0.98903056	11.97314935	-1.05924127	0.98821409	11.97221629	-1.05919201
1.01201473	12.11794660	-1.05749651	1.01146753	12.11700695	-1.05758216
0.99153886	11.92826903	-0.95374494	0.99072395	11.92739867	-0.95366479
1.01802239	12.07475180	-0.94323058	1.01750515	12.07386450	-0.94330229
1.03803935	12.29233279	-0.92791465	1.03791024	12.29143409	-0.92811077
1.02657922	12.32694661	-1.04383147	1.02641444	12.32600746	-1.04403837
0.97310142	11.91189987	-0.83465033	0.97239704	11.91115128	-0.83454589
1.00162354	12.05968104	-0.81971317	1.00120866	12.05890829	-0.81976668
1.02452700	12.28145067	-0.80350894	1.02447654	12.28066838	-0.80368304
1.02297979	12.51272134	-1.01949591	1.02316402	12.51179157	-1.01976248
1.04178915	12.49516728	-0.90432350	1.04201821	12.49426818	-0.90456888
1.03074515	12.48985274	-0.78296817	1.03102613	12.48904629	-0.78318095
-0.61531663	12.92257221	-0.64518063	-0.60753593	12.92022395	-0.65564073
-0.61864317	12.89274154	-0.65814331	-0.60998512	12.89040812	-0.66882978
-0.67889616	12.90884150	-0.56843885	-0.67255383	12.90565374	-0.57987740
-0.68640140	12.87216279	-0.57507533	-0.67932022	12.86889506	-0.58669539
-0.61872148	12.86962499	-0.65992333	-0.60961546	12.86737458	-0.67070033
-0.68861285	12.90116714	-0.46557302	-0.68454479	12.89824677	-0.47694297
-0.70018497	12.85584319	-0.46679890	-0.69559487	12.85286191	-0.47830594
-0.70174104	12.82023820	-0.46763758	-0.69674703	12.81728869	-0.47902076
-0.29011054	13.09589187	-0.49572302	-0.28784805	13.09638439	-0.49977709
-0.31070165	13.10472758	-0.42403401	-0.30921086	13.10495558	-0.42833629
-0.33917535	13.10314320	-0.35476361	-0.33846805	13.10310295	-0.35946824
-0.59367323	12.94547647	-0.28876845	-0.59329933	12.94402401	-0.29777390
-0.51580393	12.95129773	-0.22067702	-0.51634939	12.95049399	-0.22811403
-0.64385083	12.93724129	-0.36777094	-0.64214910	12.93520381	-0.37787691
-0.62062317	12.96718226	-0.38351107	-0.61890505	12.96527489	-0.39323199
-0.57009134	12.97748092	-0.31184010	-0.56952461	12.97608080	-0.32040298
-0.40163374	12.94356306	-0.15934179	-0.40251067	12.94326376	-0.16498317
-0.43393535	12.96827612	-0.68688950	-0.42723472	12.96923246	-0.69381155
-0.42569041	12.99972888	-0.65656003	-0.41999739	13.00046814	-0.66298370
-0.50877767	12.99475312	-0.64512806	-0.50281319	12.99456349	-0.65319966
-0.52115571	12.96650960	-0.67310498	-0.51422987	12.96632621	-0.68168437
-0.64285543	12.96875334	-0.55339420	-0.63791354	12.96612749	-0.56395405
-0.66447530	12.93961892	-0.56173237	-0.65881198	12.93664722	-0.57280969
-0.60527673	12.95152205	-0.63102833	-0.59840993	12.94929913	-0.64118665
-0.58879003	12.98056238	-0.61091188	-0.58304917	12.97872137	-0.62050174
-0.61328116	12.99986994	-0.54178205	-0.60905331	12.99765522	-0.55160688
-0.56545180	13.00878948	-0.58145002	-0.56080877	13.00731967	-0.59036734
-0.49528615	13.02001186	-0.60333935	-0.49059064	13.01968564	-0.61082795
-0.67277661	12.93498801	-0.46697999	-0.66914419	12.93222665	-0.47801480
-0.64968043	12.96411407	-0.47104546	-0.64637813	12.96160692	-0.48157274
-0.58829559	12.99909326	-0.40563857	-0.58654200	12.99743157	-0.41468819
-0.61672337	12.99569140	-0.47733871	-0.61366229	12.99352345	-0.48711283
-0.54144754	13.01246779	-0.34445283	-0.54060303	13.01121389	-0.35250521
-0.42590522	13.02890491	-0.61551622	-0.42127600	13.02926306	-0.62174369
0.18346406	13.12111090	-0.18527115	0.18364149	13.12144452	-0.18613293
0.15466161	13.15999509	-0.27048501	0.15520692	13.16039956	-0.27137568
0.18257528	13.14790807	-0.28510610	0.18322274	13.14831644	-0.28591330
0.21565284	13.10781867	-0.19670577	0.21593299	13.10816134	-0.19747176
0.13534511	13.16741024	-0.36567276	0.13635456	13.16792349	-0.36660494
0.16158772	13.15609875	-0.38249050	0.16267716	13.15661702	-0.38333494
0.18726230	13.13904033	-0.29513121	0.18796787	13.13945974	-0.29593265
0.22012002	13.09944174	-0.20310583	0.22043916	13.09978758	-0.20386194
0.19397861	13.14670780	-0.29616609	0.19471041	13.14711893	-0.29694543
0.22554255	13.10591030	-0.19796407	0.22586110	13.10624933	-0.19870681
0.17579649	13.15418164	-0.39958706	0.17696538	13.15469748	-0.40039096
0.21993729	13.15979139	-0.42537478	0.22119806	13.16025501	-0.42605644
0.24070709	13.15187627	-0.31385783	0.24157664	13.15225654	-0.31449292
0.27162968	13.10902771	-0.20856124	0.27204368	13.10932193	-0.20917058
0.25775040	12.93429846	-0.06526142	0.25745735	12.93460500	-0.06601909
0.22134272	13.05079759	-0.11068408	0.22123657	13.05109757	-0.11148275
0.25769540	13.03793696	-0.12191989	0.25768115	13.03822033	-0.12261536
0.29752014	12.92093337	-0.07809263	0.29734267	12.92122855	-0.07869731
0.26801676	13.03591122	-0.12237620	0.26803524	13.03618864	-0.12304516
0.30883312	12.91899103	-0.08145618	0.30870567	12.91927466	-0.08203390
0.31342363	13.03426971	-0.12952206	0.31352976	13.03451581	-0.13005846
0.35276145	12.91106392	-0.08727216	0.35270741	12.91131344	-0.08775625
0.37783639	12.72215341	-0.09142170	0.37773219	12.72242799	-0.09184182
0.33767936	12.73598294	-0.08708940	0.33751913	12.73629334	-0.08758293
0.39507001	12.52672142	-0.12215209	0.39498212	12.52699514	-0.12246902
0.35754069	12.55094094	-0.11755883	0.35742501	12.55124699	-0.11794489
0.32621608	12.73821962	-0.08238358	0.32601160	12.73854201	-0.08290017
0.34530543	12.55377654	-0.11267865	0.34515776	12.55409737	-0.11309036
0.29953486	12.56773299	-0.09483774	0.29929866	12.56809970	-0.09538644
0.28397401	12.75572690	-0.06660810	0.28365884	12.75607451	-0.06726281
0.26811081	12.78445851	-0.91956604	0.26889140	12.78490146	-0.91993319
0.25899863	12.85475579	-0.89480649	0.26006520	12.85524680	-0.89528694
0.24026135	12.86059416	-0.83584343	0.24143842	12.86110521	-0.83641095
0.25042823	12.79970397	-0.85944661	0.25140421	12.80017905	-0.85992475
0.24443418	12.92684397	-0.84451812	0.24574742	12.92738317	-0.84509133
0.22495738	12.92530554	-0.78895049	0.22632238	12.92586311	-0.78959719
0.23155390	12.92084745	-0.77118984	0.23292834	12.92138155	-0.77185512
0.25153903	12.80542806	-0.83879850	0.25257588	12.80587179	-0.83932801
0.22422632	12.86098674	-0.82164688	0.22548775	12.86148137	-0.82233240
0.22860415	12.80361115	-0.84455577	0.22968523	12.80407503	-0.84517296
0.21410668	12.92481820	-0.77933638	0.21553471	12.92537311	-0.78006565
0.17381222	12.93721750	-0.76490708	0.17531875	12.93783364	-0.76576558
0.18094163	12.86982208	-0.80332945	0.18226596	12.87040016	-0.80411472
0.18235470	12.80612862	-0.82431983	0.18348764	12.80666567	-0.82503998
0.27217607	12.71439022	-0.94466086	0.27266237	12.71482973	-0.94495788
0.25736879	12.73839872	-0.88352121	0.25809968	12.73882028	-0.88390284
0.25950533	12.75395679	-0.86131232	0.26035990	12.75436860	-0.86176701
0.27672318	12.71734360	-0.87444396	0.27740903	12.71770907	-0.87482166
0.23684860	12.74582473	-0.87124222	0.23772414	12.74625277	-0.87175974
0.18826292	12.73842853	-0.85380380	0.18919053	12.73891480	-0.85444927
0.28295061	12.32808974	-0.16275184	0.28283183	12.32840691	-0.16311460
0.30060896	12.42468753	-0.12893686	0.30042108	12.42503418	-0.12934451
0.34852395	12.42282917	-0.14515995	0.34841845	12.42311889	-0.14546509
0.33382375	12.35335238	-0.17777315	0.33375965	12.35360891	-0.17802936
0.35261795	12.43542244	-0.15241577	0.35254605	12.43570309	-0.15272176
0.36227733	12.41578634	-0.15020865	0.36220280	12.41605820	-0.15048942
0.34826893	12.34782341	-0.18417749	0.34824376	12.34805364	-0.18441009
0.39934604	12.38237065	-0.15863735	0.39928499	12.38259661	-0.15885412
0.12562033	13.14259289	-0.47113689	0.12709839	13.14321842	-0.47213037
0.15550461	13.12918739	-0.48505005	0.15699892	13.12979296	-0.48594457
0.12955894	13.09057667	-0.57950568	0.13133775	13.09126814	-0.58051588
0.16458113	13.07508675	-0.59006889	0.16630755	13.07573218	-0.59096616
0.16745582	13.11782880	-0.49176083	0.16894596	13.11841573	-0.49261874
0.17324564	13.12420993	-0.49186059	0.17473140	13.12479651	-0.49269905
0.18343243	13.06828211	-0.58616903	0.18509220	13.06889875	-0.58700056
0.20946741	13.07355711	-0.62539508	0.21113410	13.07414785	-0.62615644
0.20876580	13.12985360	-0.52419598	0.21032552	13.13039643	-0.52492400
0.22447840	13.00294951	-0.74365712	0.22602001	13.00351615	-0.74435168
0.20320528	12.99823015	-0.69568077	0.20477023	12.99881843	-0.69644696
0.18901424	13.00139995	-0.69535314	0.19063948	13.00200929	-0.69618684
0.15105816	13.01640924	-0.68426467	0.15277482	13.01707709	-0.68522860
0.39788655	13.09094664	-0.26184933	0.39860535	13.09113378	-0.26218044
0.43250602	13.01022636	-0.17810073	0.43292421	13.01037334	-0.17839741
0.46043156	12.87943230	-0.13202598	0.46064828	12.87957472	-0.13230401
0.31651986	12.99190903	-0.86202459	0.31794287	12.99232055	-0.86253029
0.33957958	12.91360956	-0.95115855	0.34073677	12.91391455	-0.95158270
0.29924612	13.06143632	-0.74995372	0.30083770	13.06190133	-0.75050536
0.13710379	12.96222067	-0.06081913	0.13658308	12.96257178	-0.06202260
0.11561898	13.06642865	-0.10528034	0.11524877	13.06676154	-0.10650565
0.09487655	13.13006186	-0.17517898	0.09484409	13.13041345	-0.17640955
0.09379538	13.03033335	-0.62527278	0.09561159	13.03107412	-0.62643443
0.07395810	13.09580222	-0.54728686	0.07574373	13.09654129	-0.54849611
0.11203639	12.95794997	-0.67949187	0.11364678	12.95861420	-0.68055414
0.47439466	12.68432729	-0.13221071	0.47447113	12.68448862	-0.13246302
0.48330795	12.47526539	-0.16092041	0.48331691	12.47543185	-0.16111351
0.34774834	12.83258731	-1.00401090	0.34858074	12.83282793	-1.00431331
0.34796886	12.75756102	-1.03317237	0.34852897	12.75781226	-1.03341762
0.48402519	12.33773454	-0.19922054	0.48402188	12.33783787	-0.19931109
0.34604917	12.69755890	-1.05192595	0.34633475	12.69780100	-1.05208835
0.15829065	12.47242322	-0.10639576	0.15797160	12.47282728	-0.10734277
0.16428398	12.62857851	-0.07686126	0.16386891	12.62900695	-0.07786534
0.11230676	12.75670056	-0.74920061	0.11346415	12.75727435	-0.75013518
0.11318305	12.82546152	-0.72562602	0.11452067	12.82606142	-0.72662149
0.15517881	12.80787799	-0.05632082	0.15464338	12.80829235	-0.05745791
0.11607164	12.89098987	-0.70781112	0.11762201	12.89160112	-0.70887460
0.33527744	13.14416256	-0.50038712	0.33672919	13.14449652	-0.50084543
0.30945989	13.11585127	-0.62754683	0.31109784	13.11628331	-0.62808627
0.36509482	13.13563756	-0.37408658	0.36620949	13.13588923	-0.37448527
0.06801123	13.16517368	-0.34727873	0.06888281	13.16569643	-0.34850401
0.06593813	13.14181115	-0.44949652	0.06733819	13.14245408	-0.45072558
0.07825267	13.16192805	-0.25593804	0.07861518	13.16233927	-0.25718177
0.88149391	11.96531926	-0.58463485	0.88124816	11.96495652	-0.58450238
0.81676000	12.01719950	-0.47386000	0.81676000	12.01719950	-0.47386000
0.92155329	11.93710138	-0.71367163	0.92107587	11.93654685	-0.71353444
0.90918414	12.00360123	-0.71857752	0.90880302	12.00306042	-0.71848954
0.87392273	12.05066215	-0.63207441	0.87373070	12.05025255	-0.63200937
0.80599424	12.11375857	-0.52900042	0.80595742	12.11354623	-0.52899236
0.95453379	11.92934664	-0.83813620	0.95385749	11.92863044	-0.83802200
0.97357840	11.94522215	-0.94965260	0.97280190	11.94439127	-0.94956931
0.94199453	12.06331677	-0.93298514	0.94146571	12.06256976	-0.93297640
0.92784956	12.03312595	-0.81522448	0.92739428	12.03247294	-0.81517416
0.97270629	11.98749922	-1.04291332	0.97193246	11.98661199	-1.04286386
0.93811145	12.06231295	-1.12984430	0.93741629	12.06145325	-1.12983314
0.91521199	12.12509183	-1.10741316	0.91463822	12.12429406	-1.10742845
0.93917412	12.09821257	-1.03088872	0.93861709	12.09741507	-1.03090749
0.85756938	12.18075525	-1.22082748	0.85699118	12.18002212	-1.22082860
0.74156791	12.33224840	-1.27125610	0.74120923	12.33176829	-1.27125491
0.74581513	12.36051645	-1.19954584	0.74555754	12.36006660	-1.19957532
0.85605111	12.22665138	-1.15815758	0.85560488	12.22595624	-1.15819055
0.60100507	12.48292403	-1.23767395	0.60094507	12.48284182	-1.23764342
0.47121458	12.61383718	-1.15276029	0.47127473	12.61385267	-1.15280770
0.49420000	12.61570000	-1.07906000	0.49420000	12.61570000	-1.07906000
0.61447000	12.50220000	-1.16283000	0.61447000	12.50220000	-1.16283000
0.38312635	12.64771364	-1.04981712	0.38321450	12.64784005	-1.04989653
0.33245388	12.64830892	-0.95699339	0.33261465	12.64855134	-0.95713775
0.37140000	12.64100070	-0.89641000	0.37140000	12.64100070	-0.89641000
0.41679000	12.64250090	-0.98287004	0.41679000	12.64250090	-0.98287004
0.31510143	12.68009556	-0.89757758	0.31551444	12.68040106	-0.89781938
0.31163040	12.70756167	-0.87020049	0.31225765	12.70786369	-0.87051393
0.34018969	12.69512602	-0.81303503	0.34089966	12.69535094	-0.81336146
0.34881418	12.66990296	-0.84051218	0.34931738	12.67007891	-0.84070809
0.30261628	12.69490501	-0.87416543	0.30325858	12.69521960	-0.87451742
0.25973898	12.68491417	-0.84482428	0.26047189	12.68525662	-0.84527846
0.30026696	12.68177580	-0.77535456	0.30103675	12.68204563	-0.77577455
0.33903754	12.68372188	-0.81174708	0.33975816	12.68394600	-0.81209486
0.15460294	12.72084233	-0.71706338	0.15567114	12.72133431	-0.71788874
0.02480457	12.77435544	-0.57733088	0.02639053	12.77477023	-0.57872331
0.02856452	12.81230889	-0.50049299	0.02995507	12.81279428	-0.50190966
0.17905984	12.73576435	-0.64174169	0.18021232	12.73619781	-0.64256228
-0.09049335	12.81742830	-0.51609476	-0.08862308	12.81785685	-0.51828287
-0.19602654	12.84988550	-0.52338227	-0.19357823	12.85040007	-0.52674162
-0.20063245	12.91827768	-0.46274160	-0.19861315	12.91875352	-0.46603854
-0.09348225	12.87722116	-0.44624608	-0.09195198	12.87772036	-0.44850799
-0.29550768	12.87098679	-0.58831327	-0.29141086	12.87160414	-0.59321595
-0.38621895	12.88320364	-0.66183059	-0.37990210	12.88404410	-0.66835715
-0.40571301	12.90944203	-0.60951196	-0.40027199	12.90995459	-0.61603034
-0.30752762	12.92354781	-0.53233988	-0.30420677	12.92403265	-0.53706066
-0.46748283	12.88455060	-0.69595084	-0.45934221	12.88505506	-0.70417524
-0.54088600	12.87614431	-0.69282323	-0.53124560	12.87557074	-0.70320849
-0.54015378	12.87758052	-0.65805167	-0.53078598	12.87674260	-0.66850469
-0.49173903	12.88977894	-0.64874570	-0.48427413	12.88967274	-0.65730226
-0.61836436	12.86068076	-0.64102441	-0.60951693	12.85838997	-0.65176670
-0.67412467	12.84127719	-0.56269894	-0.66693831	12.83825363	-0.57396557
-0.64082180	12.85976279	-0.53194797	-0.63470683	12.85723983	-0.54251116
-0.59634815	12.87125021	-0.60872020	-0.58843693	12.86924994	-0.61904597
-0.68758672	12.81596799	-0.46564244	-0.68262094	12.81318270	-0.47667809
-0.66738226	12.77315315	-0.37116185	-0.66431672	12.77103775	-0.38120295
-0.64506642	12.77987678	-0.38286731	-0.64182238	12.77787372	-0.39249553
-0.65311111	12.82410600	-0.44624952	-0.64872017	12.82174782	-0.45649977
-0.62376207	12.70137675	-0.30287635	-0.62175284	12.69990536	-0.31159519
-0.55209357	12.64284520	-0.24931760	-0.55088676	12.64193213	-0.25652975
-0.53376787	12.70174134	-0.28115970	-0.53220923	12.70074685	-0.28837239
-0.60729297	12.74301264	-0.33562938	-0.60482588	12.74146781	-0.34428112
-0.44800099	12.64012449	-0.19734898	-0.44769427	12.63977852	-0.20299034
-0.32218351	12.62076990	-0.15723422	-0.32229440	12.62085679	-0.16138815
-0.30374539	12.67424015	-0.18616696	-0.30363229	12.67429538	-0.19021491
-0.42829576	12.69727595	-0.22753312	-0.42767295	12.69687335	-0.23312696
-0.18572850	12.51698028	-0.14072113	-0.18586436	12.51729855	-0.14344517
-0.03722654	12.40131538	-0.14624203	-0.03731431	12.40170130	-0.14795788
-0.03440187	12.47103701	-0.17728702	-0.03437614	12.47141619	-0.17906481
-0.17373303	12.57955725	-0.16960115	-0.17372827	12.57984286	-0.17233005
0.12385672	12.34082274	-0.16521333	0.12377743	12.34117825	-0.16617172
0.25235407	12.32215609	-0.18962759	0.25232579	12.32246034	-0.19009086
0.23232041	12.38190868	-0.24181292	0.23248787	12.38217227	-0.24241434
0.11461065	12.40817877	-0.20667540	0.11469124	12.40851235	-0.20775398
0.30248671	12.35633170	-0.21065817	0.30253071	12.35657998	-0.21099673
0.28838493	12.44022872	-0.28010472	0.28861487	12.44047448	-0.28054910
0.28019694	12.41243189	-0.26625688	0.28040284	12.41267642	-0.26671357
0.31391713	12.34663206	-0.22320559	0.31396927	12.34683772	-0.22348169
0.34620000	12.27620000	-0.23202000	0.34620000	12.27620000	-0.23202000
0.31991428	12.33340579	-0.29100809	0.32003409	12.33354084	-0.29123990
0.28728748	12.39862065	-0.28118982	0.28746180	12.39883819	-0.28157228
0.44425997	12.21770000	-0.27141000	0.44425997	12.21770000	-0.27141000
0.57587000	12.16340070	-0.32883000	0.57587000	12.16340070	-0.32883000
0.56980298	12.24279397	-0.38298973	0.56985285	12.24278009	-0.38300302
0.42797692	12.28614713	-0.32801554	0.42803850	12.28620689	-0.32810030
0.70622003	12.08180000	-0.39380000	0.70622003	12.08180000	-0.39380000
0.70013940	12.18081912	-0.44766736	0.70014732	12.18071694	-0.44764879
0.76306048	12.39262440	-1.04873489	0.76298066	12.39214357	-1.04882003
0.86475648	12.24349179	-1.04771323	0.86443872	12.24282312	-1.04776608
0.78286614	12.37604060	-0.86065884	0.78293800	12.37559114	-0.86076459
0.87414938	12.22207174	-0.90723215	0.87392115	12.22145503	-0.90727432
0.79551959	12.26160961	-0.67286404	0.79555464	12.26124716	-0.67290520
0.87407927	12.14836002	-0.75500897	0.87388175	12.14783142	-0.75501575
0.53426708	12.60800167	-0.90312792	0.53463635	12.60788996	-0.90327443
0.64720200	12.52180575	-0.99080629	0.64736944	12.52156142	-0.99089602
0.56602886	12.53847760	-0.69158955	0.56651517	12.53839488	-0.69173199
0.67847948	12.47814694	-0.78151743	0.67879950	12.47787948	-0.78163948
0.57137451	12.38639463	-0.51118503	0.57162789	12.38634588	-0.51126288
0.69289036	12.33969494	-0.58934342	0.69307673	12.33949617	-0.58938725
-0.21365362	12.91282514	-0.37804211	-0.21236698	12.91315334	-0.38141558
-0.10835921	12.86990145	-0.35992764	-0.10727946	12.87030996	-0.36235919
-0.23691226	12.85440119	-0.29225580	-0.23626113	12.85460091	-0.29587598
-0.13056962	12.80521462	-0.27619551	-0.13005972	12.80556708	-0.27878649
-0.01320934	12.73789416	-0.30983705	-0.01258464	12.73827598	-0.31157700
0.01102552	12.80441611	-0.40485129	0.01207725	12.80490368	-0.40638651
-0.27122117	12.76362098	-0.22992588	-0.27085889	12.76371909	-0.23378714
-0.15391172	12.69153925	-0.21427787	-0.15366846	12.69184144	-0.21699230
-0.02724797	12.60562836	-0.23326075	-0.02697468	12.60600508	-0.23506002
-0.53429029	12.90584784	-0.56744741	-0.52853173	12.90473139	-0.57621611
-0.57431835	12.89728867	-0.47600829	-0.57020564	12.89562503	-0.48502068
-0.47827511	12.92191086	-0.40787029	-0.47600540	12.92118278	-0.41490676
-0.44024634	12.93679095	-0.51245032	-0.43654399	12.93655669	-0.51910383
-0.59419090	12.82581474	-0.39582095	-0.59107258	12.82415893	-0.40476012
-0.50900139	12.81930738	-0.33156282	-0.50713185	12.81838306	-0.33881194
-0.32954356	12.93702836	-0.43861289	-0.32743844	12.93715095	-0.44343057
-0.35931652	12.90060718	-0.34084542	-0.35817730	12.90046007	-0.34599043
-0.39546435	12.80219696	-0.27279073	-0.39461759	12.80182141	-0.27823265
0.29546182	12.64007145	-0.65158242	0.29630240	12.64034446	-0.65208503
0.33708858	12.63664598	-0.67496483	0.33789963	12.63688526	-0.67537617
0.26902274	12.57290732	-0.50186372	0.26974849	12.57314982	-0.50246986
0.31538333	12.57189490	-0.51164589	0.31611059	12.57211942	-0.51214117
0.31948346	12.58988354	-0.49602836	0.32018429	12.59010217	-0.49649797
0.33810512	12.65095919	-0.66653872	0.33891888	12.65119811	-0.66694220
0.34512002	12.63344820	-0.68912249	0.34588323	12.63369065	-0.68948759
0.32182496	12.57568231	-0.51084759	0.32250723	12.57589514	-0.51130017
0.35402450	12.55590299	-0.55142545	0.35467328	12.55608701	-0.55181387
0.37413244	12.61475481	-0.73958393	0.37478378	12.61494893	-0.73988870
0.32825417	12.44106500	-0.39925742	0.32859133	12.44124060	-0.39961327
0.29612343	12.48797535	-0.37604869	0.29651703	12.48820687	-0.37650840
0.29053001	12.49207221	-0.37118440	0.29098685	12.49231275	-0.37168057
0.24301858	12.47786695	-0.35525987	0.24346306	12.47811374	-0.35590274
0.44702513	12.55415356	-0.61323749	0.44761220	12.55421284	-0.61350102
0.43994982	12.62189902	-0.81513500	0.44046525	12.62194527	-0.81535962
0.43476031	12.41236390	-0.44611242	0.43505903	12.41243459	-0.44628803
0.14012796	12.64104592	-0.41058822	0.14089042	12.64140289	-0.41163088
0.16704828	12.71160255	-0.53274739	0.16808526	12.71196864	-0.53367764
0.12080768	12.52369677	-0.29505469	0.12125162	12.52401023	-0.29616235
0.16799508	13.14661827	-0.39472262	0.16913409	13.14714167	-0.39554894
0.26115913	13.03163830	-0.12905278	0.26118433	13.03192548	-0.12973864
0.30008416	12.91753837	-0.08744912	0.29996222	12.91782978	-0.08804401
0.32885256	12.73752078	-0.09283310	0.32869669	12.73783687	-0.09334402
0.34860848	12.55806981	-0.12254191	0.34849928	12.55838106	-0.12294499
0.24443989	12.85972491	-0.81504061	0.24565431	12.86021037	-0.81564182
0.33929259	12.37544252	-0.18506583	0.33926607	12.37568647	-0.18533557
0.18163987	13.06306063	-0.58894957	0.18330632	13.06367855	-0.58979208
0.20669080	12.99301090	-0.68902713	0.20825209	12.99359000	-0.68979512
0.89581127	11.96000402	-0.57120328	0.89557585	11.95963314	-0.57107748
0.82725627	12.01966948	-0.45665379	0.82726733	12.01966103	-0.45664672
0.93893178	11.92277089	-0.70508307	0.93844476	11.92219647	-0.70495577
0.74499817	12.33083425	-1.28676080	0.74462552	12.33033774	-1.28675928
0.46163229	12.61965683	-1.16640133	0.46170868	12.61967144	-1.16645140
0.35397496	12.65865135	-1.05840552	0.35412621	12.65886125	-1.05852661
0.28801136	12.66286157	-0.96025121	0.28824985	12.66323993	-0.96045533
0.27450170	12.69293315	-0.89914609	0.27501597	12.69332257	-0.89944649
0.25855450	12.70415769	-0.88628820	0.25931619	12.70452637	-0.88675939
0.21031313	12.69026722	-0.86834891	0.21110173	12.69068814	-0.86891503
0.12285005	12.71250229	-0.75431385	0.12388464	12.71303952	-0.75518862
0.01645280	12.74554825	-0.62489454	0.01796612	12.74596088	-0.62629924
-0.18751587	12.78633538	-0.56433518	-0.18484574	12.78678800	-0.56772253
-0.28501275	12.82909627	-0.61992580	-0.28068696	12.82977675	-0.62489236
-0.45442269	12.89095437	-0.71717721	-0.44608097	12.89171615	-0.72512653
-0.53170031	12.88926029	-0.71410899	-0.52216130	12.88907026	-0.72419368
-0.68539059	12.84468553	-0.57537854	-0.67790351	12.84146157	-0.58694215
-0.18813800	12.52671449	-0.11872723	-0.18842169	12.52705420	-0.12148644
0.14145246	12.35649340	-0.14038906	0.14127102	12.35687271	-0.14129595
0.31009747	12.38414245	-0.22315903	0.31017694	12.38438499	-0.22349401
0.38336883	12.29393034	-0.19531594	0.38336484	12.29404860	-0.19540401
0.46931076	12.23722939	-0.23886078	0.46929436	12.23727467	-0.23890131
0.71414665	12.09169096	-0.37176460	0.71414710	12.09166076	-0.37174691
0.29717090	12.51515760	-0.36922698	0.29760472	12.51539401	-0.36970627
0.58682322	12.77748299	-0.54117401	0.58766929	12.77741937	-0.54136296
0.30956221	12.99027333	-0.53011414	0.31087890	12.99064307	-0.53064187
0.03677561	12.99638431	-0.26399931	0.03719920	12.99684302	-0.26548576
0.10586655	13.07899359	-0.30823492	0.10654262	13.07947373	-0.30936396
0.32232553	12.86927346	-0.29409142	0.32287760	12.86958827	-0.29455412
0.03555440	12.96953642	-0.42227782	0.03678157	12.97011693	-0.42368243
0.12891711	13.04712547	-0.41755938	0.13011687	13.04767205	-0.41855958
0.37023829	12.82425702	-0.69364940	0.37135442	12.82452818	-0.69407285
0.16083930	13.02992881	-0.17957167	0.16096951	13.03030672	-0.18055504
0.22386620	12.81648245	-0.79422649	0.22501551	12.81696217	-0.79487064
0.33323338	12.75902481	-0.53125696	0.33416851	12.75928202	-0.53173694
0.33226813	12.88780015	-0.84168018	0.33346475	12.88814644	-0.84214312
0.39531470	12.43627649	-0.24550243	0.39544159	12.43643823	-0.24574832
0.25034688	13.04807797	-0.44629965	0.25155847	13.04852389	-0.44693420
0.47906636	12.68504699	-0.66767764	0.47985843	12.68510966	-0.66795845
0.70055647	12.74857950	-0.77262946	0.70132719	12.74826277	-0.77285789
0.33049764	12.94040524	-0.19975113	0.33082632	12.94068458	-0.20023199
-0.42522884	12.90970502	-0.25797530	-0.42504466	12.90929802	-0.26396862
0.15729636	13.08263122	-0.24874024	0.15773202	13.08304326	-0.24968950
0.32833084	12.94748795	-0.68794523	0.32969589	12.94785954	-0.68845103
-0.51039817	12.90760357	-0.30296153	-0.50955133	12.90673162	-0.31038446
0.23307283	13.03269098	-0.32806710	0.23387154	13.03311538	-0.32874581
0.29121488	12.46008228	-0.20134936	0.29125313	12.46037259	-0.20178958
0.12453331	13.10045992	-0.37005144	0.12553168	13.10099159	-0.37106241
0.21616165	13.07885276	-0.48863146	0.21754724	13.07935647	-0.48935097
0.25674051	12.61341447	-0.24533206	0.25699234	12.61373046	-0.24595584
0.17341082	12.93904637	-0.50896163	0.17478829	12.93954526	-0.50983396
0.28143346	12.89236752	-0.83171202	0.28267625	12.89281642	-0.83225271
0.28778887	12.84155250	-0.83493326	0.28889958	12.84196711	-0.83542783
0.23695391	13.02344540	-0.54453857	0.23841023	13.02393307	-0.54523236
0.37889988	12.79979455	-0.19771538	0.37919740	12.80005014	-0.19810055
0.50021792	12.59219850	-0.43283583	0.50073645	12.59226442	-0.43302315
0.30777620	12.76177154	-0.88749983	0.30852759	12.76209811	-0.88785102
0.16688704	12.96652933	-0.64432350	0.16843482	12.96712190	-0.64521822
0.39198464	12.37605361	-0.22241518	0.39202716	12.37620569	-0.22261403
0.35965298	12.48422303	-0.31262306	0.35993177	12.48441082	-0.31296154
0.19780620	12.86938619	-0.18719530	0.19796505	12.86975340	-0.18809038
0.39120374	12.73052230	-0.90982136	0.39175297	12.73063222	-0.91003136
0.30000866	12.79409987	-0.84897337	0.30096274	12.79446357	-0.84939473
0.15000108	13.11510851	-0.28096394	0.15059266	13.11553867	-0.28190880
0.41673616	12.60696039	-0.24735977	0.41695072	12.60713970	-0.24765989
0.21952214	12.86156881	-0.77096082	0.22080742	12.86207627	-0.77165151
0.43002642	12.71347351	-0.82709873	0.43072755	12.71356323	-0.82738227
0.82931455	12.74380050	-0.86807842	0.83003066	12.74324958	-0.86833420
0.56821044	12.79097594	-0.92728283	0.56897559	12.79079256	-0.92755622
0.34331378	12.68662211	-0.19899411	0.34350715	12.68689649	-0.19942725
0.25350909	12.76376078	-0.18168365	0.25363486	12.76411107	-0.18236398
