0.84895507	12.73785814	-0.41953631	0.84816034	12.73839146	-0.41925750
0.81954319	12.87600988	-0.44808538	0.81846353	12.87652000	-0.44777605
0.89595574	12.83499048	-0.54629247	0.89500247	12.83563725	-0.54594401
0.92839880	12.70185803	-0.53181897	0.92771148	12.70253877	-0.53149256
0.77669977	12.96678490	-0.50832618	0.77543710	12.96723528	-0.50799950
0.85714225	12.92098675	-0.58915864	0.85602939	12.92158539	-0.58879822
0.90671522	12.87828747	-0.64946928	0.90573529	12.87898566	-0.64909078
0.94532868	12.80850073	-0.64379641	0.94448940	12.80925489	-0.64341995
0.97973151	12.67947533	-0.64488924	0.97913931	12.68026593	-0.64453191
0.71624026	12.76729643	-1.16351768	0.71584662	12.76770094	-1.16328569
0.83862825	12.71711457	-1.14163256	0.83827746	12.71772436	-1.14134130
0.80668996	12.82352476	-1.07275511	0.80610196	12.82409050	-1.07243730
0.68442545	12.86942383	-1.08961202	0.68377921	12.86979839	-1.08934520
0.93978722	12.68366947	-1.07874144	0.93944775	12.68445518	-1.07839402
0.90625352	12.79465976	-1.01998334	0.90567193	12.79538983	-1.01961674
0.86634306	12.86302383	-0.96934768	0.86559890	12.86368738	-0.96898018
0.78743462	12.90367680	-0.98476231	0.78663132	12.90422407	-0.98442126
0.66530974	12.94926719	-0.99027641	0.66442034	12.94962136	-0.98997188
0.59369414	12.83433097	-0.20767709	0.59267854	12.83437362	-0.20747241
0.57465854	12.97126516	-0.25527587	0.57329054	12.97127136	-0.25503949
0.70898932	12.92407897	-0.34798188	0.70776579	12.92438013	-0.34771962
0.73113916	12.78470657	-0.30765834	0.73023786	12.78502315	-0.30742615
0.54362230	13.05754079	-0.33963639	0.54202973	13.05748904	-0.33937239
0.67237302	13.01434966	-0.42370604	0.67093828	13.01458842	-0.42341822
0.46598286	12.88159853	-1.06313140	0.46530152	12.88160310	-1.06295364
0.59257903	12.82779077	-1.13589952	0.59205934	12.82800778	-1.13570715
0.56134078	12.92008724	-1.06335948	0.56057304	12.92026278	-1.06312276
0.43689290	12.96391893	-0.98837703	0.43594442	12.96384534	-0.98814818
0.54057274	12.99454424	-0.96159437	0.53953644	12.99465781	-0.96130646
0.41546111	13.03312374	-0.88558717	0.41423608	13.03295914	-0.88531102
-0.01685144	12.98533412	-0.06494853	-0.01810785	12.98369275	-0.06441478
-0.14537173	12.99596529	-0.08638079	-0.14667350	12.99388858	-0.08564484
-0.14857299	13.06931971	-0.13286553	-0.15017707	13.06720773	-0.13212551
-0.02372577	13.07258482	-0.10883125	-0.02531335	13.07091525	-0.10829324
-0.26430702	12.99656755	-0.12186549	-0.26565977	12.99406808	-0.12086613
-0.26598160	13.05793928	-0.17023909	-0.26763003	13.05540176	-0.16924864
-0.26784334	13.09911429	-0.23565028	-0.26974898	13.09653420	-0.23465327
-0.15123668	13.11621678	-0.19897195	-0.15311247	13.11407732	-0.19822440
-0.02935225	13.12656242	-0.17469434	-0.03121159	13.12485964	-0.17415794
0.02716567	12.97239226	-0.58968929	0.02552391	12.97102120	-0.58925742
0.01159108	13.03458244	-0.56403359	0.00971803	13.03311867	-0.56355591
-0.06982367	13.03594345	-0.55306466	-0.07185360	13.03416735	-0.55246449
-0.05511471	12.97996037	-0.56883460	-0.05692485	12.97827567	-0.56826764
-0.00845257	13.08822295	-0.51649226	-0.01052126	13.08662269	-0.51597104
-0.09172444	13.08191733	-0.51716870	-0.09389898	13.08002231	-0.51651489
-0.18562344	13.07389537	-0.53256098	-0.18792763	13.07160630	-0.53166269
-0.16278046	13.03326304	-0.56868381	-0.16498957	13.03109470	-0.56783537
-0.14764769	12.98236960	-0.58634067	-0.14966392	12.98031186	-0.58554237
0.98735507	12.29032964	-0.67121836	0.98742850	12.29105265	-0.67092886
0.96707753	12.07130769	-0.68737921	0.96746407	12.07197455	-0.68716938
0.91408464	12.09766254	-0.55217248	0.91424320	12.09810074	-0.55201651
0.92851664	12.30468695	-0.53623314	0.92848702	12.30523315	-0.53601589
0.83589167	12.14708821	-0.43108774	0.83593446	12.14729517	-0.43100020
0.84296308	12.32952897	-0.41101388	0.84288338	12.32989924	-0.41085511
0.97987492	12.38179857	-1.14075815	0.98013274	12.38266099	-1.14044819
0.88487437	12.44206348	-1.20989543	0.88506265	12.44275113	-1.20963951
0.88085340	12.28255556	-1.23488040	0.88136943	12.28323862	-1.23465805
0.97306153	12.19045290	-1.15625274	0.97369161	12.19130334	-1.15598633
0.75740165	12.51775139	-1.23891021	0.75742905	12.51813971	-1.23873798
0.75414501	12.39758959	-1.27043575	0.75446250	12.39799089	-1.27028934
0.86899470	12.17781675	-1.24285260	0.86970322	12.17848087	-1.24265887
0.95458126	12.05576962	-1.15450283	0.95545850	12.05658757	-1.15428417
0.99272543	12.49944154	-0.65634772	0.99246109	12.50021668	-0.65602860
0.93592101	12.51518982	-0.52997249	0.93558222	12.51583529	-0.52969649
0.85155764	12.54337280	-0.40811293	0.85115788	12.54386348	-0.40788641
0.86774616	12.58847707	-1.18301154	0.86763157	12.58911803	-1.18274591
0.96688152	12.54617021	-1.11703222	0.96681482	12.54700803	-1.11669884
0.74241661	12.64557331	-1.20810100	0.74223151	12.64596892	-1.20789179
0.59950102	12.42009571	-0.22544686	0.59938500	12.42012325	-0.22535040
0.59887445	12.63492586	-0.20281628	0.59831985	12.63496692	-0.20266797
0.73243123	12.58562190	-0.29701279	0.73196099	12.58589953	-0.29682454
0.72685076	12.37125489	-0.30817007	0.72673955	12.37144507	-0.30806580
0.46841724	12.70494399	-1.15057428	0.46823931	12.70495840	-1.15051883
0.61191379	12.61523553	-1.21923738	0.61183588	12.61533409	-1.21916688
0.60832722	12.71965344	-1.18559880	0.60809522	12.71985023	-1.18548695
0.47295731	12.78884945	-1.11676245	0.47255143	12.78887207	-1.11665826
0.58651199	12.17480537	-0.30178836	0.58652321	12.17480402	-0.30178655
0.59707614	12.28078308	-0.26237574	0.59710175	12.28080051	-0.26232758
0.72319121	12.21639383	-0.33758510	0.72321466	12.21650728	-0.33753629
0.60093833	12.48703641	-1.25186044	0.60104117	12.48707322	-1.25186915
0.60692383	12.53448639	-1.24353309	0.60694997	12.53455296	-1.24351824
0.46255588	12.64919420	-1.16629745	0.46248021	12.64918379	-1.16625906
-0.00669439	12.70770411	-0.06431278	-0.00714795	12.70610892	-0.06384894
-0.15561966	12.77497444	-0.07082112	-0.15619759	12.77288738	-0.07006279
-0.14658607	12.89781673	-0.06822544	-0.14754715	12.89575830	-0.06749061
-0.00810362	12.86200228	-0.05338334	-0.00898956	12.86038400	-0.05286643
-0.29193453	12.82490516	-0.09439521	-0.29266240	12.82234319	-0.09329251
-0.27410311	12.92011701	-0.09825511	-0.27516142	12.91760133	-0.09721081
0.02416390	12.84309000	-0.61908155	0.02298923	12.84180214	-0.61874950
0.02981528	12.90840381	-0.60631745	0.02840024	12.90707894	-0.60593069
-0.05165422	12.91831434	-0.57834297	-0.05321175	12.91668926	-0.57781095
-0.05940522	12.85359394	-0.58251738	-0.06073426	12.85198122	-0.58201028
-0.14401390	12.92525902	-0.59475109	-0.14581597	12.92325633	-0.59398247
-0.15311385	12.86444927	-0.59380472	-0.15463751	12.86243610	-0.59306728
-0.03448078	12.41186116	-0.11906586	-0.03422009	12.41019994	-0.11862876
-0.17581736	12.62775735	-0.08883775	-0.17601133	12.62560009	-0.08806853
-0.02044360	12.53703375	-0.08846952	-0.02049274	12.53540026	-0.08801852
-0.32735941	12.61924412	-0.12620364	-0.32760241	12.61655424	-0.12490156
-0.31410383	12.70705780	-0.10611904	-0.31451422	12.70442952	-0.10488593
0.01464728	12.77684103	-0.63109961	0.01370446	12.77556907	-0.63084676
-0.07828033	12.78712344	-0.57982959	-0.07935577	12.78546276	-0.57934497
-0.09589371	12.75994835	-0.55981735	-0.09683238	12.75820767	-0.55931746
-0.17662066	12.80179347	-0.58185557	-0.17787344	12.79969602	-0.58110029
-0.38701369	12.99252663	-0.16996313	-0.38847931	12.98953315	-0.16859406
-0.37975731	13.04275503	-0.21570784	-0.38146189	13.03974237	-0.21438021
-0.49730484	12.98487622	-0.22534095	-0.49889140	12.98150815	-0.22359354
-0.47805864	13.02567315	-0.26652937	-0.47984845	13.02227880	-0.26488817
-0.45650699	13.05916951	-0.31689336	-0.45851401	13.05581403	-0.31532137
-0.37050155	13.07990769	-0.27481729	-0.37247174	13.07689034	-0.27350934
-0.26757628	13.03017065	-0.58729856	-0.26994270	13.02758268	-0.58616525
-0.25290776	12.98526333	-0.61251316	-0.25514983	12.98276097	-0.61142655
-0.28796619	13.06622097	-0.54662469	-0.29038555	13.06352760	-0.54544002
-0.38284702	13.05678833	-0.55421439	-0.38531723	13.05368987	-0.55274325
-0.36791198	13.02598284	-0.59924187	-0.37036920	13.02297921	-0.59779378
-0.35816104	12.98799421	-0.63331013	-0.36056276	12.98507037	-0.63189245
-0.25392651	12.93691349	-0.62850364	-0.25600725	12.93443713	-0.62742143
-0.36545417	12.94926544	-0.65819359	-0.36775885	12.94635002	-0.65676673
-0.38009339	12.91194314	-0.67225916	-0.38232134	12.90900600	-0.67080900
-0.26630115	12.88741602	-0.63314337	-0.26820749	12.88491214	-0.63205527
-0.54089586	12.87904200	-0.18401357	-0.54216172	12.87566975	-0.18192547
-0.56089217	12.75701610	-0.18842841	-0.56203335	12.75365111	-0.18586731
-0.64114810	12.79138454	-0.24319612	-0.64326233	12.78739701	-0.24003060
-0.62007965	12.88849289	-0.24488803	-0.62167741	12.88472151	-0.24241877
-0.56818315	12.65232622	-0.20532210	-0.56908790	12.64892380	-0.20246332
-0.64569893	12.70951592	-0.25618284	-0.64723598	12.70564046	-0.25297198
-0.69512764	12.78036693	-0.32750439	-0.69704954	12.77655895	-0.32472246
-0.68823906	12.83261966	-0.32163288	-0.69003542	12.82880357	-0.31894275
-0.67201259	12.89559669	-0.32349927	-0.67381708	12.89174584	-0.32098923
-0.45724195	12.64314604	-0.15977492	-0.45771032	12.64014682	-0.15766768
-0.44662743	12.73932053	-0.14112661	-0.44728913	12.73630749	-0.13925379
-0.42511575	12.85859195	-0.13325393	-0.42606958	12.85556716	-0.13166236
-0.47616848	12.92704534	-0.68209561	-0.47848398	12.92375616	-0.68034679
-0.48294067	12.90000300	-0.69269034	-0.48518636	12.89670412	-0.69094179
-0.39199260	12.87855947	-0.67406419	-0.39410126	12.87559451	-0.67258692
-0.56259998	12.93132850	-0.66146424	-0.56488402	12.92774904	-0.65949834
-0.56717480	12.90470786	-0.67635590	-0.56940957	12.90115743	-0.67440425
-0.40256262	12.86163239	-0.66358885	-0.40456537	12.85861869	-0.66208725
-0.28555465	12.83909173	-0.62531856	-0.28723742	12.83651975	-0.62420145
0.89675815	12.88642037	-0.90062633	0.89591325	12.88713157	-0.90023540
0.79639671	12.95308589	-0.88666571	0.79540868	12.95363543	-0.88629283
0.91298408	12.90084962	-0.81188281	0.91205038	12.90157847	-0.81148524
0.81746983	12.97302431	-0.78212963	0.81636767	12.97359688	-0.78174554
0.70653518	13.02826622	-0.74096320	0.70524145	13.02862122	-0.74060614
0.67723284	13.00403595	-0.87008334	0.67610644	13.00437310	-0.86973122
0.91390205	12.89703145	-0.71999537	0.91292687	12.89775164	-0.71960371
0.83435338	12.96434449	-0.67561958	0.83319749	12.96492606	-0.67524449
0.73937523	13.01655575	-0.61371601	0.73804592	13.01694787	-0.61336648
0.99936553	12.67327059	-0.98392599	0.99897978	12.67415750	-0.98353350
0.96103934	12.79474422	-0.93884053	0.96040058	12.79556560	-0.93843898
1.02224471	12.67381014	-0.87256497	1.02178917	12.67471613	-0.87216396
0.98060644	12.80418653	-0.84202423	0.97988962	12.80503040	-0.84161367
1.01337566	12.67282733	-0.75926057	1.01285676	12.67369232	-0.75887523
0.97449303	12.80373496	-0.74266039	0.97371872	12.80455431	-0.74226126
0.55663922	13.04900261	-0.82506313	0.55534181	13.04909425	-0.82473251
0.59291194	13.07476636	-0.67618965	0.59144052	13.07488308	-0.67584764
0.46842883	13.11281848	-0.59372645	0.46674581	13.11262689	-0.59339627
0.43181005	13.08616044	-0.74564575	0.43030110	13.08595091	-0.74531590
0.63258859	13.06379173	-0.53813041	0.63106483	13.06395936	-0.53781143
0.50690258	13.10397611	-0.45565249	0.50519635	13.10385236	-0.45535530
-0.39118199	13.07395674	-0.49631320	-0.39358586	13.07080550	-0.49485234
-0.47473027	13.05492461	-0.50797744	-0.47711988	13.05147993	-0.50626296
-0.45493817	13.04384858	-0.55050199	-0.45737868	13.04047369	-0.54881832
-0.40292695	13.07975163	-0.43328937	-0.40521598	13.07654355	-0.43183340
-0.49667641	13.05649161	-0.46336817	-0.49897341	13.05295353	-0.46160530
-0.58107251	13.02944740	-0.49174615	-0.58333314	13.02562323	-0.48973287
-0.54360508	13.03189365	-0.52453731	-0.54594512	13.02820158	-0.52261820
-0.50599560	13.03074139	-0.55100223	-0.50838603	13.02718709	-0.54916957
-0.42810120	13.07598523	-0.37298643	-0.43027051	13.07269442	-0.37148433
-0.51020262	13.05195793	-0.41202035	-0.51238678	13.04835657	-0.41024376
-0.52474037	13.03733994	-0.36111605	-0.52678068	13.03374048	-0.35931165
-0.57040955	13.02000521	-0.39296185	-0.57246041	13.01624193	-0.39100181
-0.58256257	13.02506928	-0.44138923	-0.58471039	13.02123742	-0.43938295
-0.02437836	13.12687307	-0.43447928	-0.02653324	13.12518246	-0.43393927
-0.11625240	13.11372166	-0.44643902	-0.11846109	13.11169625	-0.44573708
-0.03373166	13.14817517	-0.33908744	-0.03588200	13.14642860	-0.33853155
-0.13698305	13.13112581	-0.35985101	-0.13914689	13.12901273	-0.35912768
-0.23834774	13.11304128	-0.39012379	-0.24057516	13.11052291	-0.38916078
-0.21253383	13.09990588	-0.46860630	-0.21483407	13.09749440	-0.46766947
-0.03403398	13.14995141	-0.25196996	-0.03608019	13.14821165	-0.25142733
-0.14803531	13.13437720	-0.27601900	-0.15009534	13.13223380	-0.27527803
-0.25780706	13.11512914	-0.31053245	-0.25991213	13.11255645	-0.30954382
0.99234732	11.97681752	-1.05809220	0.99331200	11.97769331	-1.05787628
1.01445407	12.12182734	-1.05607746	1.01513508	12.12273531	-1.05580013
0.99460488	11.93188945	-0.95271425	0.99556365	11.93274027	-0.95253431
1.02023484	12.07858309	-0.94186643	1.02089187	12.07947238	-0.94159777
1.03867409	12.29639340	-0.92624524	1.03893093	12.29731458	-0.92591155
1.02742493	12.33101957	-1.04215455	1.02770384	12.33194900	-1.04182016
0.97573828	11.91527871	-0.83383559	0.97660082	11.91604359	-0.83369957
1.00340214	12.06325614	-0.81847830	1.00396651	12.06406579	-0.81823945
1.02474543	12.28525862	-0.80192665	1.02492924	12.28610359	-0.80160833
1.02225018	12.51683268	-1.01771989	1.02217199	12.51775691	-1.01735228
1.04076242	12.49934433	-0.90254607	1.04064255	12.50027461	-0.90217688
1.02932737	12.49384252	-0.78130181	1.02914271	12.49471876	-0.78095010
-0.64843789	12.92494713	-0.60875900	-0.65059841	12.92106585	-0.60656339
-0.65506258	12.89531224	-0.62094921	-0.65715465	12.89144532	-0.61875267
-0.70615627	12.91390218	-0.52859240	-0.70816958	12.90982459	-0.52628640
-0.71653672	12.87783081	-0.53478337	-0.71846276	12.87374553	-0.53247461
-0.65675082	12.87198159	-0.62254998	-0.65877526	12.86812527	-0.62036769
-0.70718319	12.90402046	-0.42599397	-0.70902180	12.89999842	-0.42360315
-0.72064798	12.85911833	-0.42676352	-0.72244877	12.85512018	-0.42427720
-0.72364787	12.82356780	-0.42835941	-0.72542095	12.81959018	-0.42579630
-0.30408534	13.08784332	-0.48420054	-0.30645837	13.08505771	-0.48299365
-0.32200581	13.09728983	-0.41176998	-0.32428520	13.09442310	-0.41054758
-0.34768348	13.09635817	-0.34114278	-0.34982553	13.09340497	-0.33988021
-0.59982787	12.94148156	-0.25856418	-0.60148202	12.93781034	-0.25638709
-0.51865457	12.94541660	-0.19699579	-0.52006063	12.94205179	-0.19511288
-0.65432271	12.93570286	-0.33304261	-0.65614985	12.93183799	-0.33067367
-0.63118141	12.96537238	-0.35043358	-0.63303186	12.96151140	-0.34823354
-0.57699745	12.97372204	-0.28325809	-0.57876313	12.97007657	-0.28122296
-0.40347378	12.93702159	-0.14279836	-0.40469503	12.93400211	-0.14135918
-0.46324921	12.95803793	-0.66373535	-0.46562340	12.95476325	-0.66200719
-0.45141588	12.99016098	-0.63553988	-0.45384587	12.98689052	-0.63384221
-0.53552578	12.98830117	-0.61756994	-0.53791553	12.98471124	-0.61564371
-0.55130182	12.96002365	-0.64353941	-0.55364111	12.95643218	-0.64158104
-0.66491656	12.97108884	-0.51683300	-0.66704363	12.96708635	-0.51460446
-0.68919247	12.94355159	-0.52317078	-0.69126507	12.93950533	-0.52089271
-0.63484082	12.95317843	-0.59580196	-0.63706141	12.94930724	-0.59363708
-0.61410438	12.98035358	-0.57795575	-0.61638234	12.97652024	-0.57584809
-0.63297361	13.00041515	-0.50799260	-0.63516812	12.99647195	-0.50584514
-0.58691355	13.00676459	-0.55104556	-0.58922754	13.00298329	-0.54900983
-0.51735108	13.01380199	-0.57836574	-0.51974408	13.01022133	-0.57648384
-0.68985323	12.93717870	-0.42863088	-0.69176452	12.93316797	-0.42629931
-0.66563460	12.96532669	-0.43463463	-0.66762265	12.96134556	-0.43236751
-0.59920350	12.99665194	-0.37505691	-0.60117370	12.99283971	-0.37298809
-0.63211933	12.99558725	-0.44391029	-0.63419936	12.99166547	-0.44175160
-0.54944373	13.00845712	-0.31783334	-0.55132270	13.00482983	-0.31594356
-0.44791161	13.02049281	-0.59537230	-0.45035941	13.01718099	-0.59368583
0.17677215	13.11819705	-0.18438883	0.17493952	13.11716659	-0.18406439
0.14670488	13.15661334	-0.26957166	0.14467505	13.15548891	-0.26921901
0.17448106	13.14471377	-0.28434253	0.17248856	13.14367989	-0.28399758
0.20882284	13.10513930	-0.19601507	0.20703179	13.10420714	-0.19570199
0.12610796	13.16348710	-0.36459592	0.12398041	13.16229606	-0.36420696
0.15233539	13.15241221	-0.38158538	0.15026043	13.15131670	-0.38120745
0.17910547	13.13585728	-0.29436731	0.17714163	13.13483844	-0.29402399
0.21324906	13.09676969	-0.20242799	0.21148347	13.09584832	-0.20211729
0.18570507	13.14359207	-0.29543131	0.18372249	13.14259119	-0.29508722
0.21860874	13.10331009	-0.19731140	0.21682808	13.10240353	-0.19699890
0.16644263	13.15061819	-0.39873874	0.16438783	13.14956971	-0.39837061
0.21048221	13.15671134	-0.42473321	0.20843599	13.15579851	-0.42438986
0.23213570	13.14919016	-0.31339536	0.23014909	13.14832047	-0.31307493
0.26448926	13.10689991	-0.20815234	0.26269860	13.10612401	-0.20786113
0.25366933	12.93217106	-0.06440701	0.25249234	12.93135460	-0.06412238
0.21590740	13.04834102	-0.10988400	0.21434973	13.04742290	-0.10958446
0.25210945	13.03578710	-0.12131919	0.25057740	13.03496898	-0.12103632
0.29321913	12.91915153	-0.07758566	0.29205412	12.91845338	-0.07733566
0.26234406	13.03385632	-0.12182115	0.26081290	13.03306734	-0.12154215
0.30439736	12.91732799	-0.08098216	0.30322801	12.91665946	-0.08073550
0.30755375	13.03266459	-0.12920539	0.30602206	13.03201005	-0.12894880
0.34819666	12.90978992	-0.08691806	0.34703702	12.90924171	-0.08668642
0.37473946	12.72100262	-0.09102081	0.37408045	12.72052844	-0.09083109
0.33464840	12.73448691	-0.08660915	0.33396637	12.73391195	-0.08640772
0.39329410	12.52570003	-0.12178454	0.39309183	12.52529989	-0.12163633
0.35569432	12.54959996	-0.11713782	0.35544955	12.54910373	-0.11698041
0.32329937	12.73661250	-0.08188315	0.32262811	12.73600559	-0.08167870
0.34352764	12.55232469	-0.11222627	0.34329040	12.55179439	-0.11206410
0.29790603	12.56582612	-0.09413499	0.29766453	12.56516033	-0.09394144
0.28125661	12.75372843	-0.06584389	0.28056756	12.75299474	-0.06560865
0.26489584	12.78231984	-0.91932674	0.26434745	12.78190604	-0.91927498
0.25448892	12.85241214	-0.89433723	0.25370298	12.85194198	-0.89421742
0.23516874	12.85807595	-0.83522292	0.23429160	12.85753537	-0.83507618
0.24633456	12.79735742	-0.85899070	0.24564641	12.79687076	-0.85890114
0.23863608	12.92427505	-0.84386974	0.23759913	12.92372790	-0.84368827
0.21869612	12.92252018	-0.78815323	0.21757980	12.92188930	-0.78794982
0.22516492	12.91813889	-0.77030311	0.22403059	12.91751129	-0.77008418
0.24713462	12.80316770	-0.83820116	0.24640082	12.80267696	-0.83808818
0.21879399	12.85839524	-0.82074011	0.21786733	12.85781378	-0.82055223
0.22412522	12.80115269	-0.84381657	0.22338701	12.80062779	-0.84368740
0.20758092	12.92195387	-0.77831612	0.20642421	12.92128466	-0.77808150
0.16685271	12.93389144	-0.76367589	0.16562576	12.93308911	-0.76341215
0.17516199	12.86671645	-0.80230954	0.17417693	12.86599334	-0.80210970
0.17757956	12.80318758	-0.82349401	0.17679904	12.80251808	-0.82336187
0.27025707	12.71222674	-0.94446670	0.26994171	12.71182496	-0.94444792
0.25441189	12.73624436	-0.88324581	0.25393272	12.73581373	-0.88321588
0.25602077	12.75184255	-0.86086117	0.25545510	12.75140429	-0.86079664
0.27398640	12.71546328	-0.87410050	0.27355155	12.71508108	-0.87406231
0.23340099	12.74353684	-0.87072022	0.23285332	12.74306664	-0.87065979
0.18462679	12.73567139	-0.85316161	0.18406668	12.73507390	-0.85310565
0.28272865	12.32623231	-0.16226613	0.28308293	12.32560004	-0.16213778
0.29980077	12.42292899	-0.12843089	0.29986195	12.42233304	-0.12828635
0.34749377	12.42156975	-0.14478491	0.34751741	12.42112158	-0.14466312
0.33321475	12.35206204	-0.17743301	0.33341077	12.35163793	-0.17733834
0.35143051	12.43420118	-0.15205562	0.35141698	12.43376209	-0.15193333
0.36120750	12.41466562	-0.14985177	0.36122899	12.41425144	-0.14973431
0.34753903	12.34676555	-0.18381708	0.34760814	12.34641535	-0.18370718
0.39846028	12.38161407	-0.15831759	0.39851925	12.38130086	-0.15821002
0.11543719	13.13829664	-0.46977526	0.11333909	13.13708957	-0.46935015
0.14554777	13.12524136	-0.48388539	0.14351963	13.12414160	-0.48348818
0.11932882	13.08627476	-0.57796440	0.11741192	13.08514287	-0.57755642
0.15482557	13.07124465	-0.58873735	0.15299748	13.07024263	-0.58836101
0.15768669	13.11404463	-0.49065863	0.15571071	13.11299139	-0.49027656
0.16349128	13.12047672	-0.49080956	0.16150614	13.11943784	-0.49043431
0.17402545	13.06465825	-0.58498468	0.17224986	13.06371451	-0.58462966
0.20037282	13.07024809	-0.62431888	0.19864926	13.06940222	-0.62397539
0.19906044	13.12651889	-0.52334270	0.19710811	13.12560117	-0.52298879
0.21698665	13.00001653	-0.74271179	0.21560673	12.99932432	-0.74243866
0.19530870	12.99505228	-0.69460290	0.19386272	12.99426843	-0.69431105
0.18084510	12.99806459	-0.69410486	0.17935541	12.99723927	-0.69378826
0.14235299	13.01259591	-0.68274950	0.14077175	13.01164228	-0.68239081
0.39034123	13.08995126	-0.26178476	0.38861295	13.08952318	-0.26152936
0.42617926	13.00963811	-0.17804675	0.42470220	13.00929697	-0.17781652
0.45547144	12.87907021	-0.13187465	0.45435581	12.87879798	-0.13167070
0.31017070	12.99001851	-0.86130169	0.30899602	12.98962505	-0.86106318
0.33469120	12.91217799	-0.95058984	0.33381033	12.91190317	-0.95041455
0.29141264	13.05918400	-0.74916339	0.28992256	13.05866927	-0.74886905
0.13352533	12.95898075	-0.05897137	0.13231188	12.95780979	-0.05860044
0.11086535	13.06303854	-0.10347782	0.10929698	13.06179830	-0.10309111
0.08865219	13.12640093	-0.17342760	0.08680021	13.12508409	-0.17302828
0.08410499	13.02571482	-0.62338139	0.08238937	13.02451892	-0.62297369
0.06330944	13.09084749	-0.54532737	0.06131503	13.08951830	-0.54487337
0.10402021	12.95391795	-0.67791525	0.10262720	12.95286254	-0.67758950
0.47113157	12.68403363	-0.13193629	0.47051847	12.68380518	-0.13177294
0.48163769	12.47498727	-0.16063639	0.48148394	12.47478904	-0.16052078
0.34441782	12.83141231	-1.00368467	0.34382827	12.83120495	-1.00358358
0.34579355	12.75629667	-1.03288792	0.34542193	12.75608354	-1.03282112
0.48330900	12.33763880	-0.19902981	0.48335761	12.33749813	-0.19896977
0.34504242	12.69631167	-1.05175311	0.34487655	12.69610485	-1.05172221
0.15768264	12.46935507	-0.10492342	0.15772841	12.46830110	-0.10466463
0.16281086	12.62540988	-0.07532340	0.16248938	12.62433806	-0.07503466
0.10732188	12.75316764	-0.74810190	0.10658365	12.75226147	-0.74797625
0.10710102	12.82179464	-0.72430021	0.10614014	12.82083906	-0.72409495
0.15281751	12.80460101	-0.05450218	0.15204827	12.80348085	-0.05415629
0.10876323	12.88724153	-0.70621022	0.10758059	12.88624890	-0.70593788
0.32602909	13.14225227	-0.49993700	0.32412543	13.14168928	-0.49962063
0.30045806	13.11358742	-0.62679681	0.29869703	13.11300683	-0.62646511
0.35640827	13.13417388	-0.37384483	0.35452158	13.13366184	-0.37355610
0.05900808	13.16062414	-0.34548827	0.05686553	13.15919927	-0.34504370
0.05572462	13.13692015	-0.44759370	0.05358551	13.13550467	-0.44712735
0.07071805	13.15788884	-0.25415132	0.06868294	13.15651068	-0.25372560
0.88273669	11.96732306	-0.58446050	0.88308203	11.96775603	-0.58446716
0.81676000	12.01719950	-0.47386000	0.81676000	12.01719950	-0.47386000
0.92355613	11.93992782	-0.71318499	0.92419277	11.94054834	-0.71312865
0.91082197	12.00638884	-0.71796379	0.91135488	12.00698951	-0.71787873
0.87484444	12.05292132	-0.63155157	0.87516567	12.05339948	-0.63148100
0.80615352	12.11507481	-0.52850006	0.80629527	12.11533661	-0.52841364
0.95708922	11.93263453	-0.83737136	0.95792166	11.93336539	-0.83725220
0.97653452	11.94874333	-0.94867906	0.97745450	11.94955639	-0.94851007
0.94421987	12.06665477	-0.93197079	0.94488894	12.06740322	-0.93178121
0.92975171	12.03624767	-0.81439278	0.93035636	12.03693519	-0.81425842
0.97586838	11.99106855	-1.04182502	0.97678895	11.99190677	-1.04162035
0.94122699	12.06570787	-1.12878181	0.94206693	12.06649547	-1.12857020
0.91782510	12.12831698	-1.10637371	0.91853284	12.12905629	-1.10616236
0.94163043	12.10157112	-1.02979025	0.94232469	12.10234014	-1.02957601
0.86035106	12.18356709	-1.21997175	0.86103582	12.18421152	-1.21978114
0.74342515	12.33395499	-1.27072054	0.74387892	12.33433636	-1.27058209
0.74715451	12.36224094	-1.19894039	0.74750263	12.36263023	-1.19879570
0.85820864	12.22942643	-1.15723919	0.85876827	12.23005972	-1.15704116
0.60139176	12.48312046	-1.23774730	0.60149292	12.48315533	-1.23775862
0.47104479	12.61367446	-1.15265935	0.47101853	12.61365620	-1.15263645
0.49420000	12.61570000	-1.07906000	0.49420000	12.61570000	-1.07906000
0.61447000	12.50220000	-1.16283000	0.61447000	12.50220000	-1.16283000
0.38287491	12.64704758	-1.04970974	0.38283937	12.64693908	-1.04969483
0.33189306	12.64704203	-0.95687164	0.33180961	12.64681119	-0.95686730
0.37140000	12.64100070	-0.89641000	0.37140000	12.64100070	-0.89641000
0.41679000	12.64250090	-0.98287004	0.41679000	12.64250090	-0.98287004
0.31343357	12.67858802	-0.89739073	0.31316731	12.67829524	-0.89737333
0.30907559	12.70606278	-0.86989664	0.30866874	12.70575433	-0.86985335
0.33719414	12.69398044	-0.81262259	0.33673096	12.69369960	-0.81255066
0.34664950	12.66903637	-0.84036132	0.34631273	12.66882942	-0.84033352
0.30012241	12.69330806	-0.87379064	0.29973851	12.69298673	-0.87375655
0.25691119	12.68297202	-0.84439689	0.25649244	12.68254935	-0.84437509
0.29697945	12.68024152	-0.77489143	0.29649424	12.67984874	-0.77483731
0.33607812	12.68257459	-0.81128259	0.33563193	12.68229348	-0.81121226
0.14994431	12.71779212	-0.71611854	0.14928584	12.71698133	-0.71602351
0.01725411	12.77056958	-0.57532437	0.01631120	12.76925138	-0.57505962
0.02121050	12.80805729	-0.49826833	0.02016604	12.80667477	-0.49793310
0.17366944	12.73291526	-0.64069951	0.17290190	12.73209591	-0.64055212
-0.09973574	12.81236280	-0.51198401	-0.10082650	12.81054423	-0.51143691
-0.20778029	12.84326475	-0.51507722	-0.20908703	12.84096588	-0.51423297
-0.21175185	12.91141754	-0.45439781	-0.21330267	12.90905342	-0.45349231
-0.10224061	12.87153883	-0.44155876	-0.10352723	12.86963824	-0.44094730
-0.31390781	12.86296458	-0.57376994	-0.31556902	12.86022827	-0.57256523
-0.41343845	12.87358940	-0.64033676	-0.41543296	12.87050164	-0.63879630
-0.42998684	12.90075889	-0.58833979	-0.43196402	12.89753864	-0.58673419
-0.32364262	12.91558471	-0.51844082	-0.32542558	12.91274821	-0.51718640
-0.50180735	12.87632100	-0.66748254	-0.50391866	12.87294568	-0.66570010
-0.58136652	12.87213870	-0.65537752	-0.58345727	12.86853570	-0.65341205
-0.58058973	12.87429166	-0.61999494	-0.58261724	12.87062859	-0.61800021
-0.52397570	12.88353149	-0.61912181	-0.52601107	12.88001948	-0.61726271
-0.65553589	12.86305203	-0.60371794	-0.65751099	12.85917710	-0.60153371
-0.70490145	12.84601001	-0.52379500	-0.70674402	12.84196954	-0.52149509
-0.66761391	12.86204460	-0.49536745	-0.66947534	12.85806179	-0.49306600
-0.63031995	12.87207246	-0.57257649	-0.63227625	12.86822367	-0.57041894
-0.70951241	12.81864271	-0.42764091	-0.71129550	12.81467917	-0.42505953
-0.68330134	12.77179842	-0.33746358	-0.68521118	12.76800377	-0.33467206
-0.66154448	12.77833570	-0.35009906	-0.66342764	12.77452016	-0.34728285
-0.67328913	12.82483965	-0.41094067	-0.67508614	12.82091298	-0.40836362
-0.63573792	12.69642089	-0.27321980	-0.63732587	12.69256840	-0.27002516
-0.56037719	12.63744050	-0.22573828	-0.56136290	12.63402750	-0.22289542
-0.54409767	12.69680290	-0.25746719	-0.54551188	12.69336943	-0.25484312
-0.62192957	12.73907543	-0.30552781	-0.62383580	12.73526376	-0.30244813
-0.45202370	12.63360778	-0.18069127	-0.45259252	12.63060677	-0.17859877
-0.32415216	12.61391180	-0.14691381	-0.32444567	12.61124028	-0.14562780
-0.30702400	12.66779373	-0.17588634	-0.30757686	12.66518254	-0.17465681
-0.43421690	12.69115025	-0.21096465	-0.43513908	12.68812091	-0.20907105
-0.18670991	12.51092083	-0.13487339	-0.18666850	12.50874521	-0.13411345
-0.03755748	12.39656096	-0.14286636	-0.03728915	12.39489891	-0.14243053
-0.03562298	12.46633915	-0.17389959	-0.03558201	12.46469199	-0.17345831
-0.17568813	12.57380189	-0.16369112	-0.17589791	12.57167927	-0.16294567
0.12370260	12.33756495	-0.16353598	0.12407421	12.33641195	-0.16327651
0.25202425	12.32005477	-0.18895927	0.25238242	12.31932844	-0.18881555
0.23114677	12.37970908	-0.24096070	0.23125132	12.37893554	-0.24079827
0.11355558	12.40485119	-0.20487349	0.11368271	12.40368418	-0.20459872
0.30169913	12.35479496	-0.21022735	0.30186699	12.35427184	-0.21012181
0.28663392	12.43855681	-0.27960344	0.28653406	12.43799054	-0.27949104
0.27869478	12.41068291	-0.26570945	0.27867488	12.41008602	-0.26559041
0.31304745	12.34539082	-0.22283945	0.31307302	12.34501316	-0.22275107
0.34620000	12.27620000	-0.23202000	0.34620000	12.27620000	-0.23202000
0.31901888	12.33226501	-0.29081735	0.31903496	12.33189882	-0.29080655
0.28589691	12.39702194	-0.28078228	0.28585524	12.39649782	-0.28069766
0.44425997	12.21770000	-0.27141000	0.44425997	12.21770000	-0.27141000
0.57587000	12.16340070	-0.32883000	0.57587000	12.16340070	-0.32883000
0.56939478	12.24302460	-0.38286480	0.56945290	12.24302840	-0.38283528
0.42748572	12.28577769	-0.32794266	0.42754394	12.28562540	-0.32793025
0.70622003	12.08180000	-0.39380000	0.70622003	12.08180000	-0.39380000
0.69995931	12.18160835	-0.44743030	0.70004914	12.18174294	-0.44738356
0.76354814	12.39467021	-1.04796416	0.76372903	12.39513105	-1.04779544
0.86628771	12.24633519	-1.04674245	0.86673107	12.24697702	-1.04654126
0.78262833	12.37818791	-0.85977702	0.78269848	12.37865766	-0.85959078
0.87521519	12.22492568	-0.90627201	0.87558298	12.22555826	-0.90608247
0.79536643	12.26359134	-0.67213976	0.79548508	12.26400648	-0.67199375
0.87501073	12.15102324	-0.75418846	0.87536430	12.15160181	-0.75403783
0.53275145	12.60851840	-0.90266854	0.53251640	12.60861520	-0.90255797
0.64657036	12.52289395	-0.99032968	0.64649621	12.52312617	-0.99022090
0.56377708	12.53897481	-0.69116430	0.56347411	12.53905068	-0.69104384
0.67708798	12.47950448	-0.78084880	0.67693410	12.47978576	-0.78069437
0.57003263	12.38678335	-0.51091361	0.56994744	12.38681314	-0.51083691
0.69195220	12.34091382	-0.58886237	0.69192503	12.34114851	-0.58874991
-0.22236239	12.90623291	-0.36953717	-0.22383197	12.90381412	-0.36861283
-0.11583931	12.86425817	-0.35464894	-0.11708954	12.86227733	-0.35399035
-0.24314599	12.84801035	-0.28301076	-0.24433201	12.84553743	-0.28205038
-0.13582633	12.79954209	-0.27049324	-0.13680009	12.79749582	-0.26980350
-0.01809433	12.73338723	-0.30666750	-0.01888419	12.73181069	-0.30623122
0.00450037	12.79985906	-0.40230087	0.00347825	12.79837361	-0.40190756
-0.27607866	12.75730395	-0.22004830	-0.27695937	12.75477051	-0.21895907
-0.15756282	12.68591801	-0.20829037	-0.15817083	12.68383321	-0.20756434
-0.03021772	12.60103503	-0.22990849	-0.03060094	12.59941569	-0.22946255
-0.55996102	12.90264620	-0.53752068	-0.56193210	12.89893037	-0.53551261
-0.59377303	12.89541349	-0.44531370	-0.59564190	12.89153895	-0.44312281
-0.49125294	12.91639082	-0.38504984	-0.49304930	12.91282160	-0.38320747
-0.45824709	12.93010937	-0.49095688	-0.46016920	12.92669104	-0.48924726
-0.61046799	12.82305506	-0.36483067	-0.61234059	12.81921179	-0.36219476
-0.52164608	12.81398661	-0.30745019	-0.52347494	12.81041720	-0.30515897
-0.34150171	12.92989605	-0.42453020	-0.34320303	12.92697221	-0.42324399
-0.36779976	12.89393984	-0.32581340	-0.36928300	12.89092729	-0.32446198
-0.40291226	12.79609271	-0.25673971	-0.40418385	12.79303253	-0.25515368
0.29164946	12.63834812	-0.65102987	0.29112594	12.63784462	-0.65094540
0.33347487	12.63528280	-0.67450956	0.33297680	12.63489635	-0.67443307
0.26555572	12.57099948	-0.50110955	0.26514530	12.57037028	-0.50098287
0.31194817	12.57035911	-0.51107708	0.31153861	12.56985838	-0.51096317
0.31595088	12.58836966	-0.49548809	0.31549433	12.58787471	-0.49537304
0.33436949	12.64957258	-0.66609417	0.33383059	12.64917762	-0.66601085
0.34167842	12.63211419	-0.68873645	0.34118661	12.63174883	-0.68866624
0.31845631	12.57420770	-0.51035548	0.31802962	12.57372842	-0.51024825
0.35097435	12.55468735	-0.55099056	0.35060079	12.55429489	-0.55090334
0.37126843	12.61367430	-0.73924149	0.37086096	12.61338465	-0.73917994
0.32634883	12.43975394	-0.39889268	0.32619398	12.43931164	-0.39882637
0.29377411	12.48634543	-0.37555095	0.29354138	12.48580147	-0.37544661
0.28805410	12.49037785	-0.37062860	0.28782759	12.48980448	-0.37050864
0.24062727	12.47579387	-0.35442039	0.24043132	12.47508671	-0.35428026
0.44427460	12.55375791	-0.61284336	0.44392052	12.55358898	-0.61274559
0.43775978	12.62160425	-0.81470870	0.43743039	12.62151010	-0.81462005
0.43316284	12.41189012	-0.44591601	0.43305007	12.41169211	-0.44586705
0.13582339	12.63793604	-0.40901977	0.13524342	12.63690129	-0.40877975
0.16178961	12.70870438	-0.53144555	0.16104123	12.70777935	-0.53124159
0.11800808	12.52048972	-0.29329400	0.11774507	12.51936471	-0.29302917
0.15874951	13.14297116	-0.39384129	0.15671011	13.14189925	-0.39346944
0.25552644	13.02951330	-0.12845198	0.25400565	13.02870428	-0.12817119
0.29567113	12.91578085	-0.08696128	0.29450641	12.91508888	-0.08671394
0.32580386	12.73593398	-0.09236509	0.32512073	12.73533719	-0.09216611
0.34671212	12.55665177	-0.12210340	0.34645377	12.55613402	-0.12194257
0.23912196	12.85728372	-0.81430046	0.23821121	12.85673943	-0.81413288
0.33843009	12.37423934	-0.18471246	0.33851638	12.37383314	-0.18460869
0.17225546	13.05946592	-0.58775792	0.17049170	13.05852128	-0.58740281
0.19878195	12.98986944	-0.68793762	0.19734073	12.98909228	-0.68764573
0.89702096	11.96203982	-0.57099299	0.89735144	11.96248060	-0.57098720
0.82716874	12.01970832	-0.45665999	0.82714745	12.01970933	-0.45666045
0.94098391	11.92566488	-0.70456125	0.94163119	11.92630885	-0.70448830
0.74693482	12.33257922	-1.28621743	0.74740415	12.33296839	-1.28607676
0.46140752	12.61947845	-1.16630085	0.46137366	12.61945883	-1.16627806
0.35349466	12.65758054	-1.05827227	0.35342368	12.65740045	-1.05825437
0.28714503	12.66095244	-0.96015289	0.28701266	12.66060359	-0.96015930
0.27248286	12.69094727	-0.89895525	0.27216429	12.69055966	-0.89894567
0.25575266	12.70215243	-0.88578172	0.25532365	12.70174143	-0.88572869
0.20743662	12.68781787	-0.86782866	0.20701267	12.68730548	-0.86781881
0.11852395	12.70915352	-0.75336076	0.11792052	12.70829855	-0.75328798
0.00954682	12.74185865	-0.62296328	0.00869980	12.74058156	-0.62274932
-0.19963930	12.78040619	-0.55625224	-0.20073077	12.77818878	-0.55545451
-0.30394566	12.82116188	-0.60512176	-0.30548600	12.81849977	-0.60395840
-0.48944250	12.88162678	-0.68973504	-0.49161742	12.87830151	-0.68797855
-0.57141753	12.88375356	-0.67780601	-0.57359063	12.88020754	-0.67586340
-0.71724411	12.85034760	-0.53532039	-0.71909389	12.84628005	-0.53304359
-0.18878897	12.52056332	-0.11278548	-0.18872334	12.51837290	-0.11201187
0.14137902	12.35335808	-0.13884319	0.14172333	12.35225593	-0.13859601
0.30899734	12.38269251	-0.22276475	0.30903711	12.38221031	-0.22266571
0.38311556	12.29355187	-0.19505634	0.38315229	12.29338985	-0.19500981
0.46921032	12.23717683	-0.23871789	0.46925317	12.23710902	-0.23867584
0.71408769	12.09185456	-0.37179779	0.71408430	12.09187708	-0.37180586
0.29457007	12.51352085	-0.36870461	0.29428717	12.51296359	-0.36858872
0.58208103	12.77810580	-0.54064643	0.58123230	12.77818529	-0.54044420
0.30178928	12.98821276	-0.52950364	0.30031171	12.98762254	-0.52923719
0.03036799	12.99192480	-0.26153266	0.02885374	12.99043476	-0.26108906
0.09822930	13.07499225	-0.30670108	0.09643174	13.07371365	-0.30630834
0.31686902	12.86752520	-0.29379940	0.31575103	12.86694285	-0.29359043
0.02717300	12.96475623	-0.42005522	0.02562787	12.96329985	-0.41962824
0.12020619	13.04317639	-0.41629843	0.11845435	13.04200508	-0.41593350
0.36486997	12.82301684	-0.69298478	0.36394394	12.82269634	-0.69279445
0.15496716	13.02675620	-0.17838754	0.15342510	13.02565694	-0.17805272
0.21883997	12.81393057	-0.79343714	0.21801344	12.81333537	-0.79329335
0.32803438	12.75748026	-0.53070821	0.32717206	12.75699451	-0.53054715
0.32700992	12.88623996	-0.84100344	0.32607833	12.88590566	-0.84081022
0.39374860	12.43550050	-0.24524993	0.39364855	12.43519218	-0.24516643
0.24202660	13.04534800	-0.44568554	0.24034214	13.04455757	-0.44539113
0.47526169	12.68482572	-0.66710256	0.47465017	12.68472616	-0.66695200
0.69694520	12.75028007	-0.77164330	0.69630145	12.75063267	-0.77139086
0.32491804	12.93881129	-0.19946696	0.32363276	12.93821910	-0.19923529
-0.43061058	12.90324169	-0.23995117	-0.43200497	12.90007906	-0.23838861
0.15027051	13.07928383	-0.24762435	0.14851969	13.07817158	-0.24727993
0.32144356	12.94565289	-0.68719157	0.32017747	12.94519992	-0.68694466
-0.51852499	12.90208056	-0.27884796	-0.52015275	12.89858198	-0.27687359
0.22565727	13.02990854	-0.32747077	0.22402926	13.02904503	-0.32717867
0.28971215	12.45834240	-0.20089236	0.28962604	12.45774406	-0.20076028
0.11589278	13.09645291	-0.36876928	0.11398703	13.09524202	-0.36838602
0.20716900	13.07572195	-0.48782188	0.20536866	13.07483530	-0.48749399
0.25371838	12.61128808	-0.24465129	0.25325958	12.61055543	-0.24447415
0.16539995	12.93571836	-0.50785126	0.16399266	12.93474984	-0.50755830
0.27594300	12.89022862	-0.83099148	0.27497481	12.88976699	-0.83080570
0.28297155	12.83957787	-0.83430442	0.28214324	12.83915176	-0.83415500
0.22844294	13.02057464	-0.54367701	0.22683246	13.01978602	-0.54337479
0.37440365	12.79861181	-0.19745173	0.37348088	12.79815502	-0.19725859
0.49705179	12.59210258	-0.43255920	0.49659867	12.59199517	-0.43244020
0.30463226	12.76020081	-0.88713865	0.30410447	12.75988059	-0.88706611
0.15885319	12.96305600	-0.64304430	0.15743767	12.96214536	-0.64274457
0.39098839	12.37539904	-0.22217347	0.39101505	12.37512830	-0.22209962
0.35753117	12.48310782	-0.31227846	0.35732794	12.48270349	-0.31218370
0.19313732	12.86655693	-0.18607117	0.19205687	12.86557801	-0.18577794
0.38888458	12.73003379	-0.90953572	0.38849075	12.72993088	-0.90946546
0.29595120	12.79235242	-0.84847133	0.29526795	12.79197894	-0.84836176
0.14230057	13.11162170	-0.27987005	0.14041363	13.11048470	-0.27951205
0.41388326	12.60619862	-0.24706082	0.41342594	12.60587591	-0.24692079
0.21370972	12.85888192	-0.77004750	0.21273004	12.85823959	-0.76985972
0.42700641	12.71309945	-0.82652989	0.42650738	12.71299585	-0.82639983
0.82610096	12.74642273	-0.86678912	0.82551295	12.74698921	-0.86648259
0.56501263	12.79185815	-0.92647987	0.56443334	12.79203850	-0.92627738
0.33985530	12.68516043	-0.19862750	0.33921640	12.68462699	-0.19845399
0.24967739	12.76146198	-0.18094087	0.24887564	12.76066810	-0.18070946
