0.83978136	12.74359895	-0.41613453	0.83864655	12.74426332	-0.41571803
0.80710520	12.88142215	-0.44436984	0.80558353	12.88203773	-0.44392380
0.88505406	12.84206282	-0.54208347	0.88373672	12.84287461	-0.54157112
0.92055955	12.70935352	-0.52785104	0.91960517	12.71022149	-0.52736141
0.76221853	12.97146946	-0.50447885	0.76046661	12.97198942	-0.50402755
0.84441957	12.92746840	-0.58485790	0.84289275	12.92820399	-0.58434298
0.89553758	12.88594248	-0.64494464	0.89420156	12.88681583	-0.64439904
0.93576266	12.81683597	-0.63927240	0.93461612	12.81779382	-0.63872090
0.97301389	12.68828426	-0.64056628	0.97220250	12.68930310	-0.64003188
0.71187008	12.77180960	-1.16085119	0.71137633	12.77231201	-1.16054719
0.83475120	12.72403002	-1.13821291	0.83431232	12.72481682	-1.13780921
0.80011885	12.82985990	-1.06906530	0.79936569	12.83057505	-1.06863745
0.67720567	12.87351016	-1.08659332	0.67638376	12.87395883	-1.08625840
0.93603551	12.69261480	-1.07463522	0.93560473	12.69364302	-1.07414157
0.89973930	12.80289350	-1.01568159	0.89898651	12.80383272	-1.01517099
0.85795812	12.87045658	-0.96504675	0.85698640	12.87129998	-0.96454077
0.77838584	12.90972401	-0.98081805	0.77734041	12.91040269	-0.98036335
0.65529907	12.95301797	-0.98686657	0.65414750	12.95342330	-0.98649079
0.58162394	12.83436808	-0.20538851	0.58007350	12.83436218	-0.20514852
0.55870394	12.97081115	-0.25275047	0.55670125	12.97073264	-0.25249744
0.69479477	12.92701289	-0.34489910	0.69303425	12.92733491	-0.34454521
0.72057050	12.78789587	-0.30487160	0.71923672	12.78826143	-0.30454393
0.52530474	13.05636988	-0.33691252	0.52304845	13.05619347	-0.33664882
0.65590242	13.01654260	-0.42043683	0.65389243	13.01676585	-0.42007280
0.45838100	12.88128166	-1.06135309	0.45752199	12.88121039	-1.06119284
0.58683602	12.83005574	-1.13379772	0.58619058	12.83029167	-1.13357749
0.55273208	12.92178258	-1.06081557	0.55175233	12.92194674	-1.06055371
0.42620517	12.96254707	-0.98610643	0.42498224	12.96234326	-0.98590166
0.52888147	12.99539857	-0.95853710	0.52753691	12.99545805	-0.95822520
0.40162931	13.03051322	-0.88288886	0.40003399	13.03015162	-0.88264880
-0.03242522	12.96691334	-0.06160715	-0.03454056	12.96469819	-0.06156991
-0.16130084	12.97277111	-0.08178997	-0.16345564	12.96997323	-0.08172231
-0.16767354	13.04565181	-0.12845744	-0.17017700	13.04278754	-0.12842106
-0.04276194	13.05374318	-0.10566707	-0.04526466	13.05146102	-0.10566402
-0.28049312	12.96855621	-0.11549229	-0.28265247	12.96516469	-0.11535098
-0.28515056	13.02943605	-0.16413220	-0.28762475	13.02597837	-0.16402614
-0.28947089	13.06997898	-0.22967116	-0.29217819	13.06643988	-0.22958628
-0.17288032	13.09208712	-0.19463743	-0.17562465	13.08915804	-0.19461595
-0.05097398	13.10720266	-0.17164777	-0.05373051	13.10484553	-0.17166244
0.00971994	12.95560154	-0.58698536	0.00774568	12.95352246	-0.58696119
-0.00835246	13.01686400	-0.56107549	-0.01062562	13.01467754	-0.56104392
-0.09115605	13.01465175	-0.54943268	-0.09356285	13.01203638	-0.54939313
-0.07401214	12.95960120	-0.56529671	-0.07612581	12.95709716	-0.56524883
-0.03066168	13.06918326	-0.51336316	-0.03322551	13.06684450	-0.51333573
-0.11476890	13.05951873	-0.51329777	-0.11740347	13.05677546	-0.51325978
-0.20965836	13.04691133	-0.52704031	-0.21236187	13.04361594	-0.52691833
-0.18545583	13.00744542	-0.56331021	-0.18796014	13.00428802	-0.56317490
-0.16811603	12.95760425	-0.58114464	-0.17034565	12.95456795	-0.58100615
0.98831265	12.29846174	-0.66767863	0.98841876	12.29941106	-0.66723372
0.97150161	12.07874569	-0.68477707	0.97203092	12.07960790	-0.68444731
0.91596175	12.10250434	-0.55019859	0.91617973	12.10306075	-0.54995077
0.92826504	12.31076454	-0.53351579	0.92821980	12.31147274	-0.53317144
0.83642581	12.14931241	-0.42994888	0.83647940	12.14957309	-0.42980288
0.84205069	12.33355858	-0.40897938	0.84191670	12.33403273	-0.40871766
0.98301112	12.39175340	-1.13702698	0.98339341	12.39292339	-1.13656641
0.88720420	12.45004323	-1.20683082	0.88748794	12.45097214	-1.20645683
0.88698012	12.29057895	-1.23220379	0.88772778	12.29152467	-1.23187288
0.98040456	12.20030016	-1.15303396	0.98130768	12.20147683	-1.15263533
0.75779307	12.52223299	-1.23685639	0.75784523	12.52274281	-1.23660865
0.75798647	12.40233219	-1.26865559	0.75845274	12.40287722	-1.26843285
0.87739857	12.18565238	-1.24052678	0.87844300	12.18658168	-1.24024134
0.96449975	12.06526572	-1.15187781	0.96574467	12.06641117	-1.15156970
0.98979713	12.50813499	-0.65244066	0.98943707	12.50914684	-0.65195090
0.93209028	12.52236453	-0.52654684	0.93161277	12.52320150	-0.52611475
0.84692214	12.54871622	-0.40526433	0.84633216	12.54934280	-0.40490554
0.86657949	12.59582661	-1.17986614	0.86645385	12.59666914	-1.17948771
0.96628556	12.55578871	-1.11305900	0.96622604	12.55690504	-1.11257563
0.74043513	12.65004037	-1.20564946	0.74021970	12.65054027	-1.20536204
0.59790052	12.42020704	-0.22416737	0.59764991	12.42023575	-0.22401204
0.59210216	12.63505723	-0.20104038	0.59119968	12.63507779	-0.20084479
0.72684920	12.58847617	-0.29467035	0.72612414	12.58881441	-0.29438667
0.72550610	12.37322029	-0.30674942	0.72530816	12.37345940	-0.30656595
0.46647410	12.70502374	-1.15003994	0.46625871	12.70501920	-1.14999250
0.61109321	12.61634215	-1.21840776	0.61100540	12.61646333	-1.21831190
0.60577382	12.72180123	-1.18432431	0.60548963	12.72203337	-1.18418331
0.46844693	12.78891996	-1.11574567	0.46793945	12.78890622	-1.11565826
0.58662442	12.17472087	-0.30171735	0.58663238	12.17471280	-0.30170596
0.59728212	12.28085209	-0.26168882	0.59727606	12.28087262	-0.26159920
0.72345625	12.21753569	-0.33687687	0.72346845	12.21767454	-0.33678130
0.60220753	12.48755388	-1.25198299	0.60236325	12.48761262	-1.25199435
0.60729897	12.53529260	-1.24338084	0.60734929	12.53538234	-1.24336286
0.46175832	12.64904538	-1.16592499	0.46167156	12.64902055	-1.16588984
-0.01296838	12.68977649	-0.06102592	-0.01392886	12.68765361	-0.06093454
-0.16330840	12.75168900	-0.06549625	-0.16446383	12.74890707	-0.06532527
-0.15874813	12.87483252	-0.06342625	-0.16045822	12.87206968	-0.06332277
-0.01941338	12.84389120	-0.04990551	-0.02100664	12.84173305	-0.04982756
-0.30111190	12.79619557	-0.08671465	-0.30244031	12.79273693	-0.08644305
-0.28704813	12.89197055	-0.09131013	-0.28883385	12.88857171	-0.09111081
0.01181915	12.82705317	-0.61706956	0.01044356	12.82505614	-0.61709678
0.01486668	12.89206909	-0.60389904	0.01319006	12.89004307	-0.60389162
-0.06784362	12.89850709	-0.57494036	-0.06964063	12.89606542	-0.57489502
-0.07305274	12.83380085	-0.57920576	-0.07454653	12.83135760	-0.57916594
-0.16209853	12.90092954	-0.58960188	-0.16403677	12.89794073	-0.58945373
-0.16817911	12.83993269	-0.58866085	-0.16976794	12.83692340	-0.58850187
-0.03238835	12.39300384	-0.11605497	-0.03226848	12.39077700	-0.11595357
-0.17882350	12.60363295	-0.08328132	-0.17936620	12.60076661	-0.08307312
-0.02192191	12.51855534	-0.08524310	-0.02225587	12.51637388	-0.08513563
-0.32970714	12.58903902	-0.11697839	-0.33008960	12.58541398	-0.11659872
-0.31912520	12.67750875	-0.09732110	-0.31990745	12.67395373	-0.09696157
0.00492067	12.76083306	-0.62963951	0.00385185	12.75883457	-0.62971471
-0.08900232	12.76667882	-0.57658266	-0.09015355	12.76416009	-0.57655681
-0.10506159	12.73865121	-0.55644669	-0.10604445	12.73603752	-0.55642088
-0.18856228	12.77631374	-0.57639392	-0.18978330	12.77319198	-0.57620237
-0.40378050	12.95884638	-0.16088344	-0.40594837	12.95476496	-0.16059324
-0.39906878	13.00887364	-0.20711581	-0.40150835	13.00476638	-0.20687279
-0.51477019	12.94621430	-0.21352626	-0.51695473	12.94149437	-0.21308447
-0.49768202	12.98707767	-0.25557077	-0.50009156	12.98238391	-0.25519210
-0.47820871	13.02101546	-0.30660575	-0.48081560	13.01637594	-0.30627754
-0.39226436	13.04586950	-0.26652230	-0.39493049	13.04174140	-0.26630542
-0.29144311	12.99914517	-0.58012547	-0.29402620	12.99533903	-0.57991654
-0.27506433	12.95500182	-0.60540046	-0.27740627	12.95128319	-0.60516756
-0.31283962	13.03429158	-0.53928750	-0.31559544	13.03038242	-0.53909168
-0.40800355	13.01993298	-0.54490799	-0.41075609	13.01540882	-0.54462103
-0.39249357	12.98958903	-0.58989198	-0.39511447	12.98510040	-0.58957636
-0.38169608	12.95193077	-0.62384312	-0.38413069	12.94746093	-0.62348398
-0.27408148	12.90670087	-0.62113619	-0.27615833	12.90298194	-0.62086291
-0.38748024	12.91277175	-0.64827608	-0.38968567	12.90822734	-0.64785164
-0.40069443	12.87468215	-0.66174751	-0.40267242	12.87001861	-0.66124587
-0.28422344	12.85670333	-0.62539740	-0.28601016	12.85291575	-0.62506827
-0.55393692	12.83918787	-0.16965237	-0.55556890	12.83428627	-0.16902901
-0.57022145	12.71640281	-0.17123739	-0.57128000	12.71139648	-0.17044211
-0.65713444	12.74460407	-0.22167533	-0.65868045	12.73893877	-0.22059277
-0.63533115	12.84381515	-0.22770049	-0.63709606	12.83834588	-0.22691014
-0.57320541	12.61114101	-0.18681813	-0.57365297	12.60608165	-0.18598866
-0.65567447	12.66308380	-0.23495074	-0.65656537	12.65742141	-0.23391857
-0.70938921	12.73283848	-0.30786457	-0.71072694	12.72691645	-0.30690496
-0.70333431	12.78549005	-0.30254516	-0.70489054	12.77962594	-0.30162674
-0.68873915	12.84890472	-0.30574985	-0.69058172	12.84312017	-0.30494127
-0.46021521	12.60755257	-0.14595615	-0.46058562	12.60319084	-0.14538265
-0.45319313	12.70412471	-0.12838151	-0.45408494	12.69982276	-0.12783564
-0.43604949	12.82392828	-0.12227724	-0.43753271	12.81971170	-0.12183959
-0.49794492	12.88434614	-0.66935631	-0.50002435	12.87894216	-0.66874894
-0.50365949	12.85689129	-0.67949776	-0.50556829	12.85142255	-0.67882294
-0.41094625	12.84078204	-0.66306384	-0.41269914	12.83604329	-0.66249820
-0.58416349	12.88465849	-0.64692040	-0.58622905	12.87869030	-0.64621825
-0.58782709	12.85770866	-0.66139231	-0.58972622	12.85166527	-0.66061480
-0.42031915	12.82337051	-0.65231316	-0.42193619	12.81857886	-0.65171650
-0.30083905	12.80755237	-0.61707949	-0.30230622	12.80366318	-0.61669038
0.88721624	12.89436250	-0.89601359	0.88610242	12.89526552	-0.89546671
0.78523259	12.95909736	-0.88234827	0.78393146	12.95976973	-0.88184871
0.90239457	12.90893657	-0.80717592	0.90114716	12.90985707	-0.80661454
0.80497613	12.97924378	-0.77764059	0.80350657	12.97994027	-0.77711536
0.69188385	13.03190060	-0.73695317	0.69015894	13.03228787	-0.73650358
0.66452351	13.00752733	-0.86615784	0.66304586	13.00790017	-0.86572334
0.90280609	12.90498170	-0.71532120	0.90148939	12.90588834	-0.71475936
0.82118666	12.97063645	-0.67120169	0.81962137	12.97134402	-0.67068012
0.72423780	13.02058305	-0.60970840	0.72243318	13.02101970	-0.60925039
0.99509123	12.68334193	-0.97926188	0.99459450	12.68450480	-0.97869687
0.95385500	12.80402233	-0.93411892	0.95301777	12.80508620	-0.93355308
1.01715374	12.68406863	-0.86778042	1.01655542	12.68525465	-0.86719602
0.97249262	12.81366784	-0.83716537	0.97153672	12.81475653	-0.83657870
1.00753905	12.68255706	-0.75462487	1.00684259	12.68368355	-0.75405474
0.96569296	12.81286612	-0.73790777	0.96464599	12.81391486	-0.73733081
0.54200493	13.04952392	-0.82158894	0.54030233	13.04954007	-0.82123172
0.57629105	13.07554561	-0.67255011	0.57433102	13.07559074	-0.67216757
0.44951028	13.10995898	-0.59054726	0.44727061	13.10956638	-0.59025983
0.41488765	13.08301672	-0.74251716	0.41291674	13.08258590	-0.74224033
0.61527051	13.06516319	-0.53464091	0.61319488	13.06528091	-0.53426469
0.48753839	13.10191489	-0.45269975	0.48520163	13.10162216	-0.45242503
-0.41605145	13.03715218	-0.48714468	-0.41884336	13.03265775	-0.48688074
-0.49916118	13.01400921	-0.49687433	-0.50186802	13.00897197	-0.49651077
-0.47962757	13.00345931	-0.53958717	-0.48231332	12.99847859	-0.53922078
-0.42706053	13.04290562	-0.42409625	-0.42984002	13.03842505	-0.42383449
-0.52046308	13.01502577	-0.45187962	-0.52314808	13.00993808	-0.45150002
-0.60410898	12.98385429	-0.47816022	-0.60665673	12.97821839	-0.47766916
-0.56729074	12.98763362	-0.51173570	-0.56987549	12.98215644	-0.51128203
-0.53012890	12.98790190	-0.53896714	-0.53273943	12.98259666	-0.53855265
-0.45125183	13.03850898	-0.36337697	-0.45397472	13.03395723	-0.36309469
-0.53310254	13.01034641	-0.40029952	-0.53574179	13.00526523	-0.39990336
-0.54632768	12.99572126	-0.34900300	-0.54886127	12.99063176	-0.34857350
-0.59176544	12.97613310	-0.37967019	-0.59422802	12.97075539	-0.37918508
-0.60466932	12.98001597	-0.42781410	-0.60716802	12.97447479	-0.42732020
-0.04779437	13.10709675	-0.43132548	-0.05055682	13.10467328	-0.43131306
-0.14003643	13.09021333	-0.44234328	-0.14281780	13.08734577	-0.44230819
-0.05751159	13.12799505	-0.33585495	-0.06038408	13.12552992	-0.33584811
-0.16073180	13.10693645	-0.35568758	-0.16358037	13.10399291	-0.35566608
-0.26243804	13.08423125	-0.38443582	-0.26528567	13.08072788	-0.38435401
-0.23694373	13.07186441	-0.46297667	-0.23975495	13.06844538	-0.46287349
-0.05718182	13.13006549	-0.24889191	-0.06005256	13.12764104	-0.24890476
-0.17118254	13.11003709	-0.27175714	-0.17403403	13.10707756	-0.27173859
-0.28102501	13.08591367	-0.30466709	-0.28384332	13.08236163	-0.30458609
1.00290043	11.98678983	-1.05553978	1.00422578	11.98798537	-1.05524105
1.02221607	12.13222291	-1.05274230	1.02317166	12.13346307	-1.05232882
1.00477705	11.94151575	-0.95049522	1.00604622	11.94265402	-0.95022623
1.02764775	12.08865874	-0.93865521	1.02855846	12.08985108	-0.93825440
1.04176235	12.30687782	-0.92221392	1.04213571	12.30810965	-0.92171002
1.03078446	12.34168938	-1.03812229	1.03119370	12.34294416	-1.03762185
0.98479768	11.92398389	-0.83209782	0.98592346	11.92499925	-0.83187916
1.00977610	12.07238920	-0.81556421	1.01055415	12.07346161	-0.81519622
1.02697478	12.29483426	-0.79805917	1.02723934	12.29595505	-0.79757300
1.02151599	12.52739896	-1.01332306	1.02143728	12.52862942	-1.01278442
1.03952868	12.50992946	-0.89810438	1.03938481	12.51116184	-0.89755471
1.02734245	12.50375989	-0.77703480	1.02710268	12.50491458	-0.77650238
-0.66866767	12.87513317	-0.59244043	-0.67062343	12.86877933	-0.59166644
-0.67417497	12.84504948	-0.60403537	-0.67595417	12.83861079	-0.60316419
-0.72462825	12.86300995	-0.51125201	-0.72647676	12.85659330	-0.51045986
-0.73357158	12.82645711	-0.51673525	-0.73520746	12.81996644	-0.51583876
-0.67487198	12.82166981	-0.60525005	-0.67651144	12.81521853	-0.60430521
-0.72435967	12.85481773	-0.40849137	-0.72618848	12.84868139	-0.40769672
-0.73649644	12.80963398	-0.40847577	-0.73811497	12.80344454	-0.40760709
-0.73838323	12.77401217	-0.40946862	-0.73982742	12.76780814	-0.40853418
-0.32895559	13.05540274	-0.47679208	-0.33178322	13.05144692	-0.47660650
-0.34625846	13.06439090	-0.40420928	-0.34908291	13.06038978	-0.40402301
-0.37096045	13.06283040	-0.33326323	-0.37374500	13.05876017	-0.33306821
-0.61669976	12.89790069	-0.24335618	-0.61871419	12.89254713	-0.24270280
-0.53413004	12.90627527	-0.18416034	-0.53609481	12.90148012	-0.18364552
-0.67217394	12.88935486	-0.31635509	-0.67419843	12.88363290	-0.31562328
-0.64991938	12.91959059	-0.33496995	-0.65207558	12.91395684	-0.33432154
-0.59534391	12.93093070	-0.26918195	-0.59753206	12.92568124	-0.26861199
-0.41761807	12.90293906	-0.13304783	-0.41949438	12.89880961	-0.13270215
-0.48612350	12.91611619	-0.65162219	-0.48839269	12.91083766	-0.65109497
-0.47524852	12.94913280	-0.62405413	-0.47769614	12.94400043	-0.62359809
-0.55894981	12.94328867	-0.60424966	-0.56135236	12.93762458	-0.60370414
-0.57381871	12.91402990	-0.62959133	-0.57605224	12.90819193	-0.62897592
-0.68562785	12.92188765	-0.50099753	-0.68781897	12.91572162	-0.50035568
-0.70883110	12.89337137	-0.50652939	-0.71085608	12.88705753	-0.50581435
-0.65611377	12.90410842	-0.58017404	-0.65824212	12.89787948	-0.57948648
-0.63632069	12.93240461	-0.56311934	-0.63861125	12.92635449	-0.56251033
-0.65485384	12.95254064	-0.49311038	-0.65722045	12.94657170	-0.49254121
-0.60989089	12.96031223	-0.53704965	-0.61233137	12.95449886	-0.53650990
-0.54123841	12.97010200	-0.56581023	-0.54377390	12.96466290	-0.56534727
-0.70827538	12.88847266	-0.41184753	-0.71027924	12.88240864	-0.41112655
-0.68522285	12.91734659	-0.41866044	-0.68738214	12.91138815	-0.41801244
-0.61942246	12.95187274	-0.36074583	-0.62174938	12.94637314	-0.36018458
-0.65305751	12.94867200	-0.42896555	-0.65539019	12.94286130	-0.42838815
-0.56931505	12.96633645	-0.30489002	-0.57167684	12.96118323	-0.30439650
-0.47234024	12.98004235	-0.58430321	-0.47493017	12.97502472	-0.58390669
0.15562214	13.10603954	-0.18234541	0.15294940	13.10455024	-0.18232710
0.12378234	13.14328423	-0.26743244	0.12095323	13.14164173	-0.26742599
0.15201091	13.13234999	-0.28221960	0.14924532	13.13082366	-0.28220144
0.18815857	13.09404084	-0.19396682	0.18555403	13.09268061	-0.19392910
0.10250721	13.14927810	-0.36223216	0.09966150	13.14752415	-0.36221490
0.12930713	13.13921601	-0.37923711	0.12653558	13.13758363	-0.37920796
0.15696842	13.12366189	-0.29222514	0.15424880	13.12215636	-0.29220128
0.19286508	13.08581250	-0.20036570	0.19029883	13.08447176	-0.20032232
0.16333836	13.13159973	-0.29328774	0.16059179	13.13011870	-0.29326227
0.19803646	13.09251341	-0.19524792	0.19544630	13.09119118	-0.19520369
0.14364236	13.13795233	-0.39639422	0.14090401	13.13638346	-0.39635622
0.18776186	13.14559502	-0.42241043	0.18504059	13.14420957	-0.42234667
0.20971726	13.13868859	-0.31123397	0.20697311	13.13738770	-0.31117701
0.24382363	13.09756347	-0.20610274	0.24122756	13.09641424	-0.20603687
0.23923693	12.92269128	-0.06229236	0.23730439	12.92155827	-0.06221005
0.19741353	13.03757635	-0.10788387	0.19501391	13.03626965	-0.10784328
0.23397176	13.02613143	-0.11934505	0.23162677	13.02496033	-0.11928624
0.27903099	12.91093680	-0.07565257	0.27714429	12.90995453	-0.07556513
0.24423183	13.02451241	-0.11984469	0.24189504	13.02337859	-0.11978101
0.29018038	12.90943790	-0.07905512	0.28829486	12.90849368	-0.07896360
0.28945248	13.02478810	-0.12725850	0.28712277	13.02382821	-0.12717470
0.33412529	12.90321177	-0.08499066	0.33226464	12.90242388	-0.08487986
0.36630512	12.71529742	-0.08928243	0.36513687	12.71463027	-0.08916105
0.32592447	12.72765762	-0.08488853	0.32471488	12.72685462	-0.08478613
0.39017171	12.52079438	-0.12031185	0.38967548	12.52023327	-0.12018897
0.35205560	12.54361407	-0.11565278	0.35148924	12.54292217	-0.11554281
0.31464125	12.72944131	-0.08015589	0.31343267	12.72859856	-0.08005654
0.33992350	12.54596795	-0.11072463	0.33935505	12.54523305	-0.11061772
0.29420045	12.55800269	-0.09246321	0.29360630	12.55709499	-0.09236007
0.27232630	12.74520665	-0.06392701	0.27106941	12.74420429	-0.06382914
0.25880608	12.77669170	-0.91911058	0.25812499	12.77597427	-0.91915973
0.24572822	12.84598965	-0.89349478	0.24473901	12.84516675	-0.89348965
0.22544329	12.85059346	-0.83422431	0.22434581	12.84962682	-0.83421895
0.23878610	12.79054869	-0.85849594	0.23794435	12.78967139	-0.85853375
0.22703574	12.91679567	-0.84248562	0.22571380	12.91583237	-0.84243935
0.20633349	12.91403117	-0.78670234	0.20492457	12.91294245	-0.78666727
0.21265473	12.90971008	-0.76872852	0.21123009	12.90862915	-0.76868280
0.23908785	12.79627631	-0.83749831	0.23818961	12.79538416	-0.83751940
0.20857879	12.85028666	-0.81945881	0.20743273	12.84923603	-0.81944155
0.21603471	12.79360200	-0.84306203	0.21513784	12.79261864	-0.84309480
0.19485630	12.91297310	-0.77664626	0.19341425	12.91182206	-0.77660101
0.15343963	12.92337469	-0.76185282	0.15192417	12.92203777	-0.76181600
0.16436703	12.85701222	-0.80101471	0.16315742	12.85577246	-0.80101958
0.16912937	12.79394365	-0.82277560	0.16819733	12.79275443	-0.82283391
0.26682436	12.70686659	-0.94462411	0.26645133	12.70618706	-0.94470386
0.24923155	12.73013996	-0.88330519	0.24866656	12.72935114	-0.88339281
0.24991334	12.74554240	-0.86060275	0.24924528	12.74472406	-0.86066469
0.26934233	12.70998312	-0.87407869	0.26884242	12.70927091	-0.87415472
0.22752541	12.73664618	-0.87053113	0.22689460	12.73574821	-0.87061465
0.17875029	12.72712874	-0.85308041	0.17812746	12.72602331	-0.85320227
0.28575047	12.31857305	-0.16136102	0.28601776	12.31768761	-0.16130735
0.29961693	12.41573939	-0.12716338	0.29947793	12.41490685	-0.12707500
0.34699328	12.41606091	-0.14360065	0.34683137	12.41542918	-0.14350240
0.33461563	12.34669152	-0.17654469	0.33470074	12.34607113	-0.17647077
0.35054194	12.42880529	-0.15087075	0.35033597	12.42818423	-0.15077426
0.36074279	12.40959831	-0.14868798	0.36059252	12.40901995	-0.14858776
0.34785455	12.34236398	-0.18266199	0.34783371	12.34185290	-0.18255172
0.39853800	12.37777925	-0.15717169	0.39846603	12.37734990	-0.15706100
0.09252291	13.12377999	-0.46709523	0.08982167	13.12198405	-0.46704918
0.12336955	13.11191920	-0.48130073	0.12075750	13.11026581	-0.48124486
0.09858248	13.07237842	-0.57528749	0.09618846	13.07064781	-0.57522637
0.13496781	13.05880137	-0.58617535	0.13267368	13.05724386	-0.58610136
0.13605498	13.10123845	-0.48813597	0.13350730	13.09964686	-0.48807665
0.14175623	13.10783802	-0.48830570	0.13919552	13.10626624	-0.48824581
0.15466661	13.05292152	-0.58253063	0.15242267	13.05145158	-0.58245438
0.18149935	13.05960315	-0.62186314	0.17931375	13.05826342	-0.62176857
0.17761522	13.11525122	-0.52086432	0.17509495	13.11384248	-0.52078134
0.20175102	12.99093697	-0.74071808	0.20000260	12.98977923	-0.74064177
0.17948705	12.98495877	-0.69255621	0.17767198	12.98367945	-0.69249247
0.16463600	12.98744097	-0.69190854	0.16278450	12.98609501	-0.69184088
0.12525100	13.00047479	-0.68033167	0.12330347	12.99894693	-0.68026751
0.37045295	13.08450801	-0.25958800	0.36797861	13.08382302	-0.25944148
0.40885246	13.00525013	-0.17595279	0.40664807	13.00470479	-0.17579879
0.44206882	12.87553097	-0.12989971	0.44032176	12.87510328	-0.12973888
0.29697867	12.98458340	-0.85923308	0.29546546	12.98387831	-0.85909290
0.32481407	12.90836380	-0.94905517	0.32368964	12.90786698	-0.94895449
0.27480278	13.05231737	-0.74674355	0.27288029	13.05143484	-0.74658993
0.11852653	12.94565426	-0.05647081	0.11650215	12.94405649	-0.05641908
0.09208171	13.04882713	-0.10108919	0.08962374	13.04710605	-0.10107374
0.06718153	13.11124074	-0.17106651	0.06445287	13.10939241	-0.17107059
0.06564609	13.01096058	-0.62075978	0.06354062	13.00912638	-0.62071435
0.04181575	13.07475764	-0.54249053	0.03933371	13.07276823	-0.54244756
0.08896764	12.94062114	-0.67579505	0.08725883	12.93895552	-0.67577180
0.46340171	12.68107401	-0.13023462	0.46234622	12.68073044	-0.13008119
0.47933154	12.47248326	-0.15932337	0.47896178	12.47220750	-0.15919309
0.33778945	12.82854898	-1.00286298	0.33703963	12.82817623	-1.00282547
0.34161825	12.75352241	-1.03238279	0.34114839	12.75316847	-1.03236763
0.48359962	12.33589751	-0.19823374	0.48358362	12.33571205	-0.19814077
0.34319864	12.69369363	-1.05158622	0.34299735	12.69336395	-1.05159519
0.15724039	12.45720650	-0.10297287	0.15704272	12.45577948	-0.10288888
0.15808854	12.61317441	-0.07310500	0.15734379	12.61173889	-0.07301423
0.09957103	12.74120487	-0.74756173	0.09872929	12.73968637	-0.74767492
0.09685549	12.80941638	-0.72312535	0.09571741	12.80785253	-0.72318061
0.14284942	12.79191051	-0.05196919	0.14143933	12.79041036	-0.05188247
0.09609381	12.87455038	-0.70448240	0.09467312	12.87295207	-0.70448829
0.30479704	13.13509103	-0.49736858	0.30227059	13.13417949	-0.49720758
0.28090475	13.10611020	-0.62410048	0.27861747	13.10515729	-0.62392911
0.33510180	13.12768563	-0.37147180	0.33251290	13.12686312	-0.37132382
0.03525452	13.14392063	-0.34286783	0.03238305	13.14187006	-0.34286237
0.03240511	13.12013198	-0.44479430	0.02965292	13.11806535	-0.44476999
0.04764858	13.14189821	-0.25168314	0.04478658	13.13993908	-0.25169055
0.88654701	11.97210951	-0.58430779	0.88700170	11.97264837	-0.58428079
0.81676000	12.01719950	-0.47386000	0.81676000	12.01719950	-0.47386000
0.93033475	11.94693034	-0.71230261	0.93116064	11.94773078	-0.71218771
0.91669651	12.01323259	-0.71675756	0.91741235	12.01401899	-0.71660309
0.87853427	12.05828839	-0.63055264	0.87897741	12.05890225	-0.63042356
0.80784807	12.11796781	-0.52740648	0.80804568	12.11830218	-0.52726838
0.96590221	11.94105021	-0.83580331	0.96699801	11.94202996	-0.83560740
0.98636360	11.95803292	-0.94658358	0.98758977	11.95912818	-0.94633023
0.95175043	12.07528120	-0.92964161	0.95268218	12.07629206	-0.92935275
0.93649426	12.04414581	-0.81263229	0.93732435	12.04506450	-0.81241079
0.98598425	12.00067291	-1.03939456	0.98725323	12.00181820	-1.03910947
0.95072600	12.07487410	-1.12624660	0.95191591	12.07597274	-1.12594791
0.92593364	12.13693770	-1.10383927	0.92693987	12.13795897	-1.10353176
0.94953187	12.11044700	-1.02720133	0.95050905	12.11149508	-1.02688346
0.86844547	12.19116917	-1.21769807	0.86944896	12.19206654	-1.21741928
0.74887218	12.33851035	-1.26905924	0.74953534	12.33903475	-1.26884966
0.75134488	12.36681984	-1.19719301	0.75185503	12.36734766	-1.19697479
0.86481933	12.23683668	-1.15485830	0.86563152	12.23770747	-1.15456324
0.60264540	12.48358823	-1.23789243	0.60280009	12.48364033	-1.23790675
0.47079222	12.61345307	-1.15244980	0.47076688	12.61342259	-1.15243115
0.49420000	12.61570000	-1.07906000	0.49420000	12.61570000	-1.07906000
0.61447000	12.50220000	-1.16283000	0.61447000	12.50220000	-1.16283000
0.38251210	12.64568828	-1.04962811	0.38247715	12.64551743	-1.04963081
0.33108874	12.64396462	-0.95706109	0.33101384	12.64357288	-0.95711335
0.37140000	12.64100070	-0.89641000	0.37140000	12.64100070	-0.89641000
0.41679000	12.64250090	-0.98287004	0.41679000	12.64250090	-0.98287004
0.31060871	12.67457910	-0.89749588	0.31030618	12.67406434	-0.89755873
0.30472802	12.70171523	-0.86973727	0.30425530	12.70115188	-0.86978076
0.33234745	12.69001217	-0.81210403	0.33181714	12.68949516	-0.81210133
0.34309992	12.66610539	-0.84023923	0.34270840	12.66572348	-0.84026461
0.29613090	12.68872286	-0.87373568	0.29570963	12.68812723	-0.87379809
0.25268069	12.67676760	-0.84452723	0.25224213	12.67595607	-0.84463640
0.29198519	12.67475205	-0.77466802	0.29144273	12.67403808	-0.77472109
0.33150559	12.67857876	-0.81081001	0.33101398	12.67805791	-0.81081680
0.14310127	12.70710504	-0.71574805	0.14235698	12.70574802	-0.71585614
0.00755842	12.75426386	-0.57373648	0.00648106	12.75224058	-0.57379703
0.01009739	12.79144139	-0.49616558	0.00881948	12.78940077	-0.49618128
0.16560679	12.72243299	-0.63987346	0.16470553	12.72111257	-0.63992795
-0.11090837	12.79057899	-0.50825993	-0.11215000	12.78791978	-0.50819828
-0.22077896	12.81610440	-0.50898468	-0.22217823	12.81280852	-0.50875626
-0.22770094	12.88410677	-0.44829362	-0.22949881	12.88080457	-0.44810420
-0.11583480	12.84937883	-0.43748776	-0.11740263	12.84669110	-0.43740378
-0.32945192	12.83004249	-0.56493472	-0.33101056	12.82601356	-0.56452170
-0.43140490	12.83485685	-0.62876611	-0.43308294	12.83002833	-0.62816331
-0.44839770	12.86151874	-0.57658837	-0.45021766	12.85667385	-0.57601492
-0.34113090	12.88233296	-0.50972656	-0.34299687	12.87829438	-0.50937543
-0.52084454	12.83263230	-0.65363359	-0.52255964	12.82710114	-0.65288384
-0.60013983	12.82482151	-0.63971017	-0.60180783	12.81874992	-0.63883089
-0.59877660	12.82742171	-0.60433721	-0.60043838	12.82147197	-0.60347974
-0.54244416	12.83930423	-0.60485336	-0.54417038	12.83374731	-0.60409920
-0.67298386	12.81306894	-0.58632465	-0.67456266	12.80669070	-0.58536556
-0.72058578	12.79529653	-0.50537262	-0.72205206	12.78890518	-0.50439128
-0.68380234	12.81316713	-0.47771981	-0.68537896	12.80706077	-0.47681314
-0.64770606	12.82363833	-0.55580173	-0.64933144	12.81752243	-0.55490548
-0.72416851	12.76954374	-0.40871660	-0.72559379	12.76341199	-0.40777389
-0.69721900	12.72469365	-0.31782745	-0.69850191	12.71883286	-0.31686316
-0.67557329	12.73177444	-0.33035159	-0.67687984	12.72601314	-0.32937092
-0.68822530	12.77708592	-0.39217845	-0.68969700	12.77116358	-0.39123764
-0.64562840	12.65040979	-0.25221663	-0.64646960	12.64480306	-0.25120270
-0.56546268	12.59641938	-0.20738028	-0.56585815	12.59140167	-0.20656855
-0.55337061	12.65615224	-0.24015308	-0.55420733	12.65119057	-0.23936105
-0.63509472	12.69381676	-0.28482213	-0.63626847	12.68829350	-0.28379500
-0.45524905	12.59809194	-0.16701603	-0.45558952	12.59374949	-0.16645529
-0.32676802	12.58387855	-0.13784707	-0.32715012	12.58026937	-0.13747951
-0.31219066	12.63840643	-0.16723501	-0.31285131	12.63487088	-0.16689206
-0.44113862	12.65601259	-0.19824531	-0.44187958	12.65174086	-0.19770863
-0.18692692	12.48656795	-0.12965008	-0.18706941	12.48367024	-0.12946427
-0.03522511	12.37767801	-0.13989953	-0.03505867	12.37544300	-0.13980220
-0.03567117	12.44759732	-0.17083326	-0.03576818	12.44536686	-0.17073867
-0.17822469	12.54991433	-0.15847437	-0.17861430	12.54705713	-0.15829424
0.12708123	12.32429611	-0.16182644	0.12738353	12.32273195	-0.16177224
0.25522619	12.31138026	-0.18800619	0.25552946	12.31036783	-0.18796178
0.23194822	12.37054534	-0.23977518	0.23199145	12.36945512	-0.23972215
0.11449862	12.39139090	-0.20295591	0.11453613	12.38979169	-0.20289012
0.30303531	12.34839081	-0.20937500	0.30313068	12.34764013	-0.20931957
0.28525420	12.43161333	-0.27870360	0.28504251	12.43077819	-0.27866323
0.27818061	12.40342853	-0.26477099	0.27807129	12.40256053	-0.26472614
0.31294535	12.34065800	-0.22203497	0.31288537	12.34009208	-0.22197208
0.34620000	12.27620000	-0.23202000	0.34620000	12.27620000	-0.23202000
0.31902770	12.32767552	-0.29089586	0.31899821	12.32711410	-0.29093448
0.28516562	12.39053982	-0.28014970	0.28503469	12.38975508	-0.28013001
0.44425997	12.21770000	-0.27141000	0.44425997	12.21770000	-0.27141000
0.57587000	12.16340070	-0.32883000	0.57587000	12.16340070	-0.32883000
0.57010682	12.24290484	-0.38246781	0.57017873	12.24289073	-0.38241582
0.42814956	12.28380485	-0.32778991	0.42821145	12.28356682	-0.32777722
0.70622003	12.08180000	-0.39380000	0.70622003	12.08180000	-0.39380000
0.70103512	12.18300655	-0.44681036	0.70115213	12.18317017	-0.44672860
0.76582507	12.39993932	-1.04596828	0.76610711	12.40054460	-1.04572592
0.87151944	12.25376358	-1.04430790	0.87216229	12.25463130	-1.04400534
0.78366613	12.38344956	-0.85758431	0.78380117	12.38405230	-0.85731819
0.87957265	12.23216559	-0.90394410	0.88010864	12.23300664	-0.90365413
0.79690629	12.26818723	-0.67033215	0.79709099	12.26871518	-0.67010582
0.87916534	12.15757193	-0.75227102	0.87966848	12.15832906	-0.75202889
0.53032199	12.60934167	-0.90151705	0.53005706	12.60941504	-0.90139930
0.64590880	12.52540037	-0.98910552	0.64584683	12.52567667	-0.98896475
0.56064710	12.53941397	-0.68986131	0.56029346	12.53943675	-0.68972498
0.67559409	12.48247659	-0.77906605	0.67543219	12.48280550	-0.77885872
0.56922839	12.38679439	-0.50999469	0.56912728	12.38678138	-0.50989065
0.69182383	12.34335233	-0.58749552	0.69180719	12.34362659	-0.58732820
-0.23780122	12.87876124	-0.36336220	-0.23960470	12.87544769	-0.36317945
-0.12921946	12.84159850	-0.35026501	-0.13080758	12.83886207	-0.35016501
-0.25576542	12.82019812	-0.27641687	-0.25729571	12.81685282	-0.27620362
-0.14647780	12.77642954	-0.26576453	-0.14779747	12.77365332	-0.26563500
-0.02681738	12.71517648	-0.30371325	-0.02789231	12.71297426	-0.30366285
-0.00658055	12.78245698	-0.39975048	-0.00789458	12.78034081	-0.39973325
-0.28504603	12.72880846	-0.21241810	-0.28615409	12.72537952	-0.21213359
-0.16418102	12.66239483	-0.20318109	-0.16503519	12.65957608	-0.20301549
-0.03469049	12.58251043	-0.22680718	-0.03528737	12.58028890	-0.22672975
-0.57810607	12.85761381	-0.52260123	-0.57991160	12.85202610	-0.52185921
-0.61092751	12.84985253	-0.42936319	-0.61272037	12.84426988	-0.42859773
-0.50862800	12.87581844	-0.37210322	-0.51054760	12.87091904	-0.37153570
-0.47677733	12.89026321	-0.47888359	-0.47874395	12.88541192	-0.47834805
-0.62581638	12.77782301	-0.34627540	-0.62733935	12.77229677	-0.34535117
-0.53667845	12.77304605	-0.29162466	-0.53820741	12.76808973	-0.29087043
-0.35875025	12.89645089	-0.41577874	-0.36069050	12.89240755	-0.41545743
-0.38294907	12.86004716	-0.31646799	-0.38471491	12.85596532	-0.31611267
-0.41459876	12.76147205	-0.24574909	-0.41592376	12.75729450	-0.24528924
0.28624073	12.63163755	-0.65053515	0.28564130	12.63077913	-0.65056727
0.32833672	12.62995445	-0.67402668	0.32776942	12.62926552	-0.67404371
0.26123775	12.56311553	-0.50020632	0.26074251	12.56213513	-0.50019915
0.30766723	12.56393700	-0.51016864	0.30717678	12.56313431	-0.51014056
0.31106208	12.58203854	-0.49457793	0.31049061	12.58124849	-0.49455277
0.32874306	12.64418478	-0.66553236	0.32811360	12.64349061	-0.66554065
0.33658412	12.62703480	-0.68830837	0.33601889	12.62637602	-0.68832793
0.31393200	12.56804601	-0.50955141	0.31340767	12.56727326	-0.50953135
0.34709553	12.54951378	-0.55029901	0.34665433	12.54885873	-0.55028161
0.36709122	12.60954421	-0.73886577	0.36663344	12.60900206	-0.73888068
0.32463914	12.43416687	-0.39841550	0.32441868	12.43347746	-0.39841310
0.29114714	12.47958161	-0.37475517	0.29081124	12.47875409	-0.37473420
0.28550844	12.48327212	-0.36966504	0.28518598	12.48240442	-0.36962857
0.23843517	12.46718622	-0.35340497	0.23815676	12.46613784	-0.35338315
0.44061143	12.55120465	-0.61191713	0.44019527	12.55086372	-0.61184884
0.43437123	12.61999268	-0.81394327	0.43400134	12.61976354	-0.81389072
0.43199779	12.40919985	-0.44543179	0.43184836	12.40886162	-0.44539660
0.12954924	12.62552067	-0.40739952	0.12880403	12.62400334	-0.40738668
0.15382732	12.69731936	-0.53012691	0.15291353	12.69590685	-0.53013796
0.11500557	12.50732349	-0.29142032	0.11461798	12.50573547	-0.29137323
0.13613491	13.13005027	-0.39150045	0.13341795	13.12844928	-0.39146583
0.23754671	13.01995216	-0.12647801	0.23522632	13.01879071	-0.12641804
0.28151511	12.90763535	-0.08504359	0.27963837	12.90666068	-0.08495604
0.31706285	12.72885983	-0.09065271	0.31584994	12.72802718	-0.09055318
0.34292154	12.55041797	-0.12062391	0.34233679	12.54969528	-0.12051848
0.22907605	12.84976084	-0.81313402	0.22794281	12.84878937	-0.81311545
0.33878972	12.36915239	-0.18369140	0.33875766	12.36856178	-0.18360404
0.15303745	13.04770518	-0.58530503	0.15081204	13.04623184	-0.58522887
0.18302268	12.97985732	-0.68588051	0.18121482	12.97858833	-0.68581452
0.90064826	11.96686799	-0.57069236	0.90107826	11.96741137	-0.57064649
0.82692123	12.01969686	-0.45665722	0.82689096	12.01969574	-0.45665623
0.94783800	11.93285163	-0.70351473	0.94867085	11.93367388	-0.70337867
0.75257237	12.33724451	-1.28452840	0.75325814	12.33778231	-1.28431538
0.46108098	12.61924505	-1.16611237	0.46104763	12.61921252	-1.16609746
0.35273103	12.65533704	-1.05821037	0.35265189	12.65505736	-1.05822345
0.28579606	12.65633546	-0.96053400	0.28566188	12.65575158	-0.96062236
0.26911443	12.68556149	-0.89923723	0.26875710	12.68486728	-0.89933672
0.25136496	12.69617424	-0.88575477	0.25092603	12.69539558	-0.88585655
0.20323069	12.68024455	-0.86810244	0.20281027	12.67925974	-0.86825531
0.11232599	12.69774863	-0.75321742	0.11166735	12.69629829	-0.75336389
0.00104253	12.72570965	-0.62173943	0.00011948	12.72369242	-0.62183391
-0.20991365	12.75372583	-0.55039516	-0.21095563	12.75047310	-0.55016827
-0.31773367	12.78871937	-0.59643555	-0.31904303	12.78473283	-0.59600328
-0.50917184	12.83825162	-0.67622600	-0.51094430	12.83275242	-0.67550809
-0.59114848	12.83661100	-0.66250438	-0.59290813	12.83053861	-0.66166460
-0.73312192	12.79895382	-0.51684979	-0.73460188	12.79245853	-0.51587226
-0.18892906	12.49606638	-0.10743108	-0.18908749	12.49315709	-0.10723566
0.14435662	12.34063599	-0.13716318	0.14459555	12.33914082	-0.13710369
0.30899936	12.37674451	-0.22191371	0.30893979	12.37604097	-0.22185813
0.38339241	12.29155962	-0.19445338	0.38340391	12.29133365	-0.19438249
0.46969122	12.23631704	-0.23813724	0.46973749	12.23622168	-0.23806579
0.71403959	12.09206413	-0.37185615	0.71403218	12.09208817	-0.37186046
0.29136295	12.50662789	-0.36779804	0.29095603	12.50578574	-0.36776832
0.57255460	12.77850032	-0.53841010	0.57141334	12.77851554	-0.53817253
0.28540052	12.98071033	-0.52737973	0.28346315	12.97976209	-0.52726160
0.01312028	12.97480212	-0.25875871	0.01096804	12.97272633	-0.25873567
0.07798551	13.06004809	-0.30426446	0.07550102	13.05822209	-0.30424410
0.30393406	12.86036518	-0.29209621	0.30230911	12.85948744	-0.29200756
0.01028566	12.94764250	-0.41738961	0.00828310	12.94555184	-0.41737004
0.10087386	13.02917453	-0.41396621	0.09856530	13.02745159	-0.41393531
0.35471808	12.81852423	-0.69132976	0.35355114	12.81793717	-0.69121727
0.13694184	13.01395792	-0.17621023	0.13464097	13.01240491	-0.17617948
0.20983236	12.80576329	-0.79254278	0.20882383	12.80471128	-0.79256331
0.31861084	12.75121137	-0.52940423	0.31750104	12.75041994	-0.52934529
0.31662726	12.88152105	-0.83934244	0.31544402	12.88090632	-0.83923649
0.39228129	12.43163689	-0.24440007	0.39204488	12.43118116	-0.24433486
0.22327887	13.03559855	-0.44353884	0.22103444	13.03438249	-0.44345666
0.46863614	12.68308402	-0.66562217	0.46787255	12.68283810	-0.66549185
0.68982275	12.75396261	-0.76875719	0.68899568	12.75436722	-0.76842653
0.30980763	12.93161251	-0.19759277	0.30787598	12.93073602	-0.19749443
-0.44524406	12.86737119	-0.22916884	-0.44703320	12.86302706	-0.22874587
0.13024142	13.06622674	-0.24542517	0.12774185	13.06463096	-0.24539913
0.30747683	12.93958809	-0.68516111	0.30586111	12.93880768	-0.68503371
-0.53444092	12.86175580	-0.26510576	-0.53628313	12.85685229	-0.26450571
0.20724029	13.01948557	-0.32543636	0.20498019	13.01820208	-0.32537729
0.28819185	12.45111748	-0.19978611	0.28792533	12.45026288	-0.19972399
0.09470918	13.08208625	-0.36638843	0.09215245	13.08032075	-0.36636517
0.18730878	13.06482982	-0.48553344	0.18495739	13.06347052	-0.48546079
0.24816740	12.60253286	-0.24324698	0.24742574	12.60148105	-0.24319145
0.15003655	12.92383229	-0.50586904	0.14823697	12.92235572	-0.50583117
0.26519277	12.88386327	-0.82953556	0.26397205	12.88304180	-0.82947045
0.27381245	12.83362809	-0.83318465	0.27277857	12.83285809	-0.83314826
0.21073137	13.01070318	-0.54146488	0.20865498	13.00946370	-0.54137695
0.36340529	12.79296990	-0.19573746	0.36197916	12.79228973	-0.19562379
0.49192239	12.59039937	-0.43125653	0.49128755	12.59017839	-0.43113123
0.29882886	12.75573191	-0.88669468	0.29818118	12.75515528	-0.88671150
0.14346874	12.95154671	-0.64101017	0.14170263	12.95009996	-0.64096660
0.39094002	12.37202691	-0.22140967	0.39087715	12.37163732	-0.22134351
0.35504777	12.47803315	-0.31140495	0.35470693	12.47741979	-0.31135252
0.18033695	12.85517246	-0.18392550	0.17867738	12.85380370	-0.18385715
0.38454338	12.72847118	-0.90894774	0.38405357	12.72826101	-0.90891686
0.28845421	12.78709255	-0.84770394	0.28761421	12.78641053	-0.84769590
0.12095594	13.09819012	-0.27764500	0.11832221	13.09654114	-0.27762666
0.40827783	12.60210946	-0.24568194	0.40752471	12.60162056	-0.24557266
0.20300214	12.85023772	-0.76878173	0.20179384	12.84912939	-0.76877042
0.42163997	12.71136050	-0.82529763	0.42103899	12.71111786	-0.82519673
0.81953808	12.75270584	-0.86320338	0.81877388	12.75341960	-0.86277925
0.55863565	12.79359105	-0.92430252	0.55791269	12.79376610	-0.92407544
0.33209032	12.67869959	-0.19711473	0.33105875	12.67792818	-0.19702325
0.23998532	12.75211160	-0.17915519	0.23870384	12.75099231	-0.17908216
