0.84945751	12.73815992	-0.42006751	0.84929533	12.73828545	-0.42002465
0.82013098	12.87633885	-0.44845535	0.81991587	12.87646057	-0.44839882
0.89631998	12.83556891	-0.54684054	0.89612542	12.83573099	-0.54678220
0.92870265	12.70243919	-0.53252726	0.92855901	12.70260803	-0.53248125
0.77727912	12.96720867	-0.50856442	0.77702943	12.96732266	-0.50850041
0.85747020	12.92161944	-0.58956834	0.85724330	12.92177365	-0.58950246
0.90687600	12.87910184	-0.65002103	0.90667081	12.87928424	-0.64995668
0.94547800	12.80934360	-0.64447695	0.94530048	12.80953908	-0.64441855
0.97989317	12.68042683	-0.64575892	0.97976659	12.68063543	-0.64571385
0.71387657	12.77175627	-1.16436723	0.71368194	12.77205685	-1.16435780
0.83696937	12.71984132	-1.14251383	0.83681833	12.72009991	-1.14248989
0.80512306	12.82606162	-1.07357954	0.80492710	12.82630159	-1.07354846
0.68282202	12.87217045	-1.08978158	0.68261298	12.87238036	-1.08973329
0.93868073	12.68619294	-1.07979015	0.93855724	12.68647826	-1.07975955
0.90514377	12.79679896	-1.02084406	0.90496983	12.79705320	-1.02080164
0.86553031	12.86483103	-0.96999377	0.86533695	12.86505549	-0.96994087
0.78653867	12.90541236	-0.98515590	0.78633060	12.90560886	-0.98509917
0.66437005	12.95079951	-0.99024247	0.66414291	12.95094598	-0.99017761
0.59449933	12.83439537	-0.20780403	0.59428943	12.83441175	-0.20776947
0.57570655	12.97139788	-0.25527736	0.57544096	12.97141069	-0.25523272
0.70981274	12.92423123	-0.34814385	0.70957263	12.92430286	-0.34809229
0.73180595	12.78482128	-0.30797352	0.73162111	12.78489437	-0.30793458
0.54477982	13.05781034	-0.33955660	0.54448099	13.05781789	-0.33950541
0.67324901	13.01463769	-0.42377069	0.67297422	13.01470348	-0.42371226
0.46481797	12.88227665	-1.06302477	0.46462381	12.88230691	-1.06299101
0.59063827	12.82961236	-1.13614636	0.59043956	12.82974347	-1.13612044
0.55995128	12.92135571	-1.06329769	0.55972842	12.92145147	-1.06324975
0.43614924	12.96453439	-0.98825219	0.43591979	12.96454570	-0.98820981
0.53980463	12.99557448	-0.96156917	0.53955555	12.99564630	-0.96151526
0.41520187	13.03380183	-0.88550244	0.41493747	13.03379827	-0.88545545
-0.01596801	12.98714266	-0.06558755	-0.01624390	12.98690037	-0.06556544
-0.14438751	12.99851511	-0.08753238	-0.14466697	12.99821798	-0.08750894
-0.14708974	13.07197647	-0.13401690	-0.14740028	13.07168020	-0.13398952
-0.02233337	13.07448843	-0.10945439	-0.02264611	13.07424575	-0.10942785
-0.26314690	12.99986941	-0.12375505	-0.26342600	12.99952245	-0.12372836
-0.26428532	13.06134029	-0.17211876	-0.26459131	13.06099529	-0.17208871
-0.26565151	13.10263668	-0.23758998	-0.26597572	13.10229415	-0.23755763
-0.14924380	13.11895900	-0.20014927	-0.14957495	13.11866504	-0.20011951
-0.02749343	13.12856320	-0.17528138	-0.02782939	13.12832149	-0.17525242
0.02887593	12.97387392	-0.59010061	0.02861692	12.97367790	-0.59008157
0.01366442	13.03622601	-0.56452193	0.01337610	13.03602139	-0.56449906
-0.06724625	13.03803914	-0.55392285	-0.06754060	13.03779844	-0.55389979
-0.05292187	12.98187415	-0.56961610	-0.05319008	12.98164134	-0.56959611
-0.00603135	13.09016040	-0.51707347	-0.00634579	13.08994370	-0.51704761
-0.08890457	13.08426045	-0.51816668	-0.08921987	13.08400819	-0.51814060
-0.18234659	13.07690987	-0.53428299	-0.18266251	13.07661681	-0.53425344
-0.15965192	13.03598920	-0.57024020	-0.15995034	13.03570789	-0.57021304
-0.14486039	12.98482811	-0.58772909	-0.14513566	12.98455493	-0.58770490
0.98762241	12.29132763	-0.67226365	0.98763943	12.29152557	-0.67224580
0.96731447	12.07234743	-0.68857261	0.96739610	12.07253428	-0.68858564
0.91413888	12.09818419	-0.55316261	0.91416543	12.09830122	-0.55317568
0.92874257	12.30525643	-0.53722324	0.92873241	12.30539858	-0.53721818
0.83602654	12.14732872	-0.43189703	0.83603135	12.14738635	-0.43191519
0.84321002	12.32983696	-0.41185972	0.84318616	12.32993139	-0.41186061
0.97996937	12.38420716	-1.14192532	0.98002965	12.38450609	-1.14190984
0.88470210	12.44446418	-1.21090343	0.88473630	12.44472690	-1.21089366
0.88118700	12.28487759	-1.23610155	0.88131775	12.28513752	-1.23611399
0.97361668	12.19275678	-1.15757180	0.97378040	12.19305016	-1.15757713
0.75675165	12.51967998	-1.23944070	0.75672753	12.51985528	-1.23942701
0.75407471	12.39957674	-1.27135537	0.75414275	12.39975965	-1.27136810
0.86957433	12.18008870	-1.24418504	0.86976512	12.18034292	-1.24421485
0.95529757	12.05803612	-1.15594672	0.95552574	12.05832079	-1.15597735
0.99295728	12.50043335	-0.65734057	0.99290184	12.50064161	-0.65731026
0.93620870	12.51579582	-0.53083960	0.93613561	12.51595973	-0.53081235
0.85191275	12.54367035	-0.40880794	0.85182434	12.54378788	-0.40878461
0.86679201	12.59105854	-1.18394481	0.86672393	12.59131747	-1.18392860
0.96632249	12.54870233	-1.11815164	0.96628300	12.54900036	-1.11812774
0.74095123	12.64821412	-1.20851894	0.74084400	12.64842476	-1.20849228
0.59975841	12.42020282	-0.22594136	0.59971359	12.42021966	-0.22594308
0.59938867	12.63499101	-0.20312675	0.59925966	12.63500771	-0.20311032
0.73287900	12.58576249	-0.29752210	0.73277283	12.58582976	-0.29750199
0.72710179	12.37138648	-0.30884106	0.72706628	12.37143704	-0.30884640
0.46754737	12.70520821	-1.15043704	0.46747084	12.70522185	-1.15042149
0.61099911	12.61608093	-1.21933181	0.61094099	12.61614247	-1.21932106
0.60681169	12.72142713	-1.18600689	0.60669238	12.72155293	-1.18600323
0.47180667	12.78931689	-1.11661946	0.47166944	12.78934102	-1.11659578
0.58658827	12.17491809	-0.30192484	0.58659090	12.17492484	-0.30193012
0.59725338	12.28089439	-0.26280955	0.59724734	12.28090920	-0.26281812
0.72338225	12.21654559	-0.33823076	0.72338155	12.21658118	-0.33824902
0.60061104	12.48755589	-1.25197819	0.60061959	12.48759229	-1.25198735
0.60640012	12.53505269	-1.24351022	0.60638279	12.53509605	-1.24350631
0.46202403	12.64912607	-1.16601811	0.46198475	12.64911865	-1.16599833
-0.00675386	12.70936458	-0.06496504	-0.00691317	12.70912675	-0.06495976
-0.15564184	12.77744717	-0.07212222	-0.15582734	12.77714442	-0.07211125
-0.14609357	12.90027763	-0.06941358	-0.14633113	12.89997904	-0.06939574
-0.00768004	12.86374854	-0.05404027	-0.00790410	12.86350895	-0.05402470
-0.29174044	12.82824684	-0.09658880	-0.29194602	12.82788572	-0.09657133
-0.27341357	12.92340325	-0.10029127	-0.27365981	12.92305055	-0.10026840
0.02520954	12.84434569	-0.61932383	0.02501173	12.84415180	-0.61931586
0.03119795	12.90977507	-0.60665202	0.03096875	12.90958172	-0.60663809
-0.04988978	12.92007993	-0.57902574	-0.05012900	12.91985018	-0.57900963
-0.05798403	12.85526428	-0.58311742	-0.05819438	12.85503225	-0.58310546
-0.14156697	12.92754256	-0.59602905	-0.14181674	12.92727172	-0.59600774
-0.15118091	12.86672639	-0.59495279	-0.15140227	12.86645161	-0.59493439
-0.03511941	12.41366654	-0.11987532	-0.03515476	12.41342081	-0.11988755
-0.17625483	12.63032394	-0.09024879	-0.17637905	12.63001336	-0.09024769
-0.02080939	12.53877431	-0.08923430	-0.02089850	12.53853274	-0.08923900
-0.32774132	12.62280957	-0.12895399	-0.32786186	12.62243527	-0.12894863
-0.31429736	12.71050593	-0.10866688	-0.31445381	12.71013592	-0.10865623
0.01540818	12.77801590	-0.63119573	0.01524181	12.77781976	-0.63119467
-0.07721989	12.78883898	-0.58035397	-0.07740020	12.78859893	-0.58034593
-0.09501933	12.76179728	-0.56032306	-0.09518678	12.76154818	-0.56031619
-0.17511281	12.80417862	-0.58300058	-0.17530589	12.80389280	-0.58298373
-0.38543195	12.99677260	-0.17294782	-0.38571029	12.99637489	-0.17291602
-0.37775384	13.04706945	-0.21861237	-0.37805431	13.04667757	-0.21857801
-0.49525871	12.98984118	-0.22950173	-0.49553518	12.98939971	-0.22946489
-0.47564713	13.03075561	-0.27041855	-0.47594205	13.03032449	-0.27038043
-0.45367334	13.06418262	-0.32062949	-0.45398365	13.06376322	-0.32059053
-0.36797137	13.08428426	-0.27769782	-0.36828912	13.08389942	-0.27766181
-0.26392710	13.03354093	-0.58970529	-0.26422839	13.03321397	-0.58967358
-0.24946113	12.98839898	-0.61474734	-0.24974312	12.98807923	-0.61471769
-0.28425128	13.06984886	-0.54919146	-0.28456732	13.06951162	-0.54915761
-0.37886412	13.06112367	-0.55772881	-0.37917765	13.06074454	-0.55769111
-0.36392385	13.03002334	-0.60266713	-0.36422488	13.02965169	-0.60263048
-0.35422461	12.99179589	-0.63658599	-0.35451097	12.99142865	-0.63655053
-0.25073397	12.93992070	-0.63066590	-0.25099483	12.93960087	-0.63063747
-0.36165203	12.95293340	-0.66143761	-0.36192187	12.95256316	-0.66140192
-0.37634405	12.91564618	-0.67562835	-0.37659859	12.91526906	-0.67559166
-0.26337828	12.89041205	-0.63528480	-0.26361786	12.89008665	-0.63525659
-0.53918766	12.88398325	-0.18910747	-0.53941897	12.88352125	-0.18907451
-0.55887940	12.76196327	-0.19494180	-0.55906112	12.76149363	-0.19491550
-0.63511261	12.79873576	-0.25234318	-0.63531326	12.79823851	-0.25231007
-0.61726440	12.89476450	-0.25131603	-0.61750343	12.89427461	-0.25127853
-0.56667143	12.65729096	-0.21246819	-0.56681148	12.65681913	-0.21244782
-0.64221362	12.71614995	-0.26443288	-0.64238207	12.71565004	-0.26440302
-0.69087054	12.78600860	-0.33436506	-0.69107199	12.78549510	-0.33432979
-0.68472751	12.83830523	-0.32843447	-0.68494840	12.83779337	-0.32839676
-0.66888407	12.90143861	-0.32986847	-0.66913029	12.90093292	-0.32982884
-0.45711342	12.64730339	-0.16464886	-0.45724540	12.64687501	-0.16463586
-0.44620898	12.74348858	-0.14542473	-0.44638003	12.74306328	-0.14540612
-0.42436774	12.86282551	-0.13679749	-0.42458835	12.86240884	-0.13677193
-0.47226883	12.93127515	-0.68646974	-0.47252964	12.93085657	-0.68642846
-0.47915095	12.90429529	-0.69713330	-0.47940058	12.90387338	-0.69709122
-0.38844712	12.88233885	-0.67755413	-0.38868704	12.88195617	-0.67751662
-0.55886437	12.93624604	-0.66642913	-0.55912682	12.93579186	-0.66638764
-0.56360061	12.90957878	-0.68128434	-0.56385222	12.90912255	-0.68124252
-0.39923800	12.86550824	-0.66719097	-0.39946956	12.86512044	-0.66715278
-0.28300116	12.84217745	-0.62754148	-0.28321838	12.84184290	-0.62751293
0.89621934	12.88801399	-0.90126206	0.89601712	12.88823730	-0.90120155
0.79587852	12.95449515	-0.88699792	0.79564824	12.95467662	-0.88693070
0.91272861	12.90217468	-0.81249510	0.91251896	12.90238841	-0.81243129
0.81732485	12.97407771	-0.78244293	0.81708626	12.97424596	-0.78237087
0.70666439	13.02910753	-0.74111082	0.70639949	13.02922167	-0.74104226
0.67685435	13.00515400	-0.87019906	0.67660323	13.00527822	-0.87013191
0.91388673	12.89804727	-0.72055565	0.91367674	12.89824405	-0.72048942
0.83450755	12.96515190	-0.67594766	0.83426782	12.96531027	-0.67587682
0.73974583	13.01717680	-0.61389023	0.73947888	13.01728834	-0.61382193
0.99872631	12.67550649	-0.98504515	0.99861392	12.67579850	-0.98500688
0.96039580	12.79661902	-0.93975380	0.96023083	12.79687887	-0.93970444
1.02196273	12.67556857	-0.87362908	1.02185074	12.67584037	-0.87358516
0.98029033	12.80571387	-0.84289085	0.98012201	12.80596097	-0.84283535
1.01332327	12.67418314	-0.76024282	1.01320559	12.67442706	-0.76019726
0.97441332	12.80492519	-0.74346061	0.97424135	12.80515054	-0.74340351
0.55653593	13.04985673	-0.82507798	0.55626268	13.04991687	-0.82501738
0.59331092	13.07545954	-0.67623154	0.59302088	13.07551832	-0.67616798
0.46930792	13.11349257	-0.59368560	0.46899540	13.11348948	-0.59362970
0.43219620	13.08692123	-0.74563078	0.43190209	13.08691577	-0.74557812
0.63333777	13.06428663	-0.53816032	0.63304617	13.06434748	-0.53809768
0.50802548	13.10443987	-0.45556655	0.50771114	13.10444116	-0.45551170
-0.38740917	13.07850851	-0.49980629	-0.38772897	13.07812447	-0.49976830
-0.47084791	13.06002085	-0.51233767	-0.47116064	13.05960177	-0.51229692
-0.45091596	13.04872692	-0.55472230	-0.45122462	13.04831718	-0.55468234
-0.39947368	13.08447872	-0.43675971	-0.39979423	13.08408747	-0.43672133
-0.49300974	13.06180134	-0.46781769	-0.49332246	13.06137179	-0.46777641
-0.57732109	13.03533925	-0.49691029	-0.57762363	13.03487589	-0.49686748
-0.53971439	13.03745840	-0.52948371	-0.54001791	13.03701123	-0.52944168
-0.50201594	13.03596082	-0.55572261	-0.50231916	13.03552946	-0.55568170
-0.42492673	13.08093177	-0.37655053	-0.42524530	13.08052725	-0.37651184
-0.50679812	13.05748025	-0.41646573	-0.50710852	13.05704354	-0.41642458
-0.52167054	13.04285940	-0.36559022	-0.52197365	13.04241412	-0.36554908
-0.56720814	13.02584523	-0.39788300	-0.56750506	13.02538281	-0.39784112
-0.57912220	13.03103059	-0.44644601	-0.57942274	13.03056512	-0.44640347
-0.02183581	13.12895470	-0.43508128	-0.02216929	13.12872732	-0.43505357
-0.11343325	13.11633498	-0.44755276	-0.11376273	13.11606834	-0.44752432
-0.03125069	13.15034466	-0.33972989	-0.03159517	13.15010843	-0.33970039
-0.13432479	13.13389089	-0.36099268	-0.13466244	13.13361095	-0.36096307
-0.23535965	13.11651834	-0.39201969	-0.23569139	13.11619633	-0.39198757
-0.20932975	13.10317828	-0.47044417	-0.20965623	13.10287088	-0.47041290
-0.03179496	13.15204681	-0.25257366	-0.03214091	13.15180666	-0.25254398
-0.14564943	13.13716523	-0.27718441	-0.14598869	13.13687650	-0.27715404
-0.25515882	13.11866941	-0.31246832	-0.25549074	13.11833514	-0.31243536
0.99317805	11.97894155	-1.05965058	0.99341078	11.97922654	-1.05968589
1.01507166	12.12396414	-1.05743238	1.01524258	12.12425732	-1.05743747
0.99541139	11.93376035	-0.95430678	0.99562437	11.93402175	-0.95435447
1.02081010	12.08045562	-0.94321809	1.02096605	12.08072797	-0.94322659
1.03899366	12.29827706	-0.92743301	1.03905806	12.29855885	-0.92741249
1.02766839	12.33322555	-1.04336544	1.02773747	12.33352666	-1.04334609
0.97639938	11.91679110	-0.83541424	0.97658321	11.91701850	-0.83547115
1.00385186	12.06475643	-0.81979076	1.00397959	12.06499379	-0.81980377
1.02507091	12.28670255	-0.80306365	1.02511651	12.28694677	-0.80304412
1.02203189	12.51910702	-1.01889790	1.02200419	12.51940933	-1.01886799
1.04067659	12.50127495	-0.90376445	1.04064301	12.50156097	-0.90373507
1.02946098	12.49529154	-0.78242159	1.02942135	12.49554279	-0.78239055
-0.64484345	12.93062569	-0.61395002	-0.64510316	12.93013858	-0.61390986
-0.65158302	12.90084907	-0.62595954	-0.65183105	12.90035982	-0.62592002
-0.70255874	12.92006187	-0.53408562	-0.70281562	12.91955116	-0.53404644
-0.71295194	12.88386400	-0.54015475	-0.71319486	12.88334986	-0.54011669
-0.65335280	12.87745081	-0.62741938	-0.65359190	12.87696096	-0.62738031
-0.70409165	12.91011389	-0.43184524	-0.70434420	12.90959898	-0.43180499
-0.71747247	12.86499402	-0.43284619	-0.71770804	12.86447426	-0.43280766
-0.72035317	12.82929533	-0.43464088	-0.72057546	12.82877478	-0.43460394
-0.30054104	13.09172973	-0.48685045	-0.30086485	13.09138320	-0.48681543
-0.31874445	13.10139292	-0.41445736	-0.31907152	13.10103544	-0.41442163
-0.34475059	13.10063102	-0.34393728	-0.34507609	13.10025946	-0.34390077
-0.59727360	12.94722659	-0.26398853	-0.59753432	12.94674542	-0.26394894
-0.51691093	12.95034846	-0.20151490	-0.51716992	12.94989636	-0.20147910
-0.65134586	12.94168678	-0.33905524	-0.65160800	12.94118827	-0.33901393
-0.62825437	12.97136076	-0.35589524	-0.62852845	12.97087214	-0.35585320
-0.57430054	12.97931758	-0.28828308	-0.57457543	12.97884714	-0.28824300
-0.40232760	12.94129157	-0.14595261	-0.40258166	12.94088502	-0.14592336
-0.45925095	12.96224690	-0.66802447	-0.45952462	12.96183404	-0.66798398
-0.44738540	12.99449927	-0.63975237	-0.44767242	12.99409182	-0.63971253
-0.53150617	12.99337285	-0.62255998	-0.53179254	12.99292976	-0.62251831
-0.54741242	12.96501500	-0.64856551	-0.54768669	12.96456548	-0.64852405
-0.66131442	12.97728754	-0.52236107	-0.66159365	12.97679181	-0.52231995
-0.68559854	12.94977178	-0.52869789	-0.68586701	12.94926713	-0.52865771
-0.63111145	12.95891114	-0.60111032	-0.63138269	12.95842891	-0.60106933
-0.61025738	12.98609390	-0.58327066	-0.61053974	12.98561955	-0.58322903
-0.62929507	13.00651007	-0.51343041	-0.62958609	13.00602675	-0.51338839
-0.58298979	13.01246663	-0.55627076	-0.58328313	13.01200262	-0.55622842
-0.51333250	13.01900596	-0.58322879	-0.51362929	13.01857040	-0.58318776
-0.68670825	12.94334670	-0.43438996	-0.68697375	12.94283851	-0.43434881
-0.66239815	12.97149668	-0.44030084	-0.66267471	12.97099805	-0.44025917
-0.59610493	13.00256215	-0.38023749	-0.59639218	13.00208747	-0.38019537
-0.62874713	13.00166782	-0.44935090	-0.62903606	13.00118283	-0.44930869
-0.54666300	13.01403053	-0.32250220	-0.54695298	13.01357308	-0.32246131
-0.44385546	13.02512135	-0.59959782	-0.44415484	13.02471553	-0.59955846
0.17851116	13.11918196	-0.18436385	0.17817834	13.11903009	-0.18433259
0.14877241	13.15778152	-0.26960284	0.14842395	13.15762102	-0.26957077
0.17647765	13.14577777	-0.28433607	0.17613487	13.14562978	-0.28430350
0.21049954	13.10598868	-0.19593803	0.21017271	13.10585077	-0.19590572
0.12834397	13.16481707	-0.36471889	0.12799478	13.16465174	-0.36468665
0.15444923	13.15360663	-0.38165229	0.15410590	13.15345356	-0.38161951
0.18106207	13.13690179	-0.29435671	0.18072358	13.13675624	-0.29432420
0.21489791	13.09760832	-0.20234784	0.21457493	13.09747251	-0.20231558
0.18767138	13.14462552	-0.29541034	0.18732950	13.14448273	-0.29537708
0.22027576	13.10412149	-0.19721154	0.21994978	13.10398775	-0.19717877
0.16848886	13.15176772	-0.39877821	0.16814730	13.15162163	-0.39874476
0.21241762	13.15773818	-0.42468870	0.21207515	13.15761267	-0.42465212
0.23404611	13.15009852	-0.31329528	0.23370306	13.14997627	-0.31325882
0.26613233	13.10758632	-0.20800806	0.26580512	13.10747235	-0.20797266
0.25454243	12.93277880	-0.06442713	0.25428687	12.93265222	-0.06440149
0.21727562	13.04911866	-0.10983366	0.21697149	13.04897939	-0.10980410
0.25346434	13.03644716	-0.12122762	0.25316581	13.03632347	-0.12119709
0.29410599	12.91961676	-0.07754150	0.29385591	12.91950747	-0.07751552
0.26369634	13.03448162	-0.12171218	0.26339856	13.03436214	-0.12168120
0.30531009	12.91775734	-0.08093608	0.30506056	12.91765279	-0.08090974
0.30889534	13.03313105	-0.12904776	0.30859804	13.03303086	-0.12901484
0.34910760	12.91010643	-0.08686738	0.34886130	12.91002004	-0.08683960
0.37522525	12.72131001	-0.09114482	0.37505800	12.72123515	-0.09112883
0.33512871	12.73486919	-0.08671644	0.33495566	12.73477790	-0.08670147
0.39350233	12.52606132	-0.12207299	0.39341670	12.52600105	-0.12206936
0.35589344	12.55002369	-0.11739038	0.35579771	12.54994734	-0.11738644
0.32373968	12.73702605	-0.08198937	0.32356596	12.73692981	-0.08197447
0.34370058	12.55277741	-0.11248126	0.34360353	12.55269577	-0.11247743
0.29800868	12.56639924	-0.09441742	0.29790594	12.56629662	-0.09441373
0.28165263	12.75427021	-0.06598844	0.28147181	12.75415521	-0.06597339
0.26472482	12.78257282	-0.91915025	0.26460355	12.78249215	-0.91914464
0.25433969	12.85280827	-0.89416528	0.25417040	12.85272319	-0.89415083
0.23522987	12.85860593	-0.83509110	0.23505160	12.85851186	-0.83507722
0.24633825	12.79779398	-0.85887054	0.24619631	12.79770473	-0.85886412
0.23870044	12.92486396	-0.84371881	0.23848892	12.92477377	-0.84369742
0.21904527	12.92317690	-0.78805150	0.21883096	12.92307465	-0.78803139
0.22560809	12.91881338	-0.77025476	0.22539462	12.91871312	-0.77023445
0.24723544	12.80365494	-0.83811132	0.24708833	12.80356791	-0.83810288
0.21900453	12.85899818	-0.82069907	0.21882463	12.85889776	-0.82068575
0.22424689	12.80167735	-0.84373097	0.22410080	12.80158010	-0.84372383
0.20806476	12.92266154	-0.77830198	0.20784989	12.92255400	-0.77828271
0.16747247	12.93473278	-0.76371034	0.16725060	12.93460700	-0.76369184
0.17549431	12.86744082	-0.80226556	0.17530837	12.86732031	-0.80225373
0.17777364	12.80382672	-0.82340825	0.17762302	12.80370816	-0.82340364
0.27008317	12.71235284	-0.94423193	0.27000959	12.71226714	-0.94422610
0.25434856	12.73659011	-0.88309945	0.25424743	12.73650564	-0.88309843
0.25602508	12.75226327	-0.86075828	0.25590980	12.75218106	-0.86075505
0.27394552	12.71580948	-0.87397795	0.27385547	12.71573631	-0.87397565
0.23339699	12.74399484	-0.87061255	0.23328672	12.74390328	-0.87061153
0.18464804	12.73623346	-0.85302582	0.18453678	12.73611929	-0.85302796
0.28257139	12.32690014	-0.16257834	0.28257062	12.32680381	-0.16258852
0.29976530	12.42350448	-0.12872760	0.29971900	12.42341235	-0.12873136
0.34757640	12.42201386	-0.14506394	0.34753134	12.42194635	-0.14506561
0.33322973	12.35255035	-0.17771676	0.33321475	12.35248498	-0.17772169
0.35154723	12.43463057	-0.15233462	0.35149744	12.43456449	-0.15233596
0.36132896	12.41507511	-0.15013544	0.36128701	12.41501432	-0.15013712
0.34765078	12.34717777	-0.18409054	0.34763089	12.34712598	-0.18409024
0.39857886	12.38194683	-0.15863061	0.39855002	12.38190484	-0.15863225
0.11763606	13.13968289	-0.46998962	0.11730101	13.13951786	-0.46995788
0.14756972	13.12647901	-0.48402218	0.14724175	13.12632788	-0.48399004
0.12119970	13.08755800	-0.57819550	0.12089283	13.08740021	-0.57816608
0.15649250	13.07236116	-0.58889085	0.15619390	13.07221954	-0.58886082
0.15960017	13.11521681	-0.49076601	0.15927773	13.11507134	-0.49073396
0.16537913	13.12163963	-0.49088838	0.16505423	13.12149664	-0.49085574
0.17555531	13.06571563	-0.58507874	0.17526010	13.06558207	-0.58504832
0.20166607	13.07123060	-0.62436277	0.20137174	13.07111129	-0.62433026
0.20075928	13.12758153	-0.52333928	0.20043408	13.12745592	-0.52330410
0.21762508	13.00080784	-0.74265955	0.21737149	13.00070314	-0.74263214
0.19620833	12.99591447	-0.69460485	0.19595319	12.99579732	-0.69457891
0.18186455	12.99897527	-0.69416855	0.18160773	12.99885194	-0.69414301
0.14356970	13.01365720	-0.68290392	0.14330490	13.01351641	-0.68287883
0.39180533	13.09036831	-0.26159473	0.39148787	13.09030953	-0.26155254
0.42741133	13.00988407	-0.17790313	0.42712569	13.00983437	-0.17786504
0.45638589	12.87922903	-0.13186406	0.45615357	12.87918841	-0.13183365
0.31014308	12.99063854	-0.86120065	0.30990028	12.99058404	-0.86116753
0.33418980	12.91259113	-0.95043427	0.33398534	12.91255099	-0.95040623
0.29196898	13.05992560	-0.74909352	0.29168849	13.05985520	-0.74905589
0.13438426	12.96009414	-0.05918548	0.13411809	12.95991648	-0.05916221
0.11220619	13.06428394	-0.10366686	0.11189653	13.06409921	-0.10363931
0.09046248	13.12780246	-0.17364216	0.09012618	13.12761184	-0.17361234
0.08568852	13.02706418	-0.62368142	0.08541117	13.02689402	-0.62365752
0.06543084	13.09237156	-0.54571018	0.06511877	13.09218771	-0.54568247
0.10503823	12.95502180	-0.67805536	0.10479940	12.95486423	-0.67803701
0.47166394	12.68418902	-0.13211315	0.47151346	12.68415543	-0.13209631
0.48189015	12.47519890	-0.16099935	0.48182543	12.47517484	-0.16099843
0.34379151	12.83166494	-1.00349445	0.34364086	12.83162995	-1.00347581
0.34525484	12.75635198	-1.03267635	0.34515220	12.75630589	-1.03265932
0.48344571	12.33783896	-0.19937022	0.48343182	12.33782774	-0.19937473
0.34465551	12.69626734	-1.05153141	0.34460295	12.69621765	-1.05151853
0.15740697	12.47036151	-0.10535656	0.15734404	12.47020046	-0.10536245
0.16280904	12.62642235	-0.07570243	0.16268215	12.62625939	-0.07569895
0.10764975	12.75398710	-0.74803396	0.10751064	12.75383504	-0.74803596
0.10763286	12.82270368	-0.72431479	0.10745820	12.82255039	-0.72430930
0.15317472	12.80564910	-0.05482530	0.15297341	12.80547899	-0.05481014
0.10954951	12.88822989	-0.70629899	0.10934221	12.88807654	-0.70628639
0.32750026	13.14301255	-0.49983093	0.32716893	13.14294120	-0.49978634
0.30157292	13.11441180	-0.62676020	0.30126040	13.11433729	-0.62671774
0.35800892	13.13478090	-0.37369201	0.35767620	13.13471421	-0.37364786
0.06136412	13.16230840	-0.34580569	0.06101528	13.16211276	-0.34577480
0.05810856	13.13859153	-0.44798261	0.05777224	13.13839936	-0.44795268
0.07283565	13.15944062	-0.25440873	0.07248665	13.15924609	-0.25437761
0.88288793	11.96803351	-0.58565777	0.88296149	11.96815654	-0.58571660
0.81676000	12.01719950	-0.47386000	0.81676000	12.01719950	-0.47386000
0.92392659	11.94104376	-0.71468557	0.92406128	11.94122421	-0.71474917
0.91116128	12.00748777	-0.71933308	0.91127596	12.00766518	-0.71938165
0.87501248	12.05370804	-0.63268191	0.87507855	12.05384497	-0.63272006
0.80627150	12.11539875	-0.52924467	0.80629781	12.11546970	-0.52926079
0.95773944	11.93413337	-0.83895097	0.95791884	11.93435600	-0.83900917
0.97731571	11.95057795	-0.95026041	0.97752173	11.95083225	-0.95030933
0.94481812	12.06839722	-0.93340017	0.94497655	12.06863758	-0.93343133
0.93023881	12.03765794	-0.81580603	0.93037565	12.03786871	-0.81584619
0.97666765	11.99313097	-1.04337004	0.97688946	11.99340579	-1.04340780
0.94192826	12.06791271	-1.13021771	0.94214527	12.06818719	-1.13024979
0.91844941	12.13045003	-1.10775429	0.91863117	12.13070975	-1.10778122
0.94226403	12.10354918	-1.03118494	0.94243646	12.10380582	-1.03120945
0.86092577	12.18579266	-1.22129918	0.86110884	12.18603882	-1.22132945
0.74364794	12.33588918	-1.27177271	0.74375994	12.33606541	-1.27179563
0.74740788	12.36401885	-1.19992592	0.74749621	12.36418777	-1.19994312
0.85873017	12.23153465	-1.15851546	0.85887765	12.23177114	-1.15853776
0.60113919	12.48359730	-1.23787720	0.60115094	12.48362992	-1.23788733
0.47078685	12.61353707	-1.15235044	0.47077071	12.61352585	-1.15233186
0.49420000	12.61570000	-1.07906000	0.49420000	12.61570000	-1.07906000
0.61447000	12.50220000	-1.16283000	0.61447000	12.50220000	-1.16283000
0.38271387	12.64698160	-1.04954203	0.38269931	12.64695335	-1.04953243
0.33186385	12.64711670	-0.95669476	0.33184603	12.64706677	-0.95668924
0.37140000	12.64100070	-0.89641000	0.37140000	12.64100070	-0.89641000
0.41679000	12.64250090	-0.98287004	0.41679000	12.64250090	-0.98287004
0.31339500	12.67878909	-0.89724102	0.31333848	12.67873193	-0.89723737
0.30905235	12.70636337	-0.86979714	0.30896785	12.70630799	-0.86979274
0.33726603	12.69440715	-0.81261581	0.33717302	12.69436694	-0.81260956
0.34672807	12.66933262	-0.84034645	0.34666136	12.66930208	-0.84034611
0.30007811	12.69361684	-0.87368464	0.30000004	12.69355739	-0.87368093
0.25688896	12.68342113	-0.84428632	0.25680471	12.68334125	-0.84428805
0.29712039	12.68070940	-0.77484860	0.29702503	12.68064647	-0.77484678
0.33613683	12.68300205	-0.81127578	0.33604843	12.68296139	-0.81126971
0.15025909	12.71852766	-0.71604277	0.15013266	12.71839298	-0.71604490
0.01806193	12.77182024	-0.57544182	0.01789311	12.77162239	-0.57543995
0.02210998	12.80947450	-0.49853081	0.02192069	12.80927289	-0.49852394
0.17417950	12.73370299	-0.64070398	0.17403618	12.73357503	-0.64070165
-0.09873998	12.81442559	-0.51263264	-0.09893213	12.81417115	-0.51262215
-0.20632156	12.84612387	-0.51650804	-0.20653198	12.84582031	-0.51648796
-0.20983734	12.91452943	-0.45608554	-0.21007999	12.91422220	-0.45606365
-0.10093046	12.87383686	-0.44243654	-0.10115194	12.87357728	-0.44242205
-0.31155678	12.86645047	-0.57629658	-0.31178290	12.86610157	-0.57626629
-0.41021936	12.87754905	-0.64397665	-0.41045563	12.87715670	-0.64393837
-0.42690576	12.90512607	-0.59214967	-0.42715299	12.90472643	-0.59211177
-0.32113022	12.91944019	-0.52118541	-0.32137921	12.91908578	-0.52115522
-0.49834346	12.88082291	-0.67200296	-0.49858287	12.88039313	-0.67196082
-0.57805079	12.87721888	-0.66020470	-0.57828952	12.87675691	-0.66016321
-0.57724920	12.87953618	-0.62481581	-0.57748873	12.87907459	-0.62477498
-0.52067569	12.88839189	-0.62373904	-0.52091782	12.88795319	-0.62369810
-0.65212592	12.86860857	-0.60860824	-0.65236182	12.86811898	-0.60856946
-0.70127530	12.85195512	-0.52909579	-0.70150626	12.85144529	-0.52905873
-0.66420409	12.86813793	-0.50082063	-0.66444089	12.86764100	-0.50078244
-0.62688369	12.87776576	-0.57762824	-0.62712329	12.87728500	-0.57758886
-0.70616427	12.82441608	-0.43397250	-0.70638461	12.82390099	-0.43393595
-0.67915011	12.77734862	-0.34433787	-0.67934870	12.77684023	-0.34430357
-0.65756290	12.78401329	-0.35724765	-0.65776438	12.78351384	-0.35721390
-0.66994217	12.83073227	-0.41736411	-0.67016391	12.83023037	-0.41732773
-0.63224574	12.70290109	-0.28134057	-0.63241013	12.70240607	-0.28131179
-0.55858369	12.64244564	-0.23281681	-0.55871936	12.64197832	-0.23279779
-0.54114104	12.70182898	-0.26401046	-0.54130259	12.70137099	-0.26398865
-0.61733255	12.74519014	-0.31376269	-0.61751595	12.74470346	-0.31373306
-0.45158522	12.63775232	-0.18551535	-0.45171418	12.63732763	-0.18550317
-0.32438820	12.61744447	-0.14962677	-0.32450690	12.61707310	-0.14962197
-0.30673797	12.67122585	-0.17840203	-0.30687991	12.67086371	-0.17839437
-0.43286307	12.69533737	-0.21529346	-0.43301740	12.69492233	-0.21527859
-0.18728917	12.51354742	-0.13630356	-0.18736497	12.51323514	-0.13631077
-0.03818142	12.39838317	-0.14367062	-0.03821007	12.39813751	-0.14368370
-0.03597026	12.46812406	-0.17467821	-0.03602828	12.46788138	-0.17468776
-0.17590729	12.57631540	-0.16506510	-0.17600951	12.57601021	-0.16506810
0.12326833	12.33872329	-0.16402523	0.12326488	12.33855044	-0.16404092
0.25185252	12.32081496	-0.18929171	0.25185535	12.32070522	-0.18930415
0.23111391	12.38049188	-0.24128459	0.23108968	12.38037522	-0.24129529
0.11334223	12.40603338	-0.20535352	0.11330893	12.40585913	-0.20536490
0.30169244	12.35535518	-0.21050393	0.30167755	12.35527491	-0.21051192
0.28678876	12.43911625	-0.27983891	0.28673929	12.43902786	-0.27984654
0.27879065	12.41128235	-0.26597109	0.27875253	12.41119003	-0.26597986
0.31316170	12.34580787	-0.22308821	0.31313822	12.34574631	-0.22309394
0.34620000	12.27620000	-0.23202000	0.34620000	12.27620000	-0.23202000
0.31913700	12.33263480	-0.29097581	0.31911970	12.33257383	-0.29099057
0.28603049	12.39754569	-0.28100169	0.28599379	12.39746134	-0.28101187
0.44425997	12.21770000	-0.27141000	0.44425997	12.21770000	-0.27141000
0.57587000	12.16340070	-0.32883000	0.57587000	12.16340070	-0.32883000
0.56951641	12.24317280	-0.38324172	0.56952025	12.24318249	-0.38325303
0.42755181	12.28597255	-0.32815544	0.42754986	12.28595134	-0.32816558
0.70622003	12.08180000	-0.39380000	0.70622003	12.08180000	-0.39380000
0.70011362	12.18179875	-0.44802381	0.70012740	12.18183770	-0.44804116
0.76389114	12.39641744	-1.04892674	0.76394542	12.39659864	-1.04893635
0.86676208	12.24825475	-1.04800011	0.86687736	12.24848265	-1.04801828
0.78295762	12.37947717	-0.86071605	0.78298342	12.37963686	-0.86071943
0.87566427	12.22650191	-0.90751743	0.87575762	12.22671027	-0.90753583
0.79564055	12.26438766	-0.67309497	0.79566807	12.26451272	-0.67310668
0.87536154	12.15218466	-0.75538170	0.87544281	12.15236082	-0.75540547
0.53283828	12.60920211	-0.90297230	0.53279298	12.60925479	-0.90296592
0.64668268	12.52418643	-0.99109374	0.64667188	12.52429690	-0.99110734
0.56405912	12.53956423	-0.69158932	0.56400185	12.53960828	-0.69158647
0.67735128	12.48040361	-0.78154113	0.67732579	12.48050549	-0.78154076
0.57027402	12.38715038	-0.51140641	0.57025136	12.38717559	-0.51141437
0.69220484	12.34140800	-0.58957536	0.69219865	12.34148128	-0.58958419
-0.22058893	12.90949617	-0.37127300	-0.22083049	12.90918047	-0.37125206
-0.11453237	12.86671624	-0.35564615	-0.11475422	12.86644676	-0.35563138
-0.24185588	12.85132714	-0.28484013	-0.24207303	12.85099805	-0.28482259
-0.13496072	12.80205754	-0.27159306	-0.13515613	12.80177499	-0.27158190
-0.01747835	12.73510629	-0.30720379	-0.01764439	12.73487821	-0.30719896
0.00542062	12.80144914	-0.40269910	0.00522977	12.80123542	-0.40269119
-0.27518991	12.76065908	-0.22219394	-0.27536951	12.76031282	-0.22218157
-0.15719506	12.68842360	-0.20953375	-0.15734419	12.68812881	-0.20952952
-0.03006525	12.60279405	-0.23059385	-0.03017865	12.60255704	-0.23059640
-0.55666366	12.90827212	-0.54250259	-0.55691444	12.90781812	-0.54246269
-0.59059808	12.90152252	-0.45076105	-0.59084687	12.90105312	-0.45072266
-0.48835522	12.92194504	-0.38954712	-0.48860857	12.92151481	-0.38951232
-0.45526403	12.93519734	-0.49511264	-0.45552333	12.93478446	-0.49507605
-0.60673209	12.82912700	-0.37183984	-0.60695084	12.82864811	-0.37180566
-0.51763074	12.81955896	-0.31341271	-0.51784191	12.81911313	-0.31338412
-0.33913133	12.93405637	-0.42736540	-0.33938595	12.93369131	-0.42733646
-0.36578176	12.89834234	-0.32878301	-0.36602092	12.89796153	-0.32875671
-0.40093242	12.80047459	-0.26031218	-0.40113129	12.80007570	-0.26029145
0.29199310	12.63894203	-0.65106910	0.29189242	12.63886635	-0.65106947
0.33377959	12.63579797	-0.67455349	0.33368365	12.63574150	-0.67455228
0.26588801	12.57169356	-0.50126985	0.26579993	12.57160098	-0.50127245
0.31227686	12.57095242	-0.51122909	0.31218982	12.57087962	-0.51122971
0.31632005	12.58895836	-0.49564443	0.31622465	12.58888690	-0.49564441
0.33470466	12.65009848	-0.66614608	0.33460144	12.65004163	-0.66614361
0.34199366	12.63262849	-0.68879251	0.34190035	12.63257567	-0.68879203
0.31880586	12.57478006	-0.51049687	0.31871695	12.57471083	-0.51049836
0.35128288	12.55521893	-0.55115723	0.35120561	12.55516466	-0.55115981
0.37153824	12.61420108	-0.73932286	0.37146221	12.61416430	-0.73932281
0.32657787	12.44024471	-0.39911562	0.32653194	12.44017738	-0.39912582
0.29403322	12.48689842	-0.37576177	0.29396966	12.48681490	-0.37576862
0.28828439	12.49096664	-0.37084075	0.28821989	12.49087918	-0.37084622
0.24083653	12.47650891	-0.35466457	0.24077667	12.47640107	-0.35467244
0.44458070	12.55427205	-0.61308882	0.44451035	12.55426203	-0.61308743
0.43794276	12.62211488	-0.81483016	0.43788175	12.62211850	-0.81482275
0.43337893	12.41224260	-0.44620118	0.43334583	12.41221930	-0.44621002
0.13629944	12.63897572	-0.40926885	0.13617782	12.63882171	-0.40926884
0.16236448	12.70964693	-0.53156703	0.16222150	12.70950949	-0.53156349
0.11820143	12.52163426	-0.29367671	0.11812159	12.52146701	-0.29368268
0.16079234	13.14413601	-0.39389508	0.16045377	13.14398636	-0.39386242
0.25686968	13.03016538	-0.12836614	0.25657393	13.03004334	-0.12833569
0.29657415	12.91623573	-0.08691644	0.29632556	12.91612804	-0.08689064
0.32627130	12.73634806	-0.09247154	0.32609808	12.73625369	-0.09245625
0.34690560	12.55709824	-0.12234852	0.34680715	12.55701838	-0.12234474
0.23929052	12.85785033	-0.81421801	0.23911047	12.85775838	-0.81420351
0.33850695	12.37468282	-0.18498990	0.33848054	12.37462073	-0.18499298
0.17378515	13.06050998	-0.58786355	0.17349221	13.06037595	-0.58783356
0.19970828	12.99072571	-0.68795229	0.19945500	12.99060979	-0.68792648
0.89715393	11.96273392	-0.57220803	0.89722393	11.96285747	-0.57226549
0.82717101	12.01973947	-0.45670585	0.82716674	12.01974165	-0.45670804
0.94134257	11.92677690	-0.70606858	0.94147836	11.92696071	-0.70613043
0.74714266	12.33457057	-1.28728383	0.74725731	12.33475188	-1.28730705
0.46106492	12.61931663	-1.16597216	0.46104348	12.61930373	-1.16595339
0.35329426	12.65742118	-1.05800833	0.35327043	12.65737234	-1.05799477
0.28707323	12.66099995	-0.95990981	0.28704283	12.66092230	-0.95990589
0.27239444	12.69118992	-0.89876259	0.27232586	12.69111143	-0.89876028
0.25565504	12.70258926	-0.88569554	0.25557189	12.70250869	-0.88569556
0.20735866	12.68832598	-0.86767533	0.20727477	12.68822354	-0.86768003
0.11875189	12.70991386	-0.75324888	0.11863562	12.70976675	-0.75325442
0.01024428	12.74301099	-0.62299717	0.01009215	12.74281345	-0.62299919
-0.19846875	12.78300535	-0.55752766	-0.19865035	12.78270727	-0.55751023
-0.30170438	12.82441870	-0.60751653	-0.30191196	12.82407503	-0.60748672
-0.48578951	12.88598560	-0.69423956	-0.48603135	12.88556078	-0.69419706
-0.56798790	12.88867997	-0.68268830	-0.56823113	12.88822192	-0.68264632
-0.71359299	12.85626580	-0.54058410	-0.71382556	12.85575182	-0.54054716
-0.18946072	12.52321595	-0.11424511	-0.18954055	12.52290124	-0.11425157
0.14095997	12.35445544	-0.13932286	0.14094866	12.35428914	-0.13933691
0.30908004	12.38319889	-0.22302244	0.30905034	12.38312381	-0.22302953
0.38319334	12.29375444	-0.19526335	0.38319063	12.29373534	-0.19526155
0.46925177	12.23729670	-0.23892543	0.46925476	12.23729242	-0.23892603
0.71414870	12.09197815	-0.37194160	0.71414998	12.09198952	-0.37194977
0.29484700	12.51408872	-0.36890446	0.29477325	12.51400418	-0.36890909
0.58255346	12.77851804	-0.54084996	0.58238605	12.77855594	-0.54081894
0.30289621	12.98893297	-0.52947242	0.30263292	12.98885285	-0.52944033
0.03182177	12.99358689	-0.26192574	0.03154486	12.99337531	-0.26190398
0.10002706	13.07639754	-0.30689507	0.09971532	13.07621725	-0.30686772
0.31776450	12.86806517	-0.29377641	0.31754369	12.86797867	-0.29375378
0.02874542	12.96637273	-0.42043149	0.02848383	12.96616805	-0.42041241
0.12194245	13.04443973	-0.41643442	0.12164751	13.04427457	-0.41640848
0.36528631	12.82353498	-0.69303248	0.36510972	12.82349420	-0.69300985
0.15635439	13.02781831	-0.17844673	0.15606102	13.02765642	-0.17842020
0.21907906	12.81452214	-0.79337015	0.21891842	12.81442071	-0.79336113
0.32868178	12.75806943	-0.53074856	0.32851963	12.75800194	-0.53073456
0.32699697	12.88675104	-0.84096090	0.32680309	12.88670340	-0.84093613
0.39393470	12.43583155	-0.24552899	0.39388614	12.43578683	-0.24553426
0.24349528	13.04620427	-0.44564202	0.24320255	13.04609329	-0.44561007
0.47559530	12.68534922	-0.66728909	0.47547663	12.68535451	-0.66727293
0.69693233	12.75111511	-0.77205519	0.69679371	12.75122797	-0.77201952
0.32597972	12.93928015	-0.19938545	0.32572499	12.93919077	-0.19935726
-0.42878543	12.90785616	-0.24349972	-0.42902762	12.90744379	-0.24347082
0.15194558	13.08040729	-0.24768964	0.15163108	13.08024686	-0.24766078
0.32210995	12.94629046	-0.68718452	0.32187738	12.94622958	-0.68715422
-0.51584162	12.90741995	-0.28373557	-0.51608636	12.90697304	-0.28370175
0.22714375	13.03076592	-0.32743195	0.22685289	13.03064154	-0.32740266
0.28980972	12.45890822	-0.20113411	0.28975087	12.45881542	-0.20113890
0.11782324	13.09777277	-0.36892445	0.11750372	13.09760317	-0.36889572
0.20877630	13.07669207	-0.48782126	0.20847175	13.07656825	-0.48778900
0.25407496	12.61195717	-0.24482271	0.25395741	12.61184529	-0.24482004
0.16663143	12.93670501	-0.50792985	0.16638772	12.93656458	-0.50790932
0.27603837	12.89077666	-0.83091810	0.27584272	12.89070303	-0.83089734
0.28304584	12.84006148	-0.83423558	0.28287768	12.83999094	-0.83422006
0.22975724	13.02145010	-0.54368690	0.22947973	13.02133864	-0.54365663
0.37516430	12.79897591	-0.19748851	0.37496819	12.79890712	-0.19746798
0.49743389	12.59242222	-0.43282266	0.49733472	12.59241775	-0.43281497
0.30458212	12.76049286	-0.88704340	0.30447072	12.76043514	-0.88703603
0.15989485	12.96401845	-0.64311545	0.15964948	12.96388288	-0.64309365
0.39110625	12.37568895	-0.22244994	0.39108051	12.37565118	-0.22245532
0.35777576	12.48353741	-0.31251605	0.35771217	12.48347712	-0.31252052
0.19399704	12.86749627	-0.18619986	0.19377182	12.86735128	-0.18618074
0.38877882	12.73024407	-0.90950460	0.38869223	12.73023124	-0.90949489
0.29598626	12.79276829	-0.84840600	0.29584680	12.79270528	-0.84839548
0.14417505	13.11280748	-0.27994478	0.14384670	13.11264527	-0.27991463
0.41428474	12.60653582	-0.24726649	0.41417057	12.60648981	-0.24725886
0.21408123	12.85953410	-0.77000523	0.21389553	12.85942891	-0.76999143
0.42704337	12.71359220	-0.82661598	0.42694093	12.71359343	-0.82659975
0.82579547	12.74784270	-0.86752731	0.82565552	12.74802861	-0.86749255
0.56454569	12.79267576	-0.92662086	0.56440405	12.79275198	-0.92658822
0.34038145	12.68562682	-0.19875439	0.34023198	12.68554633	-0.19874344
0.25028128	12.76216975	-0.18106179	0.25009980	12.76204960	-0.18104808
