0.85275089	12.73431781	-0.41936141	0.85309381	12.73399950	-0.41931374
0.82369532	12.87252763	-0.44704836	0.82401245	12.87221965	-0.44689086
0.89929296	12.83188142	-0.54599003	0.89951327	12.83164120	-0.54591520
0.93132720	12.69871814	-0.53230300	0.93156102	12.69847496	-0.53232873
0.78084443	12.96367997	-0.50651409	0.78110049	12.96340806	-0.50625451
0.86055787	12.91812803	-0.58820099	0.86074013	12.91791120	-0.58803945
0.90958331	12.87560822	-0.64903336	0.90972026	12.87543330	-0.64893215
0.94797645	12.80573830	-0.64389705	0.94812173	12.80556069	-0.64386401
0.98199263	12.67668563	-0.64567502	0.98214795	12.67650836	-0.64573245
0.71641004	12.76740478	-1.16276467	0.71631140	12.76752091	-1.16261017
0.83875454	12.71678961	-1.14154465	0.83866173	12.71689343	-1.14146930
0.80732852	12.82300300	-1.07205938	0.80724066	12.82307059	-1.07189902
0.68510388	12.86934177	-1.08814299	0.68499781	12.86941988	-1.08788376
0.94009861	12.68279523	-1.07919354	0.94003622	12.68286390	-1.07918239
0.90704704	12.79365596	-1.01987784	0.90698823	12.79369688	-1.01979295
0.86750034	12.86191652	-0.96876071	0.86744414	12.86193083	-0.96861543
0.78861333	12.90280689	-0.98358712	0.78853800	12.90282383	-0.98336594
0.66660652	12.94879839	-0.98827826	0.66651281	12.94881807	-0.98794663
0.59923855	12.82959500	-0.20506112	0.59984322	12.82905435	-0.20470063
0.58063416	12.96671308	-0.25149055	0.58118635	12.96619039	-0.25098985
0.71405488	12.92006521	-0.34577167	0.71448675	12.91966235	-0.34547589
0.73582790	12.78061611	-0.30641243	0.73630142	12.78019698	-0.30623520
0.54947621	13.05365872	-0.33496303	0.54991882	13.05319805	-0.33434751
0.67735868	13.01087076	-0.42064888	0.67770061	13.01051784	-0.42024266
0.46682671	12.88229294	-1.06050071	0.46671960	12.88236843	-1.06008912
0.59302346	12.82820609	-1.13417819	0.59291755	12.82831369	-1.13389585
0.56228535	12.92036531	-1.06100677	0.56217114	12.92043686	-1.06063009
0.43843445	12.96442518	-0.98497751	0.43833927	12.96445050	-0.98445322
0.54228076	12.99442346	-0.95858366	0.54218916	12.99442347	-0.95811234
0.41789394	13.03327730	-0.88145374	0.41784159	13.03323029	-0.88082464
-0.01088920	12.98090596	-0.05760756	-0.01008899	12.97998528	-0.05622913
-0.13930832	12.99308751	-0.07934597	-0.13851376	12.99221616	-0.07780802
-0.14163747	13.06709669	-0.12486940	-0.14087114	13.06628690	-0.12321918
-0.01657619	13.06863769	-0.10017131	-0.01576806	13.06776490	-0.09864333
-0.25819540	12.99541387	-0.11561993	-0.25744059	12.99460541	-0.11394545
-0.25904286	13.05747620	-0.16318516	-0.25832537	13.05673415	-0.16141881
-0.26023351	13.09958249	-0.22811788	-0.25957999	13.09893120	-0.22628715
-0.14356772	13.11488687	-0.19036327	-0.14286019	13.11416839	-0.18864027
-0.02142031	13.12343731	-0.16526595	-0.02066109	13.12264928	-0.16365381
0.03274998	12.97375713	-0.58273970	0.03295307	12.97354373	-0.58150730
0.01796383	13.03586741	-0.55622532	0.01820352	13.03561777	-0.55486459
-0.06262235	13.03802612	-0.54527799	-0.06235766	13.03778530	-0.54379495
-0.04866583	12.98196629	-0.56173993	-0.04843060	12.98174421	-0.56036131
-0.00120830	13.08938641	-0.50795879	-0.00089473	13.08907968	-0.50648154
-0.08395146	13.08391944	-0.50890115	-0.08363275	13.08363284	-0.50731933
-0.17730619	13.07725703	-0.52509359	-0.17700343	13.07700991	-0.52340050
-0.15485651	13.03666704	-0.56159835	-0.15460716	13.03646645	-0.55999519
-0.14036453	12.98560729	-0.57975044	-0.14014735	12.98542797	-0.57823919
0.98819084	12.28775927	-0.67326988	0.98829418	12.28757582	-0.67349920
0.96689806	12.06888155	-0.68955163	0.96690985	12.06870077	-0.68982325
0.91455164	12.09538777	-0.55400089	0.91462439	12.09518395	-0.55422807
0.93005574	12.30195670	-0.53798687	0.93024483	12.30172184	-0.53819430
0.83711004	12.14529410	-0.43233632	0.83727450	12.14510758	-0.43249563
0.84510857	12.32678090	-0.41232118	0.84538564	12.32650875	-0.41247695
0.97928360	12.38087853	-1.14234137	0.97923656	12.38095343	-1.14249173
0.88430564	12.44170801	-1.21096360	0.88425176	12.44182507	-1.21105300
0.87971112	12.28220416	-1.23641083	0.87965202	12.28233107	-1.23658689
0.97178070	12.18948195	-1.15831108	0.97172033	12.18955381	-1.15855058
0.75707014	12.51788460	-1.23930652	0.75702060	12.51799976	-1.23932402
0.75334877	12.39780476	-1.27127309	0.75330021	12.39794112	-1.27136547
0.86742458	12.17747069	-1.24459947	0.86736187	12.17760493	-1.24483542
0.95271051	12.05480376	-1.15675274	0.95263388	12.05487706	-1.15706206
0.99436197	12.49670104	-0.65786403	0.99450668	12.49651702	-0.65802205
0.93822678	12.51217449	-0.53123783	0.93845923	12.51193354	-0.53137190
0.85458464	12.54005693	-0.40887554	0.85492120	12.53974760	-0.40895007
0.86756503	12.58820017	-1.18351333	0.86749344	12.58831850	-1.18352433
0.96676461	12.54531498	-1.11805843	0.96670967	12.54539652	-1.11812733
0.74222698	12.64577030	-1.20800434	0.74213819	12.64589629	-1.20794396
0.60266235	12.41697454	-0.22541853	0.60312103	12.41658364	-0.22537800
0.60335914	12.63071298	-0.20163608	0.60392942	12.63021864	-0.20144508
0.73620924	12.58193154	-0.29695641	0.73666044	12.58153636	-0.29691583
0.72955995	12.36838750	-0.30879338	0.72992980	12.36806190	-0.30885660
0.46849145	12.70576540	-1.14974864	0.46844096	12.70587390	-1.14962133
0.61181416	12.61562406	-1.21892234	0.61177464	12.61570208	-1.21886528
0.60833385	12.72008423	-1.18477841	0.60826045	12.72019377	-1.18464249
0.47342574	12.78959305	-1.11505889	0.47335412	12.78968891	-1.11479622
0.58690045	12.17421873	-0.30177316	0.58695782	12.17414032	-0.30177239
0.59909509	12.27866922	-0.26266170	0.59939324	12.27839592	-0.26268066
0.72487170	12.21441261	-0.33825897	0.72510916	12.21417992	-0.33834352
0.60061778	12.48746194	-1.25190943	0.60059106	12.48753756	-1.25192229
0.60672161	12.53487683	-1.24342560	0.60669402	12.53495013	-1.24340918
0.46250751	12.64994120	-1.16588025	0.46247578	12.65003410	-1.16581414
-0.00267637	12.70337250	-0.06031360	-0.00191858	12.70248256	-0.05934117
-0.15155651	12.77200821	-0.06666849	-0.15079316	12.77112852	-0.06543178
-0.14150228	12.89467331	-0.06246605	-0.14071463	12.89378022	-0.06107056
-0.00302443	12.85732926	-0.04750105	-0.00222903	12.85639169	-0.04629691
-0.28757474	12.82363220	-0.09060315	-0.28682324	12.82278956	-0.08914301
-0.26883111	12.91873297	-0.09312668	-0.26806636	12.91789321	-0.09155247
0.02830827	12.84448153	-0.61349509	0.02847756	12.84431048	-0.61245166
0.03468506	12.90982023	-0.60013412	0.03486634	12.90963223	-0.59900701
-0.04602148	12.92024948	-0.57197136	-0.04580314	12.92004374	-0.57069089
-0.05444751	12.85546834	-0.57679148	-0.05424370	12.85527310	-0.57559262
-0.13735587	12.92838126	-0.58874950	-0.13715777	12.92821222	-0.58732299
-0.14731748	12.86756292	-0.58835912	-0.14712572	12.86739276	-0.58700525
-0.03181633	12.40864646	-0.11835985	-0.03114883	12.40786955	-0.11777822
-0.17262286	12.62527834	-0.08645501	-0.17190101	12.62443116	-0.08540855
-0.01723952	12.53340833	-0.08642368	-0.01653666	12.53258891	-0.08567390
-0.32426394	12.61878723	-0.12542038	-0.32356665	12.61798919	-0.12422297
-0.31055521	12.70615077	-0.10412916	-0.30983277	12.70532726	-0.10281522
0.01812163	12.77824346	-0.62595255	0.01827651	12.77808856	-0.62498313
-0.07398116	12.78904334	-0.57465420	-0.07378108	12.78884859	-0.57351883
-0.09179717	12.76185279	-0.55480409	-0.09157074	12.76163397	-0.55367894
-0.17151167	12.80493779	-0.57708892	-0.17131451	12.80475450	-0.57578616
-0.38059084	12.99345221	-0.16501229	-0.37989192	12.99271768	-0.16319722
-0.37269429	13.04426584	-0.21002800	-0.37203625	13.04359612	-0.20814634
-0.49052812	12.98766333	-0.22184629	-0.48989735	12.98700508	-0.21991085
-0.47072930	13.02900027	-0.26219723	-0.47013681	13.02840565	-0.26022176
-0.44858626	13.06297391	-0.31193599	-0.44804337	13.06245134	-0.30993482
-0.36271931	13.08217991	-0.26860800	-0.36212156	13.08159261	-0.26668115
-0.25899525	13.03494426	-0.58115359	-0.25876255	13.03478721	-0.57941677
-0.24474303	12.99004940	-0.60676615	-0.24454807	12.98992313	-0.60511138
-0.27914119	13.07083591	-0.54018256	-0.27885475	13.07062474	-0.53836912
-0.37374883	13.06265638	-0.54897972	-0.37346765	13.06246762	-0.54706381
-0.35893119	13.03207749	-0.59431879	-0.35870234	13.03195181	-0.59246527
-0.34936126	12.99426057	-0.62873952	-0.34917452	12.99418081	-0.62695259
-0.24625356	12.94176271	-0.62330191	-0.24608262	12.94165773	-0.62171472
-0.35696989	12.95575870	-0.65412655	-0.35681429	12.95571140	-0.65238319
-0.37178008	12.91874848	-0.66887326	-0.37164093	12.91871987	-0.66716123
-0.25908839	12.89236463	-0.62856287	-0.25892889	12.89226606	-0.62702643
-0.53488009	12.88147151	-0.18286520	-0.53421790	12.88074884	-0.18104542
-0.55496813	12.75960072	-0.19025191	-0.55431786	12.75888546	-0.18860693
-0.63100684	12.79729703	-0.24736211	-0.63041494	12.79666737	-0.24557883
-0.61288899	12.89322848	-0.24507690	-0.61229085	12.89260057	-0.24315590
-0.56307293	12.65518675	-0.20908962	-0.56243732	12.65449943	-0.20760326
-0.63829601	12.71491318	-0.26057881	-0.63771432	12.71429789	-0.25892185
-0.68669215	12.78580441	-0.32965564	-0.68618244	12.78529879	-0.32783991
-0.68044249	12.83796917	-0.32304534	-0.67992617	12.83745803	-0.32114521
-0.66442461	12.90103804	-0.32362914	-0.66390580	12.90053303	-0.32164164
-0.45363962	12.64421647	-0.16109143	-0.45296388	12.64346063	-0.15973359
-0.44240862	12.74011410	-0.14069473	-0.44171200	12.73933445	-0.13919663
-0.42013242	12.85925462	-0.13058073	-0.41941617	12.85846545	-0.12892108
-0.46767732	12.93500446	-0.67966885	-0.46752513	12.93499631	-0.67782596
-0.47469493	12.90823268	-0.69072943	-0.47454936	12.90823385	-0.68891504
-0.38402741	12.88553247	-0.67128365	-0.38389322	12.88550499	-0.66960137
-0.55428993	12.94001851	-0.65962643	-0.55410202	12.93998783	-0.65768979
-0.55915395	12.91358356	-0.67485003	-0.55897758	12.91357030	-0.67294562
-0.39492974	12.86863300	-0.66116771	-0.39478584	12.86859207	-0.65949312
-0.27894692	12.84412498	-0.62144536	-0.27878536	12.84401740	-0.61994715
0.89830193	12.88493026	-0.90007534	0.89827456	12.88490653	-0.89993785
0.79821565	12.95177681	-0.88528148	0.79818102	12.95174066	-0.88503409
0.91506871	12.89889367	-0.81132445	0.91509781	12.89881521	-0.81119338
0.81989747	12.97121375	-0.78076452	0.81992489	12.97111930	-0.78052827
0.70955118	13.02657264	-0.73850975	0.70959687	13.02644161	-0.73813889
0.67935739	13.00298515	-0.86776212	0.67931567	13.00292798	-0.86738960
0.91642377	12.89466674	-0.71950132	0.91650882	12.89453484	-0.71938635
0.83740118	12.96195616	-0.67433564	0.83751057	12.96179471	-0.67412283
0.74308466	13.01413657	-0.61145133	0.74323968	13.01393049	-0.61111911
1.00000782	12.67182564	-0.98465301	0.99997836	12.67183997	-0.98467473
0.96216592	12.79324955	-0.93899772	0.96213966	12.79324785	-0.93894769
1.02336369	12.67186163	-0.87346500	1.02338186	12.67181402	-0.87351461
0.98221621	12.80221372	-0.84227297	0.98223958	12.80215528	-0.84224130
1.01504052	12.67040320	-0.76017435	1.01512577	12.67028599	-0.76023725
0.97661167	12.80133010	-0.74290581	0.97669644	12.80121233	-0.74288259
0.55935178	13.04820375	-0.82167092	0.55933247	13.04811277	-0.82115531
0.59660343	13.07315237	-0.67261769	0.59669291	13.07297397	-0.67209783
0.47310628	13.11118338	-0.58867511	0.47326876	13.11092714	-0.58795523
0.43540535	13.08560550	-0.74093532	0.43543784	13.08546412	-0.74023366
0.63711352	13.06121177	-0.53462970	0.63733256	13.06094165	-0.53414743
0.51236828	13.10120138	-0.45058116	0.51267840	13.10084089	-0.44989165
-0.38223130	13.07931669	-0.49082663	-0.38188293	13.07904823	-0.48887695
-0.46576898	13.06130706	-0.50372045	-0.46543356	13.06106550	-0.50170173
-0.44586221	13.05049699	-0.54622450	-0.44557509	13.05031388	-0.54424486
-0.39428550	13.08452283	-0.42770849	-0.39386616	13.08416635	-0.42573638
-0.48793810	13.06259420	-0.45921516	-0.48755465	13.06228969	-0.45716874
-0.57236791	13.03683290	-0.48879397	-0.57201674	13.03657611	-0.48669302
-0.53474488	13.03924495	-0.52128386	-0.53442700	13.03903205	-0.51922002
-0.49703374	13.03796452	-0.54747607	-0.49674535	13.03778613	-0.54545685
-0.41974082	13.08031437	-0.36758199	-0.41925642	13.07987275	-0.36558797
-0.50174381	13.05766141	-0.40793438	-0.50130678	13.05728392	-0.40587967
-0.51669501	13.04245100	-0.35727535	-0.51620530	13.04199742	-0.35522761
-0.56231226	13.02600203	-0.38986982	-0.56185987	13.02559971	-0.38779399
-0.57418509	13.03186625	-0.43838330	-0.57378306	13.03153694	-0.43628699
-0.01649759	13.12720676	-0.42525415	-0.01606942	13.12679247	-0.42367774
-0.10816611	13.11520200	-0.43782282	-0.10775229	13.11482078	-0.43615620
-0.02550460	13.14735115	-0.32947111	-0.02495121	13.14679321	-0.32783225
-0.12872387	13.13174044	-0.35096776	-0.12819541	13.13123916	-0.34924359
-0.22994136	13.11526468	-0.38229953	-0.22946080	13.11482574	-0.38048095
-0.20408602	13.10282146	-0.46090874	-0.20370168	13.10248862	-0.45914264
-0.02577844	13.14792367	-0.24221555	-0.02510714	13.14724354	-0.24056581
-0.13993153	13.13403379	-0.26713417	-0.13930600	13.13341896	-0.26538941
-0.24967001	13.11649406	-0.30275699	-0.24909648	13.11594596	-0.30091352
0.99051997	11.97543591	-1.06065654	0.99042825	11.97544174	-1.06100468
1.01322089	12.12038225	-1.05844680	1.01316345	12.12038865	-1.05873005
0.99304332	11.93018592	-0.95532977	0.99293972	11.93013891	-0.95569023
1.01923313	12.07676321	-0.94433750	1.01918108	12.07670436	-0.94464042
1.03850575	12.29451166	-0.92835457	1.03850273	12.29445929	-0.92857744
1.02697347	12.32959859	-1.04408192	1.02694292	12.32961468	-1.04427644
0.97451556	11.91329636	-0.83630899	0.97443425	11.91320304	-0.83665512
1.00278121	12.06109971	-0.82087855	1.00275615	12.06098107	-0.82117830
1.02500966	12.28297012	-0.80407919	1.02505051	12.28284499	-0.80431605
1.02239120	12.51541793	-1.01909110	1.02236463	12.51543979	-1.01920166
1.04129572	12.49744390	-0.90414136	1.04131355	12.49740154	-0.90428695
1.03038253	12.49148048	-0.78293456	1.03045974	12.49136700	-0.78309615
-0.64027143	12.93395632	-0.60731123	-0.64002751	12.93387026	-0.60530374
-0.64711551	12.90437516	-0.61974689	-0.64688241	12.90430610	-0.61777694
-0.69798461	12.92240983	-0.52765273	-0.69766718	12.92221650	-0.52560850
-0.70848757	12.88631624	-0.53425293	-0.70817588	12.88613325	-0.53225368
-0.64896626	12.88099909	-0.62154088	-0.64873483	12.88093194	-0.61960339
-0.69956159	12.91110844	-0.42556032	-0.69915018	12.91076281	-0.42352475
-0.71303993	12.86601531	-0.42717506	-0.71263229	12.86567328	-0.42519947
-0.71599786	12.83034622	-0.42945337	-0.71559285	12.83000773	-0.42753546
-0.29531506	13.09199572	-0.47756058	-0.29495173	13.09169955	-0.47569669
-0.31341694	13.10081373	-0.40505629	-0.31296771	13.10041592	-0.40315759
-0.33943360	13.09925601	-0.33459884	-0.33890558	13.09876191	-0.33267247
-0.59273335	12.94578442	-0.25704948	-0.59214322	12.94517806	-0.25506470
-0.51236633	12.94791211	-0.19441169	-0.51170953	12.94720930	-0.19251195
-0.64677627	12.94135045	-0.33227615	-0.64626533	12.94085968	-0.33024189
-0.62359793	12.97117283	-0.34870083	-0.62310340	12.97070838	-0.34664317
-0.56961987	12.97810540	-0.28089254	-0.56905309	12.97753813	-0.27888220
-0.39775521	12.93772788	-0.13873563	-0.39703681	12.93695501	-0.13698294
-0.45452617	12.96564657	-0.66076046	-0.45435731	12.96561634	-0.65889066
-0.44253831	12.99743540	-0.63200364	-0.44234040	12.99736795	-0.63010303
-0.52667805	12.99642275	-0.61495737	-0.52645311	12.99633512	-0.61296714
-0.54270934	12.96848986	-0.64136444	-0.54250760	12.96843635	-0.63939779
-0.65656604	12.97938261	-0.51511330	-0.65623774	12.97916802	-0.51301940
-0.68093516	12.95201228	-0.52184870	-0.68061256	12.95180890	-0.51977406
-0.62642658	12.96201051	-0.59407311	-0.62617212	12.96190556	-0.59203626
-0.60547016	12.98887129	-0.57585130	-0.60519980	12.98873968	-0.57379230
-0.62444569	13.00838771	-0.50576634	-0.62410952	13.00815830	-0.50365761
-0.57810552	13.01477082	-0.54846776	-0.57781182	13.01459944	-0.54639568
-0.50840289	13.02142652	-0.57523399	-0.50814204	13.02128760	-0.57322749
-0.68208335	12.94433779	-0.42764018	-0.68167275	12.94399404	-0.42556977
-0.65768639	12.97250988	-0.43313772	-0.65728051	12.97217250	-0.43104851
-0.59130934	13.00258351	-0.37258139	-0.59083963	13.00215522	-0.37050976
-0.62392499	13.00270580	-0.44175110	-0.62352698	13.00238006	-0.43964811
-0.54183522	13.01315916	-0.31462105	-0.54130158	13.01264255	-0.31258817
-0.43889110	13.02747200	-0.59141250	-0.43865288	13.02735118	-0.58947446
0.18457246	13.11243754	-0.17432209	0.18530092	13.11155450	-0.17290434
0.15468672	13.15256860	-0.25922760	0.15530617	13.15184227	-0.25775534
0.18213395	13.14077442	-0.27437496	0.18271417	13.14008061	-0.27297013
0.21637823	13.09961010	-0.18637250	0.21707900	13.09877164	-0.18502840
0.13387245	13.16130465	-0.35466473	0.13437001	13.16075797	-0.35320798
0.15973482	13.15024207	-0.37203404	0.16019750	13.14972104	-0.37064532
0.18658208	13.13207023	-0.28461600	0.18714379	13.13139702	-0.28323786
0.22073226	13.09133735	-0.19288426	0.22142274	13.09051156	-0.19155678
0.19316962	13.13982835	-0.28568051	0.19372543	13.13916189	-0.28430983
0.22612040	13.09783094	-0.18779904	0.22681446	13.09700063	-0.18647383
0.17361631	13.14859189	-0.38944172	0.17404635	13.14809635	-0.38809007
0.21732310	13.15473075	-0.41586769	0.21770792	13.15427092	-0.41460331
0.23935022	13.14568848	-0.30423050	0.23986352	13.14507778	-0.30295678
0.27180188	13.10170216	-0.19931667	0.27245941	13.10093799	-0.19810276
0.26039383	12.92550483	-0.05786174	0.26124909	12.92457390	-0.05688201
0.22369369	13.04167982	-0.10027540	0.22453785	13.04072612	-0.09894556
0.25971760	13.02926827	-0.11251455	0.26053591	13.02835396	-0.11130138
0.29995278	12.91265049	-0.07144673	0.30079512	12.91176919	-0.07055362
0.26996372	13.02742771	-0.11328146	0.27077900	13.02652966	-0.11210601
0.31119816	12.91090943	-0.07500949	0.31203644	12.91004362	-0.07413935
0.31499738	13.02657112	-0.12166814	0.31578433	13.02574388	-0.12063375
0.35491763	12.90356233	-0.08149446	0.35573788	12.90274400	-0.08071230
0.38001259	12.71554250	-0.08787310	0.38075809	12.71481163	-0.08735623
0.33998816	12.72890201	-0.08299128	0.34074928	12.72813738	-0.08239967
0.39713633	12.52138896	-0.12029614	0.39777081	12.52078443	-0.11998806
0.35964456	12.54516460	-0.11530086	0.36029634	12.54452986	-0.11493191
0.32856655	12.73095068	-0.07816960	0.32933094	12.73017100	-0.07755884
0.34744110	12.54782614	-0.11032632	0.34809885	12.54717481	-0.10994214
0.30183408	12.56115158	-0.09203082	0.30252034	12.56045216	-0.09158340
0.28651594	12.74793133	-0.06185792	0.28730078	12.74710834	-0.06117917
0.26609938	12.78341603	-0.91627084	0.26608198	12.78341594	-0.91579250
0.25621971	12.85348260	-0.89048726	0.25619688	12.85346081	-0.88988818
0.23729562	12.85900896	-0.83106555	0.23729807	12.85895095	-0.83041388
0.24798863	12.79833750	-0.85551256	0.24798753	12.79829961	-0.85495757
0.24101941	12.92522208	-0.83912838	0.24100951	12.92516193	-0.83840384
0.22154725	12.92338944	-0.78315507	0.22157422	12.92329981	-0.78238086
0.22814997	12.91890956	-0.76538036	0.22818796	12.91881068	-0.76460765
0.24895311	12.80407221	-0.83462960	0.24895686	12.80402541	-0.83405370
0.22104787	12.85951201	-0.81638522	0.22104607	12.85946240	-0.81568413
0.22588896	12.80232930	-0.84001609	0.22587596	12.80229996	-0.83939425
0.21056533	12.92294558	-0.77323397	0.21059190	12.92286026	-0.77242724
0.17008474	12.93516405	-0.75816192	0.17012132	12.93507648	-0.75726914
0.17763398	12.86810263	-0.79752172	0.17764242	12.86805043	-0.79673853
0.17952373	12.80464486	-0.81927920	0.17952320	12.80461412	-0.81858036
0.27084461	12.71353865	-0.94221996	0.27081917	12.71357315	-0.94185652
0.25553732	12.73732250	-0.88040836	0.25553110	12.73731229	-0.87994697
0.25735673	12.75280755	-0.85780940	0.25735015	12.75278084	-0.85731001
0.27500305	12.71635093	-0.87156866	0.27499703	12.71633348	-0.87114828
0.23459168	12.74479297	-0.86750921	0.23456482	12.74478459	-0.86697514
0.18589546	12.73726460	-0.84952202	0.18587270	12.73726258	-0.84890637
0.28574589	12.32272435	-0.16226544	0.28633126	12.32218014	-0.16212507
0.30282670	12.41902304	-0.12744426	0.30340889	12.41843251	-0.12716585
0.35061722	12.41798293	-0.14388054	0.35117448	12.41746141	-0.14364533
0.33607345	12.34909561	-0.17710372	0.33658160	12.34866896	-0.17695456
0.35463126	12.43065527	-0.15107272	0.35518535	12.43014137	-0.15082783
0.36434828	12.41119666	-0.14901106	0.36489233	12.41069439	-0.14879207
0.34982461	12.34432208	-0.18323054	0.35020864	12.34396937	-0.18306462
0.40143363	12.37844115	-0.15771188	0.40193658	12.37798011	-0.15754717
0.12258079	13.13773905	-0.46078525	0.12293286	13.13735427	-0.45939574
0.15231042	13.12455723	-0.47528500	0.15263616	13.12418759	-0.47396883
0.12541959	13.08684811	-0.57011525	0.12562991	13.08659750	-0.56885991
0.16053903	13.07156106	-0.58133793	0.16073015	13.07131627	-0.58017342
0.16422507	13.11331765	-0.48230109	0.16453965	13.11295558	-0.48102677
0.16999495	13.11970158	-0.48239639	0.17030762	13.11933859	-0.48112232
0.17954974	13.06475624	-0.57778740	0.17974351	13.06450292	-0.57666912
0.20545177	13.07041907	-0.61743130	0.20560144	13.07019467	-0.61637435
0.20513922	13.12584104	-0.51530208	0.20539774	13.12551308	-0.51410720
0.22060321	13.00070278	-0.73696396	0.22065208	13.00057461	-0.73607848
0.19939961	12.99563382	-0.68859094	0.19949102	12.99547340	-0.68765182
0.18507047	12.99879951	-0.68795671	0.18515767	12.99864737	-0.68698186
0.14690655	13.01364892	-0.67617253	0.14700051	13.01349763	-0.67510603
0.39707303	13.08559626	-0.25510480	0.39763060	13.08500457	-0.25421054
0.43297435	13.00443674	-0.17247665	0.43365039	13.00377508	-0.17172438
0.46174702	12.87362721	-0.12775550	0.46247082	12.87294914	-0.12717417
0.31268497	12.99058210	-0.85664703	0.31265134	12.99051722	-0.85593961
0.33635375	12.91295870	-0.94690039	0.33629289	12.91296180	-0.94633156
0.29511510	13.05937662	-0.74352029	0.29515170	13.05923535	-0.74267951
0.13973418	12.95218029	-0.05069628	0.14055395	12.95114147	-0.04941322
0.11829775	13.05676049	-0.09353179	0.11912582	13.05576160	-0.09204824
0.09684414	13.12129526	-0.16345557	0.09762026	13.12040224	-0.16193749
0.08949098	13.02690776	-0.61616042	0.08965317	13.02670947	-0.61495356
0.06997225	13.09156604	-0.53700284	0.07023374	13.09128279	-0.53563172
0.10815977	12.95520888	-0.67165956	0.10827019	12.95506550	-0.67061297
0.47615100	12.67907541	-0.12964509	0.47683150	12.67845020	-0.12927837
0.48526534	12.47119657	-0.15971778	0.48583254	12.47068314	-0.15952546
0.34540631	12.83233831	-1.00096783	0.34534338	12.83238283	-1.00055020
0.34632680	12.75746872	-1.03094694	0.34626965	12.75754770	-1.03064064
0.48579856	12.33505091	-0.19896354	0.48618933	12.33468645	-0.19891084
0.34510210	12.69758844	-1.05053807	0.34504699	12.69768608	-1.05034462
0.16072152	12.46516942	-0.10354833	0.16137379	12.46444100	-0.10308153
0.16679461	12.62062885	-0.07240248	0.16752307	12.61982228	-0.07174033
0.10954551	12.75475639	-0.74367276	0.10959888	12.75469652	-0.74289866
0.10997841	12.82326403	-0.71934219	0.11005080	12.82317578	-0.71848229
0.15795575	12.79901238	-0.04947768	0.15875179	12.79810880	-0.04855499
0.11230306	12.88859896	-0.70072062	0.11238801	12.88848587	-0.69977883
0.33182202	13.14048194	-0.49287263	0.33208743	13.14012728	-0.49188284
0.30537008	13.11302488	-0.62034226	0.30550747	13.11278761	-0.61939914
0.36283677	13.13105961	-0.36667423	0.36324937	13.13057662	-0.36569634
0.06710514	13.15892527	-0.33557758	0.06764428	13.15836077	-0.33403294
0.06330873	13.13663117	-0.43836941	0.06370757	13.13622238	-0.43688534
0.07896247	13.15455756	-0.24398873	0.07963219	13.15383156	-0.24242948
0.88196289	11.96551213	-0.58585620	0.88190644	11.96536915	-0.58605538
0.81676000	12.01719950	-0.47386000	0.81676000	12.01719950	-0.47386000
0.92262550	11.93782954	-0.71526499	0.92256654	11.93769555	-0.71556022
0.91025003	12.00431020	-0.71997627	0.91022502	12.00417297	-0.72024763
0.87473508	12.05088618	-0.63325756	0.87475226	12.05072538	-0.63348038
0.80672213	12.11340790	-0.52981553	0.80680994	12.11325030	-0.52997746
0.95593095	11.93072445	-0.83976811	0.95585654	11.93063804	-0.84010319
0.97505112	11.94708990	-0.95119796	0.97495490	11.94704664	-0.95154701
0.94322746	12.06506391	-0.93419896	0.94317471	12.06501756	-0.93449028
0.92903905	12.03435083	-0.81655560	0.92900392	12.03425378	-0.81684007
0.97416228	11.98970552	-1.04429830	0.97407643	11.98970796	-1.04463796
0.93948578	12.06473769	-1.13097860	0.93941317	12.06479846	-1.13128072
0.91643657	12.12740734	-1.10839350	0.91637469	12.12745831	-1.10865785
0.94041773	12.10031530	-1.03195690	0.94036088	12.10031912	-1.03223358
0.85887131	12.18320616	-1.22168855	0.85880993	12.18332724	-1.22192000
0.74240209	12.33418520	-1.27172210	0.74235162	12.33432442	-1.27185280
0.74643064	12.36222770	-1.19987853	0.74639173	12.36232312	-1.19998676
0.85709581	12.22890460	-1.15886529	0.85704366	12.22898802	-1.15906568
0.60108623	12.48350225	-1.23780730	0.60106130	12.48356912	-1.23782234
0.47092881	12.61423907	-1.15242570	0.47090340	12.61430663	-1.15238772
0.49420000	12.61570000	-1.07906000	0.49420000	12.61570000	-1.07906000
0.61447000	12.50220000	-1.16283000	0.61447000	12.50220000	-1.16283000
0.38276073	12.64783264	-1.04924032	0.38272818	12.64789879	-1.04916194
0.33193839	12.64798662	-0.95598639	0.33191501	12.64803578	-0.95583781
0.37140000	12.64100070	-0.89641000	0.37140000	12.64100070	-0.89641000
0.41679000	12.64250090	-0.98287004	0.41679000	12.64250090	-0.98287004
0.31405177	12.67928702	-0.89570557	0.31405205	12.67928249	-0.89542576
0.31006663	12.70659898	-0.86777802	0.31007005	12.70656722	-0.86742687
0.33846996	12.69403841	-0.81066965	0.33849704	12.69396345	-0.81033772
0.34767395	12.66908244	-0.83893535	0.34770977	12.66902568	-0.83869946
0.30094731	12.69394412	-0.87163388	0.30093541	12.69391928	-0.87126518
0.25790084	12.68395372	-0.84176090	0.25789754	12.68393725	-0.84130903
0.29849978	12.68050540	-0.77252906	0.29855550	12.68043084	-0.77212431
0.33724884	12.68264037	-0.80934128	0.33726707	12.68256600	-0.80900668
0.15216100	12.71885121	-0.71226788	0.15224570	12.71876323	-0.71159022
0.02105416	12.77155579	-0.57027784	0.02126760	12.77134462	-0.56931455
0.02556653	12.80839502	-0.49298927	0.02586819	12.80808597	-0.49197185
0.17654240	12.73334714	-0.63691078	0.17669293	12.73319073	-0.63623573
-0.09516221	12.81401451	-0.50660278	-0.09486876	12.81372931	-0.50539925
-0.20247083	12.84632865	-0.51015967	-0.20217943	12.84606043	-0.50875690
-0.20549980	12.91401199	-0.44891887	-0.20512388	12.91366579	-0.44742006
-0.09686399	12.87263138	-0.43576043	-0.09647917	12.87225198	-0.43446305
-0.30743787	12.86791325	-0.56995796	-0.30720601	12.86774180	-0.56839347
-0.40588914	12.88040619	-0.63781058	-0.40571316	12.88033568	-0.63610835
-0.42248142	12.90735392	-0.58559544	-0.42224503	12.90721708	-0.58383916
-0.31672750	12.92025659	-0.51416255	-0.31642359	12.92001276	-0.51251486
-0.49399439	12.88448079	-0.66594144	-0.49382343	12.88444968	-0.66413920
-0.57371540	12.88097999	-0.65423559	-0.57351992	12.88093978	-0.65236152
-0.57287975	12.88279838	-0.61881911	-0.57265457	12.88271459	-0.61694431
-0.51628417	12.89144563	-0.61757646	-0.51606538	12.89135375	-0.61574287
-0.64775616	12.87188239	-0.60286133	-0.64750903	12.87179041	-0.60093737
-0.69688560	12.85422629	-0.52365759	-0.69656444	12.85402698	-0.52171644
-0.65978634	12.86995208	-0.49507029	-0.65944238	12.86970801	-0.49313641
-0.62247670	12.88051774	-0.57172048	-0.62220473	12.88038035	-0.56980461
-0.70181922	12.82543135	-0.42883018	-0.70141389	12.82509139	-0.42693301
-0.67497625	12.77724076	-0.33972107	-0.67447688	12.77675180	-0.33793051
-0.65335830	12.78399601	-0.35251814	-0.65287328	12.78353026	-0.35073655
-0.66559444	12.83146441	-0.41208343	-0.66517239	12.83109663	-0.41020716
-0.62831834	12.70185559	-0.27764184	-0.62775270	12.70126704	-0.27601461
-0.55498214	12.64057016	-0.22960432	-0.55436234	12.63991301	-0.22814669
-0.53727910	12.70026376	-0.26001868	-0.53669682	12.69965968	-0.25848771
-0.61325192	12.74449946	-0.30945351	-0.61272305	12.74396727	-0.30777352
-0.44811144	12.63489282	-0.18205876	-0.44745540	12.63416962	-0.18072194
-0.32091119	12.61363549	-0.14613710	-0.32023654	12.61286747	-0.14495150
-0.30306524	12.66766712	-0.17429203	-0.30241814	12.66694395	-0.17304578
-0.42913131	12.69276688	-0.21110022	-0.42850616	12.69209216	-0.20969045
-0.18393745	12.50904062	-0.13374611	-0.18327320	12.50826212	-0.13285499
-0.03491942	12.39359708	-0.14229410	-0.03427548	12.39285479	-0.14173392
-0.03267662	12.46368727	-0.17260528	-0.03206938	12.46298903	-0.17194503
-0.17241679	12.57208375	-0.16182949	-0.17178066	12.57134492	-0.16086350
0.12644652	12.33410684	-0.16349325	0.12706394	12.33344716	-0.16318624
0.25498568	12.31680180	-0.18904191	0.25555021	12.31627170	-0.18888852
0.23395224	12.37700345	-0.24043831	0.23443145	12.37653722	-0.24017814
0.11643160	12.40188208	-0.20412637	0.11698231	12.40128151	-0.20371107
0.30452288	12.35204931	-0.20990394	0.30501107	12.35163606	-0.20973982
0.28940792	12.43611134	-0.27863782	0.28982859	12.43572575	-0.27836858
0.28144161	12.40817534	-0.26496856	0.28187602	12.40777686	-0.26472200
0.31499317	12.34353866	-0.22241963	0.31531961	12.34327303	-0.22226368
0.34620000	12.27620000	-0.23202000	0.34620000	12.27620000	-0.23202000
0.32083686	12.33071381	-0.29084302	0.32112165	12.33048953	-0.29076638
0.28834291	12.39486078	-0.28015384	0.28872418	12.39453000	-0.27994509
0.44425997	12.21770000	-0.27141000	0.44425997	12.21770000	-0.27141000
0.57587000	12.16340070	-0.32883000	0.57587000	12.16340070	-0.32883000
0.57076766	12.24154526	-0.38337809	0.57097043	12.24136564	-0.38342270
0.42898885	12.28442310	-0.32811653	0.42922213	12.28423856	-0.32809530
0.70622003	12.08180000	-0.39380000	0.70622003	12.08180000	-0.39380000
0.70104508	12.17993229	-0.44827973	0.70120323	12.17975076	-0.44838176
0.76327725	12.39413033	-1.04883919	0.76325754	12.39416640	-1.04892280
0.86554547	12.24543050	-1.04836344	0.86550932	12.24545778	-1.04855608
0.78290440	12.37692267	-0.86082891	0.78292763	12.37686541	-0.86092975
0.87486941	12.22349051	-0.90799023	0.87486272	12.22344394	-0.90819570
0.79606909	12.26169754	-0.67352589	0.79616348	12.26154813	-0.67368204
0.87493490	12.14908948	-0.75597770	0.87495635	12.14896444	-0.75619747
0.53322660	12.60805020	-0.90212377	0.53321127	12.60801440	-0.90201368
0.64666117	12.52247858	-0.99047528	0.64663784	12.52248052	-0.99046648
0.56525767	12.53778244	-0.69073816	0.56536663	12.53765445	-0.69063479
0.67796509	12.47826580	-0.78114635	0.67801972	12.47817540	-0.78114542
0.57183722	12.38503707	-0.51113632	0.57206122	12.38483295	-0.51112268
0.69327444	12.33908210	-0.58965200	0.69343133	12.33890686	-0.58972752
-0.21609020	12.90798502	-0.36415231	-0.21561494	12.90752638	-0.36264863
-0.11017709	12.86453279	-0.34901452	-0.10968987	12.86404206	-0.34770225
-0.23759436	12.84884901	-0.27849605	-0.23704105	12.84827423	-0.27705711
-0.13091220	12.79895676	-0.26580712	-0.13035984	12.79835746	-0.26456579
-0.01378065	12.73196607	-0.30234377	-0.01328908	12.73141761	-0.30134849
0.00922871	12.79933724	-0.39706204	0.00963732	12.79890567	-0.39600830
-0.27123652	12.75752207	-0.21698845	-0.27062796	12.75686121	-0.21564555
-0.15343232	12.68467748	-0.20507282	-0.15283167	12.68400099	-0.20396438
-0.02656832	12.59891015	-0.22715722	-0.02601152	12.59827637	-0.22632539
-0.55217122	12.91032323	-0.53608029	-0.55187117	12.91012922	-0.53418496
-0.58610106	12.90246903	-0.44443643	-0.58571018	12.90214766	-0.44252271
-0.48381193	12.92175858	-0.38275453	-0.48335880	12.92134276	-0.38092110
-0.45070240	12.93623974	-0.48813455	-0.45036032	12.93597346	-0.48631090
-0.60242171	12.82911625	-0.36644192	-0.60195159	12.82867559	-0.36463279
-0.51337334	12.81853033	-0.30793618	-0.51284424	12.81800271	-0.30623789
-0.33460454	12.93375583	-0.42013489	-0.33419194	12.93338363	-0.41845055
-0.36135367	12.89692863	-0.32203178	-0.36083884	12.89641980	-0.32037612
-0.39681562	12.79833288	-0.25480745	-0.39623568	12.79772814	-0.25326552
0.29380045	12.63814885	-0.64867910	0.29393668	12.63800200	-0.64825239
0.33540452	12.63492810	-0.67243795	0.33551623	12.63478834	-0.67206819
0.26818990	12.57003080	-0.49910499	0.26844953	12.56978117	-0.49868316
0.31452019	12.56922009	-0.50927197	0.31476938	12.56897923	-0.50890331
0.31868887	12.58712132	-0.49360237	0.31895510	12.58686982	-0.49322725
0.33646447	12.64917459	-0.66396314	0.33659045	12.64902919	-0.66358652
0.34357240	12.63181189	-0.68675580	0.34368229	12.63168107	-0.68640614
0.32103927	12.57304661	-0.50858400	0.32128878	12.57281008	-0.50822829
0.35325601	12.55366998	-0.54949556	0.35347121	12.55346591	-0.54919141
0.37276174	12.61347232	-0.73759218	0.37284018	12.61337189	-0.73730064
0.32873087	12.43804591	-0.39809698	0.32904705	12.43777049	-0.39788166
0.29650082	12.48443160	-0.37426051	0.29685681	12.48410581	-0.37395444
0.29084682	12.48841351	-0.36927982	0.29121376	12.48806892	-0.36895496
0.24341794	12.47394076	-0.35312431	0.24379308	12.47358499	-0.35277304
0.44622954	12.55260796	-0.61181134	0.44639931	12.55243520	-0.61159808
0.43865039	12.62133644	-0.81365677	0.43866636	12.62127835	-0.81346590
0.43525751	12.41025182	-0.44566875	0.43552896	12.41002600	-0.44556859
0.13931251	12.63692033	-0.40600792	0.13967564	12.63656188	-0.40534735
0.16510478	12.70846256	-0.52789934	0.16535375	12.70821340	-0.52721403
0.12126905	12.51844288	-0.29142087	0.12172804	12.51795571	-0.29087125
0.16594355	13.14092299	-0.38455097	0.16638446	13.14041976	-0.38319298
0.26303943	13.02312574	-0.11984042	0.26384428	13.02222805	-0.11864995
0.30240017	12.90942455	-0.08089965	0.30322971	12.90856137	-0.08001560
0.33107898	12.73041555	-0.08867680	0.33183039	12.72965382	-0.08807253
0.35064948	12.55224314	-0.12017858	0.35129816	12.55160691	-0.11979426
0.24140373	12.85813008	-0.81014573	0.24141600	12.85806236	-0.80948496
0.34118308	12.37142247	-0.18410737	0.34165586	12.37101736	-0.18392303
0.17775264	13.05959462	-0.58062216	0.17794430	13.05934539	-0.57950743
0.20290007	12.99038613	-0.68198786	0.20299795	12.99022230	-0.68105650
0.89622193	11.96016605	-0.57241587	0.89616186	11.96001474	-0.57261888
0.82726701	12.01963028	-0.45667542	0.82727790	12.01962083	-0.45667957
0.93997499	11.92348396	-0.70667303	0.93990763	11.92334125	-0.70697369
0.74586086	12.33284215	-1.28723199	0.74580897	12.33299203	-1.28736504
0.46130109	12.62015687	-1.16600463	0.46127395	12.62023939	-1.16595863
0.35340443	12.65870034	-1.05746679	0.35336127	12.65878691	-1.05733534
0.28729617	12.66225410	-0.95869159	0.28727138	12.66230841	-0.95845245
0.27318737	12.69200612	-0.89678174	0.27318076	12.69201188	-0.89642237
0.25648593	12.70336483	-0.88308707	0.25643305	12.70335963	-0.88261817
0.20822801	12.68933968	-0.86470369	0.20819077	12.68934893	-0.86416373
0.12039943	12.71068141	-0.74933757	0.12044926	12.71062869	-0.74862604
0.01283028	12.74318523	-0.61801808	0.01299190	12.74302803	-0.61708105
-0.19499687	12.78361946	-0.55184399	-0.19476762	12.78340282	-0.55053595
-0.29778638	12.82622360	-0.60169371	-0.29760295	12.82609205	-0.60019410
-0.48142934	12.88993063	-0.68810923	-0.48128048	12.88992521	-0.68631174
-0.56362428	12.89272173	-0.67654392	-0.56344871	12.89270953	-0.67466376
-0.70919157	12.85871983	-0.53511065	-0.70887984	12.85853694	-0.53315202
-0.18609566	12.51848649	-0.11160327	-0.18540691	12.51767596	-0.11069502
0.14417168	12.34960042	-0.13865266	0.14480725	12.34891398	-0.13833810
0.31164562	12.38013943	-0.22219842	0.31208406	12.37975938	-0.22200545
0.38412885	12.29207496	-0.19501754	0.38428435	12.29185065	-0.19498597
0.47004595	12.23618600	-0.23853069	0.47017439	12.23603813	-0.23849033
0.71427349	12.09158669	-0.37183550	0.71429757	12.09155827	-0.37184433
0.29745801	12.51149983	-0.36721540	0.29782961	12.51115424	-0.36687928
0.58532158	12.77594720	-0.53892846	0.58555517	12.77570457	-0.53865764
0.30667839	12.98692165	-0.52394749	0.30692972	12.98661698	-0.52311852
0.03707370	12.98939564	-0.25363595	0.03769535	12.98873230	-0.25228342
0.10543925	13.07233267	-0.29771974	0.10600659	13.07170897	-0.29632832
0.32214781	12.86400533	-0.28902303	0.32267191	12.86346464	-0.28830103
0.03325970	12.96426902	-0.41287430	0.03367449	12.96383703	-0.41161119
0.12671267	13.04184189	-0.40824970	0.12712799	13.04139064	-0.40699118
0.36763437	12.82245877	-0.68980114	0.36772967	12.82229896	-0.68928974
0.16247017	13.02058764	-0.16807476	0.16323328	13.01964983	-0.16662247
0.22106747	12.81486870	-0.78945868	0.22109675	12.81480361	-0.78880785
0.33155544	12.75620106	-0.52750212	0.33180980	12.75593647	-0.52697166
0.32914370	12.88653621	-0.83731203	0.32913512	12.88646070	-0.83673287
0.39674006	12.43286762	-0.24449096	0.39719556	12.43249168	-0.24430044
0.24787557	13.04354998	-0.43859125	0.24822722	13.04313969	-0.43754822
0.47744224	12.68375137	-0.66554674	0.47756205	12.68359372	-0.66527318
0.69860609	12.74880243	-0.77095310	0.69865090	12.74869754	-0.77080732
0.33121724	12.93407951	-0.19379437	0.33187983	12.93340857	-0.19297344
-0.42433322	12.90561936	-0.23673328	-0.42372517	12.90498665	-0.23499611
0.15770099	13.07463594	-0.23798800	0.15834986	13.07384995	-0.23659258
0.32501255	12.94532536	-0.68260877	0.32510898	12.94515318	-0.68190731
-0.51137955	12.90599271	-0.27715423	-0.51081540	12.90541835	-0.27531823
0.23200102	13.02677547	-0.31976090	0.23249931	13.02620709	-0.31864078
0.29278181	12.45510174	-0.19964067	0.29329618	12.45460493	-0.19933039
0.12302872	13.09448124	-0.35979371	0.12351234	13.09394970	-0.35842257
0.21316351	13.07458226	-0.48028481	0.21347160	13.07421718	-0.47915915
0.25759968	12.60810497	-0.24201687	0.25813119	12.60757808	-0.24149835
0.17047826	12.93520844	-0.50182931	0.17076493	12.93490159	-0.50085196
0.27823477	12.89085868	-0.82685918	0.27823226	12.89078654	-0.82621220
0.28497637	12.84016185	-0.83068948	0.28497918	12.84009534	-0.83011571
0.23367859	13.01988689	-0.53723763	0.23391808	13.01959617	-0.53625608
0.37975591	12.79423404	-0.19359659	0.38037875	12.79362776	-0.19300676
0.50008745	12.58982144	-0.43144000	0.50041800	12.58952385	-0.43122904
0.30588073	12.76080835	-0.88455186	0.30587729	12.76077850	-0.88413709
0.16320925	12.96356759	-0.63701866	0.16335501	12.96337749	-0.63604215
0.39367469	12.37299881	-0.22174949	0.39410129	12.37265231	-0.22161442
0.36052058	12.48068121	-0.31119865	0.36094030	12.48031735	-0.31094867
0.19886751	12.86218342	-0.18032089	0.19953447	12.86145488	-0.17937576
0.38979536	12.73009664	-0.90798314	0.38979347	12.73006768	-0.90773442
0.29760220	12.79287742	-0.84542139	0.29760359	12.79282161	-0.84493243
0.14986909	13.10779243	-0.27008318	0.15047144	13.10708542	-0.26866289
0.41780667	12.60266467	-0.24514319	0.41833447	12.60218184	-0.24479987
0.21637059	12.85973604	-0.76562496	0.21641186	12.85964845	-0.76490677
0.42823294	12.71274155	-0.82493115	0.42824301	12.71266032	-0.82465555
0.82738093	12.74497764	-0.86660647	0.82738621	12.74492580	-0.86652273
0.56594115	12.79131045	-0.92501482	0.56588859	12.79128043	-0.92476041
0.34443788	12.68115572	-0.19559580	0.34503463	12.68057365	-0.19508112
0.25471468	12.75714782	-0.17664620	0.25535822	12.75647284	-0.17592050
