0.83677329	12.74480839	-0.41536292	0.83558119	12.74548014	-0.41494140
0.80342182	12.88249424	-0.44387604	0.80186176	12.88311240	-0.44344475
0.88172471	12.84356124	-0.54126592	0.88037909	12.84436772	-0.54075571
0.91797085	12.71098880	-0.52680946	0.91697501	12.71185447	-0.52630409
0.75806050	12.97228190	-0.50427079	0.75629193	12.97280286	-0.50385414
0.84061719	12.92876422	-0.58425108	0.83907619	12.92949222	-0.58375310
0.89217935	12.88754946	-0.64408596	0.89083145	12.88841021	-0.64354636
0.93281108	12.81862455	-0.63825084	0.93164630	12.81957045	-0.63769395
0.97079373	12.69022476	-0.63936275	0.96995329	12.69123234	-0.63880876
0.71076837	12.77257653	-1.16030927	0.71030312	12.77304346	-1.16002698
0.83375630	12.72536421	-1.13732980	0.83333934	12.72610922	-1.13693291
0.79829849	12.83102124	-1.06824075	0.79757308	12.83169946	-1.06783451
0.67514143	12.87404961	-1.08609156	0.67435535	12.87446772	-1.08579514
0.93500365	12.69446093	-1.07347294	0.93458462	12.69544619	-1.07297413
0.89789744	12.80454976	-1.01458578	0.89716186	12.80544982	-1.01408264
0.85552453	12.87189361	-0.96409574	0.85457473	12.87270206	-0.96360696
0.77571693	12.91077191	-0.98010191	0.77470142	12.91141974	-0.97967805
0.65222696	12.95339354	-0.98645768	0.65111295	12.95377373	-0.98613285
0.57790323	12.83449737	-0.20528587	0.57625564	12.83453152	-0.20509041
0.55457283	12.97070487	-0.25319551	0.55251487	12.97066454	-0.25301177
0.69083823	12.92752322	-0.34483560	0.68902899	12.92786269	-0.34451865
0.71720569	12.78854874	-0.30445012	0.71579374	12.78893672	-0.30413757
0.52086406	13.05585499	-0.33782438	0.51859340	13.05571173	-0.33765583
0.65152442	13.01678205	-0.42075119	0.64949808	13.01702037	-0.42044714
0.45594897	12.88040326	-1.06141234	0.45513212	12.88031457	-1.06131999
0.58522687	12.83016070	-1.13362757	0.58461845	12.83036968	-1.13345125
0.55005803	12.92155406	-1.06063632	0.54912170	12.92169511	-1.06043503
0.42255739	12.96111202	-0.98621439	0.42137717	12.96089508	-0.98609765
0.52499991	12.99473871	-0.95841399	0.52369657	12.99478115	-0.95817970
0.39673438	13.02837441	-0.88314720	0.39517548	13.02800671	-0.88301525
-0.03678166	12.96772366	-0.06421321	-0.03902680	12.96575684	-0.06448153
-0.16533244	12.97498144	-0.08581553	-0.16759513	12.97252929	-0.08616142
-0.17034201	13.04809177	-0.13274610	-0.17285653	13.04559848	-0.13312502
-0.04595970	13.05467330	-0.10856323	-0.04850067	13.05265622	-0.10886955
-0.28397545	12.97261374	-0.12156549	-0.28621053	12.96968911	-0.12197142
-0.28709575	13.03381281	-0.17028288	-0.28954169	13.03085259	-0.17071979
-0.28982973	13.07468760	-0.23601365	-0.29240371	13.07168063	-0.23647405
-0.17412729	13.09457252	-0.19919882	-0.17678452	13.09203505	-0.19959801
-0.05297062	13.10822282	-0.17476731	-0.05567657	13.10615161	-0.17509837
0.00663263	12.95027524	-0.58797979	0.00477517	12.94829600	-0.58818402
-0.01037274	13.01280324	-0.56334060	-0.01247655	13.01077152	-0.56358237
-0.09090746	13.01278380	-0.55272843	-0.09304897	13.01044201	-0.55304209
-0.07497880	12.95663708	-0.56790441	-0.07688922	12.95435565	-0.56818440
-0.03139947	13.06728863	-0.51673734	-0.03374408	13.06519226	-0.51702451
-0.11377621	13.05887451	-0.51733003	-0.11611822	13.05645298	-0.51767472
-0.20676126	13.04895147	-0.53310206	-0.20908493	13.04613291	-0.53349421
-0.18303224	13.00824671	-0.56881997	-0.18517384	13.00551502	-0.56917906
-0.16690322	12.95720811	-0.58590922	-0.16882596	12.95454395	-0.58623986
0.98816073	12.30036253	-0.66630486	0.98822328	12.30131587	-0.66581336
0.97239424	12.08048053	-0.68358743	0.97288385	12.08135898	-0.68319974
0.91621720	12.10373102	-0.54922054	0.91640078	12.10431411	-0.54892206
0.92768308	12.31226873	-0.53234727	0.92758187	12.31299560	-0.53195697
0.83620513	12.14997195	-0.42923451	0.83621220	12.15025892	-0.42905194
0.84110303	12.33463902	-0.40798085	0.84089654	12.33514079	-0.40768089
0.98376145	12.39388630	-1.13573018	0.98413251	12.39501032	-1.13523446
0.88780398	12.45165799	-1.20582464	0.88808627	12.45254241	-1.20542764
0.88853849	12.29223707	-1.23120000	0.88927424	12.29313848	-1.23082774
0.98222329	12.20245834	-1.15177685	0.98309830	12.20358592	-1.15131977
0.75796405	12.52307038	-1.23626170	0.75802448	12.52354711	-1.23600746
0.75898742	12.40319709	-1.26802784	0.75945389	12.40370774	-1.26778219
0.87952504	12.18728100	-1.23954258	0.88054822	12.18816694	-1.23920244
0.96691598	12.06738301	-1.15072166	0.96811871	12.06847704	-1.15033087
0.98855781	12.51010320	-0.65112047	0.98815866	12.51111066	-0.65059488
0.93049146	12.52403409	-0.52535716	0.92995857	12.52487653	-0.52489163
0.84489757	12.54996385	-0.40423573	0.84423161	12.55060743	-0.40385216
0.86632234	12.59727391	-1.17893580	0.86620792	12.59807234	-1.17854950
0.96607832	12.55780318	-1.11180393	0.96601903	12.55887291	-1.11130104
0.74004832	12.65081126	-1.20504070	0.73985406	12.65127481	-1.20475942
0.59606280	12.42054250	-0.22339641	0.59568430	12.42061984	-0.22323918
0.58911150	12.63529324	-0.20047989	0.58808077	12.63535778	-0.20030376
0.72439622	12.58918179	-0.29383182	0.72357047	12.58955008	-0.29354304
0.72417651	12.37386988	-0.30592288	0.72388194	12.37414692	-0.30571678
0.46594757	12.70472289	-1.15014017	0.46575144	12.70470190	-1.15011443
0.61095849	12.61648726	-1.21827071	0.61088255	12.61659376	-1.21818348
0.60517868	12.72208775	-1.18418270	0.60491730	12.72229580	-1.18406135
0.46705208	12.78847581	-1.11589982	0.46657412	12.78844529	-1.11585667
0.58648437	12.17473475	-0.30160276	0.58647655	12.17473824	-0.30158806
0.59643114	12.28113733	-0.26111831	0.59634171	12.28119908	-0.26101747
0.72294378	12.21798596	-0.33628640	0.72289377	12.21815822	-0.33616599
0.60257383	12.48758378	-1.25198471	0.60273411	12.48762648	-1.25199182
0.60745706	12.53539051	-1.24335486	0.60751456	12.53546472	-1.24333848
0.46158422	12.64876995	-1.16596975	0.46150947	12.64873318	-1.16594864
-0.01866117	12.69022571	-0.06245440	-0.01990394	12.68832736	-0.06263871
-0.16966186	12.75353000	-0.06932247	-0.17110601	12.75106970	-0.06958617
-0.16392265	12.87675136	-0.06720437	-0.16582932	12.87431497	-0.06751316
-0.02456579	12.84461099	-0.05208027	-0.02636842	12.84269024	-0.05230105
-0.30729993	12.80019652	-0.09344397	-0.30888815	12.79719361	-0.09377915
-0.29185982	12.89592912	-0.09763987	-0.29381363	12.89298522	-0.09801266
0.00811859	12.82019537	-0.61657496	0.00678822	12.81822753	-0.61678396
0.01125177	12.88560413	-0.60356703	0.00965528	12.88362791	-0.60374343
-0.07008321	12.89457935	-0.57657289	-0.07174497	12.89231586	-0.57682790
-0.07592032	12.82948902	-0.58040676	-0.07732359	12.82720575	-0.58066274
-0.16195391	12.89988109	-0.59372793	-0.16364347	12.89723774	-0.59403791
-0.16979510	12.83881668	-0.59206365	-0.17123283	12.83614490	-0.59235845
-0.03743620	12.39359664	-0.11678578	-0.03763391	12.39161240	-0.11693356
-0.18567650	12.60570997	-0.08701533	-0.18657659	12.60317664	-0.08724984
-0.02730230	12.51917999	-0.08633306	-0.02794700	12.51723923	-0.08649088
-0.33725249	12.59360714	-0.12506387	-0.33804021	12.59046285	-0.12535218
-0.32637412	12.68171329	-0.10505081	-0.32750411	12.67862546	-0.10534863
0.00145345	12.75405631	-0.62867439	0.00040589	12.75208766	-0.62891969
-0.09291874	12.76285507	-0.57699968	-0.09405533	12.76051271	-0.57726461
-0.11017545	12.73572480	-0.55672124	-0.11121139	12.73331694	-0.55699583
-0.19201446	12.77591077	-0.57952764	-0.19319531	12.77315219	-0.57981086
-0.40609821	12.96583950	-0.17017099	-0.40828396	12.96240266	-0.17061858
-0.40001444	13.01615768	-0.21614574	-0.40237617	13.01271727	-0.21662158
-0.51568726	12.95572666	-0.22604648	-0.51780914	12.95181778	-0.22653251
-0.49740865	12.99700247	-0.26730813	-0.49967702	12.99313870	-0.26781365
-0.47658971	13.03074186	-0.31785539	-0.47897061	13.02692972	-0.31837438
-0.39152115	13.05332094	-0.27555902	-0.39400249	13.04988004	-0.27605073
-0.28719633	13.00310394	-0.58778702	-0.28933484	12.99991653	-0.58820221
-0.27163344	12.95811337	-0.61256073	-0.27357382	12.95498052	-0.61294392
-0.30833305	13.03922488	-0.54743541	-0.31063846	13.03596810	-0.54788066
-0.40262352	13.02821562	-0.55535686	-0.40490038	13.02453199	-0.55584199
-0.38704247	12.99721731	-0.60017068	-0.38917660	12.99356674	-0.60062654
-0.37653926	12.95902513	-0.63389726	-0.37850188	12.95539170	-0.63431732
-0.27167159	12.90946772	-0.62809568	-0.27340191	12.90632712	-0.62845239
-0.38312332	12.91987671	-0.65845525	-0.38490527	12.91619200	-0.65884444
-0.39700606	12.88223224	-0.67236499	-0.39862264	12.87846510	-0.67271803
-0.28309679	12.85969649	-0.63230506	-0.28461559	12.85650103	-0.63263636
-0.55653371	12.84884329	-0.18491621	-0.55824600	12.84478710	-0.18534591
-0.57289940	12.72631285	-0.19031249	-0.57412228	12.72217390	-0.19068047
-0.65046514	12.76106102	-0.24728224	-0.65179974	12.75656933	-0.24768014
-0.63515508	12.85756558	-0.24664551	-0.63687709	12.85314619	-0.24709940
-0.57793523	12.62147137	-0.20763489	-0.57872535	12.61728998	-0.20796777
-0.65542655	12.67822039	-0.25928290	-0.65642411	12.67369343	-0.25964205
-0.70648899	12.74687933	-0.32877766	-0.70772489	12.74209289	-0.32918113
-0.70161684	12.79933994	-0.32305913	-0.70307128	12.79458550	-0.32348712
-0.68738144	12.86286041	-0.32484793	-0.68909429	12.85816975	-0.32532083
-0.46774566	12.61445508	-0.16031166	-0.46854390	12.61075904	-0.16063163
-0.45945464	12.71093606	-0.14133198	-0.46065047	12.70728994	-0.14167631
-0.44097590	12.83092724	-0.13317890	-0.44264993	12.82736408	-0.13356917
-0.49341475	12.89558609	-0.68274573	-0.49508848	12.89135218	-0.68314298
-0.49972292	12.86838776	-0.69318424	-0.50127021	12.86411188	-0.69355504
-0.40832221	12.84868071	-0.67405159	-0.40978774	12.84485639	-0.67437004
-0.58003674	12.89874607	-0.66220591	-0.58172986	12.89413030	-0.66263154
-0.58423667	12.87187092	-0.67683890	-0.58580200	12.86721539	-0.67723259
-0.41865343	12.83167660	-0.66355466	-0.42004330	12.82781131	-0.66385958
-0.30147809	12.81112845	-0.62415112	-0.30278729	12.80785257	-0.62445865
0.88441295	12.89595020	-0.89503861	0.88331684	12.89682119	-0.89450619
0.78188428	12.96011629	-0.88166642	0.78060865	12.96076195	-0.88120201
0.89924997	12.91059878	-0.80625735	0.89801081	12.91149367	-0.80570870
0.80125314	12.98034237	-0.77701588	0.79979984	12.98101760	-0.77652333
0.68744555	13.03217271	-0.73690507	0.68574248	13.03254769	-0.73651656
0.66055840	13.00774025	-0.86585377	0.65911299	13.00809398	-0.86547869
0.89949380	12.90663705	-0.71442495	0.89817515	12.90752479	-0.71387214
0.81726515	12.97183458	-0.67064444	0.81570107	12.97252896	-0.67014974
0.71974654	13.02108357	-0.60962875	0.71794434	13.02151635	-0.60922237
0.99381409	12.68547912	-0.97789701	0.99331996	12.68660209	-0.97732091
0.95175581	12.80595695	-0.93289882	0.95092766	12.80698405	-0.93233403
1.01554489	12.68629959	-0.86637906	1.01493903	12.68745527	-0.86577855
0.97006999	12.81568913	-0.83594498	0.96911468	12.81674907	-0.83535474
1.00564286	12.68470440	-0.75329663	1.00492727	12.68581091	-0.75270689
0.96302026	12.81484360	-0.73675112	0.96196404	12.81587144	-0.73616815
0.53723210	13.04862202	-0.82173256	0.53556268	13.04862690	-0.82146321
0.57128483	13.07487880	-0.67303114	0.56934914	13.07492073	-0.67274085
0.44414324	13.10823179	-0.59178424	0.44193617	13.10785339	-0.59162931
0.40912247	13.08054488	-0.74323866	0.40717830	13.08010600	-0.74308570
0.61042565	13.06498992	-0.53515383	0.60835820	13.06511598	-0.53485865
0.48261502	13.10085944	-0.45386553	0.48029502	13.10059330	-0.45370702
-0.41143081	13.04574788	-0.49751089	-0.41379771	13.04207349	-0.49801313
-0.49431138	13.02531435	-0.50941730	-0.49659984	13.02126057	-0.50994424
-0.47427738	13.01424185	-0.55186245	-0.47650661	13.01023744	-0.55236976
-0.42338821	13.05178116	-0.43443112	-0.42580332	13.04810596	-0.43494377
-0.51631379	13.02679787	-0.46475582	-0.51862455	13.02269240	-0.46529443
-0.60003801	12.99830459	-0.49312540	-0.60222732	12.99381185	-0.49367960
-0.56264517	13.00112774	-0.52596318	-0.56483287	12.99676070	-0.52650310
-0.52503770	13.00033400	-0.55245263	-0.52721317	12.99610408	-0.55297583
-0.44856402	13.04793850	-0.37405578	-0.45098771	13.04420286	-0.37457589
-0.52978986	13.02240548	-0.41329221	-0.53210414	13.01829261	-0.41383319
-0.54407843	13.00764335	-0.36222153	-0.54635135	13.00351306	-0.36275558
-0.58923231	12.98942148	-0.39410835	-0.59142175	12.98507827	-0.39465184
-0.60152059	12.99416404	-0.44262553	-0.60371058	12.98971938	-0.44317747
-0.04803180	13.10660825	-0.43490719	-0.05057674	13.10446991	-0.43522509
-0.13898932	13.09102535	-0.44689516	-0.14149511	13.08852765	-0.44726879
-0.05785919	13.12860128	-0.33957332	-0.06054598	13.12644901	-0.33990661
-0.16018147	13.10874029	-0.36033670	-0.16280341	13.10619230	-0.36073283
-0.26044234	13.08838222	-0.39081159	-0.26299402	13.08541351	-0.39126348
-0.23426693	13.07510053	-0.46931137	-0.23672620	13.07219686	-0.46973564
-0.05823311	13.13101064	-0.25231004	-0.06097893	13.12888903	-0.25265017
-0.17133402	13.11233373	-0.27642908	-0.17401676	13.10977559	-0.27683373
-0.28005156	13.09056020	-0.31109604	-0.28264912	13.08755244	-0.31155908
1.00546643	11.98906728	-1.05438685	1.00671091	11.99020763	-1.05399088
1.02408122	12.13455685	-1.05138885	1.02499344	12.13575285	-1.05090556
1.00727288	11.94372955	-0.94937267	1.00844811	11.94483479	-0.94900382
1.02938141	12.09094455	-0.93729843	1.03023950	12.09210732	-0.93682847
1.04234403	12.30922609	-0.92072837	1.04268755	12.31043018	-0.92017831
1.03151115	12.34404912	-1.03667243	1.03189911	12.34526431	-1.03612977
0.98696110	11.92599287	-0.83106045	0.98799144	11.92700461	-0.83075490
1.01119032	12.07448093	-0.81426239	1.01191453	12.07554488	-0.81382841
1.02724286	12.29701622	-0.79659778	1.02747123	12.29812657	-0.79606432
1.02116619	12.52968734	-1.01189235	1.02107860	12.53087694	-1.01132686
1.03896004	12.51226295	-0.89662191	1.03879769	12.51346530	-0.89604030
1.02646599	12.50598928	-0.77561039	1.02619733	12.50712640	-0.77504273
-0.66564774	12.89173022	-0.60922564	-0.66732631	12.88676524	-0.60968560
-0.67178481	12.86179922	-0.62105900	-0.67332073	12.85677935	-0.62147766
-0.72271635	12.88010691	-0.52893631	-0.72439145	12.87503155	-0.52942341
-0.73230185	12.84366765	-0.53480469	-0.73381765	12.83853842	-0.53524346
-0.67304853	12.83836162	-0.62239098	-0.67447697	12.83333194	-0.62277639
-0.72342615	12.87042027	-0.42661007	-0.72511889	12.86548682	-0.42708929
-0.73571050	12.82497964	-0.42733489	-0.73722520	12.81999560	-0.42777809
-0.73773383	12.78921274	-0.42896264	-0.73910510	12.78421432	-0.42937208
-0.32497932	13.06116495	-0.48517052	-0.32740034	13.05787275	-0.48563646
-0.34327806	13.07089969	-0.41275807	-0.34576608	13.06757266	-0.41323605
-0.36897329	13.06989402	-0.34202255	-0.37149010	13.06650678	-0.34251383
-0.61659069	12.91050787	-0.25961644	-0.61851935	12.90615875	-0.26010497
-0.53611026	12.91576569	-0.19772671	-0.53808383	12.91178954	-0.19819375
-0.67090582	12.90349067	-0.33431407	-0.67277607	12.89886087	-0.33481217
-0.64866905	12.93366443	-0.35142691	-0.65065075	12.92911247	-0.35193981
-0.59461641	12.94312142	-0.28420955	-0.59666646	12.93884520	-0.28471623
-0.42125731	12.90999975	-0.14279621	-0.42323782	12.90651502	-0.14322201
-0.48103763	12.92695104	-0.66457378	-0.48285682	12.92279646	-0.66500112
-0.46979177	12.95962928	-0.63658501	-0.47176253	12.95555829	-0.63703964
-0.55381673	12.95673759	-0.61885894	-0.55578214	12.95229881	-0.61934304
-0.56916572	12.92788304	-0.64459878	-0.57099408	12.92334168	-0.64505698
-0.68275728	12.93829142	-0.51772127	-0.68468477	12.93340606	-0.51825786
-0.70642816	12.91021747	-0.52378107	-0.70823273	12.90521958	-0.52429661
-0.65250130	12.92032319	-0.59659685	-0.65431615	12.91544576	-0.59708856
-0.63219856	12.94800465	-0.57901776	-0.63414251	12.94324895	-0.57953341
-0.65140011	12.96826362	-0.50914334	-0.65345618	12.96352543	-0.50969475
-0.60544326	12.97507487	-0.55232744	-0.60751319	12.97047878	-0.55285968
-0.53607769	12.98299568	-0.57979731	-0.53817155	12.97868553	-0.58030534
-0.70685663	12.90404992	-0.42940828	-0.70868428	12.89918189	-0.42991740
-0.68325860	12.93274283	-0.43560584	-0.68520082	12.92796497	-0.43613779
-0.61744254	12.96553161	-0.37614402	-0.61954281	12.96108835	-0.37667477
-0.65040728	12.96366643	-0.44503645	-0.65247173	12.95901276	-0.44558286
-0.56810617	12.97838248	-0.31879326	-0.57027946	12.97419002	-0.31931468
-0.46682536	12.99055265	-0.59663725	-0.46894079	12.98654045	-0.59712113
0.15272315	13.10552519	-0.18430839	0.15006074	13.10420047	-0.18449103
0.12160076	13.14249208	-0.26989744	0.11885980	13.14102651	-0.27011223
0.14958557	13.13130526	-0.28458243	0.14690094	13.12993649	-0.28477046
0.18500428	13.09328183	-0.19582009	0.18240123	13.09206904	-0.19597126
0.10070996	13.14805415	-0.36511772	0.09800597	13.14648468	-0.36534063
0.12704616	13.13755994	-0.38203157	0.12440092	13.13608686	-0.38222828
0.15440501	13.12250090	-0.29454790	0.15176221	13.12114789	-0.29472789
0.18964474	13.08499924	-0.20216387	0.18707694	13.08380026	-0.20230908
0.16071710	13.13044473	-0.29564954	0.15804953	13.12911291	-0.29582641
0.19477767	13.09173559	-0.19706428	0.19218368	13.09055613	-0.19720762
0.14103370	13.13604916	-0.39917044	0.13841278	13.13462331	-0.39935316
0.18458209	13.14339110	-0.42509277	0.18196907	13.14211803	-0.42523822
0.20672891	13.13737586	-0.31357438	0.20406131	13.13620194	-0.31370873
0.24040551	13.09675978	-0.20786059	0.23781009	13.09573299	-0.20796711
0.23500760	12.92249597	-0.06313701	0.23293117	12.92149165	-0.06321034
0.19384458	13.03727503	-0.10928722	0.19138408	13.03611550	-0.10942242
0.23040267	13.02578895	-0.12060004	0.22799317	13.02475326	-0.12070465
0.27491749	12.91057030	-0.07624920	0.27289076	12.90969992	-0.07629611
0.24065662	13.02417315	-0.12106229	0.23825545	13.02317239	-0.12115890
0.28611973	12.90906922	-0.07962965	0.28409956	12.90823414	-0.07966809
0.28578385	13.02430585	-0.12837721	0.28339201	13.02345869	-0.12843869
0.33007413	12.90282560	-0.08548051	0.32808209	12.90213226	-0.08548628
0.36237043	12.71496470	-0.08915492	0.36102169	12.71438129	-0.08912085
0.32190088	12.72724707	-0.08486367	0.32050725	12.72653691	-0.08485910
0.38697677	12.52057133	-0.11978650	0.38628055	12.52008943	-0.11972539
0.34863766	12.54329278	-0.11519566	0.34786725	12.54268690	-0.11516098
0.31049621	12.72903299	-0.08015670	0.30909811	12.72828701	-0.08016065
0.33639829	12.54565009	-0.11029421	0.33561977	12.54500544	-0.11026614
0.29035810	12.55773544	-0.09217591	0.28953687	12.55693423	-0.09217227
0.26794550	12.74492111	-0.06414794	0.26648703	12.74403091	-0.06417578
0.25649609	12.77361646	-0.91963330	0.25584396	12.77290513	-0.91977282
0.24235958	12.84239500	-0.89396106	0.24139919	12.84157841	-0.89406544
0.22159258	12.84630714	-0.83469074	0.22051595	12.84535199	-0.83480495
0.23589014	12.78668281	-0.85895467	0.23507532	12.78581490	-0.85909529
0.22228435	12.91246493	-0.84294750	0.22097811	12.91150724	-0.84303366
0.20091671	12.90910881	-0.78721699	0.19950252	12.90801786	-0.78731932
0.20707098	12.90480255	-0.76914665	0.20563352	12.90371668	-0.76923508
0.23589706	12.79230819	-0.83785936	0.23502387	12.79142234	-0.83798779
0.20423478	12.84550371	-0.81962095	0.20310507	12.84446171	-0.81973007
0.21277058	12.78916186	-0.84337008	0.21190625	12.78818666	-0.84351687
0.18852309	12.90758285	-0.77651419	0.18704775	12.90641567	-0.77659383
0.14572932	12.91677741	-0.76106032	0.14414596	12.91540242	-0.76114287
0.15953430	12.85118308	-0.80122926	0.15833805	12.84992809	-0.80137438
0.16573878	12.78842195	-0.82305740	0.16483444	12.78722898	-0.82324579
0.26560364	12.70406611	-0.94516593	0.26526084	12.70339319	-0.94531191
0.24734022	12.72672895	-0.88383356	0.24680614	12.72594859	-0.88400611
0.24763171	12.74194085	-0.86102531	0.24699359	12.74113212	-0.86117908
0.26770219	12.70690707	-0.87454195	0.26723186	12.70620626	-0.87469318
0.22532740	12.73262285	-0.87090879	0.22473473	12.73173125	-0.87108922
0.17671178	12.72206539	-0.85338112	0.17612730	12.72096198	-0.85361746
0.28289157	12.31831467	-0.16055544	0.28290593	12.31753026	-0.16056309
0.29654881	12.41539661	-0.12663641	0.29618448	12.41466001	-0.12662618
0.34426421	12.41573849	-0.14299909	0.34389865	12.41518418	-0.14296178
0.33224168	12.34630494	-0.17584551	0.33212279	12.34575069	-0.17581996
0.34781334	12.42844123	-0.15027248	0.34741047	12.42789619	-0.15023558
0.35817907	12.40929196	-0.14806585	0.35783356	12.40878795	-0.14802106
0.34612585	12.34186041	-0.18215276	0.34595973	12.34140187	-0.18209182
0.39638507	12.37764535	-0.15652666	0.39613481	12.37728854	-0.15645558
0.09051153	13.12151365	-0.47036285	0.08797561	13.11988337	-0.47057841
0.12072666	13.10916441	-0.48437570	0.11825307	13.10764385	-0.48456418
0.09504008	13.06808604	-0.57834011	0.09276864	13.06645116	-0.57853386
0.13059214	13.05385994	-0.58890236	0.12838421	13.05235493	-0.58906216
0.13305003	13.09821183	-0.49101836	0.13062393	13.09673574	-0.49119379
0.13859889	13.10485446	-0.49117164	0.13615381	13.10339870	-0.49134256
0.15011720	13.04834030	-0.58498418	0.14794488	13.04692237	-0.58512531
0.17598664	13.05477443	-0.62399371	0.17384389	13.05346116	-0.62410106
0.17358667	13.11178874	-0.52357092	0.17116242	13.11045731	-0.52370702
0.19537300	12.98555438	-0.74156796	0.19361950	12.98438331	-0.74164759
0.17297217	12.97912129	-0.69371487	0.17114395	12.97782716	-0.69382320
0.15677618	12.98013023	-0.69319930	0.15487892	12.97872734	-0.69331189
0.11668793	12.99062877	-0.68159306	0.11468761	12.98898468	-0.68171625
0.36647972	13.08362074	-0.26098653	0.36400230	13.08300655	-0.26097361
0.40484954	13.00476754	-0.17677700	0.40258547	13.00429195	-0.17673004
0.43814384	12.87526849	-0.13011181	0.43628345	12.87490723	-0.13003181
0.29196190	12.98116299	-0.85963457	0.29047602	12.98045522	-0.85961509
0.32120701	12.90600994	-0.94938283	0.32011663	12.90550886	-0.94938119
0.26863853	13.04809720	-0.74770119	0.26673363	13.04720516	-0.74769390
0.11413206	12.94577666	-0.05794303	0.11196634	12.94435364	-0.05810653
0.08855128	13.04893764	-0.10307616	0.08603769	13.04740862	-0.10328990
0.06466819	13.11128560	-0.17347600	0.06196627	13.10964700	-0.17372660
0.06068844	13.00492792	-0.62285544	0.05864929	13.00314361	-0.62305121
0.03951358	13.07138792	-0.54568979	0.03719618	13.06955393	-0.54592735
0.07127970	12.92454150	-0.67091792	0.06921755	12.92255290	-0.67088140
0.45991516	12.68090742	-0.12986908	0.45870139	12.68062589	-0.12976824
0.47677409	12.47248244	-0.15865136	0.47623425	12.47227171	-0.15855103
0.33545471	12.82683394	-1.00319926	0.33473970	12.82645524	-1.00323488
0.34016690	12.75198741	-1.03270139	0.33972956	12.75162473	-1.03274256
0.48221042	12.33601407	-0.19759115	0.48207081	12.33588938	-0.19750573
0.34260802	12.69232610	-1.05187881	0.34243237	12.69198606	-1.05192425
0.15302614	12.45706452	-0.10284858	0.15255639	12.45579199	-0.10291213
0.15345425	12.61316753	-0.07344348	0.15245566	12.61188862	-0.07352112
0.09674077	12.73412245	-0.74751909	0.09592762	12.73258701	-0.74777602
0.09256302	12.80207250	-0.72327784	0.09143367	12.80048346	-0.72349377
0.13800339	12.79202556	-0.05295831	0.13638059	12.79068896	-0.05306935
0.09020489	12.86662276	-0.70438061	0.08876266	12.86498325	-0.70454943
0.30003834	13.13270430	-0.49957120	0.29757264	13.13184363	-0.49958780
0.27519518	13.10247691	-0.62607393	0.27295219	13.10154161	-0.62607885
0.33102782	13.12612899	-0.37337496	0.32848516	13.12537393	-0.37338560
0.03406163	13.14350962	-0.34604728	0.03134592	13.14169847	-0.34631887
0.03132174	13.11867287	-0.44815374	0.02876244	13.11682633	-0.44841704
0.04585674	13.14174907	-0.25450663	0.04309360	13.14001342	-0.25477725
0.88740371	11.97318108	-0.58377952	0.88784771	11.97374231	-0.58369351
0.81676000	12.01719950	-0.47386000	0.81676000	12.01719950	-0.47386000
0.93185047	11.94850186	-0.71148971	0.93263235	11.94932397	-0.71129526
0.91797834	12.01477255	-0.71589671	0.91864763	12.01557579	-0.71567051
0.87928422	12.05952902	-0.62980456	0.87969416	12.06016218	-0.62961736
0.80801882	12.11870757	-0.52673599	0.80818088	12.11906145	-0.52656162
0.96799673	11.94297452	-0.83482338	0.96900118	11.94395438	-0.83453975
0.98876551	11.96015041	-0.94550043	0.98990261	11.96121866	-0.94515135
0.95352457	12.07718135	-0.92853363	0.95439997	12.07817562	-0.92817490
0.93801946	12.04590496	-0.81163517	0.93879103	12.04682415	-0.81134017
0.98843842	12.00285166	-1.03826960	0.98963062	12.00395077	-1.03789146
0.95303119	12.07691081	-1.12512150	0.95417823	12.07796401	-1.12474446
0.92790287	12.13881793	-1.10275288	0.92887121	12.13980152	-1.10238193
0.95142563	12.11239708	-1.02606260	0.95235577	12.11341344	-1.02567809
0.87048145	12.19274860	-1.21673851	0.87146292	12.19360581	-1.21640679
0.75026599	12.33932637	-1.26841663	0.75092612	12.33981926	-1.26817860
0.75237380	12.36767346	-1.19657187	0.75287546	12.36817347	-1.19632829
0.86645134	12.23837243	-1.15391797	0.86724177	12.23920778	-1.15357791
0.60300561	12.48361346	-1.23788869	0.60316415	12.48365172	-1.23789918
0.47076521	12.61322611	-1.15248541	0.47074830	12.61318743	-1.15247568
0.49420000	12.61570000	-1.07906000	0.49420000	12.61570000	-1.07906000
0.61447000	12.50220000	-1.16283000	0.61447000	12.50220000	-1.16283000
0.38244036	12.64496898	-1.04975978	0.38241866	12.64479087	-1.04977873
0.33086946	12.64233553	-0.95741808	0.33081190	12.64194418	-0.95749728
0.37140000	12.64100070	-0.89641000	0.37140000	12.64100070	-0.89641000
0.41679000	12.64250090	-0.98287004	0.41679000	12.64250090	-0.98287004
0.30963369	12.67243311	-0.89791320	0.30935310	12.67192694	-0.89802706
0.30321173	12.69930010	-0.87009609	0.30276102	12.69874909	-0.87020435
0.33074948	12.68773698	-0.81226361	0.33023071	12.68723283	-0.81232001
0.34185770	12.66442052	-0.84044728	0.34147163	12.66404736	-0.84051305
0.29481969	12.68617602	-0.87412674	0.29442888	12.68559557	-0.87425814
0.25143004	12.67315034	-0.84494921	0.25102089	12.67235026	-0.84514131
0.29040167	12.67168093	-0.77493493	0.28987033	12.67098152	-0.77506297
0.33007535	12.67628422	-0.81097669	0.32959853	12.67577649	-0.81104352
0.14089337	12.70103656	-0.71565421	0.14017283	12.69967630	-0.71588716
0.00385067	12.74821382	-0.57259649	0.00277175	12.74624006	-0.57282606
0.00626876	12.78711583	-0.49599782	0.00497614	12.78517479	-0.49620952
0.16293756	12.71729861	-0.63975150	0.16204338	12.71599293	-0.63992941
-0.11538680	12.78863920	-0.50950521	-0.11665999	12.78621845	-0.50977192
-0.22419690	12.81763032	-0.51338575	-0.22557925	12.81476092	-0.51368895
-0.22939349	12.88648347	-0.45356914	-0.23110082	12.88362249	-0.45390610
-0.11916893	12.84884776	-0.43995185	-0.12073042	12.84643998	-0.44022742
-0.33045953	12.83504950	-0.57298443	-0.33188723	12.83167726	-0.57330974
-0.42983572	12.84356600	-0.64032522	-0.43128670	12.83967513	-0.64064823
-0.44696026	12.87101535	-0.58858243	-0.44855062	12.86710016	-0.58894522
-0.34111989	12.88814064	-0.51821528	-0.34280701	12.88476111	-0.51858626
-0.51824048	12.84464339	-0.66779317	-0.51968699	12.84030949	-0.66814323
-0.59789187	12.83935645	-0.65547445	-0.59931139	12.83465760	-0.65583165
-0.59695375	12.84193730	-0.62016764	-0.59840203	12.83728768	-0.62053128
-0.54052356	12.85202588	-0.61948069	-0.54202009	12.84764432	-0.61984623
-0.67151903	12.82963142	-0.60355713	-0.67292166	12.82463772	-0.60393135
-0.71979647	12.81206596	-0.52370614	-0.72119099	12.80700503	-0.52409030
-0.68297779	12.82918729	-0.49570389	-0.68445763	12.82432648	-0.49610745
-0.64631989	12.83940426	-0.57276316	-0.64778648	12.83458445	-0.57314574
-0.72342795	12.78467398	-0.42837883	-0.72478021	12.77973558	-0.42877972
-0.69461478	12.73849513	-0.33882685	-0.69581277	12.73375143	-0.33922226
-0.67329377	12.74565405	-0.35191988	-0.67451659	12.74099182	-0.35230917
-0.68726660	12.79189684	-0.41206491	-0.68865374	12.78712474	-0.41246509
-0.64520069	12.66523032	-0.27625630	-0.64614113	12.66073684	-0.27660874
-0.56956357	12.60683021	-0.22801707	-0.57028924	12.60267407	-0.22834366
-0.55393518	12.66656541	-0.25936552	-0.55489530	12.66246443	-0.25970712
-0.63169499	12.70787532	-0.30874552	-0.63279126	12.70341943	-0.30910999
-0.46206834	12.60503218	-0.18118601	-0.46281886	12.60135172	-0.18150426
-0.33379949	12.58829929	-0.14572684	-0.33456109	12.58516489	-0.14601683
-0.31795302	12.64246709	-0.17469341	-0.31890405	12.63939132	-0.17498630
-0.44510597	12.66301423	-0.21114040	-0.44608480	12.65939506	-0.21147037
-0.19307452	12.48852170	-0.13284003	-0.19355283	12.48595353	-0.13307056
-0.04005393	12.37818723	-0.14055017	-0.04018841	12.37619093	-0.14069991
-0.04028666	12.44789528	-0.17164926	-0.04064854	12.44589792	-0.17181137
-0.18384429	12.55155135	-0.16171079	-0.18452551	12.54901406	-0.16194822
0.12335066	12.32418372	-0.16137968	0.12337919	12.32278905	-0.16146051
0.25236115	12.31106550	-0.18719993	0.25241894	12.31016214	-0.18722721
0.22924401	12.36993079	-0.23909903	0.22910134	12.36894518	-0.23913722
0.11093062	12.39104395	-0.20271125	0.11073850	12.38960554	-0.20280114
0.30059440	12.34787433	-0.20860899	0.30049474	12.34719576	-0.20860975
0.28287127	12.43066850	-0.27805356	0.28252042	12.42990065	-0.27808389
0.27575403	12.40260063	-0.26408477	0.27549205	12.40180629	-0.26411201
0.31123005	12.33992227	-0.22147474	0.31104466	12.33938963	-0.22146465
0.34620000	12.27620000	-0.23202000	0.34620000	12.27620000	-0.23202000
0.31754973	12.32705311	-0.29032057	0.31742054	12.32652548	-0.29038644
0.28305999	12.38963255	-0.27951656	0.28279795	12.38890328	-0.27955834
0.44425997	12.21770000	-0.27141000	0.44425997	12.21770000	-0.27141000
0.57587000	12.16340070	-0.32883000	0.57587000	12.16340070	-0.32883000
0.56961504	12.24300746	-0.38197193	0.56962737	12.24301779	-0.38190755
0.42735437	12.28360778	-0.32729552	0.42734243	12.28339921	-0.32728918
0.70622003	12.08180000	-0.39380000	0.70622003	12.08180000	-0.39380000
0.70087021	12.18340245	-0.44627330	0.70093869	12.18358894	-0.44616689
0.76629434	12.40087035	-1.04529919	0.76656333	12.40145267	-1.04503703
0.87273512	12.25529321	-1.04334380	0.87335201	12.25613420	-1.04299879
0.78367337	12.38439188	-0.85680020	0.78378473	12.38498481	-0.85651047
0.88049051	12.23366731	-0.90295405	0.88099076	12.23449587	-0.90261817
0.79691897	12.26911831	-0.66947257	0.79706183	12.26965649	-0.66921127
0.87996364	12.15899283	-0.75132070	0.88042427	12.15975597	-0.75102724
0.52956180	12.60904534	-0.90139098	0.52929993	12.60911485	-0.90128969
0.64567507	12.52566745	-0.98879545	0.64561102	12.52593221	-0.98865283
0.55942287	12.53888855	-0.68949682	0.55904522	12.53891828	-0.68937311
0.67486933	12.48275395	-0.77851687	0.67468728	12.48308142	-0.77830511
0.56826524	12.38659444	-0.50938897	0.56810146	12.38660339	-0.50928180
0.69125783	12.34372408	-0.58679841	0.69119269	12.34401283	-0.58661030
-0.23960767	12.88192916	-0.36874343	-0.24135759	12.87907148	-0.36908679
-0.13223775	12.84238025	-0.35324667	-0.13384140	12.83996105	-0.35352772
-0.25879076	12.82375288	-0.28194406	-0.26037259	12.82086206	-0.28227343
-0.15027261	12.77774250	-0.26891003	-0.15169595	12.77528976	-0.26917987
-0.03059063	12.71445103	-0.30472546	-0.03177388	12.71245759	-0.30493623
-0.00990917	12.78030599	-0.40042029	-0.01125749	12.77835796	-0.40063679
-0.28925577	12.73253961	-0.21885204	-0.29052785	12.72956151	-0.21916015
-0.16884984	12.66392305	-0.20645886	-0.16990400	12.66142630	-0.20670929
-0.03888418	12.58238653	-0.22781829	-0.03967242	12.58038566	-0.22800701
-0.57662118	12.87155672	-0.53819934	-0.57824250	12.86710542	-0.53860521
-0.60989358	12.86441923	-0.44625669	-0.61154577	12.85993685	-0.44668628
-0.50780233	12.88741472	-0.38579158	-0.50957560	12.88342239	-0.38621915
-0.47560541	12.90092928	-0.49159834	-0.47737063	12.89698018	-0.49201112
-0.62371322	12.79192586	-0.36699132	-0.62511941	12.78746201	-0.36738735
-0.53397102	12.78468621	-0.30912663	-0.53538020	12.78064022	-0.30950863
-0.35907648	12.90292353	-0.42442480	-0.36087896	12.89953338	-0.42482124
-0.38425903	12.86712400	-0.32554375	-0.38597997	12.86369762	-0.32593543
-0.41636784	12.76879959	-0.25656908	-0.41774634	12.76527817	-0.25692797
0.28458057	12.62842861	-0.65036957	0.28397679	12.62759346	-0.65047627
0.32684566	12.62726763	-0.67396347	0.32627910	12.62660254	-0.67404333
0.25925543	12.56100360	-0.49978567	0.25871098	12.56008068	-0.49986475
0.30579102	12.56200269	-0.50965434	0.30525526	12.56124811	-0.50969587
0.30901523	12.58025180	-0.49422113	0.30839436	12.57951099	-0.49426662
0.32702707	12.64151045	-0.66550896	0.32639321	12.64083879	-0.66558199
0.33497712	12.62441584	-0.68834920	0.33440702	12.62377775	-0.68843021
0.31199534	12.56620747	-0.50916947	0.31142351	12.56548157	-0.50921856
0.34537218	12.54765950	-0.54990146	0.34488767	12.54704073	-0.54993943
0.36573438	12.60719374	-0.73898464	0.36527327	12.60666548	-0.73905133
0.32286438	12.43302064	-0.39780871	0.32255205	12.43237937	-0.39785319
0.28903593	12.47829314	-0.37422130	0.28860031	12.47752679	-0.37426860
0.28327255	12.48193338	-0.36905673	0.28284857	12.48113266	-0.36909485
0.23613963	12.46585515	-0.35285755	0.23575090	12.46488628	-0.35292652
0.43911154	12.54985603	-0.61156165	0.43866098	12.54953499	-0.61152968
0.43332786	12.61867163	-0.81402423	0.43296080	12.61844473	-0.81400393
0.43063117	12.40849166	-0.44482583	0.43040416	12.40818436	-0.44480824
0.12683548	12.62331377	-0.40726410	0.12602011	12.62190202	-0.40740225
0.15124511	12.69394901	-0.52999472	0.15031437	12.69260418	-0.53014251
0.11193768	12.50637909	-0.29128243	0.11140533	12.50493452	-0.29139669
0.13363155	13.12818552	-0.39423136	0.13103204	13.12673456	-0.39441956
0.23399963	13.01958303	-0.12770162	0.23161875	13.01855805	-0.12780122
0.27745943	12.90723632	-0.08561708	0.27545040	12.90637231	-0.08566220
0.31301709	12.72842510	-0.09063639	0.31162442	12.72768615	-0.09064200
0.33945471	12.55006662	-0.12018142	0.33866719	12.54943078	-0.12015307
0.22497775	12.84539509	-0.81350278	0.22385903	12.84443296	-0.81360442
0.33654859	12.36868912	-0.18307155	0.33633765	12.36815960	-0.18303752
0.14849475	13.04303100	-0.58776978	0.14634032	13.04160742	-0.58791311
0.17645028	12.97396290	-0.68702368	0.17462520	12.97267582	-0.68712884
0.90146412	11.96795945	-0.57011976	0.90188652	11.96852698	-0.57001548
0.82684678	12.01969935	-0.45663492	0.82681564	12.01970029	-0.45663301
0.94937529	11.93447432	-0.70265449	0.95016697	11.93531916	-0.70244048
0.75402635	12.33808173	-1.28387177	0.75471001	12.33858624	-1.28362955
0.46103402	12.61898030	-1.16617013	0.46101011	12.61893801	-1.16616594
0.35252084	12.65420250	-1.05844699	0.35246052	12.65391403	-1.05848649
0.28537573	12.65396749	-0.96104474	0.28526486	12.65338810	-0.96117601
0.26797999	12.68264058	-0.89978517	0.26765286	12.68195715	-0.89994782
0.24992863	12.69277488	-0.88618436	0.24952463	12.69201612	-0.88636835
0.20203654	12.67578595	-0.86858733	0.20165591	12.67480787	-0.86883756
0.11035173	12.69102605	-0.75312218	0.10972632	12.68956476	-0.75340021
-0.00216639	12.71910708	-0.62040010	-0.00308115	12.71712690	-0.62065647
-0.21481382	12.75442503	-0.55387887	-0.21590800	12.75157664	-0.55415959
-0.31965830	12.79308100	-0.60396398	-0.32088911	12.78973422	-0.60425980
-0.50590520	12.84994916	-0.69012957	-0.50736904	12.84564701	-0.69048342
-0.58817102	12.85086926	-0.67806655	-0.58963705	12.84619113	-0.67843422
-0.73227519	12.81605700	-0.53514225	-0.73367984	12.81092656	-0.53553447
-0.19551025	12.49815819	-0.11079217	-0.19602922	12.49558389	-0.11102229
0.14055488	12.34057078	-0.13674512	0.14051233	12.33924153	-0.13681713
0.30674491	12.37609130	-0.22123524	0.30652364	12.37544964	-0.22123793
0.38271344	12.29143821	-0.19392119	0.38266981	12.29125282	-0.19384905
0.46938105	12.23630231	-0.23782016	0.46938992	12.23623563	-0.23775338
0.71397479	12.09209564	-0.37179741	0.71396135	12.09212309	-0.37179767
0.28909582	12.50532526	-0.36727156	0.28858947	12.50454702	-0.36731409
0.56963729	12.77803117	-0.53827494	0.56847094	12.77806090	-0.53807861
0.28111440	12.97801247	-0.52867943	0.27920248	12.97711175	-0.52871098
0.01024044	12.97450976	-0.26074123	0.00809272	12.97265538	-0.26098157
0.07553196	13.05919240	-0.30652234	0.07311221	13.05755567	-0.30674202
0.30039494	12.85897634	-0.29253163	0.29871144	12.85817400	-0.29255809
0.00767176	12.94578689	-0.41905489	0.00573154	12.94388514	-0.41928897
0.09819178	13.02697920	-0.41594796	0.09596780	13.02540191	-0.41614021
0.35102061	12.81585892	-0.69170462	0.34984947	12.81528445	-0.69168697
0.13362991	13.01347850	-0.17773594	0.13129587	13.01209158	-0.17790604
0.20621268	12.80103840	-0.79284320	0.20522102	12.79999082	-0.79298406
0.31619170	12.74912080	-0.52951273	0.31507683	12.74837679	-0.52954720
0.31267895	12.87862580	-0.83962888	0.31151310	12.87801706	-0.83962524
0.39009249	12.43125177	-0.24373887	0.38971488	12.43085172	-0.24371140
0.21947788	13.03291022	-0.44526132	0.21728097	13.03177104	-0.44535747
0.46648280	12.68168977	-0.66552933	0.46571026	12.68145567	-0.66544597
0.68759860	12.75438105	-0.76817795	0.68677036	12.75477841	-0.76786591
0.30604537	12.93073100	-0.19826482	0.30404155	12.92994401	-0.19829128
-0.44712658	12.87540856	-0.24002829	-0.44892306	12.87177289	-0.24044403
0.12735107	13.06538824	-0.24739681	0.12487714	13.06395635	-0.24758378
0.30231574	12.93595710	-0.68598691	0.30069986	12.93517625	-0.68598653
-0.53432053	12.87262778	-0.27975241	-0.53608951	12.86860355	-0.28018812
0.20397203	13.01776518	-0.32697654	0.20173688	13.01659253	-0.32709253
0.28534535	12.45044500	-0.19918546	0.28489997	12.44967219	-0.19919973
0.09242853	13.08058731	-0.36880407	0.08997428	13.07899513	-0.36901617
0.18354007	13.06163219	-0.48772893	0.18126263	13.06035189	-0.48785592
0.24499771	12.60147765	-0.24289561	0.24411719	12.60051808	-0.24294569
0.14613732	12.91988476	-0.50669163	0.14436609	12.91847055	-0.50682565
0.26087210	12.88014216	-0.82987910	0.25966485	12.87932838	-0.82992936
0.27022970	12.83017715	-0.83350411	0.26921267	12.82941743	-0.83357171
0.20617079	13.00667761	-0.54317352	0.20413330	13.00547767	-0.54326742
0.35978132	12.79219739	-0.19582341	0.35824515	12.79159142	-0.19580031
0.48971373	12.58970622	-0.43078467	0.48900808	12.58951660	-0.43068974
0.29662625	12.75320840	-0.88705405	0.29600035	12.75264090	-0.88714778
0.13708768	12.94517606	-0.64177367	0.13529790	12.94371657	-0.64190196
0.38910208	12.37183232	-0.22075525	0.38889484	12.37149945	-0.22071981
0.35276172	12.47720860	-0.31076420	0.35229817	12.47665201	-0.31076342
0.17661656	12.85466015	-0.18460935	0.17485736	12.85343044	-0.18471061
0.38298687	12.72741269	-0.90913241	0.38251131	12.72720515	-0.90914601
0.28556570	12.78406295	-0.84803938	0.28474492	12.78339139	-0.84812058
0.11844715	13.09728437	-0.27989668	0.11587833	13.09580734	-0.28009856
0.40537775	12.60156990	-0.24521630	0.40449305	12.60113983	-0.24516336
0.19848925	12.84526888	-0.76916783	0.19728486	12.84416081	-0.76928774
0.41985865	12.70996378	-0.82532193	0.41926849	12.70972671	-0.82526980
0.81753330	12.75387394	-0.86233389	0.81677381	12.75456650	-0.86191708
0.55667795	12.79348471	-0.92404265	0.55597611	12.79365156	-0.92385528
0.32870706	12.67798342	-0.19689766	0.32754047	12.67729210	-0.19689318
0.23626002	12.75143549	-0.17935347	0.23484581	12.75042914	-0.17941075
