0.84679443	12.73820206	-0.41713334	0.84672508	12.73823933	-0.41705446
0.81696122	12.87635363	-0.44545078	0.81684822	12.87639378	-0.44535530
0.89281854	12.83588197	-0.54377797	0.89267517	12.83595296	-0.54369199
0.92575211	12.70289618	-0.52955339	0.92565161	12.70297191	-0.52948433
0.77352762	12.96711760	-0.50543708	0.77336336	12.96715547	-0.50532184
0.85355546	12.92179745	-0.58641702	0.85337320	12.92186393	-0.58631396
0.90316068	12.87955840	-0.64675354	0.90298239	12.87965162	-0.64665509
0.94206276	12.80994807	-0.64123606	0.94190861	12.81005016	-0.64115019
0.97708421	12.68114660	-0.64257449	0.97697482	12.68125790	-0.64250611
0.71395486	12.76932407	-1.16089945	0.71381907	12.76943824	-1.16078989
0.83642566	12.71965278	-1.13893567	0.83629764	12.71980008	-1.13883256
0.80349750	12.82565892	-1.06963184	0.80331669	12.82578590	-1.06950420
0.68088483	12.87099552	-1.08628557	0.68068069	12.87108633	-1.08613795
0.93760132	12.68657598	-1.07599037	0.93748163	12.68674757	-1.07589318
0.90311842	12.79717365	-1.01691450	0.90294688	12.79732584	-1.01679894
0.86262469	12.86513055	-0.96616834	0.86241977	12.86526149	-0.96604263
0.78346907	12.90539200	-0.98144952	0.78324526	12.90549898	-0.98130969
0.66087927	12.95036348	-0.98670107	0.66062564	12.95043054	-0.98653738
0.59347658	12.83377754	-0.20407412	0.59351764	12.83374392	-0.20391820
0.57402790	12.97066261	-0.25152216	0.57400756	12.97062589	-0.25135358
0.70730563	12.92387152	-0.34501073	0.70723569	12.92387502	-0.34489187
0.72987751	12.78442930	-0.30488381	0.72986044	12.78442687	-0.30477969
0.54214417	13.05688857	-0.33564737	0.54204788	13.05684569	-0.33545994
0.66994101	13.01419148	-0.42049245	0.66980537	13.01419351	-0.42035419
0.46203119	12.88179795	-1.05939890	0.46180714	12.88180450	-1.05921566
0.58956004	12.82911279	-1.13277560	0.58938380	12.82918414	-1.13263227
0.55714216	12.92089583	-1.05971936	0.55690101	12.92094020	-1.05954585
0.43205749	12.96350868	-0.98404967	0.43177968	12.96348089	-0.98383067
0.53554880	12.99470299	-0.95750456	0.53525914	12.99471218	-0.95730341
0.41005925	13.03207587	-0.88072227	0.40974507	13.03201111	-0.88047075
-0.01341415	12.98895166	-0.05339479	-0.01316937	12.98886924	-0.05272420
-0.14223356	13.00089012	-0.07304346	-0.14199943	13.00079668	-0.07221971
-0.14548564	13.07364316	-0.12057058	-0.14531372	13.07352560	-0.11977803
-0.02027394	13.07576798	-0.09829762	-0.02008910	13.07567041	-0.09765514
-0.26174945	13.00224006	-0.10738916	-0.26154663	13.00212190	-0.10641518
-0.26341083	13.06305242	-0.15668092	-0.26327349	13.06291090	-0.15573843
-0.26572075	13.10343905	-0.22272955	-0.26566900	13.10326414	-0.22180533
-0.14860161	13.11976744	-0.18732056	-0.14851555	13.11962063	-0.18654679
-0.02643895	13.12907664	-0.16466541	-0.02633846	13.12895379	-0.16403929
0.02350152	12.97041187	-0.57938487	0.02322859	12.97018417	-0.57879992
0.00846913	13.03282570	-0.55387048	0.00819275	13.03259165	-0.55327459
-0.07238595	13.03462523	-0.54181644	-0.07267645	13.03437180	-0.54112387
-0.05825559	12.97839537	-0.55720837	-0.05854018	12.97814668	-0.55651731
-0.01064281	13.08709696	-0.50649070	-0.01089630	13.08686206	-0.50588150
-0.09349193	13.08119550	-0.50615787	-0.09375900	13.08094273	-0.50545094
-0.18723669	13.07375729	-0.52048440	-0.18753944	13.07347121	-0.51964485
-0.16516870	13.03243200	-0.55634014	-0.16550356	13.03214424	-0.55551309
-0.15065242	12.98114276	-0.57350171	-0.15098787	12.98086256	-0.57267960
0.98631636	12.29220188	-0.66959982	0.98630419	12.29230782	-0.66956666
0.96705822	12.07315407	-0.68641421	0.96708293	12.07325537	-0.68640777
0.91373605	12.09879879	-0.55140471	0.91374575	12.09885476	-0.55140203
0.92742577	12.30590804	-0.53483305	0.92742113	12.30597393	-0.53480958
0.83544844	12.14750633	-0.43033161	0.83546353	12.14751926	-0.43032606
0.84198749	12.33010286	-0.40961341	0.84200167	12.33012838	-0.40958560
0.97984834	12.38503271	-1.13863006	0.97985225	12.38521738	-1.13856984
0.88490579	12.44493152	-1.20792900	0.88490446	12.44509384	-1.20786866
0.88192183	12.28546238	-1.23338971	0.88197824	12.28562594	-1.23335659
0.97411328	12.19368063	-1.15464356	0.97417830	12.19386122	-1.15460840
0.75726736	12.51971306	-1.23750163	0.75725063	12.51982271	-1.23745322
0.75500760	12.39962929	-1.26938598	0.75504255	12.39974481	-1.26935846
0.87056101	12.18070369	-1.24170231	0.87065386	12.18086386	-1.24168960
0.95623099	12.05892650	-1.15337860	0.95633265	12.05909925	-1.15336549
0.99080806	12.50118651	-0.65441878	0.99074841	12.50129519	-0.65437271
0.93402470	12.51641060	-0.52815295	0.93397845	12.51648746	-0.52810937
0.84985579	12.54383174	-0.40612351	0.84983537	12.54386561	-0.40606750
0.86662484	12.59122509	-1.18079041	0.86655814	12.59138310	-1.18071418
0.96571612	12.54933564	-1.11456436	0.96565449	12.54951957	-1.11448478
0.74110024	12.64760087	-1.20596571	0.74101876	12.64771545	-1.20588388
0.59894033	12.41952277	-0.22302149	0.59901586	12.41947355	-0.22292346
0.59847012	12.63434078	-0.19951919	0.59854285	12.63430000	-0.19938213
0.73120249	12.58542957	-0.29439514	0.73122124	12.58542046	-0.29429992
0.72603842	12.37119359	-0.30645843	0.72607855	12.37117909	-0.30640674
0.46730091	12.70566670	-1.14940137	0.46723435	12.70569784	-1.14934603
0.61158635	12.61608487	-1.21841929	0.61155750	12.61612918	-1.21838500
0.60701191	12.72103665	-1.18393421	0.60692788	12.72111116	-1.18386207
0.47054763	12.78937737	-1.11433141	0.47040868	12.78940137	-1.11421531
0.58634220	12.17455333	-0.30156139	0.58634762	12.17453618	-0.30155552
0.59662260	12.28036133	-0.26102358	0.59666994	12.28032086	-0.26097514
0.72273386	12.21637793	-0.33658914	0.72276406	12.21636308	-0.33656671
0.60136386	12.48766764	-1.25194988	0.60137764	12.48770128	-1.25195604
0.60708766	12.53522857	-1.24336442	0.60708697	12.53526638	-1.24335765
0.46206940	12.64977352	-1.16568146	0.46203907	12.64979583	-1.16565214
-0.00493546	12.71027078	-0.04868081	-0.00465899	12.71015997	-0.04790512
-0.15409181	12.77969405	-0.05416940	-0.15381588	12.77959299	-0.05323041
-0.14418483	12.90291336	-0.05316199	-0.14392393	12.90282799	-0.05228377
-0.00530904	12.86566607	-0.03964218	-0.00503816	12.86558538	-0.03891156
-0.29055951	12.83094795	-0.07722549	-0.29030230	12.83083239	-0.07612888
-0.27194651	12.92610047	-0.08265916	-0.27170707	12.92599000	-0.08163380
0.02015640	12.84118003	-0.60793909	0.01992821	12.84097252	-0.60734789
0.02587680	12.90635182	-0.59562010	0.02561965	12.90613064	-0.59503292
-0.05519743	12.91670421	-0.56616358	-0.05546158	12.91646619	-0.56546468
-0.06327277	12.85202678	-0.56956157	-0.06351925	12.85179741	-0.56884351
-0.14749090	12.92384356	-0.58123523	-0.14781730	12.92356926	-0.58040132
-0.15693538	12.86313591	-0.57948370	-0.15722719	12.86286552	-0.57863149
-0.03403555	12.41407364	-0.10407171	-0.03377203	12.41393691	-0.10331911
-0.17522858	12.63182413	-0.07050371	-0.17495758	12.63169083	-0.06950245
-0.01914332	12.53912185	-0.07332636	-0.01886785	12.53898736	-0.07256268
-0.32772349	12.62504843	-0.10643157	-0.32749294	12.62490822	-0.10520429
-0.31365908	12.71302774	-0.08732135	-0.31340648	12.71290026	-0.08613903
0.01068847	12.77517118	-0.61978600	0.01049012	12.77497673	-0.61920187
-0.08229074	12.78577685	-0.56615881	-0.08250381	12.78555172	-0.56542312
-0.09965178	12.75881733	-0.54567230	-0.09983043	12.75858789	-0.54491906
-0.18063754	12.80076651	-0.56655548	-0.18089099	12.80049808	-0.56566971
-0.38488703	12.99889102	-0.15472434	-0.38473329	12.99873557	-0.15358038
-0.37774697	13.04851022	-0.20122094	-0.37765781	13.04833009	-0.20011424
-0.49568047	12.99154388	-0.20960320	-0.49558683	12.99135917	-0.20830051
-0.47655548	13.03180458	-0.25137651	-0.47652218	13.03159245	-0.25012544
-0.45523345	13.06445819	-0.30238595	-0.45527296	13.06421823	-0.30118388
-0.36877530	13.08488378	-0.26095446	-0.36876806	13.08467357	-0.25987875
-0.26974608	13.02983699	-0.57402406	-0.27012287	13.02951102	-0.57305666
-0.25571862	12.98440693	-0.59874879	-0.25611234	12.98407944	-0.59778264
-0.28937231	13.06665461	-0.53363712	-0.28970693	13.06633479	-0.53265814
-0.38410275	13.05794635	-0.54059384	-0.38445562	13.05758568	-0.53948139
-0.36992698	13.02623608	-0.58534694	-0.37033330	13.02585818	-0.58423571
-0.36083099	12.98757459	-0.61891379	-0.36127408	12.98718548	-0.61779462
-0.25727023	12.93577593	-0.61405662	-0.25766808	12.93544542	-0.61306887
-0.36865389	12.94843369	-0.64316797	-0.36911384	12.94803266	-0.64201915
-0.38362270	12.91098737	-0.65664211	-0.38409326	12.91057430	-0.65545127
-0.27002727	12.88625558	-0.61790378	-0.27041466	12.88592232	-0.61688282
-0.53930595	12.88639394	-0.16708603	-0.53914902	12.88624105	-0.16564948
-0.55943945	12.76432625	-0.17088334	-0.55929839	12.76417285	-0.16933165
-0.63636862	12.80046706	-0.22774343	-0.63631172	12.80029302	-0.22608533
-0.61826364	12.89646310	-0.22833658	-0.61819182	12.89628377	-0.22678509
-0.56778907	12.65942669	-0.18689518	-0.56768911	12.65926034	-0.18526122
-0.64384276	12.71772861	-0.23861125	-0.64382766	12.71754690	-0.23685890
-0.69329985	12.78668025	-0.30877712	-0.69337449	12.78645965	-0.30701025
-0.68696458	12.83905016	-0.30368014	-0.68701201	12.83882848	-0.30197720
-0.67099823	12.90211613	-0.30622889	-0.67103947	12.90188361	-0.30460746
-0.45765523	12.64976032	-0.14043835	-0.45747446	12.64961223	-0.13900123
-0.44613878	12.74616922	-0.12263695	-0.44592698	12.74602710	-0.12126836
-0.42375576	12.86556885	-0.11606184	-0.42353794	12.86542914	-0.11479159
-0.47966539	12.92650629	-0.66616407	-0.48016498	12.92604286	-0.66483504
-0.48675340	12.89938197	-0.67634470	-0.48726125	12.89891428	-0.67498809
-0.39577783	12.87768372	-0.65795648	-0.39623705	12.87726727	-0.65673007
-0.56592057	12.93191011	-0.64486659	-0.56639455	12.93141265	-0.64341258
-0.57093489	12.90503896	-0.65926825	-0.57141820	12.90453145	-0.65779012
-0.40638243	12.86097635	-0.64723174	-0.40681587	12.86055884	-0.64598425
-0.28949943	12.83814048	-0.60930654	-0.28985192	12.83780304	-0.60824488
0.89281876	12.88845703	-0.89749029	0.89260445	12.88858754	-0.89736858
0.79202535	12.95454843	-0.88328404	0.79177988	12.95464386	-0.88314028
0.90908085	12.90263682	-0.80889038	0.90887063	12.90275678	-0.80877642
0.81314716	12.97425548	-0.77891177	0.81290704	12.97434093	-0.77877807
0.70196764	13.02872623	-0.73753908	0.70170313	13.02876295	-0.73738451
0.67242926	13.00472488	-0.86642047	0.67215295	13.00477129	-0.86625081
0.91010879	12.89854116	-0.71715072	0.90991108	12.89864709	-0.71704509
0.83034487	12.96536162	-0.67260136	0.83012840	12.96543765	-0.67248079
0.73530888	13.01688949	-0.61049542	0.73508366	13.01692361	-0.61035666
0.99691714	12.67617606	-0.98104503	0.99679203	12.67635114	-0.98094759
0.95772758	12.79728069	-0.93581241	0.95755264	12.79743871	-0.93570334
1.01959762	12.67643748	-0.86985584	1.01947000	12.67660136	-0.86976923
0.97721186	12.80647131	-0.83915499	0.97703785	12.80661969	-0.83905495
1.01072472	12.67496265	-0.75679316	1.01060623	12.67510038	-0.75671790
0.97117568	12.80564559	-0.73995757	0.97101227	12.80577418	-0.73986612
0.55149195	13.04872135	-0.82095225	0.55118989	13.04870764	-0.82074810
0.58828755	13.07449671	-0.67231665	0.58801281	13.07448377	-0.67212775
0.46424484	13.11186512	-0.58902030	0.46397693	13.11179519	-0.58877741
0.42666969	13.08508255	-0.74074166	0.42635472	13.08500812	-0.74048290
0.62897636	13.06361600	-0.53458818	0.62876095	13.06361122	-0.53442476
0.50410831	13.10321365	-0.45131483	0.50392172	13.10315901	-0.45110053
-0.39170249	13.07610360	-0.48277609	-0.39198129	13.07577004	-0.48166609
-0.47535552	13.05762906	-0.49380468	-0.47564906	13.05726410	-0.49257382
-0.45611058	13.04572381	-0.53633118	-0.45645885	13.04533777	-0.53511615
-0.40277998	13.08296633	-0.41963163	-0.40297522	13.08266504	-0.41851362
-0.49682771	13.06007424	-0.44898568	-0.49706055	13.05973371	-0.44772918
-0.58162809	13.03340723	-0.47647424	-0.58189177	13.03302745	-0.47508143
-0.54451545	13.03498755	-0.50962712	-0.54482529	13.03459153	-0.50828691
-0.50723037	13.03304623	-0.53640254	-0.50757692	13.03264137	-0.53511214
-0.42728683	13.08031663	-0.35898434	-0.42740241	13.08004639	-0.35783151
-0.50984552	13.05650314	-0.39737259	-0.51000868	13.05619529	-0.39609618
-0.52397419	13.04265310	-0.34607966	-0.52406493	13.04237940	-0.34477234
-0.57005230	13.02529578	-0.37747484	-0.57018075	13.02499682	-0.37609495
-0.58266917	13.02980828	-0.42593257	-0.58286377	13.02946681	-0.42453736
-0.02516402	13.12669500	-0.42459223	-0.02534597	13.12648060	-0.42397514
-0.11685199	13.11400108	-0.43541950	-0.11704850	13.11375996	-0.43469096
-0.03301342	13.14905957	-0.32927453	-0.03310221	13.14887152	-0.32865065
-0.13636183	13.13264713	-0.34867119	-0.13646625	13.13243480	-0.34792478
-0.23792544	13.11518034	-0.37787711	-0.23806697	13.11493583	-0.37699665
-0.21315257	13.10080633	-0.45653572	-0.21338450	13.10053530	-0.45567683
-0.03203599	13.15170398	-0.24213374	-0.03202850	13.15154950	-0.24151190
-0.14625850	13.13699311	-0.26468462	-0.14626724	13.13681388	-0.26392401
-0.25641284	13.11843709	-0.29800449	-0.25645718	13.11822727	-0.29710035
0.99407193	11.97992192	-1.05716935	0.99416197	11.98008970	-1.05715978
1.01539059	12.12499861	-1.05457103	1.01545440	12.12517528	-1.05454273
0.99623776	11.93466533	-0.95195383	0.99631043	11.93481984	-0.95195859
1.02093134	12.08145845	-0.94054276	1.02098306	12.08161838	-0.94052430
1.03816178	12.29931043	-0.92426403	1.03815871	12.29947767	-0.92421612
1.02717843	12.33423174	-1.04001932	1.02717952	12.33441593	-1.03996290
0.97705155	11.91758295	-0.83323089	0.97711366	11.91771525	-0.83324509
1.00375748	12.06567973	-0.81732901	1.00379757	12.06581531	-0.81731834
1.02394198	12.28765926	-0.80015539	1.02393344	12.28779705	-0.80011700
1.02085170	12.51996478	-1.01520362	1.02078741	12.52014939	-1.01512670
1.03914290	12.50220839	-0.90022854	1.03907779	12.50237968	-0.90016365
1.02754265	12.49619223	-0.77920641	1.02747971	12.49633632	-0.77915326
-0.65108933	12.92723343	-0.59104174	-0.65148703	12.92673658	-0.58946476
-0.65807196	12.89731691	-0.60253720	-0.65847434	12.89680456	-0.60092487
-0.70761259	12.91786731	-0.51019216	-0.70790751	12.91744726	-0.50853466
-0.71816267	12.88161020	-0.51560635	-0.71846054	12.88118529	-0.51390249
-0.65991459	12.87390500	-0.60364506	-0.66031069	12.87339193	-0.60201109
-0.70766746	12.90937833	-0.40780917	-0.70783413	12.90905881	-0.40614551
-0.72114198	12.86427009	-0.40797933	-0.72132029	12.86395680	-0.40625919
-0.72411143	12.82855240	-0.40922557	-0.72430150	12.82824055	-0.40746602
-0.30463652	13.08932040	-0.47131587	-0.30489684	13.08901905	-0.47032757
-0.32169662	13.09997465	-0.39875024	-0.32186819	13.09970129	-0.39774428
-0.34656924	13.10023786	-0.32782211	-0.34664902	13.09999681	-0.32678458
-0.59833429	12.94868756	-0.24204980	-0.59827805	12.94849162	-0.24056891
-0.51703950	12.95251095	-0.18076320	-0.51690167	12.95234640	-0.17940286
-0.65350994	12.94218985	-0.31624730	-0.65355698	12.94194461	-0.31468183
-0.63060121	12.97156500	-0.33384377	-0.63066598	12.97130103	-0.33233466
-0.57562632	12.98036235	-0.26712656	-0.57560676	12.98014432	-0.26570402
-0.40155151	12.94379379	-0.12666580	-0.40135465	12.94364837	-0.12547040
-0.46632612	12.95771431	-0.64834031	-0.46680868	12.95726253	-0.64705138
-0.45398505	12.99034241	-0.62069327	-0.45443506	12.98990884	-0.61944367
-0.53780535	12.98959209	-0.60219849	-0.53823479	12.98913254	-0.60082799
-0.55414428	12.96090633	-0.62757972	-0.55460225	12.96042487	-0.62616423
-0.66609460	12.97517738	-0.49987530	-0.66638031	12.97476643	-0.49832304
-0.69052097	12.94761990	-0.50546988	-0.69081151	12.94720310	-0.50386091
-0.63711139	12.95565712	-0.57880036	-0.63750129	12.95517727	-0.57726688
-0.61594294	12.98303539	-0.56165097	-0.61631616	12.98257764	-0.56017022
-0.63389362	13.00445806	-0.49182722	-0.63417218	13.00405732	-0.49034141
-0.58823070	13.00972234	-0.53542396	-0.58857146	13.00929358	-0.53400314
-0.51899363	13.01573210	-0.56350007	-0.51937491	13.01530369	-0.56217799
-0.69026058	12.94253712	-0.41107529	-0.69042933	12.94221116	-0.40946391
-0.66598409	12.97055215	-0.41773447	-0.66616124	12.97021709	-0.41618070
-0.59873914	13.00233694	-0.35908861	-0.59884055	13.00205254	-0.35764938
-0.63240460	13.00052275	-0.42769763	-0.63259703	13.00017833	-0.42621176
-0.54839391	13.01450718	-0.30223271	-0.54842196	13.01426420	-0.30087134
-0.44978714	13.02150226	-0.58099596	-0.45019070	13.02109197	-0.57977212
0.17901257	13.11870731	-0.17685655	0.17907559	13.11860210	-0.17643398
0.14794077	13.15675656	-0.26200982	0.14791473	13.15662492	-0.26157114
0.17527656	13.14454581	-0.27703922	0.17523391	13.14441356	-0.27662213
0.21068446	13.10531338	-0.18880688	0.21073389	13.10520851	-0.18840821
0.12595758	13.16301421	-0.35692699	0.12583598	13.16285184	-0.35647244
0.15173177	13.15164641	-0.37413298	0.15159537	13.15148527	-0.37370025
0.17963161	13.13557150	-0.28704599	0.17957911	13.13543726	-0.28663051
0.21491711	13.09685722	-0.19520209	0.21496036	13.09675035	-0.19480502
0.18618264	13.14329294	-0.28822767	0.18612515	13.14315990	-0.28781902
0.22033648	13.10340622	-0.19016714	0.22038125	13.10330180	-0.18977427
0.16546920	13.14970194	-0.39142007	0.16531738	13.14954125	-0.39099908
0.20899905	13.15565239	-0.41795088	0.20882306	13.15550228	-0.41756722
0.23208113	13.14861450	-0.30674877	0.23199807	13.14848789	-0.30637863
0.26587749	13.10680124	-0.20159051	0.26590385	13.10670469	-0.20123612
0.25651738	12.93280114	-0.05657609	0.25672091	12.93272412	-0.05617407
0.21884753	13.04904478	-0.10242060	0.21899157	13.04896016	-0.10201744
0.25466676	13.03614581	-0.11434830	0.25479430	13.03606136	-0.11397550
0.29568990	12.91932451	-0.07056569	0.29587229	12.91924790	-0.07021012
0.26477064	13.03413679	-0.11494964	0.26489279	13.03405256	-0.11458397
0.30671566	12.91740709	-0.07413084	0.30688863	12.91733000	-0.07378458
0.30967609	13.03261935	-0.12287740	0.30978328	13.03254048	-0.12254980
0.35027964	12.90962455	-0.08067222	0.35044033	12.90955167	-0.08036118
0.37640135	12.72065877	-0.08515650	0.37659258	12.72058313	-0.08487045
0.33652014	12.73431382	-0.08024174	0.33672197	12.73423413	-0.07992625
0.39421231	12.52500100	-0.11680245	0.39439717	12.52491268	-0.11656014
0.35678966	12.54908090	-0.11155556	0.35698403	12.54899182	-0.11128127
0.32535490	12.73652600	-0.07535223	0.32556803	12.73644568	-0.07502749
0.34479664	12.55186651	-0.10645370	0.34500170	12.55177579	-0.10616881
0.29960365	12.56559444	-0.08738727	0.29983625	12.56549720	-0.08705017
0.28377859	12.75397257	-0.05838045	0.28401696	12.75388998	-0.05800673
0.26187297	12.78067733	-0.91514759	0.26171292	12.78057423	-0.91493316
0.25043886	12.85050033	-0.88919328	0.25021917	12.85037800	-0.88892569
0.23086547	12.85600365	-0.82943897	0.23063414	12.85586465	-0.82913705
0.24266018	12.79547365	-0.85392881	0.24246879	12.79535174	-0.85366737
0.23384779	12.92208970	-0.83792566	0.23357922	12.92194350	-0.83761097
0.21402177	12.92029500	-0.78175707	0.21375607	12.92013873	-0.78141589
0.22054467	12.91598853	-0.76384803	0.22028097	12.91583568	-0.76350346
0.24328634	12.80139253	-0.83281505	0.24308542	12.80127346	-0.83253576
0.21418596	12.85639906	-0.81423203	0.21393620	12.85625993	-0.81388957
0.22002243	12.79939528	-0.83779552	0.21980899	12.79927513	-0.83748357
0.20274962	12.91975387	-0.77149571	0.20247383	12.91959497	-0.77112955
0.16195671	12.93157090	-0.75605404	0.16167179	12.93139331	-0.75564251
0.17042944	12.86453001	-0.79504850	0.17017103	12.86436909	-0.79466411
0.17339084	12.80122504	-0.81664085	0.17317328	12.80108065	-0.81628481
0.26828776	12.71079601	-0.94112166	0.26818722	12.71070843	-0.94095774
0.25155543	12.73469919	-0.87897900	0.25141280	12.73459938	-0.87876165
0.25268734	12.75026486	-0.85607474	0.25251971	12.75016137	-0.85583056
0.27124951	12.71410570	-0.86999542	0.27111641	12.71401780	-0.86978972
0.22983893	12.74200070	-0.86543568	0.22966142	12.74189795	-0.86516608
0.18093256	12.73404618	-0.84681921	0.18075200	12.73392573	-0.84649825
0.28263539	12.32624317	-0.15671981	0.28282483	12.32615896	-0.15645188
0.30085158	12.42260500	-0.12287491	0.30106078	12.42251340	-0.12259507
0.34806368	12.42090657	-0.14013302	0.34823813	12.42081779	-0.13990217
0.33306629	12.35158665	-0.17320733	0.33321142	12.35151034	-0.17299920
0.35183077	12.43355371	-0.14736916	0.35199384	12.43346675	-0.14713718
0.36156111	12.41390354	-0.14543392	0.36172163	12.41381329	-0.14521586
0.34739989	12.34583592	-0.18045132	0.34750250	12.34575641	-0.18027891
0.39860604	12.38066090	-0.15468467	0.39874573	12.38056837	-0.15450704
0.11360904	13.13699629	-0.46178129	0.11339276	13.13680307	-0.46130719
0.14333052	13.12376629	-0.47616611	0.14310742	13.12358032	-0.47571770
0.11588051	13.08426731	-0.56976166	0.11559573	13.08405915	-0.56928445
0.15109662	13.06917415	-0.58095585	0.15081363	13.06897917	-0.58051097
0.15528518	13.11250928	-0.48302948	0.15506119	13.11232749	-0.48259072
0.16103766	13.11895889	-0.48328276	0.16081259	13.11877874	-0.48285051
0.17027286	13.06263248	-0.57745676	0.16999890	13.06244511	-0.57703170
0.19613914	13.06816743	-0.61715741	0.19584806	13.06798824	-0.61675687
0.19598548	13.12486859	-0.51628278	0.19573593	13.12469760	-0.51588337
0.21207571	12.99781720	-0.73598637	0.21177815	12.99765256	-0.73562143
0.19073750	12.99285753	-0.68744324	0.19045177	12.99268316	-0.68705235
0.17618597	12.99583100	-0.68663406	0.17589009	12.99565139	-0.68622263
0.13771206	13.01029904	-0.67466679	0.13740566	13.01010287	-0.67421340
0.39029587	13.08934130	-0.25655463	0.39025920	13.08926372	-0.25628877
0.42690962	13.00910678	-0.17292956	0.42695397	13.00904240	-0.17268070
0.45643715	12.87853767	-0.12694415	0.45653949	12.87847829	-0.12671096
0.30496177	12.98824794	-0.85587945	0.30466113	12.98813196	-0.85559252
0.33016564	12.91101838	-0.94590868	0.32991196	12.91094318	-0.94566597
0.28625799	13.05723589	-0.74333067	0.28594070	13.05709741	-0.74301495
0.13678780	12.96101633	-0.04927899	0.13701634	12.96094055	-0.04875960
0.11410561	13.06491016	-0.09460544	0.11427485	13.06482262	-0.09410051
0.09137015	13.12781752	-0.16490084	0.09145603	13.12770531	-0.16439760
0.08008308	13.02354089	-0.61444080	0.07979047	13.02332068	-0.61392750
0.06045294	13.08911137	-0.53638338	0.06018363	13.08888986	-0.53585094
0.09955378	12.95160264	-0.66903189	0.09927913	12.95139759	-0.66854527
0.47187087	12.68340499	-0.12739629	0.47201093	12.68334158	-0.12718513
0.48180131	12.47413742	-0.15689150	0.48193673	12.47405957	-0.15671862
0.34106791	12.83068539	-1.00017862	0.34088090	12.83063720	-1.00000011
0.34343453	12.75574907	-1.03010389	0.34330625	12.75571215	-1.02996741
0.48298957	12.33690386	-0.19676770	0.48307208	12.33683100	-0.19666762
0.34373288	12.69595902	-1.04999815	0.34366179	12.69593252	-1.04991400
0.15921477	12.47020576	-0.09525921	0.15947589	12.47010212	-0.09477564
0.16514132	12.62624552	-0.06525012	0.16541360	12.62613900	-0.06474399
0.10329188	12.75126546	-0.73968940	0.10309608	12.75109796	-0.73925618
0.10276409	12.81972241	-0.71558144	0.10253615	12.81954124	-0.71512343
0.15576413	12.80596920	-0.04417759	0.15603076	12.80587519	-0.04364717
0.10429256	12.88506508	-0.69736428	0.10403442	12.88487454	-0.69688986
0.32298754	13.14096988	-0.49431481	0.32275518	13.14085112	-0.49400982
0.29605939	13.11183203	-0.62089887	0.29576240	13.11169250	-0.62057540
0.35498891	13.13324221	-0.36841642	0.35485119	13.13314304	-0.36812896
0.05940453	13.16079822	-0.33697756	0.05930505	13.16062639	-0.33645627
0.05449813	13.13608763	-0.43892599	0.05430181	13.13588507	-0.43839480
0.07243343	13.15878581	-0.24569764	0.07243077	13.15864732	-0.24518696
0.88310237	11.96832150	-0.58421117	0.88312811	11.96838207	-0.58423074
0.81676000	12.01719950	-0.47386000	0.81676000	12.01719950	-0.47386000
0.92431304	11.94156003	-0.71275232	0.92435860	11.94166269	-0.71277324
0.91122575	12.00800913	-0.71735480	0.91126264	12.00810925	-0.71736562
0.87481912	12.05413746	-0.63095314	0.87484021	12.05420816	-0.63095998
0.80574295	12.11574419	-0.52778920	0.80575287	12.11577575	-0.52778170
0.95830417	11.93484133	-0.83678268	0.95836441	11.93497191	-0.83679613
0.97804598	11.95139887	-0.94793143	0.97811584	11.95155019	-0.94793640
0.94494166	12.06907994	-0.93095840	0.94499237	12.06922248	-0.93095253
0.93024798	12.03827113	-0.81356177	0.93029056	12.03839329	-0.81356356
0.97744585	11.99402405	-1.04091681	0.97753002	11.99418744	-1.04091001
0.94271613	12.06872464	-1.12768529	0.94280951	12.06889133	-1.12767389
0.91893044	12.13114200	-1.10518258	0.91900223	12.13130062	-1.10516677
0.94254605	12.10429059	-1.02861268	0.94260851	12.10444528	-1.02859837
0.86177198	12.18635156	-1.21884580	0.86185751	12.18650609	-1.21883386
0.74459467	12.33596707	-1.26984179	0.74464804	12.33608033	-1.26982281
0.74779221	12.36409480	-1.19793843	0.74782573	12.36419839	-1.19791373
0.85911470	12.23202522	-1.15598907	0.85917199	12.23217055	-1.15596768
0.60175936	12.48368688	-1.23784406	0.60177171	12.48371684	-1.23785063
0.47082004	12.61406633	-1.15233942	0.47080540	12.61408009	-1.15232287
0.49420000	12.61570000	-1.07906000	0.49420000	12.61570000	-1.07906000
0.61447000	12.50220000	-1.16283000	0.61447000	12.50220000	-1.16283000
0.38239575	12.64696759	-1.04897610	0.38237078	12.64695789	-1.04894109
0.33112460	12.64644964	-0.95537449	0.33108823	12.64641117	-0.95530467
0.37140000	12.64100070	-0.89641000	0.37140000	12.64100070	-0.89641000
0.41679000	12.64250090	-0.98287004	0.41679000	12.64250090	-0.98287004
0.31182755	12.67747897	-0.89461840	0.31174935	12.67741115	-0.89448449
0.30656652	12.70484835	-0.86639773	0.30644508	12.70477151	-0.86622434
0.33431844	12.69296716	-0.80897552	0.33418459	12.69289636	-0.80879495
0.34473489	12.66822853	-0.83789677	0.34464608	12.66817379	-0.83777386
0.29744966	12.69208278	-0.86998472	0.29732265	12.69200446	-0.86979959
0.25385165	12.68181769	-0.83956581	0.25371159	12.68173323	-0.83932772
0.29396043	12.67922284	-0.77029554	0.29382596	12.67914182	-0.77006886
0.33308672	12.68157641	-0.80746649	0.33295011	12.68150656	-0.80727984
0.14620169	12.71610902	-0.70832936	0.14603159	12.71596013	-0.70793484
0.01364951	12.76909232	-0.56369686	0.01347512	12.76889960	-0.56310059
0.01790820	12.80697776	-0.48596513	0.01775968	12.80678506	-0.48533558
0.16989021	12.73141399	-0.63271331	0.16972104	12.73126961	-0.63231025
-0.10290821	12.81165603	-0.49798046	-0.10306584	12.81142123	-0.49721123
-0.21087389	12.84326366	-0.49980985	-0.21106498	12.84298782	-0.49887986
-0.21372343	12.91233522	-0.43981399	-0.21388649	12.91207525	-0.43888419
-0.10457213	12.87168389	-0.42775928	-0.10469835	12.87145979	-0.42697137
-0.31724581	12.86298887	-0.55781863	-0.31753954	12.86265277	-0.55671970
-0.41701609	12.87332066	-0.62396110	-0.41742477	12.87290924	-0.62270081
-0.43288274	12.90158815	-0.57221227	-0.43323004	12.90119305	-0.57094306
-0.32599618	12.91663053	-0.50313873	-0.32624628	12.91631053	-0.50204660
-0.50558341	12.87629519	-0.65059876	-0.50604200	12.87583070	-0.64919973
-0.58512657	12.87301016	-0.63752130	-0.58556379	12.87250909	-0.63600141
-0.58377305	12.87582896	-0.60219755	-0.58416713	12.87535104	-0.60067753
-0.52716397	12.88458599	-0.60211213	-0.52755910	12.88413446	-0.60068466
-0.65841747	12.86531835	-0.58473613	-0.65878980	12.86482241	-0.58309657
-0.70637844	12.84983414	-0.50428108	-0.70666572	12.84942177	-0.50256187
-0.66887412	12.86634708	-0.47676784	-0.66912541	12.86595709	-0.47511703
-0.63268743	12.87483323	-0.55426094	-0.63302557	12.87437543	-0.55266554
-0.70992481	12.82365693	-0.40869203	-0.71011556	12.82334270	-0.40694684
-0.68174017	12.77785375	-0.31879335	-0.68183301	12.77762164	-0.31703687
-0.66033089	12.78428673	-0.33210477	-0.66043809	12.78403633	-0.33038871
-0.67346275	12.83014942	-0.39269730	-0.67362955	12.82984213	-0.39100895
-0.63413419	12.70422351	-0.25547623	-0.63415401	12.70402590	-0.25372966
-0.56001561	12.64427605	-0.20715450	-0.55995636	12.64409418	-0.20552425
-0.54282287	12.70317764	-0.23937018	-0.54280728	12.70297651	-0.23780456
-0.61957534	12.74600996	-0.28866071	-0.61963336	12.74578398	-0.28697952
-0.45245827	12.63993715	-0.16126291	-0.45231390	12.63977998	-0.15982969
-0.32476843	12.61954492	-0.12713022	-0.32456719	12.61940355	-0.12590804
-0.30748507	12.67295277	-0.15664927	-0.30733324	12.67280492	-0.15546214
-0.43395690	12.69704433	-0.19205484	-0.43385589	12.69686788	-0.19068286
-0.18718452	12.51477100	-0.11607453	-0.18696063	12.51462901	-0.11506848
-0.03778997	12.39887850	-0.12780077	-0.03755883	12.39874733	-0.12704738
-0.03644422	12.46865950	-0.15853797	-0.03627095	12.46853551	-0.15776608
-0.17649764	12.57742474	-0.14503770	-0.17632541	12.57728775	-0.14403626
0.12326908	12.33884479	-0.15338905	0.12347279	12.33874351	-0.15289849
0.25125821	12.32041590	-0.18255915	0.25141899	12.32033597	-0.18225129
0.22946255	12.38037215	-0.23363149	0.22954625	12.38030441	-0.23327437
0.11233624	12.40620856	-0.19410041	0.11247050	12.40611501	-0.19356830
0.30073278	12.35475646	-0.20509649	0.30084481	12.35469052	-0.20485023
0.28503727	12.43878411	-0.27352016	0.28508927	12.43873085	-0.27322553
0.27705169	12.41098265	-0.25953986	0.27711211	12.41092739	-0.25924069
0.31244403	12.34509218	-0.21878261	0.31251820	12.34504843	-0.21858235
0.34620000	12.27620000	-0.23202000	0.34620000	12.27620000	-0.23202000
0.31773647	12.33294470	-0.28703062	0.31776925	12.33294159	-0.28685745
0.28448311	12.39742667	-0.27533146	0.28453557	12.39739158	-0.27506962
0.44425997	12.21770000	-0.27141000	0.44425997	12.21770000	-0.27141000
0.57587000	12.16340070	-0.32883000	0.57587000	12.16340070	-0.32883000
0.56866241	12.24326215	-0.38160662	0.56868291	12.24325955	-0.38155982
0.42664585	12.28616467	-0.32590381	0.42667489	12.28615830	-0.32581241
0.70622003	12.08180000	-0.39380000	0.70622003	12.08180000	-0.39380000
0.69945054	12.18190044	-0.44655049	0.69946915	12.18190776	-0.44653004
0.76311970	12.39644014	-1.04652786	0.76311177	12.39654143	-1.04648514
0.86653061	12.24871671	-1.04539353	0.86655923	12.24885329	-1.04536728
0.78130937	12.37965626	-0.85810993	0.78127257	12.37974210	-0.85805986
0.87496787	12.22696407	-0.90497684	0.87498033	12.22708417	-0.90495359
0.79429467	12.26470250	-0.67075072	0.79428281	12.26476532	-0.67071751
0.87467466	12.15267218	-0.75311943	0.87468915	12.15276898	-0.75310604
0.53075993	12.60874857	-0.90074132	0.53066927	12.60876116	-0.90065571
0.64522396	12.52367620	-0.98899530	0.64516786	12.52372371	-0.98894556
0.56116229	12.53910863	-0.68846193	0.56106942	12.53911086	-0.68834831
0.67494478	12.48026853	-0.77877236	0.67486868	12.48031195	-0.77869541
0.56828953	12.38705359	-0.50853415	0.56826925	12.38705341	-0.50843854
0.69040761	12.34150520	-0.58714272	0.69038215	12.34153331	-0.58708730
-0.22351211	12.90847287	-0.35459115	-0.22359532	12.90824608	-0.35364102
-0.11747762	12.86566891	-0.34021726	-0.11754107	12.86547413	-0.33939147
-0.24387998	12.85172394	-0.26665667	-0.24386647	12.85153996	-0.26564309
-0.13766609	12.80254038	-0.25375519	-0.13765700	12.80238841	-0.25284136
-0.02226056	12.73521902	-0.28910017	-0.02232441	12.73509066	-0.28827194
0.00113195	12.79959724	-0.38824684	0.00102169	12.79941739	-0.38754410
-0.27643137	12.76179792	-0.20206929	-0.27634001	12.76163515	-0.20096343
-0.15875201	12.68907964	-0.19036119	-0.15865621	12.68893149	-0.18939006
-0.03199170	12.60310436	-0.21386637	-0.03191450	12.60297915	-0.21307085
-0.56188986	12.90566557	-0.52059788	-0.56218548	12.90525355	-0.51913397
-0.59447885	12.90028710	-0.42825420	-0.59466815	12.89994300	-0.42674131
-0.49132187	12.92135166	-0.36882655	-0.49143324	12.92106465	-0.36748710
-0.45974100	12.93302211	-0.47511195	-0.45997695	12.93267168	-0.47382365
-0.60961850	12.82906875	-0.34805656	-0.60972773	12.82879428	-0.34646402
-0.51972324	12.82013224	-0.29075135	-0.51975546	12.81989234	-0.28929979
-0.34262865	12.93256364	-0.40917136	-0.34277584	12.93228544	-0.40806501
-0.36802223	12.89835240	-0.30955223	-0.36805399	12.89812284	-0.30839010
-0.40241200	12.80147175	-0.23900354	-0.40236509	12.80127265	-0.23773493
0.28814442	12.63749163	-0.64519409	0.28800924	12.63740312	-0.64491028
0.33002695	12.63439505	-0.66947063	0.32989164	12.63431698	-0.66922870
0.26181123	12.57103953	-0.49375873	0.26171376	12.57096847	-0.49340649
0.30822842	12.57006798	-0.50465761	0.30812939	12.57000032	-0.50435280
0.31257244	12.58813156	-0.48931554	0.31248262	12.58806589	-0.48901928
0.33100864	12.64866064	-0.66113302	0.33087445	12.64858087	-0.66089290
0.33844420	12.63121715	-0.68410323	0.33831498	12.63114119	-0.68387981
0.31509088	12.57398040	-0.50433395	0.31499971	12.57391797	-0.50404698
0.34767034	12.55441960	-0.54560808	0.34757641	12.55436313	-0.54535475
0.36840566	12.61294989	-0.73530115	0.36828956	12.61288921	-0.73511255
0.32413867	12.44014399	-0.39365699	0.32413001	12.44011283	-0.39341034
0.29145798	12.48653984	-0.36939995	0.29145210	12.48648825	-0.36910297
0.28529555	12.49053454	-0.36407718	0.28527947	12.49047479	-0.36375970
0.23784346	12.47630543	-0.34676074	0.23783203	12.47624535	-0.34639178
0.44129534	12.55364652	-0.60873188	0.44120212	12.55361733	-0.60854452
0.43528736	12.62133732	-0.81191028	0.43517871	12.62131435	-0.81178014
0.43112431	12.41224566	-0.44237910	0.43110739	12.41223303	-0.44222115
0.13197755	12.63818342	-0.39776078	0.13189281	12.63807295	-0.39722074
0.15792006	12.70815150	-0.52188519	0.15777922	12.70802717	-0.52141509
0.11537696	12.52162146	-0.28202543	0.11539397	12.52152916	-0.28147255
0.15786938	13.14208080	-0.38638862	0.15772426	13.14191872	-0.38595959
0.25787175	13.02979023	-0.12150048	0.25799059	13.02970389	-0.12112925
0.29791225	12.91587629	-0.07998815	0.29808259	12.91579793	-0.07963556
0.32761034	12.73581555	-0.08588560	0.32780837	12.73573544	-0.08556380
0.34777525	12.55620978	-0.11637343	0.34796699	12.55612165	-0.11609136
0.23476497	12.85528457	-0.80832563	0.23452981	12.85514771	-0.80801275
0.33825185	12.37368962	-0.18051727	0.33837911	12.37361605	-0.18030828
0.16849754	13.05741264	-0.58018138	0.16822364	13.05722480	-0.57975348
0.19427503	12.98770440	-0.68078676	0.19399311	12.98753226	-0.68039654
0.89739550	11.96306047	-0.57073770	0.89741980	11.96312026	-0.57075724
0.82715831	12.01969574	-0.45665769	0.82715836	12.01969422	-0.45665923
0.94180109	11.92736022	-0.70412813	0.94184785	11.92746372	-0.70414944
0.74821168	12.33465017	-1.28532592	0.74826851	12.33476737	-1.28530668
0.46113594	12.61997106	-1.16593108	0.46111849	12.61998855	-1.16591254
0.35273181	12.65731699	-1.05707432	0.35269201	12.65729514	-1.05701723
0.28610146	12.65988745	-0.95791970	0.28605100	12.65982124	-0.95781304
0.27043631	12.68962853	-0.89554421	0.27033717	12.68954444	-0.89537756
0.25238514	12.70087411	-0.88096092	0.25222466	12.70079550	-0.88072392
0.20405698	12.68648483	-0.86210049	0.20390054	12.68638650	-0.86181803
0.11477023	12.70741830	-0.74528947	0.11459846	12.70726420	-0.74488096
0.00574635	12.74033401	-0.61149638	0.00556553	12.74014659	-0.61091192
-0.20346593	12.77975379	-0.54046763	-0.20367263	12.77947435	-0.53955325
-0.30783185	12.82059432	-0.58877643	-0.30814207	12.82025312	-0.58768259
-0.49336881	12.88112338	-0.67309793	-0.49386374	12.88065541	-0.67172031
-0.57538488	12.88412854	-0.66030889	-0.57585866	12.88361921	-0.65881203
-0.71885320	12.85400801	-0.51565083	-0.71915312	12.85358547	-0.51392019
-0.18885764	12.52444816	-0.09396536	-0.18860381	12.52430341	-0.09295378
0.14171883	12.35443122	-0.12920020	0.14195316	12.35432607	-0.12872973
0.30812143	12.38256175	-0.21776101	0.30821363	12.38250141	-0.21751810
0.38273798	12.29276149	-0.19358303	0.38276483	12.29269888	-0.19352221
0.46903737	12.23672861	-0.23793024	0.46905959	12.23668917	-0.23789495
0.71400168	12.09179911	-0.37169961	0.71400235	12.09179668	-0.37169976
0.29216229	12.51364129	-0.36233125	0.29215294	12.51358275	-0.36202347
0.57905251	12.77773023	-0.53720022	0.57892610	12.77771004	-0.53704834
0.29851558	12.98676091	-0.52340703	0.29831350	12.98663529	-0.52308574
0.03100447	12.99290040	-0.25094681	0.03102548	12.99275181	-0.25034670
0.09851855	13.07514862	-0.29784724	0.09847438	13.07499690	-0.29734090
0.31600561	12.86681581	-0.28745543	0.31599963	12.86671759	-0.28713739
0.02537092	12.96415191	-0.40915440	0.02523970	12.96395829	-0.40854955
0.11867340	13.04214799	-0.40753228	0.11852930	13.04197236	-0.40704437
0.36086509	12.82160205	-0.68811692	0.36066208	12.82150748	-0.68787057
0.15674394	13.02736842	-0.16977911	0.15682908	13.02725676	-0.16931122
0.21474251	12.81203703	-0.78713989	0.21452849	12.81190083	-0.78681272
0.32479988	12.75654892	-0.52471218	0.32466752	12.75645714	-0.52441838
0.32252653	12.88462958	-0.83604209	0.32228198	12.88452712	-0.83578450
0.39288715	12.43534072	-0.24095997	0.39296504	12.43528874	-0.24075634
0.23986929	13.04401800	-0.43878952	0.23970628	13.04387429	-0.43841776
0.47190667	12.68427748	-0.66332599	0.47176417	12.68423745	-0.66315063
0.69352819	12.75088955	-0.76877193	0.69336539	12.75093277	-0.76865356
0.32543559	12.93830449	-0.19310562	0.32549103	12.93821400	-0.19278569
-0.42967163	12.90919882	-0.22339496	-0.42959547	12.90900787	-0.22214514
0.15133813	13.07948721	-0.23947347	0.15134794	13.07935966	-0.23901728
0.31718380	12.94398015	-0.68174936	0.31693458	12.94386053	-0.68146124
-0.51729368	12.90841069	-0.26239242	-0.51726873	12.90819334	-0.26100720
0.22503539	13.02906925	-0.32018105	0.22497029	13.02893495	-0.31978992
0.28939736	12.45838403	-0.19486859	0.28952379	12.45831300	-0.19457196
0.11532931	13.09592436	-0.36040703	0.11521916	13.09575869	-0.35992596
0.20459315	13.07419212	-0.48064936	0.20438807	13.07403056	-0.48025233
0.25270335	12.61156066	-0.23702818	0.25277120	12.61148149	-0.23665289
0.16224185	12.93407479	-0.49935336	0.16205364	12.93390528	-0.49890322
0.27140066	12.88830584	-0.82547843	0.27115089	12.88817935	-0.82518846
0.27884413	12.83778638	-0.82917749	0.27862438	12.83767071	-0.82891027
0.22505500	13.01882497	-0.53663398	0.22482775	13.01866723	-0.53625187
0.37445089	12.79802847	-0.19169888	0.37452166	12.79794698	-0.19141753
0.49483740	12.59174682	-0.42877479	0.49480002	12.59170947	-0.42860483
0.30173489	12.75885886	-0.88330173	0.30158509	12.75877405	-0.88310639
0.15475832	12.96098288	-0.63502830	0.15450252	12.96080150	-0.63459311
0.39040265	12.37510179	-0.21859160	0.39049123	12.37504532	-0.21842104
0.35590823	12.48309780	-0.30706032	0.35594376	12.48304713	-0.30681285
0.19345405	12.86674775	-0.17673418	0.19353793	12.86663511	-0.17626186
0.38670513	12.72943307	-0.90710653	0.38659352	12.72939712	-0.90698661
0.29232162	12.79078150	-0.84398038	0.29213285	12.79068116	-0.84374907
0.14307328	13.11166598	-0.27188171	0.14304448	13.11152920	-0.27142695
0.41327135	12.60587986	-0.24211692	0.41334527	12.60582079	-0.24188200
0.20933910	12.85684261	-0.76341979	0.20910119	12.85669435	-0.76307092
0.42401044	12.71242271	-0.82334534	0.42386599	12.71237969	-0.82319145
0.82284357	12.74792482	-0.86400849	0.82268332	12.74802120	-0.86390238
0.56162118	12.79218048	-0.92340367	0.56144325	12.79220233	-0.92326149
0.33970962	12.68492244	-0.19250342	0.33980091	12.68484430	-0.19220242
0.24994443	12.76153239	-0.17309361	0.25004959	12.76143709	-0.17269883
