0.85376666	12.73408216	-0.42135036	0.85426111	12.73371021	-0.42154596
0.82688711	12.87232701	-0.45018922	0.82760292	12.87196750	-0.45040419
0.90243668	12.83025606	-0.54857970	0.90305215	12.82979899	-0.54881999
0.93256975	12.69694240	-0.53384778	0.93297989	12.69646628	-0.53407237
0.78582673	12.96357931	-0.51065544	0.78668545	12.96326570	-0.51087905
0.86513252	12.91661212	-0.59162896	0.86587426	12.91618962	-0.59187607
0.91367772	12.87312519	-0.65200245	0.91431864	12.87263244	-0.65226043
0.95107561	12.80293078	-0.64621346	0.95160890	12.80239852	-0.64646907
0.98341206	12.67368375	-0.64704752	0.98375926	12.67312930	-0.64728831
0.71939888	12.76417086	-1.16524310	0.71965243	12.76389581	-1.16539220
0.84139254	12.71244012	-1.14361577	0.84160877	12.71201469	-1.14380416
0.81124014	12.81922582	-1.07506437	0.81161819	12.81883251	-1.07527219
0.68953870	12.86663237	-1.09176542	0.68996301	12.86638064	-1.09193962
0.94232350	12.67769890	-1.08095644	0.94252274	12.67714635	-1.08118043
0.91063570	12.78911920	-1.02246828	0.91100300	12.78860646	-1.02270815
0.87201468	12.85800211	-0.97196066	0.87249871	12.85753636	-0.97220452
0.79368353	12.89960254	-0.98732970	0.79421593	12.89922428	-0.98755622
0.67235243	12.94676552	-0.99280079	0.67295038	12.94653214	-0.99300195
0.59988259	12.83428125	-0.20940644	0.60057811	12.83425232	-0.20954372
0.58421276	12.97150658	-0.25709108	0.58518601	12.97150299	-0.25723190
0.71740728	12.92199512	-0.34985732	0.71824823	12.92178284	-0.35003523
0.73658261	12.78257779	-0.30932906	0.73717078	12.78235741	-0.30949259
0.55549488	13.05836553	-0.34164861	0.55663928	13.05841239	-0.34179707
0.68290359	13.01282242	-0.42581676	0.68390548	13.01266009	-0.42600407
0.47148442	12.88189496	-1.06493590	0.47194126	12.88192226	-1.06504348
0.59672338	12.82619140	-1.13756624	0.59706020	12.82605611	-1.13768735
0.56752033	12.91894509	-1.06550311	0.56803647	12.91884357	-1.06565439
0.44465101	12.96509947	-0.99071515	0.44530820	12.96519680	-0.99085649
0.54895509	12.99414165	-0.96424179	0.54966930	12.99409449	-0.96442769
0.42545458	13.03540859	-0.88838148	0.42631497	13.03559451	-0.88854984
-0.00777345	12.99984940	-0.06965291	-0.00668428	13.00109948	-0.06975408
-0.13561588	13.01486331	-0.09244203	-0.13447097	13.01647998	-0.09256286
-0.13552200	13.08896727	-0.13790377	-0.13413609	13.09062358	-0.13796378
-0.01109435	13.08763940	-0.11265240	-0.00973855	13.08892442	-0.11269916
-0.25394822	13.02037502	-0.12978585	-0.25277102	13.02238086	-0.12994423
-0.25254757	13.08254656	-0.17696059	-0.25115726	13.08459341	-0.17704849
-0.25183725	13.12523694	-0.24143524	-0.25027880	13.12736476	-0.24146562
-0.13540157	13.13695729	-0.20331399	-0.13384057	13.13867104	-0.20333309
-0.01394765	13.14252819	-0.17783926	-0.01240927	13.14386768	-0.17784904
0.03998334	12.98829094	-0.59372578	0.04106745	12.98956926	-0.59381012
0.02680180	13.05131475	-0.56799848	0.02808211	13.05264848	-0.56807349
-0.05300106	13.05731900	-0.55725989	-0.05162135	13.05897227	-0.55730864
-0.04094147	13.00039322	-0.57363512	-0.03976736	13.00198849	-0.57372198
0.00908529	13.10616941	-0.52010344	0.01056274	13.10758315	-0.52015469
-0.07313740	13.10414264	-0.52109161	-0.07159906	13.10586175	-0.52111639
-0.16580891	13.10278712	-0.53795209	-0.16419936	13.10495242	-0.53800551
-0.14444765	13.06125971	-0.57469621	-0.14298464	13.06335202	-0.57479115
-0.13188583	13.00935926	-0.59311009	-0.13062631	13.01139018	-0.59324671
0.98599527	12.28531170	-0.67274381	0.98586517	12.28482005	-0.67293787
0.96378736	12.06686656	-0.68833008	0.96346086	12.06642798	-0.68847299
0.91232452	12.09491748	-0.55287247	0.91215944	12.09463639	-0.55298450
0.92763470	12.30106359	-0.53732188	0.92757286	12.30070119	-0.53747164
0.83475922	12.14604157	-0.43141680	0.83467695	12.14592385	-0.43148047
0.84218979	12.32729928	-0.41186144	0.84216383	12.32706580	-0.41197798
0.97784727	12.37534229	-1.14244980	0.97762007	12.37473644	-1.14264580
0.88347888	12.43682647	-1.21135247	0.88331346	12.43634289	-1.21151454
0.87700538	12.27734624	-1.23594085	0.87660260	12.27686549	-1.23608012
0.96831926	12.18415818	-1.15750830	0.96782981	12.18356440	-1.15767517
0.75729275	12.51472275	-1.23997594	0.75726040	12.51445152	-1.24008762
0.75186321	12.39444738	-1.27121064	0.75161666	12.39416849	-1.27130685
0.86361585	12.17274604	-1.24356650	0.86306506	12.17227782	-1.24368012
0.94817394	12.04972327	-1.15522981	0.94752225	12.04915247	-1.15535748
0.99381758	12.49389375	-0.65811818	0.99392424	12.49335709	-0.65833221
0.93727175	12.51063908	-0.53154930	0.93742481	12.51019463	-0.53174095
0.85304646	12.54005005	-0.40953788	0.85324156	12.53971766	-0.40970354
0.86866417	12.58355481	-1.18465994	0.86871500	12.58310574	-1.18482978
0.96732605	12.53982443	-1.11901967	0.96733070	12.53923429	-1.11923313
0.74394885	12.64250086	-1.20953762	0.74405853	12.64223041	-1.20967321
0.59828575	12.42064348	-0.22662892	0.59827742	12.42065692	-0.22672737
0.60096208	12.63509350	-0.20430872	0.60128741	12.63507977	-0.20442692
0.73410736	12.58403175	-0.29852802	0.73435394	12.58385533	-0.29867589
0.72595387	12.37047290	-0.30896879	0.72594405	12.37036930	-0.30905937
0.46991618	12.70481200	-1.15108605	0.47003364	12.70480850	-1.15111589
0.61264035	12.61442672	-1.21978861	0.61269225	12.61436247	-1.21983717
0.61026431	12.71810652	-1.18650148	0.61041637	12.71797948	-1.18657348
0.47625468	12.78874848	-1.11777559	0.47652270	12.78874527	-1.11783294
0.58618777	12.17506552	-0.30182434	0.58616848	12.17508049	-0.30182921
0.59551445	12.28132274	-0.26291207	0.59543038	12.28134183	-0.26296210
0.72192043	12.21614329	-0.33787142	0.72184527	12.21609517	-0.33791545
0.60029413	12.48663498	-1.25177959	0.60021968	12.48660986	-1.25177432
0.60685052	12.53389568	-1.24365090	0.60683135	12.53385091	-1.24366031
0.46322861	12.64924673	-1.16664024	0.46327822	12.64925735	-1.16666188
-0.00636276	12.72225695	-0.07079759	-0.00601522	12.72351256	-0.07102147
-0.15383724	12.79432582	-0.07980117	-0.15334520	12.79599092	-0.08009135
-0.14055676	12.91657402	-0.07550846	-0.13970711	12.91818979	-0.07570099
-0.00314154	12.87636151	-0.05915343	-0.00239431	12.87759976	-0.05932652
-0.28830785	12.84957558	-0.10593522	-0.28767250	12.85167615	-0.10628774
-0.26693462	12.94400667	-0.10782353	-0.26600239	12.94603660	-0.10806819
0.03209906	12.85839062	-0.62305599	0.03279865	12.85964890	-0.62313639
0.04016372	12.92395771	-0.61043893	0.04105046	12.92521932	-0.61053073
-0.04032951	12.93826923	-0.58367806	-0.03937217	12.93984383	-0.58379293
-0.05089858	12.87392312	-0.58840826	-0.05015723	12.87553427	-0.58854614
-0.13096484	12.95211536	-0.60231118	-0.12991527	12.95414382	-0.60248824
-0.14368005	12.89206100	-0.60250310	-0.14288675	12.89415017	-0.60273029
-0.04063571	12.42781996	-0.12653954	-0.04092954	12.42919635	-0.12685178
-0.17815642	12.64831100	-0.09926682	-0.17803749	12.65007693	-0.09963231
-0.02393995	12.55247042	-0.09565959	-0.02396456	12.55379544	-0.09593461
-0.32977153	12.64594708	-0.14145488	-0.32971321	12.64823282	-0.14196715
-0.31424867	12.73284768	-0.11999810	-0.31395659	12.73505329	-0.12046316
0.02008070	12.79226301	-0.63473819	0.02058417	12.79354296	-0.63479466
-0.07323991	12.80886112	-0.58668400	-0.07275433	12.81057860	-0.58683811
-0.09335061	12.78302314	-0.56745391	-0.09301682	12.78484568	-0.56762614
-0.17119449	12.83112172	-0.59252334	-0.17068064	12.83333966	-0.59281712
-0.37570125	13.02222225	-0.18076934	-0.37449013	13.02468604	-0.18101195
-0.36587228	13.07325112	-0.22505150	-0.36447586	13.07574750	-0.22521092
-0.48507853	13.01985708	-0.23843858	-0.48383957	13.02275263	-0.23872944
-0.46370379	13.06127350	-0.27796253	-0.46230760	13.06417016	-0.27817278
-0.44001991	13.09542675	-0.32687306	-0.43848424	13.09832916	-0.32700987
-0.35408542	13.11156021	-0.28304548	-0.35252814	13.11410199	-0.28314638
-0.24806384	13.06679899	-0.59489925	-0.24652644	13.06945366	-0.59500668
-0.23535086	13.02163783	-0.62112297	-0.23398437	13.02426946	-0.62128781
-0.26737219	13.10266474	-0.55352240	-0.26571187	13.10534006	-0.55358458
-0.36270100	13.10168700	-0.56348761	-0.36103813	13.10491285	-0.56359387
-0.34840318	13.07521947	-0.61092690	-0.34682555	13.07860827	-0.61113650
-0.33959634	13.03532293	-0.64478827	-0.33814441	13.03864305	-0.64501912
-0.23882270	12.97394573	-0.63860112	-0.23765357	12.97661864	-0.63883666
-0.34832785	12.99720016	-0.67087285	-0.34702431	13.00058773	-0.67116728
-0.36415362	12.96105718	-0.68672730	-0.36298697	12.96454636	-0.68710442
-0.25380500	12.92566983	-0.64511996	-0.25284531	12.92843384	-0.64543492
-0.53280143	12.91456207	-0.20144429	-0.53193398	12.91757046	-0.20193904
-0.55595730	12.79342408	-0.21032799	-0.55547804	12.79653889	-0.21100413
-0.63009896	12.83352975	-0.26825161	-0.62945083	12.83697287	-0.26895426
-0.60961146	12.92891291	-0.26437600	-0.60865175	12.93227569	-0.26490451
-0.56654812	12.68953457	-0.23006120	-0.56640898	12.69273074	-0.23083872
-0.63925866	12.75159596	-0.28248157	-0.63887062	12.75509800	-0.28330432
-0.68476089	12.82436224	-0.35161428	-0.68408848	12.82814420	-0.35238335
-0.67737600	12.87628490	-0.34403634	-0.67654154	12.88002587	-0.34470956
-0.65981380	12.93897950	-0.34320450	-0.65876757	12.94265678	-0.34373299
-0.45826434	12.67500164	-0.17995790	-0.45817891	12.67775815	-0.18060955
-0.44476960	12.77053876	-0.15889368	-0.44438365	12.77321742	-0.15946471
-0.41939227	12.88909010	-0.14775793	-0.41862842	12.89167162	-0.14818520
-0.45982078	12.97969848	-0.69756692	-0.45858393	12.98361760	-0.69795229
-0.46723757	12.95329568	-0.70944182	-0.46609723	12.95726377	-0.70988667
-0.37756576	12.92825201	-0.69023889	-0.37653922	12.93180217	-0.69069563
-0.54633093	12.98501742	-0.67755583	-0.54507407	12.98926130	-0.67797755
-0.55148169	12.95905084	-0.69356567	-0.55032204	12.96336485	-0.69406381
-0.38944835	12.91162002	-0.68074091	-0.38851301	12.91521088	-0.68123454
-0.27620694	12.87866917	-0.63941630	-0.27547557	12.88154622	-0.63981526
0.90312074	12.88104889	-0.90336961	0.90367330	12.88054763	-0.90363135
0.80401395	12.94903933	-0.88948413	0.80467567	12.94865822	-0.88973494
0.91991992	12.89536732	-0.81461544	0.92053513	12.89485047	-0.81488283
0.82581871	12.96883018	-0.78496724	0.82655928	12.96843071	-0.78522847
0.71660419	13.02591610	-0.74370991	0.71749472	13.02568053	-0.74394384
0.68609045	13.00179357	-0.87294509	0.68685840	13.00157372	-0.87317764
0.92097918	12.89165770	-0.72266046	0.92161959	12.89114735	-0.72292722
0.84293194	12.96008806	-0.67828580	0.84371039	12.95967976	-0.67854094
0.74935048	13.01389278	-0.61632285	0.75026000	13.01362696	-0.61655690
1.00209707	12.66660739	-0.98638172	1.00231811	12.66598316	-0.98663727
0.96573571	12.78852795	-0.94146660	0.96613622	12.78794804	-0.94172968
1.02533233	12.66703252	-0.87501422	1.02559404	12.66639294	-0.87527717
0.98576242	12.79782627	-0.84466838	0.98621587	12.79722802	-0.84494020
1.01671912	12.66641859	-0.76159221	1.01701958	12.66580920	-0.76184822
0.97990892	12.79761045	-0.74520487	0.98039967	12.79703073	-0.74547123
0.56700542	13.04894860	-0.82794678	0.56790612	13.04892141	-0.82815528
0.60439076	13.07450981	-0.67902848	0.60541210	13.07445877	-0.67924561
0.48175489	13.11538189	-0.59649983	0.48294329	13.11557312	-0.59667896
0.44395988	13.08901681	-0.74864921	0.44501839	13.08924127	-0.74883326
0.64420500	13.06298736	-0.54059473	0.64526763	13.06288778	-0.54079708
0.52009067	13.10569461	-0.45800039	0.52130711	13.10581503	-0.45816198
-0.37113963	13.11500994	-0.50460339	-0.36945072	13.11806861	-0.50466801
-0.45563646	13.09956844	-0.51799670	-0.45399652	13.10299213	-0.51808935
-0.43585043	13.09020301	-0.56069501	-0.43423578	13.09367922	-0.56081104
-0.38397239	13.11813652	-0.44155970	-0.38230975	13.12107766	-0.44161950
-0.47818078	13.09984826	-0.47367929	-0.47655782	13.10323023	-0.47377580
-0.56329877	13.07681706	-0.50418377	-0.56174162	13.08059404	-0.50434743
-0.52542741	13.07952077	-0.53639238	-0.52385423	13.08325454	-0.53653939
-0.48762109	13.07859029	-0.56242597	-0.48604732	13.08226071	-0.56256880
-0.41004078	13.11295896	-0.38179700	-0.40841996	13.11586013	-0.38188118
-0.49245746	13.09346158	-0.42272687	-0.49087260	13.09675172	-0.42284695
-0.50831877	13.07758854	-0.37276027	-0.50681400	13.08082414	-0.37293048
-0.55418197	13.06300838	-0.40577500	-0.55270666	13.06647723	-0.40597956
-0.56537125	13.07032144	-0.45407705	-0.56384960	13.07395936	-0.45426282
-0.00597356	13.14505812	-0.43767604	-0.00437436	13.14650405	-0.43769815
-0.09725125	13.13639448	-0.45031841	-0.09562214	13.13816631	-0.45032879
-0.01535737	13.16624992	-0.34217040	-0.01370125	13.16770030	-0.34217929
-0.11830213	13.15358532	-0.36367968	-0.11663815	13.15536873	-0.36367831
-0.21913622	13.14111056	-0.39482455	-0.21745410	13.14330140	-0.39481400
-0.19268347	13.12879633	-0.47355782	-0.19101312	13.13099949	-0.47357307
-0.01673689	13.16705858	-0.25489451	-0.01510288	13.16846064	-0.25489213
-0.13038010	13.15613067	-0.27997988	-0.12873193	13.15789170	-0.27998001
-0.23994936	13.14239509	-0.31573612	-0.23830383	13.14457423	-0.31573829
0.98563357	11.97058936	-1.05874038	0.98495318	11.96999456	-1.05886754
1.00937445	12.11528434	-1.05732185	1.00885035	12.11465831	-1.05749508
0.98815988	11.92592776	-0.95315780	0.98751382	11.92535685	-0.95326785
1.01532346	12.07232366	-0.94301450	1.01481741	12.07171950	-0.94318283
1.03637343	12.28974233	-0.92798435	1.03612611	12.28910437	-0.92819795
1.02511955	12.32416499	-1.04393429	1.02486662	12.32351457	-1.04414619
0.96987146	11.90990935	-0.83404057	0.96929475	11.90938922	-0.83411866
0.99900523	12.05764788	-0.81949131	0.99855927	12.05710251	-0.81964570
1.02280251	12.27926455	-0.80357571	1.02260064	12.27868370	-0.80378363
1.02263021	12.50992801	-1.01985213	1.02263171	12.50927794	-1.02008742
1.04124613	12.49247085	-0.90463127	1.04126701	12.49181881	-0.90487052
1.03007044	12.48743202	-0.78325317	1.03012827	12.48681955	-0.78348443
-0.63257205	12.97828043	-0.62570376	-0.63136093	12.98273018	-0.62615150
-0.63979038	12.94905308	-0.63895463	-0.63868582	12.95358095	-0.63949669
-0.69079848	12.96551721	-0.54674311	-0.68964158	12.96989076	-0.54721308
-0.70188681	12.92975377	-0.55428825	-0.70085274	12.93419126	-0.55487203
-0.64195807	12.92573400	-0.64139407	-0.64093947	12.93027814	-0.64200873
-0.69356096	12.95176772	-0.44516262	-0.69244578	12.95581562	-0.44567854
-0.70789492	12.90695040	-0.44790984	-0.70692099	12.91104885	-0.44853639
-0.71155590	12.87140402	-0.45100998	-0.71069584	12.87552325	-0.45172588
-0.28380327	13.12276330	-0.49073693	-0.28210362	13.12538961	-0.49077621
-0.30256074	13.13078582	-0.41857122	-0.30087353	13.13336419	-0.41861899
-0.32958062	13.12865286	-0.34857725	-0.32793481	13.13120144	-0.34863987
-0.58797194	12.98107453	-0.27521990	-0.58683285	12.98438023	-0.27563308
-0.50835513	12.98039744	-0.21185816	-0.50726095	12.98333205	-0.21223225
-0.64115805	12.97909244	-0.35093914	-0.63997990	12.98272855	-0.35138151
-0.61712106	13.00869029	-0.36657066	-0.61584444	13.01228276	-0.36694035
-0.56369611	13.01314132	-0.29818611	-0.56243755	13.01640872	-0.29851706
-0.39474659	12.96694433	-0.15504516	-0.39372676	12.96944817	-0.15536057
-0.44604935	13.00962841	-0.67773513	-0.44470118	13.01345038	-0.67804559
-0.43357818	13.04036887	-0.64806467	-0.43213192	13.04407519	-0.64830672
-0.51787007	13.03974910	-0.63120634	-0.51642306	13.04373566	-0.63146353
-0.53433971	13.01283597	-0.65843512	-0.53298725	13.01697020	-0.65876669
-0.64847608	13.02151671	-0.53246365	-0.64711821	13.02569362	-0.53276826
-0.67326701	12.99468956	-0.54005606	-0.67200594	12.99898141	-0.54043989
-0.61834927	13.00585614	-0.61167814	-0.61703727	13.01019664	-0.61203678
-0.59699917	13.03192146	-0.59260890	-0.59559496	13.03611198	-0.59288777
-0.61584035	13.04968016	-0.52211648	-0.61438203	13.05370489	-0.52234492
-0.56924806	13.05659971	-0.56439900	-0.56775651	13.06059171	-0.56461071
-0.49925807	13.06333233	-0.59070231	-0.49773429	13.06713657	-0.59089204
-0.67544624	12.98471128	-0.44631445	-0.67422122	12.98870419	-0.44673756
-0.65044992	13.01255400	-0.45091922	-0.64912899	13.01647718	-0.45125835
-0.58389843	13.03985697	-0.38936365	-0.58250742	13.04338704	-0.38964126
-0.61587461	13.04226217	-0.45844094	-0.61444896	13.04609306	-0.45869944
-0.53464686	13.04805815	-0.33106135	-0.53326331	13.05129125	-0.33131063
-0.42935879	13.06943964	-0.60675861	-0.42781675	13.07304550	-0.60693796
0.19133897	13.12757723	-0.18654624	0.19278324	13.12837025	-0.18658307
0.16340679	13.16735296	-0.27166084	0.16497727	13.16824761	-0.27168161
0.19071615	13.15465184	-0.28648545	0.19223941	13.15547776	-0.28651915
0.22287550	13.11361515	-0.19817815	0.22426840	13.11433103	-0.19822948
0.14389446	13.17554504	-0.36687048	0.14549906	13.17652812	-0.36689580
0.16950459	13.16351475	-0.38397510	0.17105438	13.16442497	-0.38401520
0.19504179	13.14568380	-0.29658921	0.19653487	13.14650017	-0.29662905
0.22704350	13.10515969	-0.20464675	0.22841109	13.10586733	-0.20470233
0.20182615	13.15325307	-0.29761770	0.20333411	13.15405470	-0.29765693
0.23253866	13.11153821	-0.19947872	0.23391882	13.11223348	-0.19953486
0.18338028	13.16128722	-0.40119330	0.18490746	13.16216244	-0.40124190
0.22728183	13.16602220	-0.42710967	0.22879175	13.16678590	-0.42717308
0.24821946	13.15759657	-0.31552880	0.24971792	13.15829122	-0.31558467
0.27844686	13.11393323	-0.21017317	0.27982286	13.11452537	-0.21023556
0.26130775	12.93895878	-0.06726347	0.26223463	12.93954965	-0.06736894
0.22755976	13.05627995	-0.11219146	0.22879868	13.05696189	-0.11225170
0.26344698	13.04284597	-0.12351121	0.26464879	13.04344974	-0.12357853
0.30065211	12.92498361	-0.08009740	0.30154782	12.92548907	-0.08019841
0.27364264	13.04066614	-0.12398689	0.27483937	13.04124817	-0.12405640
0.31189362	12.92290774	-0.08344892	0.31278883	12.92339026	-0.08355057
0.31879354	13.03825675	-0.13120911	0.31997814	13.03873540	-0.13128522
0.35556276	12.91436613	-0.08920818	0.35643868	12.91475940	-0.08931315
0.37730181	12.72518908	-0.09351517	0.37775211	12.72554351	-0.09364422
0.33742149	12.73950894	-0.08924342	0.33789907	12.73993915	-0.08936834
0.39191875	12.52970584	-0.12421522	0.39198513	12.53003418	-0.12435285
0.35461774	12.55436614	-0.11976514	0.35472314	12.55476546	-0.11990460
0.32594526	12.74188907	-0.08458559	0.32642008	12.74234223	-0.08471179
0.34234843	12.55736771	-0.11495610	0.34245219	12.55779215	-0.11509820
0.29657585	12.57199826	-0.09736023	0.29668870	12.57252216	-0.09751671
0.28400971	12.76003602	-0.06899845	0.28451389	12.76058092	-0.06913630
0.26919416	12.78685760	-0.92051096	0.26956575	12.78726216	-0.92052799
0.26071614	12.85770457	-0.89615232	0.26125327	12.85816960	-0.89620888
0.24195281	12.86446866	-0.83727753	0.24254365	12.86502825	-0.83734103
0.25150204	12.80310468	-0.86054954	0.25195132	12.80361460	-0.86058161
0.24697586	12.93062615	-0.84620029	0.24769723	12.93117456	-0.84628671
0.22755267	12.92984506	-0.79058168	0.22831979	12.93047461	-0.79066335
0.23410260	12.92546795	-0.77281214	0.23487546	12.92609592	-0.77289785
0.25262801	12.80910131	-0.83992121	0.25310451	12.80962539	-0.83996230
0.22597467	12.86543038	-0.82312591	0.22659499	12.86604778	-0.82320063
0.22968526	12.80766466	-0.84567638	0.23016416	12.80824201	-0.84571735
0.21676946	12.92981989	-0.78099691	0.21755895	12.93049297	-0.78108549
0.17661896	12.94327035	-0.76666772	0.17745514	12.94406268	-0.76675852
0.18283199	12.87528576	-0.80487769	0.18349293	12.87602616	-0.80494687
0.18337715	12.81134638	-0.82554231	0.18387650	12.81206229	-0.82557854
0.27271253	12.71640847	-0.94510878	0.27292377	12.71678636	-0.94509225
0.25784343	12.74135408	-0.88424025	0.25814331	12.74181757	-0.88423318
0.26005511	12.75721997	-0.86212751	0.26040573	12.75770299	-0.86213809
0.27696540	12.72009538	-0.87502478	0.27722493	12.72051487	-0.87501891
0.23727702	12.74946913	-0.87201983	0.23761161	12.75000549	-0.87202347
0.18837132	12.74317881	-0.85455829	0.18869294	12.74385066	-0.85455151
0.27707176	12.33262609	-0.16493655	0.27671391	12.33317700	-0.16508943
0.29625064	12.42873714	-0.13126161	0.29612054	12.42923096	-0.13141299
0.34453758	12.42611041	-0.14711409	0.34443284	12.42649112	-0.14724715
0.32925630	12.35649607	-0.17946468	0.32902708	12.35687607	-0.17958627
0.34882052	12.43864673	-0.15435821	0.34874305	12.43902008	-0.15448874
0.35839633	12.41891786	-0.15204910	0.35829184	12.41927185	-0.15217767
0.34511795	12.35039104	-0.18580921	0.34499551	12.35069782	-0.18593534
0.39559953	12.38509594	-0.16021615	0.39546933	12.38537294	-0.16033607
0.13297139	13.15121842	-0.47260828	0.13450266	13.15225728	-0.47266381
0.16230725	13.13695303	-0.48671067	0.16377632	13.13790184	-0.48677725
0.13519086	13.09890481	-0.58124579	0.13654272	13.09992355	-0.58133117
0.16979421	13.08236641	-0.59193058	0.17107693	13.08327433	-0.59202660
0.17389755	13.12524569	-0.49349180	0.17532270	13.12615752	-0.49356373
0.17976709	13.13149163	-0.49358853	0.18120009	13.13238961	-0.49365947
0.18842007	13.07503359	-0.58808099	0.18966581	13.07588554	-0.58818008
0.21435065	13.07961460	-0.62741104	0.21556093	13.08038603	-0.62752194
0.21500817	13.13629568	-0.52611042	0.21641116	13.13709525	-0.52619884
0.22810027	13.00789860	-0.74554700	0.22906076	13.00856418	-0.74565265
0.20684459	13.00390492	-0.69750990	0.20784042	13.00464673	-0.69760915
0.19280883	13.00746233	-0.69718729	0.19383203	13.00824593	-0.69728955
0.15516107	13.02350185	-0.68613113	0.15624785	13.02440191	-0.68623447
0.40352073	13.09393408	-0.26370245	0.40480431	13.09426145	-0.26380051
0.43671838	13.01264085	-0.17993370	0.43781317	13.01288810	-0.18003877
0.46246622	12.88147894	-0.13383095	0.46327178	12.88167385	-0.13394758
0.31975352	12.99460988	-0.86393032	0.32057891	12.99499928	-0.86405866
0.34179988	12.91525683	-0.95265879	0.34240569	12.91552286	-0.95275583
0.30356716	13.06505123	-0.75205864	0.30462034	13.06553997	-0.75219662
0.14181227	12.96893325	-0.06256021	0.14281420	12.96979748	-0.06266176
0.12298693	13.07386974	-0.10639078	0.12428472	13.07480040	-0.10644362
0.10370299	13.13844835	-0.17593816	0.10520087	13.13946374	-0.17595892
0.09801040	13.03937746	-0.62697994	0.09919104	13.04047989	-0.62706632
0.07990919	13.10571727	-0.54873005	0.08132121	13.10690324	-0.54879756
0.11490334	12.96608720	-0.68135337	0.11584070	12.96709375	-0.68144150
0.47344000	12.68626679	-0.13392878	0.47383085	12.68644317	-0.13405264
0.48022325	12.47738246	-0.16239598	0.48024433	12.47756096	-0.16250938
0.34922134	12.83361315	-1.00497786	0.34962611	12.83380888	-1.00502815
0.34888149	12.75827100	-1.03374595	0.34913695	12.75845157	-1.03377131
0.48113019	12.33966465	-0.20006437	0.48101800	12.33981033	-0.20013818
0.34653096	12.69812764	-1.05218270	0.34664899	12.69829794	-1.05218659
0.15369098	12.47916221	-0.10965461	0.15358151	12.48001387	-0.10986359
0.16202349	12.63510791	-0.07996162	0.16222897	12.63594316	-0.08015144
0.11211456	12.76408751	-0.75031470	0.11254041	12.76502870	-0.75033119
0.11393938	12.83309934	-0.72706867	0.11453762	12.83405899	-0.72711815
0.15644840	12.81426616	-0.05883535	0.15705972	12.81510403	-0.05899265
0.11756387	12.89887987	-0.70939870	0.11832357	12.89985557	-0.70947283
0.34134852	13.14821629	-0.50245372	0.34271951	13.14870032	-0.50257265
0.31476626	13.12001049	-0.62973950	0.31601725	13.12053396	-0.62987975
0.37133039	13.13932293	-0.37598138	0.37271263	13.13974196	-0.37608296
0.07711149	13.17512808	-0.34800706	0.07874812	13.17630302	-0.34802181
0.07383557	13.15209418	-0.45041495	0.07541210	13.15330568	-0.45044741
0.08769464	13.17112522	-0.25651579	0.08930121	13.17222242	-0.25652433
0.88019046	11.96446997	-0.58406266	0.87993904	11.96419004	-0.58406083
0.81676000	12.01719950	-0.47386000	0.81676000	12.01719950	-0.47386000
0.91899063	11.93566965	-0.71300455	0.91854492	11.93525418	-0.71303736
0.90673320	12.00223503	-0.71803401	0.90633018	12.00182680	-0.71808853
0.87206790	12.04972571	-0.63161261	0.87179530	12.04940736	-0.63165965
0.80447162	12.11345324	-0.52883320	0.80431954	12.11328395	-0.52889269
0.95135862	11.92742538	-0.83750452	0.95079372	11.92691878	-0.83757391
0.97027910	11.94297112	-0.94907879	0.96965063	11.94241658	-0.94918165
0.93924945	12.06126845	-0.93264811	0.93873967	12.06074904	-0.93276660
0.92516843	12.03136091	-0.81475802	0.92470730	12.03088472	-0.81484426
0.96940892	11.98505993	-1.04242050	0.96875312	11.98448511	-1.04254110
0.93507562	12.05989047	-1.12947856	0.93444899	12.05934001	-1.12960228
0.91256135	12.12285592	-1.10717485	0.91202214	12.12233910	-1.10730263
0.93646184	12.09599277	-1.03063177	0.93593035	12.09545970	-1.03076424
0.85516518	12.17867124	-1.22067035	0.85463419	12.17821885	-1.22078177
0.74011575	12.33095809	-1.27135710	0.73976553	12.33069450	-1.27144474
0.74455203	12.35927439	-1.19967084	0.74427682	12.35900615	-1.19976492
0.85394776	12.22468699	-1.15809099	0.85350847	12.22424594	-1.15821340
0.60073609	12.48276331	-1.23764428	0.60066136	12.48274103	-1.23763711
0.47131952	12.61379552	-1.15287718	0.47133654	12.61381076	-1.15288984
0.49420000	12.61570000	-1.07906000	0.49420000	12.61570000	-1.07906000
0.61447000	12.50220000	-1.16283000	0.61447000	12.50220000	-1.16283000
0.38323265	12.64798971	-1.04990299	0.38325687	12.64807955	-1.04990463
0.33248527	12.64939836	-0.95696846	0.33253448	12.64961646	-0.95694304
0.37140000	12.64100070	-0.89641000	0.37140000	12.64100070	-0.89641000
0.41679000	12.64250090	-0.98287004	0.41679000	12.64250090	-0.98287004
0.31529834	12.68182757	-0.89787795	0.31546231	12.68211954	-0.89786299
0.31183382	12.70971463	-0.87074003	0.31207389	12.71004191	-0.87074503
0.34005592	12.69754140	-0.81371450	0.34030556	12.69785202	-0.81374725
0.34876123	12.67163949	-0.84099534	0.34894916	12.67186631	-0.84100698
0.30254738	12.69716966	-0.87457108	0.30275431	12.69751847	-0.87456503
0.25930097	12.68842373	-0.84525735	0.25950743	12.68891802	-0.84523801
0.29972214	12.68516451	-0.77593467	0.29996818	12.68560008	-0.77594311
0.33865737	12.68617142	-0.81232624	0.33888080	12.68648669	-0.81235326
0.15375702	12.72749906	-0.71800883	0.15410846	12.72834123	-0.71802038
0.02196569	12.78640661	-0.57919465	0.02243745	12.78771309	-0.57926580
0.02718055	12.82357633	-0.50269394	0.02778037	12.82486051	-0.50280136
0.17812626	12.74245102	-0.64299638	0.17854418	12.74326679	-0.64304048
-0.09505440	12.83507761	-0.51957157	-0.09452388	12.83687787	-0.51977040
-0.20130316	12.87339034	-0.52593592	-0.20064248	12.87568924	-0.52624409
-0.20137802	12.93991548	-0.46369360	-0.20042084	12.94212112	-0.46393180
-0.09436328	12.89321181	-0.44866023	-0.09358027	12.89494776	-0.44884828
-0.30413288	12.90311374	-0.58809681	-0.30331467	12.90606425	-0.58850535
-0.39980190	12.92290489	-0.65703842	-0.39881578	12.92648569	-0.65752020
-0.41557636	12.94886863	-0.60414299	-0.41449156	12.95240198	-0.60458277
-0.31175512	12.95490554	-0.53159253	-0.31072206	12.95780048	-0.53194200
-0.48696607	12.92902434	-0.68537425	-0.48593619	12.93302151	-0.68588882
-0.56651936	12.92592671	-0.67393779	-0.56550154	12.93025663	-0.67454006
-0.56592933	12.92669451	-0.63848741	-0.56491633	12.93091293	-0.63908037
-0.50933508	12.93479279	-0.63686905	-0.50829192	12.93876478	-0.63739071
-0.64100480	12.91607875	-0.62296525	-0.64002222	12.92055802	-0.62360667
-0.69099543	12.89719071	-0.54441205	-0.69006481	12.90155714	-0.54510042
-0.65385703	12.91150996	-0.51528744	-0.65288504	12.91565019	-0.51591775
-0.61579926	12.92358453	-0.59154284	-0.61479576	12.92785582	-0.59215221
-0.69750540	12.86617935	-0.45033273	-0.69666407	12.87024911	-0.45105596
-0.67311548	12.81565242	-0.36159965	-0.67246599	12.81941208	-0.36237206
-0.65116855	12.82210777	-0.37397385	-0.65049451	12.82581865	-0.37472433
-0.66140809	12.87112221	-0.43302107	-0.66055764	12.87502538	-0.43371242
-0.62933552	12.73843386	-0.29946265	-0.62897712	12.74192143	-0.30028792
-0.55847072	12.67486709	-0.25053835	-0.55836817	12.67805286	-0.25131284
-0.53865858	12.73427354	-0.28022403	-0.53831924	12.73742092	-0.28093831
-0.61269777	12.78106083	-0.33066550	-0.61217677	12.78454850	-0.33142567
-0.45262172	12.66560944	-0.20085928	-0.45255332	12.66836308	-0.20150764
-0.32614831	12.64055960	-0.16200365	-0.32608616	12.64283876	-0.16250722
-0.30653942	12.69403684	-0.18997184	-0.30630855	12.69625950	-0.19044138
-0.43158209	12.72314890	-0.22920421	-0.43129388	12.72585257	-0.22979050
-0.19097862	12.53198313	-0.14561771	-0.19109371	12.53379963	-0.14599631
-0.04366455	12.41258755	-0.15033203	-0.04397653	12.41397549	-0.15064668
-0.03949210	12.48224736	-0.18123294	-0.03963022	12.48362655	-0.18151951
-0.17775365	12.59448548	-0.17403827	-0.17770858	12.59626511	-0.17439442
0.11731512	12.34858140	-0.16845956	0.11693104	12.34954901	-0.16868300
0.24641111	12.32730159	-0.19194922	0.24604250	12.32793385	-0.19211044
0.22778628	12.38726730	-0.24428862	0.22759713	12.38793510	-0.24444954
0.10946088	12.41605083	-0.20994880	0.10925619	12.41703281	-0.21016857
0.29796719	12.36003106	-0.21250726	0.29774493	12.36049093	-0.21263347
0.28515333	12.44409407	-0.28205594	0.28512038	12.44458547	-0.28217174
0.27654454	12.41651222	-0.26829809	0.27645142	12.41702907	-0.26842351
0.31115128	12.34890803	-0.22470661	0.31106225	12.34922712	-0.22480863
0.34620000	12.27620000	-0.23202000	0.34620000	12.27620000	-0.23202000
0.31737329	12.33558644	-0.29174856	0.31728576	12.33589620	-0.29177820
0.28417527	12.40198880	-0.28284865	0.28410989	12.40243895	-0.28294438
0.44425997	12.21770000	-0.27141000	0.44425997	12.21770000	-0.27141000
0.57587000	12.16340070	-0.32883000	0.57587000	12.16340070	-0.32883000
0.56786079	12.24338339	-0.38324779	0.56775408	12.24340306	-0.38328077
0.42579408	12.28737909	-0.32853766	0.42568469	12.28751926	-0.32856770
0.70622003	12.08180000	-0.39380000	0.70622003	12.08180000	-0.39380000
0.69839352	12.18097910	-0.44768252	0.69827139	12.18090372	-0.44772073
0.76195433	12.39132501	-1.04889517	0.76177958	12.39101196	-1.04900194
0.86279569	12.24162043	-1.04766071	0.86243179	12.24117511	-1.04778708
0.78154854	12.37492916	-0.86082159	0.78142823	12.37461591	-0.86094059
0.87210673	12.22038335	-0.90713972	0.87178367	12.21994786	-0.90726160
0.79363976	12.26084458	-0.67292201	0.79347600	12.26057313	-0.67302317
0.87185561	12.14701395	-0.75482711	0.87153985	12.14662258	-0.75492826
0.53417625	12.60820921	-0.90354457	0.53428874	12.60817634	-0.90360865
0.64687299	12.52133775	-0.99103552	0.64688308	12.52119352	-0.99110196
0.56507439	12.53909865	-0.69226797	0.56519487	12.53909732	-0.69235065
0.67754587	12.47779686	-0.78191882	0.67757556	12.47762840	-0.78202046
0.56928236	12.38719035	-0.51180400	0.56924597	12.38721285	-0.51187294
0.69106934	12.33960987	-0.58963491	0.69100113	12.33947395	-0.58971852
-0.21229099	12.93287272	-0.37875406	-0.21132834	12.93499294	-0.37899196
-0.10795103	12.88534186	-0.36206898	-0.10715023	12.88705707	-0.36227219
-0.23578711	12.87378646	-0.29323259	-0.23500637	12.87588383	-0.29352653
-0.13049127	12.82035284	-0.27878751	-0.12986165	12.82207209	-0.27904001
-0.01438991	12.74937916	-0.31271978	-0.01392099	12.75073053	-0.31290932
0.01048831	12.81552800	-0.40744741	0.01111411	12.81683281	-0.40759058
-0.27206553	12.78304093	-0.23216340	-0.27156036	12.78518380	-0.23255234
-0.15585406	12.70661782	-0.21768855	-0.15551845	12.70836418	-0.21800020
-0.03017691	12.61693355	-0.23675654	-0.03000050	12.61829635	-0.23699654
-0.54531070	12.95137386	-0.55495835	-0.54421665	12.95524809	-0.55545693
-0.58010440	12.94124328	-0.46345551	-0.57903029	12.94494952	-0.46396950
-0.47836426	12.95648752	-0.40059939	-0.47726311	12.95966224	-0.40101144
-0.44383106	12.97369146	-0.50602325	-0.44266063	12.97703083	-0.50641698
-0.59904814	12.86636620	-0.38666009	-0.59822971	12.86992949	-0.38730561
-0.51117284	12.85256897	-0.32692846	-0.51042305	12.85570385	-0.32749972
-0.32941520	12.96482444	-0.43632756	-0.32833119	12.96752157	-0.43662100
-0.35767387	12.92639835	-0.33837505	-0.35671480	12.92899185	-0.33871656
-0.39607315	12.82812324	-0.27188087	-0.39542753	12.83075604	-0.27234451
0.29425167	12.64441438	-0.65256873	0.29450148	12.64494092	-0.65260604
0.33593161	12.64009966	-0.67582154	0.33616445	12.64051898	-0.67585820
0.26681713	12.57790573	-0.50347626	0.26697768	12.57850547	-0.50355987
0.31317807	12.57597988	-0.51322986	0.31333277	12.57646623	-0.51331405
0.31767202	12.59384791	-0.49756868	0.31787469	12.59432258	-0.49765159
0.33723244	12.65442490	-0.66746083	0.33750264	12.65484554	-0.66750161
0.34425898	12.63668435	-0.68992713	0.34449989	12.63708191	-0.68995868
0.31999253	12.57952411	-0.51229197	0.32017394	12.57998690	-0.51236708
0.35218671	12.55924858	-0.55263126	0.35232918	12.55964478	-0.55269485
0.37339745	12.61744633	-0.74019795	0.37359127	12.61777524	-0.74022351
0.32570521	12.44422677	-0.40056300	0.32571058	12.44462657	-0.40063066
0.29355986	12.49183520	-0.37778136	0.29361660	12.49232024	-0.37787626
0.28764246	12.49628272	-0.37312443	0.28768147	12.49680041	-0.37323464
0.23995711	12.48298126	-0.35727126	0.23997516	12.48361328	-0.35738646
0.44557238	12.55621906	-0.61418793	0.44570944	12.55642947	-0.61425722
0.43963768	12.62323448	-0.81551746	0.43979584	12.62337531	-0.81555504
0.43239515	12.41417836	-0.44700459	0.43237343	12.41437879	-0.44706040
0.13816063	12.64886721	-0.41288368	0.13845124	12.64979990	-0.41301050
0.16579751	12.71893300	-0.53455519	0.16620273	12.71980403	-0.53464358
0.11749892	12.53169056	-0.29795555	0.11756648	12.53266281	-0.29813507
0.17551698	13.15385705	-0.39631761	0.17703164	13.15475018	-0.39636584
0.26674234	13.03652560	-0.13067534	0.26792946	13.03712520	-0.13074485
0.30313243	12.92157894	-0.08945739	0.30402389	12.92208122	-0.08955860
0.32860443	12.74116543	-0.09503674	0.32908465	12.74161369	-0.09516252
0.34575289	12.56160286	-0.12477571	0.34586947	12.56201989	-0.12491516
0.24610393	12.86379438	-0.81647843	0.24671113	12.86436176	-0.81654853
0.33544732	12.37839264	-0.18680861	0.33529927	12.37874909	-0.18693191
0.18654169	13.06987381	-0.59087396	0.18777598	13.07072933	-0.59097278
0.21024667	12.99865714	-0.69084872	0.21123647	12.99939344	-0.69094785
0.89461256	11.95918393	-0.57068664	0.89437493	11.95890386	-0.57069482
0.82730762	12.01975884	-0.45664512	0.82732322	12.01976301	-0.45664543
0.93639679	11.92131156	-0.70447286	0.93594990	11.92088841	-0.70451508
0.74352888	12.32950080	-1.28686146	0.74316725	12.32923058	-1.28695023
0.46175014	12.61959976	-1.16651647	0.46177171	12.61961592	-1.16652764
0.35418404	12.65914293	-1.05854242	0.35423531	12.65928973	-1.05854095
0.28814637	12.66450837	-0.96036764	0.28823194	12.66483405	-0.96033377
0.27466381	12.69536180	-0.89955590	0.27485470	12.69576352	-0.89953178
0.25842525	12.70727295	-0.88677191	0.25865032	12.70774084	-0.88675530
0.20983345	12.69448178	-0.86874002	0.21003411	12.69508726	-0.86870633
0.12197879	12.71954241	-0.75512620	0.12229404	12.72044679	-0.75511854
0.01362435	12.75755203	-0.62637754	0.01402546	12.75885869	-0.62641777
-0.19663810	12.81111852	-0.56839731	-0.19625061	12.81345249	-0.56873577
-0.29638218	12.86149443	-0.62055268	-0.29575725	12.86445221	-0.62100081
-0.47427686	12.93492176	-0.70734247	-0.47321130	12.93891034	-0.70782883
-0.55616942	12.93824792	-0.69587708	-0.55509784	12.94259056	-0.69643982
-0.70311409	12.90222951	-0.55582796	-0.70216629	12.90667560	-0.55650413
-0.19335703	12.54169927	-0.12366385	-0.19346794	12.54352010	-0.12404732
0.13507560	12.36386173	-0.14358766	0.13471802	12.36477999	-0.14380416
0.30646211	12.38743499	-0.22492952	0.30634047	12.38785288	-0.22504477
0.38210844	12.29547198	-0.19569447	0.38205121	12.29562118	-0.19574326
0.46831740	12.23818670	-0.23928441	0.46825959	12.23826053	-0.23932915
0.71403032	12.09178932	-0.37171575	0.71402918	12.09178170	-0.37171127
0.29465544	12.51921195	-0.37105526	0.29474490	12.51971019	-0.37115584
0.58754429	12.77819388	-0.54245403	0.58807163	12.77818070	-0.54259296
0.31302109	12.99460138	-0.53204872	0.31403755	12.99512983	-0.53216058
0.04161815	13.00645894	-0.26557888	0.04275442	13.00766934	-0.26566605
0.11252931	13.08755033	-0.30967422	0.11388580	13.08858909	-0.30973008
0.32416927	12.87314844	-0.29620210	0.32494452	12.87362360	-0.29630775
0.03866051	12.98009925	-0.42419311	0.03972804	12.98135602	-0.42428462
0.13396110	13.05537091	-0.41937716	0.13521759	13.05637067	-0.41944893
0.37146839	12.82701332	-0.69504511	0.37205452	12.82734911	-0.69514475
0.16654530	13.03680060	-0.18123783	0.16774462	13.03765124	-0.18130739
0.22491188	12.82110731	-0.79546513	0.22544185	12.82173392	-0.79551476
0.33340368	12.76294977	-0.53279863	0.33392271	12.76341340	-0.53288428
0.33426818	12.89028768	-0.84321876	0.33489548	12.89063345	-0.84332302
0.39227666	12.43876308	-0.24700909	0.39225377	12.43903829	-0.24710523
0.25515908	13.05353023	-0.44826677	0.25635968	13.05420709	-0.44835840
0.47903131	12.68666291	-0.66862355	0.47937641	12.68681136	-0.66871526
0.70132127	12.74799614	-0.77354580	0.70170868	12.74777293	-0.77371382
0.33370949	12.94416802	-0.20176203	0.33465362	12.94462241	-0.20186234
-0.42111154	12.93607037	-0.25368661	-0.42014763	12.93876489	-0.25406241
0.16404109	13.08975109	-0.25023738	0.16538532	13.09062873	-0.25029112
0.33123373	12.95091932	-0.68965000	0.33209089	12.95135851	-0.68976396
-0.50742188	12.93955979	-0.29520178	-0.50641412	12.94262711	-0.29564217
0.23811525	13.03835235	-0.32999001	0.23930816	13.03905614	-0.33006978
0.28771721	12.46413378	-0.20357535	0.28768697	12.46463792	-0.20370811
0.13131344	13.10870452	-0.37152212	0.13272667	13.10970977	-0.37157279
0.22155291	13.08505106	-0.49051643	0.22283808	13.08582108	-0.49060200
0.25481789	12.61843384	-0.24771056	0.25506510	12.61905010	-0.24784060
0.17566414	12.94623441	-0.51096146	0.17660101	12.94710832	-0.51105385
0.28353302	12.89566975	-0.83324058	0.28418930	12.89613926	-0.83332944
0.28929618	12.84467298	-0.83623001	0.28984439	12.84511691	-0.83629871
0.24101287	13.02913993	-0.54649682	0.24212950	13.02984863	-0.54659917
0.37971700	12.80293029	-0.19971997	0.38035044	12.80329217	-0.19983491
0.49877316	12.59378179	-0.43412841	0.49899426	12.59391328	-0.43422859
0.30857564	12.76392769	-0.88828911	0.30891750	12.76425767	-0.88831440
0.16977873	12.97330919	-0.64613772	0.17073150	12.97416422	-0.64622893
0.38870759	12.37836353	-0.22371407	0.38859943	12.37860893	-0.22380407
0.35690323	12.48728958	-0.31424944	0.35694437	12.48765177	-0.31434675
0.19992099	12.87566871	-0.18957681	0.20071046	12.87644081	-0.18970046
0.39177731	12.73139294	-0.91036579	0.39202696	12.73151035	-0.91039859
0.30103172	12.79684263	-0.85000464	0.30147216	12.79723708	-0.85005146
0.15748823	13.12255987	-0.28234622	0.15893016	13.12347028	-0.28238816
0.41513840	12.60950757	-0.24914180	0.41538906	12.60978402	-0.24925614
0.22109272	12.86649420	-0.77241084	0.22173488	12.86715121	-0.77248028
0.43035827	12.71485028	-0.82784749	0.43064731	12.71499563	-0.82791911
0.83023662	12.74229541	-0.86890583	0.83059577	12.74190512	-0.86910846
0.56928943	12.79087110	-0.92821726	0.56964949	12.79077470	-0.92834352
0.34257479	12.69026153	-0.20114051	0.34297945	12.69069365	-0.20126188
0.25378312	12.76883907	-0.18407850	0.25433459	12.76946911	-0.18420562
