0.85688145	12.73186368	-0.42257526	0.85741020	12.73149401	-0.42278484
0.83126270	12.87018917	-0.45151937	0.83198487	12.86983372	-0.45173993
0.90615671	12.82755376	-0.55008449	0.90676415	12.82711247	-0.55033792
0.93511928	12.69412383	-0.53526966	0.93554532	12.69366410	-0.53551584
0.79097783	12.96170811	-0.51201907	0.79181177	12.96139665	-0.51223693
0.86955047	12.91411339	-0.59315851	0.87026130	12.91370584	-0.59340915
0.91748368	12.87022799	-0.65360748	0.91809386	12.86976051	-0.65387393
0.95426616	12.79980232	-0.64781713	0.95478128	12.79929815	-0.64808856
0.98554019	12.67042380	-0.64857753	0.98588988	12.66989923	-0.64884311
0.72079725	12.76259559	-1.16610706	0.72099973	12.76235691	-1.16624086
0.84258146	12.70998471	-1.14474944	0.84275119	12.70960686	-1.14493548
0.81336906	12.81694749	-1.07629260	0.81368672	12.81659446	-1.07648660
0.69190981	12.86517143	-1.09274349	0.69226318	12.86494669	-1.09288703
0.94343366	12.67449178	-1.08233598	0.94359502	12.67399406	-1.08256906
0.91272735	12.78613878	-1.02392562	0.91304237	12.78567437	-1.02416474
0.87478020	12.85528554	-0.97343193	0.87520166	12.85486029	-0.97366747
0.79670505	12.89739236	-0.98866555	0.79716461	12.89704569	-0.98887204
0.67572607	12.94538550	-0.99392997	0.67623816	12.94516850	-0.99409246
0.60438311	12.83406851	-0.21015615	0.60516685	12.83400631	-0.21026292
0.59026004	12.97143857	-0.25787351	0.59127411	12.97139819	-0.25798027
0.72259485	12.92071529	-0.35092811	0.72345915	12.92049075	-0.35109774
0.74034942	12.78124134	-0.31031397	0.74099856	12.78100625	-0.31047471
0.56243527	13.05857253	-0.34246613	0.56357092	13.05857672	-0.34257101
0.68894861	13.01182758	-0.42692894	0.68993208	13.01164912	-0.42709717
0.47401663	12.88201558	-1.06542445	0.47439714	12.88203658	-1.06547405
0.59858547	12.82541422	-1.13820589	0.59885933	12.82529892	-1.13829212
0.57039491	12.91833190	-1.06629126	0.57082701	12.91823883	-1.06639330
0.44833016	12.96558415	-0.99136804	0.44889052	12.96565707	-0.99143502
0.55297424	12.99380419	-0.96521341	0.55358734	12.99374761	-0.96533724
0.43032545	13.03635511	-0.88917272	0.43107456	13.03649421	-0.88925295
-0.00070436	13.00697022	-0.06956386	0.00053447	13.00804370	-0.06940903
-0.12822198	13.02406202	-0.09227358	-0.12693610	13.02545077	-0.09206852
-0.12681496	13.09836545	-0.13742673	-0.12534949	13.09977518	-0.13718805
-0.00257074	13.09493759	-0.11228186	-0.00112739	13.09603333	-0.11209432
-0.24637840	13.03178693	-0.12963512	-0.24507448	13.03350066	-0.12938901
-0.24382770	13.09416501	-0.17644938	-0.24237200	13.09589925	-0.17616472
-0.24226478	13.13726012	-0.24063743	-0.24070486	13.13903920	-0.24032012
-0.12580210	13.14663929	-0.20263519	-0.12422798	13.14808012	-0.20237424
-0.00448209	13.15010336	-0.17728682	-0.00291926	13.15123223	-0.17707824
0.04633576	12.99537131	-0.59367092	0.04732210	12.99641536	-0.59353682
0.03428668	13.05870186	-0.56789493	0.03544410	13.05978696	-0.56775019
-0.04495477	13.06649343	-0.55689392	-0.04372376	13.06782445	-0.55669418
-0.03406387	13.00924831	-0.57346890	-0.03300493	13.01053854	-0.57329622
0.01774173	13.11400848	-0.51984989	0.01907901	13.11515406	-0.51968460
-0.06414297	13.11369054	-0.52057410	-0.06276390	13.11507552	-0.52035164
-0.15644097	13.11479571	-0.53743126	-0.15501993	13.11651374	-0.53717745
-0.13595217	13.07285352	-0.57442173	-0.13467212	13.07451204	-0.57420082
-0.12456136	13.02061865	-0.59306473	-0.12345188	13.02223448	-0.59287137
0.98530541	12.28239061	-0.67399178	0.98520856	12.28191916	-0.67422094
0.96185724	12.06423953	-0.68926273	0.96156415	12.06381683	-0.68944405
0.91140067	12.09321693	-0.55360305	0.91126454	12.09293225	-0.55375023
0.92740319	12.29888953	-0.53830139	0.92738866	12.29852927	-0.53848631
0.83437120	12.14529846	-0.43184562	0.83433041	12.14516536	-0.43193655
0.84223137	12.32586651	-0.41261706	0.84227154	12.32562036	-0.41276059
0.97646008	12.37181180	-1.14368784	0.97623129	12.37126463	-1.14391141
0.88244918	12.43402718	-1.21236282	0.88227445	12.43359629	-1.21254307
0.87457353	12.27457029	-1.23682672	0.87417524	12.27414344	-1.23699406
0.96536595	12.18069426	-1.15857989	0.96489020	12.18015817	-1.15878398
0.75705569	12.51316804	-1.24066238	0.75700827	12.51293235	-1.24078048
0.75036283	12.39285068	-1.27181747	0.75011193	12.39261144	-1.27192913
0.86029927	12.17006066	-1.24432498	0.85975943	12.16964625	-1.24447199
0.94419451	12.04641212	-1.15607822	0.94356301	12.04589919	-1.15624913
0.99454160	12.49072309	-0.65949789	0.99467036	12.49021188	-0.65974563
0.93833165	12.50799981	-0.53278464	0.93852461	12.50756798	-0.53300688
0.85442710	12.53805152	-0.41058239	0.85468506	12.53771608	-0.41076839
0.86889643	12.58096448	-1.18570572	0.86891947	12.58056700	-1.18588488
0.96729632	12.53639618	-1.12035089	0.96727974	12.53586479	-1.12058262
0.74452245	12.64095723	-1.21034594	0.74459761	12.64072462	-1.21047869
0.59860830	12.42062860	-0.22714431	0.59872085	12.42059876	-0.22722475
0.60331348	12.63495125	-0.20493726	0.60376075	12.63489996	-0.20502927
0.73588859	12.58293136	-0.29939999	0.73622638	12.58273246	-0.29954513
0.72616946	12.36978558	-0.30951719	0.72625001	12.36965324	-0.30961706
0.47054465	12.70480691	-1.15122067	0.47063463	12.70481115	-1.15123428
0.61290516	12.61407161	-1.22006794	0.61293806	12.61402156	-1.22011128
0.61108785	12.71739435	-1.18690278	0.61120445	12.71729053	-1.18696121
0.47772869	12.78872735	-1.11802839	0.47794653	12.78872803	-1.11805161
0.58610968	12.17512297	-0.30185503	0.58610475	12.17512625	-0.30186125
0.59524123	12.28134687	-0.26318857	0.59523610	12.28132955	-0.26323607
0.72163242	12.21578857	-0.33815169	0.72161669	12.21571385	-0.33820953
0.59982449	12.48649989	-1.25174259	0.59974332	12.48648524	-1.25173838
0.60670310	12.53364645	-1.24369882	0.60667332	12.53361247	-1.24370601
0.46347987	12.64932277	-1.16674050	0.46351346	12.64933858	-1.16675238
-0.00352783	12.72942324	-0.07133593	-0.00292866	12.73050210	-0.07126040
-0.15013680	12.80380874	-0.08049506	-0.14939496	12.80524441	-0.08038124
-0.13481469	12.92578192	-0.07569969	-0.13376887	12.92717605	-0.07553440
0.00199570	12.88341993	-0.05943391	0.00294517	12.88448397	-0.05932538
-0.28376608	12.86151568	-0.10675879	-0.28290129	12.86331939	-0.10660535
-0.26072430	12.95555276	-0.10810309	-0.25961233	12.95729438	-0.10789858
0.03626334	12.86538302	-0.62293623	0.03692631	12.86642417	-0.62279526
0.04538753	12.93095367	-0.61040612	0.04620622	12.93198938	-0.61027667
-0.03467268	12.94702288	-0.58364550	-0.03379057	12.94830437	-0.58348793
-0.04646152	12.88289698	-0.58846389	-0.04575450	12.88421279	-0.58831310
-0.12482716	12.96336899	-0.60246573	-0.12389007	12.96498625	-0.60229454
-0.13895397	12.90366054	-0.60287851	-0.13821153	12.90532931	-0.60272721
-0.04156947	12.43569014	-0.12740929	-0.04158247	12.43687439	-0.12739021
-0.17663270	12.65836569	-0.10035009	-0.17622758	12.65988368	-0.10027015
-0.02329985	12.56003688	-0.09642178	-0.02305186	12.56117272	-0.09637717
-0.32857503	12.65890849	-0.14315248	-0.32823340	12.66086696	-0.14305976
-0.31169323	12.74536792	-0.12141865	-0.31113019	12.74726100	-0.12131255
0.02312821	12.79939645	-0.63446561	0.02362845	12.80046127	-0.63430293
-0.07021032	12.81844495	-0.58680160	-0.06970050	12.81984606	-0.58664138
-0.09113226	12.79319793	-0.56765215	-0.09072008	12.79468271	-0.56748697
-0.16798583	12.84346077	-0.59321122	-0.16744960	12.84523352	-0.59307598
-0.36796323	13.03621680	-0.18084444	-0.36665097	13.03830247	-0.18057938
-0.35714737	13.08739776	-0.22471373	-0.35570566	13.08949191	-0.22440658
-0.47722052	13.03629013	-0.23854253	-0.47591016	13.03872782	-0.23824308
-0.45502681	13.07767977	-0.27769840	-0.45360946	13.08009445	-0.27736514
-0.43064541	13.11180807	-0.32629012	-0.42914300	13.11420174	-0.32592757
-0.34455272	13.12591455	-0.28243903	-0.34301352	13.12802225	-0.28210586
-0.23917574	13.08146843	-0.59451625	-0.23785026	13.08353854	-0.59424435
-0.22746475	13.03616497	-0.62105029	-0.22629079	13.03821255	-0.62081596
-0.25772653	13.11746930	-0.55288805	-0.25627376	13.11956907	-0.55258190
-0.35302890	13.11947678	-0.56289556	-0.35156567	13.12198238	-0.56255625
-0.33929990	13.09376446	-0.61086276	-0.33793641	13.09635059	-0.61058972
-0.33125862	13.05354320	-0.64485413	-0.33002361	13.05608119	-0.64459635
-0.23205624	12.98870889	-0.63887903	-0.23104604	12.99078598	-0.63868036
-0.34085333	13.01580169	-0.67124177	-0.33975268	13.01838924	-0.67101362
-0.35746411	12.98021232	-0.68746284	-0.35648722	12.98287715	-0.68727253
-0.24820083	12.94094789	-0.64578477	-0.24735824	12.94309550	-0.64561824
-0.52697966	12.93165169	-0.20251395	-0.52596108	12.93421189	-0.20230274
-0.55237278	12.81111117	-0.21237830	-0.55169791	12.81376809	-0.21224609
-0.62566681	12.85314765	-0.27018378	-0.62488484	12.85606302	-0.27003500
-0.60337261	12.94806332	-0.26541406	-0.60231449	12.95090329	-0.26518111
-0.56492976	12.70768293	-0.23278483	-0.56456720	12.71040460	-0.23267918
-0.63635212	12.77156315	-0.28514716	-0.63581246	12.77452807	-0.28504329
-0.68039970	12.84594163	-0.35372526	-0.67965365	12.84911122	-0.35358925
-0.67203878	12.89761837	-0.34563092	-0.67114180	12.90075062	-0.34544659
-0.65324486	12.95993038	-0.34412226	-0.65216253	12.96300242	-0.34386027
-0.45689067	12.69060591	-0.18223997	-0.45653832	12.69296936	-0.18213253
-0.44166076	12.78572607	-0.16065326	-0.44103180	12.78802069	-0.16052549
-0.41411910	12.90374258	-0.14873858	-0.41315981	12.90594639	-0.14855196
-0.45273154	13.00115987	-0.69815410	-0.45169235	13.00419694	-0.69791763
-0.46069698	12.97502317	-0.71030868	-0.45975065	12.97810126	-0.71010291
-0.37165737	12.94774893	-0.69133337	-0.37079522	12.95046753	-0.69118058
-0.53907705	13.00820561	-0.67809367	-0.53800710	13.01155518	-0.67783480
-0.54478242	12.98257904	-0.69444629	-0.54380797	12.98598556	-0.69423439
-0.38401206	12.93135502	-0.68200698	-0.38321240	12.93411208	-0.68186673
-0.27184039	12.89458773	-0.64048783	-0.27116635	12.89682631	-0.64034998
0.90630090	12.87812039	-0.90496822	0.90679161	12.87765919	-0.90522597
0.80781065	12.94680092	-0.89097352	0.80839611	12.94644592	-0.89120372
0.92349790	12.89234585	-0.81626168	0.92405826	12.89186549	-0.81652968
0.83011585	12.96647783	-0.78654043	0.83078758	12.96610076	-0.78678743
0.72176850	13.02448824	-0.74508191	0.72257458	13.02425268	-0.74528662
0.69048006	13.00046677	-0.87427169	0.69115632	13.00025186	-0.87446433
0.92474293	12.88866412	-0.72431292	0.92533995	12.88818446	-0.72458470
0.84750541	12.95767739	-0.67984375	0.84823117	12.95728751	-0.68009293
0.75471012	13.01229173	-0.61772003	0.75556242	13.01202482	-0.61793472
1.00335746	12.66296702	-0.98796683	1.00354707	12.66239732	-0.98823693
0.96804515	12.78514562	-0.94308411	0.96839851	12.78461537	-0.94335361
1.02686387	12.66329453	-0.87666222	1.02710222	12.66270484	-0.87694551
0.98840888	12.79433494	-0.84635537	0.98882262	12.79378258	-0.84663899
1.01852119	12.66284480	-0.76321143	1.01881088	12.66227531	-0.76349149
0.98281230	12.79422030	-0.74686962	0.98327471	12.79367938	-0.74715109
0.57216002	13.04870103	-0.82907290	0.57295585	13.04865094	-0.82922052
0.61033737	13.07412674	-0.68023991	0.61126981	13.07405001	-0.68040592
0.48870878	13.11636187	-0.59742458	0.48980241	13.11649008	-0.59752815
0.45005264	13.09016934	-0.74956141	0.45099724	13.09033202	-0.74965681
0.65049649	13.06233729	-0.54176312	0.65149941	13.06221521	-0.54193098
0.52733016	13.10629852	-0.45886420	0.52849001	13.10636570	-0.45896769
-0.36122287	13.13200596	-0.50379465	-0.35970411	13.13442331	-0.50342813
-0.44600668	13.11858636	-0.51717614	-0.44452279	13.12130823	-0.51677046
-0.42642744	13.10943755	-0.56001926	-0.42499017	13.11217047	-0.55964035
-0.37408285	13.13458129	-0.44070109	-0.37254434	13.13694348	-0.44032473
-0.46855736	13.11873656	-0.47283827	-0.46706073	13.12145345	-0.47242140
-0.55408665	13.09787246	-0.50351249	-0.55265386	13.10091413	-0.50308162
-0.51619494	13.10024732	-0.53570955	-0.51476777	13.10322809	-0.53529022
-0.47842903	13.09890862	-0.56178613	-0.47701921	13.10181185	-0.56138783
-0.40029312	13.12926930	-0.38101387	-0.39875477	13.13163350	-0.38063818
-0.48296241	13.11194232	-0.42197459	-0.48146931	13.11461740	-0.42156584
-0.49918761	13.09585028	-0.37221616	-0.49773162	13.09850534	-0.37182831
-0.54526208	13.08255374	-0.40531136	-0.54384590	13.08539343	-0.40491497
-0.55627315	13.09072065	-0.45350210	-0.55484654	13.09367617	-0.45308615
0.00347665	13.15311585	-0.43724381	0.00495522	13.15429453	-0.43705336
-0.08763651	13.14626859	-0.44968851	-0.08614233	13.14770579	-0.44944564
-0.00545274	13.17436672	-0.34164213	-0.00387993	13.17555779	-0.34143706
-0.10836180	13.16357353	-0.36294849	-0.10679208	13.16503668	-0.36268750
-0.20911287	13.15338500	-0.39388794	-0.20754417	13.15516779	-0.39356822
-0.18285114	13.14105969	-0.47279831	-0.18133931	13.14282510	-0.47250849
-0.00683633	13.17494990	-0.25429406	-0.00523461	13.17611575	-0.25407963
-0.12040083	13.16603601	-0.27922449	-0.11879778	13.16749856	-0.27895669
-0.22999978	13.15464667	-0.31482243	-0.22841267	13.15644473	-0.31449648
0.98141807	11.96709310	-1.05958208	0.98077093	11.96655520	-1.05976047
1.00621997	12.11160657	-1.05844313	1.00571886	12.11103646	-1.05865948
0.98410531	11.92255242	-0.95390443	0.98350237	11.92203193	-0.95406970
1.01227430	12.06875513	-0.94410817	1.01180082	12.06819990	-0.94432114
1.03491780	12.28599126	-0.92935206	1.03468704	12.28540250	-0.92960205
1.02360047	12.32036231	-1.04528223	1.02335436	12.31976909	-1.04552719
0.96623349	11.90685177	-0.83462358	0.96570305	11.90636958	-0.83475448
0.99633050	12.05441401	-0.82050059	0.99592231	12.05390436	-0.82069805
1.02164757	12.27583083	-0.80491196	1.02147052	12.27528522	-0.80515696
1.02260581	12.50613593	-1.02133378	1.02259424	12.50554385	-1.02159366
1.04137407	12.48865369	-0.90615284	1.04139266	12.48805282	-0.90642287
1.03045688	12.48383501	-0.78473586	1.03052417	12.48326289	-0.78500044
-0.62546163	13.00267586	-0.62623216	-0.62439842	13.00625388	-0.62593520
-0.63328321	12.97383477	-0.63990691	-0.63232574	12.97748062	-0.63966959
-0.68385596	12.98982249	-0.54729383	-0.68279555	12.99337908	-0.54697309
-0.69565453	12.95440295	-0.55534550	-0.69470891	12.95801635	-0.55509592
-0.63592767	12.95060797	-0.64268774	-0.63505053	12.95427083	-0.64249874
-0.68675043	12.97466393	-0.44593105	-0.68566766	12.97799838	-0.44564227
-0.70194789	12.93018385	-0.44917230	-0.70099379	12.93356607	-0.44894452
-0.70630356	12.89477010	-0.45267752	-0.70545516	12.89817266	-0.45250338
-0.27382417	13.13736581	-0.48994943	-0.27229675	13.13945462	-0.48962153
-0.29252939	13.14520303	-0.41778790	-0.29096815	13.14728266	-0.41745448
-0.31966472	13.14298417	-0.34781866	-0.31809180	13.14507233	-0.34747704
-0.58072393	12.99988717	-0.27570985	-0.57951677	13.00266644	-0.27542207
-0.50127089	12.99706327	-0.21234054	-0.50006445	12.99955029	-0.21207532
-0.63383197	12.99976058	-0.35145119	-0.63263824	13.00278770	-0.35115036
-0.60924695	13.02905651	-0.36676988	-0.60797675	13.03203289	-0.36643981
-0.55580964	13.03170055	-0.29831637	-0.55451722	13.03443119	-0.29799312
-0.38804557	12.98117047	-0.15547386	-0.38687546	12.98329930	-0.15523858
-0.43832176	13.03057892	-0.67798928	-0.43717511	13.03353628	-0.67771622
-0.42524429	13.06072433	-0.64800621	-0.42399697	13.06359413	-0.64770159
-0.50948870	13.06165795	-0.63105031	-0.50822575	13.06479788	-0.63070384
-0.52652243	13.03548013	-0.65859474	-0.52535670	13.03873826	-0.65828377
-0.64038897	13.04474475	-0.53233312	-0.63914332	13.04812925	-0.53193045
-0.66573098	13.01854578	-0.54024174	-0.66457489	13.02203031	-0.53987539
-0.61065663	13.02970151	-0.61183195	-0.60949506	13.03318434	-0.61148271
-0.58876310	13.05500095	-0.59243228	-0.58750986	13.05835827	-0.59204623
-0.60718161	13.07208110	-0.52168631	-0.60584319	13.07533467	-0.52125778
-0.56049389	13.07866836	-0.56394980	-0.55915013	13.08186343	-0.56354131
-0.49038565	13.08432246	-0.59025971	-0.48903427	13.08732274	-0.58988336
-0.66799265	13.00725348	-0.44668165	-0.66681318	13.01053515	-0.44634445
-0.64245544	13.03465108	-0.45094254	-0.64119507	13.03786527	-0.45056548
-0.57542045	13.05980730	-0.38918428	-0.57406591	13.06271248	-0.38881610
-0.60730610	13.06376180	-0.45814248	-0.60596169	13.06688742	-0.45773682
-0.52611087	13.06638038	-0.33084634	-0.52473228	13.06905968	-0.33049113
-0.42041585	13.08928948	-0.60639699	-0.41906604	13.09209311	-0.60605846
0.20021170	13.13205588	-0.18642267	0.20168025	13.13271322	-0.18632142
0.17289325	13.17236319	-0.27145154	0.17442922	13.17309966	-0.27132924
0.19991496	13.15926701	-0.28637663	0.20140329	13.15994413	-0.28627375
0.23143933	13.11765005	-0.19815908	0.23285783	13.11824034	-0.19808029
0.15345317	13.18100991	-0.36667462	0.15497256	13.18181198	-0.36654888
0.17872789	13.16856261	-0.38390066	0.18019487	13.16930399	-0.38379400
0.20405271	13.15024144	-0.29651845	0.20551027	13.15091044	-0.29642130
0.23545478	13.10915007	-0.20465371	0.23684778	13.10973269	-0.20457906
0.21092005	13.15772920	-0.29755504	0.21238992	13.15838482	-0.29746005
0.24102974	13.11545089	-0.19948786	0.24243629	13.11602342	-0.19941628
0.19244715	13.16613178	-0.40118755	0.19388885	13.16684335	-0.40109184
0.23621801	13.17023819	-0.42722840	0.23763656	13.17085490	-0.42716185
0.25721683	13.16146494	-0.31560976	0.25866947	13.16202800	-0.31554576
0.28688634	13.11726476	-0.21027963	0.28828168	13.11774738	-0.21022978
0.26737691	12.94233925	-0.06752187	0.26845055	12.94283375	-0.06748768
0.23536227	13.06015708	-0.11219682	0.23668685	13.06072607	-0.11212318
0.27101687	13.04627477	-0.12359573	0.27230126	13.04677372	-0.12354106
0.30651470	12.92786875	-0.08037383	0.30755122	12.92828645	-0.08035402
0.28117326	13.04397354	-0.12409402	0.28245158	13.04445333	-0.12404461
0.31774211	12.92566292	-0.08374127	0.31877426	12.92605999	-0.08372633
0.32623523	13.04096835	-0.13140720	0.32749665	13.04135871	-0.13138028
0.36128093	12.91660562	-0.08956790	0.36228935	12.91692318	-0.08957132
0.38057616	12.72720184	-0.09399856	0.38120515	12.72748544	-0.09402753
0.34087150	12.74196056	-0.08966292	0.34153067	12.74231232	-0.08967537
0.39292254	12.53155286	-0.12475258	0.39318444	12.53181027	-0.12479926
0.35586648	12.55663041	-0.12027655	0.35617172	12.55695353	-0.12031050
0.32939186	12.74447444	-0.08499999	0.33005399	12.74484686	-0.08500876
0.34360219	12.55977716	-0.11546864	0.34391172	12.56012274	-0.11549976
0.29792198	12.57498381	-0.09789410	0.29825503	12.57541772	-0.09791519
0.28765678	12.76314855	-0.06942899	0.28835759	12.76360326	-0.06942696
0.27129785	12.78905151	-0.92037259	0.27162427	12.78939546	-0.92030920
0.26375812	12.86021758	-0.89619767	0.26422928	12.86060696	-0.89615388
0.24532813	12.86749197	-0.83733170	0.24585424	12.86795738	-0.83728233
0.25407266	12.80585960	-0.86045647	0.25447312	12.80628841	-0.86039128
0.25107737	12.93358929	-0.84638955	0.25171286	12.93404108	-0.84635660
0.23194922	12.93325611	-0.79072742	0.23263286	12.93377441	-0.79068124
0.23854657	12.92886996	-0.77298943	0.23923797	12.92938596	-0.77294726
0.25536029	12.81193491	-0.83987420	0.25578559	12.81237407	-0.83981347
0.22950864	12.86876130	-0.82321640	0.23005811	12.86927628	-0.82316470
0.23242251	12.81079580	-0.84559284	0.23284618	12.81128289	-0.84552063
0.22129055	12.93346942	-0.78116823	0.22199230	12.93402399	-0.78111952
0.18141467	12.94759071	-0.76680710	0.18215818	12.94824339	-0.76674245
0.18660614	12.87931070	-0.80489533	0.18719384	12.87992854	-0.80482124
0.18624415	12.81524603	-0.82538171	0.18668958	12.81584950	-0.82528625
0.27391370	12.71849072	-0.94483179	0.27409823	12.71881931	-0.94475535
0.25956434	12.74385226	-0.88396583	0.25983240	12.74424926	-0.88387982
0.26206942	12.75983043	-0.86193517	0.26238272	12.76024031	-0.86185804
0.27847119	12.72236608	-0.87477461	0.27870394	12.72272416	-0.87469666
0.23917621	12.75237539	-0.87175659	0.23947126	12.75283480	-0.87166398
0.19023108	12.74683994	-0.85416910	0.19051840	12.74741558	-0.85404720
0.27561482	12.33578839	-0.16536790	0.27547954	12.33625319	-0.16540659
0.29611725	12.43156603	-0.13176066	0.29620089	12.43197773	-0.13179376
0.34450009	12.42826650	-0.14758488	0.34458652	12.42857548	-0.14762563
0.32844587	12.35867009	-0.17984601	0.32839853	12.35898840	-0.17988615
0.34893152	12.44075642	-0.15482139	0.34903912	12.44105945	-0.15486072
0.35833975	12.42090564	-0.15251376	0.35841733	12.42118878	-0.15255668
0.34480658	12.35212030	-0.18628703	0.34481572	12.35237208	-0.18634132
0.39533519	12.38661316	-0.16068645	0.39536904	12.38682069	-0.16073951
0.14198166	13.15696226	-0.47257051	0.14339293	13.15780265	-0.47245963
0.17094897	13.14218658	-0.48677082	0.17230455	13.14295406	-0.48667881
0.14306586	13.10450347	-0.58135975	0.14428576	13.10532757	-0.58127065
0.17726592	13.08733809	-0.59213630	0.17842640	13.08807280	-0.59206937
0.18228166	13.13026934	-0.49359208	0.18359874	13.13100705	-0.49350830
0.18819707	13.13643741	-0.49369735	0.18952215	13.13716355	-0.49361509
0.19569023	13.07969657	-0.58832128	0.19682367	13.08038616	-0.58826428
0.22138641	13.08382288	-0.62773547	0.22248129	13.08444584	-0.62769813
0.22322696	13.14068269	-0.52634306	0.22451699	13.14132707	-0.52628895
0.23362359	13.01150854	-0.74583743	0.23448004	13.01205086	-0.74580586
0.21260880	13.00794942	-0.69774295	0.21350486	13.00855410	-0.69769637
0.19872047	13.01173973	-0.69742174	0.19963667	13.01237889	-0.69737034
0.16143701	13.02842862	-0.68633512	0.16240704	13.02916252	-0.68626797
0.41134800	13.09575425	-0.26413458	0.41263598	13.09600529	-0.26415563
0.44356275	13.01402974	-0.18040625	0.44471831	13.01421412	-0.18044096
0.46770050	12.88257269	-0.13435556	0.46861713	12.88271202	-0.13440531
0.32443191	12.99668460	-0.86442526	0.32515277	12.99699795	-0.86444674
0.34520208	12.91668292	-0.95299913	0.34572383	12.91690151	-0.95300841
0.30961115	13.06767396	-0.75260966	0.31054681	13.06806377	-0.75263007
0.14835393	12.97387529	-0.06266320	0.14950568	12.97461273	-0.06257547
0.13115361	13.07916223	-0.10623968	0.13253965	13.07995069	-0.10611639
0.11290898	13.14419014	-0.17561760	0.11443155	13.14504109	-0.17546839
0.10487155	13.04544681	-0.62703696	0.10593385	13.04634338	-0.62693227
0.08815929	13.11227063	-0.54867285	0.08943795	13.11323111	-0.54854841
0.12035524	12.97162559	-0.68141160	0.12120428	12.97245190	-0.68131637
0.47629331	12.68724470	-0.13447917	0.47684066	12.68736762	-0.13453846
0.48085778	12.47833321	-0.16289150	0.48104238	12.47845035	-0.16294964
0.35147516	12.83467804	-1.00509985	0.35181828	12.83484481	-1.00508696
0.35029262	12.75928079	-1.03376610	0.35050461	12.75944177	-1.03374437
0.48080740	12.34039718	-0.20039507	0.48080950	12.34048542	-0.20044139
0.34716277	12.69909694	-1.05212171	0.34725445	12.69925340	-1.05209528
0.15377054	12.48403778	-0.11028555	0.15391227	12.48476691	-0.11028527
0.16397148	12.63988073	-0.08051897	0.16441504	12.64059102	-0.08050212
0.11462690	12.76927712	-0.74994860	0.11502800	12.77006855	-0.74980669
0.11743751	12.83838836	-0.72689416	0.11798997	12.83918839	-0.72677432
0.16076124	12.81905002	-0.05923037	0.16157584	12.81976416	-0.05918474
0.12198341	12.90425041	-0.70937122	0.12267501	12.90505760	-0.70926792
0.34941597	13.15085967	-0.50296270	0.35069081	13.15123883	-0.50297988
0.32203551	13.12284035	-0.63032824	0.32316917	13.12325327	-0.63035190
0.37959349	13.14162546	-0.37641745	0.38092308	13.14195079	-0.37643100
0.08688195	13.18168381	-0.34764853	0.08843651	13.18264630	-0.34748840
0.08313245	13.15882003	-0.45015648	0.08458800	13.15980377	-0.45000752
0.09741367	13.17728632	-0.25612623	0.09898932	13.17819657	-0.25596493
0.87865463	11.96279528	-0.58411280	0.87841862	11.96252361	-0.58414924
0.81676000	12.01719950	-0.47386000	0.81676000	12.01719950	-0.47386000
0.91622423	11.93321889	-0.71329395	0.91581445	11.93282395	-0.71337495
0.90428444	11.99983708	-0.71843374	0.90391832	11.99944822	-0.71853326
0.87046573	12.04783948	-0.63194938	0.87022283	12.04752925	-0.63203529
0.80363426	12.11243173	-0.52922585	0.80351395	12.11225754	-0.52930958
0.94781256	11.92447081	-0.83802340	0.94729321	11.92400109	-0.83814494
0.96635229	11.93971581	-0.94978035	0.96576605	11.93920959	-0.94993631
0.93616769	12.05824059	-0.93343334	0.93569268	12.05776363	-0.93359439
0.92237521	12.02858301	-0.81534548	0.92195337	12.02813907	-0.81547674
0.96536071	11.98169797	-1.04322011	0.96473836	11.98117758	-1.04338992
0.93125938	12.05670152	-1.13029910	0.93065434	12.05620643	-1.13046480
0.90930164	12.11986167	-1.10800867	0.90878257	12.11939623	-1.10817402
0.93326277	12.09288480	-1.03149505	0.93275843	12.09240049	-1.03166730
0.85196656	12.17607420	-1.22141331	0.85144773	12.17567396	-1.22155733
0.73801956	12.32945128	-1.27193157	0.73767054	12.32922740	-1.27203766
0.74288917	12.35773367	-1.20026631	0.74261746	12.35750064	-1.20037693
0.85130345	12.22213611	-1.15888020	0.85087727	12.22174284	-1.15903250
0.60026813	12.48264417	-1.23759934	0.60018801	12.48263137	-1.23759377
0.47139245	12.61389286	-1.15293170	0.47139966	12.61391103	-1.15293730
0.49420000	12.61570000	-1.07906000	0.49420000	12.61570000	-1.07906000
0.61447000	12.50220000	-1.16283000	0.61447000	12.50220000	-1.16283000
0.38334878	12.64850294	-1.04987538	0.38336295	12.64858690	-1.04986370
0.33276818	12.65062042	-0.95675487	0.33281043	12.65081509	-0.95670608
0.37140000	12.64100070	-0.89641000	0.37140000	12.64100070	-0.89641000
0.41679000	12.64250090	-0.98287004	0.41679000	12.64250090	-0.98287004
0.31626395	12.68342410	-0.89765322	0.31641294	12.68367429	-0.89759242
0.31323308	12.71148279	-0.87059362	0.31345067	12.71175884	-0.87053889
0.34154122	12.69921997	-0.81372944	0.34177494	12.69947524	-0.81370201
0.34988655	12.67286305	-0.84093345	0.35006482	12.67304911	-0.84090328
0.30375536	12.69905621	-0.87435150	0.30394120	12.69935293	-0.87428233
0.26052979	12.69111364	-0.84488909	0.26072021	12.69153811	-0.84478956
0.30121660	12.68754324	-0.77575612	0.30145652	12.68790833	-0.77569047
0.33999626	12.68787829	-0.81229993	0.34020627	12.68813851	-0.81226602
0.15587684	12.73214632	-0.71765697	0.15622291	12.73285506	-0.71752877
0.02489822	12.79370559	-0.57899974	0.02539505	12.79479064	-0.57884695
0.03091894	12.83076419	-0.50269466	0.03154712	12.83183246	-0.50256688
0.18068066	12.74696688	-0.64284525	0.18110069	12.74764826	-0.64274682
-0.09166239	12.84512324	-0.51987552	-0.09107396	12.84659341	-0.51973501
-0.19717300	12.88619367	-0.52664302	-0.19648013	12.88803805	-0.52650639
-0.19552944	12.95223180	-0.46404345	-0.19458425	12.95401814	-0.46387131
-0.08949541	12.90293252	-0.44891771	-0.08868504	12.90436000	-0.44877430
-0.29918739	12.91944171	-0.58913997	-0.29841225	12.92175066	-0.58899918
-0.39403600	12.94260505	-0.65821827	-0.39318608	12.94536852	-0.65806962
-0.40918130	12.96835180	-0.60508446	-0.40822245	12.97110238	-0.60490695
-0.30553557	12.97094739	-0.53230756	-0.30456172	12.97322809	-0.53213630
-0.48096025	12.95092710	-0.68653349	-0.48009943	12.95405226	-0.68636113
-0.56054112	12.94956319	-0.67527366	-0.55968454	12.95300393	-0.67512289
-0.55992518	12.94981948	-0.63979720	-0.55905299	12.95318104	-0.63964018
-0.50317759	12.95662639	-0.63800435	-0.50227630	12.95976018	-0.63782632
-0.63515324	12.94065714	-0.62438464	-0.63429809	12.94427320	-0.62421449
-0.68536315	12.92148395	-0.54595237	-0.68450636	12.92504301	-0.54578384
-0.64795129	12.93462455	-0.51664545	-0.64704089	12.93799847	-0.51645763
-0.60979447	12.94711949	-0.59285398	-0.60890073	12.95056256	-0.59267764
-0.69236234	12.88925116	-0.45206802	-0.69153084	12.89261034	-0.45190679
-0.66891384	12.83709763	-0.36377202	-0.66819654	12.84024184	-0.36364252
-0.64685215	12.84324587	-0.37607110	-0.64612160	12.84633782	-0.37594240
-0.65617277	12.89322513	-0.43470532	-0.65532206	12.89644563	-0.43454452
-0.62663643	12.75834170	-0.30218920	-0.62613942	12.76128499	-0.30208786
-0.55710580	12.69298760	-0.25330113	-0.55679492	12.69569025	-0.25319191
-0.53603456	12.75218153	-0.28258135	-0.53554460	12.75483481	-0.28246914
-0.60916397	12.80093738	-0.33301234	-0.60854469	12.80385969	-0.33289578
-0.45137526	12.68121818	-0.20315554	-0.45105768	12.68357237	-0.20304713
-0.32496164	12.65348390	-0.16365944	-0.32463433	12.65543612	-0.16356346
-0.30444263	12.70665703	-0.19145268	-0.30399141	12.70855529	-0.19134972
-0.42916244	12.73849532	-0.23111360	-0.42868022	12.74079086	-0.23099662
-0.19087881	12.54231504	-0.14676678	-0.19072171	12.54387901	-0.14669068
-0.04474235	12.42051108	-0.15120131	-0.04478746	12.42170708	-0.15118380
-0.03962387	12.49010263	-0.18200934	-0.03953114	12.49129007	-0.18196805
-0.17676681	12.60461397	-0.17508027	-0.17648622	12.60614430	-0.17499489
0.11574052	12.35410250	-0.16911900	0.11560182	12.35493632	-0.16911654
0.24486275	12.33092021	-0.19238792	0.24470652	12.33145955	-0.19241700
0.22716411	12.39107464	-0.24474613	0.22713795	12.39165016	-0.24475637
0.10884369	12.42164908	-0.21056872	0.10884176	12.42249531	-0.21055868
0.29715937	12.36266215	-0.21286529	0.29710522	12.36305622	-0.21289315
0.28536840	12.44691233	-0.28236280	0.28546511	12.44733797	-0.28236535
0.27642438	12.41947437	-0.26864373	0.27646973	12.41992213	-0.26865105
0.31098215	12.35077320	-0.22501063	0.31100606	12.35105847	-0.22503491
0.34620000	12.27620000	-0.23202000	0.34620000	12.27620000	-0.23202000
0.31713287	12.33742194	-0.29169748	0.31713657	12.33770563	-0.29167152
0.28416869	12.40460027	-0.28306237	0.28422558	12.40500019	-0.28305922
0.44425997	12.21770000	-0.27141000	0.44425997	12.21770000	-0.27141000
0.57587000	12.16340070	-0.32883000	0.57587000	12.16340070	-0.32883000
0.56738209	12.24347271	-0.38341334	0.56733230	12.24347480	-0.38344307
0.42534087	12.28818877	-0.32860685	0.42530047	12.28830722	-0.32861095
0.70622003	12.08180000	-0.39380000	0.70622003	12.08180000	-0.39380000
0.69778476	12.18050445	-0.44792319	0.69770903	12.18041593	-0.44797437
0.76091238	12.38950762	-1.04955748	0.76074420	12.38922502	-1.04967750
0.86062019	12.23903395	-1.04847322	0.86027283	12.23863119	-1.04862843
0.78087010	12.37309357	-0.86156005	0.78076583	12.37280133	-0.86169363
0.87020378	12.21784453	-0.90792710	0.86990594	12.21744295	-0.90807978
0.79275303	12.25923644	-0.67356206	0.79262560	12.25897230	-0.67368469
0.87001056	12.14471148	-0.75548664	0.86972959	12.14434072	-0.75562140
0.53483492	12.60798724	-0.90387824	0.53493587	12.60794951	-0.90392497
0.64692930	12.52049592	-0.99142712	0.64693622	12.52036405	-0.99149278
0.56587177	12.53904379	-0.69268944	0.56600875	12.53902568	-0.69275113
0.67777216	12.47678838	-0.78251424	0.67781304	12.47662337	-0.78261432
0.56924311	12.38728374	-0.51214599	0.56926556	12.38728485	-0.51219939
0.69078757	12.33878437	-0.59013069	0.69076266	12.33864206	-0.59022123
-0.20630917	12.94479071	-0.37908576	-0.20532501	12.94653772	-0.37890818
-0.10288788	12.89500101	-0.36237846	-0.10203494	12.89642784	-0.36223659
-0.23071866	12.88563866	-0.29382027	-0.22984651	12.88739324	-0.29366241
-0.12629202	12.83008131	-0.27931575	-0.12554789	12.83152875	-0.27919196
-0.01118671	12.75702545	-0.31307582	-0.01060674	12.75816998	-0.31297592
0.01447270	12.82286756	-0.40760875	0.01515138	12.82396049	-0.40749376
-0.26848487	12.79519618	-0.23322545	-0.26782036	12.79701248	-0.23310004
-0.15325850	12.71653967	-0.21850509	-0.15274571	12.71802725	-0.21840327
-0.02857116	12.62467930	-0.23733976	-0.02822267	12.62584537	-0.23726580
-0.53874773	12.97283465	-0.55591071	-0.53775356	12.97593975	-0.55570110
-0.57357487	12.96205618	-0.46443770	-0.57254643	12.96507697	-0.46421720
-0.47160085	12.97437792	-0.40131876	-0.47051180	12.97697610	-0.40109303
-0.43682304	12.99229871	-0.50669188	-0.43573496	12.99496351	-0.50647391
-0.59390654	12.88657935	-0.38830543	-0.59305796	12.88953071	-0.38814806
-0.50631743	12.87034782	-0.32845045	-0.50549548	12.87295876	-0.32829289
-0.32279765	12.97992331	-0.43673659	-0.32173646	12.98210542	-0.43652535
-0.35162602	12.94103964	-0.33899158	-0.35062142	12.94318781	-0.33879329
-0.39171252	12.84305501	-0.27311561	-0.39094621	12.84526682	-0.27296082
0.29583814	12.64732785	-0.65250433	0.29610459	12.64776776	-0.65244815
0.33740367	12.64240703	-0.67579869	0.33764838	12.64275448	-0.67575861
0.26798707	12.58128127	-0.50361020	0.26820696	12.58178906	-0.50357208
0.31429953	12.57871189	-0.51342351	0.31451140	12.57912091	-0.51340253
0.31908451	12.59651280	-0.49775496	0.31934179	12.59691164	-0.49773674
0.33892193	12.65673811	-0.66747001	0.33920176	12.65708578	-0.66743482
0.34576624	12.63886744	-0.68989689	0.34601559	12.63919662	-0.68985858
0.32126632	12.58212542	-0.51244539	0.32149987	12.58251544	-0.51242423
0.35320824	12.56146300	-0.55275643	0.35339686	12.56179443	-0.55273831
0.37460858	12.61924320	-0.74017388	0.37480727	12.61951469	-0.74014386
0.32601719	12.44652540	-0.40067863	0.32611077	12.44687385	-0.40066214
0.29421413	12.49460589	-0.37799546	0.29436780	12.49502379	-0.37798221
0.28821221	12.49922382	-0.37340312	0.28835285	12.49966689	-0.37339646
0.24041729	12.48657869	-0.35752049	0.24054227	12.48712314	-0.35749754
0.44652403	12.55737169	-0.61443299	0.44669412	12.55754009	-0.61444986
0.44059365	12.62398480	-0.81564577	0.44074470	12.62409693	-0.81565067
0.43249078	12.41531892	-0.44717084	0.43254186	12.41548640	-0.44718208
0.14018813	12.65412362	-0.41308867	0.14055794	12.65491156	-0.41302211
0.16837266	12.72380462	-0.53460848	0.16880992	12.72453517	-0.53453044
0.11834570	12.53721215	-0.29839013	0.11854815	12.53804467	-0.29835087
0.18451911	13.15880731	-0.39629412	0.18595155	13.15953392	-0.39619515
0.27421241	13.03992820	-0.13077577	0.27548019	13.04042347	-0.13072342
0.30895480	12.92444497	-0.08973813	0.30998225	12.92485895	-0.08971967
0.33205847	12.74372068	-0.09545908	0.33271828	12.74408889	-0.09546773
0.34706407	12.56396930	-0.12527545	0.34737916	12.56430897	-0.12530610
0.24958163	12.86686076	-0.81657266	0.25012417	12.86733132	-0.81652715
0.33506584	12.38042141	-0.18722516	0.33507932	12.38071906	-0.18726577
0.19374410	13.07455705	-0.59110812	0.19486677	13.07524973	-0.59104999
0.21598105	13.00267112	-0.69108562	0.21687291	13.00327101	-0.69103987
0.89315602	11.95749470	-0.57080125	0.89293153	11.95722166	-0.57084757
0.82740612	12.01977821	-0.45665206	0.82742275	12.01978081	-0.45665401
0.93360987	11.91879277	-0.70483027	0.93319724	11.91838960	-0.70492045
0.74136970	12.32795787	-1.28744459	0.74100819	12.32772863	-1.28755222
0.46184334	12.61970445	-1.16655736	0.46185326	12.61972420	-1.16656059
0.35444576	12.65998012	-1.05847185	0.35448118	12.66011557	-1.05844830
0.28863470	12.66632004	-0.96005036	0.28870895	12.66660769	-0.95997705
0.27578499	12.69755704	-0.89923039	0.27595686	12.69790400	-0.89914680
0.25973033	12.70980944	-0.88643068	0.25992062	12.71021439	-0.88633234
0.21101889	12.69777789	-0.86823193	0.21119712	12.69830223	-0.86810148
0.12387011	12.72452923	-0.75463599	0.12417635	12.72529424	-0.75448236
0.01609587	12.76485012	-0.62600406	0.01651534	12.76593954	-0.62582658
-0.19407689	12.82410884	-0.56929687	-0.19361297	12.82597466	-0.56916794
-0.29254984	12.87787236	-0.62184598	-0.29193959	12.88018057	-0.62172184
-0.46812674	12.95676423	-0.70840025	-0.46724739	12.95986647	-0.70821633
-0.54992894	12.96192097	-0.69704398	-0.54903659	12.96535605	-0.69687148
-0.69738650	12.92691277	-0.55728685	-0.69652003	12.93053665	-0.55710356
-0.19320159	12.55205940	-0.12484103	-0.19302268	12.55362597	-0.12476556
0.13368562	12.36910629	-0.14423210	0.13358485	12.36989570	-0.14423389
0.30619035	12.38983231	-0.22526020	0.30621406	12.39019214	-0.22528122
0.38191589	12.29625684	-0.19593131	0.38190862	12.29636270	-0.19596650
0.46806839	12.23855209	-0.23951690	0.46804475	12.23859790	-0.23955080
0.71403513	12.09173419	-0.37169549	0.71403916	12.09172415	-0.37169456
0.29551781	12.52204528	-0.37129876	0.29570587	12.52247049	-0.37128743
0.59078089	12.77804707	-0.54320397	0.59131395	12.77800622	-0.54331053
0.31906019	12.99749734	-0.53245288	0.32002212	12.99792070	-0.53245376
0.04867920	13.01328049	-0.26550154	0.04985492	13.01429331	-0.26536510
0.12076455	13.09337007	-0.30955455	0.12210260	13.09422918	-0.30943262
0.32908902	12.87581290	-0.29654393	0.32992755	12.87619966	-0.29654182
0.04512736	12.98713110	-0.42415129	0.04617262	12.98817013	-0.42401918
0.14148509	13.06093595	-0.41938017	0.14268972	13.06175523	-0.41927843
0.37492176	12.82881292	-0.69542435	0.37546844	12.82907827	-0.69544165
0.17404555	13.04161614	-0.18122825	0.17530733	13.04232662	-0.18113544
0.22797294	12.82451496	-0.79542359	0.22845290	12.82503848	-0.79535420
0.33661695	12.76551734	-0.53303744	0.33714921	12.76589571	-0.53302589
0.33784820	12.89212850	-0.84359136	0.33840300	12.89240669	-0.84360204
0.39255387	12.44030882	-0.24733454	0.39266358	12.44053133	-0.24735963
0.26232809	13.05726914	-0.44851689	0.26347608	13.05781639	-0.44848004
0.48113371	12.68743370	-0.66903473	0.48147546	12.68754087	-0.66907914
0.70361100	12.74666141	-0.77452316	0.70397323	12.74644316	-0.77467602
0.33969329	12.94673164	-0.20208905	0.34071566	12.94709942	-0.20208429
-0.41487646	12.95134821	-0.25437190	-0.41381478	12.95361309	-0.25415713
0.17227522	13.09468857	-0.25016786	0.17362975	13.09541582	-0.25006563
0.33622476	12.95328610	-0.69008272	0.33700530	12.95363577	-0.69009552
-0.50099571	12.95695508	-0.29602662	-0.49992169	12.95951805	-0.29579965
0.24537799	13.04227732	-0.33014419	0.24656472	13.04285165	-0.33009110
0.28805954	12.46701429	-0.20397435	0.28819822	12.46744302	-0.20398803
0.13978493	13.11430720	-0.37141764	0.14114193	13.11513181	-0.37130174
0.22915198	13.08929154	-0.49071831	0.23035518	13.08991507	-0.49066386
0.25675253	12.62193333	-0.24806333	0.25713823	12.62245325	-0.24805089
0.18127323	12.95108252	-0.51109648	0.18217290	12.95180011	-0.51102692
0.28727692	12.89819413	-0.83348000	0.28785795	12.89857869	-0.83346168
0.29243490	12.84705983	-0.83636910	0.29292301	12.84742571	-0.83634068
0.24760365	13.03303214	-0.54678642	0.24864431	13.03360584	-0.54675231
0.38390822	12.80496338	-0.20015089	0.38465129	12.80525038	-0.20017273
0.50033652	12.59448495	-0.43457932	0.50062592	12.59457629	-0.43463311
0.31053096	12.76570733	-0.88823790	0.31083472	12.76598346	-0.88819326
0.17535232	12.97800638	-0.64627752	0.17622562	12.97870757	-0.64620807
0.38847094	12.37972776	-0.22402499	0.38849424	12.37992084	-0.22405533
0.35752140	12.48934472	-0.31453983	0.35767959	12.48964822	-0.31455019
0.20506636	12.88004736	-0.18986143	0.20596667	12.88069321	-0.18981517
0.39321146	12.73201055	-0.91045363	0.39343305	12.73210413	-0.91044721
0.30355649	12.79896404	-0.85004711	0.30394926	12.79929075	-0.85001069
0.16623420	13.12766220	-0.28222209	0.16765638	13.12841290	-0.28211030
0.41706380	12.61106020	-0.24958739	0.41744325	12.61127829	-0.24962327
0.22480317	12.87006447	-0.77247451	0.22538351	12.87060888	-0.77241576
0.43204940	12.71560479	-0.82814715	0.43231366	12.71571500	-0.82817280
0.83232981	12.74000557	-0.87013099	0.83265515	12.73964276	-0.87033097
0.57134062	12.79027190	-0.92888834	0.57165305	12.79017506	-0.92897904
0.34545226	12.69270490	-0.20155309	0.34599167	12.69305794	-0.20156737
0.25755733	12.77241682	-0.18443014	0.25824493	12.77294283	-0.18441141
