0.84623792	12.73654178	-0.41589513	0.84591611	12.73660925	-0.41567241
0.81730808	12.87458840	-0.44458154	0.81695052	12.87464461	-0.44436197
0.89390317	12.83366487	-0.54262482	0.89359332	12.83375161	-0.54238465
0.92603428	12.70068923	-0.52811352	0.92576447	12.70079044	-0.52787257
0.77494545	12.96536040	-0.50499329	0.77457918	12.96540229	-0.50478332
0.85543630	12.91961788	-0.58561156	0.85511332	12.91969136	-0.58537878
0.90512796	12.87699848	-0.64578909	0.90484257	12.87709334	-0.64554387
0.94357776	12.80727137	-0.64003355	0.94331371	12.80738071	-0.63978160
0.97778011	12.67839557	-0.64112757	0.97755703	12.67851916	-0.64087558
0.71673342	12.76716045	-1.16111602	0.71668557	12.76722934	-1.16097180
0.83886469	12.71678149	-1.13866220	0.83881393	12.71688506	-1.13847361
0.80678555	12.82300780	-1.06967086	0.80668018	12.82309681	-1.06947721
0.68475865	12.86909292	-1.08695113	0.68465461	12.86915030	-1.08679622
0.93961321	12.68316312	-1.07533369	0.93954389	12.68329740	-1.07510812
0.90596915	12.79396234	-1.01646133	0.90584534	12.79407832	-1.01623131
0.86596604	12.86220974	-0.96589253	0.86580472	12.86230907	-0.96566866
0.78726336	12.90294183	-0.98159954	0.78710174	12.90302076	-0.98140030
0.66533759	12.94867299	-0.98756888	0.66517001	12.94871836	-0.98740774
0.59039277	12.83349876	-0.20477385	0.58995768	12.83348667	-0.20462669
0.57222276	12.97038758	-0.25272063	0.57176108	12.97036562	-0.25258500
0.70661694	12.92276902	-0.34483417	0.70620625	12.92278773	-0.34464960
0.72808856	12.78348123	-0.30434907	0.72770995	12.78350909	-0.30416106
0.54191691	13.05667551	-0.33730390	0.54145773	13.05664124	-0.33717823
0.67064784	13.01307699	-0.42077562	0.67023504	13.01308322	-0.42060124
0.46624967	12.88157112	-1.06138433	0.46613699	12.88156638	-1.06130438
0.59314956	12.82778694	-1.13373042	0.59308141	12.82782376	-1.13361608
0.56166447	12.91986860	-1.06114092	0.56153724	12.91989084	-1.06102226
0.43703834	12.96365722	-0.98658329	0.43686556	12.96362996	-0.98649935
0.54064616	12.99401801	-0.95933780	0.54045193	12.99401934	-0.95921330
0.41545635	13.03255106	-0.88377127	0.41521765	13.03249681	-0.88368431
-0.02028815	12.98868942	-0.06611366	-0.02083894	12.98850958	-0.06621351
-0.14855518	13.00038071	-0.08879850	-0.14910126	13.00016121	-0.08895449
-0.15077022	13.07363378	-0.13559779	-0.15131789	13.07340768	-0.13576231
-0.02614359	13.07583632	-0.11037040	-0.02670213	13.07564852	-0.11048149
-0.26709550	13.00195933	-0.12565046	-0.26762720	13.00170265	-0.12585653
-0.26778087	13.06321465	-0.17427674	-0.26830995	13.06295179	-0.17448968
-0.26866756	13.10422574	-0.23992579	-0.26918102	13.10395497	-0.24014330
-0.15242848	13.12033073	-0.20192702	-0.15296248	13.12009631	-0.20209674
-0.03079132	13.12963480	-0.17643423	-0.03133837	13.12943792	-0.17655221
0.02729776	12.97317901	-0.59034410	0.02696728	12.97295967	-0.59041933
0.01211521	13.03565960	-0.56504611	0.01175440	13.03543741	-0.56513235
-0.06882494	13.03770576	-0.55491732	-0.06919063	13.03745715	-0.55504065
-0.05457297	12.98144638	-0.57032144	-0.05491480	12.98120102	-0.57043298
-0.00768726	13.08981724	-0.51790687	-0.00808457	13.08959288	-0.51800735
-0.09053712	13.08412905	-0.51945679	-0.09093139	13.08387754	-0.51959428
-0.18390579	13.07698542	-0.53604362	-0.18429176	13.07670443	-0.53622092
-0.16114798	13.03585498	-0.57171198	-0.16150774	13.03557660	-0.57187465
-0.14641374	12.98458624	-0.58891510	-0.14675160	12.98431053	-0.58906526
0.98542617	12.29008477	-0.66800678	0.98534792	12.29023223	-0.66778879
0.96591082	12.07130102	-0.68481130	0.96593789	12.07144732	-0.68463535
0.91297273	12.09786388	-0.54987085	0.91295065	12.09797438	-0.54972055
0.92627086	12.30452700	-0.53302087	0.92614835	12.30464498	-0.53281949
0.83439455	12.14724330	-0.42884127	0.83432313	12.14730370	-0.42871465
0.84023588	12.32934858	-0.40772683	0.84007185	12.32943162	-0.40754029
0.97974597	12.38156292	-1.13754255	0.97980028	12.38172502	-1.13732494
0.88516465	12.44191273	-1.20711196	0.88522376	12.44204068	-1.20692947
0.88126194	12.28243622	-1.23219779	0.88139544	12.28256450	-1.23202287
0.97296809	12.19031602	-1.15322721	0.97310167	12.19047941	-1.15302272
0.75795344	12.51774796	-1.23709024	0.75798883	12.51782037	-1.23697252
0.75497971	12.39751224	-1.26858777	0.75508905	12.39758409	-1.26846996
0.86934386	12.17772362	-1.24029615	0.86951911	12.17784804	-1.24013168
0.95448512	12.05566280	-1.15165846	0.95467012	12.05581907	-1.15146981
0.99057737	12.49868323	-0.65279391	0.99041528	12.49881908	-0.65255485
0.93332854	12.51444960	-0.52637573	0.93312123	12.51456247	-0.52614623
0.84834848	12.54248358	-0.40444457	0.84808895	12.54256136	-0.40422921
0.86802403	12.58820447	-1.18018535	0.86802147	12.58831659	-1.18000309
0.96674680	12.54580081	-1.11367558	0.96673494	12.54595159	-1.11345073
0.74295430	12.64543537	-1.20576894	0.74294951	12.64550176	-1.20562629
0.59482856	12.41942662	-0.22100541	0.59454793	12.41942486	-0.22081113
0.59479249	12.63414790	-0.19929789	0.59442391	12.63414086	-0.19913373
0.72866449	12.58456480	-0.29323401	0.72834933	12.58459494	-0.29303633
0.72344061	12.37094514	-0.30457526	0.72322931	12.37098893	-0.30439813
0.46887327	12.70546400	-1.15002958	0.46886298	12.70548230	-1.15000394
0.61263196	12.61545483	-1.21842867	0.61265185	12.61547933	-1.21838148
0.60898310	12.71976948	-1.18413237	0.60897240	12.71980699	-1.18405345
0.47340771	12.78911705	-1.11554512	0.47335408	12.78912711	-1.11549129
0.58585706	12.17441374	-0.30117682	0.58582598	12.17440222	-0.30115038
0.59411128	12.28066902	-0.25930841	0.59395656	12.28068440	-0.25917276
0.72110165	12.21638135	-0.33506480	0.72099220	12.21641835	-0.33494226
0.60169495	12.48724544	-1.25184079	0.60175230	12.48725930	-1.25184086
0.60766118	12.53477414	-1.24339308	0.60770206	12.53479672	-1.24338459
0.46298396	12.64979076	-1.16614313	0.46299087	12.64980875	-1.16613353
-0.01202052	12.71108788	-0.06423402	-0.01248931	12.71091996	-0.06429799
-0.16061438	12.77950753	-0.07250585	-0.16110256	12.77929035	-0.07264225
-0.15066246	12.90225238	-0.07029070	-0.15118691	12.90203543	-0.07043741
-0.01245645	12.86538088	-0.05402790	-0.01297481	12.86520778	-0.05411226
-0.29639148	12.83058640	-0.09790434	-0.29688562	12.83032640	-0.09810396
-0.27773101	12.92564252	-0.10191532	-0.27825065	12.92538617	-0.10211750
0.02352630	12.84361878	-0.61921177	0.02325272	12.84339797	-0.61928056
0.02956425	12.90903061	-0.60667965	0.02926207	12.90881108	-0.60674927
-0.05164843	12.91961443	-0.57948362	-0.05196674	12.91936967	-0.57958751
-0.05987660	12.85481695	-0.58339854	-0.06017239	12.85456994	-0.58350025
-0.14323870	12.92726206	-0.59697769	-0.14355620	12.92698667	-0.59712042
-0.15301681	12.86648406	-0.59572669	-0.15331630	12.86620662	-0.59586695
-0.04146362	12.41545916	-0.11752078	-0.04183021	12.41528506	-0.11754235
-0.18168872	12.63246958	-0.09008124	-0.18212742	12.63224838	-0.09020783
-0.02677045	12.54065325	-0.08753770	-0.02718499	12.54048761	-0.08757520
-0.33291375	12.62514604	-0.12953809	-0.33333594	12.62487437	-0.12972622
-0.31928860	12.71289034	-0.10958290	-0.31974470	12.71262423	-0.10977806
0.01366181	12.77735315	-0.63102109	0.01341667	12.77713124	-0.63109298
-0.07929814	12.78847735	-0.58053791	-0.07957443	12.78822612	-0.58064259
-0.09726809	12.76154537	-0.56051946	-0.09754462	12.76129037	-0.56062958
-0.17718673	12.80405715	-0.58366356	-0.17747282	12.80377463	-0.58380675
-0.38911233	12.99904899	-0.17544882	-0.38962331	12.99875398	-0.17570548
-0.38103133	13.04911730	-0.22128685	-0.38153740	13.04881932	-0.22154531
-0.49864644	12.99224421	-0.23251889	-0.49913250	12.99191451	-0.23281930
-0.47869390	13.03290859	-0.27351318	-0.47917486	13.03257908	-0.27380975
-0.45635632	13.06603962	-0.32375433	-0.45682628	13.06571008	-0.32404502
-0.37082565	13.08603859	-0.28047624	-0.37131810	13.08573627	-0.28073438
-0.26533443	13.03362923	-0.59171182	-0.26568744	13.03331805	-0.59191814
-0.25087746	12.98834190	-0.61649069	-0.25120850	12.98803182	-0.61668542
-0.28575223	13.07016668	-0.55145584	-0.28613107	13.06985479	-0.55167511
-0.38034904	13.06169483	-0.56044242	-0.38072303	13.06135808	-0.56069950
-0.36527972	13.03035247	-0.60516726	-0.36562774	13.03001422	-0.60541419
-0.35553409	12.99194779	-0.63886858	-0.35586047	12.99160772	-0.63910707
-0.25221279	12.93980438	-0.63221525	-0.25252461	12.93949221	-0.63240450
-0.36295285	12.95300367	-0.66358850	-0.36326043	12.95265934	-0.66382531
-0.37769370	12.91569807	-0.67768521	-0.37798899	12.91534904	-0.67792360
-0.26498606	12.89031718	-0.63669377	-0.26528372	12.89000129	-0.63688171
-0.54313654	12.88672480	-0.19187750	-0.54361079	12.88638911	-0.19218416
-0.56321713	12.76475385	-0.19726716	-0.56365697	12.76441415	-0.19756729
-0.63904263	12.80154416	-0.25518983	-0.63947072	12.80117758	-0.25552522
-0.62086190	12.89751392	-0.25450525	-0.62131549	12.89715084	-0.25484407
-0.57127558	12.66003412	-0.21435423	-0.57168161	12.65969229	-0.21464238
-0.64637090	12.71892704	-0.26693828	-0.64677425	12.71855881	-0.26726605
-0.69444985	12.78865645	-0.33741052	-0.69484311	12.78826473	-0.33776718
-0.68814700	12.84095748	-0.33168970	-0.68855683	12.84056787	-0.33204990
-0.67207350	12.90402645	-0.33333592	-0.67249907	12.90364054	-0.33369527
-0.46198954	12.64987974	-0.16597401	-0.46240815	12.64957070	-0.16621793
-0.45086663	12.74611248	-0.14713500	-0.45131898	12.74580701	-0.14738809
-0.42866826	12.86540575	-0.13892030	-0.42915681	12.86510564	-0.13917849
-0.47351970	12.93155056	-0.68906140	-0.47381792	12.93118573	-0.68934259
-0.48043266	12.90453915	-0.69962930	-0.48072354	12.90417318	-0.69991122
-0.38988905	12.88242044	-0.67952342	-0.39017705	12.88206919	-0.67976301
-0.56019850	12.93687781	-0.66947204	-0.56050826	12.93650436	-0.66979068
-0.56494175	12.91015118	-0.68422006	-0.56524274	12.90977772	-0.68453953
-0.40077725	12.86566439	-0.66914284	-0.40106527	12.86531218	-0.66938498
-0.28478693	12.84217455	-0.62885186	-0.28507470	12.84185485	-0.62904154
0.89609723	12.88544639	-0.89702108	0.89589989	12.88555046	-0.89678273
0.79590906	12.95213348	-0.88335216	0.79569161	12.95220668	-0.88313924
0.91201454	12.89972961	-0.80821662	0.91177895	12.89983336	-0.80797169
0.81664290	12.97188121	-0.77870633	0.81637977	12.97195313	-0.77848266
0.70582845	13.02713448	-0.73801072	0.70553060	13.02716512	-0.73782367
0.67691563	13.00314018	-0.86726100	0.67667943	13.00317443	-0.86708535
0.91260294	12.89580569	-0.71629713	0.91233760	12.89590576	-0.71604955
0.83309318	12.96306847	-0.67212740	0.83278978	12.96313921	-0.67189887
0.73811872	13.01521557	-0.61054581	0.73777501	13.01524775	-0.61034556
0.99868281	12.67256464	-0.98016657	0.99857844	12.67271416	-0.97991275
0.96034919	12.79386773	-0.93507972	0.96019234	12.79399737	-0.93482815
1.02114977	12.67295268	-0.86874206	1.02100796	12.67310303	-0.86848045
0.97953945	12.80315716	-0.83819720	0.97934412	12.80328753	-0.83793757
1.01183027	12.67184992	-0.75548210	1.01164836	12.67199075	-0.75522348
0.97306632	12.80258271	-0.73884720	0.97283653	12.80270543	-0.73858878
0.55639613	13.04813326	-0.82272442	0.55612741	13.04812101	-0.82258763
0.59228650	13.07367593	-0.67364227	0.59195119	13.07366228	-0.67348971
0.46791573	13.11201281	-0.59184264	0.46753528	13.11195268	-0.59173877
0.43165514	13.08541160	-0.74388820	0.43134350	13.08534637	-0.74379538
0.63146166	13.06260036	-0.53540275	0.63107555	13.06259471	-0.53523905
0.50588232	13.10314029	-0.45356046	0.50545225	13.10309234	-0.45344594
-0.38913329	13.07935878	-0.50264361	-0.38953526	13.07902640	-0.50290682
-0.47256564	13.06109254	-0.51552026	-0.47295888	13.06074083	-0.51581429
-0.45245628	13.04954380	-0.55775047	-0.45282927	13.04919257	-0.55803524
-0.40149606	13.08564367	-0.43969059	-0.40192429	13.08531513	-0.43996005
-0.49494670	13.06314639	-0.47112267	-0.49535839	13.06279332	-0.47142604
-0.57919757	13.03683994	-0.50052124	-0.57959252	13.03646534	-0.50085432
-0.54141764	13.03868308	-0.53291429	-0.54179953	13.03831495	-0.53323244
-0.50359220	13.03693827	-0.55895753	-0.50396228	13.03657636	-0.55926040
-0.42727095	13.08244547	-0.37960010	-0.42772298	13.08211715	-0.37988025
-0.50901298	13.05910186	-0.41982456	-0.50944376	13.05874994	-0.42013377
-0.52419020	13.04475837	-0.36896110	-0.52463773	13.04440761	-0.36927559
-0.56961726	13.02776029	-0.40140734	-0.57004837	13.02739484	-0.40173704
-0.58127117	13.03276687	-0.45004978	-0.58168517	13.03239509	-0.45038394
-0.02379082	13.12895390	-0.43616424	-0.02423243	13.12873187	-0.43627669
-0.11533150	13.11655388	-0.44910517	-0.11576370	13.11630246	-0.44925704
-0.03363637	13.15074980	-0.34096274	-0.03412288	13.15053457	-0.34108263
-0.13662136	13.13453036	-0.36273518	-0.13709397	13.13428228	-0.36289854
-0.23752858	13.11734576	-0.39424229	-0.23798293	13.11706585	-0.39444750
-0.21113501	13.10359536	-0.47246181	-0.21155396	13.10331401	-0.47265394
-0.03461973	13.15280676	-0.25382976	-0.03514206	13.15260028	-0.25395107
-0.14837393	13.13819407	-0.27900952	-0.14888159	13.13795190	-0.27917881
-0.25773301	13.11990193	-0.31480968	-0.25822044	13.11962564	-0.31502397
0.99200960	11.97671607	-1.05524215	0.99219178	11.97688419	-1.05504900
1.01393969	12.12167637	-1.05297551	1.01406142	12.12185288	-1.05276266
0.99417912	11.93171649	-0.94990972	0.99435062	11.93188116	-0.94972304
1.01939992	12.07841811	-0.93887255	1.01949991	12.07859327	-0.93866565
1.03752620	12.29606186	-0.92286732	1.03753003	12.29623759	-0.92263269
1.02676854	12.33073806	-1.03875134	1.02680193	12.33091434	-1.03851734
0.97508565	11.91503896	-0.83114526	0.97522687	11.91518940	-0.83097285
1.00227223	12.06310161	-0.81562531	1.00233868	12.06326569	-0.81542983
1.02315016	12.28494195	-0.79865682	1.02311502	12.28510781	-0.79842906
1.02156968	12.51632121	-1.01410967	1.02152866	12.51648657	-1.01386309
1.03958145	12.49873637	-0.89888823	1.03950485	12.49890217	-0.89863590
1.02763849	12.49314715	-0.77769630	1.02752029	12.49330230	-0.77744799
-0.64646175	12.93179497	-0.61741494	-0.64679351	12.93140824	-0.61776559
-0.65323611	12.90198184	-0.62931543	-0.65355856	12.90159491	-0.62966790
-0.70463728	12.92181909	-0.53780855	-0.70499495	12.92141526	-0.53817993
-0.71512245	12.88562833	-0.54375952	-0.71547024	12.88522219	-0.54413403
-0.65507623	12.87858239	-0.63067093	-0.65539400	12.87819534	-0.63102375
-0.70673570	12.91236180	-0.43552526	-0.70712654	12.91195820	-0.43589854
-0.72027763	12.86728821	-0.43638663	-0.72065555	12.86688011	-0.43676219
-0.72328053	12.83159201	-0.43802857	-0.72364797	12.83118300	-0.43840385
-0.30229040	13.09235932	-0.48929507	-0.30269977	13.09205059	-0.48952418
-0.32083971	13.10239143	-0.41704049	-0.32128148	13.10208655	-0.41727888
-0.34720751	13.10201929	-0.34665771	-0.34767730	13.10171549	-0.34690725
-0.60062345	12.94984535	-0.26731305	-0.60108589	12.94948571	-0.26764898
-0.52056911	12.95295194	-0.20446643	-0.52105584	12.95262008	-0.20477150
-0.65434430	12.94416931	-0.34261515	-0.65477698	12.94378735	-0.34297135
-0.63106124	12.97368362	-0.35947394	-0.63149532	12.97330618	-0.35982379
-0.57742235	12.98174604	-0.29163824	-0.57788373	12.98138960	-0.29196804
-0.40632759	12.94375181	-0.14830545	-0.40683427	12.94345576	-0.14856333
-0.46049727	12.96256887	-0.67069763	-0.46080739	12.96220696	-0.67097610
-0.44867027	12.99491772	-0.64251540	-0.44899729	12.99455987	-0.64279269
-0.53288294	12.99413192	-0.62573740	-0.53321906	12.99376191	-0.62604851
-0.54874459	12.96569994	-0.65169085	-0.54906597	12.96532726	-0.65200607
-0.66325698	12.97895680	-0.52613867	-0.66363106	12.97856292	-0.52649761
-0.68760263	12.95149475	-0.53247196	-0.68796877	12.95109524	-0.53283849
-0.63270555	12.96009792	-0.60463953	-0.63304641	12.95971258	-0.60498610
-0.61185469	12.98729807	-0.58682169	-0.61220692	12.98691606	-0.58716213
-0.63118373	13.00811105	-0.51717761	-0.63156733	13.00772485	-0.51752710
-0.58463934	13.01370867	-0.55980399	-0.58500654	13.01333194	-0.56013657
-0.51482710	13.01989400	-0.58643963	-0.51518279	13.01952837	-0.58674560
-0.68922174	12.94551987	-0.43813669	-0.68962009	12.94512096	-0.43850513
-0.66478304	12.97355542	-0.44405647	-0.66518591	12.97316283	-0.44441699
-0.59868227	13.00466060	-0.38379870	-0.59911467	13.00428924	-0.38413820
-0.63098218	13.00356540	-0.45307337	-0.63138868	13.00318144	-0.45342358
-0.54949563	13.01620955	-0.32587159	-0.54995276	13.01585660	-0.32619369
-0.44524455	13.02571474	-0.60248330	-0.44559392	13.02536088	-0.60276250
0.17520865	13.11953927	-0.18433264	0.17466897	13.11940171	-0.18436004
0.14600444	13.15791011	-0.26984962	0.14548699	13.15775578	-0.26989146
0.17373870	13.14575984	-0.28437694	0.17323074	13.14561253	-0.28440529
0.20721235	13.10620099	-0.19567758	0.20668159	13.10607196	-0.19569000
0.12607840	13.16464802	-0.36508696	0.12559678	13.16447902	-0.36513678
0.15222124	13.15330240	-0.38181661	0.15174928	13.15314018	-0.38185321
0.17834142	13.13683111	-0.29433354	0.17784001	13.13668424	-0.29435890
0.21161317	13.09777799	-0.20203039	0.21108749	13.09764956	-0.20204008
0.18497361	13.14453146	-0.29537291	0.18447017	13.14438657	-0.29539584
0.21697947	13.10429618	-0.19688601	0.21645007	13.10416981	-0.19689385
0.16632926	13.15136670	-0.39884157	0.16586414	13.15120779	-0.39887110
0.21038634	13.15714602	-0.42450695	0.20992898	13.15699994	-0.42451694
0.23143368	13.14980941	-0.31299896	0.23093535	13.14967764	-0.31300173
0.26289082	13.10757393	-0.20743105	0.26236471	13.10746030	-0.20741996
0.25006536	12.93341501	-0.06331526	0.24953599	12.93331438	-0.06329771
0.21339478	13.04965036	-0.10935162	0.21284736	13.04953172	-0.10935830
0.24959893	13.03680244	-0.12050887	0.24906062	13.03669312	-0.12049976
0.28966088	12.92006397	-0.07616759	0.28914195	12.91997367	-0.07613261
0.25982109	13.03479439	-0.12092680	0.25928393	13.03468785	-0.12091321
0.30088089	12.91814825	-0.07949373	0.30036465	12.91806058	-0.07945413
0.30505080	13.03326130	-0.12800912	0.30451772	13.03316713	-0.12797676
0.34468825	12.91031217	-0.08518360	0.34417800	12.91023628	-0.08512675
0.37028112	12.72154690	-0.08848490	0.36983478	12.72148610	-0.08839657
0.33018060	12.73523977	-0.08429103	0.32972600	12.73516660	-0.08421855
0.38810039	12.52633700	-0.11775845	0.38772905	12.52629302	-0.11761288
0.35058595	12.55043476	-0.11355880	0.35020551	12.55037892	-0.11343693
0.31874506	12.73745868	-0.07961588	0.31828631	12.73738306	-0.07954713
0.33828084	12.55328033	-0.10871269	0.33789282	12.55322266	-0.10859525
0.29252521	12.56716751	-0.09105241	0.29212414	12.56709856	-0.09095890
0.27659754	12.75489966	-0.06393534	0.27612463	12.75481268	-0.06388652
0.26470462	12.78206160	-0.91850154	0.26459016	12.78196235	-0.91849974
0.25429026	12.85204156	-0.89331875	0.25412904	12.85192852	-0.89330656
0.23480804	12.85758624	-0.83424927	0.23461979	12.85745517	-0.83424200
0.24597694	12.79689391	-0.85809284	0.24582710	12.79677115	-0.85809045
0.23841250	12.92379630	-0.84284191	0.23819923	12.92366716	-0.84282765
0.21840865	12.92205601	-0.78728110	0.21817421	12.92191302	-0.78727584
0.22485923	12.91766075	-0.76944551	0.22461965	12.91751870	-0.76943832
0.24674371	12.80268111	-0.83728262	0.24658270	12.80255729	-0.83727778
0.21844625	12.85790912	-0.81984086	0.21825147	12.85776895	-0.81983755
0.22374494	12.80072411	-0.84292998	0.22358601	12.80059083	-0.84293115
0.20734685	12.92151537	-0.77756647	0.20710895	12.92136660	-0.77756572
0.16669101	12.93362039	-0.76315937	0.16644291	12.93345483	-0.76317416
0.17482351	12.86633500	-0.80159844	0.17461748	12.86617431	-0.80161118
0.17718848	12.80281503	-0.82274833	0.17702046	12.80265868	-0.82276553
0.27009611	12.71209537	-0.94388067	0.27002929	12.71200023	-0.94388520
0.25407764	12.73588760	-0.88248522	0.25397056	12.73577600	-0.88249010
0.25562460	12.75139373	-0.86000625	0.25549848	12.75127783	-0.86000574
0.27358893	12.71507198	-0.87332237	0.27348838	12.71496968	-0.87332217
0.23301340	12.74314822	-0.86990527	0.23289408	12.74302340	-0.86991208
0.18418960	12.73536528	-0.85242997	0.18406569	12.73521754	-0.85245210
0.27470812	12.32675851	-0.15574759	0.27433949	12.32665640	-0.15553461
0.29282721	12.42386782	-0.12278593	0.29244141	12.42379065	-0.12259722
0.34071985	12.42170992	-0.13785005	0.34034446	12.42163372	-0.13760253
0.32538740	12.35114442	-0.16967110	0.32501424	12.35102433	-0.16939516
0.34500240	12.43429766	-0.14525929	0.34463495	12.43422212	-0.14501605
0.35443755	12.41473989	-0.14241008	0.35406686	12.41467042	-0.14214095
0.34038567	12.34407260	-0.17647983	0.34004825	12.34390102	-0.17621115
0.39112170	12.38091419	-0.14968443	0.39075054	12.38084027	-0.14936207
0.11582593	13.13916043	-0.47029025	0.11539342	13.13897928	-0.47034043
0.14577472	13.12583677	-0.48409619	0.14535127	13.12566462	-0.48413145
0.11979188	13.08669998	-0.57826287	0.11941822	13.08651363	-0.57830463
0.15507675	13.07140986	-0.58870725	0.15471137	13.07123568	-0.58873233
0.15780250	13.11452592	-0.49073009	0.15738502	13.11435753	-0.49075897
0.16359021	13.12094087	-0.49083695	0.16317030	13.12077471	-0.49086339
0.17409275	13.06474198	-0.58476623	0.17372754	13.06457503	-0.58478250
0.20040150	13.07015925	-0.62389167	0.20004914	13.07000233	-0.62389532
0.19912236	13.12671212	-0.52307408	0.19871234	13.12655645	-0.52308395
0.21686264	12.99965136	-0.74195190	0.21658138	12.99950513	-0.74194542
0.19517859	12.99480445	-0.69402297	0.19488055	12.99464785	-0.69402683
0.18083015	12.99787069	-0.69366159	0.18053105	12.99770815	-0.69367161
0.14251285	13.01260425	-0.68262662	0.14220474	13.01242667	-0.68265308
0.38872959	13.08980505	-0.26023996	0.38823052	13.08972589	-0.26017489
0.42371933	13.00946385	-0.17613753	0.42321494	13.00940041	-0.17605618
0.45209637	12.87887438	-0.12952809	0.45161688	12.87882446	-0.12942845
0.31010570	12.98952615	-0.85997842	0.30987420	12.98942990	-0.85993322
0.33469650	12.91194292	-0.94924209	0.33452855	12.91187713	-0.94919737
0.29134668	13.05867118	-0.74804118	0.29104548	13.05855481	-0.74800274
0.12995451	12.96115746	-0.05880550	0.12941190	12.96102221	-0.05883962
0.10832777	13.06520698	-0.10380100	0.10777115	13.06505893	-0.10385315
0.08713928	13.12849246	-0.17413142	0.08659192	13.12832984	-0.17419773
0.08438471	13.02619092	-0.62377475	0.08404947	13.02599152	-0.62382823
0.06390145	13.09173656	-0.54613294	0.06351439	13.09153282	-0.54620096
0.10386648	12.95401969	-0.67784763	0.10357809	12.95382676	-0.67788860
0.46689175	12.68387374	-0.12873491	0.46647893	12.68383446	-0.12860392
0.47684454	12.47458852	-0.15604487	0.47652085	12.47455138	-0.15586340
0.34453228	12.83139326	-1.00264599	0.34442657	12.83134657	-1.00261681
0.34588768	12.75646187	-1.03207326	0.34582286	12.75641939	-1.03205078
0.47755804	12.33680038	-0.19307650	0.47727865	12.33675932	-0.19284042
0.34516800	12.69663185	-1.05139227	0.34514508	12.69659573	-1.05138681
0.15111510	12.47158698	-0.10187047	0.15072438	12.47147449	-0.10180483
0.15726208	12.62758176	-0.07349659	0.15682480	12.62746679	-0.07347232
0.10659777	12.75300699	-0.74753616	0.10641646	12.75281766	-0.74757808
0.10652777	12.82167482	-0.72383338	0.10630838	12.82148314	-0.72387148
0.14820452	12.80676069	-0.05367320	0.14770687	12.80663657	-0.05368271
0.10843846	12.88721348	-0.70592488	0.10818644	12.88702295	-0.70596212
0.32573202	13.14196060	-0.49889090	0.32530660	13.14185032	-0.49884798
0.30039590	13.11318394	-0.62580556	0.30002876	13.11306471	-0.62576733
0.35559971	13.13396298	-0.37263232	0.35512931	13.13386622	-0.37258137
0.05901882	13.16240949	-0.34655621	0.05853079	13.16222179	-0.34663612
0.05621550	13.13830764	-0.44864344	0.05577556	13.13810912	-0.44872112
0.07001550	13.15986685	-0.25509845	0.06949130	13.15969126	-0.25517416
0.88232207	11.96707974	-0.58249217	0.88238067	11.96716558	-0.58238852
0.81676000	12.01719950	-0.47386000	0.81676000	12.01719950	-0.47386000
0.92279301	11.93963429	-0.71068363	0.92289152	11.93975673	-0.71053730
0.90983531	12.00614102	-0.71545560	0.90990149	12.00626130	-0.71530612
0.87384707	12.05280878	-0.62926358	0.87386831	12.05290981	-0.62913132
0.80487391	12.11525092	-0.52652585	0.80483990	12.11532002	-0.52641203
0.95638039	11.93234854	-0.83469965	0.95651391	11.93249085	-0.83453156
0.97604690	11.94852221	-0.94591055	0.97620895	11.94867855	-0.94572865
0.94336825	12.06636164	-0.92919931	0.94346961	12.06650420	-0.92901870
0.92869499	12.03593348	-0.81169268	0.92877277	12.03606563	-0.81152500
0.97545525	11.99092319	-1.03900849	0.97562565	11.99108354	-1.03882004
0.94101262	12.06557503	-1.12598948	0.94118369	12.06572493	-1.12580544
0.91750102	12.12815073	-1.10364076	0.91763907	12.12829064	-1.10346156
0.94101343	12.10137089	-1.02699652	0.94113289	12.10151771	-1.02681207
0.86057676	12.18346042	-1.21745829	0.86074015	12.18358065	-1.21729696
0.74417276	12.33390226	-1.26888656	0.74430756	12.33397108	-1.26877070
0.74742832	12.36217626	-1.19710108	0.74751854	12.36224761	-1.19698402
0.85812722	12.22927081	-1.15471467	0.85824723	12.22938845	-1.15455137
0.60201365	12.48330646	-1.23772430	0.60206486	12.48331874	-1.23772474
0.47134983	12.61414336	-1.15272372	0.47136049	12.61415589	-1.15272486
0.49420000	12.61570000	-1.07906000	0.49420000	12.61570000	-1.07906000
0.61447000	12.50220000	-1.16283000	0.61447000	12.50220000	-1.16283000
0.38295573	12.64733729	-1.04966510	0.38295488	12.64732280	-1.04966684
0.33174606	12.64701887	-0.95670184	0.33172589	12.64696387	-0.95670811
0.37140000	12.64100070	-0.89641000	0.37140000	12.64100070	-0.89641000
0.41679000	12.64250090	-0.98287004	0.41679000	12.64250090	-0.98287004
0.31313882	12.67827153	-0.89680076	0.31307415	12.67819359	-0.89679862
0.30862371	12.70564828	-0.86908110	0.30852497	12.70556466	-0.86907127
0.33644816	12.69339417	-0.81151985	0.33632307	12.69331374	-0.81149207
0.34611997	12.66859392	-0.83960327	0.34602816	12.66853413	-0.83958885
0.29965192	12.69292227	-0.87297752	0.29955974	12.69283473	-0.87297033
0.25630972	12.68254597	-0.84350046	0.25620517	12.68243056	-0.84350314
0.29609005	12.67965885	-0.77373322	0.29595183	12.67955348	-0.77371592
0.33529266	12.68199234	-0.81015684	0.33517133	12.68191134	-0.81012903
0.14894745	12.71748000	-0.71528729	0.14876491	12.71730509	-0.71531252
0.01596671	12.77121660	-0.57518559	0.01569850	12.77099552	-0.57525430
0.01967572	12.80906473	-0.49826277	0.01936275	12.80884872	-0.49832902
0.17240214	12.73261998	-0.63967265	0.17217807	12.73245024	-0.63968181
-0.10111033	12.81433951	-0.51298481	-0.10142343	12.81408668	-0.51310052
-0.20862288	12.84633546	-0.51748220	-0.20894923	12.84605000	-0.51764395
-0.21227885	12.91499086	-0.45733900	-0.21264998	12.91471060	-0.45751073
-0.10354472	12.87401301	-0.44298465	-0.10390603	12.87376561	-0.44310689
-0.31352944	12.86673787	-0.57784456	-0.31384517	12.86641694	-0.57805072
-0.41183954	12.87784042	-0.64603054	-0.41214042	12.87748898	-0.64627994
-0.42870592	12.90569836	-0.59441272	-0.42903284	12.90534879	-0.59467361
-0.32323395	12.91998471	-0.52300842	-0.32358514	12.91966726	-0.52322624
-0.49982097	12.88124458	-0.67448309	-0.50011889	12.88087822	-0.67477229
-0.57960263	12.87793783	-0.66305751	-0.57990766	12.87756378	-0.66338229
-0.57897833	12.88042767	-0.62768391	-0.57929547	12.88005311	-0.62800806
-0.52237697	12.88911269	-0.62637269	-0.52269362	12.88874592	-0.62667233
-0.65397993	12.86982851	-0.61181317	-0.65430198	12.86944108	-0.61216560
-0.70361711	12.85373258	-0.53248708	-0.70396064	12.85332912	-0.53285774
-0.66663869	12.86992012	-0.50409992	-0.66699530	12.86952618	-0.50445658
-0.62887241	12.87905247	-0.58074907	-0.62920578	12.87866848	-0.58109260
-0.70911284	12.82666537	-0.43726637	-0.70947922	12.82626030	-0.43763579
-0.68271230	12.77990995	-0.34728853	-0.68309947	12.77952031	-0.34763942
-0.66103760	12.78643881	-0.36012474	-0.66142183	12.78605386	-0.36046809
-0.67295015	12.83292747	-0.42050894	-0.67332454	12.83253391	-0.42086382
-0.63636947	12.70556729	-0.28373851	-0.63676308	12.70519954	-0.28406036
-0.56313847	12.64506962	-0.23459565	-0.56353266	12.64472713	-0.23487778
-0.54535527	12.70425310	-0.26598055	-0.54575301	12.70391006	-0.26626501
-0.62115609	12.74766240	-0.31628171	-0.62154686	12.74729370	-0.31660330
-0.45639081	12.64021403	-0.18676939	-0.45679896	12.63990389	-0.18700957
-0.32946568	12.61966881	-0.15016959	-0.32987735	12.61939505	-0.15035521
-0.31148723	12.67325976	-0.17910922	-0.31190296	12.67298683	-0.17929535
-0.43733533	12.69760248	-0.21672279	-0.43774694	12.69729241	-0.21696367
-0.19290230	12.51551618	-0.13559069	-0.19328521	12.51528511	-0.13570264
-0.04443183	12.40003686	-0.14124939	-0.04478238	12.39985726	-0.14127012
-0.04163344	12.46955175	-0.17269239	-0.04198620	12.46936586	-0.17272463
-0.18109352	12.57808385	-0.16464001	-0.18148224	12.57785136	-0.16475741
0.11641023	12.33967840	-0.15976727	0.11607162	12.33954322	-0.15968627
0.24439957	12.32065545	-0.18289716	0.24405502	12.32053932	-0.18270752
0.22516872	12.38008453	-0.23608909	0.22486488	12.37995075	-0.23594447
0.10740010	12.40672964	-0.20174889	0.10707419	12.40658213	-0.20169017
0.29465682	12.35411994	-0.20360086	0.29432048	12.35399031	-0.20337524
0.28169435	12.43820905	-0.27479375	0.28140210	12.43808245	-0.27464003
0.27328067	12.41037812	-0.26059672	0.27298383	12.41024803	-0.26043323
0.30669547	12.34361125	-0.21666696	0.30638825	12.34345589	-0.21644923
0.34620000	12.27620000	-0.23202000	0.34620000	12.27620000	-0.23202000
0.31427124	12.33215183	-0.28511958	0.31403242	12.33206295	-0.28492462
0.28121780	12.39691332	-0.27625845	0.28095248	12.39679756	-0.27611401
0.44425997	12.21770000	-0.27141000	0.44425997	12.21770000	-0.27141000
0.57587000	12.16340070	-0.32883000	0.57587000	12.16340070	-0.32883000
0.56683581	12.24346668	-0.38005875	0.56671880	12.24349031	-0.37993961
0.42424495	12.28640066	-0.32297288	0.42409384	12.28639524	-0.32278679
0.70622003	12.08180000	-0.39380000	0.70622003	12.08180000	-0.39380000
0.69812240	12.18174765	-0.44524383	0.69804584	12.18178883	-0.44513687
0.76288096	12.39434951	-1.04582599	0.76289352	12.39442726	-1.04569297
0.86564395	12.24606949	-1.04412781	0.86571196	12.24618700	-1.04395938
0.78101410	12.37769204	-0.85727963	0.78095858	12.37776847	-0.85712724
0.87399292	12.22454656	-0.90355140	0.87401647	12.22466118	-0.90337929
0.79336917	12.26330672	-0.66936328	0.79329937	12.26338596	-0.66920414
0.87351516	12.15074496	-0.75155107	0.87352118	12.15085696	-0.75138924
0.53188904	12.60796920	-0.90127623	0.53180747	12.60796665	-0.90120436
0.64569088	12.52237672	-0.98883709	0.64564157	12.52240071	-0.98875173
0.56168387	12.53812127	-0.68859224	0.56152329	12.53810503	-0.68847178
0.67525272	12.47882695	-0.77838830	0.67513869	12.47885901	-0.77825318
0.56701846	12.38641546	-0.50746262	0.56684919	12.38641169	-0.50731343
0.68948424	12.34058995	-0.58593272	0.68935805	12.34063013	-0.58578379
-0.22349980	12.91035144	-0.37256947	-0.22390304	12.91007768	-0.37274632
-0.11765072	12.86729260	-0.35623396	-0.11804558	12.86705026	-0.35636185
-0.24541554	12.85263762	-0.28601067	-0.24583734	12.85236817	-0.28619108
-0.13872683	12.80307875	-0.27203528	-0.13913654	12.80284062	-0.27216634
-0.02121585	12.73558700	-0.30677238	-0.02158581	12.73537865	-0.30684651
0.00242611	12.80143024	-0.40242808	0.00207593	12.80121737	-0.40249908
-0.27940128	12.76237929	-0.22314173	-0.27982379	12.76210889	-0.22332605
-0.16170248	12.68987395	-0.20955637	-0.16210476	12.68963968	-0.20968189
-0.03471659	12.60376916	-0.22948636	-0.03507909	12.60357070	-0.22954431
-0.55872820	12.90949022	-0.54541972	-0.55907897	12.90912021	-0.54573645
-0.59317486	12.90328338	-0.45383364	-0.59355595	12.90290879	-0.45416282
-0.49116238	12.92362105	-0.39222215	-0.49156892	12.92327642	-0.39251168
-0.45747513	12.93629254	-0.49766474	-0.45784547	12.93594611	-0.49794137
-0.60997188	12.83130402	-0.37467767	-0.61036241	12.83093128	-0.37500603
-0.52119235	12.82167673	-0.31578981	-0.52160116	12.82133312	-0.31608039
-0.34167948	12.93506379	-0.42935531	-0.34207073	12.93475250	-0.42958367
-0.36896447	12.89986924	-0.33076763	-0.36938479	12.89956207	-0.33100445
-0.40481663	12.80243084	-0.26205070	-0.40523820	12.80212303	-0.26229150
0.28997873	12.63769525	-0.64922236	0.28978767	12.63756920	-0.64918344
0.33183750	12.63450954	-0.67267023	0.33165619	12.63440144	-0.67262199
0.26276148	12.57049133	-0.49840894	0.26252706	12.57034924	-0.49833969
0.30912195	12.56963585	-0.50822240	0.30888868	12.56950987	-0.50813858
0.31312723	12.58762205	-0.49265832	0.31288184	12.58749661	-0.49257386
0.33274541	12.64878138	-0.66427090	0.33255491	12.64867193	-0.66422164
0.34010860	12.63134239	-0.68696923	0.33993248	12.63123791	-0.68692194
0.31567295	12.57344892	-0.50746187	0.31543828	12.57332528	-0.50737567
0.34829364	12.55392079	-0.54811578	0.34808005	12.55381352	-0.54802493
0.36988164	12.61294438	-0.73761921	0.36973410	12.61285593	-0.73757193
0.32266708	12.43929162	-0.39423335	0.32243673	12.43918189	-0.39407904
0.28998338	12.48584938	-0.37137050	0.28972528	12.48572178	-0.37123995
0.28416867	12.48987703	-0.36649684	0.28390654	12.48974520	-0.36636918
0.23659169	12.47558372	-0.35049185	0.23632866	12.47543711	-0.35038024
0.44184461	12.55282787	-0.61004057	0.44165176	12.55275840	-0.60993412
0.43669500	12.62097151	-0.81330438	0.43658314	12.62092638	-0.81324718
0.42957643	12.41172743	-0.44113551	0.42936994	12.41168087	-0.44095851
0.13292319	12.63845590	-0.40751827	0.13263202	12.63828095	-0.40751361
0.15985977	12.70872862	-0.53026476	0.15959565	12.70855456	-0.53026785
0.11365319	12.52169972	-0.29105215	0.11334595	12.52153386	-0.29102384
0.15859439	13.14376867	-0.39398093	0.15812993	13.14360755	-0.39401351
0.25301717	13.03047747	-0.12760400	0.25248393	13.03036847	-0.12759302
0.29217111	12.91663153	-0.08551440	0.29165746	12.91654091	-0.08547801
0.32134245	12.73670998	-0.09008364	0.32088905	12.73663344	-0.09001351
0.34162868	12.55746868	-0.11864656	0.34124658	12.55740733	-0.11853110
0.23873085	12.85676883	-0.81332134	0.23853423	12.85663713	-0.81331184
0.33102037	12.37312333	-0.17708965	0.33065413	12.37300116	-0.17681626
0.17232942	13.05953045	-0.58754925	0.17196726	13.05936255	-0.58756613
0.19863322	12.98961183	-0.68734477	0.19833466	12.98945626	-0.68734747
0.89666658	11.96183093	-0.56901248	0.89672543	11.96192053	-0.56890521
0.82714765	12.01967305	-0.45657159	0.82714131	12.01967255	-0.45656726
0.94028987	11.92541445	-0.70207323	0.94039419	11.92554390	-0.70192411
0.74780522	12.33251482	-1.28435101	0.74794901	12.33258469	-1.28423309
0.46178804	12.62005512	-1.16637491	0.46180076	12.62007131	-1.16637736
0.35359500	12.65794407	-1.05816756	0.35358859	12.65791650	-1.05817059
0.28701207	12.66094978	-0.95993043	0.28698277	12.66086985	-0.95994467
0.27217546	12.69066807	-0.89836661	0.27210125	12.69056848	-0.89837350
0.25528782	12.70179929	-0.88495946	0.25519474	12.70168816	-0.88496233
0.20693157	12.68751020	-0.86707516	0.20683550	12.68737517	-0.86709487
0.11767332	12.70895634	-0.75271516	0.11751275	12.70877259	-0.75275587
0.00837866	12.74238523	-0.62280197	0.00814200	12.74216241	-0.62287566
-0.20072281	12.78304036	-0.55822862	-0.20101249	12.78275357	-0.55837893
-0.30363510	12.82455030	-0.60884507	-0.30392586	12.82422836	-0.60904025
-0.48713972	12.88626266	-0.69668122	-0.48742980	12.88589648	-0.69696475
-0.56938682	12.88925830	-0.68554282	-0.56968508	12.88888479	-0.68586371
-0.71585783	12.85803137	-0.54406075	-0.71619877	12.85762478	-0.54443568
-0.19516720	12.52530916	-0.11359535	-0.19556308	12.52508105	-0.11370990
0.13392713	12.35552265	-0.13497634	0.13356892	12.35539856	-0.13488723
0.30241183	12.38176269	-0.21639775	0.30207847	12.38162964	-0.21617909
0.37973709	12.29101897	-0.19018384	0.37958334	12.29089756	-0.18998697
0.46794812	12.23653399	-0.23671094	0.46788942	12.23650551	-0.23662565
0.71382471	12.09162349	-0.37142122	0.71381074	12.09162019	-0.37140581
0.29077284	12.51298536	-0.36469939	0.29050204	12.51285596	-0.36457538
0.57991560	12.77682695	-0.53785144	0.57962212	12.77679938	-0.53770882
0.30091562	12.98779775	-0.52829046	0.30055254	12.98767563	-0.52825237
0.02856370	12.99408799	-0.26222888	0.02809290	12.99389863	-0.26230799
0.09722104	13.07651861	-0.30711641	0.09674325	13.07634578	-0.30717226
0.31426791	12.86749652	-0.29208287	0.31385268	12.86738970	-0.29203250
0.02625241	12.96623615	-0.42064326	0.02585475	12.96602916	-0.42071938
0.11961408	13.04405389	-0.41640239	0.11919038	13.04387661	-0.41644448
0.36383350	12.82212638	-0.69138458	0.36359445	12.82203183	-0.69132475
0.15275348	13.02826542	-0.17819445	0.15223940	13.02812188	-0.17822373
0.21833799	12.81343776	-0.79252225	0.21815131	12.81329561	-0.79252236
0.32618084	12.75676776	-0.52884078	0.32589696	12.75664965	-0.52878520
0.32665395	12.88563348	-0.83966421	0.32645482	12.88554354	-0.83961967
0.38757246	12.43383756	-0.23777808	0.38723141	12.43372019	-0.23750565
0.24126675	13.04542900	-0.44493642	0.24085298	13.04529029	-0.44492618
0.47351087	12.68378752	-0.66490369	0.47330039	12.68373051	-0.66480675
0.69554132	12.74921225	-0.76884392	0.69534599	12.74924359	-0.76867879
0.32221597	12.93906714	-0.19791726	0.32174090	12.93897156	-0.19787031
-0.43238048	12.90997073	-0.24584112	-0.43283837	12.90965667	-0.24610577
0.14884403	13.08059919	-0.24764435	0.14834127	13.08044763	-0.24767894
0.32091221	12.94496019	-0.68590594	0.32062827	12.94484978	-0.68586050
-0.51923565	12.90966050	-0.28649123	-0.51967912	12.90931995	-0.28679068
0.22428318	13.03041024	-0.32678541	0.22382817	13.03027412	-0.32678317
0.28400188	12.45845109	-0.19595551	0.28365848	12.45834016	-0.19579641
0.11539320	13.09759999	-0.36911094	0.11493378	13.09742661	-0.36915985
0.20684492	13.07588665	-0.48738639	0.20643793	13.07573452	-0.48739147
0.24960250	12.61169883	-0.24204856	0.24924989	12.61157712	-0.24198310
0.16449783	12.93585272	-0.50731488	0.16414576	12.93568150	-0.50733021
0.27563331	12.88968456	-0.82987869	0.27542956	12.88957073	-0.82985380
0.28257804	12.83901510	-0.83321297	0.28239778	12.83890567	-0.83319074
0.22796451	13.02043336	-0.54296299	0.22759719	13.02028526	-0.54295520
0.37098067	12.79852640	-0.19518511	0.37055176	12.79844417	-0.19510532
0.49377799	12.59109764	-0.42918795	0.49350348	12.59104388	-0.42904892
0.30432219	12.75981235	-0.88627029	0.30420562	12.75972890	-0.88625765
0.15857286	12.96300190	-0.64265525	0.15826744	12.96282983	-0.64267444
0.38260396	12.37330033	-0.21180314	0.38220921	12.37317661	-0.21141868
0.35278945	12.48217028	-0.30689328	0.35248903	12.48205742	-0.30670619
0.18995252	12.86777779	-0.18513725	0.18949243	12.86764533	-0.18513725
0.38858039	12.72966898	-0.90865736	0.38848987	12.72963350	-0.90862804
0.29553213	12.79181395	-0.84746059	0.29538018	12.79171479	-0.84744197
0.14132666	13.11290139	-0.28005071	0.14082701	13.11274454	-0.28009066
0.40973007	12.60565074	-0.24361291	0.40937979	12.60557368	-0.24348547
0.21325424	12.85840109	-0.76916500	0.21303844	12.85825403	-0.76916342
0.42617403	12.71237780	-0.82511095	0.42603884	12.71232974	-0.82504957
0.82498059	12.74545757	-0.86363016	0.82481260	12.74553411	-0.86343033
0.56452528	12.79118151	-0.92446420	0.56439416	12.79119117	-0.92435454
0.33583108	12.68528224	-0.19594491	0.33543645	12.68519136	-0.19585862
0.24587662	12.76228824	-0.17917541	0.24544844	12.76217477	-0.17913777
