0.82997616	12.75592421	-0.41123878	0.82883908	12.75665139	-0.41083014
0.79594512	12.89278754	-0.44132888	0.79453472	12.89345258	-0.44095445
0.87544219	12.85571494	-0.53786538	0.87424006	12.85655525	-0.53740109
0.91243451	12.72443523	-0.52152823	0.91149260	12.72535012	-0.52101862
0.75082737	12.98156915	-0.50308114	0.74929287	12.98213652	-0.50275831
0.83418104	12.93963094	-0.58224877	0.83285123	12.94038344	-0.58183418
0.88636224	12.89938512	-0.64154872	0.88519603	12.90025242	-0.64108353
0.92759485	12.83192048	-0.63445933	0.92656722	12.83288249	-0.63394557
0.96710678	12.70543838	-0.63339576	0.96633388	12.70648874	-0.63282767
0.70942427	12.77466410	-1.16060310	0.70909426	12.77501975	-1.16041781
0.83303770	12.73123140	-1.13620301	0.83274339	12.73187203	-1.13588560
0.79565138	12.83668304	-1.06829269	0.79509336	12.83727087	-1.06800503
0.67293208	12.87698918	-1.08776906	0.67235742	12.87733263	-1.08761975
0.93439369	12.70465116	-1.07071885	0.93407682	12.70556415	-1.07027367
0.89504305	12.81361695	-1.01343354	0.89445445	12.81444049	-1.01303162
0.85197486	12.88015349	-0.96373346	0.85121879	12.88089294	-0.96336630
0.77242915	12.91722668	-0.98080103	0.77164372	12.91781400	-0.98051972
0.64939652	12.95745233	-0.98873564	0.64856618	12.95779904	-0.98858556
0.56775415	12.84112267	-0.20560034	0.56613264	12.84128582	-0.20551812
0.54468497	12.97734100	-0.25390346	0.54278504	12.97744624	-0.25384648
0.68211591	12.93572049	-0.34369017	0.68046129	12.93613625	-0.34345379
0.70861801	12.79720304	-0.30230112	0.70724462	12.79767162	-0.30204118
0.51217763	13.06238251	-0.33917095	0.51018465	13.06241029	-0.33914886
0.64361912	13.02447040	-0.42059735	0.64185483	13.02479781	-0.42040316
0.45489509	12.88118981	-1.06464371	0.45433410	12.88113195	-1.06471925
0.58403455	12.83069738	-1.13535286	0.58361498	12.83083801	-1.13530343
0.54829122	12.92311157	-1.06360883	0.54762859	12.92323016	-1.06358164
0.42133833	12.96299173	-0.99053226	0.42050999	12.96287250	-0.99063014
0.52300591	12.99772775	-0.96217147	0.52206518	12.99781601	-0.96214977
0.39531045	13.03194346	-0.88826051	0.39419001	13.03175806	-0.88837943
-0.04984175	12.97030285	-0.07600032	-0.05209088	12.96887456	-0.07682242
-0.17797674	12.97693269	-0.10031591	-0.18022587	12.97512667	-0.10134706
-0.18244187	13.05024167	-0.14695028	-0.18483812	13.04841183	-0.14799841
-0.05856039	13.05735530	-0.12011214	-0.06099501	13.05589118	-0.12095901
-0.29585694	12.97403318	-0.13860836	-0.29805219	12.97186037	-0.13983861
-0.29831092	13.03542173	-0.18706404	-0.30061478	13.03323022	-0.18830809
-0.29992903	13.07662563	-0.25259946	-0.30225609	13.07441523	-0.25385273
-0.18507910	13.09707429	-0.21319204	-0.18750896	13.09522595	-0.21424877
-0.06447002	13.11117730	-0.18612979	-0.06695800	13.10968437	-0.18698882
0.00547236	12.95792663	-0.59978224	0.00408450	12.95664909	-0.60049247
-0.01260573	13.01972933	-0.57461362	-0.01420603	13.01839510	-0.57535383
-0.09367489	13.01867446	-0.56543215	-0.09530166	13.01708507	-0.56631558
-0.07699705	12.96302257	-0.58077527	-0.07843322	12.96148821	-0.58162562
-0.03517914	13.07303112	-0.52760722	-0.03701313	13.07162008	-0.52838982
-0.11766044	13.06415231	-0.53013390	-0.11948144	13.06248808	-0.53106239
-0.21042328	13.05354866	-0.54785895	-0.21219793	13.05157997	-0.54894315
-0.18565968	13.01338614	-0.58335606	-0.18725049	13.01149632	-0.58439244
-0.16874125	12.96275172	-0.60050173	-0.17014472	12.96091766	-0.60150403
0.99584162	12.32320924	-0.65307061	0.99593782	12.32441583	-0.65238215
1.00047700	12.11326999	-0.65822425	1.00132565	12.11472426	-0.65730429
0.92498262	12.12029016	-0.53511268	0.92521317	12.12106183	-0.53459880
0.93019075	12.32747255	-0.52120422	0.93006558	12.32832778	-0.52065843
0.83672215	12.15651576	-0.42265828	0.83668343	12.15687745	-0.42240207
0.83924666	12.34483178	-0.40034150	0.83895574	12.34542549	-0.39994781
0.99424050	12.40817177	-1.12725258	0.99473043	12.40931453	-1.12665916
0.89479118	12.45860680	-1.19968844	0.89516026	12.45939119	-1.19923766
0.90637550	12.29794410	-1.21922726	0.90734775	12.29874249	-1.21863854
1.00826799	12.21849232	-1.13723901	1.00951254	12.21973938	-1.13650145
0.76070657	12.52432809	-1.23270857	0.76083095	12.52468141	-1.23243464
0.76889591	12.40247284	-1.26065532	0.76949118	12.40282044	-1.26028712
0.90582376	12.19142845	-1.22307364	0.90723541	12.19220379	-1.22239379
1.01205985	12.08217775	-1.12725094	1.01407584	12.08345497	-1.12630228
0.98899338	12.52815920	-0.64214114	0.98861570	12.52928269	-0.64152044
0.92770951	12.53863654	-0.51775355	0.92715474	12.53956231	-0.51721732
0.83976544	12.56105208	-0.39868180	0.83904754	12.56176340	-0.39826584
0.86832548	12.60298961	-1.17540262	0.86830259	12.60366813	-1.17502538
0.96978052	12.56962681	-1.10690683	0.96981401	12.57064963	-1.10640127
0.74090096	12.65208319	-1.20335188	0.74081150	12.65242117	-1.20311089
0.58979927	12.42599925	-0.22288095	0.58925392	12.42619626	-0.22278453
0.58027451	12.64159245	-0.20024101	0.57914711	12.64178201	-0.20015107
0.71720885	12.59784774	-0.29083779	0.71630468	12.59831204	-0.29057441
0.71949807	12.38093836	-0.30246949	0.71907269	12.38130956	-0.30225373
0.46553778	12.70398047	-1.15095670	0.46541188	12.70393339	-1.15097753
0.61111910	12.61582244	-1.21815051	0.61108711	12.61587355	-1.21808808
0.60460408	12.72173504	-1.18465338	0.60443400	12.72185663	-1.18458967
0.46635061	12.78825175	-1.11774969	0.46602797	12.78821035	-1.11780442
0.58591315	12.17584428	-0.30169175	0.58588373	12.17588057	-0.30168230
0.59326540	12.28505888	-0.26044214	0.59305417	12.28521398	-0.26036625
0.72121917	12.22280046	-0.33362347	0.72108239	12.22305049	-0.33348747
0.60605071	12.48482672	-1.25083975	0.60626752	12.48479196	-1.25081503
0.60914561	12.53374759	-1.24334777	0.60924521	12.53375796	-1.24333576
0.46132535	12.64790903	-1.16630163	0.46128192	12.64785149	-1.16630579
-0.03034602	12.69299337	-0.07483998	-0.03180501	12.69163260	-0.07559010
-0.18143999	12.75552219	-0.08487260	-0.18306344	12.75371954	-0.08587024
-0.17642887	12.87867452	-0.08211608	-0.17841890	12.87688066	-0.08312904
-0.03723850	12.84726966	-0.06413504	-0.03915039	12.84588470	-0.06491943
-0.31873553	12.80143459	-0.11180193	-0.32045560	12.79920414	-0.11303556
-0.30378573	12.89722750	-0.11524159	-0.30578815	12.89503835	-0.11647108
0.00745002	12.82829249	-0.62882381	0.00645864	12.82702988	-0.62953279
0.01058841	12.89392110	-0.61617517	0.00940389	12.89266251	-0.61687583
-0.07147048	12.90137490	-0.59002556	-0.07271245	12.89985921	-0.59086270
-0.07707998	12.83635058	-0.59416744	-0.07812577	12.83481543	-0.59500941
-0.16324161	12.90562819	-0.60865671	-0.16445740	12.90381011	-0.60964376
-0.17065986	12.84455062	-0.60769476	-0.17168920	12.84270630	-0.60868446
-0.04637070	12.39643231	-0.12974361	-0.04692704	12.39501428	-0.13047456
-0.19627680	12.60773430	-0.10326176	-0.19744238	12.60588514	-0.10425276
-0.03746175	12.52200348	-0.09909238	-0.03840758	12.52061810	-0.09982649
-0.34679374	12.59484173	-0.14469297	-0.34783033	12.59251687	-0.14592982
-0.33685742	12.68294285	-0.12422062	-0.33819613	12.68065520	-0.12545800
0.00049623	12.76165523	-0.64076587	-0.00029549	12.76037343	-0.64149135
-0.09392406	12.76936617	-0.59168103	-0.09477284	12.76777122	-0.59254395
-0.11119441	12.74177065	-0.57197618	-0.11197814	12.74011708	-0.57285972
-0.19260749	12.78127313	-0.59612088	-0.19345291	12.77935335	-0.59713259
-0.41691208	12.96666635	-0.18985761	-0.41901575	12.96409813	-0.19129392
-0.41019143	13.01722221	-0.23542620	-0.41237834	13.01466220	-0.23686151
-0.52526867	12.95602455	-0.24814382	-0.52725870	12.95308553	-0.24977270
-0.50639609	12.99758315	-0.28878316	-0.50844865	12.99469637	-0.29038613
-0.48474471	13.03172518	-0.33866837	-0.48682014	13.02889782	-0.34023937
-0.40068872	13.05473560	-0.29440006	-0.40289460	13.05219321	-0.29582330
-0.28945556	13.00737098	-0.60455095	-0.29099891	13.00513280	-0.60576958
-0.27301435	12.96273288	-0.62928618	-0.27437172	12.96054469	-0.63046850
-0.31171426	13.04299820	-0.56443090	-0.31343985	13.04069315	-0.56569472
-0.40580378	13.03113612	-0.57446547	-0.40748177	13.02850703	-0.57589862
-0.38905983	13.00054292	-0.61910961	-0.39056217	12.99795799	-0.62050683
-0.37754763	12.96264971	-0.65282760	-0.37886459	12.96009396	-0.65419467
-0.27234117	12.91423771	-0.64515958	-0.27351506	12.91204824	-0.64633186
-0.38325253	12.92358477	-0.67775807	-0.38439583	12.92099927	-0.67912414
-0.39651050	12.88585982	-0.69215615	-0.39749840	12.88321977	-0.69353236
-0.28323529	12.86435967	-0.64993971	-0.28423590	12.86212903	-0.65111881
-0.56623801	12.84875483	-0.20837969	-0.56794819	12.84568431	-0.21006002
-0.58170499	12.72618582	-0.21446590	-0.58299909	12.72305361	-0.21615327
-0.65824118	12.76051938	-0.27304579	-0.65953795	12.75710270	-0.27487873
-0.64358616	12.85707200	-0.27178203	-0.64521416	12.85371128	-0.27360441
-0.58572522	12.62135093	-0.23203737	-0.58663144	12.61819545	-0.23372405
-0.66246133	12.67775907	-0.28518145	-0.66344560	12.67431903	-0.28701896
-0.71232670	12.74611681	-0.35590407	-0.71341179	12.74247885	-0.35783254
-0.70795012	12.79856914	-0.34989500	-0.70923401	12.79495319	-0.35182253
-0.69413324	12.86217787	-0.35110528	-0.69563631	12.85861362	-0.35302095
-0.47651004	12.61494738	-0.18251713	-0.47751098	12.61217998	-0.18399575
-0.46923353	12.71140794	-0.16318193	-0.47058282	12.70867569	-0.16465927
-0.45170116	12.83143044	-0.15424921	-0.45344737	12.82875927	-0.15571859
-0.49279532	12.89847027	-0.70455140	-0.49379893	12.89547341	-0.70610051
-0.49865475	12.87130966	-0.71531291	-0.49954263	12.86828368	-0.71686007
-0.40748920	12.85219861	-0.69425672	-0.40835718	12.84951603	-0.69563954
-0.57988047	12.90073769	-0.68589880	-0.58091907	12.89743396	-0.68760568
-0.58354256	12.87396419	-0.70081992	-0.58445921	12.87063694	-0.70252069
-0.41787450	12.83502655	-0.68407140	-0.41870179	12.83231055	-0.68546466
-0.30132917	12.81552534	-0.64248337	-0.30218146	12.81323189	-0.64367949
0.88022970	12.90551555	-0.89420046	0.87934148	12.90632894	-0.89378622
0.77773905	12.96766568	-0.88231996	0.77673065	12.96827784	-0.88200767
0.89441318	12.92115116	-0.80482461	0.89338618	12.92200833	-0.80438123
0.79616805	12.98913324	-0.77706680	0.79498672	12.98979615	-0.77671421
0.68294153	13.03961366	-0.73792082	0.68159159	13.04003567	-0.73768702
0.65698367	13.01359473	-0.86797769	0.65587443	13.01396612	-0.86778698
0.89401291	12.91804602	-0.71245414	0.89289440	12.91892039	-0.71199327
0.81135962	12.98162552	-0.66974202	0.81005028	12.98232525	-0.66936172
0.71357077	13.02960391	-0.60971102	0.71207346	13.03009061	-0.60943493
0.99311571	12.69956198	-0.97395382	0.99272031	12.70066788	-0.97341608
0.94859218	12.81772009	-0.93077265	0.94791310	12.81869575	-0.93029289
1.01469253	12.70202741	-0.86133251	1.01419534	12.70319241	-0.86074514
0.96622646	12.82857444	-0.83305193	0.96542139	12.82959988	-0.83253102
1.00358409	12.70080472	-0.74731795	1.00295685	12.70194553	-0.74671806
0.95843483	12.82813914	-0.73326051	0.95751873	12.82915467	-0.73273074
0.53435166	13.05363669	-0.82520761	0.53309585	13.05374653	-0.82515263
0.56669424	13.08137045	-0.67542111	0.56516472	13.08153681	-0.67531765
0.43982728	13.11461779	-0.59523152	0.43808464	13.11448357	-0.59529025
0.40708723	13.08616365	-0.74801822	0.40563787	13.08597343	-0.74811664
0.60413636	13.07218955	-0.53620833	0.60242482	13.07242780	-0.53605927
0.47598386	13.10733204	-0.45617398	0.47405103	13.10727349	-0.45619273
-0.41593462	13.04823352	-0.51672728	-0.41776334	13.04558792	-0.51818109
-0.49843578	13.02709520	-0.53054190	-0.50017969	13.02415484	-0.53214296
-0.47743179	13.01645021	-0.57258952	-0.47906918	13.01356904	-0.57414966
-0.42925841	13.05380941	-0.45391169	-0.43121185	13.05113641	-0.45538926
-0.52138526	13.02814735	-0.48638404	-0.52320868	13.02514285	-0.48802699
-0.60424915	12.99903925	-0.51674479	-0.60592985	12.99573396	-0.51853418
-0.56620269	13.00236696	-0.54872688	-0.56783779	12.99918237	-0.55044783
-0.52804482	13.00206457	-0.57437151	-0.52963419	12.99900544	-0.57602304
-0.45564496	13.04942430	-0.39413270	-0.45768154	13.04667914	-0.39565544
-0.53588949	13.02336434	-0.43526786	-0.53778417	13.02032804	-0.43693472
-0.55112803	13.00824751	-0.38462582	-0.55305816	13.00517497	-0.38631627
-0.59546874	12.98978978	-0.41758642	-0.59728885	12.98655399	-0.41935530
-0.60675845	12.99463879	-0.46632317	-0.60850963	12.99134511	-0.46811488
-0.05393845	13.11140257	-0.44594463	-0.05601643	13.10992904	-0.44676691
-0.14462478	13.09543448	-0.46000421	-0.14665413	13.09368853	-0.46098249
-0.06593169	13.13260663	-0.35075634	-0.06822245	13.13109550	-0.35160705
-0.16774830	13.11235379	-0.37383524	-0.16996540	13.11054202	-0.37485711
-0.26735302	13.09143669	-0.40655252	-0.26947609	13.08930369	-0.40774655
-0.23945765	13.07894503	-0.48451979	-0.24141499	13.07688918	-0.48566019
-0.06817737	13.13440831	-0.26357451	-0.07061084	13.13289572	-0.26443600
-0.18072732	13.11532541	-0.29020784	-0.18308795	13.11348090	-0.29125609
-0.28866479	13.09298075	-0.32732518	-0.29091963	13.09079118	-0.32855942
1.07315915	12.02041690	-1.02362220	1.07582495	12.02234360	-1.02244542
1.05955453	12.16076483	-1.03342146	1.06102441	12.16235582	-1.03256131
1.10946408	11.99838101	-0.90863500	1.11305466	12.00125366	-0.90722533
1.07411488	12.12925996	-0.91431071	1.07569314	12.13117035	-0.91332368
1.05657315	12.33487445	-0.90836449	1.05706321	12.33635902	-0.90762884
1.04505829	12.36406401	-1.02642935	1.04560598	12.36541730	-1.02575261
1.10002091	11.99703522	-0.77056614	1.10376203	12.00010541	-0.76860827
1.05663927	12.11932490	-0.78583048	1.05807103	12.12128241	-0.78474957
1.03997330	12.32421571	-0.78288693	1.04031620	12.32565452	-0.78213795
1.02593204	12.54628314	-1.00558160	1.02594481	12.54750840	-1.00498949
1.04262328	12.53108848	-0.88918798	1.04253019	12.53237112	-0.88855369
1.02901525	12.52478527	-0.76694117	1.02879927	12.52601845	-0.76628948
-0.66652948	12.89244792	-0.63478701	-0.66762461	12.88885447	-0.63665108
-0.67215503	12.86250858	-0.64690490	-0.67311954	12.85888605	-0.64876528
-0.72517710	12.88001879	-0.55581638	-0.72636850	12.87625266	-0.55778882
-0.73435352	12.84354127	-0.56205031	-0.73540130	12.83973600	-0.56402410
-0.67318107	12.83907837	-0.64839667	-0.67405769	12.83544975	-0.65024777
-0.72799151	12.86988615	-0.45360169	-0.72933520	12.86615905	-0.45557869
-0.73992790	12.82437832	-0.45480083	-0.74110733	12.82060501	-0.45678744
-0.74167012	12.78861873	-0.45664382	-0.74271652	12.78483543	-0.45862322
-0.32983030	13.06435471	-0.50240758	-0.33172733	13.06200153	-0.50370677
-0.34967598	13.07344790	-0.43035041	-0.35171556	13.07104194	-0.43168510
-0.37686503	13.07183527	-0.36025643	-0.37901759	13.06935671	-0.36164112
-0.62513030	12.91015998	-0.28414826	-0.62691512	12.90686216	-0.28595025
-0.54601312	12.91582498	-0.22046827	-0.54792223	12.91282225	-0.22212668
-0.67775723	12.90296542	-0.36003242	-0.67938522	12.89945776	-0.36192795
-0.65537343	12.93336733	-0.37652549	-0.65707610	12.92993455	-0.37838688
-0.60285688	12.94299381	-0.30810106	-0.60470751	12.93976724	-0.30987048
-0.43229347	12.91062240	-0.16309727	-0.43426998	12.90801236	-0.16454915
-0.48106779	12.92981023	-0.68591835	-0.48221438	12.92686664	-0.68745938
-0.47070965	12.96239905	-0.65749658	-0.47201838	12.95950668	-0.65902916
-0.55506111	12.95862667	-0.64162825	-0.55638227	12.95543797	-0.64331359
-0.56962825	12.92981655	-0.66786603	-0.57080214	12.92656114	-0.66956678
-0.68592444	12.93845305	-0.54345859	-0.68734780	12.93483916	-0.54538073
-0.70923714	12.91022302	-0.55016783	-0.71054715	12.90651913	-0.55212242
-0.65389215	12.92111267	-0.62173038	-0.65511398	12.91757384	-0.62358397
-0.63419303	12.94889963	-0.60357496	-0.63554570	12.94544213	-0.60540296
-0.65500081	12.96864346	-0.53404386	-0.65654583	12.96514577	-0.53591874
-0.60821774	12.97607481	-0.57616940	-0.60971401	12.97272491	-0.57795890
-0.53836055	12.98478122	-0.60203774	-0.53984229	12.98167326	-0.60370261
-0.71162774	12.90364565	-0.45588053	-0.71308656	12.89997753	-0.45783889
-0.68812777	12.93254071	-0.46142225	-0.68967834	12.92895575	-0.46334711
-0.62386878	12.96558965	-0.40037738	-0.62563786	12.96225995	-0.40219077
-0.65533463	12.96375736	-0.46997024	-0.65697614	12.96028631	-0.47184329
-0.57585306	12.97860062	-0.34190871	-0.57775972	12.97545741	-0.34363717
-0.46884501	12.99309857	-0.61732017	-0.47032776	12.99023147	-0.61885919
0.14153602	13.10950745	-0.19135100	0.13910358	13.10859610	-0.19187625
0.11205343	13.14684694	-0.27726198	0.10964390	13.14584966	-0.27782934
0.14041437	13.13587222	-0.29144542	0.13806547	13.13495460	-0.29196613
0.17414866	13.09751948	-0.20229212	0.17177590	13.09669839	-0.20276428
0.09320101	13.15296953	-0.37280698	0.09092208	13.15191674	-0.37339677
0.11997192	13.14271117	-0.38924159	0.11775609	13.14173676	-0.38978490
0.14549745	13.12715710	-0.30136451	0.14319202	13.12625420	-0.30187580
0.17896331	13.08929879	-0.20860309	0.17662579	13.08849115	-0.20906672
0.15180539	13.13513292	-0.30230536	0.14948294	13.13424622	-0.30280708
0.18396831	13.09602960	-0.20337299	0.18160680	13.09523443	-0.20382954
0.13435316	13.14138049	-0.40610891	0.13217476	13.14044683	-0.40662717
0.17844872	13.14900443	-0.43119740	0.17629946	13.14819095	-0.43164362
0.19816798	13.14236582	-0.31932630	0.19586695	13.14160245	-0.31975196
0.22978829	13.10126194	-0.21327526	0.22743811	13.10058662	-0.21366184
0.22207404	12.92626333	-0.06953769	0.21998017	12.92558380	-0.06993496
0.18139864	13.04105883	-0.11591405	0.17904848	13.04026170	-0.11637941
0.21820224	13.02977452	-0.12657221	0.21590644	13.02907534	-0.12698014
0.26230932	12.91461871	-0.08184072	0.26027142	12.91404681	-0.08217696
0.22847330	13.02820999	-0.12684757	0.22618626	13.02753744	-0.12724004
0.27361977	12.91318963	-0.08500154	0.27159298	12.91264670	-0.08532157
0.27376579	13.02859748	-0.13328750	0.27149602	13.02804568	-0.13361080
0.31772912	12.90724658	-0.09001962	0.31573290	12.90681746	-0.09027633
0.35112718	12.71951777	-0.09333787	0.34964041	12.71918315	-0.09353614
0.31050799	12.73149658	-0.08977965	0.30897912	12.73106050	-0.09003417
0.37770803	12.52500417	-0.12348605	0.37678193	12.52475584	-0.12362816
0.33909514	12.54749980	-0.11963876	0.33809980	12.54715136	-0.11983384
0.29897058	12.73321953	-0.08530324	0.29742939	12.73275437	-0.08557350
0.32670394	12.54980729	-0.11498704	0.32569427	12.54942763	-0.11519788
0.28015154	12.56169105	-0.09790549	0.27908467	12.56118812	-0.09818183
0.25597176	12.74886285	-0.07020029	0.25436326	12.74828290	-0.07053322
0.25653374	12.77526740	-0.92354118	0.25608243	12.77478923	-0.92383394
0.24238603	12.84490877	-0.89911326	0.24172007	12.84437712	-0.89943229
0.22172037	12.85011605	-0.84047655	0.22096438	12.84951342	-0.84083253
0.23599503	12.78974054	-0.86377281	0.23542511	12.78918094	-0.86410746
0.22259493	12.91639558	-0.84924526	0.22168724	12.91579789	-0.84959531
0.20180681	12.91407606	-0.79392922	0.20082467	12.91340733	-0.79431574
0.20815625	12.91004197	-0.77597876	0.20715815	12.90938287	-0.77635828
0.23617708	12.79578372	-0.84298840	0.23556686	12.79522045	-0.84332642
0.20515182	12.84991108	-0.82641074	0.20437824	12.84925335	-0.82679830
0.21340919	12.79282834	-0.84911642	0.21281825	12.79220074	-0.84949604
0.19063427	12.91317639	-0.78439039	0.18964046	12.91246954	-0.78479691
0.14925726	12.92368573	-0.77064913	0.14821687	12.92286004	-0.77112073
0.16089905	12.85665719	-0.80889954	0.16008432	12.85587372	-0.80935739
0.16635092	12.79315812	-0.82981761	0.16573103	12.79239435	-0.83027506
0.26570737	12.70491211	-0.94767765	0.26547544	12.70443717	-0.94792203
0.24732397	12.72899049	-0.88753235	0.24694936	12.72847117	-0.88784628
0.24773983	12.74477343	-0.86525310	0.24729502	12.74424725	-0.86557518
0.26765757	12.70915832	-0.87782598	0.26732625	12.70869542	-0.87810839
0.22568749	12.73558162	-0.87559453	0.22528638	12.73499367	-0.87595799
0.17679369	12.72585890	-0.85910647	0.17639675	12.72512959	-0.85955822
0.27564319	12.32182139	-0.16563253	0.27533508	12.32132307	-0.16586764
0.28833253	12.41899998	-0.13177703	0.28768945	12.41853976	-0.13200811
0.33659048	12.41944723	-0.14704722	0.33597407	12.41913161	-0.14720843
0.32581772	12.34946626	-0.17960170	0.32544831	12.34913418	-0.17975423
0.34018524	12.43218221	-0.15428026	0.33954523	12.43187312	-0.15444045
0.35076684	12.41307953	-0.15181005	0.35017955	12.41280627	-0.15195170
0.34116318	12.34484160	-0.18541303	0.34081654	12.34458233	-0.18551084
0.38969436	12.38157574	-0.15939626	0.38921206	12.38142457	-0.15947871
0.08544028	13.12726546	-0.47828278	0.08340163	13.12619517	-0.47887281
0.11607434	13.11516922	-0.49172572	0.11409728	13.11418839	-0.49226487
0.09307929	13.07507740	-0.58635490	0.09135812	13.07404443	-0.58692194
0.12910921	13.06120141	-0.59634549	0.12744676	13.06027476	-0.59685355
0.12863822	13.10435503	-0.49821806	0.12670434	13.10341133	-0.49873642
0.13415149	13.11099974	-0.49824260	0.13220254	13.11007068	-0.49875231
0.14832335	13.05529074	-0.59215686	0.14667507	13.05441888	-0.59263401
0.17496693	13.06173502	-0.63096799	0.17336992	13.06094406	-0.63139991
0.16984731	13.11822990	-0.53005267	0.16794133	13.11740293	-0.53050074
0.19624164	12.99169418	-0.74880831	0.19500459	12.99099515	-0.74920209
0.17402858	12.98608984	-0.70112908	0.17272982	12.98531884	-0.70156197
0.15955428	12.98859484	-0.70097515	0.15824560	12.98778203	-0.70143091
0.12046173	13.00180548	-0.69050451	0.11909982	13.00087926	-0.69102089
0.35681589	13.08890015	-0.26435294	0.35461034	13.08855281	-0.26454622
0.39379866	13.00997228	-0.17971139	0.39168055	13.00972234	-0.17985899
0.42682585	12.88056152	-0.13271596	0.42498294	12.88040112	-0.13281897
0.29164305	12.98489216	-0.86557940	0.29059664	12.98447182	-0.86582850
0.32074433	12.90770105	-0.95419292	0.31998864	12.90737817	-0.95440917
0.26823978	13.05368810	-0.75394614	0.26686295	13.05317878	-0.75422716
0.10104845	12.94894658	-0.06669150	0.09886917	12.94794026	-0.06727447
0.07590529	13.05220676	-0.11179933	0.07349775	13.05112220	-0.11242876
0.05318347	13.11480871	-0.18231720	0.05070344	13.11365196	-0.18298396
0.06088243	13.01314285	-0.63240271	0.05939790	13.01203177	-0.63301916
0.03658948	13.07783534	-0.55492578	0.03480243	13.07663775	-0.55558786
0.08421360	12.94174754	-0.68626863	0.08300433	12.94071933	-0.68684603
0.44964764	12.68611143	-0.13216916	0.44831199	12.68601737	-0.13223514
0.46882208	12.47730716	-0.16048455	0.46807557	12.47727765	-0.16052067
0.33511090	12.82721962	-1.00660893	0.33462587	12.82695138	-1.00679319
0.34009006	12.75164451	-1.03483393	0.33980299	12.75136547	-1.03497299
0.47740489	12.33999374	-0.19851834	0.47709161	12.34001898	-0.19850987
0.34272651	12.69158324	-1.05301814	0.34262679	12.69131061	-1.05311690
0.14365905	12.46033537	-0.11150519	0.14288093	12.45945868	-0.11196125
0.14240843	12.61652458	-0.08208452	0.14116826	12.61564445	-0.08256491
0.09646886	12.74077158	-0.75576773	0.09587896	12.73979374	-0.75634771
0.09309821	12.80950660	-0.73219630	0.09229620	12.80851477	-0.73277115
0.12554986	12.79528775	-0.06170891	0.12379107	12.79435662	-0.06223750
0.09195820	12.87513511	-0.71426701	0.09096414	12.87413468	-0.71483713
0.29527831	13.13863333	-0.50411156	0.29330440	13.13813521	-0.50437100
0.27306353	13.10880852	-0.63154303	0.27136277	13.10827766	-0.63182250
0.32354866	13.13183027	-0.37726544	0.32139932	13.13139513	-0.37749878
0.02611843	13.14799387	-0.35514411	0.02381127	13.14674858	-0.35584375
0.02569686	13.12398343	-0.45737191	0.02361885	13.12274007	-0.45806368
0.03595267	13.14567566	-0.26348478	0.03350882	13.14446400	-0.26417651
0.91331562	11.99027624	-0.57025226	0.91422783	11.99109963	-0.56986629
0.81676000	12.01719950	-0.47386000	0.81676000	12.01719950	-0.47386000
0.99599076	11.98116355	-0.67682189	0.99820655	11.98273722	-0.67573713
0.96747355	12.03945770	-0.69288024	0.96920155	12.04069042	-0.69209756
0.90226620	12.07538213	-0.61907956	0.90305573	12.07618809	-0.61870905
0.81391153	12.12768539	-0.52050643	0.81409497	12.12812864	-0.52025817
1.07603441	12.00270785	-0.77990790	1.07975842	12.00524563	-0.77812937
1.08564993	12.00512698	-0.90556880	1.08913748	12.00758921	-0.90417835
1.00509847	12.10142331	-0.90345486	1.00697167	12.10281287	-0.90247644
0.99233872	12.07492803	-0.78836130	0.99428505	12.07632343	-0.78753097
1.05402299	12.03001871	-1.00702804	1.05660592	12.03175280	-1.00584701
0.99725360	12.09090309	-1.10213276	0.99920239	12.09211722	-1.10120817
0.96342966	12.15130540	-1.08400058	0.96500356	12.15238666	-1.08320841
0.99155343	12.13128040	-1.00653783	0.99318689	12.13255329	-1.00571135
0.89656752	12.19698360	-1.20056143	0.89793782	12.19773572	-1.19989605
0.76406165	12.33778783	-1.25867163	0.76489951	12.33811234	-1.25825141
0.76397948	12.36878011	-1.18856622	0.76463017	12.36916652	-1.18818653
0.88839630	12.24491200	-1.14041564	0.88949930	12.24569076	-1.13981235
0.60647686	12.48124475	-1.23674242	0.60669089	12.48121662	-1.23671980
0.47078829	12.61250878	-1.15267805	0.47078845	12.61245717	-1.15268440
0.49420000	12.61570000	-1.07906000	0.49420000	12.61570000	-1.07906000
0.61447000	12.50220000	-1.16283000	0.61447000	12.50220000	-1.16283000
0.38256207	12.64437381	-1.05012732	0.38256114	12.64422574	-1.05016665
0.33104623	12.64262670	-0.95806158	0.33101501	12.64234057	-0.95816858
0.37140000	12.64100070	-0.89641000	0.37140000	12.64100070	-0.89641000
0.41679000	12.64250090	-0.98287004	0.41679000	12.64250090	-0.98287004
0.30959544	12.67372130	-0.89972181	0.30939314	12.67337899	-0.89991026
0.30308441	12.70128389	-0.87274910	0.30276214	12.70092673	-0.87296830
0.33034742	12.69053712	-0.81491135	0.32996636	12.69023196	-0.81509277
0.34174666	12.66644210	-0.84218694	0.34146151	12.66621642	-0.84233223
0.29470268	12.68816954	-0.87687043	0.29442691	12.68778879	-0.87711269
0.25106460	12.67608380	-0.84859319	0.25077530	12.67555418	-0.84892678
0.28966831	12.67514575	-0.77826103	0.28926531	12.67470561	-0.77853274
0.32964122	12.67910050	-0.81360357	0.32929184	12.67879237	-0.81379358
0.13973135	12.70707679	-0.72279491	0.13917799	12.70620995	-0.72331045
0.00208495	12.75571362	-0.58494074	0.00123676	12.75442287	-0.58566164
0.00314585	12.79355831	-0.50802560	0.00207687	12.79227046	-0.50873791
0.16123165	12.72334610	-0.64699299	0.16052365	12.72252020	-0.64746984
-0.11774151	12.79420060	-0.52444032	-0.11875884	12.79253623	-0.52533727
-0.22649281	12.82208014	-0.53023641	-0.22757171	12.82006713	-0.53131056
-0.23355603	12.89033608	-0.46992858	-0.23494755	12.88831281	-0.47103073
-0.12343089	12.85351026	-0.45432553	-0.12474030	12.85183755	-0.45524032
-0.33158129	12.83881757	-0.59175870	-0.33259301	12.83643765	-0.59301228
-0.42965487	12.84669963	-0.66105081	-0.43055906	12.84395198	-0.66246927
-0.44810039	12.87369447	-0.60954202	-0.44918535	12.87090424	-0.61100239
-0.34390129	12.89143819	-0.53688020	-0.34518032	12.88903407	-0.53816993
-0.51751192	12.84723570	-0.69049897	-0.51835613	12.84415332	-0.69206829
-0.59733429	12.84116822	-0.67998373	-0.59816777	12.83779989	-0.68169373
-0.59717210	12.84346500	-0.64459055	-0.59807701	12.84011746	-0.64630335
-0.54086238	12.85406152	-0.64260573	-0.54181384	12.85092032	-0.64422243
-0.67198266	12.83025486	-0.62957038	-0.67286128	12.82664062	-0.63141630
-0.72188018	12.81199812	-0.55082519	-0.72283300	12.80824241	-0.55276235
-0.68574800	12.82926099	-0.52197746	-0.68681940	12.82565443	-0.52385666
-0.64751865	12.84012906	-0.59819828	-0.64849115	12.83662254	-0.60000489
-0.72734509	12.78417830	-0.45576146	-0.72837725	12.78044811	-0.45771309
-0.70018205	12.73783826	-0.36569292	-0.70121945	12.73424178	-0.36759787
-0.67862313	12.74519168	-0.37827580	-0.67966394	12.74167038	-0.38014108
-0.69158579	12.79158360	-0.43860113	-0.69267826	12.78799305	-0.44048993
-0.65181714	12.66484429	-0.30192008	-0.65272278	12.66143913	-0.30373769
-0.57686214	12.60678892	-0.25224061	-0.57767641	12.60366082	-0.25391103
-0.56092427	12.66670784	-0.28319874	-0.56188418	12.66363112	-0.28484304
-0.63780056	12.70760889	-0.33415173	-0.63879548	12.70424886	-0.33594140
-0.47034099	12.60560122	-0.20328219	-0.47126975	12.60284939	-0.20474924
-0.34286403	12.58959012	-0.16528586	-0.34385210	12.58727337	-0.16651697
-0.32668537	12.64395301	-0.19377806	-0.32778515	12.64168252	-0.19499366
-0.45311579	12.66377009	-0.23278887	-0.45418241	12.66107444	-0.23423083
-0.20203379	12.49060824	-0.14934405	-0.20280052	12.48873462	-0.15032628
-0.04836674	12.38100395	-0.15354390	-0.04884496	12.37957682	-0.15427635
-0.04818361	12.45071937	-0.18465754	-0.04880781	12.44929064	-0.18540083
-0.19248424	12.55372322	-0.17796274	-0.19338067	12.55187276	-0.17894273
0.11583135	12.32744712	-0.17048076	0.11551528	12.32647937	-0.17095917
0.24571076	12.31447502	-0.19297334	0.24546285	12.31388333	-0.19325445
0.22374615	12.37313314	-0.24558847	0.22339771	12.37246876	-0.24591314
0.10418097	12.39423389	-0.21216408	0.10373767	12.39323082	-0.21267063
0.29483930	12.35088737	-0.21311409	0.29451153	12.35045169	-0.21331866
0.27787256	12.43368456	-0.28315415	0.27738909	12.43317359	-0.28341443
0.27072078	12.40560659	-0.26935631	0.27030247	12.40507828	-0.26961927
0.30730207	12.34178180	-0.22523183	0.30698593	12.34141561	-0.22538871
0.34620000	12.27620000	-0.23202000	0.34620000	12.27620000	-0.23202000
0.31499492	12.32853981	-0.29311051	0.31477067	12.32815950	-0.29328498
0.27884770	12.39202121	-0.28412190	0.27845842	12.39151767	-0.28436369
0.44425997	12.21770000	-0.27141000	0.44425997	12.21770000	-0.27141000
0.57587000	12.16340070	-0.32883000	0.57587000	12.16340070	-0.32883000
0.56925703	12.24634227	-0.38134023	0.56920128	12.24642636	-0.38129451
0.42583508	12.28571349	-0.32844207	0.42573429	12.28560219	-0.32849559
0.70622003	12.08180000	-0.39380000	0.70622003	12.08180000	-0.39380000
0.70295728	12.18874242	-0.44355003	0.70299232	12.18899719	-0.44342283
0.77462840	12.40614147	-1.03946028	0.77500622	12.40667203	-1.03912716
0.89360004	12.26502729	-1.03098132	0.89452577	12.26587697	-1.03040249
0.79123625	12.39343833	-0.85101351	0.79144981	12.39406050	-0.85066387
0.90195119	12.24583127	-0.89137090	0.90278879	12.24670860	-0.89082419
0.80535728	12.28049593	-0.66238964	0.80557351	12.28113073	-0.66203791
0.90487251	12.17772806	-0.73817566	0.90571190	12.17871346	-0.73764121
0.53074814	12.61134725	-0.90109844	0.53058831	12.61144407	-0.90104483
0.64841304	12.52832985	-0.98705330	0.64843106	12.52857073	-0.98691653
0.56009371	12.54390928	-0.68900155	0.55979862	12.54403647	-0.68893441
0.67811971	12.48928187	-0.77559903	0.67802659	12.48965519	-0.77539080
0.56846509	12.39173785	-0.50855751	0.56828195	12.39185619	-0.50849099
0.69453884	12.35101738	-0.58310948	0.69449790	12.35138428	-0.58290005
-0.24562428	12.88500224	-0.38530672	-0.24714390	12.88295290	-0.38642971
-0.13840376	12.84602045	-0.36775362	-0.13983181	12.84430655	-0.36869373
-0.26633852	12.82616889	-0.29918536	-0.26782387	12.82407011	-0.30033489
-0.15795686	12.78072184	-0.28399494	-0.15933566	12.77896140	-0.28495790
-0.03734419	12.71805719	-0.31730785	-0.03849982	12.71665118	-0.31807321
-0.01509856	12.78503354	-0.41249369	-0.01629534	12.78369547	-0.41323070
-0.29757323	12.73441025	-0.23706790	-0.29887777	12.73222520	-0.23825223
-0.17714505	12.66640631	-0.22220694	-0.17829050	12.66459620	-0.22318303
-0.04635523	12.58544295	-0.24071047	-0.04726534	12.58401654	-0.24147174
-0.57881745	12.87273635	-0.56198279	-0.57997468	12.86949906	-0.56367769
-0.61399802	12.86484052	-0.47079017	-0.61529187	12.86151969	-0.47255250
-0.51341413	12.88843137	-0.40800317	-0.51490395	12.88548869	-0.40959207
-0.47904015	12.90279087	-0.51301596	-0.48039263	12.89993092	-0.51454392
-0.62903908	12.79189466	-0.39211066	-0.63022157	12.78854916	-0.39388866
-0.54056059	12.78513375	-0.33229842	-0.54183342	12.78211890	-0.33391778
-0.36398603	12.90546374	-0.44340056	-0.36547201	12.90301645	-0.44473070
-0.39107734	12.86888460	-0.34525342	-0.39261637	12.86637326	-0.34662426
-0.42404568	12.76992615	-0.27732310	-0.42538077	12.76731877	-0.27873192
0.28296874	12.63313909	-0.65464710	0.28246976	12.63262427	-0.65494611
0.32541434	12.63160287	-0.67720442	0.32495303	12.63120676	-0.67744118
0.25623134	12.56514349	-0.50530038	0.25570928	12.56454570	-0.50562796
0.30282601	12.56614284	-0.51431226	0.30231207	12.56567136	-0.51457313
0.30586244	12.58430778	-0.49868666	0.30527627	12.58384360	-0.49894194
0.32558290	12.64591632	-0.66879487	0.32506696	12.64551745	-0.66902634
0.33400257	12.62865476	-0.69119768	0.33354734	12.62827816	-0.69141777
0.30925229	12.57020158	-0.51343847	0.30871613	12.56974744	-0.51368976
0.34338801	12.55183611	-0.55337519	0.34294117	12.55146664	-0.55358417
0.36547455	12.61110380	-0.74089530	0.36512013	12.61079881	-0.74106809
0.32016493	12.43609372	-0.40163002	0.31979483	12.43567323	-0.40184779
0.28521911	12.48155755	-0.37908590	0.28472228	12.48105178	-0.37935363
0.27912859	12.48545826	-0.37429079	0.27863095	12.48493424	-0.37456617
0.23195241	12.46922565	-0.35900053	0.23148148	12.46857202	-0.35934218
0.43812646	12.55438342	-0.61324313	0.43773194	12.55424186	-0.61332757
0.43369575	12.62158986	-0.81461781	0.43343736	12.62148348	-0.81466708
0.42911013	12.41209597	-0.44650902	0.42883864	12.41194059	-0.44659231
0.12217349	12.62759573	-0.41610189	0.12138525	12.62664096	-0.41662459
0.14799009	12.69905219	-0.53802074	0.14718873	12.69816901	-0.53851240
0.10628546	12.50982302	-0.30064392	0.10564977	12.50881963	-0.30117012
0.12687951	13.13346124	-0.40135506	0.12471218	13.13250767	-0.40188530
0.22196778	13.02362185	-0.13362979	0.21970146	13.02293201	-0.13403151
0.26507980	12.91131816	-0.09115666	0.26306586	12.91075331	-0.09148872
0.30173017	12.73262130	-0.09572253	0.30020571	12.73216273	-0.09599049
0.32993540	12.55422146	-0.12479930	0.32892852	12.55384820	-0.12500705
0.22532940	12.84961093	-0.81949834	0.22454611	12.84901060	-0.81985235
0.33048526	12.37177866	-0.18684952	0.33005858	12.37146252	-0.18699592
0.14681649	13.05001651	-0.59496036	0.14518555	13.04914115	-0.59544041
0.17759240	12.98106179	-0.69438684	0.17629578	12.98029849	-0.69481525
0.92559498	11.98750363	-0.55433093	0.92642306	11.98840579	-0.55387710
0.82558283	12.01972183	-0.45644621	0.82553352	12.01972792	-0.45644304
1.01459330	11.97344984	-0.66260674	1.01675213	11.97527294	-0.66134414
0.76799876	12.33609351	-1.27390058	0.76886145	12.33641750	-1.27347113
0.46111533	12.61796656	-1.16643923	0.46111363	12.61790342	-1.16645237
0.35268361	12.65342416	-1.05909895	0.35266115	12.65319100	-1.05917087
0.28555744	12.65435568	-0.96239396	0.28549007	12.65393586	-0.96257630
0.26791388	12.68423425	-0.90227606	0.26768197	12.68376643	-0.90253305
0.25013559	12.69520300	-0.89000786	0.24987481	12.69468792	-0.89033474
0.20188130	12.67892141	-0.87311347	0.20163022	12.67826284	-0.87353350
0.10951559	12.69714716	-0.76063054	0.10904844	12.69620552	-0.76119707
-0.00351426	12.72654440	-0.63257011	-0.00421902	12.72524560	-0.63330645
-0.21565897	12.75930920	-0.57106521	-0.21647268	12.75731834	-0.57210653
-0.31973669	12.79715103	-0.62276703	-0.32056164	12.79480051	-0.62398679
-0.50476035	12.85280830	-0.71252623	-0.50558654	12.84975993	-0.71407504
-0.58725901	12.85295120	-0.70229783	-0.58809659	12.84960801	-0.70399461
-0.73415083	12.81595326	-0.56249975	-0.73509607	12.81214619	-0.56446073
-0.20500288	12.50021453	-0.12735325	-0.20582921	12.49833558	-0.12834080
0.13239987	12.34387962	-0.14546381	0.13199978	12.34296322	-0.14591974
0.30142449	12.37891300	-0.22558058	0.30102322	12.37849715	-0.22578052
0.38080609	12.29368419	-0.19483497	0.38068950	12.29362566	-0.19481123
0.46790206	12.23794321	-0.23856268	0.46784925	12.23794856	-0.23853852
0.71355815	12.09262677	-0.37161036	0.71353861	12.09266592	-0.37160671
0.28475945	12.50881101	-0.37227351	0.28419324	12.50830383	-0.37254639
0.56503650	12.78437904	-0.53880395	0.56401520	12.78453410	-0.53871671
0.27734065	12.98361938	-0.53382903	0.27580510	12.98308707	-0.53411642
0.00131997	12.97830087	-0.27151184	-0.00063622	12.97700168	-0.27224420
0.06715802	13.06358877	-0.31534428	0.06503760	13.06246931	-0.31597491
0.29219512	12.86367036	-0.29752352	0.29062137	12.86317699	-0.29780251
0.00230887	12.95072528	-0.43006712	0.00067752	12.94943043	-0.43078880
0.09232235	13.03228677	-0.42444256	0.09046542	13.03124155	-0.42502428
0.34983350	12.82059376	-0.69549878	0.34894503	12.82028695	-0.69567514
0.12272744	13.01733070	-0.18569394	0.12054332	13.01637303	-0.18624267
0.20643816	12.80555910	-0.79892707	0.20573734	12.80489908	-0.79931817
0.31229068	12.75380567	-0.53391259	0.31132943	12.75335816	-0.53416351
0.31235529	12.88201664	-0.84451784	0.31152920	12.88165836	-0.84473939
0.38437498	12.43467402	-0.24675715	0.38384275	12.43445700	-0.24688718
0.21415348	13.03866832	-0.45131111	0.21233873	13.03796031	-0.45169959
0.46512680	12.68660940	-0.66701942	0.46450460	12.68654507	-0.66705477
0.68519360	12.76118786	-0.76774876	0.68451946	12.76161568	-0.76752735
0.29575339	12.93533832	-0.20311143	0.29384989	12.93484850	-0.20339324
-0.45583593	12.87628362	-0.26103794	-0.45754197	12.87357679	-0.26252331
0.11768433	13.06963546	-0.25513734	0.11546141	13.06865985	-0.25569262
0.30164823	12.94151339	-0.69098593	0.30045188	12.94107798	-0.69122730
-0.54214146	12.87298600	-0.30263421	-0.54376583	12.86997444	-0.30427420
0.19613737	13.02276042	-0.33335554	0.19417882	13.02200267	-0.33378044
0.27847424	12.45379437	-0.20449378	0.27783631	12.45329363	-0.20475171
0.08529800	13.08552355	-0.37709432	0.08321563	13.08445465	-0.37769294
0.17914408	13.06773385	-0.49424499	0.17731350	13.06693263	-0.49468392
0.23756622	12.60529690	-0.24928974	0.23659368	12.60466524	-0.24963493
0.14286000	12.92614741	-0.51487273	0.14143752	12.92525086	-0.51536897
0.26106363	12.88395963	-0.83553442	0.26021879	12.88346164	-0.83583127
0.27028768	12.83361183	-0.83849634	0.26957278	12.83314201	-0.83878039
0.20332519	13.01323704	-0.54959315	0.20172976	13.01250944	-0.54999077
0.35018892	12.79701626	-0.19985795	0.34865556	12.79667047	-0.20005906
0.48528255	12.59471225	-0.43211316	0.48457473	12.59468104	-0.43213565
0.29663416	12.75520905	-0.89041092	0.29619436	12.75484297	-0.89064596
0.13793335	12.95293336	-0.65026257	0.13664381	12.95205169	-0.65075695
0.38390413	12.37491876	-0.22340840	0.38351966	12.37475227	-0.22350799
0.34768097	12.48077632	-0.31454841	0.34711205	12.48043907	-0.31473423
0.16650066	12.85852034	-0.19240411	0.16477290	12.85768623	-0.19287470
0.38268971	12.72871054	-0.91090688	0.38234672	12.72858995	-0.91100893
0.28564755	12.78694506	-0.85215237	0.28507156	12.78652554	-0.85241004
0.10933138	13.10169408	-0.28760919	0.10706736	13.10069163	-0.28817744
0.39787099	12.60601534	-0.24836476	0.39689177	12.60579350	-0.24849484
0.19903430	12.85037660	-0.77580201	0.19818734	12.84969040	-0.77620108
0.41956609	12.71284112	-0.82708542	0.41913583	12.71273519	-0.82714656
0.81505222	12.76242725	-0.86086614	0.81443292	12.76309868	-0.86052631
0.55541116	12.79638937	-0.92557726	0.55489677	12.79656756	-0.92551674
0.31994771	12.68232125	-0.20161182	0.31870969	12.68190272	-0.20184827
0.22664932	12.75538950	-0.18593445	0.22519177	12.75472504	-0.18630744
