0.85218980	12.73683611	-0.42105002	0.85278246	12.73667577	-0.42134948
0.82384478	12.87512286	-0.44998594	0.82462834	12.87499551	-0.45035734
0.89962080	12.83341544	-0.54825493	0.90026517	12.83314891	-0.54863801
0.93107958	12.70013441	-0.53343817	0.93154578	12.69983778	-0.53376115
0.78161512	12.96606168	-0.51045898	0.78248924	12.96596535	-0.51086196
0.86135566	12.91955083	-0.59132211	0.86208975	12.91931171	-0.59173415
0.91037778	12.87641078	-0.65160493	0.91100560	12.87608896	-0.65201123
0.94848240	12.80642083	-0.64578055	0.94902077	12.80605754	-0.64616639
0.98199930	12.67725617	-0.64658739	0.98237745	12.67686609	-0.64692689
0.71750190	12.76579550	-1.16469535	0.71767196	12.76555669	-1.16489292
0.83977759	12.71494902	-1.14301383	0.83992411	12.71458271	-1.14325916
0.80866296	12.82156686	-1.07438571	0.80895088	12.82123962	-1.07466817
0.68653121	12.86806916	-1.09105589	0.68683670	12.86785145	-1.09128916
0.94093634	12.68098120	-1.08032060	0.94108687	12.68051762	-1.08061313
0.90826063	12.79220929	-1.02179685	0.90855897	12.79178949	-1.02212684
0.86892984	12.86083884	-0.97128812	0.86933077	12.86046618	-0.97163610
0.79017875	12.90187178	-0.98663512	0.79060709	12.90156830	-0.98695821
0.66830241	12.94809513	-0.99202300	0.66876749	12.94790743	-0.99230725
0.59830119	12.83584777	-0.20901033	0.59922493	12.83619037	-0.20924212
0.58048948	12.97291827	-0.25704142	0.58160229	12.97329028	-0.25734994
0.71405093	12.92425361	-0.34980886	0.71499675	12.92433906	-0.35015714
0.73502232	12.78478017	-0.30906395	0.73577086	12.78483916	-0.30933559
0.55011451	13.05923188	-0.34171347	0.55130354	13.05960448	-0.34207118
0.67808913	13.01464028	-0.42581734	0.67912276	13.01474296	-0.42620705
0.46815268	12.88147801	-1.06410361	0.46846736	12.88147446	-1.06422408
0.59421925	12.82692930	-1.13695144	0.59444445	12.82680179	-1.13710822
0.56382381	12.91941277	-1.06470760	0.56419276	12.91931558	-1.06490704
0.44003260	12.96416194	-0.98968192	0.44051635	12.96422205	-0.98985070
0.54405557	12.99421367	-0.96328483	0.54460157	12.99417483	-0.96354018
0.41964504	13.03385227	-0.88720741	0.42031522	13.03400931	-0.88742110
-0.01070891	12.99409025	-0.06673035	-0.00937797	12.99564292	-0.06666600
-0.13932234	13.00583199	-0.08852774	-0.13803871	13.00749429	-0.08837340
-0.14191692	13.07896353	-0.13547966	-0.14060747	13.08056803	-0.13541016
-0.01685358	13.08123211	-0.11110188	-0.01547454	13.08275157	-0.11112362
-0.25831049	13.00722509	-0.12460570	-0.25708674	13.00893495	-0.12437423
-0.25938691	13.06834213	-0.17338745	-0.25814938	13.06999032	-0.17323020
-0.26079464	13.10915834	-0.23913358	-0.25957860	13.11072188	-0.23902364
-0.14405408	13.12550083	-0.20190014	-0.14275697	13.12702646	-0.20188260
-0.02200193	13.13491864	-0.17723374	-0.02063810	13.13637132	-0.17731067
0.03303197	12.97760419	-0.59103822	0.03389901	12.97855293	-0.59094412
0.01818209	13.04015235	-0.56580964	0.01914895	13.04114363	-0.56577777
-0.06287147	13.04220220	-0.55514624	-0.06191723	13.04325780	-0.55506794
-0.04873588	12.98595618	-0.57048636	-0.04784120	12.98699082	-0.57034827
-0.00126266	13.09433103	-0.51867951	-0.00020813	13.09537327	-0.51870476
-0.08435458	13.08866280	-0.51967124	-0.08333404	13.08977173	-0.51963476
-0.17799324	13.08128938	-0.53563766	-0.17701629	13.08241649	-0.53553378
-0.15541918	13.04013433	-0.57133508	-0.15449446	13.04120578	-0.57118772
-0.14073167	12.98886310	-0.58849487	-0.13985020	12.98990935	-0.58828976
0.98719257	12.28828105	-0.67208649	0.98711322	12.28791265	-0.67228258
0.96586798	12.06945990	-0.68778079	0.96558009	12.06912664	-0.68792115
0.91353407	12.09656404	-0.55248593	0.91339333	12.09636476	-0.55259340
0.92871898	12.30330246	-0.53689019	0.92872455	12.30305850	-0.53705024
0.83570142	12.14670120	-0.43124542	0.83565105	12.14663947	-0.43130512
0.84339153	12.32880137	-0.41149685	0.84346240	12.32868066	-0.41161793
0.97897598	12.37885417	-1.14178926	0.97875725	12.37833898	-1.14199867
0.88418537	12.43960966	-1.21078519	0.88401379	12.43918769	-1.21096002
0.87905692	12.28012343	-1.23544116	0.87867727	12.27970856	-1.23558371
0.97095293	12.18761160	-1.15691740	0.97050919	12.18711853	-1.15708454
0.75726342	12.51628670	-1.23957609	0.75721124	12.51604257	-1.23970450
0.75299888	12.39604132	-1.27084221	0.75275313	12.39578569	-1.27093931
0.86649278	12.17547623	-1.24315716	0.86600076	12.17508525	-1.24328840
0.95171106	12.05309579	-1.15484944	0.95116414	12.05263480	-1.15499148
0.99379458	12.49723697	-0.65762408	0.99394915	12.49684602	-0.65789288
0.93732389	12.51354603	-0.53112371	0.93755655	12.51326129	-0.53136816
0.85329965	12.54239245	-0.40909119	0.85362141	12.54223295	-0.40929728
0.86809138	12.58618536	-1.18413384	0.86810431	12.58579703	-1.18434464
0.96708859	12.54328435	-1.11837296	0.96707095	12.54278304	-1.11862748
0.74298938	12.64408873	-1.20904293	0.74304636	12.64384910	-1.20921076
0.60044837	12.42084674	-0.22567232	0.60068333	12.42099960	-0.22569886
0.60172461	12.63615621	-0.20350374	0.60233959	12.63642910	-0.20361353
0.73465731	12.58563707	-0.29781028	0.73510516	12.58566903	-0.29796114
0.72750923	12.37125577	-0.30848158	0.72765078	12.37126952	-0.30855227
0.46891919	12.70473140	-1.15086895	0.46898502	12.70470073	-1.15090754
0.61211702	12.61477978	-1.21961036	0.61213832	12.61471199	-1.21967717
0.60902951	12.71885607	-1.18623506	0.60911817	12.71873820	-1.18633834
0.47420745	12.78862955	-1.11734129	0.47438004	12.78860180	-1.11741106
0.58647496	12.17493730	-0.30184184	0.58646844	12.17496415	-0.30185381
0.59714533	12.28119398	-0.26246134	0.59718047	12.28127347	-0.26247608
0.72313702	12.21640913	-0.33767754	0.72312808	12.21641911	-0.33771273
0.60055385	12.48673292	-1.25179367	0.60047348	12.48669587	-1.25178872
0.60678984	12.53410341	-1.24361328	0.60675771	12.53404840	-1.24362916
0.46273361	12.64906002	-1.16645859	0.46275712	12.64903744	-1.16648215
-0.00290677	12.71616983	-0.06442463	-0.00191457	12.71769725	-0.06405255
-0.15139227	12.78495478	-0.07160576	-0.15032310	12.78665320	-0.07117653
-0.14137318	12.90773567	-0.06976500	-0.14017592	12.90942116	-0.06949464
-0.00295771	12.87075316	-0.05438793	-0.00175721	12.87231525	-0.05417936
-0.28738882	12.83593334	-0.09616942	-0.28630639	12.83771271	-0.09570296
-0.26876183	12.93098295	-0.10059524	-0.26759107	12.93273594	-0.10026337
0.02858305	12.84801974	-0.61953512	0.02926090	12.84895185	-0.61931052
0.03498383	12.91343907	-0.60721028	0.03575834	12.91437087	-0.60705001
-0.04595957	12.92412494	-0.57951527	-0.04513565	12.92515134	-0.57930524
-0.05434413	12.85928080	-0.58319395	-0.05359132	12.86030699	-0.58290251
-0.13759247	12.93151440	-0.59640390	-0.13675871	12.93254731	-0.59612419
-0.14735855	12.87068836	-0.59485977	-0.14656605	12.87172273	-0.59448373
-0.03356729	12.42014637	-0.11783040	-0.03309388	12.42164075	-0.11713175
-0.17279366	12.63776008	-0.08870987	-0.17191776	12.63945454	-0.08809291
-0.01817070	12.54532256	-0.08781619	-0.01745245	12.54681639	-0.08726574
-0.32412202	12.63036106	-0.12690972	-0.32326528	12.63215325	-0.12614409
-0.31032862	12.71819868	-0.10730580	-0.30936845	12.71999315	-0.10666995
0.01835588	12.78168635	-0.63104395	0.01892217	12.78262930	-0.63075395
-0.07381243	12.79281535	-0.57990863	-0.07311549	12.79384517	-0.57949635
-0.09154199	12.76588259	-0.55959059	-0.09080951	12.76693792	-0.55910411
-0.17135436	12.80817678	-0.58233859	-0.17057061	12.80922059	-0.58183518
-0.38083218	13.00391940	-0.17363111	-0.37967842	13.00564343	-0.17332362
-0.37313264	13.05383313	-0.21967762	-0.37197343	13.05548836	-0.21943668
-0.49089778	12.99658833	-0.23012222	-0.48981377	12.99830277	-0.22976260
-0.47126116	13.03714714	-0.27134526	-0.47016753	13.03879144	-0.27104686
-0.44928370	13.07017090	-0.32180982	-0.44819533	13.07173109	-0.32156885
-0.36336852	13.09059611	-0.27902043	-0.36222298	13.09216645	-0.27883182
-0.25980366	13.03755197	-0.59072214	-0.25889818	13.03861500	-0.59051934
-0.24539861	12.99222599	-0.61544807	-0.24453323	12.99323970	-0.61518503
-0.28005717	13.07414886	-0.55045601	-0.27910456	13.07528503	-0.55029378
-0.37478026	13.06525378	-0.55890821	-0.37383787	13.06639113	-0.55869910
-0.35990640	13.03381699	-0.60361917	-0.35900199	13.03486619	-0.60336421
-0.35021846	12.99534080	-0.63725644	-0.34935631	12.99631587	-0.63693889
-0.24673529	12.94362369	-0.63100869	-0.24590648	12.94460520	-0.63066769
-0.35766909	12.95625409	-0.66179869	-0.35683392	12.95717301	-0.66139976
-0.37232214	12.91881837	-0.67569050	-0.37150491	12.91970083	-0.67520607
-0.25939838	12.89404513	-0.63522829	-0.25859129	12.89500570	-0.63478634
-0.53489389	12.89105859	-0.18887279	-0.53386674	12.89285022	-0.18835576
-0.55471929	12.76895534	-0.19373388	-0.55378285	12.77075028	-0.19306490
-0.63094406	12.80522070	-0.25135532	-0.63002697	12.80698857	-0.25068710
-0.61303157	12.90125602	-0.25113558	-0.61204450	12.90301338	-0.25059985
-0.56258283	12.66406806	-0.21047376	-0.56172711	12.66584740	-0.20968119
-0.63812096	12.72252315	-0.26271857	-0.63727652	12.72427114	-0.26195452
-0.68673881	12.79175109	-0.33322978	-0.68590965	12.79345691	-0.33249542
-0.68055170	12.84407166	-0.32776333	-0.67966459	12.84577694	-0.32712092
-0.66470033	12.90716177	-0.32976065	-0.66376643	12.90885171	-0.32921948
-0.45315988	12.65456040	-0.16267693	-0.45228147	12.65635346	-0.16191430
-0.44210304	12.75093900	-0.14417386	-0.44114391	12.75274775	-0.14352663
-0.42002843	12.87030799	-0.13646982	-0.41896667	12.87210863	-0.13597546
-0.46830361	12.93410902	-0.68658554	-0.46746701	12.93495982	-0.68609340
-0.47515849	12.90703095	-0.69703187	-0.47433679	12.90784061	-0.69646323
-0.38437942	12.88545411	-0.67733563	-0.38357396	12.88632620	-0.67677254
-0.55490561	12.93896882	-0.66652608	-0.55405167	12.93991343	-0.66603900
-0.55963881	12.91215408	-0.68114355	-0.55881234	12.91306301	-0.68059146
-0.39515228	12.86869397	-0.66680847	-0.39434496	12.86958680	-0.66620054
-0.27902835	12.84582792	-0.62705578	-0.27822814	12.84679302	-0.62649824
0.89973545	12.88416111	-0.90274326	0.90021194	12.88377164	-0.90312723
0.79986402	12.95140006	-0.88878927	0.80042461	12.95111926	-0.88916145
0.91634665	12.89865587	-0.81408929	0.91690098	12.89827533	-0.81449817
0.82143406	12.97141081	-0.78437755	0.82209441	12.97113932	-0.78478241
0.71119995	13.02747514	-0.74321293	0.71197886	13.02735504	-0.74360781
0.68116395	13.00309535	-0.87217136	0.68179955	13.00294801	-0.87252063
0.91748412	12.89497960	-0.72219864	0.91808895	12.89462286	-0.72261290
0.83862756	12.96286431	-0.67787249	0.83935926	12.96261887	-0.67829042
0.74433941	13.01584862	-0.61597254	0.74519694	13.01574805	-0.61638260
1.00072200	12.67034584	-0.98567913	1.00091105	12.66983479	-0.98601031
0.96329899	12.79206626	-0.94080565	0.96364860	12.79160150	-0.94117273
1.02390281	12.67093388	-0.87437497	1.02414926	12.67042580	-0.87472497
0.98320612	12.80154869	-0.84407706	0.98362501	12.80108854	-0.84446446
1.01530409	12.67021364	-0.76104206	1.01560812	12.66975078	-0.76139305
0.97735376	12.80131296	-0.74469538	0.97782844	12.80088922	-0.74508574
0.56118024	13.04898011	-0.82709455	0.56191845	13.04899794	-0.82741326
0.59827710	13.07494110	-0.67842030	0.59918056	13.07499961	-0.67878949
0.47463780	13.11428516	-0.59592986	0.47568618	13.11458251	-0.59626123
0.43715613	13.08733754	-0.74765278	0.43803007	13.08757709	-0.74792799
0.63838916	13.06408815	-0.54037712	0.63940021	13.06417954	-0.54077254
0.51351864	13.10558601	-0.45786371	0.51468337	13.10592667	-0.45822499
-0.38322293	13.08309765	-0.50111258	-0.38223608	13.08434431	-0.50092761
-0.46675592	13.06432954	-0.51349301	-0.46578875	13.06557702	-0.51325343
-0.44688066	13.05272409	-0.55578679	-0.44593921	13.05388997	-0.55553676
-0.39521028	13.08956503	-0.43810344	-0.39417570	13.09092117	-0.43791740
-0.48886665	13.06645860	-0.46899066	-0.48787415	13.06779740	-0.46874649
-0.57324410	13.03957994	-0.49789895	-0.57226753	13.04091776	-0.49760969
-0.53567088	13.04147704	-0.53047823	-0.53470651	13.04273206	-0.53020108
-0.49800514	13.03983031	-0.55669854	-0.49705665	13.04101228	-0.55642918
-0.42056462	13.08648048	-0.37785990	-0.41949744	13.08794230	-0.37765760
-0.50259694	13.06256028	-0.41760653	-0.50157981	13.06400190	-0.41734981
-0.51741286	13.04836484	-0.36662732	-0.51637600	13.04989313	-0.36633825
-0.56303181	13.03102151	-0.39880808	-0.56202597	13.03252684	-0.39849151
-0.57497519	13.03572975	-0.44740725	-0.57399002	13.03715974	-0.44710225
-0.01684235	13.13363449	-0.43695217	-0.01569390	13.13477198	-0.43702059
-0.10869313	13.12121090	-0.44924893	-0.10759480	13.12241778	-0.44923876
-0.02598866	13.15565160	-0.34177312	-0.02474118	13.15691015	-0.34186927
-0.12937051	13.13936423	-0.36279920	-0.12818957	13.14068860	-0.36280072
-0.23072739	13.12192125	-0.39364410	-0.22961814	13.12327090	-0.39356757
-0.20483827	13.10799644	-0.47197329	-0.20379303	13.10922372	-0.47188990
-0.02638822	13.15791069	-0.25465753	-0.02506831	13.15927443	-0.25475883
-0.14054641	13.14319372	-0.27903492	-0.13929495	13.14462585	-0.27903778
-0.25037824	13.12463351	-0.31411686	-0.24920437	13.12609196	-0.31403183
0.98953614	11.97415528	-1.05845918	0.98896650	11.97369220	-1.05860534
1.01229417	12.11895276	-1.05672320	1.01182962	12.11844525	-1.05689672
0.99209390	11.92935997	-0.95294921	0.99152441	11.92890902	-0.95309448
1.01824638	12.07588076	-0.94243354	1.01780480	12.07539983	-0.94260291
1.03785984	12.29349797	-0.92727183	1.03764587	12.29298267	-0.92749302
1.02649355	12.32796547	-1.04322514	1.02626237	12.32742562	-1.04344856
0.97353058	11.91301305	-0.83388756	0.97302670	11.91260891	-0.83400387
1.00171930	12.06087882	-0.81894438	1.00133336	12.06045232	-0.81910023
1.02420691	12.28270358	-0.80288425	1.02404755	12.28224306	-0.80309836
1.02253541	12.51377094	-1.01915990	1.02252804	12.51323257	-1.01943983
1.04123428	12.49637950	-0.90398834	1.04126495	12.49585372	-0.90427722
1.03006316	12.49117429	-0.78268468	1.03014708	12.49069887	-0.78297092
-0.64078072	12.93359527	-0.61400342	-0.63992246	12.93478003	-0.61351590
-0.64749772	12.90367496	-0.62573643	-0.64668404	12.90485218	-0.62519011
-0.69838564	12.92369166	-0.53411744	-0.69753280	12.92511439	-0.53361067
-0.70873654	12.88740278	-0.53987086	-0.70793934	12.88884410	-0.53929295
-0.64924008	12.88025170	-0.62698638	-0.64846227	12.88143226	-0.62639425
-0.69989111	12.91480356	-0.43182167	-0.69900195	12.91637381	-0.43128142
-0.71326658	12.86967215	-0.43245055	-0.71242759	12.87126049	-0.43182853
-0.71613232	12.83395597	-0.43393697	-0.71534552	12.83555124	-0.43325732
-0.29624419	13.09648394	-0.48825680	-0.29523478	13.09772539	-0.48811619
-0.31428636	13.10666125	-0.41591783	-0.31321746	13.10801605	-0.41577837
-0.34021990	13.10643715	-0.34539145	-0.33910525	13.10790556	-0.34523469
-0.59301955	12.95360561	-0.26426830	-0.59200319	12.95533295	-0.26380979
-0.51257033	12.95732766	-0.20181674	-0.51150133	12.95909237	-0.20139452
-0.64715077	12.94732424	-0.33928388	-0.64618720	12.94898580	-0.33880404
-0.62404887	12.97685340	-0.35637322	-0.62306961	12.97847114	-0.35594316
-0.57004110	12.98547835	-0.28883470	-0.56901159	12.98715786	-0.28843034
-0.39782248	12.94866972	-0.14622642	-0.39670096	12.95044200	-0.14584164
-0.45530480	12.96527044	-0.66839608	-0.45444817	12.96617250	-0.66798110
-0.44343438	12.99779175	-0.64038173	-0.44255363	12.99876815	-0.64003714
-0.52754073	12.99657166	-0.62316762	-0.52664039	12.99761259	-0.62280562
-0.54345106	12.96793687	-0.64892416	-0.54257027	12.96892124	-0.64850171
-0.65720054	12.98112114	-0.52288374	-0.65627259	12.98248957	-0.52248810
-0.68145692	12.95349200	-0.52898452	-0.68056417	12.95488942	-0.52853498
-0.62706877	12.96204944	-0.60142516	-0.62617634	12.96323692	-0.60099127
-0.60622420	12.98945258	-0.58383236	-0.60530204	12.99065413	-0.58345712
-0.62519863	13.01048393	-0.51419865	-0.62424263	13.01183443	-0.51386182
-0.57894977	13.01613469	-0.55705829	-0.57800342	13.01736605	-0.55673322
-0.50934115	13.02260104	-0.58405851	-0.50841546	13.02373193	-0.58375595
-0.68252181	12.94802395	-0.43464860	-0.68159888	12.94956998	-0.43417195
-0.65822991	12.97613724	-0.44079715	-0.65727950	12.97764719	-0.44037891
-0.59191496	13.00786318	-0.38097617	-0.59092005	13.00942082	-0.38060945
-0.62459547	13.00625161	-0.45009046	-0.62363015	13.00771674	-0.44973594
-0.54238211	13.01990587	-0.32332419	-0.54134153	13.02151738	-0.32297855
-0.43987181	13.02875778	-0.60047370	-0.43895983	13.02983337	-0.60019071
0.18428014	13.12557435	-0.18653639	0.18567420	13.12699743	-0.18674604
0.15443621	13.16314615	-0.27208039	0.15577434	13.16437827	-0.27235105
0.18215649	13.15101955	-0.28680567	0.18348621	13.15222216	-0.28708022
0.21657942	13.11307250	-0.19797774	0.21803114	13.11463434	-0.19817326
0.13388182	13.16943152	-0.36714208	0.13515861	13.17052152	-0.36738884
0.16002106	13.15799125	-0.38403155	0.16129137	13.15903245	-0.38428107
0.18677425	13.14202510	-0.29679053	0.18810185	13.14320485	-0.29705787
0.22108923	13.10482241	-0.20434850	0.22255612	13.10640903	-0.20454107
0.19347502	13.14964502	-0.29799857	0.19482055	13.15080214	-0.29829476
0.22665090	13.11125156	-0.19932240	0.22815383	13.11282099	-0.19953837
0.17409692	13.15593350	-0.40115719	0.17536535	13.15692954	-0.40141161
0.21810071	13.16143116	-0.42718774	0.21936613	13.16232480	-0.42747874
0.23998891	13.15458200	-0.31588188	0.24135274	13.15561998	-0.31619859
0.27253211	13.11336735	-0.21032900	0.27403289	13.11465515	-0.21060763
0.25961455	12.93842999	-0.06579739	0.26089385	12.93966973	-0.06590120
0.22309103	13.05517410	-0.11180357	0.22452550	13.05650632	-0.11199369
0.25930736	13.04262048	-0.12313537	0.26073280	13.04397989	-0.12333609
0.29894887	12.92478485	-0.07886740	0.30017366	12.92591752	-0.07897778
0.26964901	13.04055445	-0.12368335	0.27109797	13.04188552	-0.12390141
0.31011676	12.92278407	-0.08227170	0.31133362	12.92388322	-0.08238748
0.31473753	13.03824547	-0.13104862	0.31615574	13.03936121	-0.13129066
0.35380633	12.91456005	-0.08820099	0.35499387	12.91553094	-0.08833777
0.37861370	12.72507711	-0.09155231	0.37951765	12.72588733	-0.09155204
0.33865539	12.73908532	-0.08713902	0.33959217	12.73999313	-0.08712176
0.39542642	12.52897149	-0.12185613	0.39600339	12.52961557	-0.12176798
0.35805058	12.55336650	-0.11716736	0.35868230	12.55410847	-0.11705566
0.32732391	12.74138624	-0.08241072	0.32827644	12.74232538	-0.08238657
0.34593241	12.55626218	-0.11224665	0.34658015	12.55703797	-0.11212354
0.30045115	12.57041673	-0.09409475	0.30114876	12.57130895	-0.09393093
0.28545867	12.75910037	-0.06636897	0.28646209	12.76015128	-0.06631240
0.26671871	12.78386333	-0.91944698	0.26700067	12.78417345	-0.91938334
0.25712699	12.85419315	-0.89479387	0.25753564	12.85455198	-0.89477192
0.23816298	12.86023208	-0.83572350	0.23863170	12.86067952	-0.83569234
0.24866591	12.79931403	-0.85919235	0.24902438	12.79971495	-0.85912018
0.24217671	12.92641934	-0.84469287	0.24273738	12.92685240	-0.84470898
0.22256203	12.92508005	-0.78900709	0.22317211	12.92559272	-0.78900857
0.22911221	12.92072199	-0.77119887	0.22973359	12.92123841	-0.77120496
0.24964136	12.80517734	-0.83848075	0.25002775	12.80559386	-0.83841341
0.22194142	12.86069883	-0.82132241	0.22242478	12.86117839	-0.82127799
0.22660671	12.80331695	-0.84406218	0.22698521	12.80376564	-0.84397139
0.21157037	12.92463854	-0.77922955	0.21219311	12.92517682	-0.77922324
0.17108992	12.93701514	-0.76461304	0.17174743	12.93762620	-0.76458151
0.17852846	12.86953987	-0.80284155	0.17905077	12.87010459	-0.80276780
0.18022060	12.80584485	-0.82364128	0.18062343	12.80638367	-0.82351257
0.27129855	12.71371076	-0.94436271	0.27145892	12.71400661	-0.94426811
0.25599325	12.73800495	-0.88316604	0.25623961	12.73836976	-0.88305596
0.25790297	12.75366799	-0.86090056	0.25819018	12.75405132	-0.86079993
0.27541053	12.71706632	-0.87402840	0.27563042	12.71740451	-0.87392191
0.23517683	12.74550033	-0.87065444	0.23544374	12.74591360	-0.87052285
0.18645007	12.73811388	-0.85293167	0.18672111	12.73861872	-0.85274595
0.28289295	12.33043068	-0.16142239	0.28307345	12.33124287	-0.16107021
0.30110083	12.42703319	-0.12803651	0.30153733	12.42783315	-0.12780621
0.34873637	12.42486231	-0.14454493	0.34912646	12.42549590	-0.14438418
0.33372994	12.35522056	-0.17696323	0.33393700	12.35582199	-0.17675219
0.35276958	12.43742703	-0.15185744	0.35317086	12.43804751	-0.15170662
0.36236250	12.41769955	-0.14964433	0.36272161	12.41827861	-0.14950073
0.34818676	12.34926909	-0.18369814	0.34838664	12.34973565	-0.18358965
0.39924695	12.38394408	-0.15821919	0.39950910	12.38437876	-0.15812008
0.12292634	13.14355331	-0.47210439	0.12410524	13.14450907	-0.47228404
0.15283105	13.13011184	-0.48609424	0.15398938	13.13101204	-0.48627978
0.12606056	13.09080571	-0.57993408	0.12709187	13.09163740	-0.58003740
0.16129204	13.07538499	-0.59056951	0.16229853	13.07616031	-0.59067249
0.16481939	13.11875182	-0.49277551	0.16596230	13.11962803	-0.49294981
0.17066083	13.12512380	-0.49295207	0.17181423	13.12598840	-0.49314176
0.18036178	13.06866032	-0.58674134	0.18136610	13.06941219	-0.58684871
0.20650244	13.07383525	-0.62606912	0.20748123	13.07450988	-0.62619481
0.20611951	13.13064845	-0.52545008	0.20727398	13.13142518	-0.52565242
0.22182418	13.00287841	-0.74398962	0.22259233	13.00343438	-0.74405545
0.20041739	12.99831052	-0.69589698	0.20122319	12.99893838	-0.69594263
0.18606152	13.00145108	-0.69544452	0.18687742	13.00210353	-0.69548061
0.14785325	13.01639271	-0.68418041	0.14870572	13.01711111	-0.68419602
0.39763370	13.09358228	-0.26388277	0.39897449	13.09432206	-0.26420372
0.43266715	13.01313657	-0.17976471	0.43393168	13.01386855	-0.18002536
0.46071559	12.88228416	-0.13311953	0.46179376	12.88295555	-0.13329403
0.31418307	12.99158879	-0.86257874	0.31482187	12.99190284	-0.86270112
0.33761885	12.91315935	-0.95148563	0.33806957	12.91335829	-0.95155863
0.29664821	13.06142118	-0.75081844	0.29749251	13.06185327	-0.75099009
0.13977365	12.96665956	-0.06056653	0.14112530	12.96810316	-0.06061956
0.11798232	13.07079516	-0.10555469	0.11941529	13.07224084	-0.10568128
0.09619669	13.13390825	-0.17581252	0.09759988	13.13528720	-0.17598267
0.09011590	13.03033513	-0.62498650	0.09102873	13.03117586	-0.62499303
0.07030979	13.09611802	-0.54740229	0.07136768	13.09706061	-0.54747450
0.10897723	12.95800964	-0.67897386	0.10974993	12.95878112	-0.67890900
0.47459395	12.68680168	-0.13256146	0.47538069	12.68736958	-0.13262041
0.48317891	12.47701590	-0.16080099	0.48358928	12.47741587	-0.16077423
0.34632829	12.83208000	-1.00418873	0.34661401	12.83221553	-1.00421475
0.34698358	12.75692964	-1.03315465	0.34715773	12.75704935	-1.03315039
0.48358141	12.33884660	-0.19900926	0.48368910	12.33906816	-0.19897501
0.34554293	12.69689918	-1.05182150	0.34561179	12.69700753	-1.05179750
0.15932987	12.47546353	-0.10422882	0.15989502	12.47661983	-0.10383072
0.16589947	12.63183377	-0.07520470	0.16673433	12.63304244	-0.07492829
0.10997412	12.75672469	-0.74790801	0.11036846	12.75744152	-0.74767313
0.11053476	12.82553856	-0.72454751	0.11106115	12.82627372	-0.72437268
0.15749329	12.81160174	-0.05517992	0.15860768	12.81291800	-0.05505455
0.11299092	12.89108789	-0.70686891	0.11364042	12.89182850	-0.70675166
0.33312819	13.14537683	-0.50217290	0.33433181	13.14598804	-0.50246662
0.30679570	13.11630924	-0.62882958	0.30783474	13.11682817	-0.62906359
0.36382874	13.13763404	-0.37609561	0.36512491	13.13832165	-0.37642115
0.06682642	13.16725041	-0.34805768	0.06810122	13.16841539	-0.34823913
0.06328459	13.14288543	-0.45000775	0.06445613	13.14393051	-0.45014159
0.07844302	13.16495928	-0.25671608	0.07978951	13.16623105	-0.25690881
0.88168162	11.96619237	-0.58425237	0.88145007	11.96599253	-0.58428403
0.81676000	12.01719950	-0.47386000	0.81676000	12.01719950	-0.47386000
0.92175155	11.93814295	-0.71305080	0.92133530	11.93783780	-0.71312440
0.90925404	12.00466679	-0.71796910	0.90888747	12.00437073	-0.71804525
0.87381547	12.05166839	-0.63157346	0.87357207	12.05144905	-0.63162639
0.80565341	12.11454336	-0.52859382	0.80553075	12.11445148	-0.52863358
0.95492849	11.93042231	-0.83740700	0.95443488	11.93003229	-0.83751350
0.97408933	11.94627322	-0.94888130	0.97353593	11.94583727	-0.94901722
0.94222877	12.06431490	-0.93226884	0.94178263	12.06390717	-0.93239278
0.92799567	12.03418942	-0.81455011	0.92759220	12.03383230	-0.81465041
0.97317358	11.98848445	-1.04214373	0.97261994	11.98803460	-1.04228396
0.93849977	12.06314030	-1.12909806	0.93796775	12.06269338	-1.12923520
0.91552459	12.12588881	-1.10673354	0.91504614	12.12546238	-1.10686694
0.93945025	12.09912078	-1.03017440	0.93897927	12.09869059	-1.03030714
0.85795878	12.18131435	-1.22026275	0.85748271	12.18093217	-1.22038827
0.74182556	12.33247457	-1.27098526	0.74148464	12.33223370	-1.27106735
0.74593026	12.36082614	-1.19928736	0.74566560	12.36058923	-1.19937570
0.85629662	12.22726335	-1.15763713	0.85589264	12.22689095	-1.15775735
0.60101617	12.48285537	-1.23766612	0.60093638	12.48282211	-1.23765853
0.47108824	12.61360552	-1.15272992	0.47109365	12.61359361	-1.15273921
0.49420000	12.61570000	-1.07906000	0.49420000	12.61570000	-1.07906000
0.61447000	12.50220000	-1.16283000	0.61447000	12.50220000	-1.16283000
0.38296202	12.64731605	-1.04971260	0.38297013	12.64736641	-1.04969611
0.33215976	12.64790610	-0.95673327	0.33219716	12.64808071	-0.95666571
0.37140000	12.64100070	-0.89641000	0.37140000	12.64100070	-0.89641000
0.41679000	12.64250090	-0.98287004	0.41679000	12.64250090	-0.98287004
0.31434651	12.67978417	-0.89728677	0.31448881	12.68002885	-0.89720366
0.31044383	12.70737263	-0.86990155	0.31065034	12.70764757	-0.86982528
0.33882031	12.69529473	-0.81275068	0.33905608	12.69557448	-0.81269791
0.34784992	12.66999350	-0.84036145	0.34803000	12.67019783	-0.84030978
0.30135862	12.69468555	-0.87372571	0.30154140	12.69497432	-0.87362550
0.25826882	12.68482453	-0.84413334	0.25846440	12.68522051	-0.84397741
0.29872155	12.68205745	-0.77481734	0.29897654	12.68244483	-0.77470365
0.33761793	12.68389934	-0.81136318	0.33783600	12.68418400	-0.81129607
0.15241978	12.72111790	-0.71584324	0.15278876	12.72179469	-0.71561595
0.02119438	12.77569818	-0.57526049	0.02182301	12.77667855	-0.57496293
0.02561678	12.81377488	-0.49852853	0.02636432	12.81482772	-0.49825995
0.17666780	12.73645005	-0.64064683	0.17713662	12.73714994	-0.64045385
-0.09495932	12.81891503	-0.51227408	-0.09415273	12.82004679	-0.51186757
-0.20234708	12.85071088	-0.51615103	-0.20149045	12.85187778	-0.51569178
-0.20564425	12.91958181	-0.45630218	-0.20471176	12.92084759	-0.45596220
-0.09682849	12.87884693	-0.44252384	-0.09592121	12.88007416	-0.44221137
-0.30750054	12.87052506	-0.57600562	-0.30665316	12.87160154	-0.57548120
-0.40612521	12.88090598	-0.64370372	-0.40530042	12.88185555	-0.64312169
-0.42278040	12.90888437	-0.59207530	-0.42192386	12.90995650	-0.59155384
-0.31699137	12.92396424	-0.52132212	-0.31609365	12.92515678	-0.52090514
-0.49427576	12.88370417	-0.67169541	-0.49346029	12.88458853	-0.67106972
-0.57399578	12.87993258	-0.65978237	-0.57320424	12.88091055	-0.65916925
-0.57312963	12.88257519	-0.62442803	-0.57232640	12.88363748	-0.62382690
-0.51655985	12.89160855	-0.62347691	-0.51572916	12.89263477	-0.62288883
-0.64797400	12.87158617	-0.60811061	-0.64720434	12.87280466	-0.60750350
-0.69701483	12.85561639	-0.52852549	-0.69626034	12.85706566	-0.52789562
-0.65996461	12.87215825	-0.50038014	-0.65915816	12.87358712	-0.49978252
-0.62269872	12.88110695	-0.57723216	-0.62190056	12.88234280	-0.57664459
-0.70194328	12.82909585	-0.43321307	-0.70115901	12.83067524	-0.43253370
-0.67502539	12.78299802	-0.34313022	-0.67420900	12.78468169	-0.34239215
-0.65341794	12.78952486	-0.35610800	-0.65260144	12.79117128	-0.35539369
-0.66572775	12.83560504	-0.41663215	-0.66491220	12.83716697	-0.41598280
-0.62818727	12.70913222	-0.27953109	-0.62736406	12.71085510	-0.27875799
-0.55450016	12.64905527	-0.23073298	-0.55366769	12.65080203	-0.22991984
-0.53706333	12.70822421	-0.26236231	-0.53620801	12.70992439	-0.26162953
-0.61323048	12.75111863	-0.31231801	-0.61239872	12.75279335	-0.31159231
-0.44762670	12.64483274	-0.18348186	-0.44675900	12.64659520	-0.18270999
-0.32085724	12.62485709	-0.14758150	-0.32002464	12.62662291	-0.14681530
-0.30301225	12.67840488	-0.17678949	-0.30213369	12.68011037	-0.17611175
-0.42887362	12.70221359	-0.21370798	-0.42798338	12.70392677	-0.21300903
-0.18480383	12.52079119	-0.13408675	-0.18414877	12.52245178	-0.13334742
-0.03685253	12.40477592	-0.14155215	-0.03643918	12.40625233	-0.14083387
-0.03418064	12.47436098	-0.17289714	-0.03367933	12.47580077	-0.17226308
-0.17304461	12.58332859	-0.16326552	-0.17232017	12.58494794	-0.16260065
0.12385720	12.34381991	-0.16222938	0.12408503	12.34499201	-0.16170195
0.25204833	12.32455070	-0.18797544	0.25218715	12.32541696	-0.18757396
0.23172936	12.38418772	-0.24013568	0.23194110	12.38504815	-0.23977527
0.11438060	12.41101877	-0.20383412	0.11469715	12.41217343	-0.20333714
0.30212051	12.35828100	-0.20961589	0.30229376	12.35894746	-0.20935058
0.28783402	12.44217023	-0.27905241	0.28813182	12.44288599	-0.27879488
0.27962302	12.41443279	-0.26509144	0.27987436	12.41516707	-0.26481280
0.31381902	12.34806637	-0.22240231	0.31402661	12.34858525	-0.22221734
0.34620000	12.27620000	-0.23202000	0.34620000	12.27620000	-0.23202000
0.31948725	12.33482857	-0.29005517	0.31961194	12.33535352	-0.28981881
0.28682764	12.40046088	-0.28013278	0.28706858	12.40114865	-0.27986624
0.44425997	12.21770000	-0.27141000	0.44425997	12.21770000	-0.27141000
0.57587000	12.16340070	-0.32883000	0.57587000	12.16340070	-0.32883000
0.56926235	12.24356486	-0.38271742	0.56923197	12.24368323	-0.38268007
0.42747021	12.28705841	-0.32755791	0.42747969	12.28732628	-0.32744656
0.70622003	12.08180000	-0.39380000	0.70622003	12.08180000	-0.39380000
0.69968155	12.18160959	-0.44740935	0.69961218	12.18162117	-0.44741573
0.76292627	12.39316239	-1.04843795	0.76276363	12.39290598	-1.04853542
0.86481796	12.24424210	-1.04719102	0.86448812	12.24388029	-1.04731167
0.78243664	12.37686325	-0.86028588	0.78234308	12.37664090	-0.86038739
0.87405469	12.22299050	-0.90669878	0.87377457	12.22265630	-0.90681315
0.79502088	12.26261482	-0.67243630	0.79490614	12.26245431	-0.67250804
0.87391014	12.14941093	-0.75446457	0.87364224	12.14913171	-0.75455732
0.53358824	12.60838322	-0.90306877	0.53368969	12.60838376	-0.90311325
0.64684398	12.52221986	-0.99069573	0.64685201	12.52211770	-0.99075382
0.56494300	12.53926221	-0.69147835	0.56510053	12.53935072	-0.69150484
0.67769438	12.47892627	-0.78131903	0.67774448	12.47884721	-0.78139448
0.57050614	12.38741147	-0.51089164	0.57056915	12.38756220	-0.51086133
0.69214503	12.34067247	-0.58905678	0.69213990	12.34065359	-0.58909425
-0.21633235	12.91515503	-0.37145837	-0.21535636	12.91654332	-0.37111329
-0.11031712	12.87232858	-0.35568937	-0.10935426	12.87367398	-0.35536680
-0.23768074	12.85762771	-0.28463397	-0.23670310	12.85914433	-0.28421477
-0.13096446	12.80826395	-0.27122688	-0.13002346	12.80972234	-0.27082435
-0.01401049	12.74067403	-0.30672117	-0.01319785	12.74197585	-0.30634928
0.00904688	12.80640844	-0.40261477	0.00985869	12.80758656	-0.40232455
-0.27120575	12.76747420	-0.22130842	-0.27026967	12.76909811	-0.22076392
-0.15370417	12.69506653	-0.20845966	-0.15285980	12.69661469	-0.20792415
-0.02739316	12.60878061	-0.22942502	-0.02672484	12.61016723	-0.22891838
-0.55247170	12.91211010	-0.54239088	-0.55160986	12.91334256	-0.54186216
-0.58636711	12.90615484	-0.45061797	-0.58548759	12.90759695	-0.45008954
-0.48412420	12.92732371	-0.38960520	-0.48318361	12.92880747	-0.38913946
-0.45107145	12.93971912	-0.49526796	-0.45016232	12.94099978	-0.49481780
-0.60254095	12.83451324	-0.37109549	-0.60168156	12.83609885	-0.37047140
-0.51345641	12.82556630	-0.31266283	-0.51254967	12.82718313	-0.31206890
-0.33490876	12.93930759	-0.42761540	-0.33395575	12.94066444	-0.42722953
-0.36155028	12.90437230	-0.32876509	-0.36057388	12.90589340	-0.32833160
-0.39681187	12.80700174	-0.25955805	-0.39587106	12.80863520	-0.25899615
0.29370152	12.64083129	-0.65085453	0.29401336	12.64134568	-0.65069907
0.33539017	12.63729499	-0.67440706	0.33567454	12.63772322	-0.67428455
0.26742485	12.57429639	-0.50076488	0.26774309	12.57495480	-0.50054362
0.31377726	12.57317619	-0.51082800	0.31408763	12.57375280	-0.51065191
0.31798801	12.59120203	-0.49529996	0.31833979	12.59177734	-0.49513411
0.33644095	12.65162866	-0.66606394	0.33675580	12.65206171	-0.66595575
0.34354471	12.63402998	-0.68865848	0.34382151	12.63443583	-0.68854774
0.32033985	12.57694861	-0.51010673	0.32065876	12.57750953	-0.50993604
0.35257192	12.55699847	-0.55075316	0.35282859	12.55747780	-0.55060021
0.37279496	12.61522053	-0.73918912	0.37301284	12.61555393	-0.73909770
0.32738561	12.44261279	-0.39835942	0.32759351	12.44320263	-0.39813788
0.29522336	12.48967313	-0.37508972	0.29552102	12.49034589	-0.37485608
0.28950504	12.49383166	-0.37017367	0.28981148	12.49452506	-0.36993238
0.24199350	12.47978151	-0.35380675	0.24228688	12.48056246	-0.35350684
0.44571795	12.55512480	-0.61285610	0.44593353	12.55542875	-0.61278617
0.43895458	12.62228602	-0.81491123	0.43911280	12.62244813	-0.81489264
0.43384692	12.41356387	-0.44557663	0.43396761	12.41392526	-0.44544481
0.13863704	12.64289502	-0.40871735	0.13916360	12.64383320	-0.40841244
0.16495201	12.71289599	-0.53136118	0.16548469	12.71370232	-0.53113111
0.11993566	12.52618411	-0.29259945	0.12037780	12.52724863	-0.29218727
0.16634315	13.14840011	-0.39619534	0.16760133	13.14941715	-0.39643091
0.26270784	13.03636562	-0.13028273	0.26412851	13.03772848	-0.13048741
0.30136252	12.92133294	-0.08822650	0.30257229	12.92244795	-0.08833438
0.32981342	12.74061718	-0.09288972	0.33074848	12.74154155	-0.09286541
0.34912289	12.56052236	-0.12213287	0.34976345	12.56128427	-0.12201443
0.24224819	12.85949341	-0.81485557	0.24273559	12.85994628	-0.81482543
0.33920072	12.37719071	-0.18439633	0.33945058	12.37775353	-0.18422569
0.17854571	13.06345631	-0.58949094	0.17953874	13.06420908	-0.58959129
0.20388310	12.99311861	-0.68922637	0.20468796	12.99374656	-0.68927093
0.89601172	11.96089857	-0.57081842	0.89579229	11.96069454	-0.57086195
0.82723460	12.01971321	-0.45666758	0.82724999	12.01971578	-0.45667154
0.93915784	11.92383720	-0.70445291	0.93873746	11.92352114	-0.70453725
0.74527832	12.33104808	-1.28648734	0.74492513	12.33080041	-1.28657145
0.46146192	12.61937894	-1.16636976	0.46146862	12.61936210	-1.16637865
0.35369217	12.65807216	-1.05826371	0.35371859	12.65816092	-1.05823511
0.28757187	12.66222679	-0.95992584	0.28763689	12.66248178	-0.95982557
0.27352567	12.69252173	-0.89876885	0.27368861	12.69284493	-0.89865524
0.25696972	12.70382283	-0.88558885	0.25715822	12.70421212	-0.88545510
0.20871793	12.68999881	-0.86741898	0.20890374	12.69045311	-0.86721164
0.12071591	12.71256940	-0.75293385	0.12103722	12.71326558	-0.75267028
0.01304552	12.74670458	-0.62267437	0.01356857	12.74766297	-0.62235130
-0.19467561	12.78721522	-0.55660521	-0.19386756	12.78830032	-0.55603891
-0.29771719	12.82822380	-0.60684698	-0.29690552	12.82922807	-0.60623399
-0.48175901	12.88872988	-0.69399237	-0.48094314	12.88954122	-0.69336995
-0.56399317	12.89123005	-0.68236484	-0.56318895	12.89213946	-0.68176976
-0.70933367	12.85978433	-0.54006267	-0.70858232	12.86123983	-0.53943591
-0.18680813	12.53057996	-0.11204957	-0.18611274	12.53226301	-0.11131614
0.14177242	12.35951330	-0.13766113	0.14206153	12.36066790	-0.13716286
0.30979889	12.38595441	-0.22224524	0.31003475	12.38658544	-0.22201265
0.38317106	12.29459470	-0.19520154	0.38320495	12.29477918	-0.19520705
0.46906310	12.23763592	-0.23892652	0.46904364	12.23772023	-0.23896059
0.71408455	12.09182857	-0.37178632	0.71408367	12.09182806	-0.37178800
0.29624484	12.51690532	-0.36830307	0.29658914	12.51758426	-0.36808037
0.58541403	12.77864155	-0.54168804	0.58599099	12.77878095	-0.54184790
0.30735775	12.99133324	-0.53091257	0.30828784	12.99194316	-0.53103767
0.03685169	12.99932769	-0.26301912	0.03804747	13.00064953	-0.26296018
0.10538498	13.08156169	-0.30862176	0.10663866	13.08275783	-0.30871564
0.32178047	12.87155625	-0.29465371	0.32272491	12.87235884	-0.29469146
0.03326817	12.97112373	-0.42131739	0.03428548	12.97225924	-0.42121618
0.12689781	13.04876355	-0.41794067	0.12801222	13.04979593	-0.41800152
0.36823915	12.82470605	-0.69379282	0.36877451	12.82505583	-0.69384151
0.16208460	13.03392296	-0.18014061	0.16346578	13.03528841	-0.18025665
0.22171862	12.81638414	-0.79376138	0.22216323	12.81688547	-0.79367799
0.33149601	12.76022609	-0.53110486	0.33207884	12.76078295	-0.53105888
0.33021527	12.88764962	-0.84189543	0.33071596	12.88793826	-0.84195612
0.39487791	12.43785647	-0.24500547	0.39516438	12.43832082	-0.24486671
0.24848676	13.04954756	-0.44728740	0.24958259	13.05035988	-0.44742039
0.47756537	12.68578317	-0.66762504	0.47792445	12.68600189	-0.66765935
0.69927386	12.74945103	-0.77287453	0.69963615	12.74932700	-0.77308289
0.33061444	12.94336332	-0.20073156	0.33173791	12.94427761	-0.20085632
-0.42447887	12.91453331	-0.24350197	-0.42345302	12.91619914	-0.24305690
0.15768421	13.08597684	-0.24955417	0.15903735	13.08724314	-0.24969750
0.32597743	12.94780563	-0.68844243	0.32670479	12.94823443	-0.68854963
-0.51158930	12.91369277	-0.28369328	-0.51060275	12.91534498	-0.28320935
0.23230680	13.03519036	-0.32894130	0.23349388	13.03621308	-0.32904478
0.29120685	12.46227649	-0.20046194	0.29161995	12.46304627	-0.20022873
0.12312934	13.10243327	-0.37080456	0.12434518	13.10353102	-0.37093878
0.21384770	13.07996738	-0.48963190	0.21494895	13.08077673	-0.48978329
0.25649173	12.61577846	-0.24450800	0.25711147	12.61665388	-0.24431400
0.17080093	12.94015251	-0.50883861	0.17169010	12.94099843	-0.50880299
0.27926195	12.89210629	-0.83178849	0.27978152	12.89248761	-0.83181217
0.28581584	12.84134008	-0.83486927	0.28625608	12.84170219	-0.83486211
0.23439403	13.02428054	-0.54517606	0.23536746	13.02499324	-0.54527319
0.37883615	12.80229415	-0.19820846	0.37974719	12.80303757	-0.19825279
0.49914421	12.59350179	-0.43281802	0.49953408	12.59380518	-0.43281455
0.30641345	12.76149224	-0.88733637	0.30668694	12.76176040	-0.88729093
0.16397496	12.96687403	-0.64416480	0.16478555	12.96760181	-0.64415168
0.39158914	12.37740130	-0.22191309	0.39177048	12.37778583	-0.22178411
0.35899376	12.48591292	-0.31197991	0.35932032	12.48647746	-0.31180932
0.19837164	12.87259628	-0.18686262	0.19944462	12.87374367	-0.18680256
0.39022586	12.73049790	-0.90981830	0.39043004	12.73059952	-0.90982341
0.29828601	12.79391158	-0.84883423	0.29864368	12.79423624	-0.84880423
0.14983323	13.11811284	-0.28205591	0.15115859	13.11933086	-0.28224752
0.41650254	12.60898038	-0.24727920	0.41708072	12.60954346	-0.24723615
0.21713977	12.86151732	-0.77062231	0.21767572	12.86204571	-0.77057227
0.42875521	12.71376580	-0.82702337	0.42901074	12.71391841	-0.82705535
0.82819992	12.74472853	-0.86828688	0.82852361	12.74444199	-0.86855640
0.56697587	12.79136808	-0.92748865	0.56726324	12.79130359	-0.92763116
0.34331568	12.68904926	-0.19894077	0.34406914	12.68981868	-0.19888296
0.25388817	12.76662572	-0.18138363	0.25479709	12.76762613	-0.18129515
