0.85763258	12.73446221	-0.42155690	0.85775957	12.73444735	-0.42156391
0.82682474	12.87281345	-0.44893554	0.82685455	12.87280335	-0.44889590
0.90160459	12.83233024	-0.54833422	0.90159859	12.83236521	-0.54832567
0.93503772	12.69907675	-0.53499330	0.93511348	12.69911425	-0.53502950
0.78217244	12.96370038	-0.50785533	0.78210498	12.96368428	-0.50776703
0.86152644	12.91849115	-0.59007289	0.86144673	12.91852279	-0.59002293
0.91045291	12.87630207	-0.65118625	0.91037616	12.87637138	-0.65115895
0.94954383	12.80650249	-0.64644636	0.94950940	12.80658234	-0.64645265
0.98460727	12.67738318	-0.64865376	0.98464266	12.67746839	-0.64870330
0.71469434	12.76823943	-1.16297665	0.71455337	12.76836314	-1.16290053
0.83731665	12.71793414	-1.14265484	0.83719312	12.71809569	-1.14262049
0.80563024	12.82388550	-1.07268878	0.80546495	12.82402020	-1.07261026
0.68285746	12.86970796	-1.08768255	0.68266141	12.86980021	-1.08754863
0.93924714	12.68412019	-1.08114050	0.93915182	12.68430457	-1.08114209
0.90587404	12.79481176	-1.02136359	0.90573318	12.79497264	-1.02132619
0.86598889	12.86284466	-0.96985997	0.86581743	12.86297815	-0.96979022
0.78653784	12.90335055	-0.98397415	0.78633518	12.90345469	-0.98386522
0.66392370	12.94868653	-0.98753212	0.66368501	12.94874149	-0.98736436
0.60675278	12.82934830	-0.20476593	0.60700588	12.82919193	-0.20462309
0.58492464	12.96597261	-0.25152174	0.58502041	12.96580281	-0.25134430
0.71787253	12.92010927	-0.34693802	0.71793673	12.92003500	-0.34684627
0.74215122	12.78062913	-0.30764066	0.74234487	12.78054951	-0.30759060
0.55105030	13.05211510	-0.33470818	0.55100408	13.05193140	-0.33448598
0.67879955	13.01034945	-0.42136553	0.67873895	13.01026511	-0.42122435
0.46426775	12.88129994	-1.05832549	0.46405661	12.88129077	-1.05811040
0.59098255	12.82841701	-1.13327037	0.59081128	12.82848881	-1.13312821
0.55945441	12.91999140	-1.05947197	0.55921993	12.92002654	-1.05927699
0.43504998	12.96244070	-0.98209893	0.43478119	12.96237400	-0.98182326
0.53885865	12.99308909	-0.95652565	0.53857779	12.99306387	-0.95628045
0.41408881	13.02993429	-0.87806958	0.41378374	13.02979283	-0.87774192
-0.00369583	12.97050434	-0.04973950	-0.00339964	12.96975579	-0.04904206
-0.13275492	12.97844105	-0.06906745	-0.13248053	12.97752240	-0.06822348
-0.13820062	13.05182692	-0.11537613	-0.13808231	13.05088801	-0.11454125
-0.01298865	13.05755499	-0.09341381	-0.01285268	13.05678595	-0.09272098
-0.25222677	12.97672816	-0.10289686	-0.25198395	12.97563488	-0.10190417
-0.25583863	13.03815903	-0.15112709	-0.25574282	13.03704564	-0.15014842
-0.25954904	13.07950223	-0.21644106	-0.25959570	13.07835998	-0.21547079
-0.14279160	13.09881075	-0.18133815	-0.14281710	13.09785126	-0.18050701
-0.02071862	13.11143309	-0.15901293	-0.02072727	13.11063968	-0.15831986
0.03118754	12.95973379	-0.57510957	0.03097399	12.95903894	-0.57447089
0.01511951	13.02148308	-0.54892083	0.01484303	13.02075302	-0.54825540
-0.06578956	13.02102489	-0.53668177	-0.06609684	13.02015008	-0.53593341
-0.05043253	12.96539788	-0.55285954	-0.05066617	12.96455814	-0.55212404
-0.00496065	13.07445492	-0.50086256	-0.00527619	13.07367188	-0.50017418
-0.08786039	13.06648902	-0.50036307	-0.08819781	13.06557547	-0.49959013
-0.18149571	13.05667531	-0.51456792	-0.18186811	13.05557859	-0.51367264
-0.15850045	13.01653660	-0.55109962	-0.15885221	13.01547943	-0.55022167
-0.14275988	12.96590191	-0.56906685	-0.14304496	12.96487992	-0.56820031
0.99155631	12.28747791	-0.67629804	0.99169865	12.28752731	-0.67641318
0.96922504	12.06818886	-0.69229911	0.96935910	12.06821877	-0.69242943
0.91703965	12.09413445	-0.55636889	0.91715669	12.09410535	-0.55648526
0.93475263	12.30108073	-0.54083470	0.93493961	12.30106741	-0.54094990
0.84067402	12.14370581	-0.43413344	0.84082935	12.14363328	-0.43422763
0.85141569	12.32540346	-0.41446158	0.85166545	12.32533534	-0.41455274
0.97936051	12.38211228	-1.14504553	0.97939323	12.38231007	-1.14512688
0.88384635	12.44287123	-1.21293401	0.88384759	12.44305083	-1.21298287
0.87951085	12.28337648	-1.23872202	0.87957082	12.28355617	-1.23881342
0.97220760	12.19062169	-1.16129314	0.97231042	12.19081372	-1.16141823
0.75632154	12.51874280	-1.24029690	0.75628845	12.51886535	-1.24030601
0.75271250	12.39871133	-1.27255640	0.75272961	12.39884261	-1.27260182
0.86743057	12.17865739	-1.24708928	0.86752852	12.17882886	-1.24720081
0.95334988	12.05594491	-1.15998010	0.95348808	12.05612615	-1.16013074
0.99771129	12.49693572	-0.66113665	0.99781376	12.49700512	-0.66123173
0.94307789	12.51213332	-0.53413473	0.94323709	12.51215633	-0.53421915
0.86125141	12.53970263	-0.41096373	0.86148385	12.53967043	-0.41101480
0.86664429	12.58943781	-1.18511021	0.86657846	12.58961192	-1.18512096
0.96632560	12.54667211	-1.12042148	0.96628734	12.54686978	-1.12046189
0.74097396	12.64667482	-1.20871325	0.74088126	12.64680280	-1.20868391
0.61441934	12.41474200	-0.22379685	0.61486924	12.41456142	-0.22373049
0.61393478	12.62988500	-0.20074081	0.61432944	12.62972149	-0.20064057
0.74502499	12.58114578	-0.29740903	0.74534350	12.58104359	-0.29738391
0.73812354	12.36643307	-0.30950994	0.73845915	12.36630482	-0.30954045
0.46743254	12.70588077	-1.14923954	0.46735862	12.70591928	-1.14917760
0.61093418	12.61598054	-1.21892530	0.61088372	12.61603072	-1.21889713
0.60697885	12.72063352	-1.18462229	0.60688024	12.72071389	-1.18455898
0.47171481	12.78942806	-1.11389807	0.47158020	12.78945372	-1.11376865
0.58815975	12.17325100	-0.30191629	0.58821313	12.17320037	-0.30192116
0.60646375	12.27607086	-0.26232987	0.60676309	12.27591329	-0.26232477
0.73009136	12.21225494	-0.33916144	0.73031332	12.21213785	-0.33921391
0.60004493	12.48770521	-1.25191055	0.60003549	12.48774431	-1.25191664
0.60606825	12.53511802	-1.24337097	0.60604430	12.53516037	-1.24336225
0.46184820	12.64998101	-1.16555118	0.46180679	12.65000943	-1.16551592
0.01205064	12.69314143	-0.04873002	0.01268700	12.69240755	-0.04801702
-0.13837571	12.75720415	-0.05332420	-0.13778536	12.75628280	-0.05242318
-0.13180515	12.88020045	-0.05092996	-0.13138071	12.87928843	-0.05006831
0.00769596	12.84749094	-0.03835584	0.00815647	12.84675557	-0.03765418
-0.27599630	12.80444853	-0.07528015	-0.27547257	12.80333157	-0.07419669
-0.26014874	12.90004622	-0.07930726	-0.25976867	12.89895048	-0.07827836
0.02958640	12.83066209	-0.60494020	0.02952234	12.83000069	-0.60433194
0.03454061	12.89591689	-0.59198083	0.03440009	12.89524053	-0.59135663
-0.04613503	12.90381874	-0.56258373	-0.04628103	12.90299841	-0.56185402
-0.05282355	12.83887409	-0.56675639	-0.05288024	12.83804762	-0.56602059
-0.13822561	12.90877848	-0.57763326	-0.13843065	12.90776570	-0.57676493
-0.14629217	12.84773503	-0.57662459	-0.14638551	12.84670720	-0.57573725
-0.00631750	12.39559152	-0.09535291	-0.00533365	12.39480901	-0.09444674
-0.15519454	12.60951334	-0.07010095	-0.15443365	12.60855628	-0.06913629
0.00340911	12.52204652	-0.06996353	0.00423969	12.52129070	-0.06917773
-0.30721352	12.59825652	-0.10631490	-0.30645200	12.59708144	-0.10508626
-0.29568928	12.68617908	-0.08675325	-0.29501260	12.68503194	-0.08558836
0.02088906	12.76441620	-0.61727922	0.02090416	12.76376213	-0.61669801
-0.07042013	12.77192922	-0.56405356	-0.07036288	12.77106672	-0.56329774
-0.08694364	12.74420082	-0.54382453	-0.08679334	12.74329936	-0.54304286
-0.16834744	12.78448064	-0.56445387	-0.16830762	12.78340573	-0.56351606
-0.37533464	12.97048931	-0.14971279	-0.37513729	12.96919225	-0.14854582
-0.36984127	13.02100354	-0.19540025	-0.36977908	13.01969379	-0.19426247
-0.48607300	12.96067953	-0.20411307	-0.48593324	12.95918598	-0.20279855
-0.46832026	13.00215680	-0.24529314	-0.46829661	13.00066795	-0.24401928
-0.44819328	13.03622928	-0.29581904	-0.44828659	13.03475039	-0.29458508
-0.36217010	13.05853179	-0.25454607	-0.36224027	13.05721026	-0.25342872
-0.26304341	13.01137899	-0.56853367	-0.26343258	13.01010471	-0.56752502
-0.24791563	12.96673909	-0.59401042	-0.24826078	12.96548405	-0.59300481
-0.28349053	13.04698886	-0.52752075	-0.28388616	13.04569182	-0.52649808
-0.37801903	13.03577785	-0.53425873	-0.37841494	13.03428963	-0.53311355
-0.36316054	13.00523442	-0.57957730	-0.36356420	13.00374657	-0.57843603
-0.35310400	12.96741014	-0.61381708	-0.35349222	12.96591840	-0.61266953
-0.24824914	12.91831619	-0.61008060	-0.24853038	12.91705329	-0.60905540
-0.35997891	12.92845130	-0.63867851	-0.36032823	12.92692941	-0.63749886
-0.37392494	12.89084043	-0.65274229	-0.37423023	12.88927860	-0.65151940
-0.25965995	12.86849607	-0.61465395	-0.25985866	12.86720330	-0.61358899
-0.52646111	12.85369212	-0.16308700	-0.52610117	12.85215918	-0.16166395
-0.54308139	12.73118782	-0.16866636	-0.54254560	12.72962596	-0.16714233
-0.62130518	12.76596108	-0.22460807	-0.62088901	12.76422781	-0.22300485
-0.60596362	12.86243149	-0.22377327	-0.60569670	12.86072217	-0.22224886
-0.54849274	12.62636785	-0.18604554	-0.54782377	12.62478674	-0.18443152
-0.62645475	12.68322438	-0.23666584	-0.62592458	12.68147382	-0.23498992
-0.67825416	12.75185700	-0.30557688	-0.67790799	12.74995971	-0.30389842
-0.67337632	12.80428757	-0.29967784	-0.67310943	12.80240619	-0.29803754
-0.65922561	12.86781463	-0.30128534	-0.65906405	12.86595756	-0.29969531
-0.43787881	12.61920882	-0.14008190	-0.43715854	12.61783167	-0.13863025
-0.42908071	12.71569327	-0.12118597	-0.42846937	12.71433639	-0.11982150
-0.41016507	12.83560700	-0.11296384	-0.40972078	12.83427611	-0.11169394
-0.47041782	12.90388834	-0.66163949	-0.47076837	12.90214291	-0.66029417
-0.47676748	12.87678213	-0.67228449	-0.47709209	12.87501915	-0.67091195
-0.38516559	12.85722753	-0.65457726	-0.38541067	12.85564154	-0.65331598
-0.55668953	12.90632584	-0.63985510	-0.55701875	12.90446501	-0.63839596
-0.56096977	12.87957786	-0.65470953	-0.56128216	12.87770280	-0.65322725
-0.39530673	12.84007557	-0.64408034	-0.39550197	12.83847524	-0.64279407
-0.27785855	12.81971717	-0.60672393	-0.27795251	12.81838710	-0.60560752
0.89700351	12.88590593	-0.90151381	0.89683316	12.88603498	-0.90145199
0.79625826	12.95212246	-0.88575960	0.79604617	12.95220356	-0.88564114
0.91430336	12.89986853	-0.81309668	0.91415195	12.89998172	-0.81304608
0.81854255	12.97156043	-0.78164926	0.81835080	12.97162568	-0.78154361
0.70739889	13.02588270	-0.73860779	0.70716342	13.02587394	-0.73844616
0.67667254	13.00235030	-0.86713615	0.67641800	13.00236332	-0.86695339
0.91649260	12.89549856	-0.72149754	0.91637683	12.89558894	-0.72145856
0.83705350	12.96232414	-0.67572356	0.83690796	12.96237068	-0.67564140
0.74262352	13.01365754	-0.61209750	0.74246531	13.01363775	-0.61196394
0.99976787	12.67309304	-0.98709173	0.99969517	12.67327358	-0.98711072
0.96146303	12.79449681	-0.94102134	0.96133864	12.79466038	-0.94100490
1.02388665	12.67305694	-0.87630395	1.02384014	12.67321819	-0.87634156
0.98214303	12.80345881	-0.84465831	0.98204191	12.80360549	-0.84465409
1.01658979	12.67135059	-0.76319911	1.01658341	12.67147501	-0.76324811
0.97738560	12.80242812	-0.74547392	0.97731918	12.80254608	-0.74547928
0.55606491	13.04618547	-0.81991181	0.55577593	13.04610997	-0.81965826
0.59438402	13.07119171	-0.67155920	0.59413648	13.07109609	-0.67132453
0.47053685	13.10734580	-0.58674880	0.47027383	13.10712851	-0.58643513
0.43179988	13.08142720	-0.73802220	0.43149073	13.08122817	-0.73768206
0.63644228	13.05988136	-0.53455898	0.63627117	13.05978590	-0.53436823
0.51159753	13.09847489	-0.44965372	0.51142736	13.09827255	-0.44938454
-0.38585460	13.05274002	-0.47613380	-0.38620211	13.05127312	-0.47498792
-0.46904466	13.03203910	-0.48709984	-0.46937473	13.03041291	-0.48583607
-0.44966536	13.02141491	-0.52988689	-0.45003314	13.01979439	-0.52864217
-0.39684408	13.05820014	-0.41287280	-0.39711884	13.05674919	-0.41171584
-0.49036734	13.03310141	-0.44216361	-0.49064317	13.03146413	-0.44087342
-0.57451020	13.00443965	-0.46971290	-0.57477545	13.00263930	-0.46829253
-0.53762283	13.00765690	-0.50299377	-0.53793366	13.00590104	-0.50162327
-0.50042318	13.00726446	-0.52995368	-0.50076693	13.00555488	-0.52863338
-0.42098445	13.05382654	-0.35221377	-0.42117470	13.05236499	-0.35102331
-0.50301422	13.02827166	-0.39057899	-0.50321829	13.02664319	-0.38927092
-0.51649870	13.01316678	-0.33949140	-0.51661241	13.01154363	-0.33815927
-0.56221329	12.99500436	-0.37094065	-0.56233988	12.99328263	-0.36953840
-0.57519461	12.99996582	-0.41924179	-0.57538922	12.99819364	-0.41782224
-0.02012824	13.11243452	-0.41855589	-0.02041489	13.11162206	-0.41785643
-0.11178488	13.09760794	-0.42920891	-0.11208855	13.09665702	-0.42840981
-0.02818267	13.13331816	-0.32309957	-0.02840271	13.13249087	-0.32239232
-0.13137118	13.11436125	-0.34228104	-0.13160150	13.11338930	-0.34146504
-0.23264700	13.09440588	-0.37125533	-0.23290450	13.09326021	-0.37031953
-0.20785675	13.08199698	-0.45016681	-0.20819012	13.08086906	-0.44925065
-0.02707770	13.13486090	-0.23606468	-0.02720304	13.13404558	-0.23536443
-0.14114672	13.11720201	-0.25833819	-0.14128687	13.11622953	-0.25751198
-0.25093117	13.09589901	-0.29142213	-0.25109292	13.09474612	-0.29046499
0.99160499	11.97632291	-1.06422545	0.99176507	11.97648709	-1.06439520
1.01425751	12.12127821	-1.06175972	1.01438659	12.12145276	-1.06190386
0.99428795	11.93073895	-0.95895338	0.99444080	11.93087588	-0.95912872
1.02076509	12.07725304	-0.94769383	1.02090336	12.07739182	-0.94784435
1.04009173	12.29523001	-0.93163154	1.04018338	12.29538218	-0.93174551
1.02774040	12.33068954	-1.04719424	1.02780306	12.33087584	-1.04729621
0.97613320	11.91354833	-0.83973565	0.97628136	11.91364686	-0.83991142
1.00487049	12.06113234	-0.82408321	1.00501490	12.06122605	-0.82423136
1.02743817	12.28315024	-0.80734640	1.02755456	12.28325168	-0.80746515
1.02264451	12.51668682	-1.02195915	1.02263559	12.51687714	-1.02202204
1.04251497	12.49849017	-0.90736148	1.04253981	12.49865415	-0.90744489
1.03260783	12.49223044	-0.78631236	1.03267014	12.49235367	-0.78640729
-0.64140626	12.89813038	-0.58572074	-0.64165336	12.89617786	-0.58414741
-0.64754978	12.86819339	-0.59767882	-0.64776712	12.86622922	-0.59608458
-0.69724992	12.88584124	-0.50479064	-0.69736616	12.88381797	-0.50314568
-0.70676766	12.84938159	-0.51074603	-0.70683056	12.84733994	-0.50907631
-0.64870015	12.84475793	-0.59917073	-0.64888390	12.84279142	-0.59756547
-0.69658030	12.87571141	-0.40256653	-0.69655097	12.87372610	-0.40092730
-0.70878247	12.83026901	-0.40340069	-0.70867421	12.82825487	-0.40172891
-0.71076556	12.79451789	-0.40519880	-0.71059403	12.79249661	-0.40351167
-0.29910779	13.06821459	-0.46482297	-0.29945804	13.06691476	-0.46378955
-0.31608878	13.07716926	-0.39209423	-0.31635915	13.07586696	-0.39104089
-0.34069604	13.07558048	-0.32115468	-0.34087578	13.07426953	-0.32007125
-0.58759638	12.91540882	-0.23671615	-0.58742987	12.91372168	-0.23524706
-0.50615591	12.92061025	-0.17580642	-0.50591694	12.91910148	-0.17444565
-0.64293727	12.90852887	-0.31072670	-0.64285186	12.90669647	-0.30917758
-0.62096582	12.93883202	-0.32794292	-0.62094873	12.93702900	-0.32643690
-0.56593815	12.94812150	-0.26136492	-0.56585385	12.94645538	-0.25993999
-0.39030340	12.91459585	-0.12245972	-0.38998735	12.91328557	-0.12125220
-0.45789162	12.93513493	-0.64332775	-0.45826701	12.93342196	-0.64201904
-0.44634289	12.96759057	-0.61516269	-0.44673267	12.96591858	-0.61389044
-0.53004093	12.96407151	-0.59634737	-0.53040180	12.96227186	-0.59495925
-0.54567996	12.93535402	-0.62212656	-0.54602931	12.93351692	-0.62069926
-0.65736231	12.94415894	-0.49371878	-0.65756059	12.94220823	-0.49215122
-0.68100359	12.91599584	-0.49965671	-0.68116379	12.91400317	-0.49804478
-0.62821509	12.92676890	-0.57307442	-0.62848867	12.92483783	-0.57153289
-0.60777409	12.95448688	-0.55556631	-0.60806765	12.95259258	-0.55406773
-0.62597972	12.97422315	-0.48532150	-0.62621666	12.97232861	-0.48381241
-0.58071261	12.98154428	-0.52902212	-0.58101542	12.97970436	-0.52757742
-0.51180745	12.99007763	-0.55728624	-0.51215831	12.98833197	-0.55594052
-0.68014754	12.90939885	-0.40536864	-0.68017925	12.90744369	-0.40376430
-0.65672134	12.93820042	-0.41167712	-0.65680777	12.93628480	-0.41011504
-0.59013544	12.97092433	-0.35281037	-0.59020026	12.96916275	-0.35135962
-0.62406769	12.96927852	-0.42128271	-0.62421630	12.96741755	-0.41977884
-0.53988465	12.98360839	-0.29602569	-0.53989717	12.98196853	-0.29465091
-0.44285837	12.99815131	-0.57496725	-0.44324539	12.99651512	-0.57371939
0.18558553	13.10704284	-0.17236014	0.18557967	13.10649757	-0.17186587
0.15326327	13.14501666	-0.25679093	0.15312710	13.14443050	-0.25626577
0.18103609	13.13369740	-0.27209428	0.18090364	13.13314422	-0.27159172
0.21774116	13.09463184	-0.18458138	0.21774213	13.09412396	-0.18411329
0.13085383	13.15171217	-0.35132536	0.13061553	13.15109729	-0.35077360
0.15700916	13.14117925	-0.36879190	0.15677661	13.14060068	-0.36826025
0.18567633	13.12496002	-0.28221601	0.18554705	13.12441310	-0.28171703
0.22222781	13.08636253	-0.19108759	0.22223332	13.08585953	-0.19062338
0.19215348	13.13280624	-0.28339552	0.19201463	13.13226641	-0.28290049
0.22759756	13.09298115	-0.18606633	0.22760004	13.09248280	-0.18560508
0.17087984	13.13969841	-0.38619827	0.17064077	13.13913993	-0.38567705
0.21437264	13.14666757	-0.41299449	0.21411449	13.14616442	-0.41250947
0.23826959	13.13923635	-0.30218195	0.23811453	13.13874995	-0.30172317
0.27327375	13.09735126	-0.19776222	0.27326329	13.09690462	-0.19733945
0.26804358	12.92254085	-0.05418153	0.26836773	12.92209753	-0.05375461
0.22736975	13.03789444	-0.09877732	0.22751624	13.03740110	-0.09832163
0.26362627	13.02596611	-0.11092380	0.26377340	13.02550906	-0.11049972
0.30762520	12.91026595	-0.06809114	0.30794524	12.90986473	-0.06770428
0.27390185	13.02420350	-0.11161998	0.27404783	13.02375642	-0.11120435
0.31880130	12.90862273	-0.07171180	0.31911676	12.90823234	-0.07133401
0.31905750	13.02380551	-0.11985821	0.31919806	13.02341060	-0.11947972
0.36264318	12.90179445	-0.07856202	0.36295685	12.90144706	-0.07822311
0.39248678	12.71405715	-0.08300018	0.39298688	12.71374691	-0.08268430
0.35218843	12.72691269	-0.07772270	0.35268381	12.72656657	-0.07737306
0.41479894	12.52024013	-0.11300117	0.41546020	12.51996391	-0.11269792
0.37669886	12.54331888	-0.10739563	0.37734820	12.54301011	-0.10705322
0.34089608	12.72889703	-0.07273038	0.34140012	12.72854175	-0.07237028
0.36462718	12.54593538	-0.10216571	0.36528537	12.54561748	-0.10181083
0.31920924	12.55874059	-0.08312265	0.31988922	12.55837736	-0.08271715
0.29876526	12.74517791	-0.05591263	0.29927690	12.74477653	-0.05550740
0.26498320	12.77933611	-0.91253234	0.26486537	12.77915013	-0.91227079
0.25443005	12.84836723	-0.88596634	0.25425706	12.84813525	-0.88563486
0.23589878	12.85249118	-0.82610023	0.23573575	12.85219671	-0.82573435
0.24724384	12.79260185	-0.85108465	0.24712438	12.79234685	-0.85077531
0.23852988	12.91870339	-0.83410431	0.23830627	12.91840685	-0.83371162
0.21937707	12.91587483	-0.77797132	0.21916444	12.91552951	-0.77755770
0.22614490	12.91130218	-0.76023595	0.22593931	12.91095295	-0.75982325
0.24827142	12.79796160	-0.83009194	0.24814978	12.79769223	-0.82976989
0.21952669	12.85218325	-0.81093280	0.21935369	12.85186569	-0.81053290
0.22503680	12.79569492	-0.83500423	0.22490627	12.79541328	-0.83465190
0.20827773	12.91484709	-0.76778280	0.20805734	12.91448011	-0.76734720
0.16765488	12.92580160	-0.75209418	0.16742438	12.92537528	-0.75161241
0.17605102	12.85943757	-0.79145229	0.17587061	12.85905661	-0.79101051
0.17896603	12.79645657	-0.81348951	0.17884127	12.79610633	-0.81309310
0.27023317	12.71036057	-0.93960285	0.27016079	12.71021580	-0.93941872
0.25546279	12.73244429	-0.87672892	0.25539063	12.73223269	-0.87648150
0.25725726	12.74736500	-0.85381874	0.25717227	12.74713066	-0.85354533
0.27524337	12.71177532	-0.86828248	0.27518582	12.71157659	-0.86805950
0.23447522	12.73881781	-0.86314355	0.23438781	12.73857031	-0.86285064
0.18633746	12.72981703	-0.84434826	0.18626583	12.72951205	-0.84401012
0.33893167	12.31257103	-0.12399085	0.34038433	12.31210144	-0.12310213
0.32556822	12.41693144	-0.11331294	0.32638050	12.41658626	-0.11286535
0.37111241	12.41640708	-0.13338596	0.37184927	12.41611216	-0.13303555
0.36704877	12.34883998	-0.16124973	0.36794457	12.34862256	-0.16083634
0.37431850	12.42848995	-0.14111958	0.37502813	12.42819243	-0.14077835
0.38432080	12.40880777	-0.13919106	0.38503433	12.40850897	-0.13886427
0.36645745	12.34115686	-0.17335315	0.36702333	12.34088696	-0.17303704
0.41986622	12.37496897	-0.14978098	0.42052872	12.37466785	-0.14952101
0.11875972	13.12665947	-0.45622077	0.11845697	13.12603682	-0.45564536
0.14881532	13.11423030	-0.47090751	0.14852552	13.11365225	-0.47036051
0.12152870	13.07530069	-0.56457435	0.12120654	13.07471183	-0.56400275
0.15702177	13.06105319	-0.57606564	0.15671906	13.06051977	-0.57552816
0.16101718	13.10329989	-0.47794677	0.16074019	13.10274147	-0.47741198
0.16671524	13.10983954	-0.47818918	0.16643388	13.10928711	-0.47765910
0.17639717	13.05483802	-0.57271032	0.17611564	13.05433003	-0.57219295
0.20199535	13.06121389	-0.61246639	0.20170001	13.06075042	-0.61196815
0.20164550	13.11668652	-0.51130576	0.20134762	13.11618614	-0.51080349
0.21749656	12.99263685	-0.73174278	0.21722866	12.99225661	-0.73128993
0.19666407	12.98675062	-0.68323169	0.19641164	12.98632362	-0.68275856
0.18207750	12.98944569	-0.68236974	0.18180991	12.98899851	-0.68187701
0.14358143	13.00308905	-0.67010646	0.14329346	13.00258428	-0.66956997
0.39863220	13.08248197	-0.25381140	0.39860319	13.08216694	-0.25348539
0.43736595	13.00256948	-0.17107598	0.43749110	13.00228602	-0.17079018
0.46963091	12.87259327	-0.12576831	0.46991966	12.87233660	-0.12551715
0.30923194	12.98549037	-0.85227161	0.30895243	12.98525951	-0.85189781
0.33367036	12.90969732	-0.94317063	0.33344402	12.90955715	-0.94286488
0.29123751	13.05301466	-0.73917101	0.29092634	13.05270706	-0.73875416
0.14742387	12.94714897	-0.04645013	0.14773865	12.94657658	-0.04590559
0.12199275	13.05065418	-0.09041357	0.12213737	13.05004643	-0.08985508
0.09740150	13.11357033	-0.15981530	0.09739466	13.11292411	-0.15924036
0.08643290	13.01448248	-0.60962138	0.08615232	13.01386904	-0.60902898
0.06611488	13.07865545	-0.53093886	0.06579640	13.07798455	-0.53031723
0.10630945	12.94361636	-0.66487141	0.10609671	12.94306749	-0.66432057
0.48851732	12.67845427	-0.12640700	0.48899043	12.67822264	-0.12618815
0.50056667	12.46919443	-0.15554654	0.50114527	12.46895365	-0.15536478
0.34334934	12.83033404	-0.99824976	0.34318126	12.83025354	-0.99802908
0.34482513	12.75625850	-1.02905818	0.34470724	12.75621393	-1.02890140
0.49773372	12.33087043	-0.19576906	0.49818284	12.33061874	-0.19566578
0.34405989	12.69678863	-1.04939505	0.34398603	12.69676392	-1.04930027
0.18261153	12.45812786	-0.08830313	0.18345082	12.45759447	-0.08770232
0.18307396	12.61503505	-0.06225236	0.18374198	12.61451396	-0.06171498
0.11104227	12.74413316	-0.73679484	0.11100421	12.74366483	-0.73634661
0.11035680	12.81224961	-0.71222326	0.11026120	12.81175168	-0.71173135
0.16953800	12.79354281	-0.04223068	0.17003134	12.79299888	-0.04169494
0.11157227	12.87737644	-0.69372401	0.11141673	12.87685818	-0.69320139
0.32900416	13.13446213	-0.49032694	0.32873526	13.13409971	-0.48992546
0.30162288	13.10621606	-0.61660322	0.30130849	13.10585931	-0.61617351
0.36189826	13.12630981	-0.36504676	0.36173073	13.12596094	-0.36468202
0.06415984	13.14755542	-0.33106369	0.06393244	13.14685175	-0.33045034
0.05947319	13.12408834	-0.43306439	0.05917474	13.12338394	-0.43244057
0.07747521	13.14483625	-0.24006168	0.07734655	13.14415837	-0.23946631
0.88259303	11.96509401	-0.58806748	0.88265100	11.96510649	-0.58819609
0.81676000	12.01719950	-0.47386000	0.81676000	12.01719950	-0.47386000
0.92417088	11.93764540	-0.71827969	0.92429487	11.93769549	-0.71844781
0.91223180	12.00408503	-0.72284242	0.91236601	12.00413210	-0.72299589
0.87679124	12.05034438	-0.63572720	0.87690777	12.05035592	-0.63585900
0.80940630	12.11258506	-0.53138307	0.80952899	12.11255250	-0.53147111
0.95761009	11.93102013	-0.84312354	0.95775903	11.93111859	-0.84329793
0.97635251	11.94765678	-0.95470034	0.97650423	11.94779032	-0.95487278
0.94480319	12.06552920	-0.93724857	0.94494422	12.06565033	-0.93739972
0.93102259	12.03455002	-0.81957685	0.93116587	12.03463713	-0.81973117
0.97531236	11.99054041	-1.04776632	0.97546946	11.99069783	-1.04793393
0.94024370	12.06578519	-1.13410381	0.94038220	12.06595787	-1.13425159
0.91722224	12.12832864	-1.11122344	0.91734782	12.12849100	-1.11135668
0.94160731	12.10104562	-1.03490783	0.94174255	12.10119283	-1.03504906
0.85898482	12.18430918	-1.22411741	0.85908361	12.18447389	-1.22422680
0.74189986	12.33507895	-1.27311922	0.74194064	12.33520596	-1.27317851
0.74630708	12.36292240	-1.20120554	0.74634900	12.36303364	-1.20125788
0.85746909	12.22981949	-1.16116601	0.85755954	12.22997171	-1.16126795
0.60060303	12.48371729	-1.23781954	0.60059711	12.48375209	-1.23782645
0.47048581	12.61423251	-1.15214445	0.47046064	12.61425062	-1.15212118
0.49420000	12.61570000	-1.07906000	0.49420000	12.61570000	-1.07906000
0.61447000	12.50220000	-1.16283000	0.61447000	12.50220000	-1.16283000
0.38236939	12.64743031	-1.04874301	0.38234176	12.64742332	-1.04870385
0.33187698	12.64639935	-0.95520368	0.33185531	12.64633305	-0.95513950
0.37140000	12.64100070	-0.89641000	0.37140000	12.64100070	-0.89641000
0.41679000	12.64250090	-0.98287004	0.41679000	12.64250090	-0.98287004
0.31418487	12.67646814	-0.89372898	0.31414850	12.67633667	-0.89358855
0.31038459	12.70291105	-0.86508716	0.31033508	12.70274407	-0.86489960
0.33962854	12.68984690	-0.80786992	0.33960326	12.68965892	-0.80768132
0.34852596	12.66604746	-0.83691985	0.34851256	12.66591007	-0.83678809
0.30156574	12.69011404	-0.86887346	0.30152192	12.68994228	-0.86868101
0.25923032	12.67831267	-0.83807021	0.25920731	12.67808159	-0.83782989
0.30048295	12.67507568	-0.76906645	0.30048817	12.67483507	-0.76883996
0.33869423	12.67841315	-0.80657673	0.33867712	12.67822489	-0.80638826
0.15470944	12.70911631	-0.70598393	0.15472394	12.70868203	-0.70558712
0.02491183	12.75749757	-0.56143670	0.02498516	12.75681459	-0.56084964
0.02980292	12.79455134	-0.48387528	0.02989380	12.79384946	-0.48325527
0.17961016	12.72364181	-0.63039637	0.17964658	12.72318835	-0.62998540
-0.09099119	12.79648637	-0.49561634	-0.09088052	12.79557771	-0.49482146
-0.19926919	12.82531904	-0.49714794	-0.19921554	12.82419971	-0.49617559
-0.20331799	12.89335334	-0.43634964	-0.20332518	12.89224781	-0.43539516
-0.09325681	12.85545392	-0.42497769	-0.09318462	12.85454378	-0.42417587
-0.30602980	12.84303362	-0.55482697	-0.30609699	12.84167454	-0.55368491
-0.40614483	12.85172715	-0.62058717	-0.40633564	12.85012506	-0.61929796
-0.42254919	12.87865030	-0.56829673	-0.42271920	12.87705296	-0.56700571
-0.31591260	12.89555326	-0.49930302	-0.31600979	12.89420573	-0.49818091
-0.49479244	12.85267834	-0.64686038	-0.49504394	12.85090526	-0.64545020
-0.57408314	12.84675063	-0.63345357	-0.57432029	12.84487140	-0.63193825
-0.57266365	12.84898808	-0.59806850	-0.57284896	12.84712827	-0.59655881
-0.51637895	12.85943169	-0.59810157	-0.51657122	12.85765596	-0.59666958
-0.64686934	12.83590844	-0.58040809	-0.64701063	12.83395116	-0.57880364
-0.69403184	12.81778413	-0.49997542	-0.69402277	12.81576625	-0.49831489
-0.65688722	12.83491574	-0.47238591	-0.65687555	12.83297448	-0.47077535
-0.62130361	12.84570590	-0.54989764	-0.62141534	12.84379551	-0.54833093
-0.69644281	12.79001269	-0.40480785	-0.69626355	12.78801811	-0.40313529
-0.66649931	12.74351619	-0.31578014	-0.66615216	12.74163176	-0.31410916
-0.64533779	12.75076055	-0.32908743	-0.64501742	12.74890488	-0.32744507
-0.66008126	12.79724685	-0.38888079	-0.65989994	12.79533135	-0.38725236
-0.61645199	12.67024037	-0.25375644	-0.61592381	12.66849172	-0.25208274
-0.54038001	12.61173595	-0.20653716	-0.53971703	12.61014776	-0.20492169
-0.52504344	12.67153637	-0.23804710	-0.52450983	12.66994946	-0.23650801
-0.60327338	12.71294526	-0.28641458	-0.60284866	12.71119548	-0.28479443
-0.43246866	12.60973790	-0.16102189	-0.43176815	12.60835296	-0.15957191
-0.30407104	12.59268533	-0.12692288	-0.30333410	12.59150761	-0.12570009
-0.28832378	12.64676606	-0.15646980	-0.28769908	12.64560137	-0.15529971
-0.41576891	12.66779786	-0.19118729	-0.41519153	12.66641781	-0.18981306
-0.16333731	12.49155448	-0.11368783	-0.16249270	12.49056609	-0.11266823
-0.00877808	12.37888340	-0.11786129	-0.00779608	12.37807533	-0.11692624
-0.01028927	12.44793429	-0.15268475	-0.00944813	12.44710400	-0.15183444
-0.15453088	12.55430444	-0.14401305	-0.15380698	12.55332221	-0.14303748
0.16210743	12.32002300	-0.13406260	0.16328830	12.31935841	-0.13320582
0.31215638	12.29831026	-0.14595588	0.31371336	12.29764718	-0.14494085
0.26100719	12.36130251	-0.21636088	0.26189241	12.36069707	-0.21566054
0.14340659	12.38587266	-0.18006918	0.14433066	12.38516063	-0.17927495
0.33342943	12.34511543	-0.18812627	0.33431919	12.34476160	-0.18754306
0.30434135	12.42976911	-0.26581764	0.30487605	12.42941596	-0.26538152
0.29970992	12.39984771	-0.24970202	0.30034436	12.39944670	-0.24921772
0.33056399	12.34130756	-0.21003000	0.33109096	12.34112226	-0.20964312
0.34620000	12.27620000	-0.23202000	0.34620000	12.27620000	-0.23202000
0.33128154	12.32941372	-0.28271127	0.33166149	12.32927471	-0.28247206
0.30270488	12.39019232	-0.26714856	0.30321544	12.38990961	-0.26673651
0.44425997	12.21770000	-0.27141000	0.44425997	12.21770000	-0.27141000
0.57587000	12.16340070	-0.32883000	0.57587000	12.16340070	-0.32883000
0.57605423	12.24053873	-0.38259951	0.57627372	12.24045358	-0.38259242
0.43600598	12.28316594	-0.32475633	0.43628122	12.28305064	-0.32465797
0.70622003	12.08180000	-0.39380000	0.70622003	12.08180000	-0.39380000
0.70512199	12.17889827	-0.44894275	0.70529684	12.17883119	-0.44899500
0.76399647	12.39448996	-1.05015667	0.76404303	12.39458493	-1.05019855
0.86650521	12.24610164	-1.05067195	0.86659925	12.24623203	-1.05077181
0.78487322	12.37685949	-0.86229753	0.78495248	12.37691340	-0.86234663
0.87670238	12.22381763	-0.91038719	0.87681874	12.22391402	-0.91049491
0.79950446	12.26118996	-0.67510835	0.79965155	12.26119381	-0.67518509
0.87750865	12.14895049	-0.75833216	0.87764855	12.14900003	-0.75844771
0.53383691	12.60697642	-0.90168584	0.53381730	12.60694807	-0.90162483
0.64725744	12.52233762	-0.99087843	0.64725908	12.52236981	-0.99087307
0.56839188	12.53594998	-0.68980946	0.56847323	12.53586902	-0.68973737
0.68024296	12.47749286	-0.78154881	0.68030537	12.47748613	-0.78154036
0.57774924	12.38339102	-0.50975191	0.57797511	12.38328618	-0.50970204
0.69765179	12.33815283	-0.59013018	0.69782099	12.33810829	-0.59015600
-0.21229186	12.88767834	-0.35131082	-0.21221172	12.88657791	-0.35034687
-0.10498113	12.84748702	-0.33782121	-0.10482689	12.84655979	-0.33699719
-0.23041066	12.82876334	-0.26451940	-0.23015487	12.82765709	-0.26351790
-0.12231903	12.78200107	-0.25332625	-0.12200117	12.78105751	-0.25246658
-0.00439943	12.71742586	-0.29102876	-0.00406313	12.71664230	-0.29032346
0.01503500	12.78539719	-0.38725323	0.01520496	12.78465887	-0.38659250
-0.26005233	12.73703474	-0.20111632	-0.25959948	12.73590216	-0.20003488
-0.14003108	12.66740750	-0.19016993	-0.13950411	12.66644389	-0.18925425
-0.01148358	12.58365509	-0.21246487	-0.01091177	12.58284223	-0.21170207
-0.55129849	12.87806637	-0.51606973	-0.55141221	12.87628217	-0.51460890
-0.58327986	12.87018209	-0.42367725	-0.58326413	12.86839005	-0.42217782
-0.48048785	12.89320332	-0.36439761	-0.48043819	12.89162878	-0.36305223
-0.44981542	12.90762517	-0.47057223	-0.44991085	12.90604433	-0.46926822
-0.59599037	12.79722361	-0.34457980	-0.59576599	12.79544969	-0.34303030
-0.50556975	12.78991945	-0.28783571	-0.50527330	12.78833950	-0.28640521
-0.33244549	12.90937252	-0.40506345	-0.33245886	12.90804491	-0.40393548
-0.35623712	12.87269149	-0.30602210	-0.35608607	12.87136835	-0.30485204
-0.38746296	12.77377306	-0.23687527	-0.38709379	12.77241861	-0.23561334
0.29769115	12.63147669	-0.64387277	0.29777484	12.63116374	-0.64359569
0.33887325	12.62937245	-0.66858245	0.33894032	12.62911435	-0.66835313
0.27564112	12.56258182	-0.49160160	0.27588348	12.56220202	-0.49124285
0.32169610	12.56308819	-0.50270720	0.32192775	12.56276477	-0.50238956
0.32556388	12.58108583	-0.48718724	0.32578273	12.58076555	-0.48687602
0.33971099	12.64358267	-0.66009358	0.33976961	12.64331922	-0.65985921
0.34659094	12.62652925	-0.68322339	0.34664422	12.62628263	-0.68300913
0.32763761	12.56722893	-0.50228061	0.32784715	12.56692136	-0.50198097
0.35920729	12.54845877	-0.54432922	0.35939423	12.54818892	-0.54407921
0.37522463	12.60895549	-0.73491282	0.37526233	12.60875137	-0.73474183
0.33786619	12.43408701	-0.39033143	0.33820327	12.43383263	-0.39004576
0.30666094	12.47891042	-0.36505498	0.30702903	12.47858416	-0.36469584
0.30175789	12.48233723	-0.35961747	0.30214756	12.48198401	-0.35923756
0.25560059	12.46577006	-0.34161088	0.25603378	12.46534505	-0.34116679
0.45096090	12.54910545	-0.60871379	0.45110005	12.54892698	-0.60854985
0.43992536	12.61876695	-0.81249535	0.43992065	12.61866086	-0.81239258
0.44268586	12.40801701	-0.44141476	0.44296544	12.40785611	-0.44126241
0.14812076	12.62581483	-0.39594432	0.14841418	12.62524850	-0.39541920
0.17026728	12.69796653	-0.52003584	0.17039884	12.69745507	-0.51957330
0.13684538	12.50485773	-0.27677747	0.13739551	12.50420573	-0.27615720
0.16338662	13.13190133	-0.38117204	0.16315823	13.13133356	-0.38064592
0.26702386	13.01975135	-0.11812879	0.26717036	13.01929690	-0.11770761
0.30997354	12.90693781	-0.07751476	0.31028633	12.90653914	-0.07713027
0.34317879	12.72821051	-0.08327376	0.34366876	12.72785609	-0.08291597
0.36737188	12.55009794	-0.11216490	0.36801162	12.54977994	-0.11181344
0.24014636	12.85134819	-0.80513163	0.23998658	12.85104366	-0.80476123
0.36145315	12.36905401	-0.17230982	0.36213898	12.36878192	-0.17193667
0.17466177	13.04961749	-0.57548087	0.17438235	13.04910910	-0.57496293
0.20031193	12.98154780	-0.67667201	0.20006611	12.98112205	-0.67620192
0.89671578	11.95962688	-0.57462079	0.89676508	11.95963418	-0.57474825
0.82734774	12.01944824	-0.45676955	0.82734963	12.01944038	-0.45677349
0.94138541	11.92320582	-0.70967873	0.94150452	11.92325292	-0.70984592
0.74526850	12.33379530	-1.28865842	0.74530726	12.33392713	-1.28871858
0.46078651	12.62015213	-1.16567862	0.46075694	12.62017490	-1.16565213
0.35278168	12.65802091	-1.05664427	0.35273858	12.65800165	-1.05658028
0.28711680	12.65981636	-0.95709081	0.28708407	12.65970920	-0.95697815
0.27339970	12.68811841	-0.89408376	0.27335531	12.68794452	-0.89390396
0.25690529	12.69811376	-0.87934178	0.25684226	12.69789577	-0.87909010
0.20937974	12.68268181	-0.86030850	0.20934082	12.68241943	-0.86002650
0.12272141	12.70052538	-0.74287439	0.12272601	12.70008338	-0.74246716
0.01661432	12.72918933	-0.60938914	0.01668063	12.72852706	-0.60882303
-0.19059906	12.76256479	-0.53859509	-0.19047156	12.76144700	-0.53761282
-0.29570221	12.80139082	-0.58641596	-0.29572783	12.80003300	-0.58526129
-0.48283369	12.85828490	-0.66934049	-0.48312592	12.85651412	-0.66794676
-0.56478856	12.85856690	-0.65610166	-0.56507511	12.85668659	-0.65460274
-0.70666911	12.82177686	-0.51122307	-0.70668135	12.81973400	-0.50954853
-0.16556979	12.50180832	-0.09201890	-0.16470896	12.50082958	-0.09100178
0.17963960	12.33708248	-0.11175784	0.18082398	12.33644726	-0.11095792
0.33115952	12.37513314	-0.20740645	0.33182309	12.37482318	-0.20696264
0.38919358	12.28887311	-0.19367965	0.38937498	12.28870232	-0.19363096
0.47327886	12.23381171	-0.23758385	0.47340850	12.23368979	-0.23754223
0.71467021	12.09130175	-0.37205517	0.71468969	12.09128999	-0.37206704
0.30781559	12.50564448	-0.35822966	0.30818789	12.50530090	-0.35786564
0.58842309	12.77397966	-0.53800445	0.58846257	12.77386051	-0.53786754
0.30631586	12.98027021	-0.52018042	0.30617550	12.97990012	-0.51979393
0.04008744	12.97799792	-0.24702528	0.04016180	12.97727799	-0.24638520
0.10560706	13.06254580	-0.29319499	0.10553369	13.06190422	-0.29262146
0.32772760	12.85932865	-0.28490013	0.32789624	12.85896152	-0.28454245
0.03453910	12.95108898	-0.40541647	0.03449355	12.95036908	-0.40477571
0.12615561	13.03141156	-0.40316628	0.12602181	13.03080450	-0.40261310
0.36806914	12.81744576	-0.68638343	0.36798141	12.81720103	-0.68610563
0.16553231	13.01524514	-0.16610480	0.16564013	13.01468027	-0.16558948
0.22072782	12.80744442	-0.78422261	0.22061229	12.80711640	-0.78385420
0.33492762	12.75019981	-0.52310312	0.33498727	12.74987633	-0.52279667
0.32743315	12.88185187	-0.83335585	0.32724698	12.88163789	-0.83303885
0.41042167	12.42959683	-0.23754699	0.41092799	12.42934700	-0.23729191
0.24733375	13.03600055	-0.43490644	0.24718941	13.03554720	-0.43446195
0.47968644	12.68045918	-0.66356086	0.47970158	12.68030028	-0.66340105
0.69938965	12.74816093	-0.77114065	0.69933174	12.74816220	-0.77106473
0.33662467	12.93043937	-0.19060449	0.33680582	12.93006761	-0.19024579
-0.41777096	12.88046471	-0.21953050	-0.41752504	12.87907663	-0.21827362
0.15863141	13.06775288	-0.23511475	0.15861189	13.06717831	-0.23459369
0.32348997	12.93935037	-0.67881388	0.32329739	12.93905493	-0.67846201
-0.50553469	12.87779067	-0.25809907	-0.50533419	12.87623206	-0.25671732
0.23340551	13.02001182	-0.31642263	0.23337164	13.01953063	-0.31596900
0.31046658	12.44919729	-0.18698007	0.31110841	12.44881240	-0.18653356
0.12175480	13.08449805	-0.35548051	0.12159637	13.08387833	-0.35492187
0.21120004	13.06589857	-0.47621971	0.21098482	13.06540831	-0.47573775
0.26974090	12.60142971	-0.23329495	0.27019389	12.60099436	-0.23287012
0.17124353	12.92512409	-0.49597134	0.17116157	12.92459725	-0.49547576
0.27638465	12.88503755	-0.82232780	0.27619299	12.88477256	-0.82197366
0.28383546	12.83469933	-0.82646122	0.28368656	12.83445193	-0.82614328
0.23227510	13.01142774	-0.53269973	0.23208276	13.01097814	-0.53224260
0.38842901	12.79117997	-0.18965349	0.38874069	12.79085800	-0.18934411
0.50729531	12.58736822	-0.42868231	0.50753841	12.58719277	-0.42852415
0.30532309	12.75703990	-0.88143140	0.30522978	12.75686941	-0.88120593
0.16176321	12.95353589	-0.63112077	0.16156918	12.95304714	-0.63062096
0.40850813	12.36953451	-0.21459640	0.40904245	12.36928523	-0.21436248
0.37256738	12.47649964	-0.30330124	0.37300955	12.47621800	-0.30300033
0.20630079	12.85577528	-0.17470318	0.20657774	12.85525740	-0.17422141
0.38946455	12.72832668	-0.90635082	0.38939626	12.72824825	-0.90621857
0.29697651	12.78806598	-0.84174107	0.29686192	12.78784924	-0.84147146
0.14951017	13.09997347	-0.26711602	0.14942013	13.09938466	-0.26658522
0.42896556	12.60007973	-0.24034636	0.42938295	12.59982116	-0.24009203
0.21548164	12.85186971	-0.76018211	0.21533285	12.85151375	-0.75978048
0.42872753	12.70986164	-0.82308210	0.42867338	12.70973593	-0.82292820
0.82750661	12.74533009	-0.86772771	0.82742550	12.74541053	-0.86768880
0.56512879	12.79037358	-0.92400959	0.56500384	12.79036258	-0.92387310
0.35552765	12.67726082	-0.18972654	0.35594122	12.67691259	-0.18938701
0.26472338	12.75198487	-0.17035354	0.26510555	12.75154141	-0.16992698
