0.85060996	12.73683330	-0.42013429	0.84993639	12.73728434	-0.41992359
0.82183185	12.87502962	-0.44877928	0.82112829	12.87546439	-0.44864137
0.89797144	12.83370934	-0.54705603	0.89736910	12.83413898	-0.54684127
0.92983183	12.70051351	-0.53250603	0.92927160	12.70095895	-0.53222056
0.77940544	12.96592236	-0.50908149	0.77872388	12.96631780	-0.50902034
0.85951458	12.91980380	-0.58997108	0.85891589	12.92020154	-0.58982423
0.90880107	12.87689523	-0.65030329	0.90827039	12.87729469	-0.65010105
0.94710473	12.80699520	-0.64460226	0.94659741	12.80741530	-0.64434341
0.98097316	12.67789829	-0.64562714	0.98051991	12.67833207	-0.64529764
0.71708404	12.76644316	-1.16403668	0.71700806	12.76653244	-1.16395897
0.83938244	12.71585506	-1.14225921	0.83930938	12.71601612	-1.14207044
0.80794333	12.82235540	-1.07346174	0.80776972	12.82253285	-1.07333383
0.68580759	12.86864309	-1.09023015	0.68563286	12.86875085	-1.09021465
0.94051312	12.68206883	-1.07947163	0.94040270	12.68231382	-1.07919236
0.90749208	12.79316760	-1.02076835	0.90728591	12.79341962	-1.02054807
0.86793188	12.86166452	-0.97015957	0.86766296	12.86191970	-0.96999832
0.78915098	12.90255737	-0.98553615	0.78888742	12.90276951	-0.98545431
0.66721914	12.94854792	-0.99099879	0.66694457	12.94869696	-0.99103261
0.59579694	12.83442544	-0.20816409	0.59488373	12.83490122	-0.20822236
0.57756403	12.97142240	-0.25585490	0.57665796	12.97188538	-0.25598747
0.71158700	12.92356610	-0.34859274	0.71078071	12.92401011	-0.34857213
0.73301417	12.78417053	-0.30817559	0.73221806	12.78462772	-0.30808422
0.54705245	13.05780702	-0.34029428	0.54620144	13.05822490	-0.34049794
0.67545483	13.01395615	-0.42439658	0.67469008	13.01436080	-0.42445197
0.46745281	12.88160727	-1.06358527	0.46726200	12.88160614	-1.06373436
0.59369587	12.82732961	-1.13635928	0.59356958	12.82736578	-1.13639827
0.56299099	12.91972634	-1.06394089	0.56277953	12.91977968	-1.06404085
0.43895448	12.96411882	-0.98896557	0.43867956	12.96414955	-0.98918339
0.54281563	12.99434108	-0.96230716	0.54250628	12.99444510	-0.96246385
0.41812810	13.03355001	-0.88630059	0.41775095	13.03364316	-0.88657458
-0.01440337	12.98978847	-0.06657156	-0.01545622	12.99051573	-0.06724356
-0.14286279	13.00161285	-0.08863180	-0.14390237	13.00243714	-0.08939750
-0.14540153	13.07500657	-0.13523887	-0.14645114	13.07581222	-0.13607355
-0.02049089	13.07707611	-0.11058771	-0.02152009	13.07778233	-0.11132594
-0.26171077	13.00331660	-0.12494501	-0.26274755	13.00425331	-0.12575696
-0.26277030	13.06473535	-0.17342036	-0.26386379	13.06565977	-0.17429334
-0.26420633	13.10597312	-0.23898493	-0.26542481	13.10689491	-0.23991913
-0.14745344	13.12191487	-0.20142820	-0.14852267	13.12268067	-0.20228816
-0.02546171	13.13104747	-0.17647976	-0.02646986	13.13170059	-0.17725467
0.03079188	12.97563331	-0.59088980	0.03006759	12.97595583	-0.59145005
0.01575863	13.03805486	-0.56540455	0.01500615	13.03840346	-0.56602296
-0.06531194	13.04018300	-0.55483580	-0.06613885	13.04061830	-0.55549505
-0.05111089	12.98395526	-0.57043126	-0.05191197	12.98436378	-0.57104531
-0.00384038	13.09209548	-0.51804814	-0.00463785	13.09249306	-0.51872470
-0.08689514	13.08652664	-0.51917248	-0.08775217	13.08700581	-0.51987724
-0.18052277	13.07941168	-0.53527885	-0.18143906	13.07994690	-0.53597720
-0.15784807	13.03837462	-0.57114046	-0.15872200	13.03889206	-0.57180551
-0.14314304	12.98715616	-0.58853173	-0.14399670	12.98766582	-0.58915736
0.98721865	12.28891087	-0.67176525	0.98700259	12.28934905	-0.67133261
0.96636054	12.07001550	-0.68776661	0.96632875	12.07045109	-0.68734506
0.91376387	12.09681601	-0.55246909	0.91364362	12.09721022	-0.55211207
0.92856285	12.30362776	-0.53663775	0.92822762	12.30406180	-0.53625841
0.83577887	12.14671033	-0.43124286	0.83553162	12.14699251	-0.43098441
0.84309040	12.32884233	-0.41130559	0.84264877	12.32924396	-0.41100489
0.97938213	12.38007637	-1.14136233	0.97946792	12.38032847	-1.14095890
0.88451244	12.44066339	-1.21039897	0.88461319	12.44083707	-1.21008858
0.87983160	12.28116776	-1.23527917	0.88004571	12.28133366	-1.23491624
0.97184658	12.18878403	-1.15675542	0.97204322	12.18902013	-1.15629167
0.75735710	12.51694111	-1.23925548	0.75741933	12.51701392	-1.23908739
0.75351191	12.39674485	-1.27069698	0.75368905	12.39680766	-1.27048427
0.86755781	12.17646980	-1.24315274	0.86783966	12.17663318	-1.24276964
0.95292489	12.05417506	-1.15488223	0.95317082	12.05439306	-1.15438035
0.99327566	12.49790490	-0.65697737	0.99292218	12.49834586	-0.65658390
0.93661160	12.51392137	-0.53052289	0.93614127	12.51436938	-0.53017469
0.85234941	12.54243994	-0.40856525	0.85175379	12.54288101	-0.40829215
0.86800502	12.58715903	-1.18355756	0.86800706	12.58731800	-1.18331145
0.96704577	12.54447223	-1.11770857	0.96702924	12.54472137	-1.11736489
0.74281963	12.64474212	-1.20854773	0.74281757	12.64481360	-1.20840349
0.59966575	12.42019461	-0.22565601	0.59900298	12.42058052	-0.22556987
0.59995202	12.63501847	-0.20315631	0.59911083	12.63546712	-0.20312947
0.73335392	12.58517753	-0.29740554	0.73262977	12.58562487	-0.29724700
0.72701280	12.37096560	-0.30837571	0.72646116	12.37135115	-0.30818205
0.46880312	12.70490399	-1.15071137	0.46877287	12.70486086	-1.15074578
0.61208363	12.61501481	-1.21939567	0.61210639	12.61500794	-1.21937835
0.60882747	12.71922573	-1.18586012	0.60880565	12.71924063	-1.18585659
0.47383834	12.78879897	-1.11702531	0.47373175	12.78876851	-1.11710826
0.58647641	12.17483888	-0.30180001	0.58639370	12.17491541	-0.30178809
0.59696006	12.28084462	-0.26247728	0.59654031	12.28112959	-0.26238141
0.72309497	12.21623064	-0.33767346	0.72275540	12.21651543	-0.33750927
0.60074319	12.48692041	-1.25183454	0.60082730	12.48689115	-1.25182748
0.60688075	12.53432052	-1.24356609	0.60693561	12.53430671	-1.24356533
0.46272014	12.64920525	-1.16638709	0.46271441	12.64916404	-1.16640096
-0.00604128	12.71193443	-0.06551983	-0.00706708	12.71261663	-0.06602577
-0.15469627	12.78060070	-0.07281846	-0.15571118	12.78140984	-0.07340914
-0.14483956	12.90341465	-0.07033956	-0.14587618	12.90424117	-0.07103223
-0.00649692	12.86636534	-0.05482734	-0.00755250	12.86708313	-0.05542508
-0.29064580	12.83181064	-0.09743439	-0.29163203	12.83274206	-0.09807800
-0.27214341	12.92692524	-0.10131999	-0.27316193	12.92786431	-0.10203761
0.02670311	12.84612767	-0.61994531	0.02603842	12.84644072	-0.62043451
0.03291118	12.91152331	-0.60735107	0.03221089	12.91183589	-0.60787323
-0.04824390	12.92214896	-0.57975759	-0.04902843	12.92255331	-0.58031564
-0.05653484	12.85735244	-0.58375684	-0.05731525	12.85776414	-0.58427883
-0.13997984	12.92983956	-0.59673320	-0.14082847	12.93033109	-0.59731686
-0.14973909	12.86905339	-0.59555941	-0.15058617	12.86955481	-0.59610258
-0.03543324	12.41620754	-0.12004313	-0.03640716	12.41681801	-0.12045341
-0.17573633	12.63346557	-0.09071241	-0.17672660	12.63422261	-0.09122441
-0.02065896	12.54131076	-0.08955175	-0.02165222	12.54194762	-0.08998504
-0.32711229	12.62635915	-0.12937010	-0.32806542	12.62720736	-0.12979129
-0.31344314	12.71408406	-0.10926629	-0.31439157	12.71497631	-0.10976670
0.01667557	12.77983248	-0.63173989	0.01604503	12.78014678	-0.63220677
-0.07598043	12.79097831	-0.58089607	-0.07678926	12.79141506	-0.58140266
-0.09384021	12.76401472	-0.56081329	-0.09470500	12.76448516	-0.56131602
-0.17381785	12.80656475	-0.58349008	-0.17469130	12.80710951	-0.58399049
-0.38410673	13.00039447	-0.17415817	-0.38516651	13.00134959	-0.17493655
-0.37642885	13.05061908	-0.21993592	-0.37757930	13.05156661	-0.22078859
-0.49410508	12.99336485	-0.23073781	-0.49520611	12.99421331	-0.23144564
-0.47452958	13.03419527	-0.27171303	-0.47572227	13.03499919	-0.27248929
-0.45265801	13.06756354	-0.32199505	-0.45400248	13.06837335	-0.32283735
-0.36689713	13.08792065	-0.27906070	-0.36833386	13.08898924	-0.27995065
-0.26224447	13.03608882	-0.59067884	-0.26316525	13.03662959	-0.59136979
-0.24780717	12.99086578	-0.61561362	-0.24869165	12.99138724	-0.61625803
-0.28259526	13.07252622	-0.55027948	-0.28357800	13.07311630	-0.55102997
-0.37733642	13.06379567	-0.55898115	-0.37837449	13.06432244	-0.55981463
-0.36233788	13.03254819	-0.60378233	-0.36331659	13.03303382	-0.60454515
-0.35258969	12.99421864	-0.63755812	-0.35350256	12.99468307	-0.63824277
-0.24913263	12.94234505	-0.63141446	-0.24999756	12.94285427	-0.63201219
-0.36000681	12.95526056	-0.66228540	-0.36088076	12.95569617	-0.66291078
-0.37465871	12.91787833	-0.67635467	-0.37548047	12.91830962	-0.67694070
-0.26183141	12.89282656	-0.63590861	-0.26269769	12.89333567	-0.63645088
-0.53801528	12.88757367	-0.19018951	-0.53897452	12.88845520	-0.19074671
-0.55771058	12.76550097	-0.19577951	-0.55859391	12.76635169	-0.19608762
-0.63385683	12.80198581	-0.25331868	-0.63475934	12.80270310	-0.25364036
-0.61610204	12.89801219	-0.25250121	-0.61710583	12.89873135	-0.25305325
-0.56546728	12.66076424	-0.21308715	-0.56632928	12.66156703	-0.21321596
-0.64085197	12.71935711	-0.26520605	-0.64171996	12.72003864	-0.26533906
-0.68949768	12.78886863	-0.33531958	-0.69042670	12.78937095	-0.33552190
-0.68343311	12.84119042	-0.32954420	-0.68436710	12.84170674	-0.32994268
-0.66769069	12.90431597	-0.33115839	-0.66870001	12.90482363	-0.33172915
-0.45615771	12.65094183	-0.16512820	-0.45705343	12.65184703	-0.16539564
-0.44517055	12.74718919	-0.14612573	-0.44606730	12.74813166	-0.14653222
-0.42322374	12.86653566	-0.13774849	-0.42418759	12.86750252	-0.13833915
-0.47048975	12.93324058	-0.68734862	-0.47129924	12.93344537	-0.68797149
-0.47728093	12.90614213	-0.69788323	-0.47802093	12.90630660	-0.69846227
-0.38673292	12.88451189	-0.67814584	-0.38750473	12.88493319	-0.67868573
-0.55704747	12.93803483	-0.66758059	-0.55785312	12.93810449	-0.66826018
-0.56168125	12.91127700	-0.68232491	-0.56242437	12.91132555	-0.68296741
-0.39752425	12.86769971	-0.66771828	-0.39827736	12.86811448	-0.66823167
-0.28150839	12.84461477	-0.62803290	-0.28236506	12.84512746	-0.62853166
0.89855471	12.88497093	-0.90149174	0.89822179	12.88527056	-0.90131323
0.79851147	12.95197043	-0.88752091	0.79814923	12.95223124	-0.88744725
0.91497265	12.89937694	-0.81276219	0.91456378	12.89971648	-0.81257501
0.81982462	12.97187952	-0.78300571	0.81937337	12.97218809	-0.78291814
0.70932266	13.02758384	-0.74180512	0.70882495	13.02786361	-0.74183240
0.67965663	13.00336991	-0.87091741	0.67926962	13.00358527	-0.87096170
0.91597794	12.89558626	-0.72086149	0.91549971	12.89596230	-0.72066504
0.83682333	12.96319189	-0.67647077	0.83628361	12.96355021	-0.67636152
0.74222702	13.01580660	-0.61453203	0.74161555	13.01615021	-0.61452528
1.00019177	12.67147851	-0.98473938	1.00001399	12.67179798	-0.98440681
0.96239876	12.79307312	-0.93968651	0.96212887	12.79338792	-0.93941887
1.02321646	12.67198187	-0.87338991	1.02295275	12.67235420	-0.87303528
0.98213259	12.80247777	-0.84289168	0.98178247	12.80284011	-0.84261173
1.01447099	12.67108833	-0.76005864	1.01411541	12.67149706	-0.75970943
0.97613537	12.80208552	-0.74350739	0.97570822	12.80248186	-0.74322755
0.55944911	13.04887426	-0.82587508	0.55901334	13.04905730	-0.82603819
0.59609626	13.07460845	-0.67702395	0.59552497	13.07487548	-0.67717135
0.47209673	13.11335913	-0.59455791	0.47144359	13.11364126	-0.59483488
0.43509949	13.08671167	-0.74648209	0.43458421	13.08690156	-0.74677083
0.63588404	13.06353716	-0.53889868	0.63520062	13.06387832	-0.53900948
0.51060436	13.10438719	-0.45640083	0.50983781	13.10474165	-0.45665141
-0.38598250	13.08141124	-0.50116351	-0.38709505	13.08201951	-0.50204585
-0.46951266	13.06270427	-0.51379275	-0.47063650	13.06314896	-0.51469178
-0.44948379	13.05129759	-0.55608110	-0.45055283	13.05172546	-0.55692968
-0.39827061	13.08762413	-0.43818927	-0.39953718	13.08834510	-0.43912098
-0.49180354	13.06460323	-0.46932834	-0.49298177	13.06508424	-0.47024749
-0.57610434	13.03786170	-0.49846868	-0.57723987	13.03815540	-0.49933323
-0.53841427	13.03994506	-0.53098713	-0.53952527	13.04025137	-0.53184405
-0.50063817	13.03843605	-0.55715482	-0.50171723	13.03878461	-0.55799215
-0.42403584	13.08428525	-0.37797259	-0.42555727	13.08512177	-0.37888178
-0.50570011	13.06044593	-0.41796923	-0.50693437	13.06099717	-0.41888869
-0.52063046	13.04594052	-0.36701324	-0.52187479	13.04655275	-0.36785707
-0.56612272	13.02872431	-0.39936397	-0.56728401	13.02921630	-0.40020827
-0.57798557	13.03372851	-0.44798291	-0.57914107	13.03409976	-0.44884959
-0.01961625	13.13104901	-0.43615323	-0.02047196	13.13151162	-0.43686988
-0.11145022	13.11880018	-0.44864152	-0.11238297	13.11935888	-0.44938811
-0.02907495	13.15260922	-0.34087923	-0.03000533	13.15315035	-0.34163144
-0.13238684	13.13655255	-0.36217615	-0.13339214	13.13719342	-0.36298075
-0.23382923	13.11950988	-0.39321690	-0.23503103	13.12027362	-0.39401015
-0.20757681	13.10586525	-0.47153713	-0.20857339	13.10648178	-0.47228647
-0.02965368	13.15442893	-0.25376941	-0.03061624	13.15502857	-0.25454984
-0.14379108	13.13999337	-0.27845270	-0.14485578	13.14071065	-0.27930808
-0.25374391	13.12182831	-0.31385083	-0.25505041	13.12267284	-0.31478060
0.99071515	11.97517585	-1.05852303	0.99084174	11.97541593	-1.05794992
1.01320322	12.12008632	-1.05660086	1.01334621	12.12036934	-1.05609072
0.99313887	11.93027469	-0.95309420	0.99316938	11.93055906	-0.95253137
1.01908072	12.07689099	-0.94236118	1.01915103	12.07722145	-0.94185395
1.03820078	12.29459003	-0.92688389	1.03817238	12.29495550	-0.92641211
1.02690302	12.32918283	-1.04280153	1.02694136	12.32949743	-1.04234499
0.97444157	11.91377447	-0.83411816	0.97442304	11.91411665	-0.83360612
1.00241213	12.06169882	-0.81891725	1.00241848	12.06208355	-0.81843957
1.02441019	12.28359700	-0.80252940	1.02429659	12.28401291	-0.80206886
1.02244286	12.51497854	-1.01845744	1.02236607	12.51529642	-1.01805925
1.04103734	12.49748541	-0.90328158	1.04087986	12.49785868	-0.90286088
1.02972629	12.49209087	-0.78199625	1.02947483	12.49250429	-0.78157793
-0.64315811	12.93244297	-0.61531775	-0.64400922	12.93246000	-0.61605447
-0.64980655	12.90262266	-0.62722682	-0.65059577	12.90259933	-0.62789373
-0.70105596	12.92206804	-0.53553774	-0.70201122	12.92212150	-0.53621558
-0.71135831	12.88582959	-0.54150640	-0.71225618	12.88585774	-0.54211036
-0.65152326	12.87922657	-0.62859349	-0.65227952	12.87919534	-0.62919529
-0.70277286	12.91251013	-0.43322670	-0.70375498	12.91275315	-0.43383455
-0.71608989	12.86737802	-0.43411505	-0.71704839	12.86760392	-0.43460113
-0.71890337	12.83167040	-0.43581271	-0.71985557	12.83188404	-0.43615446
-0.29898264	13.09462427	-0.48804021	-0.30005304	13.09531371	-0.48884261
-0.31739326	13.10458925	-0.41570078	-0.31864377	13.10544020	-0.41652321
-0.34417052	13.10458453	-0.34530307	-0.34608564	13.10602316	-0.34619175
-0.59616719	12.95046060	-0.26525594	-0.59721819	12.95115863	-0.26591946
-0.51576032	12.95392611	-0.20269895	-0.51680373	12.95480413	-0.20334143
-0.65020259	12.94456691	-0.34041441	-0.65124542	12.94506393	-0.34107916
-0.62713328	12.97423683	-0.35729339	-0.62820443	12.97471665	-0.35802301
-0.57321897	12.98251576	-0.28960987	-0.57432564	12.98318401	-0.29032445
-0.40107794	12.94497884	-0.14705687	-0.40208947	12.94595433	-0.14775754
-0.45755268	12.96434528	-0.66902351	-0.45843090	12.96460467	-0.66970179
-0.44576442	12.99674630	-0.64085785	-0.44670869	12.99706533	-0.64158623
-0.52992810	12.99547059	-0.62386806	-0.53088385	12.99564956	-0.62463058
-0.54571016	12.96693070	-0.64980247	-0.54658677	12.96704280	-0.65053170
-0.65996415	12.97945692	-0.52392106	-0.66099506	12.97958191	-0.52469705
-0.68417374	12.95184089	-0.53021518	-0.68516968	12.95192558	-0.53094194
-0.62952797	12.96081538	-0.60255157	-0.63044830	12.96086914	-0.60332362
-0.60877483	12.98812980	-0.58475593	-0.60976060	12.98823681	-0.58555810
-0.62801325	13.00880971	-0.51501276	-0.62908970	13.00898797	-0.51583889
-0.58162032	13.01470786	-0.55778061	-0.58268225	13.01489421	-0.55860320
-0.51187766	13.02135181	-0.58461587	-0.51291646	13.02163849	-0.58542233
-0.68544959	12.94577051	-0.43584988	-0.68646607	12.94602919	-0.43653301
-0.66118339	12.97396045	-0.44181462	-0.66223157	12.97423717	-0.44255648
-0.59500343	13.00543542	-0.38167973	-0.59611905	13.00591514	-0.38247118
-0.62755777	13.00418329	-0.45088805	-0.62865123	13.00447662	-0.45169546
-0.54558890	13.01718543	-0.32385392	-0.54675301	13.01782092	-0.32462389
-0.44232989	13.02754591	-0.60083631	-0.44334394	13.02792061	-0.60162262
0.18070697	13.12086151	-0.18537277	0.17971875	13.12140945	-0.18596055
0.15114904	13.15945641	-0.27065383	0.15022639	13.15995912	-0.27128103
0.17884669	13.14732844	-0.28535218	0.17793175	13.14780058	-0.28594659
0.21268468	13.10753525	-0.19690036	0.21170680	13.10806409	-0.19744386
0.13081314	13.16644239	-0.36577412	0.12995191	13.16688019	-0.36641632
0.15692298	13.15510824	-0.38267101	0.15607800	13.15552607	-0.38328692
0.18341770	13.13842247	-0.29535828	0.18250744	13.13888474	-0.29594169
0.21706970	13.09912918	-0.20329576	0.21609375	13.09965374	-0.20382970
0.19006735	13.14611791	-0.29641849	0.18915888	13.14657764	-0.29700095
0.22248116	13.10562777	-0.19816343	0.22151027	13.10615470	-0.19869537
0.17099659	13.15319118	-0.39978774	0.17016604	13.15359287	-0.40039047
0.21500317	13.15894345	-0.42568884	0.21419559	13.15931711	-0.42624969
0.23651161	13.15137308	-0.31428683	0.23561714	13.15180598	-0.31483115
0.26837415	13.10888754	-0.20893827	0.26740566	13.10939025	-0.20943240
0.25603917	12.93434057	-0.06515744	0.25497597	12.93493118	-0.06558147
0.21919154	13.05075640	-0.11074508	0.21815198	13.05133389	-0.11126289
0.25535954	13.03793014	-0.12209147	0.25432905	13.03849516	-0.12256696
0.29557678	12.92100618	-0.07822956	0.29452407	12.92157740	-0.07861283
0.26559870	13.03591933	-0.12256638	0.26457258	13.03647670	-0.12303404
0.30677921	12.91909984	-0.08161361	0.30573204	12.91966568	-0.08198592
0.31081337	13.03438306	-0.12986795	0.30979908	13.03492352	-0.13029307
0.35056156	12.91126853	-0.08750288	0.34952218	12.91181772	-0.08783123
0.37599497	12.72234304	-0.09148374	0.37500137	12.72286023	-0.09170305
0.33594135	12.73606808	-0.08710277	0.33494128	12.73659844	-0.08736252
0.39361524	12.52690001	-0.12212103	0.39272740	12.52736632	-0.12224309
0.35608629	12.55102345	-0.11749737	0.35517778	12.55149868	-0.11766349
0.32455868	12.73827797	-0.08239191	0.32355279	12.73881592	-0.08266569
0.34389890	12.55383248	-0.11260174	0.34298415	12.55431604	-0.11277925
0.29824406	12.56766466	-0.09459264	0.29730111	12.56816957	-0.09481276
0.28252269	12.75571297	-0.06644230	0.28149612	12.75627378	-0.06675876
0.26608104	12.78330621	-0.91953175	0.26586676	12.78329394	-0.91976396
0.25619590	12.85353166	-0.89469875	0.25590504	12.85355229	-0.89499220
0.23706004	12.85938611	-0.83563742	0.23670651	12.85948001	-0.83595105
0.24781304	12.79855187	-0.85927808	0.24751322	12.79860954	-0.85953857
0.24090545	12.92558172	-0.84438540	0.24054458	12.92566292	-0.84474859
0.22113559	12.92402414	-0.78871518	0.22071637	12.92414677	-0.78909153
0.22764102	12.91963949	-0.77089697	0.22720204	12.91977819	-0.77126249
0.24871890	12.80437909	-0.83853643	0.24839771	12.80446180	-0.83880220
0.22078552	12.85980852	-0.82123581	0.22040939	12.85992233	-0.82156000
0.22571879	12.80247755	-0.84417703	0.22540696	12.80255596	-0.84445649
0.21010597	12.92354633	-0.77895204	0.20967336	12.92368323	-0.77933295
0.16953363	12.93578465	-0.76438727	0.16907944	12.93593436	-0.76481419
0.17728431	12.86844304	-0.80284018	0.17688865	12.86856225	-0.80321315
0.17925957	12.80482085	-0.82387182	0.17891582	12.80491469	-0.82420403
0.27093842	12.71318261	-0.94457156	0.27082019	12.71311807	-0.94471224
0.25542854	12.73732065	-0.88340184	0.25519895	12.73734265	-0.88360510
0.25722399	12.75294639	-0.86108838	0.25695383	12.75300332	-0.86130418
0.27490260	12.71643085	-0.87425825	0.27467783	12.71646620	-0.87442663
0.23456433	12.74474377	-0.87094419	0.23430504	12.74479431	-0.87117401
0.18580839	12.73718301	-0.85338607	0.18551478	12.73724815	-0.85365761
0.28202022	12.32804369	-0.16242846	0.28119384	12.32848897	-0.16249634
0.29958799	12.42461863	-0.12872571	0.29876650	12.42506550	-0.12886721
0.34740337	12.42287788	-0.14503552	0.34661238	12.42329105	-0.14513516
0.33285777	12.35335185	-0.17761387	0.33212780	12.35370694	-0.17765816
0.35141373	12.43547642	-0.15231675	0.35062041	12.43588458	-0.15241923
0.36113371	12.41587076	-0.15008881	0.36035713	12.41627685	-0.15017361
0.34740878	12.34778469	-0.18406330	0.34685410	12.34806018	-0.18413810
0.39830523	12.38254705	-0.15853938	0.39759511	12.38293551	-0.15858907
0.12010626	13.14120161	-0.47098854	0.11931714	13.14157445	-0.47161822
0.15003747	13.12786995	-0.48499448	0.14926638	13.12822570	-0.48558858
0.12360235	13.08894004	-0.57910637	0.12290562	13.08923303	-0.57967877
0.15888244	13.07360454	-0.58976589	0.15820105	13.07387716	-0.59030020
0.16204810	13.11655775	-0.49171954	0.16128246	13.11690096	-0.49229476
0.16786433	13.12294944	-0.49184875	0.16710664	13.12329048	-0.49242928
0.17794580	13.06689056	-0.58594327	0.17726427	13.06715968	-0.58646347
0.20416321	13.07225045	-0.62523381	0.20352972	13.07249234	-0.62573036
0.20334962	13.12871036	-0.52429819	0.20261797	13.12901574	-0.52484470
0.22000671	13.00166059	-0.74342986	0.21951392	13.00181765	-0.74385735
0.19847807	12.99690689	-0.69537328	0.19793306	12.99710199	-0.69582034
0.18412053	13.00002187	-0.69493481	0.18357216	13.00021755	-0.69539738
0.14584551	13.01485903	-0.68369817	0.14527894	13.01506544	-0.68420352
0.39407877	13.09109155	-0.26244478	0.39315315	13.09153969	-0.26281427
0.42931991	13.01060076	-0.17862328	0.42834324	13.01109891	-0.17892050
0.45777874	12.87989883	-0.13237835	0.45678976	12.88040588	-0.13258644
0.31273331	12.99096679	-0.86193208	0.31235966	12.99104723	-0.86227089
0.33660525	12.91282378	-0.95106445	0.33632113	12.91283459	-0.95132773
0.29467403	13.06042569	-0.74992186	0.29417549	13.06057621	-0.75032034
0.13593123	12.96213616	-0.06003343	0.13487246	12.96277508	-0.06057605
0.11412807	13.06634170	-0.10466628	0.11309036	13.06696668	-0.10529110
0.09261875	13.12984192	-0.17473162	0.09162859	13.13043607	-0.17540411
0.08790514	13.02854625	-0.62451293	0.08724456	13.02881729	-0.62506719
0.06776222	13.09400623	-0.54664855	0.06702196	13.09434091	-0.54727179
0.10706781	12.95639737	-0.67879752	0.10650389	12.95662089	-0.67929403
0.47232945	12.68478283	-0.13232704	0.47138896	12.68526243	-0.13243860
0.48186941	12.47565224	-0.16090187	0.48106995	12.47608323	-0.16093372
0.34570533	12.83189550	-1.00397207	0.34552296	12.83185940	-1.00416236
0.34661652	12.75677353	-1.03308354	0.34650599	12.75669053	-1.03320214
0.48314562	12.33810061	-0.19916346	0.48260390	12.33844519	-0.19912437
0.34541989	12.69676842	-1.05185205	0.34538660	12.69666737	-1.05192282
0.15734294	12.47215173	-0.10548758	0.15642878	12.47268776	-0.10576678
0.16324315	12.62827475	-0.07604221	0.16225358	12.62885077	-0.07639127
0.10890090	12.75533339	-0.74847438	0.10846608	12.75549538	-0.74884287
0.10916973	12.82405661	-0.72485801	0.10868655	12.82424281	-0.72526975
0.15419912	12.80761614	-0.05542844	0.15315390	12.80823516	-0.05587376
0.11133887	12.88957518	-0.70693706	0.11080509	12.88978308	-0.70738193
0.33020089	13.14364356	-0.50076722	0.32946271	13.14396040	-0.50120152
0.30432241	13.11499355	-0.62765888	0.30369568	13.11523029	-0.62809386
0.36053612	13.13547487	-0.37460612	0.35968777	13.13586584	-0.37501728
0.06373600	13.16420813	-0.34692219	0.06285525	13.16468977	-0.34761557
0.06048015	13.14036412	-0.44902000	0.05965908	13.14077927	-0.44968714
0.07513714	13.16143410	-0.25553523	0.07420641	13.16198279	-0.25623619
0.88208229	11.96647512	-0.58448092	0.88219002	11.96680717	-0.58420471
0.81676000	12.01719950	-0.47386000	0.81676000	12.01719950	-0.47386000
0.92249187	11.93868036	-0.71332056	0.92254341	11.93907256	-0.71289919
0.90989936	12.00517879	-0.71814854	0.90990528	12.00556977	-0.71773776
0.87423704	12.05198542	-0.63169783	0.87420380	12.05234924	-0.63135679
0.80586015	12.11458236	-0.52865460	0.80571801	12.11485625	-0.52839692
0.95582251	11.93116712	-0.83763289	0.95580648	11.93151539	-0.83712868
0.97510955	11.94716796	-0.94903181	0.97514363	11.94746254	-0.94848874
0.94306707	12.06516998	-0.93232113	0.94312298	12.06549090	-0.93185789
0.92872298	12.03487133	-0.81466695	0.92872932	12.03523351	-0.81421611
0.97430528	11.98946937	-1.04222134	0.97442341	11.98972540	-1.04167275
0.93965222	12.06416809	-1.12914224	0.93987297	12.06439269	-1.12865800
0.91649620	12.12686269	-1.10673591	0.91667608	12.12709040	-1.10629739
0.94037182	12.10006825	-1.03017833	0.94049746	12.10033851	-1.02971786
0.85897744	12.18226418	-1.22026290	0.85923490	12.18242898	-1.21988926
0.74252027	12.33314497	-1.27093035	0.74274200	12.33320605	-1.27070379
0.74647171	12.36144159	-1.19918807	0.74661343	12.36153232	-1.19896289
0.85711461	12.22816046	-1.15757401	0.85729488	12.22834078	-1.15721124
0.60119819	12.48301776	-1.23771482	0.60127352	12.48299317	-1.23770669
0.47110538	12.61370423	-1.15271172	0.47111349	12.61367120	-1.15272193
0.49420000	12.61570000	-1.07906000	0.49420000	12.61570000	-1.07906000
0.61447000	12.50220000	-1.16283000	0.61447000	12.50220000	-1.16283000
0.38296128	12.64728514	-1.04975511	0.38296008	12.64722605	-1.04978007
0.33206806	12.64759102	-0.95689597	0.33203492	12.64754194	-0.95693097
0.37140000	12.64100070	-0.89641000	0.37140000	12.64100070	-0.89641000
0.41679000	12.64250090	-0.98287004	0.41679000	12.64250090	-0.98287004
0.31399720	12.67930700	-0.89747223	0.31386494	12.67929925	-0.89756838
0.30993267	12.70683385	-0.87004856	0.30971648	12.70687483	-0.87018399
0.33816587	12.69468787	-0.81282631	0.33787257	12.69480156	-0.81294842
0.34735391	12.66955843	-0.84045863	0.34714329	12.66963712	-0.84055629
0.30091788	12.69412722	-0.87393712	0.30070050	12.69416281	-0.87406685
0.25776562	12.68406557	-0.84452711	0.25749117	12.68414070	-0.84469701
0.29798595	12.68122011	-0.77506577	0.29763699	12.68135789	-0.77521411
0.33699826	12.68328657	-0.81148078	0.33669842	12.68340109	-0.81159359
0.15134325	12.71973412	-0.71641486	0.15088166	12.71991818	-0.71672243
0.01926870	12.77367936	-0.57597996	0.01854817	12.77404735	-0.57644505
0.02340206	12.81140573	-0.49912322	0.02261545	12.81181185	-0.49960846
0.17529603	12.73487574	-0.64108564	0.17473809	12.73512070	-0.64138544
-0.09744300	12.81674745	-0.51321709	-0.09830704	12.81724733	-0.51375695
-0.20493712	12.84875759	-0.51706438	-0.20581212	12.84935581	-0.51758337
-0.20839994	12.91734781	-0.45684123	-0.20934061	12.91801454	-0.45744077
-0.09952713	12.87630072	-0.44314022	-0.10042099	12.87684971	-0.44370692
-0.31004896	12.86906489	-0.57685715	-0.31090597	12.86962127	-0.57737049
-0.40851242	12.87983476	-0.64457347	-0.40929055	12.88023948	-0.64510327
-0.42527081	12.90760673	-0.59288606	-0.42612178	12.90804047	-0.59346781
-0.31964144	12.92225845	-0.52193091	-0.32056349	12.92287826	-0.52251862
-0.49645853	12.88273054	-0.67268877	-0.49715338	12.88289165	-0.67325020
-0.57612765	12.87897866	-0.66114450	-0.57684660	12.87903900	-0.66173072
-0.57542983	12.88146865	-0.62577166	-0.57619437	12.88157886	-0.62634774
-0.51890094	12.89046811	-0.62456380	-0.51967809	12.89065535	-0.62514531
-0.65032551	12.87046886	-0.60974159	-0.65109531	12.87047860	-0.61031963
-0.69965220	12.85399996	-0.53030930	-0.70054133	12.85407126	-0.53083120
-0.66265885	12.87036881	-0.50198434	-0.66357774	12.87053711	-0.50253141
-0.62517245	12.87979569	-0.57872071	-0.62600233	12.87991414	-0.57930903
-0.70470543	12.82682470	-0.43510306	-0.70565555	12.82705616	-0.43543740
-0.67775312	12.78020098	-0.34526116	-0.67868227	12.78068933	-0.34545468
-0.65616217	12.78686935	-0.35816708	-0.65709319	12.78733160	-0.35841090
-0.66851355	12.83328684	-0.41845181	-0.66945587	12.83360079	-0.41884869
-0.63084737	12.70606932	-0.28207958	-0.63172024	12.70671834	-0.28219047
-0.55732473	12.64587876	-0.23341413	-0.55816218	12.64665154	-0.23352201
-0.53985833	12.70518686	-0.26472104	-0.54075905	12.70592914	-0.26495110
-0.61594569	12.74828495	-0.31459688	-0.61684607	12.74888786	-0.31480911
-0.45060594	12.64132104	-0.18596897	-0.45152732	12.64219985	-0.18622920
-0.32377549	12.62095210	-0.15004165	-0.32473671	12.62179073	-0.15046184
-0.30594372	12.67464623	-0.17893264	-0.30691991	12.67547431	-0.17939658
-0.43181292	12.69885028	-0.21588615	-0.43274712	12.69970229	-0.21624571
-0.18719595	12.51663238	-0.13663373	-0.18817822	12.51734538	-0.13712127
-0.03854441	12.40090881	-0.14382180	-0.03949842	12.40151357	-0.14423159
-0.03603707	12.47060198	-0.17490340	-0.03696270	12.47119804	-0.17531294
-0.17556339	12.57934200	-0.16546102	-0.17654608	12.58005962	-0.16595174
0.12271126	12.34058362	-0.16398504	0.12182397	12.34110700	-0.16423517
0.25128711	12.32206263	-0.18914207	0.25047530	12.32250505	-0.18922754
0.23083344	12.38174402	-0.24123370	0.23010161	12.38214505	-0.24138137
0.11309370	12.40786504	-0.20541116	0.11226700	12.40836897	-0.20566975
0.30132657	12.35626528	-0.21038919	0.30060877	12.35660883	-0.21045533
0.28676419	12.44006637	-0.27980053	0.28608367	12.44038975	-0.27992364
0.27866245	12.41227767	-0.26591284	0.27797819	12.41261163	-0.26603146
0.31299609	12.34644599	-0.22299531	0.31249302	12.34663876	-0.22304428
0.34620000	12.27620000	-0.23202000	0.34620000	12.27620000	-0.23202000
0.31894116	12.33326393	-0.29076444	0.31847717	12.33345099	-0.29075315
0.28592397	12.39842887	-0.28090492	0.28530743	12.39869955	-0.28099301
0.44425997	12.21770000	-0.27141000	0.44425997	12.21770000	-0.27141000
0.57587000	12.16340070	-0.32883000	0.57587000	12.16340070	-0.32883000
0.56922191	12.24311094	-0.38290314	0.56891623	12.24332103	-0.38279892
0.42730096	12.28623049	-0.32794012	0.42695023	12.28641867	-0.32790040
0.70622003	12.08180000	-0.39380000	0.70622003	12.08180000	-0.39380000
0.69975043	12.18139874	-0.44750306	0.69951162	12.18164861	-0.44733105
0.76320388	12.39375088	-1.04827819	0.76321353	12.39392113	-1.04804265
0.86544923	12.24506059	-1.04710029	0.86553427	12.24529161	-1.04673788
0.78250613	12.37726972	-0.86012500	0.78237691	12.37753095	-0.85985524
0.87453941	12.22366857	-0.90662306	0.87452588	12.22396778	-0.90624981
0.79513265	12.26279368	-0.67240802	0.79492919	12.26312381	-0.67211093
0.87435433	12.14988440	-0.75447479	0.87428985	12.15024286	-0.75410528
0.53325324	12.60835511	-0.90290570	0.53309619	12.60847791	-0.90286818
0.64673724	12.52243764	-0.99054804	0.64665102	12.52255326	-0.99043681
0.56439548	12.53890722	-0.69140733	0.56403708	12.53913861	-0.69133450
0.67742009	12.47898281	-0.78115457	0.67717477	12.47922374	-0.78098400
0.57016519	12.38683784	-0.51105297	0.56974797	12.38711184	-0.51093938
0.69198874	12.34050928	-0.58906109	0.69166952	12.34080460	-0.58885393
-0.21933587	12.91258573	-0.37212492	-0.22041261	12.91339520	-0.37277248
-0.11325079	12.86936665	-0.35640352	-0.11423533	12.87000353	-0.35700773
-0.24068750	12.85450943	-0.28567397	-0.24169501	12.85531175	-0.28631599
-0.13388451	12.80487214	-0.27231232	-0.13486366	12.80554804	-0.27290840
-0.01656457	12.73739709	-0.30776681	-0.01747317	12.73793934	-0.30826069
0.00660728	12.80355237	-0.40331150	0.00574964	12.80401917	-0.40381853
-0.27417517	12.76397743	-0.22288282	-0.27515790	12.76478592	-0.22344342
-0.15645712	12.69135599	-0.21009011	-0.15743217	12.69205829	-0.21061382
-0.02963204	12.60519544	-0.23098879	-0.03054534	12.60577348	-0.23142940
-0.55510757	12.91066467	-0.54354572	-0.55600166	12.91093064	-0.54417282
-0.58921204	12.90417171	-0.45189626	-0.59018377	12.90450804	-0.45250965
-0.48710148	12.92507672	-0.39059517	-0.48814196	12.92569576	-0.39123289
-0.45383750	12.93803296	-0.49609568	-0.45479813	12.93854832	-0.49675488
-0.60534913	12.83202084	-0.37283756	-0.60629233	12.83249290	-0.37327055
-0.51631467	12.82281849	-0.31433429	-0.51726675	12.82350661	-0.31478984
-0.33785795	12.93730355	-0.42825097	-0.33891578	12.93815088	-0.42888541
-0.36453549	12.90176380	-0.32971572	-0.36554121	12.90264737	-0.33035734
-0.39977192	12.80391516	-0.26112446	-0.40074719	12.80474671	-0.26165747
0.29272885	12.63959934	-0.65123636	0.29224297	12.63982177	-0.65139063
0.33449860	12.63626394	-0.67468995	0.33404144	12.63646935	-0.67480962
0.26635333	12.57257481	-0.50138155	0.26574422	12.57287199	-0.50155190
0.31274197	12.57163777	-0.51131656	0.31214011	12.57191974	-0.51146170
0.31685135	12.58963835	-0.49574746	0.31624667	12.58991960	-0.49588712
0.33548357	12.65056826	-0.66630031	0.33502149	12.65077660	-0.66642414
0.34269239	12.63304897	-0.68890691	0.34226530	12.63324094	-0.68901699
0.31929306	12.57542755	-0.51056420	0.31871200	12.57569986	-0.51069161
0.35170056	12.55570501	-0.55117194	0.35117102	12.55595999	-0.55126156
0.37210859	12.61442564	-0.73938840	0.37175859	12.61459477	-0.73946317
0.32659885	12.44092264	-0.39900080	0.32602933	12.44118864	-0.39906240
0.29418094	12.48775704	-0.37574807	0.29354198	12.48805833	-0.37587381
0.28843802	12.49187405	-0.37085485	0.28776254	12.49219798	-0.37099492
0.24093610	12.47760974	-0.35468322	0.24025627	12.47794951	-0.35484252
0.44497564	12.55425906	-0.61304212	0.44451266	12.55450332	-0.61305427
0.43845016	12.62188300	-0.81490030	0.43820890	12.62201452	-0.81490505
0.43332642	12.41247249	-0.44598759	0.43283225	12.41272568	-0.44596022
0.13695967	12.64050420	-0.40958721	0.13621720	12.64088948	-0.40990441
0.16333740	12.71094688	-0.53194411	0.16267365	12.71126821	-0.53225518
0.11840239	12.52333850	-0.29386632	0.11761024	12.52379513	-0.29415654
0.16325882	13.14559879	-0.39489856	0.16241985	13.14600621	-0.39550301
0.25875259	13.03162252	-0.12922211	0.25772890	13.03218140	-0.12969112
0.29804006	12.91760237	-0.08759751	0.29699732	12.91816521	-0.08797787
0.32709687	12.73756976	-0.09286892	0.32609518	12.73809908	-0.09314409
0.34712463	12.55812529	-0.12246925	0.34621489	12.55859976	-0.12264381
0.24108613	12.85860438	-0.81475205	0.24070800	12.85871748	-0.81506250
0.33825105	12.37542933	-0.18492792	0.33756619	12.37575832	-0.18499936
0.17615198	13.06169299	-0.58871922	0.17547249	13.06196305	-0.58923391
0.20194178	12.99171124	-0.68870721	0.20138987	12.99191196	-0.68914498
0.89638976	11.96118416	-0.57103441	0.89650791	11.96152534	-0.57075636
0.82720750	12.01970918	-0.45665878	0.82719217	12.01972035	-0.45665313
0.93990294	11.92439035	-0.70471557	0.93997039	11.92478921	-0.70429733
0.74599657	12.33174669	-1.28642990	0.74623435	12.33180407	-1.28620051
0.46148474	12.61950710	-1.16635286	0.46148975	12.61946874	-1.16636714
0.35366422	12.65797572	-1.05833399	0.35365321	12.65788880	-1.05837885
0.28742654	12.66178062	-0.96017778	0.28737722	12.66170690	-0.96025906
0.27315080	12.69190925	-0.89903988	0.27299277	12.69189713	-0.89917539
0.25662265	12.70321016	-0.88596013	0.25637994	12.70323401	-0.88612188
0.20829168	12.68915707	-0.86795726	0.20802672	12.68921349	-0.86816999
0.11979912	12.71121829	-0.75362170	0.11937949	12.71137130	-0.75395011
0.01139517	12.74484728	-0.62350637	0.01075608	12.74517762	-0.62395425
-0.19721417	12.78550550	-0.55793632	-0.19809449	12.78607476	-0.55842355
-0.30022837	12.82691452	-0.60794748	-0.30107787	12.82743580	-0.60842075
-0.48388418	12.88779691	-0.69489305	-0.48454872	12.88792995	-0.69544763
-0.56602712	12.89035930	-0.68364837	-0.56673627	12.89040924	-0.68425948
-0.71195531	12.85824554	-0.54184952	-0.71283579	12.85829490	-0.54240364
-0.18933071	12.52633382	-0.11458405	-0.19031596	12.52705580	-0.11507311
0.14045801	12.35627108	-0.13929550	0.13955172	12.35679556	-0.13952861
0.30887757	12.38403462	-0.22293394	0.30821771	12.38434232	-0.22301213
0.38301776	12.29401723	-0.19517869	0.38278593	12.29420649	-0.19514609
0.46908418	12.23738238	-0.23883544	0.46891331	12.23752094	-0.23884023
0.71409096	12.09181714	-0.37178178	0.71405356	12.09185145	-0.37176527
0.29507687	12.51496951	-0.36893403	0.29440580	12.51529115	-0.36907395
0.58385777	12.77804548	-0.54110950	0.58326234	12.77835830	-0.54111619
0.30499798	12.98966128	-0.53019389	0.30429790	12.98995949	-0.53055683
0.03352426	12.99578547	-0.26284279	0.03255593	12.99635324	-0.26347422
0.10210277	13.07824201	-0.30787247	0.10118517	13.07874140	-0.30849289
0.31919473	12.86905591	-0.29433335	0.31833034	12.86947228	-0.29464092
0.03048830	12.96836912	-0.42125366	0.02962038	12.96882645	-0.42183622
0.12403108	13.04605643	-0.41731718	0.12319925	13.04646745	-0.41788104
0.36685703	12.82382245	-0.69346549	0.36637445	12.82401903	-0.69365816
0.15821227	13.02960572	-0.17935588	0.15721449	13.03015686	-0.17991680
0.22062584	12.81537713	-0.79383753	0.22024065	12.81549919	-0.79413947
0.32984934	12.75870279	-0.53110684	0.32921314	12.75898972	-0.53131310
0.32903470	12.88706017	-0.84151133	0.32867688	12.88715755	-0.84177274
0.39387931	12.43639801	-0.24542403	0.39319307	12.43672320	-0.24547486
0.24570212	13.04728069	-0.44647591	0.24491417	13.04763217	-0.44693413
0.47655043	12.68514648	-0.66744626	0.47609909	12.68537938	-0.66747933
0.69830828	12.74960181	-0.77219331	0.69794018	12.74985825	-0.77209237
0.32760970	12.94037291	-0.20005920	0.32665522	12.94085723	-0.20041149
-0.42756982	12.91140278	-0.24452063	-0.42857918	12.91229658	-0.24515836
0.15404133	13.08211278	-0.24865141	0.15309559	13.08262292	-0.24923236
0.32419445	12.94675103	-0.68782903	0.32367019	12.94694602	-0.68813240
-0.51463859	12.91077012	-0.28482467	-0.51565195	12.91151808	-0.28542974
0.22916842	13.03207059	-0.32826266	0.22829174	13.03249479	-0.32874086
0.28979344	12.45996764	-0.20115137	0.28902336	12.46035904	-0.20130598
0.12005286	13.09945051	-0.36989530	0.11918942	13.09989512	-0.37050656
0.21112520	13.07785471	-0.48870611	0.21036772	13.07818877	-0.48921250
0.25455330	12.61319984	-0.24505889	0.25371848	12.61362774	-0.24530735
0.16843477	12.93804414	-0.50862905	0.16768799	12.93837991	-0.50907422
0.27804633	12.89134081	-0.83149423	0.27767853	12.89143589	-0.83179704
0.28476155	12.84061768	-0.83471755	0.28442010	12.84070895	-0.83497922
0.23196628	13.02246613	-0.54447977	0.23126313	13.02276133	-0.54492416
0.37628870	12.79986055	-0.19792111	0.37536579	12.80032338	-0.19816596
0.49795726	12.59248882	-0.43282278	0.49732299	12.59280470	-0.43283519
0.30576614	12.76098470	-0.88736631	0.30553533	12.76102148	-0.88754619
0.16194498	12.96522124	-0.64384331	0.16133793	12.96545985	-0.64429589
0.39088153	12.37619064	-0.22231646	0.39026052	12.37649957	-0.22234267
0.35787765	12.48421574	-0.31246615	0.35718958	12.48454183	-0.31254959
0.19531293	12.86912744	-0.18685797	0.19433809	12.86965690	-0.18729397
0.38972506	12.73029359	-0.90972175	0.38954658	12.73033902	-0.90981359
0.29741842	12.79326979	-0.84878659	0.29711782	12.79334755	-0.84900315
0.14639966	13.11449815	-0.28094200	0.14547841	13.11499238	-0.28154516
0.41474919	12.60714481	-0.24738080	0.41394582	12.60754473	-0.24749851
0.21583162	12.86042335	-0.77055458	0.21539976	12.86056715	-0.77088967
0.42806375	12.71340206	-0.82684536	0.42778605	12.71353307	-0.82690869
0.82734183	12.74528712	-0.86744577	0.82704122	12.74556109	-0.86726196
0.56624585	12.79150890	-0.92695813	0.56601095	12.79164559	-0.92697654
0.34109881	12.68661527	-0.19904638	0.34021060	12.68706346	-0.19927067
0.25124027	12.76355746	-0.18152791	0.25030176	12.76405011	-0.18186570
