0.85744840	12.73263216	-0.42177401	0.85846420	12.73205034	-0.42207564
0.82885144	12.87106197	-0.44949066	0.82994568	12.87052279	-0.44969996
0.90348949	12.83000436	-0.54871677	0.90433753	12.82945581	-0.54904826
0.93502680	12.69664607	-0.53503231	0.93578378	12.69606715	-0.53545454
0.78592417	12.96241049	-0.50881443	0.78697393	12.96193866	-0.50890756
0.86481278	12.91643903	-0.59080120	0.86565346	12.91594203	-0.59103571
0.91325565	12.87369041	-0.65177450	0.91395663	12.87319120	-0.65208618
0.95139406	12.80362597	-0.64675910	0.95204816	12.80309310	-0.64715214
0.98490960	12.67440611	-0.64858215	0.98547363	12.67384787	-0.64906320
0.71682352	12.76646101	-1.16395863	0.71679886	12.76641538	-1.16397661
0.83915281	12.71527021	-1.14336153	0.83912141	12.71510612	-1.14354845
0.80838853	12.82157162	-1.07381830	0.80847671	12.82139061	-1.07391605
0.68609869	12.86836066	-1.08925063	0.68616479	12.86827576	-1.08915289
0.94072268	12.68075542	-1.08156399	0.94074422	12.68046338	-1.08189802
0.90833689	12.79178391	-1.02219621	0.90848090	12.79149434	-1.02245115
0.86922527	12.86020531	-0.97095386	0.86945030	12.85991884	-0.97113380
0.79029545	12.90135857	-0.98538517	0.79050451	12.90112749	-0.98543481
0.66829734	12.94777637	-0.98943712	0.66849702	12.94762980	-0.98928423
0.60663708	12.82941458	-0.20612258	0.60832252	12.82889518	-0.20592640
0.58807618	12.96668051	-0.25271765	0.58977123	12.96620383	-0.25241673
0.72033438	12.91925046	-0.34774573	0.72172325	12.91873651	-0.34775164
0.74181387	12.77958191	-0.30827278	0.74315571	12.77902127	-0.30836824
0.55643143	13.05363220	-0.33617008	0.55798369	13.05322528	-0.33575548
0.68334615	13.01016985	-0.42252457	0.68463637	13.00972831	-0.42241099
0.46779414	12.88204279	-1.06042033	0.46785626	12.88209445	-1.05999563
0.59362863	12.82766586	-1.13476083	0.59363145	12.82769004	-1.13456007
0.56344691	12.91978907	-1.06150651	0.56353713	12.91977563	-1.06120518
0.44002921	12.96417470	-0.98480435	0.44021908	12.96418599	-0.98426201
0.54417237	12.99380463	-0.95907894	0.54441700	12.99372184	-0.95869026
0.42029798	13.03299277	-0.88123075	0.42067458	13.03294570	-0.88058291
0.00004486	12.98296769	-0.05326094	0.00251372	12.98272718	-0.05130023
-0.12882197	12.99537629	-0.07331660	-0.12639753	12.99527093	-0.07095562
-0.13201879	13.06920633	-0.11929215	-0.12969731	13.06912626	-0.11688847
-0.00676060	13.07082103	-0.09646002	-0.00437688	13.07062493	-0.09443690
-0.24839327	12.99758351	-0.10817934	-0.24608166	12.99759982	-0.10545380
-0.24997195	13.05941179	-0.15611115	-0.24777445	13.05945122	-0.15335790
-0.25210532	13.10120034	-0.22129451	-0.25009265	13.10126786	-0.21852213
-0.13494233	13.11673040	-0.18511031	-0.13280230	13.11669101	-0.18267873
-0.01275017	13.12552635	-0.16182870	-0.01053473	13.12538378	-0.15976318
0.03679614	12.97419416	-0.57911328	0.03767022	12.97430479	-0.57737350
0.02231765	13.03636394	-0.55272914	0.02329859	13.03645834	-0.55089034
-0.05831061	13.03843844	-0.54080248	-0.05731648	13.03857660	-0.53869263
-0.04451833	12.98236760	-0.55715679	-0.04360079	12.98251539	-0.55513018
0.00361153	13.08998910	-0.50449175	0.00476240	13.09005053	-0.50254501
-0.07925088	13.08443678	-0.50437238	-0.07812350	13.08455747	-0.50216289
-0.17285406	13.07755609	-0.51927479	-0.17180419	13.07773049	-0.51675949
-0.15081620	13.03681282	-0.55585699	-0.14989992	13.03700872	-0.55343790
-0.13648927	12.98570596	-0.57394487	-0.13564787	12.98591557	-0.57160585
0.98903410	12.28530992	-0.67579010	0.98918688	12.28474449	-0.67637568
0.96630083	12.06652694	-0.69161138	0.96618512	12.06599924	-0.69215016
0.91478464	12.09355409	-0.55571432	0.91483937	12.09308891	-0.55617270
0.93170701	12.29987891	-0.54022480	0.93206414	12.29933018	-0.54074014
0.83813810	12.14414034	-0.43360826	0.83839693	12.14379618	-0.43394147
0.84748071	12.32510642	-0.41415211	0.84802979	12.32459583	-0.41455519
0.97828316	12.37849654	-1.14479815	0.97800409	12.37813839	-1.14529659
0.88331765	12.43986058	-1.21292547	0.88305652	12.43963917	-1.21329014
0.87770015	12.28035188	-1.23836049	0.87722447	12.28013020	-1.23879315
0.96967739	12.18706956	-1.16069126	0.96916129	12.18670426	-1.16125226
0.75655122	12.51692170	-1.24050824	0.75640765	12.51686375	-1.24069981
0.75182801	12.39681008	-1.27251441	0.75148646	12.39675996	-1.27277664
0.86476198	12.17564508	-1.24643333	0.86414148	12.17543680	-1.24689776
0.94981812	12.05245765	-1.15891180	0.94914422	12.05210951	-1.15948751
0.99639542	12.49427932	-0.66067194	0.99678587	12.49370176	-0.66123007
0.94107551	12.51004509	-0.53382816	0.94166984	12.50946777	-0.53432791
0.85836871	12.53827369	-0.41105837	0.85920066	12.53769612	-0.41143744
0.86740634	12.58658374	-1.18539019	0.86728910	12.58641229	-1.18566923
0.96664217	12.54308294	-1.12051340	0.96652770	12.54276359	-1.12093347
0.74215956	12.64486467	-1.20930141	0.74205658	12.64483310	-1.20942665
0.60687554	12.41600661	-0.22606725	0.60785836	12.41551839	-0.22609141
0.60972666	12.63016684	-0.20245209	0.61116754	12.62964055	-0.20236798
0.74115043	12.58066121	-0.29846718	0.74226367	12.58009705	-0.29863114
0.73276314	12.36708311	-0.31004065	0.73352054	12.36659327	-0.31026313
0.46852833	12.70571050	-1.14978714	0.46848758	12.70581587	-1.14965963
0.61159760	12.61542765	-1.21929314	0.61152995	12.61547339	-1.21929268
0.60838881	12.71969049	-1.18530950	0.60833412	12.71973612	-1.18525058
0.47385225	12.78946860	-1.11506541	0.47385992	12.78955077	-1.11479654
0.58730131	12.17401006	-0.30191993	0.58740238	12.17390993	-0.30193797
0.60132030	12.27780013	-0.26323697	0.60187603	12.27743270	-0.26331727
0.72651218	12.21340422	-0.33916964	0.72692646	12.21304699	-0.33937036
0.59993184	12.48739367	-1.25188870	0.59978222	12.48745748	-1.25189301
0.60626348	12.53470704	-1.24347450	0.60615938	12.53475352	-1.24346284
0.46241045	12.64991379	-1.16589236	0.46236219	12.65000938	-1.16582366
0.00808967	12.70527309	-0.05397212	0.01032559	12.70502329	-0.05215236
-0.14098310	12.77459556	-0.05916963	-0.13869147	12.77451695	-0.05687494
-0.13049669	12.89701756	-0.05574758	-0.12807431	12.89690630	-0.05342389
0.00862586	12.85918482	-0.04208717	0.01107706	12.85889761	-0.04016802
-0.27747624	12.82610306	-0.08182584	-0.27520534	12.82614383	-0.07907022
-0.25862883	12.92103604	-0.08514401	-0.25629100	12.92105414	-0.08241400
0.03192383	12.84500374	-0.60936146	0.03265430	12.84516324	-0.60772354
0.03849497	12.91025932	-0.59627812	0.03929010	12.91039042	-0.59460088
-0.04197277	12.92065472	-0.56713281	-0.04111043	12.92082131	-0.56516525
-0.05046721	12.85586061	-0.57153719	-0.04965703	12.85604900	-0.56959663
-0.13356621	12.92844472	-0.58268761	-0.13277970	12.92866757	-0.58039792
-0.14344993	12.86760667	-0.58185908	-0.14268205	12.86784231	-0.57959159
-0.02428974	12.41071859	-0.11173778	-0.02269353	12.41059584	-0.11017316
-0.16291697	12.62790050	-0.07795692	-0.16085631	12.62785118	-0.07569817
-0.00847850	12.53544371	-0.08008989	-0.00661605	12.53526612	-0.07842907
-0.31487591	12.62121014	-0.11499472	-0.31289851	12.62130343	-0.11219426
-0.30080384	12.70867920	-0.09436626	-0.29867376	12.70875140	-0.09157403
0.02158123	12.77881752	-0.62158171	0.02224320	12.77900621	-0.61997426
-0.06993845	12.78935998	-0.56880094	-0.06914690	12.78956812	-0.56686775
-0.08738381	12.76217663	-0.54851764	-0.08654723	12.76237631	-0.54656030
-0.16743879	12.80495450	-0.56984865	-0.16665481	12.80519378	-0.56756416
-0.37159378	12.99529926	-0.15617962	-0.36944329	12.99542251	-0.15305845
-0.36429867	13.04584933	-0.20156010	-0.36226186	13.04598113	-0.19844923
-0.48238041	12.98895802	-0.21179031	-0.48041187	12.98918177	-0.20832626
-0.46307545	13.03010585	-0.25256220	-0.46121565	13.03031778	-0.24915194
-0.44155163	13.06383382	-0.30273268	-0.43983870	13.06404455	-0.29938243
-0.35511344	13.08344034	-0.26046726	-0.35324595	13.08358691	-0.25736971
-0.25516959	13.03485206	-0.57406238	-0.25433715	13.03510179	-0.57130885
-0.24118285	12.98984925	-0.59964712	-0.24044420	12.99011686	-0.59696286
-0.27486647	13.07091026	-0.53302785	-0.27388997	13.07113969	-0.53019301
-0.36955948	13.06248760	-0.54067576	-0.36863024	13.06274823	-0.53754712
-0.35523241	13.03175263	-0.58605257	-0.35446283	13.03203163	-0.58298172
-0.34596852	12.99381967	-0.62042010	-0.34531865	12.99412067	-0.61739770
-0.24281222	12.94149014	-0.61596194	-0.24214294	12.94177460	-0.61330119
-0.35378329	12.95518014	-0.64554618	-0.35322288	12.95550339	-0.64252529
-0.36863201	12.91806480	-0.65996299	-0.36813039	12.91840401	-0.65691959
-0.25562197	12.89201904	-0.62081567	-0.25498269	12.89231767	-0.61815410
-0.52612776	12.88287163	-0.17184218	-0.52409546	12.88312627	-0.16824641
-0.54613144	12.76089611	-0.17846029	-0.54421618	12.76117096	-0.17479253
-0.62277190	12.79807201	-0.23504336	-0.62101437	12.79839968	-0.23110439
-0.60479935	12.89403002	-0.23336882	-0.60296183	12.89434234	-0.22950748
-0.55430220	12.65634992	-0.19671693	-0.55253585	12.65663269	-0.19301246
-0.63004395	12.71558203	-0.24785968	-0.62840997	12.71591070	-0.24386456
-0.67929950	12.78605516	-0.31670307	-0.67781645	12.78639244	-0.31255223
-0.67307582	12.83821920	-0.31043296	-0.67152737	12.83855874	-0.30632523
-0.65718109	12.90128205	-0.31145314	-0.65559716	12.90160565	-0.30742125
-0.44441131	12.64603036	-0.14961471	-0.44249558	12.64622885	-0.14633363
-0.43308712	12.74211754	-0.12982569	-0.43102830	12.74229315	-0.12656983
-0.41069303	12.86129653	-0.12058150	-0.40851512	12.86144290	-0.11737363
-0.46459088	12.93396201	-0.66979061	-0.46413382	12.93430318	-0.66640141
-0.47159552	12.90711251	-0.68064745	-0.47118312	12.90746089	-0.67724869
-0.38082804	12.88478692	-0.66207346	-0.38034158	12.88513380	-0.65901515
-0.55093717	12.93872397	-0.64893331	-0.55040831	12.93903340	-0.64524316
-0.55585520	12.91223116	-0.66403939	-0.55537847	12.91254506	-0.66033913
-0.39159387	12.86792625	-0.65170245	-0.39107462	12.86826749	-0.64862678
-0.27532532	12.84375240	-0.61314273	-0.27467221	12.84405657	-0.61046058
0.90050404	12.88309313	-0.90253616	0.90083045	12.88274531	-0.90276502
0.80063871	12.95027657	-0.88728796	0.80100699	12.94998565	-0.88734691
0.91785871	12.89697976	-0.81396109	0.91832878	12.89656795	-0.81422650
0.82303932	12.96965022	-0.78302087	0.82357610	12.96929019	-0.78313118
0.71308103	13.02542805	-0.74029132	0.71371702	13.02511635	-0.74019894
0.68194896	13.00188941	-0.86918111	0.68234913	13.00165832	-0.86903271
0.91972192	12.89272412	-0.72222687	0.92031937	12.89225972	-0.72252337
0.84122968	12.96036339	-0.67678159	0.84194848	12.95993525	-0.67694394
0.74752965	13.01293204	-0.61350861	0.74840061	13.01253742	-0.61349614
1.00104713	12.66945445	-0.98741273	1.00115668	12.66904981	-0.98783806
0.96386493	12.79111484	-0.94167016	0.96409988	12.79073314	-0.94201507
1.02494301	12.66939410	-0.87642292	1.02517820	12.66891543	-0.87690512
0.98448886	12.79998752	-0.84514086	0.98485625	12.79953911	-0.84553479
1.01726835	12.66797187	-0.76316340	1.01766111	12.66743961	-0.76366352
0.97946606	12.79913353	-0.74581966	0.97997584	12.79863538	-0.74622925
0.56229882	13.04750442	-0.82245610	0.56279125	13.04732661	-0.82207439
0.60073996	13.07242809	-0.67381750	0.60152431	13.07216285	-0.67349514
0.47793384	13.11091037	-0.58921299	0.47891889	13.11067915	-0.58859479
0.43894706	13.08528491	-0.74101088	0.43960030	13.08515649	-0.74034002
0.64230111	13.06051209	-0.53622665	0.64336832	13.06015779	-0.53599955
0.51839954	13.10106049	-0.45152566	0.51970338	13.10074349	-0.45100094
-0.37737032	13.07941602	-0.48250150	-0.37623881	13.07964983	-0.47934156
-0.46101539	13.06108459	-0.49436916	-0.45994376	13.06133998	-0.49095620
-0.44160513	13.05015172	-0.53704424	-0.44067674	13.05041712	-0.53369023
-0.38869173	13.08489945	-0.41926387	-0.38735183	13.08511656	-0.41607110
-0.48266264	13.06253080	-0.44963178	-0.48144291	13.06277896	-0.44615330
-0.56734717	13.03635030	-0.47825741	-0.56624445	13.03661760	-0.47450525
-0.53012832	13.03870237	-0.51114861	-0.52912997	13.03897046	-0.50751381
-0.49274957	13.03743328	-0.53771934	-0.49183531	13.03770584	-0.53420357
-0.41339111	13.08093300	-0.35880986	-0.41185087	13.08114332	-0.35554213
-0.49583213	13.05781082	-0.39817753	-0.49444659	13.05805159	-0.39466037
-0.51015059	13.04285014	-0.34728785	-0.50859889	13.04309050	-0.34373257
-0.55611837	13.02609906	-0.37933277	-0.55469164	13.02636553	-0.37563213
-0.56855964	13.03165698	-0.42777843	-0.56728764	13.03191818	-0.42403135
-0.01082917	13.12812894	-0.42188624	-0.00941269	13.12815005	-0.41985512
-0.10265655	13.11599866	-0.43313682	-0.10129242	13.11608180	-0.43082817
-0.01877621	13.14870749	-0.32616206	-0.01706032	13.14866375	-0.32407578
-0.12222298	13.13292079	-0.34610609	-0.12057527	13.13296389	-0.34372044
-0.22382012	13.11618325	-0.37600184	-0.22229578	13.11630237	-0.37331326
-0.19889063	13.10340920	-0.45487217	-0.19762555	13.10355350	-0.45226558
-0.01804457	13.14968766	-0.23893232	-0.01605772	13.14959306	-0.23684046
-0.13236370	13.13555592	-0.26209050	-0.13045411	13.13555944	-0.25966322
-0.24254397	13.11775395	-0.29619292	-0.24076002	13.11785007	-0.29344427
0.98768530	11.97289583	-1.06293832	0.98705039	11.97247105	-1.06356788
1.01124567	12.11774564	-1.06095098	1.01076559	12.11729378	-1.06158135
0.99041660	11.92762750	-0.95754826	0.98989929	11.92716910	-0.95817042
1.01752163	12.07407786	-0.94679202	1.01714340	12.07358457	-0.94743159
1.03809412	12.29179283	-0.93109275	1.03794589	12.29127958	-0.93170814
1.02618688	12.32695721	-1.04677706	1.02594830	12.32650821	-1.04735568
0.97233495	11.91095677	-0.83832948	0.97194469	11.91048001	-0.83890186
1.00153631	12.05854636	-0.82318871	1.00128758	12.05802697	-0.82379484
1.02515541	12.28030428	-0.80675971	1.02514155	12.27974858	-0.80737712
1.02259551	12.51288590	-1.02185956	1.02255046	12.51245990	-1.02237125
1.04200521	12.49481608	-0.90706611	1.04207760	12.49431977	-0.90763426
1.03171330	12.48891503	-0.78586537	1.03193301	12.48836917	-0.78644999
-0.63625605	12.93273948	-0.59573240	-0.63555209	12.93300478	-0.59175160
-0.64318720	12.90315270	-0.60802590	-0.64252053	12.90341714	-0.60402151
-0.69298520	12.92141618	-0.51538173	-0.69202228	12.92166767	-0.51122362
-0.70349528	12.88532311	-0.52174484	-0.70255422	12.88557165	-0.51754736
-0.64502233	12.87979622	-0.60975060	-0.64435819	12.88006095	-0.60574024
-0.69343541	12.91067233	-0.41316731	-0.69215917	12.91096298	-0.40901473
-0.70681997	12.86561160	-0.41441432	-0.70557874	12.86590800	-0.41021228
-0.70972380	12.82997492	-0.41648764	-0.70851406	12.83026851	-0.41226189
-0.29032846	13.09235559	-0.47033027	-0.28914055	13.09254981	-0.46743584
-0.30754792	13.10147164	-0.39765497	-0.30611689	13.10163875	-0.39470121
-0.33269524	13.10022298	-0.32687304	-0.33103511	13.10037968	-0.32384290
-0.58488382	12.94656115	-0.24578980	-0.58305219	12.94685643	-0.24200147
-0.50386690	12.94930458	-0.18392971	-0.50182939	12.94954091	-0.18040260
-0.63972679	12.94156800	-0.32048817	-0.63814556	12.94187965	-0.31651605
-0.61680841	12.97135023	-0.33729685	-0.61526013	12.97164427	-0.33340267
-0.56209555	12.97881204	-0.27003420	-0.56032358	12.97908562	-0.26632219
-0.38840350	12.93971045	-0.12941078	-0.38620151	12.93983687	-0.12625331
-0.45136582	12.96475295	-0.65116494	-0.45083985	12.96508146	-0.64780531
-0.43917906	12.99673292	-0.62266894	-0.43854717	12.99704192	-0.61933573
-0.52303476	12.99542968	-0.60473843	-0.52235130	12.99572592	-0.60112875
-0.53926516	12.96730685	-0.63086998	-0.53867317	12.96761052	-0.62721374
-0.65159958	12.97851483	-0.50351849	-0.65059120	12.97877570	-0.49949937
-0.67595583	12.95106827	-0.50988705	-0.67497186	12.95132416	-0.50578793
-0.62234270	12.96085069	-0.58273164	-0.62159437	12.96111881	-0.57879857
-0.60128045	12.98784350	-0.56481597	-0.60046847	12.98811382	-0.56095035
-0.61949513	13.00767223	-0.49461912	-0.61845144	13.00793560	-0.49070147
-0.57369246	13.01395096	-0.53781231	-0.57278800	13.01422404	-0.53403568
-0.50439254	13.02072082	-0.56530015	-0.50357221	13.02100080	-0.56174679
-0.67606607	12.94390621	-0.41558240	-0.67478571	12.94418972	-0.41149110
-0.65181585	12.97210043	-0.42145893	-0.65054609	12.97237523	-0.41744942
-0.58485885	13.00270559	-0.36164407	-0.58338198	13.00298420	-0.35785321
-0.61826983	13.00235576	-0.43055492	-0.61701863	13.00262076	-0.42665001
-0.53474419	13.01373021	-0.30422753	-0.53306132	13.01398704	-0.30059737
-0.43513227	13.02697104	-0.58223470	-0.43435950	13.02725084	-0.57890190
0.19300794	13.11544929	-0.17425956	0.19513990	13.11517349	-0.17283167
0.16219122	13.15473101	-0.25884685	0.16410810	13.15452959	-0.25730356
0.18961475	13.14273152	-0.27416604	0.19146995	13.14252125	-0.27271454
0.22474255	13.10226804	-0.18649989	0.22682299	13.10198310	-0.18517753
0.14047195	13.16265997	-0.35365372	0.14210719	13.16253106	-0.35205145
0.16629708	13.15146492	-0.37115831	0.16787277	13.15133070	-0.36964198
0.19402210	13.13392882	-0.28435106	0.19583736	13.13372067	-0.28292054
0.22901720	13.09392024	-0.19305490	0.23107093	13.09363660	-0.19175077
0.20065732	13.14163361	-0.28548239	0.20247098	13.14142323	-0.28406556
0.23447371	13.10037789	-0.18795600	0.23654268	13.10008966	-0.18666382
0.18010233	13.14970848	-0.38858688	0.18162753	13.14957577	-0.38711710
0.22363274	13.15566585	-0.41530840	0.22508936	13.15551955	-0.41397501
0.24679075	13.14705359	-0.30414513	0.24854229	13.14681916	-0.30287197
0.28017189	13.10378206	-0.19958062	0.28219765	13.10347606	-0.19841845
0.27052486	12.92791067	-0.05638268	0.27289075	12.92751512	-0.05522017
0.23264965	13.04474171	-0.10078137	0.23495188	13.04440963	-0.09949838
0.26855537	13.03210041	-0.11294121	0.27080053	13.03175139	-0.11177378
0.30961004	12.91495553	-0.07073386	0.31188976	12.91456298	-0.06973715
0.27874810	13.03012723	-0.11364118	0.28097989	13.02977549	-0.11250351
0.32060048	12.91311870	-0.07434567	0.32284990	12.91272298	-0.07338200
0.32380982	13.02872718	-0.12181146	0.32600134	13.02835669	-0.12080642
0.36417522	12.90535616	-0.08100132	0.36638057	12.90493280	-0.08016082
0.38924694	12.71626494	-0.08667008	0.39126167	12.71579215	-0.08600031
0.34949091	12.72987218	-0.08149703	0.35156137	12.72942181	-0.08071253
0.40422618	12.52166494	-0.11932133	0.40578387	12.52121709	-0.11885593
0.36713026	12.54568040	-0.11392873	0.36876591	12.54525930	-0.11335151
0.33835902	12.73193656	-0.07656462	0.34046597	12.73148177	-0.07574842
0.35507859	12.54838614	-0.10884375	0.35674242	12.54796479	-0.10823580
0.30996925	12.56196021	-0.09001346	0.31173459	12.56154891	-0.08927120
0.29708374	12.74902575	-0.05961259	0.29930723	12.74857371	-0.05864932
0.26720286	12.78375060	-0.91488383	0.26737901	12.78386672	-0.91418984
0.25781795	12.85373912	-0.88899153	0.25807123	12.85383540	-0.88816390
0.23929191	12.85922848	-0.82935387	0.23963275	12.85930103	-0.82844054
0.24955445	12.79859450	-0.85389331	0.24981916	12.79868432	-0.85308751
0.24322090	12.92536136	-0.83759900	0.24358966	12.92542690	-0.83663718
0.22408585	12.92356631	-0.78146093	0.22454818	12.92362688	-0.78042601
0.23078486	12.91905940	-0.76370680	0.23127250	12.91911001	-0.76267715
0.25066627	12.80427786	-0.83299620	0.25095889	12.80436155	-0.83216565
0.22305867	12.85969757	-0.81444691	0.22340787	12.85979774	-0.81345616
0.22747675	12.80258673	-0.83810902	0.22774014	12.80271104	-0.83719192
0.21310269	12.92307284	-0.77139653	0.21356875	12.92314543	-0.77030481
0.17274760	12.93533224	-0.75592427	0.17324513	12.93543208	-0.75469291
0.17976413	12.86834684	-0.79519306	0.18014801	12.86847393	-0.79406230
0.18130634	12.80493708	-0.81690842	0.18160575	12.80509214	-0.81584836
0.27147553	12.71405873	-0.94110241	0.27155759	12.71423234	-0.94055367
0.25666986	12.73762850	-0.87893399	0.25685766	12.73774964	-0.87823478
0.25869561	12.75303365	-0.85627000	0.25891321	12.75313474	-0.85552321
0.27607407	12.71658835	-0.87024384	0.27624990	12.71668840	-0.86960507
0.23576929	12.74503419	-0.86571401	0.23594672	12.74517551	-0.86489476
0.18722776	12.73759821	-0.84719850	0.18742078	12.73778746	-0.84622168
0.29132975	12.32359472	-0.16033060	0.29251635	12.32329533	-0.15983486
0.30927348	12.41984533	-0.12553086	0.31066773	12.41949574	-0.12495818
0.35656897	12.41849652	-0.14263096	0.35786837	12.41813455	-0.14218635
0.34105916	12.34993840	-0.17598067	0.34213882	12.34966354	-0.17560083
0.36055762	12.43114016	-0.14985675	0.36185786	12.43078367	-0.14940897
0.36999943	12.41155448	-0.14791093	0.37124861	12.41118274	-0.14750336
0.35363189	12.34498322	-0.18237581	0.35449563	12.34474433	-0.18204416
0.40628306	12.37830785	-0.15701992	0.40738657	12.37789426	-0.15672515
0.12815006	13.13849792	-0.45904809	0.12946717	13.13844616	-0.45743760
0.15779820	13.12525211	-0.47373471	0.15907028	13.12518968	-0.47222620
0.12985355	13.08723299	-0.56795108	0.13084898	13.08725042	-0.56641062
0.16489146	13.07191374	-0.57943012	0.16585403	13.07191244	-0.57801012
0.16965466	13.11397942	-0.48080125	0.17090326	13.11391480	-0.47933939
0.17546220	13.12035875	-0.48099883	0.17671710	13.12028789	-0.47954994
0.18397850	13.06511794	-0.57603695	0.18495158	13.06509905	-0.57468431
0.20961437	13.07067880	-0.61585557	0.21050372	13.07065813	-0.61458802
0.21037917	13.12634896	-0.51415699	0.21155283	13.12627398	-0.51282271
0.22369657	13.00086355	-0.73534788	0.22429112	13.00089632	-0.73422409
0.20280166	12.99586274	-0.68679566	0.20348971	12.99589147	-0.68559193
0.18841527	12.99901938	-0.68602134	0.18909769	12.99906444	-0.68476029
0.15031991	13.01387791	-0.67389370	0.15102911	13.01394934	-0.67249442
0.40489678	13.08649332	-0.25556700	0.40671952	13.08614782	-0.25476560
0.44134881	13.00544535	-0.17284178	0.44333542	13.00503137	-0.17216639
0.47021349	12.87446070	-0.12791557	0.47219411	12.87399376	-0.12737635
0.31501060	12.99056312	-0.85569379	0.31539048	12.99057091	-0.85485190
0.33795105	12.91300073	-0.94604593	0.33817013	12.91305854	-0.94535195
0.29840961	13.05940485	-0.74260015	0.29903411	13.05937046	-0.74163777
0.15044412	12.95519103	-0.04918172	0.15287283	12.95483501	-0.04766583
0.12779044	13.06000554	-0.09278667	0.13015073	13.05971100	-0.09117176
0.10524631	13.12427076	-0.16205835	0.10743915	13.12404364	-0.16034997
0.09337771	13.02725041	-0.61337606	0.09422521	13.02732207	-0.61178107
0.07461457	13.09209670	-0.53435833	0.07569380	13.09213276	-0.53263740
0.11153159	12.95554094	-0.66879805	0.11222063	12.95564409	-0.66734304
0.48409542	12.67929130	-0.12948469	0.48586794	12.67879387	-0.12909579
0.49107766	12.47078979	-0.15950007	0.49238507	12.47029906	-0.15925407
0.34632071	12.83248447	-1.00024815	0.34642147	12.83258204	-0.99971961
0.34680070	12.75780179	-1.03041095	0.34683355	12.75795630	-1.03001385
0.48903654	12.33435430	-0.19906356	0.48981277	12.33393697	-0.19899316
0.34516488	12.69799239	-1.05013079	0.34512672	12.69817629	-1.04986523
0.16836068	12.46652599	-0.09969469	0.17000055	12.46624259	-0.09865910
0.17608862	12.62194788	-0.06867755	0.17807694	12.62159681	-0.06749334
0.11180709	12.75522499	-0.74047038	0.11220563	12.75541717	-0.73921358
0.11262236	12.82368605	-0.71621410	0.11311906	12.82384621	-0.71489264
0.17065053	12.79966169	-0.04419286	0.17312458	12.79919545	-0.04266758
0.11526668	12.88896087	-0.69772934	0.11584546	12.88909013	-0.69634905
0.33748951	13.14085341	-0.49277434	0.33872378	13.14067821	-0.49179410
0.30976833	13.11312137	-0.61971327	0.31068707	13.11301989	-0.61870283
0.36969987	13.13167245	-0.36697118	0.37125095	13.13140452	-0.36606169
0.07374399	13.16031511	-0.33363422	0.07544510	13.16021274	-0.33182567
0.06893882	13.13751604	-0.43604135	0.07031911	13.13748962	-0.43424998
0.08654119	13.15662729	-0.24240517	0.08851557	13.15646505	-0.24063076
0.88100238	11.96405344	-0.58698855	0.88081717	11.96369167	-0.58730088
0.81676000	12.01719950	-0.47386000	0.81676000	12.01719950	-0.47386000
0.92109472	11.93581872	-0.71696037	0.92083361	11.93536666	-0.71742267
0.90911882	12.00231665	-0.72167341	0.90891883	12.00185893	-0.72213893
0.87428068	12.04918856	-0.63471353	0.87419446	12.04876098	-0.63511884
0.80710125	12.11226411	-0.53095734	0.80718697	12.11193999	-0.53127134
0.95383974	11.92848202	-0.84172206	0.95346241	11.92801939	-0.84227261
0.97254781	11.94464125	-0.95334336	0.97205087	11.94419542	-0.95394024
0.94150326	12.06280630	-0.93629676	0.94113319	12.06238102	-0.93684480
0.92765340	12.03222233	-0.81846453	0.92738985	12.03176946	-0.81898279
0.97149361	11.98726527	-1.04651185	0.97089630	11.98685115	-1.04711637
0.93679779	12.06248582	-1.13307853	0.93616542	12.06214274	-1.13363753
0.91425316	12.12531097	-1.11044079	0.91372086	12.12498668	-1.11096006
0.93847360	12.09807726	-1.03408977	0.93800969	12.09769296	-1.03463848
0.85637221	12.18144445	-1.22348682	0.85578327	12.18123852	-1.22394103
0.74047769	12.33323943	-1.27297721	0.74004347	12.33320270	-1.27326894
0.74505356	12.36119804	-1.20112653	0.74472894	12.36111259	-1.20140075
0.85520210	12.22715486	-1.16069991	0.85473781	12.22692149	-1.16113338
0.60045613	12.48343915	-1.23778482	0.60031474	12.48349700	-1.23779017
0.47078778	12.61423343	-1.15237269	0.47073795	12.61430629	-1.15232410
0.49420000	12.61570000	-1.07906000	0.49420000	12.61570000	-1.07906000
0.61447000	12.50220000	-1.16283000	0.61447000	12.50220000	-1.16283000
0.38268502	12.64803293	-1.04904713	0.38264116	12.64814360	-1.04893408
0.33211862	12.64837564	-0.95553098	0.33211940	12.64852221	-0.95529843
0.37140000	12.64100070	-0.89641000	0.37140000	12.64100070	-0.89641000
0.41679000	12.64250090	-0.98287004	0.41679000	12.64250090	-0.98287004
0.31476940	12.67960326	-0.89487430	0.31488769	12.67969689	-0.89445119
0.31116461	12.70678580	-0.86677006	0.31134309	12.70684179	-0.86625139
0.34000394	12.69408654	-0.80980150	0.34025203	12.69408076	-0.80932729
0.34882551	12.66912292	-0.83825230	0.34902920	12.66911634	-0.83790705
0.30197123	12.69416772	-0.87052012	0.30211725	12.69423472	-0.86995917
0.25914678	12.68419458	-0.84014091	0.25932692	12.68431698	-0.83942576
0.30032703	12.68069386	-0.77122567	0.30064045	12.68073266	-0.77060721
0.33876312	12.68270112	-0.80845056	0.33899221	12.68269656	-0.80796399
0.15462430	12.71932367	-0.70944300	0.15506720	12.71946759	-0.70833483
0.02513537	12.77218797	-0.56585611	0.02593083	12.77233509	-0.56424879
0.03046175	12.80925635	-0.48853761	0.03148157	12.80933878	-0.48688878
0.17969517	12.73385086	-0.63424758	0.18030330	12.73392794	-0.63317078
-0.09019816	12.81457626	-0.50056787	-0.08919322	12.81472897	-0.49853197
-0.19757744	12.84669778	-0.50283891	-0.19657259	12.84689041	-0.50040535
-0.19995904	12.91467411	-0.44187776	-0.19874697	12.91482788	-0.43937231
-0.09118005	12.87353738	-0.42993190	-0.08994495	12.87363296	-0.42781433
-0.30319852	12.86779641	-0.56149711	-0.30237873	12.86806430	-0.55869939
-0.40226366	12.87978511	-0.62832247	-0.40166547	12.88010747	-0.62518900
-0.41833822	12.90693186	-0.57605131	-0.41756173	12.90721885	-0.57283547
-0.31190860	12.92038724	-0.50582000	-0.31090351	12.92061777	-0.50295073
-0.49054597	12.88336197	-0.65556063	-0.49004218	12.88369323	-0.65210744
-0.57013539	12.87970386	-0.64319400	-0.56958160	12.88000208	-0.63944630
-0.56890757	12.88164461	-0.60773168	-0.56823862	12.88193236	-0.60399009
-0.51235329	12.89045498	-0.60700677	-0.51168595	12.89075341	-0.60346951
-0.64357672	12.87074582	-0.59102482	-0.64285112	12.87100707	-0.58702031
-0.69172440	12.85332619	-0.51112755	-0.69075478	12.85357516	-0.50695591
-0.65431779	12.86922518	-0.48293318	-0.65326369	12.86948083	-0.47889562
-0.61794192	12.87948068	-0.56010415	-0.61711715	12.87974401	-0.55618806
-0.69552542	12.82508922	-0.41597610	-0.69431809	12.82537738	-0.41179389
-0.66766656	12.77746701	-0.32684629	-0.66622539	12.77779332	-0.32273304
-0.64617948	12.78418250	-0.33989895	-0.64477546	12.78449265	-0.33586389
-0.65913025	12.83126838	-0.39959747	-0.65786671	12.83155137	-0.39553642
-0.62019236	12.70246460	-0.26495324	-0.61863285	12.70277899	-0.26098744
-0.54639881	12.64164551	-0.21724843	-0.54472420	12.64191383	-0.21356397
-0.52899941	12.70121836	-0.24809813	-0.52738252	12.70147592	-0.24449105
-0.60554742	12.74500550	-0.29708172	-0.60404870	12.74530322	-0.29318351
-0.43904087	12.63658906	-0.17057988	-0.43720603	12.63678679	-0.16731828
-0.31181413	12.61599012	-0.13576473	-0.30991484	12.61609993	-0.13298470
-0.29413820	12.66985060	-0.16440960	-0.29228033	12.66996132	-0.16166157
-0.42042581	12.69435563	-0.20010019	-0.41864522	12.69453898	-0.19690486
-0.17566449	12.51163322	-0.12489179	-0.17391920	12.51164263	-0.12272380
-0.02786125	12.39569105	-0.13563235	-0.02636399	12.39560066	-0.13407689
-0.02562872	12.46577856	-0.16605995	-0.02412935	12.46572045	-0.16443747
-0.16410359	12.57455357	-0.15327951	-0.16236959	12.57458227	-0.15108500
0.13251262	12.33550484	-0.15931074	0.13380170	12.33531646	-0.15835634
0.26023705	12.31780828	-0.18671282	0.26135323	12.31756556	-0.18614392
0.23866264	12.37819079	-0.23776511	0.23969494	12.37804615	-0.23706934
0.12223879	12.40342119	-0.19975129	0.12348750	12.40329456	-0.19867228
0.30915669	12.35302104	-0.20836621	0.31017573	12.35281653	-0.20790405
0.29395806	12.43722969	-0.27677435	0.29495264	12.43710876	-0.27618479
0.28591746	12.40930547	-0.26300099	0.28690106	12.40917568	-0.26241539
0.31851463	12.34479735	-0.22121883	0.31929203	12.34473473	-0.22083134
0.34620000	12.27620000	-0.23202000	0.34620000	12.27620000	-0.23202000
0.32367897	12.33187208	-0.28978219	0.32431096	12.33188659	-0.28949566
0.29239212	12.39619948	-0.27845694	0.29327913	12.39614817	-0.27794303
0.44425997	12.21770000	-0.27141000	0.44425997	12.21770000	-0.27141000
0.57587000	12.16340070	-0.32883000	0.57587000	12.16340070	-0.32883000
0.57220765	12.24114215	-0.38372945	0.57255686	12.24093671	-0.38379730
0.43080535	12.28459491	-0.32785234	0.43124159	12.28448239	-0.32775267
0.70622003	12.08180000	-0.39380000	0.70622003	12.08180000	-0.39380000
0.70205619	12.17912839	-0.44905255	0.70229987	12.17884582	-0.44924885
0.76281957	12.39281495	-1.05019233	0.76266380	12.39262603	-1.05045418
0.86431369	12.24359824	-1.05024049	0.86398493	12.24330378	-1.05067308
0.78326609	12.37547760	-0.86234033	0.78327307	12.37518446	-0.86264241
0.87419290	12.22159355	-0.90989085	0.87400027	12.22122332	-0.91033957
0.79676027	12.26022772	-0.67503021	0.79688083	12.25985411	-0.67538299
0.87453741	12.14720883	-0.75772748	0.87444099	12.14678044	-0.75817395
0.53405566	12.60760124	-0.90247902	0.53414173	12.60750891	-0.90240961
0.64704009	12.52182526	-0.99119268	0.64704007	12.52172489	-0.99127456
0.56720480	12.53724240	-0.69121088	0.56754987	12.53705799	-0.69115487
0.67915364	12.47728555	-0.78218823	0.67932919	12.47704698	-0.78231981
0.57404589	12.38455188	-0.51154965	0.57451639	12.38431249	-0.51156500
0.69479188	12.33808355	-0.59071486	0.69509735	12.33777391	-0.59092010
-0.20960134	12.90907093	-0.35688941	-0.20814210	12.90919122	-0.35434620
-0.10357303	12.86582970	-0.34289097	-0.10210146	12.86588897	-0.34071473
-0.22992197	12.85041800	-0.27045049	-0.22823784	12.85051887	-0.26785407
-0.12306145	12.80076154	-0.25865097	-0.12138350	12.80080046	-0.25641444
-0.00686463	12.73394961	-0.29652112	-0.00539838	12.73397950	-0.29471632
0.01514310	12.80065323	-0.39215591	0.01641197	12.80069417	-0.39041660
-0.26274202	12.75945181	-0.20800592	-0.26093725	12.75955369	-0.20533030
-0.14502140	12.68683129	-0.19708264	-0.14327467	12.68686292	-0.19484123
-0.01934557	12.60098420	-0.22084924	-0.01782532	12.60096902	-0.21911219
-0.54734292	12.90962868	-0.52520478	-0.54640380	12.90989634	-0.52153367
-0.58018215	12.90222863	-0.43311189	-0.57896653	12.90248204	-0.42933242
-0.47729966	12.92215070	-0.37250039	-0.47588802	12.92238524	-0.36906804
-0.44548478	12.93615438	-0.47837266	-0.44439334	12.93640264	-0.47504214
-0.59546114	12.82931334	-0.35454636	-0.59406117	12.82959209	-0.35070646
-0.50579117	12.81929801	-0.29683557	-0.50422015	12.81953630	-0.29330951
-0.32868854	12.93431610	-0.41161421	-0.32738488	12.93451110	-0.40867474
-0.35420976	12.89799031	-0.31291787	-0.35262152	12.89817043	-0.30990163
-0.38871789	12.79972810	-0.24471642	-0.38699035	12.79990094	-0.24160570
0.29648041	12.63849045	-0.64707187	0.29697808	12.63849858	-0.64638714
0.33790214	12.63515040	-0.67126259	0.33834589	12.63512619	-0.67069593
0.27172282	12.57077108	-0.49697309	0.27244006	12.57075660	-0.49620900
0.31797854	12.56978126	-0.50761670	0.31867057	12.56972840	-0.50697465
0.32232639	12.58770692	-0.49204866	0.32307245	12.58764549	-0.49141683
0.33906108	12.64939857	-0.66281216	0.33954115	12.64936993	-0.66224470
0.34592376	12.63199729	-0.68568749	0.34634985	12.63197478	-0.68515897
0.32446202	12.57363171	-0.50707494	0.32515782	12.57358202	-0.50646581
0.35627114	12.55404677	-0.54829501	0.35686792	12.55398604	-0.54778166
0.37466647	12.61356611	-0.73681348	0.37499445	12.61354840	-0.73638629
0.33220072	12.43892959	-0.39675688	0.33294426	12.43887824	-0.39629548
0.30059154	12.48538149	-0.37247556	0.30146876	12.48530654	-0.37186720
0.29503346	12.48929590	-0.36734037	0.29593389	12.48920224	-0.36669514
0.24761859	12.47509450	-0.35066380	0.24852532	12.47504392	-0.34990946
0.44882416	12.55257126	-0.61141128	0.44931809	12.55245236	-0.61110774
0.43994921	12.62119844	-0.81354705	0.44013291	12.62115715	-0.81332225
0.43803375	12.41047516	-0.44526108	0.43863117	12.41034316	-0.44505735
0.14423766	12.63812802	-0.40225704	0.14527004	12.63814217	-0.40104823
0.16915009	12.70929326	-0.52479112	0.16997115	12.70934115	-0.52364857
0.12669084	12.51997218	-0.28720830	0.12784618	12.51993201	-0.28602900
0.17242848	13.14207584	-0.38359288	0.17396432	13.14194593	-0.38210492
0.27180536	13.02587214	-0.12021339	0.27401634	13.02552581	-0.11905841
0.31177599	12.91165632	-0.08018906	0.31401164	12.91126965	-0.07920313
0.34060589	12.73138495	-0.08708701	0.34266709	12.73094153	-0.08627734
0.35816586	12.55281845	-0.11872744	0.35980573	12.55240981	-0.11812598
0.24352490	12.85829914	-0.80843312	0.24389541	12.85836418	-0.80751389
0.34593577	12.37218599	-0.18299298	0.34698698	12.37192934	-0.18259429
0.18213756	13.05994925	-0.57883542	0.18309961	13.05993464	-0.57748002
0.20633340	12.99061598	-0.68021348	0.20703138	12.99064062	-0.67901977
0.89527011	11.95865242	-0.57359993	0.89508559	11.95828313	-0.57392155
0.82737100	12.01959281	-0.45672112	0.82739774	12.01958117	-0.45673237
0.93838020	11.92138549	-0.70842246	0.93810852	11.92092164	-0.70889385
0.74383547	12.33188780	-1.28850867	0.74338264	12.33185578	-1.28880563
0.46114343	12.62013782	-1.16592981	0.46108719	12.62022468	-1.16586780
0.35334791	12.65903533	-1.05712658	0.35329817	12.65919534	-1.05693609
0.28756812	12.66278722	-0.95785078	0.28758488	12.66297701	-0.95746751
0.27399261	12.69240646	-0.89560384	0.27412057	12.69254364	-0.89504610
0.25730563	12.70354742	-0.88151042	0.25741766	12.70367314	-0.88077754
0.20927894	12.68964630	-0.86258581	0.20940245	12.68983420	-0.86171416
0.12250834	12.71119067	-0.74622157	0.12286527	12.71138738	-0.74503432
0.01638453	12.74376218	-0.61351114	0.01704051	12.74395717	-0.61191403
-0.19057781	12.78375749	-0.54409784	-0.18971729	12.78397821	-0.54176420
-0.29392019	12.82595013	-0.59301348	-0.29320477	12.82624170	-0.59029110
-0.47822073	12.88879070	-0.67788078	-0.47779989	12.88913591	-0.67446934
-0.56029681	12.89137417	-0.66564692	-0.55982154	12.89168631	-0.66193231
-0.70416598	12.85775163	-0.52248226	-0.70322726	12.85799805	-0.51827170
-0.17743870	12.52111026	-0.10270419	-0.17560525	12.52109706	-0.10051486
0.15064290	12.35093293	-0.13469936	0.15202148	12.35069585	-0.13377138
0.31608126	12.38115814	-0.22074403	0.31706570	12.38098713	-0.22027663
0.38546925	12.29194227	-0.19523226	0.38577747	12.29172096	-0.19520968
0.47083480	12.23587394	-0.23869524	0.47104905	12.23569975	-0.23866939
0.71444559	12.09148562	-0.37194484	0.71449046	12.09144512	-0.37196759
0.30182665	12.51237159	-0.36539594	0.30276148	12.51226911	-0.36475599
0.58940627	12.77536633	-0.53974511	0.59023588	12.77506361	-0.53958832
0.31160474	12.98722765	-0.52309379	0.31265806	12.98709470	-0.52215432
0.04477710	12.99105707	-0.25029334	0.04661966	12.99093015	-0.24848643
0.11260106	13.07392081	-0.29591181	0.11435510	13.07377330	-0.29427107
0.32922114	12.86481907	-0.28785360	0.33079945	12.86453814	-0.28698400
0.03918237	12.96530909	-0.40921695	0.04053489	12.96530497	-0.40745076
0.13272230	13.04286967	-0.40621656	0.13412872	13.04279136	-0.40468299
0.37059278	12.82240236	-0.68912665	0.37115013	12.82230854	-0.68851241
0.17063723	13.02402279	-0.16848332	0.17272860	13.02374855	-0.16702171
0.22318191	12.81510244	-0.78751316	0.22355740	12.81519451	-0.78656300
0.33569362	12.75658382	-0.52628981	0.33655448	12.75648004	-0.52557587
0.33126067	12.88649002	-0.83637865	0.33160689	12.88647789	-0.83566269
0.40136369	12.43312651	-0.24365750	0.40239797	12.43286141	-0.24330240
0.25377764	13.04421399	-0.43764007	0.25509645	13.04406591	-0.43647576
0.48011412	12.68346308	-0.66553101	0.48060880	12.68330675	-0.66524132
0.70090430	12.74768326	-0.77231359	0.70128210	12.74740293	-0.77236358
0.33932755	12.93534931	-0.19307043	0.34123367	12.93500579	-0.19216670
-0.41619309	12.90702952	-0.22694783	-0.41432446	12.90721745	-0.22371911
0.16537830	13.07718957	-0.23746098	0.16730086	13.07696697	-0.23596849
0.32840393	12.94534840	-0.68180399	0.32906989	12.94527553	-0.68098821
-0.50367179	12.90691823	-0.26650547	-0.50193213	12.90716109	-0.26298774
0.23904690	13.02790076	-0.31895034	0.24067492	13.02767964	-0.31772508
0.29851671	12.45606727	-0.19771997	0.29976586	12.45583204	-0.19709872
0.12957421	13.09575781	-0.35818510	0.13115479	13.09564112	-0.35659454
0.21864894	13.07519323	-0.47907679	0.21988062	13.07509555	-0.47779600
0.26417334	12.60912028	-0.23963285	0.26559155	12.60890692	-0.23876368
0.17537976	12.93584043	-0.49954512	0.17644979	12.93581481	-0.49824603
0.28038553	12.89093008	-0.82553876	0.28074897	12.89095994	-0.82469243
0.28690424	12.84025179	-0.82937965	0.28722983	12.84028595	-0.82860621
0.23849551	13.02029737	-0.53586086	0.23954109	13.02022364	-0.53469389
0.38751398	12.79494159	-0.19273765	0.38925471	12.79456369	-0.19204043
0.50423400	12.58961949	-0.43143671	0.50511598	12.58934807	-0.43120457
0.30708748	12.76096049	-0.88347909	0.30728850	12.76101510	-0.88289335
0.16695903	12.96396338	-0.63476641	0.16773636	12.96400308	-0.63346611
0.39763163	12.37305069	-0.22108438	0.39854057	12.37276702	-0.22080886
0.36513304	12.48124690	-0.31002987	0.36613771	12.48105651	-0.30956562
0.20753306	12.86352678	-0.17739395	0.20946949	12.86322374	-0.17608067
0.39076070	12.73003763	-0.90760251	0.39091602	12.73002523	-0.90728991
0.29922379	12.79298318	-0.84423881	0.29949416	12.79301978	-0.84356386
0.15726125	13.10988504	-0.26942613	0.15911256	13.10969075	-0.26789540
0.42407561	12.60301517	-0.24440508	0.42544642	12.60267923	-0.24394198
0.21881086	12.85995197	-0.76368084	0.21925826	12.86002470	-0.76266739
0.42977568	12.71249975	-0.82472598	0.43001158	12.71242005	-0.82441108
0.82925464	12.74341036	-0.86854206	0.82953528	12.74309139	-0.86874086
0.56729543	12.79062725	-0.92555553	0.56745361	12.79049856	-0.92537650
0.35177982	12.68186735	-0.19418841	0.35339155	12.68152925	-0.19347580
0.26313668	12.75814295	-0.17416251	0.26496132	12.75781494	-0.17311445
