0.83576437	12.74446663	-0.41589920	0.83410651	12.74534308	-0.41536019
0.80258792	12.88187046	-0.44462496	0.80049679	12.88266168	-0.44410654
0.88271395	12.84258592	-0.54151874	0.88101139	12.84359028	-0.54085748
0.91869977	12.71007579	-0.52686539	0.91740792	12.71115962	-0.52617778
0.75828811	12.97145051	-0.50542604	0.75601742	12.97210652	-0.50496785
0.84231840	12.92771568	-0.58485738	0.84042542	12.92861607	-0.58424903
0.89443617	12.88610505	-0.64453803	0.89282364	12.88714522	-0.64385709
0.93485609	12.81714989	-0.63842638	0.93345387	12.81829342	-0.63769391
0.97232654	12.68863388	-0.63931844	0.97129543	12.68984688	-0.63855642
0.71449232	12.77005094	-1.16246364	0.71413972	12.77049246	-1.16221638
0.83728565	12.72244152	-1.13897023	0.83698137	12.72321072	-1.13852858
0.80287201	12.82850975	-1.07044724	0.80222996	12.82922680	-1.07003857
0.68044161	12.87212083	-1.08921019	0.67976907	12.87254409	-1.08901173
0.93818573	12.69128368	-1.07467549	0.93785061	12.69234647	-1.07406010
0.90202125	12.80170006	-1.01610674	0.90133449	12.80268036	-1.01552168
0.86019545	12.86946269	-0.96582021	0.85926633	12.87035561	-0.96527648
0.78093093	12.90875214	-0.98241020	0.77995262	12.90946861	-0.98199722
0.65832112	12.95202468	-0.98982066	0.65727253	12.95244624	-0.98961161
0.57136927	12.83444183	-0.20911162	0.56878199	12.83453612	-0.20910297
0.54836131	12.97033698	-0.25736335	0.54531598	12.97032091	-0.25740382
0.68746516	12.92718224	-0.34671583	0.68490267	12.92763845	-0.34642862
0.71356883	12.78859788	-0.30614522	0.71146255	12.78914046	-0.30583514
0.51640627	13.05538324	-0.34235999	0.51323193	13.05523554	-0.34245373
0.64963396	13.01616829	-0.42301609	0.64691388	13.01648353	-0.42278509
0.46199794	12.88016233	-1.06649181	0.46132073	12.88005022	-1.06668544
0.59013470	12.82844370	-1.13707993	0.58966237	12.82861148	-1.13705732
0.55634752	12.92052511	-1.06488312	0.55553802	12.92065621	-1.06488531
0.42951792	12.96157605	-0.99220626	0.42843553	12.96136043	-0.99243625
0.53197885	12.99444529	-0.96326280	0.53074153	12.99451428	-0.96327295
0.40401322	13.02943202	-0.88995612	0.40246839	13.02908022	-0.89022822
-0.05038344	12.96221035	-0.08694268	-0.05416116	12.95956342	-0.08879007
-0.17795371	12.96841288	-0.11217912	-0.18170358	12.96513023	-0.11442445
-0.18204612	13.04123005	-0.15943617	-0.18600978	13.03789416	-0.16172481
-0.05890254	13.04867482	-0.13179180	-0.06296596	13.04594788	-0.13369844
-0.29530191	12.96516815	-0.15119857	-0.29893177	12.96127489	-0.15382107
-0.29737419	13.02615783	-0.20012374	-0.30115224	13.02222583	-0.20277939
-0.29846228	13.06688715	-0.26594198	-0.30223604	13.06291765	-0.26861466
-0.18418559	13.08747011	-0.22600242	-0.18816513	13.08409139	-0.22830977
-0.06437392	13.10184880	-0.19816644	-0.06848870	13.09905866	-0.20010097
0.01010015	12.94808322	-0.60963999	0.00801988	12.94567598	-0.61123141
-0.00871609	13.00916063	-0.58491696	-0.01117281	13.00663001	-0.58657957
-0.09016811	13.00712180	-0.57715347	-0.09266399	13.00414228	-0.57911583
-0.07326873	12.95165267	-0.59217510	-0.07544581	12.94876980	-0.59407514
-0.03194158	13.06154446	-0.53845661	-0.03480674	13.05885085	-0.54021171
-0.11440696	13.05255989	-0.54219135	-0.11723330	13.04945366	-0.54424071
-0.20701836	13.04189313	-0.56044915	-0.20974422	13.03830424	-0.56279014
-0.18206841	13.00163577	-0.59557757	-0.18448105	12.99817612	-0.59782877
-0.16496413	12.95103322	-0.61236001	-0.16706611	12.94766565	-0.61454704
0.98905337	12.29894223	-0.66600190	0.98912996	12.30009966	-0.66527223
0.97313134	12.07912621	-0.68285139	0.97375225	12.08018393	-0.68223121
0.91670839	12.10303353	-0.54852561	0.91692791	12.10377273	-0.54803127
0.92796456	12.31147198	-0.53193034	0.92777802	12.31239172	-0.53132994
0.83612320	12.14983871	-0.42884430	0.83606776	12.15023386	-0.42853138
0.84055524	12.33444428	-0.40784318	0.84016356	12.33512018	-0.40738939
0.98488596	12.39062016	-1.13626648	0.98544131	12.39185329	-1.13558402
0.88885333	12.44857393	-1.20655760	0.88930405	12.44950992	-1.20603221
0.88886142	12.28907548	-1.23129030	0.88984923	12.29002932	-1.23074688
0.98266340	12.19923917	-1.15173196	0.98381448	12.20048344	-1.15105314
0.75888935	12.52078533	-1.23690720	0.75904585	12.52124844	-1.23658948
0.75926653	12.40077820	-1.26816504	0.75991571	12.40127051	-1.26781372
0.87953703	12.18406200	-1.23919612	0.88086950	12.18500211	-1.23867025
0.96717480	12.06413650	-1.15000620	0.96870462	12.06535133	-1.14938457
0.98970370	12.50864954	-0.65082960	0.98920413	12.50987244	-0.65006807
0.93084834	12.52308107	-0.52506294	0.93011084	12.52413408	-0.52438624
0.84401169	12.54977918	-0.40446794	0.84300904	12.55063094	-0.40394068
0.86854632	12.59413742	-1.17996211	0.86855489	12.59496019	-1.17948328
0.96825966	12.55444859	-1.11267638	0.96832859	12.55560864	-1.11201945
0.74257830	12.64829509	-1.20647537	0.74250100	12.64872776	-1.20617419
0.59323445	12.42141364	-0.22555181	0.59243698	12.42162775	-0.22546010
0.58393418	12.63568221	-0.20384894	0.58217262	12.63584480	-0.20381706
0.72169660	12.58947543	-0.29551278	0.72036201	12.59001663	-0.29521153
0.72262101	12.37427243	-0.30664613	0.72203473	12.37470502	-0.30638422
0.46803100	12.70395568	-1.15172561	0.46791127	12.70387865	-1.15178701
0.61198058	12.61544723	-1.21888189	0.61196085	12.61551365	-1.21880327
0.60763212	12.72026583	-1.18570043	0.60746141	12.72041675	-1.18563106
0.47103112	12.78789528	-1.11917280	0.47066403	12.78782374	-1.11931237
0.58636007	12.17502005	-0.30164895	0.58632327	12.17505553	-0.30162881
0.59519516	12.28191513	-0.26205598	0.59490453	12.28209249	-0.26196036
0.72229164	12.21828965	-0.33644699	0.72210868	12.21857438	-0.33626480
0.60277268	12.48676913	-1.25186394	0.60301289	12.48676662	-1.25186657
0.60788173	12.53451861	-1.24350857	0.60799991	12.53455599	-1.24349972
0.46269691	12.64826740	-1.16689323	0.46267458	12.64818337	-1.16692046
-0.02982928	12.68569741	-0.08276716	-0.03228110	12.68320562	-0.08438837
-0.18115089	12.74732059	-0.09486278	-0.18387670	12.74405994	-0.09700179
-0.17644244	12.87047048	-0.09306031	-0.17977598	12.86721804	-0.09525009
-0.03744978	12.83972909	-0.07347760	-0.04067004	12.83717835	-0.07520868
-0.31822167	12.79272550	-0.12329825	-0.32108789	12.78874607	-0.12591025
-0.30337299	12.88854220	-0.12730328	-0.30670012	12.88462746	-0.12991666
0.01256688	12.81906750	-0.63799288	0.01115724	12.81670719	-0.63955545
0.01553444	12.88448778	-0.62563910	0.01379843	12.88212583	-0.62719970
-0.06749063	12.89025592	-0.60105279	-0.06934191	12.88741149	-0.60292096
-0.07247738	12.82533612	-0.60476039	-0.07398674	12.82246781	-0.60662708
-0.15936860	12.89391377	-0.62025723	-0.16116126	12.89057408	-0.62242016
-0.16644650	12.83294523	-0.61926255	-0.16792836	12.82956933	-0.62144332
-0.04351290	12.38882970	-0.13532113	-0.04437407	12.38625577	-0.13681236
-0.19524105	12.59938305	-0.11222144	-0.19718435	12.59605272	-0.11431129
-0.03583208	12.51465192	-0.10559638	-0.03738646	12.51213239	-0.10713317
-0.34559103	12.58584625	-0.15506516	-0.34731194	12.58171205	-0.15764960
-0.33605788	12.67408244	-0.13504880	-0.33829212	12.67000952	-0.13765308
0.00605514	12.75255140	-0.65026499	0.00499141	12.75016709	-0.65186829
-0.08898502	12.75836794	-0.60242759	-0.09015935	12.75540832	-0.60436105
-0.10634102	12.73060267	-0.58297959	-0.10741961	12.72753799	-0.58497951
-0.18828313	12.76973305	-0.60780167	-0.18947843	12.76623957	-0.61004738
-0.41577618	12.95753652	-0.20309662	-0.41921600	12.95299751	-0.20611646
-0.40870073	13.00782131	-0.24892657	-0.41224765	13.00329239	-0.25194435
-0.52354234	12.94674935	-0.26176795	-0.52675203	12.94161700	-0.26514310
-0.50439251	12.98804759	-0.30257340	-0.50767997	12.98299579	-0.30590149
-0.48239578	13.02183284	-0.35256193	-0.48569254	13.01687361	-0.35582783
-0.39877021	13.04492248	-0.30810103	-0.40231239	13.04041864	-0.31109546
-0.28569001	12.99559143	-0.61733183	-0.28799870	12.99158333	-0.61992486
-0.26914575	12.95086869	-0.64177482	-0.27114407	12.94694247	-0.64430283
-0.30811799	13.03141970	-0.57751313	-0.31073852	13.02730019	-0.58019009
-0.40209330	13.01977179	-0.58790200	-0.40462525	13.01514790	-0.59089716
-0.38518632	12.98892777	-0.63230778	-0.38741505	12.98438206	-0.63523656
-0.37362066	12.95086545	-0.66580202	-0.37553500	12.94637482	-0.66867875
-0.26837215	12.90236051	-0.65743574	-0.27007066	12.89843615	-0.65995259
-0.37923247	12.91179210	-0.69064896	-0.38085726	12.90726265	-0.69353222
-0.39256402	12.87410324	-0.70500498	-0.39393366	12.86949485	-0.70791822
-0.27927239	12.85257401	-0.66215633	-0.28069329	12.84858580	-0.66469717
-0.56493818	12.83979639	-0.22158202	-0.56772506	12.83446486	-0.22504669
-0.58055864	12.71727171	-0.22707338	-0.58268313	12.71184788	-0.23052980
-0.65676791	12.75153227	-0.28628319	-0.65887005	12.74566984	-0.29000559
-0.64192634	12.84807881	-0.28537789	-0.64454158	12.84229990	-0.28910297
-0.58465657	12.61241852	-0.24411288	-0.58616527	12.60695625	-0.24754205
-0.66104628	12.66873657	-0.29811612	-0.66267019	12.66283833	-0.30180951
-0.71039012	12.73694552	-0.36947720	-0.71214180	12.73074878	-0.37335506
-0.70601197	12.78944629	-0.36355106	-0.70805516	12.78327735	-0.36745190
-0.69203131	12.85304933	-0.36490055	-0.69440700	12.84695554	-0.36879572
-0.47553134	12.60595313	-0.19389030	-0.47719452	12.60110008	-0.19694109
-0.46829190	12.70246304	-0.17506716	-0.47052746	12.69766809	-0.17813627
-0.45079443	12.82256505	-0.16677439	-0.45367360	12.81786868	-0.16984502
-0.48882132	12.88714622	-0.71776373	-0.49021603	12.88197668	-0.72100087
-0.49483855	12.86002233	-0.72844660	-0.49603756	12.85480942	-0.73169102
-0.40362583	12.84053153	-0.70709364	-0.40480511	12.83585872	-0.71002990
-0.57595021	12.89013083	-0.69940201	-0.57742403	12.88444528	-0.70293124
-0.57968381	12.86333871	-0.71424531	-0.58095379	12.85762090	-0.71777285
-0.41407209	12.82341643	-0.69697050	-0.41519182	12.81868809	-0.69993403
-0.29739108	12.80387998	-0.65473501	-0.29857992	12.79979151	-0.65732157
0.88890468	12.89361424	-0.89638568	0.88777395	12.89459605	-0.89576634
0.78700310	12.95830748	-0.88378401	0.78568298	12.95904364	-0.88331469
0.90306726	12.90856801	-0.80718961	0.90170441	12.90960618	-0.80652764
0.80551169	12.97878118	-0.77858543	0.80390573	12.97957698	-0.77805006
0.69180038	13.03133408	-0.73929777	0.68989031	13.03180052	-0.73896158
0.66637516	13.00676525	-0.86901416	0.66488246	13.00718999	-0.86873886
0.90256851	12.90494061	-0.71504027	0.90105051	12.90599563	-0.71435416
0.82019748	12.97048304	-0.67173991	0.81836267	12.97131918	-0.67117209
0.72220229	13.02025820	-0.61141786	0.72003749	13.02080294	-0.61101941
0.99693781	12.68242372	-0.97887443	0.99648989	12.68367695	-0.97813807
0.95565406	12.80319291	-0.93398074	0.95482956	12.80434169	-0.93328545
1.01844259	12.68364148	-0.86692205	1.01782509	12.68496348	-0.86612516
0.97351747	12.81326747	-0.83659113	0.97249063	12.81448237	-0.83583674
1.00788875	12.68265606	-0.75344050	1.00707566	12.68395873	-0.75263747
0.96575217	12.81285094	-0.73709606	0.96454018	12.81405880	-0.73633641
0.54341646	13.04866046	-0.82628000	0.54166374	13.04871575	-0.82623724
0.57528102	13.07459713	-0.67670687	0.57305461	13.07469174	-0.67659146
0.44677634	13.10825830	-0.59770264	0.44413653	13.10786632	-0.59790869
0.41526073	13.08136131	-0.75002695	0.41315766	13.08092828	-0.75028082
0.61145350	13.06437072	-0.53804606	0.60887391	13.06455376	-0.53787193
0.48137998	13.10041376	-0.45906971	0.47835762	13.10012757	-0.45922459
-0.41250534	13.03715335	-0.53032184	-0.41530896	13.03249233	-0.53335656
-0.49487964	13.01641093	-0.54430059	-0.49753974	13.01128716	-0.54761522
-0.47369531	13.00548063	-0.58621190	-0.47616522	13.00045782	-0.58944826
-0.42616411	13.04307976	-0.46763897	-0.42920179	13.03836890	-0.47072253
-0.51806499	13.01775059	-0.50024345	-0.52087219	13.01252215	-0.50363783
-0.60076626	12.98903705	-0.53071785	-0.60333288	12.98333069	-0.53438666
-0.56253974	12.99202351	-0.56258542	-0.56502074	12.98651099	-0.56612430
-0.52425989	12.99138500	-0.58809845	-0.52665591	12.98607553	-0.59150583
-0.45294073	13.03911123	-0.40797502	-0.45614479	13.03428298	-0.41114684
-0.53287380	13.01325451	-0.44918829	-0.53582094	13.00797041	-0.45262943
-0.54847787	12.99843560	-0.39855421	-0.55150846	12.99309560	-0.40204137
-0.59261682	12.98003699	-0.43150195	-0.59545058	12.97444126	-0.43513753
-0.60360596	12.98480860	-0.48029062	-0.60630590	12.97911879	-0.48396665
-0.05150610	13.09928836	-0.45759968	-0.05480513	13.09646035	-0.45945159
-0.14185149	13.08384949	-0.47244611	-0.14504770	13.08059972	-0.47459498
-0.06425309	13.12162955	-0.36283487	-0.06794410	13.11877176	-0.36475082
-0.16541385	13.10137366	-0.38654362	-0.16895138	13.09802905	-0.38877592
-0.26468585	13.08049740	-0.41973000	-0.26804002	13.07663882	-0.42228138
-0.23637513	13.06755636	-0.49743500	-0.23942548	13.06382272	-0.49988267
-0.06746331	13.12439045	-0.27575775	-0.07144369	13.12155535	-0.27769935
-0.17921103	13.10507495	-0.30307698	-0.18303233	13.10169002	-0.30536627
-0.28662135	13.08268694	-0.34068916	-0.29023401	13.07874500	-0.34332414
1.00575924	11.98608188	-1.05322029	1.00733857	11.98739080	-1.05258011
1.02467250	12.13161947	-1.05105277	1.02585493	12.13297427	-1.05031872
1.00742370	11.94113211	-0.94799314	1.00893144	11.94240982	-0.94738651
1.03012332	12.08843481	-0.93671057	1.03122866	12.08977511	-0.93598102
1.04361741	12.30660735	-0.92079566	1.04410678	12.30799112	-0.92000224
1.03275044	12.34097987	-1.03700351	1.03331436	12.34234618	-1.03623782
0.98707213	11.92393824	-0.82967414	0.98839797	11.92511703	-0.82913392
1.01196728	12.07249649	-0.81355583	1.01289485	12.07374346	-0.81286851
1.02841229	12.29505983	-0.79640398	1.02873071	12.29637270	-0.79561936
1.02333662	12.52653670	-1.01254228	1.02335189	12.52786516	-1.01178133
1.04096185	12.50950021	-0.89684232	1.04085279	12.51087450	-0.89603050
1.02809065	12.50386358	-0.77546456	1.02780420	12.50520013	-0.77465275
-0.66284647	12.88260081	-0.64857848	-0.66444215	12.87643437	-0.65238865
-0.66854253	12.85268416	-0.66065084	-0.66992964	12.84646939	-0.66445334
-0.72201089	12.87070321	-0.56978889	-0.72379199	12.86426816	-0.57379225
-0.73133174	12.83428941	-0.57598082	-0.73288753	12.82779145	-0.57998199
-0.66967211	12.82926375	-0.66208854	-0.67092137	12.82304026	-0.66587507
-0.72539107	12.86072229	-0.46752535	-0.72745942	12.85436557	-0.47153745
-0.73745903	12.81522227	-0.46864382	-0.73928032	12.80880056	-0.47266310
-0.73932609	12.77946332	-0.47041004	-0.74094729	12.77302800	-0.47440609
-0.32653357	13.05307202	-0.51570883	-0.32946280	13.04887018	-0.51845457
-0.34680753	13.06262047	-0.44382654	-0.35000409	13.05833288	-0.44664324
-0.37446936	13.06150494	-0.37392834	-0.37788697	13.05709864	-0.37684594
-0.62328272	12.90105720	-0.29787893	-0.62613452	12.89537300	-0.30157136
-0.54449726	12.90674496	-0.23395671	-0.54759299	12.90151612	-0.23738505
-0.67549862	12.89376830	-0.37392523	-0.67806088	12.88775828	-0.37778966
-0.65295547	12.92403772	-0.39044080	-0.65562328	12.91813938	-0.39424781
-0.60078426	12.93372311	-0.32188037	-0.60372945	12.92814631	-0.32551507
-0.43132763	12.90169885	-0.17603508	-0.43457716	12.89709774	-0.17907998
-0.47702902	12.91844129	-0.69918824	-0.47866232	12.91335150	-0.70240178
-0.46667403	12.95105700	-0.67088164	-0.46858075	12.94604042	-0.67407139
-0.55108742	12.94792370	-0.65526471	-0.55302881	12.94241883	-0.65874142
-0.56563696	12.91916234	-0.68144256	-0.56733410	12.91355275	-0.68495301
-0.68255144	12.92892037	-0.55744254	-0.68469868	12.92272513	-0.56135854
-0.70596008	12.90082271	-0.56415645	-0.70792788	12.89448554	-0.56813019
-0.65015089	12.91119796	-0.63555391	-0.65195015	12.90512090	-0.63934476
-0.63044354	12.93888239	-0.61742388	-0.63245587	12.93293826	-0.62116734
-0.65154769	12.95892919	-0.54803404	-0.65389084	12.95291876	-0.55186343
-0.60450134	12.96595921	-0.59005296	-0.60675199	12.96018657	-0.59372304
-0.53449077	12.97407677	-0.61572743	-0.53670396	12.96869295	-0.61916065
-0.70887793	12.89441327	-0.46984194	-0.71112284	12.88814570	-0.47382357
-0.68521953	12.92318237	-0.47538756	-0.68760459	12.91704194	-0.47931008
-0.62119300	12.95603300	-0.41429510	-0.62395510	12.95029242	-0.41801404
-0.65225841	12.95419835	-0.48394850	-0.65478324	12.94823436	-0.48777649
-0.57352248	12.96907266	-0.35577506	-0.57654002	12.96362345	-0.35933500
-0.46493546	12.98190561	-0.63080775	-0.46713764	12.97691342	-0.63400341
0.14090188	13.10170442	-0.20025228	0.13683299	13.09992470	-0.20149266
0.11197654	13.13813848	-0.28667336	0.10798771	13.13619353	-0.28800486
0.14060950	13.12741255	-0.30016649	0.13672685	13.12561128	-0.30139363
0.17381409	13.08999178	-0.21046672	0.16985136	13.08837740	-0.21159212
0.09415461	13.14313249	-0.38219443	0.09043848	13.14106376	-0.38356640
0.12115844	13.13314741	-0.39790258	0.11755052	13.13122002	-0.39916926
0.14589182	13.11868658	-0.30987080	0.14208819	13.11690999	-0.31107416
0.17879612	13.08178208	-0.21661590	0.17489792	13.08019163	-0.21772099
0.15218896	13.12670446	-0.31070234	0.14835490	13.12495702	-0.31188613
0.18371532	13.08857559	-0.21133352	0.17977295	13.08700888	-0.21242617
0.13579389	13.13202619	-0.41432525	0.13225369	13.13017516	-0.41553122
0.18045348	13.14054640	-0.43832313	0.17697454	13.13892904	-0.43936379
0.19898821	13.13435758	-0.32672432	0.19520066	13.13283276	-0.32774030
0.22988136	13.09414300	-0.22048005	0.22596689	13.09278927	-0.22142406
0.22184784	12.92035196	-0.07606316	0.21831901	12.91903293	-0.07701051
0.18056559	13.03418000	-0.12398206	0.17660848	13.03262354	-0.12509424
0.21775053	13.02316946	-0.13391381	0.21389506	13.02178966	-0.13489979
0.26243332	12.90885556	-0.08781109	0.25901156	12.90772541	-0.08862974
0.22808843	13.02166346	-0.13399698	0.22424975	13.02033157	-0.13494933
0.27384986	12.90743415	-0.09084086	0.27045113	12.90635301	-0.09162609
0.27365506	13.02239288	-0.13965368	0.26985092	13.02127833	-0.14045961
0.31828891	12.90158388	-0.09539216	0.31495262	12.90070026	-0.09604757
0.35272522	12.71437718	-0.09765179	0.35026911	12.71368124	-0.09816047
0.31181836	12.72635004	-0.09445033	0.30927998	12.72547925	-0.09507244
0.38013516	12.52066558	-0.12653070	0.37864775	12.52015093	-0.12688602
0.34129771	12.54299633	-0.12300217	0.33968463	12.54230432	-0.12346368
0.30017892	12.72806279	-0.09005554	0.29761589	12.72714272	-0.09070829
0.32880292	12.54526767	-0.11843123	0.32716084	12.54452194	-0.11892317
0.28198368	12.55696008	-0.10174670	0.28023276	12.55600100	-0.10237233
0.25683345	12.74351062	-0.07538932	0.25414311	12.74239003	-0.07617069
0.26083681	12.77520895	-0.92691233	0.26024372	12.77443784	-0.92751873
0.24816591	12.84419087	-0.90269931	0.24727360	12.84331857	-0.90336595
0.22769767	12.84795779	-0.84460580	0.22667024	12.84692708	-0.84535668
0.24111846	12.78821476	-0.86774991	0.24036313	12.78727074	-0.86845142
0.22926547	12.91444562	-0.85308889	0.22800788	12.91342973	-0.85382333
0.20805150	12.91086631	-0.79848124	0.20666140	12.90969165	-0.79930512
0.21426498	12.90635382	-0.78061917	0.21284557	12.90517878	-0.78143572
0.24147730	12.79352828	-0.84721313	0.24066554	12.79255546	-0.84792981
0.21116715	12.84678687	-0.83110968	0.21012073	12.84563805	-0.83193570
0.21891549	12.79032958	-0.85396013	0.21814474	12.78924435	-0.85476805
0.19679923	12.90933206	-0.78930757	0.19539140	12.90807277	-0.79018246
0.15534998	12.91902824	-0.77633412	0.15386898	12.91754656	-0.77734985
0.16691685	12.85285564	-0.81435048	0.16580624	12.85147687	-0.81532660
0.17201607	12.78976098	-0.83539273	0.17121194	12.78842397	-0.83636338
0.26849447	12.70541671	-0.95134462	0.26821119	12.70465720	-0.95186263
0.25144100	12.72790459	-0.89152002	0.25096673	12.72703563	-0.89217631
0.25245628	12.74302739	-0.86950320	0.25189233	12.74212717	-0.87018535
0.27157557	12.70783386	-0.88190112	0.27116685	12.70704548	-0.88250280
0.23067774	12.73366221	-0.88044753	0.23019808	12.73265251	-0.88121884
0.18225564	12.72304394	-0.86511386	0.18180733	12.72177621	-0.86607366
0.27916623	12.31724761	-0.16780137	0.27873847	12.31632422	-0.16826237
0.29056411	12.41475800	-0.13436532	0.28953851	12.41389982	-0.13485417
0.33903350	12.41567954	-0.14932158	0.33806469	12.41507401	-0.14967825
0.32873531	12.34589439	-0.18144196	0.32819212	12.34527173	-0.18175309
0.34269888	12.42834740	-0.15665608	0.34169495	12.42774821	-0.15701516
0.35334785	12.40944415	-0.15398955	0.35243385	12.40891229	-0.15430896
0.34328198	12.34206348	-0.18661859	0.34276656	12.34157767	-0.18682801
0.39234266	12.37841550	-0.16119171	0.39160824	12.37810095	-0.16139541
0.08783028	13.11728786	-0.48673260	0.08457015	13.11519857	-0.48807174
0.11881028	13.10584766	-0.49944608	0.11565824	13.10392977	-0.50067033
0.09722970	13.06657532	-0.59386356	0.09456037	13.06461125	-0.59512486
0.13361155	13.05348078	-0.60306237	0.13104634	13.05172021	-0.60419147
0.13160409	13.09533837	-0.50563773	0.12852987	13.09349389	-0.50681524
0.13708478	13.10212535	-0.50552812	0.13398445	13.10031005	-0.50668669
0.15293962	13.04787655	-0.59846956	0.15039780	13.04621742	-0.59953042
0.18026468	13.05520562	-0.63641779	0.17782654	13.05371263	-0.63736908
0.17352656	13.11024123	-0.53630961	0.17051732	13.10863103	-0.53731959
0.20265556	12.98741848	-0.75336534	0.20085333	12.98615936	-0.75421004
0.17985690	12.98071577	-0.70647150	0.17793414	12.97929735	-0.70741434
0.16528366	12.98291209	-0.70667815	0.16334374	12.98141408	-0.70767296
0.12600818	12.99532036	-0.69700291	0.12397823	12.99360882	-0.69813301
0.35863604	13.08228236	-0.26929555	0.35501771	13.08150715	-0.26982460
0.39537625	13.00369777	-0.18446152	0.39188330	13.00309926	-0.18490485
0.42865169	12.87469881	-0.13707607	0.42562080	12.87426940	-0.13742445
0.29922238	12.98302314	-0.86825181	0.29776413	12.98230273	-0.86877599
0.32779425	12.90722045	-0.95672305	0.32679395	12.90669831	-0.95718076
0.27531831	13.05001598	-0.75711136	0.27330016	13.04909189	-0.75771354
0.10025252	12.94231238	-0.07507239	0.09656673	12.94041649	-0.07641161
0.07488331	13.04464534	-0.12143783	0.07082824	13.04258286	-0.12289630
0.05256262	13.10618855	-0.19270516	0.04842492	13.10397590	-0.19424833
0.06578073	13.00479650	-0.64050479	0.06353778	13.00271379	-0.64186876
0.04008366	13.06797728	-0.56390477	0.03729067	13.06569200	-0.56538445
0.08981765	12.93469594	-0.69373829	0.08804984	12.93279912	-0.69500466
0.45208392	12.68089466	-0.13582300	0.44991766	12.68060565	-0.13607292
0.47173849	12.47325579	-0.16326846	0.47057480	12.47311344	-0.16342382
0.34048494	12.82763516	-1.00878387	0.33986970	12.82722171	-1.00916825
0.34385837	12.75262472	-1.03723805	0.34351121	12.75220559	-1.03754908
0.47992871	12.33702627	-0.20001380	0.47948075	12.33700241	-0.20004131
0.34484912	12.69273456	-1.05493184	0.34475237	12.69232484	-1.05515579
0.14570896	12.45470418	-0.11570229	0.14444720	12.45309621	-0.11665541
0.14359034	12.61078992	-0.08748295	0.14152394	12.60916146	-0.08853112
0.10233680	12.73513288	-0.76318741	0.10160393	12.73336834	-0.76443956
0.09888848	12.80338330	-0.73933017	0.09780233	12.80157848	-0.74057244
0.12575112	12.78909504	-0.06859933	0.12278976	12.78735219	-0.06979149
0.09767082	12.86861117	-0.72135640	0.09626601	12.86677851	-0.72259371
0.29956102	13.13177807	-0.50848623	0.29644176	13.13075308	-0.50910429
0.27900274	13.10315031	-0.63521846	0.27640430	13.10212031	-0.63584231
0.32642983	13.12469615	-0.38225828	0.32295839	13.12376111	-0.38285616
0.02711872	13.13772088	-0.36589351	0.02336777	13.13532079	-0.36750296
0.02790641	13.11316916	-0.46709658	0.02458510	13.11076287	-0.46865487
0.03602249	13.13624687	-0.27413894	0.03199168	13.13392183	-0.27573139
0.88769521	11.97239816	-0.58290201	0.88825396	11.97308657	-0.58267139
0.81676000	12.01719950	-0.47386000	0.81676000	12.01719950	-0.47386000
0.93219045	11.94714500	-0.71031097	0.93317431	11.94811387	-0.70991195
0.91854496	12.01345274	-0.71500016	0.91939121	12.01440316	-0.71457552
0.87988375	12.05858545	-0.62912886	0.88040127	12.05936201	-0.62877439
0.80843597	12.11824355	-0.52650301	0.80862261	12.11870016	-0.52621023
0.96818946	11.94099053	-0.83351569	0.96948131	11.94212766	-0.83300588
0.98899208	11.95764790	-0.94420163	0.99045065	11.95887848	-0.94361927
0.95424428	12.07492060	-0.92783412	0.95536955	12.07605734	-0.92724521
0.93869264	12.04413412	-0.81083946	0.93968028	12.04520135	-0.81032992
0.98879682	11.99999583	-1.03716530	0.99031134	12.00125368	-1.03654740
0.95337867	12.07380603	-1.12442856	0.95484047	12.07497720	-1.12382450
0.92839429	12.13590568	-1.10232140	0.92964587	12.13699442	-1.10173644
0.95204949	12.10975668	-1.02556921	0.95324840	12.11090319	-1.02495948
0.87060225	12.18965211	-1.21639436	0.87188258	12.19056122	-1.21587944
0.75038083	12.33690492	-1.26831203	0.75126793	12.33737324	-1.26794899
0.75278401	12.36553129	-1.19666196	0.75347051	12.36603366	-1.19630803
0.86689220	12.23555244	-1.15378965	0.86793740	12.23644837	-1.15327390
0.60320235	12.48288361	-1.23777201	0.60343658	12.48288156	-1.23777643
0.47140529	12.61291341	-1.15308226	0.47142744	12.61283949	-1.15310709
0.49420000	12.61570000	-1.07906000	0.49420000	12.61570000	-1.07906000
0.61447000	12.50220000	-1.16283000	0.61447000	12.50220000	-1.16283000
0.38338674	12.64510935	-1.05113373	0.38341044	12.64488895	-1.05123058
0.33205189	12.64267727	-0.96029496	0.33203778	12.64220898	-0.96053666
0.37140000	12.64100070	-0.89641000	0.37140000	12.64100070	-0.89641000
0.41679000	12.64250090	-0.98287004	0.41679000	12.64250090	-0.98287004
0.31177623	12.67327016	-0.90291784	0.31152018	12.67269611	-0.90332772
0.30659533	12.70016149	-0.87617871	0.30619018	12.69955123	-0.87665208
0.33437636	12.68807238	-0.81815709	0.33389840	12.68750781	-0.81856540
0.34414338	12.66481271	-0.84448202	0.34376509	12.66439870	-0.84479403
0.29861015	12.68707786	-0.88089100	0.29829607	12.68643083	-0.88141779
0.25572369	12.67353903	-0.85367613	0.25542183	12.67260402	-0.85439843
0.29402038	12.67161731	-0.78269586	0.29352556	12.67079669	-0.78330004
0.33394427	12.67661068	-0.81722103	0.33352988	12.67604122	-0.81765309
0.14540757	12.70139533	-0.72977612	0.14472389	12.69980971	-0.73089873
0.00736828	12.74578704	-0.59452969	0.00619488	12.74335643	-0.59613233
0.00759870	12.78277132	-0.51739583	0.00602213	12.78030379	-0.51897970
0.16657748	12.71665783	-0.65348812	0.16562514	12.71510240	-0.65453397
-0.11378644	12.78279658	-0.53555389	-0.11529267	12.77969308	-0.53756132
-0.22298505	12.81041863	-0.54216000	-0.22459683	12.80675192	-0.54451505
-0.23072090	12.87880688	-0.48183899	-0.23287396	12.87510845	-0.48421879
-0.12080884	12.84175026	-0.46546920	-0.12284718	12.83860273	-0.46749057
-0.32801996	12.82723735	-0.60415006	-0.32949220	12.82300218	-0.60684047
-0.42599237	12.83516507	-0.67393500	-0.42724951	12.83038022	-0.67694211
-0.44463442	12.86236711	-0.62251466	-0.44620993	12.85749957	-0.62559419
-0.34068460	12.87998343	-0.54941817	-0.34261223	12.87569740	-0.55216220
-0.51391470	12.83614832	-0.70361870	-0.51505900	12.83083599	-0.70691357
-0.59374394	12.83069124	-0.69335565	-0.59489064	12.82490295	-0.69690917
-0.59373102	12.83307704	-0.65796912	-0.59501173	12.82731384	-0.66152037
-0.53739152	12.84327598	-0.65581023	-0.53874191	12.83785017	-0.65918595
-0.66863161	12.82047631	-0.64323213	-0.66989174	12.81427483	-0.64700825
-0.71908937	12.80270162	-0.56466148	-0.72050312	12.79628174	-0.56858931
-0.68301225	12.81978824	-0.53564606	-0.68462323	12.81360413	-0.53947908
-0.64432567	12.83024009	-0.61176348	-0.64574196	12.82421270	-0.61547271
-0.72501707	12.77496475	-0.46945870	-0.72661772	12.76860877	-0.47340357
-0.69821211	12.72860370	-0.37916700	-0.69988737	12.72246588	-0.38300012
-0.67661961	12.73589008	-0.39165944	-0.67828809	12.72985732	-0.39542529
-0.68931049	12.78225398	-0.45216179	-0.69101014	12.77610747	-0.45599560
-0.65031226	12.65570846	-0.31471051	-0.65181282	12.64986089	-0.31836438
-0.57567635	12.59771256	-0.26414686	-0.57703996	12.59229407	-0.26754657
-0.55950911	12.65743300	-0.29536183	-0.56108389	12.65208531	-0.29872118
-0.63607337	12.69833521	-0.34706218	-0.63769264	12.69254659	-0.35068584
-0.46927739	12.59651093	-0.21457061	-0.47081595	12.59167900	-0.21759614
-0.34143715	12.58044801	-0.17555869	-0.34306397	12.57632297	-0.17812745
-0.32526079	12.63462901	-0.20425471	-0.32706323	12.63057119	-0.20680233
-0.45180488	12.65443993	-0.24426799	-0.45355156	12.64969225	-0.24725785
-0.19986317	12.48190595	-0.15740034	-0.20108404	12.47852873	-0.15943525
-0.04513758	12.37318836	-0.15902103	-0.04585111	12.37059358	-0.16050965
-0.04523517	12.44266452	-0.19071506	-0.04618721	12.44005309	-0.19224475
-0.19040062	12.54480861	-0.18641100	-0.19183821	12.54146054	-0.18845527
0.11948475	12.32103925	-0.17399061	0.11906376	12.31926588	-0.17495226
0.24953102	12.30937163	-0.19538507	0.24922197	12.30827157	-0.19593599
0.22725026	12.36750113	-0.24852178	0.22678535	12.36624898	-0.24918295
0.10761347	12.38747734	-0.21629304	0.10698173	12.38562445	-0.21732598
0.29808063	12.34668240	-0.21529574	0.29762953	12.34586416	-0.21571128
0.28086525	12.42868827	-0.28622221	0.28016114	12.42770363	-0.28677590
0.27386876	12.40060195	-0.27222700	0.27327648	12.39958975	-0.27277712
0.30910047	12.33879710	-0.22693727	0.30862946	12.33811825	-0.22726356
0.34620000	12.27620000	-0.23202000	0.34620000	12.27620000	-0.23202000
0.31675060	12.32475968	-0.29526528	0.31644290	12.32401813	-0.29562713
0.28136916	12.38737179	-0.28682083	0.28080718	12.38640621	-0.28732550
0.44425997	12.21770000	-0.27141000	0.44425997	12.21770000	-0.27141000
0.57587000	12.16340070	-0.32883000	0.57587000	12.16340070	-0.32883000
0.56941409	12.24258839	-0.38303256	0.56934252	12.24262142	-0.38298803
0.42691840	12.28259576	-0.32976005	0.42679237	12.28232271	-0.32988717
0.70622003	12.08180000	-0.39380000	0.70622003	12.08180000	-0.39380000
0.70082449	12.18316221	-0.44650674	0.70084766	12.18342452	-0.44634544
0.76745367	12.39883084	-1.04590644	0.76785971	12.39945696	-1.04555820
0.87363557	12.25278363	-1.04332201	0.87446395	12.25371108	-1.04280477
0.78537226	12.38270597	-0.85754405	0.78558015	12.38338075	-0.85716017
0.88160846	12.23161101	-0.90281937	0.88227999	12.23255449	-0.90230356
0.79798758	12.26797379	-0.66975624	0.79817710	12.26862310	-0.66937359
0.88093855	12.15747478	-0.75099433	0.88153820	12.15837431	-0.75052231
0.53209208	12.60835120	-0.90366212	0.53189080	12.60842422	-0.90365420
0.64746860	12.52447919	-0.98987104	0.64747845	12.52475572	-0.98972914
0.56163364	12.53795212	-0.69242989	0.56123134	12.53798615	-0.69242024
0.67710571	12.48155118	-0.78016140	0.67696360	12.48192774	-0.77994870
0.56883233	12.38570459	-0.51178885	0.56857083	12.38572200	-0.51176384
0.69221846	12.34287455	-0.58782893	0.69212390	12.34323473	-0.58760218
-0.24324074	12.87405750	-0.39713253	-0.24563587	12.87032124	-0.39954445
-0.13612025	12.83504702	-0.37863231	-0.13838086	12.83185141	-0.38068699
-0.26449529	12.81597654	-0.31059122	-0.26687737	12.81217469	-0.31304309
-0.15609282	12.77077982	-0.29413968	-0.15830736	12.76754023	-0.29621487
-0.03462295	12.70858540	-0.32559631	-0.03643653	12.70595092	-0.32724638
-0.01178619	12.77406827	-0.42172069	-0.01362658	12.77149967	-0.42334870
-0.29606216	12.72472509	-0.24795240	-0.29818077	12.72079406	-0.25045616
-0.17528854	12.65711278	-0.23143620	-0.17713524	12.65381325	-0.23350360
-0.04370163	12.57682328	-0.24788305	-0.04512598	12.57418711	-0.24948814
-0.57568695	12.86245171	-0.57538293	-0.57740584	12.85685273	-0.57889296
-0.61135721	12.85504416	-0.48427288	-0.61333985	12.84930679	-0.48789711
-0.51097284	12.87828699	-0.42117652	-0.51329813	12.87314148	-0.42447956
-0.47600812	12.89198609	-0.52615925	-0.47806009	12.88698242	-0.52935304
-0.62693876	12.78238488	-0.40535675	-0.62880346	12.77661421	-0.40899063
-0.53873809	12.77551879	-0.34500785	-0.54077278	12.77025914	-0.34834975
-0.36127051	12.89452340	-0.45601179	-0.36357613	12.89015989	-0.45882465
-0.38895177	12.85859268	-0.35772173	-0.39139321	12.85412343	-0.36060748
-0.42240816	12.76023794	-0.28925762	-0.42456047	12.75562467	-0.29220105
0.28751532	12.62750157	-0.65965157	0.28687527	12.62648996	-0.66032954
0.32996376	12.62666231	-0.68180607	0.32938326	12.62587127	-0.68235832
0.26080191	12.55847752	-0.50999152	0.26011939	12.55729215	-0.51071831
0.30738819	12.56010321	-0.51858169	0.30671904	12.55915207	-0.51917626
0.31001614	12.57828122	-0.50288750	0.30920816	12.57733966	-0.50347107
0.32987992	12.64087975	-0.67321104	0.32919952	12.64008002	-0.67375037
0.33792971	12.62393472	-0.69558063	0.33733635	12.62317977	-0.69609837
0.31326188	12.56425920	-0.51760246	0.31253377	12.56333521	-0.51817554
0.34713517	12.54605505	-0.55743275	0.34654993	12.54527499	-0.55792566
0.36859064	12.60675045	-0.74510443	0.36813539	12.60612331	-0.74553343
0.32262629	12.43077197	-0.40486783	0.32210956	12.42991969	-0.40534932
0.28825704	12.47609397	-0.38266907	0.28754590	12.47510090	-0.38325557
0.28279029	12.47977736	-0.37788217	0.28209910	12.47875216	-0.37848466
0.23560395	12.46302660	-0.36293718	0.23495829	12.46176591	-0.36366518
0.44110044	12.54865707	-0.61694592	0.44057945	12.54825491	-0.61721054
0.43621929	12.61809846	-0.81804332	0.43589845	12.61782278	-0.81824014
0.43093145	12.40696962	-0.44920269	0.43056258	12.40656302	-0.44942724
0.12622655	12.61958409	-0.42222434	0.12507887	12.61775874	-0.42335614
0.15283750	12.69109738	-0.54443652	0.15170764	12.68939714	-0.54551750
0.10980699	12.50239697	-0.30576650	0.10887834	12.50051259	-0.30687191
0.12830045	13.12398165	-0.40973323	0.12477971	13.12209344	-0.41096818
0.22171594	13.01698136	-0.14084447	0.21791621	13.01561870	-0.14181693
0.26536163	12.90550949	-0.09708837	0.26198657	12.90438990	-0.09789713
0.30305193	12.72742743	-0.10046530	0.30052418	12.72651708	-0.10111020
0.33211774	12.54962160	-0.12825716	0.33048581	12.54888418	-0.12874396
0.23127191	12.84683220	-0.82377791	0.23020172	12.84578409	-0.82453184
0.33305480	12.36833829	-0.18870113	0.33241361	12.36773877	-0.18901195
0.15146923	13.04259628	-0.60132948	0.14895861	13.04093067	-0.60239681
0.18333586	12.97556741	-0.69976928	0.18141397	12.97415699	-0.70070591
0.90171605	11.96718022	-0.56918747	0.90224730	11.96787842	-0.56893013
0.82677159	12.01970215	-0.45656873	0.82672532	12.01970467	-0.45655981
0.94966637	11.93308421	-0.70141859	0.95066064	11.93408264	-0.70099066
0.75407812	12.33556456	-1.28375852	0.75499648	12.33604225	-1.28338883
0.46181149	12.61858742	-1.16687634	0.46183532	12.61850233	-1.16691475
0.35394555	12.65455511	-1.06068558	0.35394691	12.65420709	-1.06085486
0.28698259	12.65487327	-0.96544429	0.28692351	12.65420003	-0.96583477
0.27085209	12.68359846	-0.90617561	0.27057335	12.68281826	-0.90672001
0.25504762	12.69373335	-0.89501568	0.25478746	12.69285025	-0.89571783
0.20716997	12.67643438	-0.87929584	0.20695444	12.67528927	-0.88019498
0.11535758	12.69175075	-0.76825540	0.11482206	12.69005314	-0.76948304
0.00229892	12.71716309	-0.64249019	0.00138928	12.71474382	-0.64412856
-0.21145405	12.74772277	-0.58296342	-0.21261498	12.74410747	-0.58528316
-0.31589832	12.78556607	-0.63513090	-0.31705242	12.78138113	-0.63776983
-0.50108229	12.84157859	-0.72563515	-0.50218152	12.83632992	-0.72889080
-0.58350655	12.84234142	-0.71566800	-0.58464748	12.83660043	-0.71919688
-0.73127780	12.80673356	-0.57641741	-0.73267428	12.80022978	-0.58038696
-0.20314187	12.49167872	-0.13553161	-0.20447886	12.48829713	-0.13758216
0.13568434	12.33782956	-0.14894776	0.13510090	12.33615251	-0.14986743
0.30414710	12.37490065	-0.22790141	0.30356150	12.37411373	-0.22832012
0.38201914	12.29228598	-0.19531199	0.38186453	12.29215539	-0.19529344
0.46895710	12.23691040	-0.23845717	0.46889907	12.23689495	-0.23841255
0.71394429	12.09210227	-0.37173859	0.71391689	12.09214128	-0.37172922
0.28813010	12.50325005	-0.37603993	0.28731442	12.50225234	-0.37664196
0.57048337	12.77746838	-0.54177363	0.56899781	12.77753505	-0.54172844
0.28221401	12.97699519	-0.53848900	0.27985014	12.97592226	-0.53915927
0.00263598	12.96807343	-0.28249583	-0.00055065	12.96558186	-0.28417698
0.06816847	13.05381391	-0.32523767	0.06470607	13.05163426	-0.32669963
0.29498292	12.85754401	-0.30255553	0.29245493	12.85654535	-0.30322958
0.00478470	12.93732826	-0.44199277	0.00220333	12.93475031	-0.44368261
0.09451286	13.02148059	-0.43367614	0.09153850	13.01939871	-0.43502828
0.35547035	12.81635025	-0.69900156	0.35421368	12.81573472	-0.69942571
0.12273573	13.00939248	-0.19436354	0.11909864	13.00753694	-0.19564370
0.21205045	12.80211216	-0.80382179	0.21110958	12.80094215	-0.80465730
0.31676816	12.74750405	-0.53855562	0.31534843	12.74658190	-0.53915155
0.31889073	12.88000578	-0.84751038	0.31776318	12.87938027	-0.84799346
0.38722509	12.43061999	-0.24938167	0.38642725	12.43015521	-0.24969329
0.21737777	13.03091389	-0.45746705	0.21449061	13.02950257	-0.45837150
0.46927253	12.68121860	-0.67044526	0.46841184	12.68096039	-0.67062060
0.69102105	12.75329457	-0.77041545	0.69013751	12.75377157	-0.77013143
0.29731753	12.92915202	-0.20853903	0.29418672	12.92815213	-0.20923650
-0.45421147	12.86671628	-0.27388525	-0.45696629	12.86194484	-0.27699096
0.11800700	13.06108606	-0.26407795	0.11433129	13.05918271	-0.26537611
0.30760239	12.93701316	-0.69467521	0.30584602	12.93617980	-0.69522493
-0.54029339	12.86348588	-0.31583933	-0.54288952	12.85823702	-0.31923339
0.19782985	13.01495793	-0.34035449	0.19463892	13.01345306	-0.34135576
0.28106798	12.44903379	-0.20753016	0.28007825	12.44807873	-0.20808434
0.08671006	13.07530336	-0.38646309	0.08333423	13.07319571	-0.38785071
0.18257864	13.05959349	-0.50075280	0.17968267	13.05801672	-0.50175576
0.24031303	12.59931282	-0.25387321	0.23878050	12.59809187	-0.25464218
0.14736838	12.91729204	-0.52227999	0.14519286	12.91554032	-0.52340908
0.26741054	12.88173995	-0.83914979	0.26624876	12.88087892	-0.83978468
0.27603579	12.83154619	-0.84212003	0.27506580	12.83073374	-0.84272837
0.20794600	13.00590605	-0.55534500	0.20548306	13.00448684	-0.55624707
0.35262815	12.79122995	-0.20440836	0.35014275	12.79049366	-0.20492857
0.48909629	12.58908073	-0.43537665	0.48806433	12.58887578	-0.43552090
0.30071409	12.75433005	-0.89360909	0.30013499	12.75371625	-0.89410977
0.14335456	12.94608531	-0.65686856	0.14143898	12.94443146	-0.65796055
0.38655903	12.37165850	-0.22537186	0.38599832	12.37130420	-0.22560666
0.35077747	12.47584764	-0.31772426	0.34993725	12.47515463	-0.31815202
0.16792064	12.85140622	-0.19917741	0.16508254	12.84979710	-0.20025859
0.38591684	12.72783665	-0.91286498	0.38546838	12.72762143	-0.91310015
0.29066975	12.78522863	-0.85560535	0.28990243	12.78450559	-0.85615798
0.10975395	13.09278499	-0.29679418	0.10602372	13.09082665	-0.29812159
0.40067032	12.60083664	-0.25196480	0.39912837	12.60032841	-0.25231713
0.20488647	12.84647306	-0.78074060	0.20371329	12.84524725	-0.78159731
0.42358382	12.71011699	-0.82985989	0.42302596	12.70987197	-0.83005379
0.82109581	12.75204799	-0.86386935	0.82032238	12.75283829	-0.86339882
0.56123117	12.79283449	-0.92757471	0.56059762	12.79303244	-0.92754077
0.32236084	12.67675346	-0.20590973	0.32036766	12.67590221	-0.20648070
0.22851329	12.74915686	-0.19144190	0.22613260	12.74786658	-0.19230064
