0.86044028	12.73544342	-0.42490556	0.86135467	12.73543723	-0.42534874
0.83024718	12.87428117	-0.45296672	0.83083843	12.87434719	-0.45329022
0.90386949	12.83310566	-0.55219111	0.90417554	12.83326882	-0.55263696
0.93679388	12.69949793	-0.53824855	0.93736743	12.69962472	-0.53881233
0.78536748	12.96539371	-0.51218898	0.78554119	12.96546449	-0.51233686
0.86378211	12.91944712	-0.59421558	0.86378972	12.91962059	-0.59451519
0.91220213	12.87687814	-0.65510568	0.91215602	12.87715432	-0.65548310
0.95108551	12.80684949	-0.65012636	0.95118294	12.80713671	-0.65061919
0.98577391	12.67751462	-0.65183796	0.98610122	12.67779151	-0.65245985
0.71397931	12.76802644	-1.16475216	0.71333630	12.76846032	-1.16465773
0.83671915	12.71750374	-1.14480230	0.83615112	12.71803950	-1.14494036
0.80519702	12.82370481	-1.07515575	0.80449712	12.82416505	-1.07514007
0.68210886	12.86962955	-1.08975569	0.68125129	12.86994965	-1.08944968
0.93888756	12.68356902	-1.08363821	0.93846554	12.68415978	-1.08397851
0.90576693	12.79456202	-1.02422562	0.90520745	12.79510056	-1.02443764
0.86604518	12.86281630	-0.97293663	0.86538340	12.86327885	-0.97303898
0.78640274	12.90340937	-0.98687735	0.78559619	12.90377368	-0.98678090
0.66347822	12.94888463	-0.99002614	0.66249316	12.94908207	-0.98961309
0.61375365	12.83278117	-0.20782254	0.61565920	12.83250588	-0.20758838
0.59204497	12.96999783	-0.25518373	0.59332896	12.96972900	-0.25486227
0.72297935	12.92268129	-0.35105056	0.72390891	12.92262166	-0.35115018
0.74680346	12.78257871	-0.31096887	0.74820239	12.78243612	-0.31115523
0.55701934	13.05613936	-0.33863403	0.55760018	13.05580904	-0.33814253
0.68323921	13.01305371	-0.42578145	0.68358736	13.01296460	-0.42570106
0.46323044	12.88121133	-1.05925967	0.46228300	12.88114843	-1.05845167
0.58995944	12.82830307	-1.13475334	0.58916304	12.82855562	-1.13433378
0.55851095	12.91998673	-1.06118853	0.55748364	12.92010240	-1.06056533
0.43420995	12.96265855	-0.98329476	0.43305963	12.96238685	-0.98225045
0.53824701	12.99347883	-0.95857244	0.53707773	12.99338146	-0.95776909
0.41362706	13.03073906	-0.87946426	0.41238352	13.03020992	-0.87822102
0.01304037	12.98023217	-0.04034203	0.01614978	12.97838205	-0.03651881
-0.11633996	12.98650247	-0.05427778	-0.11331691	12.98386220	-0.04930480
-0.12654951	13.05793477	-0.10258053	-0.12460107	13.05498369	-0.09780397
0.00016324	13.06624907	-0.08600468	0.00227241	13.06419340	-0.08236621
-0.23685759	12.97986618	-0.08212461	-0.23399866	12.97613117	-0.07588693
-0.24565743	13.03897954	-0.13253298	-0.24387975	13.03487736	-0.12653511
-0.25518132	13.07700567	-0.19928739	-0.25452608	13.07238257	-0.19343129
-0.13586389	13.10267144	-0.16961913	-0.13495865	13.09935303	-0.16493116
-0.01173996	13.11808609	-0.15267941	-0.01062795	13.11569513	-0.14912356
0.02964901	12.96138097	-0.56802366	0.02877823	12.95872220	-0.56451158
0.01289017	13.02282984	-0.54185348	0.01171382	13.01999736	-0.53823240
-0.07054932	13.02013631	-0.52652934	-0.07206233	13.01647113	-0.52223186
-0.05335671	12.96521066	-0.54230072	-0.05440800	12.96177846	-0.53802198
-0.00772957	13.07508293	-0.49377992	-0.00909520	13.07197369	-0.49006705
-0.09312362	13.06505170	-0.49000358	-0.09478333	13.06117791	-0.48558742
-0.18982898	13.04924105	-0.49839979	-0.19185441	13.04401563	-0.49283307
-0.16614628	13.01033292	-0.53518594	-0.16805063	13.00538539	-0.52970610
-0.14800900	12.96111815	-0.55342354	-0.14944448	12.95648621	-0.54802424
0.99116969	12.28717922	-0.67800967	0.99170614	12.28725353	-0.67873253
0.96803189	12.06796064	-0.69342601	0.96840574	12.06796145	-0.69413849
0.91630310	12.09420359	-0.55737162	0.91669658	12.09402453	-0.55799334
0.93468880	12.30115753	-0.54250560	0.93547216	12.30104267	-0.54320534
0.84029389	12.14408040	-0.43507909	0.84090843	12.14379893	-0.43557390
0.85164180	12.32581289	-0.41610911	0.85272877	12.32553578	-0.41668044
0.97817844	12.38107982	-1.14678484	0.97811253	12.38164380	-1.14736992
0.88272759	12.44200939	-1.21446495	0.88255587	12.44254845	-1.21488303
0.87770019	12.28248043	-1.24000179	0.87763944	12.28301455	-1.24055616
0.97030102	12.18956104	-1.16266437	0.97036054	12.19008258	-1.16337156
0.75562955	12.51828371	-1.24144318	0.75539699	12.51868348	-1.24164034
0.75126790	12.39820915	-1.27355775	0.75110636	12.39863688	-1.27388180
0.86523986	12.17779671	-1.24816263	0.86524034	12.17832167	-1.24879114
0.95108184	12.05495638	-1.16108500	0.95118655	12.05545764	-1.16187762
0.99822747	12.49681094	-0.66361730	0.99873185	12.49698969	-0.66434717
0.94406426	12.51232848	-0.53668966	0.94487166	12.51237259	-0.53736834
0.86296530	12.54024929	-0.41347786	0.86416909	12.54012497	-0.41400276
0.86592034	12.58886796	-1.18696279	0.86555542	12.58943454	-1.18726019
0.96561271	12.54584695	-1.12257671	0.96535501	12.54645220	-1.12304632
0.74023689	12.64640348	-1.21025896	0.73977089	12.64684786	-1.21034144
0.61526761	12.41579465	-0.22568343	0.61726545	12.41516397	-0.22561166
0.61891973	12.63215245	-0.20287279	0.62116582	12.63172565	-0.20270215
0.74787031	12.58231912	-0.29974532	0.74956364	12.58200013	-0.29992041
0.73866637	12.36723003	-0.31114547	0.74014884	12.36676925	-0.31145193
0.46679414	12.70541639	-1.14952501	0.46642049	12.70551998	-1.14929547
0.61036506	12.61575455	-1.21958660	0.61008920	12.61592424	-1.21955304
0.60627606	12.72049051	-1.18572406	0.60579818	12.72078270	-1.18559438
0.47078940	12.78910133	-1.11452023	0.47015032	12.78916543	-1.11404253
0.58813982	12.17371508	-0.30220595	0.58836197	12.17355203	-0.30225706
0.60625484	12.27694868	-0.26340145	0.60747981	12.27639653	-0.26349046
0.72989901	12.21295807	-0.34020148	0.73080386	12.21254072	-0.34051651
0.59930599	12.48753048	-1.25191181	0.59915563	12.48765742	-1.25192843
0.60546345	12.53485967	-1.24349660	0.60527977	12.53498828	-1.24347356
0.46137615	12.64946328	-1.16559699	0.46115022	12.64952068	-1.16545312
0.03109690	12.70159128	-0.03562439	0.03577366	12.69969623	-0.03137591
-0.11524596	12.76574669	-0.03136423	-0.11032942	12.76319108	-0.02550802
-0.11213216	12.88905469	-0.03344949	-0.10819784	12.88654601	-0.02815678
0.02648539	12.85685298	-0.02650515	0.03045191	12.85503980	-0.02242753
-0.25176471	12.80868953	-0.04518066	-0.24694194	12.80505001	-0.03776333
-0.24032723	12.90425006	-0.05479617	-0.23649440	12.90064915	-0.04808927
0.02983536	12.83302458	-0.59745051	0.02971160	12.83058782	-0.59402317
0.03394199	12.89781778	-0.58465300	0.03343773	12.89526989	-0.58118100
-0.04707063	12.90419833	-0.55157604	-0.04758859	12.90092316	-0.54728102
-0.05217188	12.83929089	-0.55500063	-0.05218946	12.83602310	-0.55060270
-0.14128885	12.90441883	-0.56139073	-0.14218932	12.89990659	-0.55593702
-0.14583760	12.84319405	-0.55940201	-0.14593805	12.83865691	-0.55378797
0.00036534	12.40280323	-0.08766737	0.00520636	12.40052436	-0.08297403
-0.13278115	12.61572385	-0.04463319	-0.12726772	12.61282286	-0.03820200
0.01663659	12.52865059	-0.05777863	0.02152201	12.52646473	-0.05324404
-0.27895471	12.59793645	-0.06452590	-0.27280461	12.59375095	-0.05561712
-0.26749343	12.68863969	-0.04896093	-0.26169190	12.68476330	-0.04058700
0.02193120	12.76686097	-0.60960313	0.02219097	12.76446207	-0.60623737
-0.06708200	12.77166308	-0.55122385	-0.06639038	12.76821362	-0.54663039
-0.08097050	12.74319674	-0.53009816	-0.07966794	12.73956498	-0.52532599
-0.16358392	12.77880325	-0.54556533	-0.16272376	12.77403561	-0.53957373
-0.36139649	12.96453600	-0.12055767	-0.35872334	12.95921526	-0.11269151
-0.36183664	13.01229321	-0.16939815	-0.36025434	13.00656126	-0.16191809
-0.47512563	12.94289418	-0.16831601	-0.47284555	12.93576268	-0.15906459
-0.46285983	12.98255992	-0.21251457	-0.46155946	12.97509774	-0.20371286
-0.44783196	13.01562588	-0.26547709	-0.44751676	13.00794595	-0.25706884
-0.35946040	13.04736175	-0.23005578	-0.35893775	13.04122872	-0.22278879
-0.27363881	12.99799859	-0.54717171	-0.27590307	12.99140092	-0.54050245
-0.25631410	12.95440109	-0.57261886	-0.25818701	12.94801630	-0.56595952
-0.29479261	13.03247440	-0.50598890	-0.29711867	13.02569136	-0.49926091
-0.39120174	13.01193168	-0.50685138	-0.39353952	13.00337905	-0.49894587
-0.37657974	12.98204113	-0.55215536	-0.37900169	12.97347708	-0.54421003
-0.36413584	12.94516332	-0.58611565	-0.36625914	12.93668488	-0.57808336
-0.25389793	12.90602146	-0.58777887	-0.25523489	12.89965402	-0.58094744
-0.36857008	12.90510264	-0.60981952	-0.37024748	12.89640462	-0.60151409
-0.37912132	12.86582581	-0.62216513	-0.38019972	12.85683654	-0.61350415
-0.26146068	12.85536065	-0.59110295	-0.26205878	12.84884856	-0.58399223
-0.50320780	12.83541243	-0.11749607	-0.49890365	12.82838044	-0.10692799
-0.51037174	12.70985243	-0.11196916	-0.50452724	12.70260939	-0.10004388
-0.58910091	12.72863501	-0.16539623	-0.58364388	12.71950318	-0.15267108
-0.58380936	12.82651495	-0.17312880	-0.57982093	12.81731225	-0.16158251
-0.50770324	12.60186164	-0.12093591	-0.50067532	12.59435966	-0.10812758
-0.58774908	12.64443193	-0.17066418	-0.58139629	12.63522556	-0.15703997
-0.64117939	12.69582271	-0.24152061	-0.63544222	12.68457506	-0.22782918
-0.64094954	12.74773050	-0.24044592	-0.63582350	12.73636097	-0.22748321
-0.63477309	12.81146333	-0.24570806	-0.63087637	12.79992439	-0.23348368
-0.40156896	12.60980687	-0.08438295	-0.39476634	12.60421464	-0.07332163
-0.39777032	12.70869935	-0.07270721	-0.39181743	12.70332693	-0.06242406
-0.38616012	12.82998002	-0.07394329	-0.38153551	12.82469548	-0.06479598
-0.47799725	12.86526535	-0.62341850	-0.47905170	12.85389566	-0.61337732
-0.48103224	12.83712207	-0.63308253	-0.48153950	12.82560280	-0.62281969
-0.38654959	12.83087875	-0.62250008	-0.38695265	12.82173241	-0.61355243
-0.56199783	12.85342664	-0.59347558	-0.56233602	12.84006337	-0.58222589
-0.56294098	12.82603820	-0.60764469	-0.56276190	12.81253175	-0.59619058
-0.39427483	12.81292649	-0.61100326	-0.39419362	12.80368136	-0.60185784
-0.27528448	12.80526278	-0.58142224	-0.27497128	12.79852936	-0.57394630
0.89744042	12.88598383	-0.90496437	0.89683556	12.88643918	-0.90514653
0.79662674	12.95248338	-0.88914294	0.79584917	12.95278763	-0.88905957
0.91524393	12.90008879	-0.81685427	0.91478838	12.90049974	-0.81711703
0.81956212	12.97214849	-0.78545321	0.81895431	12.97241527	-0.78547655
0.70852719	13.02696605	-0.74230303	0.70775871	13.02699439	-0.74205907
0.67687358	13.00298528	-0.87019375	0.67591047	13.00305488	-0.86978340
0.91787386	12.89588739	-0.72540150	0.91762168	12.89622665	-0.72573082
0.83880781	12.96320081	-0.67980736	0.83848258	12.96342507	-0.67996226
0.74481209	13.01510811	-0.61622952	0.74449108	13.01513423	-0.61615943
0.99971024	12.67255007	-0.98989276	0.99941674	12.67311792	-0.99034888
0.96171000	12.79425273	-0.94419817	0.96126217	12.79479442	-0.94454160
1.02412211	12.67264818	-0.87927840	1.02398304	12.67315396	-0.87983359
0.98282472	12.80334306	-0.84808195	0.98252811	12.80383829	-0.84851527
1.01727162	12.67115211	-0.76630297	1.01736165	12.67154025	-0.76691463
0.97850390	12.80252284	-0.74902800	0.97841157	12.80293288	-0.74951287
0.55626142	13.04722090	-0.82254634	0.55516465	13.04698238	-0.82177506
0.59582032	13.07289130	-0.67494529	0.59504863	13.07264582	-0.67434254
0.47243519	13.10984246	-0.58940150	0.47166716	13.10919691	-0.58836803
0.43209081	13.08308670	-0.73982342	0.43093572	13.08241565	-0.73858119
0.63936286	13.06216495	-0.53865196	0.63908179	13.06198609	-0.53831839
0.51555914	13.10183152	-0.45316419	0.51541011	13.10134663	-0.45241781
-0.39653442	13.02987007	-0.44909841	-0.39841706	13.02160197	-0.44128397
-0.48054060	12.99654446	-0.45319979	-0.48219521	12.98634814	-0.44417402
-0.46267757	12.98731724	-0.49640906	-0.46467054	12.97720720	-0.48746584
-0.40527392	13.03646804	-0.38595921	-0.40660932	13.02851027	-0.37815571
-0.49954622	12.99634217	-0.40751749	-0.50072219	12.98613380	-0.39835998
-0.58307838	12.95104329	-0.42635535	-0.58377879	12.93853609	-0.41578827
-0.54890575	12.95956852	-0.46227079	-0.55016313	12.94760471	-0.45213957
-0.51335716	12.96565905	-0.49171368	-0.51505275	12.95439136	-0.48202108
-0.42449369	13.03253757	-0.32387500	-0.42497643	13.02474148	-0.31583448
-0.50803378	12.99191426	-0.35548583	-0.50852948	12.98199355	-0.34624135
-0.51691011	12.97890477	-0.30397205	-0.51660909	12.96935550	-0.29460111
-0.56359358	12.95110670	-0.33062339	-0.56328167	12.94021712	-0.32049249
-0.57849528	12.94938694	-0.37717963	-0.57851529	12.93748585	-0.36676700
-0.02145125	13.11363664	-0.41169121	-0.02252505	13.11049628	-0.40797486
-0.11561318	13.09618677	-0.41844117	-0.11695076	13.09220877	-0.41389483
-0.02679112	13.13556253	-0.31628947	-0.02729234	13.13250479	-0.31257199
-0.13194536	13.11415779	-0.33132039	-0.13264396	13.11027792	-0.32671498
-0.23671927	13.08748064	-0.35503758	-0.23779283	13.08224232	-0.34936340
-0.21496692	13.07415808	-0.43393182	-0.21667914	13.06880961	-0.42829914
-0.02198059	13.13925012	-0.22979397	-0.02172832	13.13650677	-0.22619492
-0.13833645	13.11883241	-0.24712025	-0.13831762	13.11518683	-0.24247417
-0.25097201	13.09060374	-0.27496831	-0.25122740	13.08558441	-0.26921174
0.98926680	11.97532440	-1.06526117	0.98946298	11.97575236	-1.06614772
1.01237220	12.12024067	-1.06312180	1.01254470	12.12069000	-1.06392022
0.99199405	11.92992250	-0.95990941	0.99223608	11.93025804	-0.96082819
1.01897459	12.07640385	-0.94898306	1.01923630	12.07674428	-0.94980530
1.03912215	12.29438701	-0.93339833	1.03933507	12.29478660	-0.93413717
1.02662463	12.32967560	-1.04898779	1.02668841	12.33018985	-1.04967465
0.97411728	11.91295673	-0.84063475	0.97442221	11.91318348	-0.84153008
1.00330950	12.06055335	-0.82529987	1.00366225	12.06075490	-0.82610126
1.02674177	12.28253432	-0.80907607	1.02710823	12.28276798	-0.80982956
1.02212640	12.51588439	-1.02426725	1.02200998	12.51645048	-1.02485492
1.04225404	12.49783109	-0.90976770	1.04232178	12.49831089	-0.91045188
1.03270657	12.49179839	-0.78877604	1.03298322	12.49214801	-0.78951222
-0.63852013	12.82748386	-0.52982945	-0.63738214	12.81242401	-0.51731930
-0.63920341	12.79671374	-0.54105884	-0.63738464	12.78157758	-0.52832156
-0.68022175	12.80147955	-0.44158450	-0.67722946	12.78582583	-0.42826530
-0.68146772	12.76430160	-0.44705447	-0.67753107	12.74865139	-0.43350495
-0.63519126	12.77342566	-0.54252974	-0.63276107	12.75840500	-0.52968044
-0.66076679	12.78543745	-0.33415976	-0.65598868	12.77021216	-0.32062260
-0.66912319	12.74246350	-0.33825145	-0.66348129	12.72739640	-0.32459822
-0.66527008	12.70814332	-0.34044168	-0.65876309	12.69331228	-0.32661675
-0.30887684	13.05372169	-0.44323228	-0.31081954	13.04699850	-0.43648745
-0.32191009	13.06347159	-0.37014167	-0.32310543	13.05693001	-0.36332955
-0.34311012	13.06289220	-0.29861396	-0.34355781	13.05652690	-0.29163694
-0.57265601	12.88050187	-0.19226984	-0.56974740	12.87121199	-0.18150950
-0.49020204	12.90311146	-0.13640539	-0.48704180	12.89607347	-0.12663056
-0.62629148	12.85537050	-0.26043428	-0.62342329	12.84385854	-0.24882197
-0.60991095	12.88793527	-0.28163822	-0.60782441	12.87651541	-0.27053012
-0.55559445	12.91332317	-0.22036341	-0.55346577	12.90393592	-0.21012596
-0.37160751	12.90928349	-0.08963509	-0.36799712	12.90404511	-0.08128924
-0.46873441	12.89866311	-0.60673162	-0.47033167	12.88765172	-0.59704430
-0.45908175	12.93265290	-0.57992819	-0.46104472	12.92204129	-0.57057549
-0.54106130	12.91608355	-0.55417394	-0.54239669	12.90360379	-0.54369898
-0.55456417	12.88420133	-0.57723944	-0.55545318	12.87117552	-0.56632664
-0.65446611	12.86890121	-0.43694993	-0.65329362	12.85402132	-0.42455904
-0.67106214	12.83498711	-0.43902860	-0.66896219	12.81958481	-0.42609820
-0.63031081	12.85870555	-0.51930925	-0.62986672	12.84396235	-0.50716971
-0.61402299	12.89066653	-0.50481800	-0.61421889	12.87649750	-0.49317162
-0.62922046	12.90695288	-0.43399969	-0.62897765	12.89288905	-0.42234149
-0.58968908	12.92384393	-0.48284652	-0.59041168	12.91054333	-0.47185066
-0.52359259	12.94585177	-0.51754818	-0.52513762	12.93410415	-0.50754749
-0.65829857	12.82549563	-0.34419985	-0.65486408	12.81058143	-0.33132429
-0.64542357	12.86272619	-0.35571669	-0.64321902	12.84841248	-0.34343128
-0.58614518	12.92320542	-0.31033367	-0.58507937	12.91200244	-0.29978551
-0.62154306	12.90444732	-0.37163474	-0.62055945	12.89106002	-0.36012955
-0.53475284	12.94962722	-0.25851448	-0.53349854	12.94022301	-0.24877788
-0.45632203	12.96397230	-0.54075351	-0.45840332	12.95368031	-0.53166429
0.19512538	13.11463860	-0.17205282	0.19627217	13.11331400	-0.16993225
0.15936551	13.15107936	-0.25622846	0.15962163	13.14941843	-0.25393991
0.18696093	13.13964529	-0.27196027	0.18720684	13.13810254	-0.26980891
0.22714042	13.10201099	-0.18470336	0.22829946	13.10080737	-0.18273757
0.13358272	13.15600390	-0.34988697	0.13307275	13.15400361	-0.34737801
0.15988555	13.14565858	-0.36776786	0.15940207	13.14381927	-0.36539346
0.19148997	13.13078651	-0.28199995	0.19173103	13.12925534	-0.27984912
0.23150209	13.09359879	-0.19110970	0.23266313	13.09239841	-0.18914988
0.19791124	13.13862411	-0.28337879	0.19811567	13.13711225	-0.28127427
0.23698563	13.10025448	-0.18627099	0.23815412	13.09908064	-0.18434953
0.17372462	13.14410411	-0.38540155	0.17320073	13.14232904	-0.38309745
0.21704059	13.15094184	-0.41316781	0.21641505	13.14936679	-0.41111923
0.24373170	13.14473132	-0.30299682	0.24382637	13.14338290	-0.30113735
0.28226168	13.10429043	-0.19889975	0.28333190	13.10326916	-0.19723929
0.28250039	12.93094064	-0.05265546	0.28548318	12.93011105	-0.05074271
0.23985806	13.04639416	-0.09839823	0.24192943	13.04537321	-0.09645365
0.27556855	13.03395909	-0.11117488	0.27758538	13.03302650	-0.10942738
0.32110192	12.91810283	-0.06785257	0.32396009	12.91736302	-0.06623741
0.28564956	13.03208336	-0.11200160	0.28764792	13.03117563	-0.11030441
0.33180012	12.91624938	-0.07167035	0.33459074	12.91552868	-0.07011122
0.33036444	13.03138261	-0.12116116	0.33228899	13.03063049	-0.11972529
0.37498880	12.90885507	-0.07924148	0.37770282	12.90823242	-0.07791737
0.40297747	12.71916042	-0.08332642	0.40624076	12.71849047	-0.08207314
0.36351679	12.73270402	-0.07750802	0.36684454	12.73197080	-0.07605207
0.41950425	12.52230673	-0.11464932	0.42283476	12.52149266	-0.11354061
0.38293358	12.54644824	-0.10852226	0.38636426	12.54560415	-0.10720152
0.35285720	12.73483034	-0.07234181	0.35628353	12.73407806	-0.07082583
0.37147852	12.54913962	-0.10310214	0.37500822	12.54827286	-0.10170671
0.32789412	12.56245150	-0.08253706	0.33169937	12.56147771	-0.08078988
0.31231499	12.75179526	-0.05394637	0.31593619	12.75094947	-0.05209578
0.26440151	12.78007901	-0.91168145	0.26388869	12.77937277	-0.91044433
0.25372477	12.84934967	-0.88516413	0.25298366	12.84847249	-0.88363739
0.23529371	12.85398722	-0.82486415	0.23460932	12.85289734	-0.82314517
0.24657215	12.79398610	-0.84986929	0.24605569	12.79304135	-0.84838235
0.23789899	12.92005110	-0.83329654	0.23696442	12.91893588	-0.83150577
0.21882065	12.91767055	-0.77666200	0.21795502	12.91639870	-0.77472694
0.22558299	12.91323349	-0.75881278	0.22474806	12.91195858	-0.75687154
0.24758108	12.79957314	-0.82871666	0.24705505	12.79859092	-0.82715817
0.21865351	12.85390872	-0.80911084	0.21790183	12.85272857	-0.80717566
0.22412504	12.79737490	-0.83315374	0.22353697	12.79632695	-0.83140901
0.20745999	12.91668316	-0.76591806	0.20653796	12.91532475	-0.76383433
0.16671626	12.92758392	-0.74931490	0.16574871	12.92598240	-0.74692932
0.17511793	12.86129421	-0.78880855	0.17434102	12.85987146	-0.78660216
0.17800788	12.79834781	-0.81078724	0.17745359	12.79704171	-0.80875002
0.26983456	12.71093728	-0.93861717	0.26951552	12.71038366	-0.93768401
0.25483421	12.73369275	-0.87549594	0.25451115	12.73290816	-0.87426263
0.25651517	12.74884233	-0.85244496	0.25613423	12.74798523	-0.85108762
0.27463413	12.71307980	-0.86705345	0.27437862	12.71236243	-0.86592493
0.23350632	12.74037483	-0.86132000	0.23308414	12.73945655	-0.85981542
0.18531226	12.73168482	-0.84162425	0.18496840	12.73054622	-0.83981102
0.30750206	12.32204606	-0.15197744	0.31103144	12.32100991	-0.15048228
0.32616219	12.41937420	-0.11810377	0.32970737	12.41842991	-0.11658400
0.37124488	12.41799510	-0.13708446	0.37440530	12.41713132	-0.13593629
0.35421932	12.34907770	-0.17043245	0.35712448	12.34831656	-0.16940622
0.37477876	12.43072666	-0.14449660	0.37785262	12.42987868	-0.14335999
0.38374517	12.41087100	-0.14283189	0.38673928	12.40999323	-0.14177795
0.36342267	12.34409459	-0.17793245	0.36557415	12.34341006	-0.17704941
0.41823743	12.37689753	-0.15316528	0.42088213	12.37595507	-0.15237908
0.11878829	13.12942589	-0.45349657	0.11772947	13.12719844	-0.45074470
0.14922614	13.11729962	-0.46887973	0.14824419	13.11527705	-0.46631965
0.12015280	13.07733156	-0.56128513	0.11884975	13.07512311	-0.55846852
0.15620034	13.06350325	-0.57356560	0.15501944	13.06155513	-0.57098050
0.16166607	13.10651455	-0.47613971	0.16075209	13.10458240	-0.47365654
0.16754647	13.11302304	-0.47664284	0.16663425	13.11111275	-0.47420883
0.17618824	13.05751528	-0.57071504	0.17514484	13.05569700	-0.56827538
0.20191011	13.06370184	-0.61110104	0.20080729	13.06203715	-0.60881515
0.20253686	13.11985566	-0.51059508	0.20154882	13.11814143	-0.50837071
0.21707013	12.99462369	-0.73056070	0.21600570	12.99323381	-0.72848102
0.19628445	12.98906591	-0.68145886	0.19530388	12.98752349	-0.67922632
0.18131230	12.99166985	-0.68013178	0.18023849	12.99003862	-0.67776071
0.14239272	13.00506069	-0.66686782	0.14120229	13.00317751	-0.66419817
0.40614628	13.08816226	-0.25667222	0.40697021	13.08750104	-0.25561196
0.44683558	13.00860819	-0.17378414	0.44849134	13.00811342	-0.17288773
0.47924702	12.87788453	-0.12794717	0.48158245	12.87742650	-0.12714916
0.30861253	12.98655854	-0.85254359	0.30745303	12.98568463	-0.85097008
0.33283835	12.91019228	-0.94333907	0.33186064	12.90964966	-0.94204159
0.29109120	13.05478612	-0.73953174	0.28987566	13.05367646	-0.73778952
0.16327795	12.95665096	-0.04179093	0.16636274	12.95545693	-0.03907766
0.13519620	13.05967309	-0.08719729	0.13733389	13.05827468	-0.08454874
0.10703462	13.12123559	-0.15721288	0.10819662	13.11951790	-0.15452126
0.08494814	13.01609252	-0.60479847	0.08378872	13.01374734	-0.60172648
0.06441105	13.08036621	-0.52612179	0.06311300	13.07780571	-0.52292673
0.10567616	12.94567876	-0.66038362	0.10484961	12.94363550	-0.65752412
0.49610104	12.68198633	-0.12800750	0.49895926	12.68145549	-0.12728141
0.50323938	12.47076885	-0.15713722	0.50598220	12.46997611	-0.15653883
0.34252045	12.83045227	-0.99826482	0.34176722	12.83012788	-0.99731318
0.34417447	12.75614203	-1.02887817	0.34362909	12.75594349	-1.02817554
0.49672112	12.33266934	-0.19764198	0.49850762	12.33183971	-0.19739085
0.34357852	12.69653153	-1.04904826	0.34322215	12.69640347	-1.04859230
0.18961160	12.46458315	-0.08563141	0.19389327	12.46321198	-0.08278307
0.19649062	12.62123219	-0.05627077	0.20073325	12.61990914	-0.05343749
0.11046264	12.74665288	-0.73228306	0.11031851	12.74494389	-0.72981103
0.10983110	12.81471507	-0.70774448	0.10946459	12.81289916	-0.70511570
0.18596863	12.80169025	-0.03594993	0.18982122	12.80048490	-0.03312326
0.11088854	12.87962806	-0.68921035	0.11027176	12.87771613	-0.68646229
0.33141083	13.13817382	-0.49201943	0.33068958	13.13708900	-0.49049939
0.30229286	13.10875063	-0.61736476	0.30118149	13.10753719	-0.61562193
0.36664944	13.13105404	-0.36742069	0.36660639	13.13014441	-0.36613335
0.06663437	13.15113165	-0.32765552	0.06617334	13.14870897	-0.32467962
0.05892324	13.12623309	-0.42881098	0.05784943	13.12361714	-0.42568376
0.08353159	13.15069740	-0.23734455	0.08383577	13.14864526	-0.23453559
0.88185665	11.96517169	-0.58868799	0.88195622	11.96516484	-0.58930202
0.81676000	12.01719950	-0.47386000	0.81676000	12.01719950	-0.47386000
0.92269270	11.93745744	-0.71903089	0.92296477	11.93755005	-0.71984351
0.91083011	12.00392325	-0.72364822	0.91116470	12.00400714	-0.72440573
0.87576298	12.05038173	-0.63648580	0.87609059	12.05035906	-0.63713505
0.80876298	12.11278614	-0.53207025	0.80920002	12.11264125	-0.53251135
0.95563388	11.93048973	-0.84398688	0.95594633	11.93072326	-0.84486458
0.97412550	11.94690841	-0.95564706	0.97437442	11.94724233	-0.95653939
0.94300611	12.06496060	-0.93833281	0.94328006	12.06527553	-0.93910833
0.92943161	12.03418121	-0.82052405	0.92977436	12.03439170	-0.82130624
0.97305320	11.98963217	-1.04879477	0.97326039	11.99004570	-1.04965894
0.93805844	12.06487502	-1.13519574	0.93818383	12.06535233	-1.13596917
0.91525401	12.12752505	-1.11235838	0.91538166	12.12797666	-1.11306303
0.93971947	12.10029009	-1.03604735	0.93992417	12.10068430	-1.03678818
0.85688198	12.18351429	-1.22517419	0.85689953	12.18401746	-1.22579058
0.74015412	12.33461993	-1.27402773	0.74004022	12.33504010	-1.27440371
0.74496595	12.36251278	-1.20213666	0.74491235	12.36286784	-1.20247998
0.85570388	12.22913606	-1.16228378	0.85575519	12.22958792	-1.16285844
0.59993534	12.48356629	-1.23779892	0.59980708	12.48368034	-1.23782087
0.47017757	12.61383481	-1.15204201	0.47003419	12.61386399	-1.15193065
0.49420000	12.61570000	-1.07906000	0.49420000	12.61570000	-1.07906000
0.61447000	12.50220000	-1.16283000	0.61447000	12.50220000	-1.16283000
0.38211236	12.64717876	-1.04847390	0.38196777	12.64712075	-1.04826866
0.33170703	12.64677621	-0.95451674	0.33160765	12.64653311	-0.95414606
0.37140000	12.64100070	-0.89641000	0.37140000	12.64100070	-0.89641000
0.41679000	12.64250090	-0.98287004	0.41679000	12.64250090	-0.98287004
0.31397172	12.67732550	-0.89291833	0.31383370	12.67686163	-0.89220203
0.30995122	12.70405214	-0.86424118	0.30974611	12.70346288	-0.86332047
0.33932190	12.69150349	-0.80725505	0.33923771	12.69087885	-0.80635697
0.34837340	12.66721034	-0.83649615	0.34834204	12.66674796	-0.83586703
0.30092094	12.69126275	-0.86774304	0.30072613	12.69065074	-0.86676510
0.25846457	12.68013213	-0.83631570	0.25834874	12.67931139	-0.83504220
0.30023428	12.67728651	-0.76781721	0.30029233	12.67649938	-0.76667492
0.33825910	12.68008663	-0.80582620	0.33819908	12.67945984	-0.80491136
0.15463205	12.71205134	-0.70224187	0.15475477	12.71053963	-0.70007290
0.02745989	12.76024266	-0.55354323	0.02810921	12.75778871	-0.55014335
0.03354527	12.79813274	-0.47570660	0.03441833	12.79571980	-0.47218455
0.18033234	12.72712352	-0.62697780	0.18063485	12.72562505	-0.62481520
-0.08511081	12.79580699	-0.48123783	-0.08388281	12.79219008	-0.47636853
-0.19327979	12.81894849	-0.47647996	-0.19213644	12.81396844	-0.47017226
-0.19877625	12.88808801	-0.41627756	-0.19802812	12.88325332	-0.41010154
-0.08732235	12.85573503	-0.41040401	-0.08620783	12.85221882	-0.40548259
-0.30197024	12.82719665	-0.52805903	-0.30133150	12.82022962	-0.52028219
-0.40443785	12.82393245	-0.58696965	-0.40421596	12.81460682	-0.57770755
-0.42004073	12.84998963	-0.53388018	-0.41967674	12.84066224	-0.52453082
-0.31350371	12.87995548	-0.47260067	-0.31317255	12.87306739	-0.46492110
-0.49271627	12.81083709	-0.60573120	-0.49221480	12.79919970	-0.59512343
-0.56740096	12.79138915	-0.58488464	-0.56601333	12.77791371	-0.57310836
-0.56288706	12.79412052	-0.54958372	-0.56115332	12.78102266	-0.53787412
-0.51081359	12.81472127	-0.55519554	-0.50978015	12.80295931	-0.54435706
-0.62915879	12.76528355	-0.52400194	-0.62627513	12.75055721	-0.51117285
-0.66049746	12.73634508	-0.43860807	-0.65576086	12.72130313	-0.42516455
-0.62506383	12.76030851	-0.41339337	-0.62063066	12.74625647	-0.40045536
-0.60317457	12.78060122	-0.49606539	-0.60033870	12.76674877	-0.48365341
-0.65061139	12.70680001	-0.34062453	-0.64409345	12.69240653	-0.32689279
-0.62832057	12.68789311	-0.25115682	-0.62250918	12.67671546	-0.23744867
-0.60653540	12.69604706	-0.26515627	-0.60078351	12.68499223	-0.25166492
-0.61714589	12.72423681	-0.32682757	-0.61111299	12.71117141	-0.31353846
-0.57717116	12.63082300	-0.18739277	-0.57082630	12.62157938	-0.17379806
-0.49897612	12.58587678	-0.14082961	-0.49199706	12.57826815	-0.12802227
-0.48937825	12.64445239	-0.17823856	-0.48339281	12.63666663	-0.16603900
-0.56567624	12.67093891	-0.22303289	-0.55981794	12.66133394	-0.20984749
-0.39669525	12.59909651	-0.10545946	-0.39004289	12.59338490	-0.09441761
-0.27778569	12.59243735	-0.08598944	-0.27193519	12.58822860	-0.07715013
-0.26442354	12.64679012	-0.11828949	-0.25926077	12.64263045	-0.10982657
-0.38543418	12.65634419	-0.14124786	-0.37980308	12.65051841	-0.13082872
-0.14822713	12.49767622	-0.09007501	-0.14311761	12.49462585	-0.08348447
-0.00462043	12.38759632	-0.11143516	-0.00002774	12.38531129	-0.10670709
-0.00476809	12.45757226	-0.14255006	-0.00064140	12.45530787	-0.13784634
-0.13946291	12.56093809	-0.12012678	-0.13483567	12.55794050	-0.11369293
0.15194954	12.33154901	-0.14297487	0.15597131	12.32996402	-0.13990582
0.27570928	12.31567919	-0.17691964	0.27908646	12.31456078	-0.17514615
0.25136410	12.37597741	-0.22722777	0.25408861	12.37490269	-0.22514975
0.13906782	12.39911277	-0.18343953	0.14252448	12.39752993	-0.18022102
0.32157256	12.35201550	-0.20145189	0.32430106	12.35123222	-0.20014139
0.30424815	12.43664877	-0.26940258	0.30648238	12.43594166	-0.26784592
0.29675256	12.40842336	-0.25505425	0.29909981	12.40765522	-0.25343451
0.32751098	12.34528400	-0.21569213	0.32947037	12.34494222	-0.21459375
0.34620000	12.27620000	-0.23202000	0.34620000	12.27620000	-0.23202000
0.33068281	12.33282233	-0.28534070	0.33222994	12.33261283	-0.28451057
0.30193698	12.39636326	-0.27162495	0.30401074	12.39586269	-0.27024013
0.44425997	12.21770000	-0.27141000	0.44425997	12.21770000	-0.27141000
0.57587000	12.16340070	-0.32883000	0.57587000	12.16340070	-0.32883000
0.57570764	12.24131568	-0.38334844	0.57657910	12.24105670	-0.38337874
0.43543657	12.28474705	-0.32584283	0.43652008	12.28446601	-0.32551633
0.70622003	12.08180000	-0.39380000	0.70622003	12.08180000	-0.39380000
0.70470751	12.17944314	-0.44968144	0.70539510	12.17921508	-0.44995610
0.76321993	12.39428862	-1.05117113	0.76328349	12.39458395	-1.05148065
0.86510981	12.24558640	-1.05183962	0.86524474	12.24596784	-1.05241036
0.78441150	12.37702022	-0.86341993	0.78466600	12.37719240	-0.86377071
0.87554625	12.22355101	-0.91157161	0.87582395	12.22382205	-0.91217601
0.79897536	12.26152862	-0.67622019	0.79951685	12.26152405	-0.67667103
0.87641674	12.14889839	-0.75937928	0.87682928	12.14901133	-0.76000125
0.53369098	12.60773522	-0.90223533	0.53360680	12.60767354	-0.90204088
0.64707585	12.52269224	-0.99158440	0.64705881	12.52282798	-0.99164885
0.56871404	12.53746652	-0.69076296	0.56911274	12.53726731	-0.69055343
0.68018116	12.47827091	-0.78266578	0.68043879	12.47827863	-0.78275987
0.57806213	12.38490476	-0.51077871	0.57903943	12.38462807	-0.51066112
0.69760389	12.33899773	-0.59127307	0.69831023	12.33886938	-0.59149989
-0.20515934	12.88424837	-0.33021719	-0.20380962	12.87968095	-0.32394024
-0.09669805	12.84924619	-0.32192687	-0.09500546	12.84585232	-0.31679496
-0.21754121	12.82767850	-0.24005020	-0.21492069	12.82341823	-0.23334615
-0.11001145	12.78584223	-0.23449512	-0.10725144	12.78264325	-0.22897065
0.00454642	12.72417141	-0.27897642	0.00698018	12.72181662	-0.27475977
0.02069435	12.79043138	-0.37769939	0.02210754	12.78805013	-0.37388831
-0.24060109	12.73730942	-0.16959047	-0.23657766	12.73320495	-0.16199389
-0.12541126	12.67255392	-0.16784264	-0.12160557	12.66946133	-0.16178426
-0.00293435	12.59227859	-0.19970070	0.00040481	12.59000447	-0.19516292
-0.54034882	12.82903679	-0.47057476	-0.53860074	12.81718626	-0.45944732
-0.56085398	12.81699190	-0.37487120	-0.55775068	12.80537383	-0.36338047
-0.46790788	12.86376333	-0.32464125	-0.46583530	12.85508070	-0.31476420
-0.44427433	12.87791868	-0.43419562	-0.44340552	12.86879952	-0.42472462
-0.56300032	12.74950119	-0.28811611	-0.55817677	12.73906360	-0.27582326
-0.47885108	12.76203238	-0.23807654	-0.47454436	12.75393139	-0.22700514
-0.32722880	12.89526549	-0.37741499	-0.32630616	12.88873513	-0.36969582
-0.34429717	12.86119123	-0.27456009	-0.34205892	12.85515372	-0.26637318
-0.36566724	12.76185770	-0.19641899	-0.36164683	12.75590846	-0.18712559
0.29809249	12.63471446	-0.64237919	0.29853679	12.63376223	-0.64099833
0.33919467	12.63221705	-0.66767127	0.33955917	12.63142773	-0.66654827
0.27667733	12.56735742	-0.49001755	0.27781971	12.56634692	-0.48827890
0.32272161	12.56731591	-0.50191888	0.32381374	12.56647043	-0.50045388
0.32694818	12.58547476	-0.48667976	0.32803864	12.58465498	-0.48526294
0.34020829	12.64647954	-0.65927485	0.34055849	12.64568128	-0.65815403
0.34690690	12.62918464	-0.68244831	0.34721244	12.62843041	-0.68141582
0.32881042	12.57146721	-0.50179617	0.32983749	12.57068347	-0.50043506
0.36002479	12.55206907	-0.54394468	0.36091885	12.55136170	-0.54280346
0.37535134	12.61120359	-0.73432924	0.37556660	12.61057520	-0.73350560
0.33898998	12.43852131	-0.39144628	0.34051624	12.43799156	-0.39029018
0.30831260	12.48433712	-0.36585021	0.31003452	12.48362321	-0.36435225
0.30327527	12.48780956	-0.36014416	0.30508372	12.48699167	-0.35852662
0.25626736	12.47275556	-0.34175431	0.25816132	12.47178811	-0.33982006
0.45158763	12.55175889	-0.60898445	0.45226562	12.55130132	-0.60829044
0.43987256	12.62021346	-0.81245792	0.43987706	12.61990581	-0.81200894
0.44331104	12.41056524	-0.44250592	0.44454304	12.41020012	-0.44194123
0.15134978	12.63187334	-0.39086371	0.15297228	12.63025582	-0.38806276
0.17236871	12.70269745	-0.51575252	0.17320617	12.70113467	-0.51328985
0.13835345	12.51462235	-0.27273633	0.14084547	12.51301641	-0.26961449
0.16627116	13.13637380	-0.38011939	0.16579697	13.13456969	-0.37776427
0.27862491	13.02755804	-0.11832194	0.28060569	13.02661866	-0.11657962
0.32292322	12.91458328	-0.07730460	0.32569714	12.91383519	-0.07569849
0.35452398	12.73410583	-0.08291403	0.35783216	12.73335323	-0.08141057
0.37397460	12.55357034	-0.11315485	0.37739871	12.55272286	-0.11178261
0.23952324	12.85303235	-0.80376037	0.23885330	12.85191674	-0.80200300
0.35800108	12.37152711	-0.17764281	0.36064411	12.37080687	-0.17658287
0.17434111	13.05229870	-0.57338487	0.17329934	13.05048032	-0.57092601
0.19995190	12.98392686	-0.67489110	0.19900206	12.98239781	-0.67267133
0.89604365	11.95971244	-0.57530298	0.89611980	11.95968438	-0.57592175
0.82741136	12.01952612	-0.45683726	0.82742919	12.01950157	-0.45686211
0.93992033	11.92299816	-0.71047777	0.94016929	11.92307427	-0.71129362
0.74343779	12.33331109	-1.28958621	0.74330675	12.33375022	-1.28996941
0.46038536	12.61966295	-1.16555514	0.46021448	12.61970012	-1.16542553
0.35242979	12.65772348	-1.05622774	0.35220990	12.65761087	-1.05589321
0.28686945	12.66023795	-0.95610916	0.28671925	12.65982331	-0.95548547
0.27297266	12.68918703	-0.89295194	0.27278775	12.68856118	-0.89200772
0.25585387	12.69957716	-0.87764097	0.25552065	12.69880327	-0.87633953
0.20825230	12.68450159	-0.85776739	0.20803983	12.68352445	-0.85620225
0.12227358	12.70317767	-0.73853557	0.12231394	12.70158425	-0.73623958
0.01820085	12.73165044	-0.60147890	0.01871760	12.72923123	-0.59813326
-0.18277812	12.75564925	-0.51829843	-0.18123434	12.75066220	-0.51196624
-0.29027331	12.78578358	-0.55970297	-0.28934981	12.77886942	-0.55193278
-0.48388666	12.81776288	-0.62921101	-0.48387589	12.80619029	-0.61878235
-0.56287414	12.80446284	-0.60850603	-0.56213407	12.79094473	-0.59689816
-0.67452565	12.73741192	-0.44874153	-0.66993962	12.72198137	-0.43514571
-0.14796578	12.50728487	-0.06747058	-0.14254697	12.50422964	-0.06083661
0.17106414	12.34757392	-0.11927151	0.17526704	12.34605478	-0.11636484
0.32718418	12.38068102	-0.21431059	0.32960710	12.38001577	-0.21303330
0.38864558	12.29063594	-0.19478176	0.38935723	12.29012012	-0.19469024
0.47281615	12.23483110	-0.23844002	0.47331272	12.23444558	-0.23836039
0.71470914	12.09152493	-0.37223397	0.71479184	12.09149194	-0.37229885
0.30981877	12.51106761	-0.35871652	0.31159847	12.51027809	-0.35716986
0.59068902	12.77616480	-0.54012365	0.59117267	12.77588341	-0.53978907
0.30838588	12.98401565	-0.52034657	0.30814634	12.98289775	-0.51870961
0.04841660	12.98420764	-0.24003312	0.04977105	12.98204478	-0.23660242
0.11133241	13.06799818	-0.28969343	0.11181131	13.06604067	-0.28688576
0.33482068	12.86497236	-0.28494065	0.33637289	12.86410809	-0.28344202
0.03802501	12.95523181	-0.39825047	0.03837194	12.95279777	-0.39475758
0.12912842	13.03574903	-0.39986825	0.12905414	13.03377507	-0.39714644
0.36850054	12.81977248	-0.68647233	0.36825670	12.81899262	-0.68528532
0.17604846	13.02285400	-0.16367905	0.17775243	13.02146054	-0.16125885
0.22012597	12.80948308	-0.78230567	0.21964896	12.80829923	-0.78048511
0.33734681	12.75411030	-0.52246045	0.33792667	12.75321381	-0.52106955
0.32691686	12.88312431	-0.83327303	0.32615070	12.88234838	-0.83190249
0.41129838	12.43282398	-0.23946708	0.41353304	12.43218179	-0.23856672
0.25050617	13.04039351	-0.43451696	0.25038288	13.03902354	-0.43257473
0.48046080	12.68258971	-0.66417111	0.48065992	12.68213992	-0.66355121
0.69996878	12.74906152	-0.77328503	0.69984635	12.74911305	-0.77322497
0.34614934	12.93692501	-0.19118780	0.34802711	12.93614529	-0.18975204
-0.40129339	12.86855804	-0.18331980	-0.39818032	12.86239851	-0.17434255
0.16653122	13.07442599	-0.23329760	0.16744956	13.07287867	-0.23089708
0.32372287	12.94170743	-0.67892900	0.32304488	12.94072022	-0.67743521
-0.48798201	12.85335778	-0.21570561	-0.48485593	12.84547422	-0.20551053
0.23919462	13.02552620	-0.31578777	0.23981266	13.02420200	-0.31379269
0.31202652	12.45564269	-0.19035785	0.31490389	12.45480670	-0.18876895
0.12528338	13.08908777	-0.35279080	0.12518105	13.08710645	-0.35011601
0.21301515	13.06972823	-0.47532646	0.21246038	13.06813697	-0.47316629
0.27559072	12.60799111	-0.23195244	0.27814241	12.60696531	-0.22999777
0.17328395	12.92916871	-0.49288703	0.17328971	12.92746055	-0.49042653
0.27576358	12.88645002	-0.82164837	0.27496377	12.88547148	-0.82004301
0.28324875	12.83615269	-0.82569425	0.28262169	12.83525269	-0.82423241
0.23355489	13.01496687	-0.53164448	0.23302589	13.01349884	-0.52956868
0.39643037	12.79639647	-0.19033890	0.39866931	12.79567770	-0.18912004
0.50958540	12.58983101	-0.42979389	0.51089108	12.58937598	-0.42924531
0.30482772	12.75801716	-0.88072538	0.30442758	12.75739422	-0.87966178
0.16178638	12.95636959	-0.62812904	0.16110640	12.95464369	-0.62565177
0.40704529	12.37205296	-0.21737067	0.40916702	12.37134534	-0.21663107
0.37417383	12.48079154	-0.30497170	0.37620523	12.48013480	-0.30383126
0.21696412	12.86277565	-0.17088063	0.21934981	12.86150084	-0.16847290
0.38919279	12.72892441	-0.90632914	0.38891312	12.72865253	-0.90575524
0.29638068	12.78943091	-0.84099834	0.29589078	12.78865042	-0.83974368
0.15583579	13.10596378	-0.26557291	0.15630234	13.10427899	-0.26315222
0.43424476	12.60389018	-0.24115634	0.43659744	12.60327523	-0.24017386
0.21496144	12.85396559	-0.75824114	0.21436034	12.85268298	-0.75628946
0.42858430	12.71118803	-0.82326724	0.42838786	12.71078407	-0.82262601
0.82788477	12.74566040	-0.87025210	0.82762997	12.74595390	-0.87040834
0.56481691	12.79097019	-0.92528161	0.56430477	12.79095372	-0.92485536
0.36258099	12.68254765	-0.18983513	0.36511848	12.68173720	-0.18841868
0.27422161	12.75840466	-0.16819431	0.27689204	12.75736062	-0.16618547
