0.86111904	12.73333881	-0.42661702	0.86238347	12.73268297	-0.42726054
0.83550843	12.87193307	-0.45628708	0.83717441	12.87131715	-0.45700903
0.91008306	12.82836181	-0.55473742	0.91151615	12.82750850	-0.55550665
0.93888326	12.69464787	-0.53924905	0.93993248	12.69374479	-0.53995112
0.79500663	12.96331344	-0.51724104	0.79690738	12.96277537	-0.51799925
0.87339300	12.91492591	-0.59823076	0.87504407	12.91413888	-0.59903157
0.92104452	12.87049614	-0.65851218	0.92248002	12.86955154	-0.65932602
0.95774204	12.79989735	-0.65242371	0.95897186	12.79886822	-0.65322142
0.98872093	12.67028014	-0.65263644	0.98959434	12.66919638	-0.65337608
0.72155258	12.76100963	-1.16921687	0.72204148	12.76039772	-1.16967910
0.84341374	12.70811903	-1.14824087	0.84383584	12.70720186	-1.14881220
0.81488642	12.81545454	-1.08031563	0.81565495	12.81461329	-1.08095154
0.69335783	12.86385134	-1.09654272	0.69420180	12.86328624	-1.09708423
0.94452201	12.67254648	-1.08619509	0.94493201	12.67137883	-1.08686689
0.91450113	12.78457205	-1.02826257	0.91526815	12.78349909	-1.02898743
0.87697798	12.85406559	-0.97800028	0.87798622	12.85309906	-0.97874612
0.79882815	12.89629172	-0.99318666	0.79991687	12.89549216	-0.99388753
0.67783968	12.94449502	-0.99831086	0.67904437	12.94397563	-0.99893727
0.60970047	12.83801692	-0.21451720	0.61148513	12.83814197	-0.21502518
0.59473135	12.97548905	-0.26325936	0.59696151	12.97566592	-0.26383918
0.72699989	12.92365375	-0.35595787	0.72894427	12.92338170	-0.35661053
0.74515015	12.78397743	-0.31447788	0.74666233	12.78367588	-0.31505103
0.56598618	13.06215738	-0.34842609	0.56844564	13.06239816	-0.34904926
0.69283237	13.01438154	-0.43244705	0.69501659	13.01417731	-0.43314251
0.47547273	12.88112631	-1.06862495	0.47637041	12.88109367	-1.06897145
0.59961784	12.82413641	-1.14138224	0.60027524	12.82379721	-1.14177843
0.57201439	12.91730693	-1.07006380	0.57303070	12.91702878	-1.07054279
0.45020583	12.96499550	-0.99528367	0.45150048	12.96509252	-0.99572624
0.55514387	12.99323529	-0.96967168	0.55656244	12.99306758	-0.97025214
0.43263666	13.03618840	-0.89383082	0.43434238	13.03645417	-0.89436409
0.00399902	13.00841439	-0.07265611	0.00656404	13.01070225	-0.07281693
-0.12447825	13.02232616	-0.09439991	-0.12187992	13.02508479	-0.09448899
-0.12592060	13.09525968	-0.14168062	-0.12308106	13.09800744	-0.14179538
-0.00065703	13.09539377	-0.11746265	0.00219775	13.09768148	-0.11765064
-0.24354819	13.02547174	-0.13043953	-0.24096235	13.02866800	-0.13046926
-0.24369950	13.08632880	-0.17951717	-0.24091310	13.08950673	-0.17957007
-0.24456343	13.12679320	-0.24546615	-0.24165862	13.12995101	-0.24553358
-0.12735131	13.14152917	-0.20828921	-0.12437863	13.14425674	-0.20841924
-0.00489440	13.14884236	-0.18378681	-0.00188685	13.15112421	-0.18398834
0.04733301	12.98986334	-0.59656648	0.04945133	12.99178179	-0.59671747
0.03348800	13.05259025	-0.57165321	0.03585492	13.05457254	-0.57183499
-0.04770490	13.05587495	-0.56102853	-0.04527785	13.05815522	-0.56116017
-0.03447185	12.99941213	-0.57613015	-0.03227291	13.00163009	-0.57624348
0.01499370	13.10720712	-0.52480209	0.01760881	13.10929403	-0.52500399
-0.06841837	13.10271988	-0.52574031	-0.06578929	13.10509825	-0.52588336
-0.16241921	13.09638041	-0.54161017	-0.15978482	13.09911407	-0.54171744
-0.14046740	13.05484430	-0.57711876	-0.13801215	13.05747109	-0.57722094
-0.12649792	13.00337721	-0.59407832	-0.12425512	13.00593120	-0.59416206
0.98704637	12.28162788	-0.67623011	0.98692067	12.28062675	-0.67676498
0.96246144	12.06339093	-0.69050112	0.96186099	12.06248647	-0.69086043
0.91218953	12.09273509	-0.55472522	0.91194265	12.09215370	-0.55501321
0.92967049	12.29862737	-0.54036269	0.92973442	12.29789757	-0.54079829
0.83555474	12.14517061	-0.43293041	0.83551164	12.14491550	-0.43312103
0.84502135	12.32608437	-0.41450099	0.84521066	12.32562146	-0.41485513
0.97604074	12.36942431	-1.14639334	0.97554459	12.36813259	-1.14695201
0.88180617	12.43173794	-1.21473411	0.88141594	12.43069455	-1.21519940
0.87311776	12.27219380	-1.23851793	0.87220245	12.27116130	-1.23889778
0.96419348	12.17825568	-1.16047063	0.96312198	12.17699040	-1.16092616
0.75660577	12.51154361	-1.24238339	0.75648995	12.51094296	-1.24270351
0.74900448	12.39109246	-1.27297092	0.74841105	12.39047880	-1.27322772
0.85849772	12.16761611	-1.24546781	0.85724574	12.16662404	-1.24576529
0.94277065	12.04391257	-1.15722514	0.94132579	12.04271584	-1.15756246
0.99718925	12.49028212	-0.66270826	0.99757702	12.48921270	-0.66334715
0.94161515	12.50817302	-0.53582837	0.94215651	12.50730976	-0.53641198
0.85846859	12.53898963	-0.41346814	0.85916321	12.53837892	-0.41398404
0.86907329	12.57890844	-1.18861282	0.86914543	12.57793953	-1.18911903
0.96766170	12.53416520	-1.12370878	0.96765753	12.53291097	-1.12433355
0.74475583	12.63934891	-1.21289687	0.74494628	12.63874769	-1.21330752
0.60342210	12.42197668	-0.22857407	0.60382783	12.42203011	-0.22882495
0.60917606	12.63793604	-0.20776302	0.61030081	12.63803182	-0.20813898
0.74086086	12.58477712	-0.30209935	0.74174556	12.58450422	-0.30254714
0.72975812	12.37054922	-0.31120687	0.73005475	12.37035731	-0.31148364
0.47070410	12.70384223	-1.15229008	0.47091347	12.70378014	-1.15239681
0.61261554	12.61327590	-1.22107906	0.61268173	12.61311407	-1.22122834
0.61127927	12.71622813	-1.18882588	0.61155359	12.71592530	-1.18906855
0.47843906	12.78782203	-1.12017960	0.47895256	12.78775141	-1.12038873
0.58659784	12.17533585	-0.30219769	0.58660245	12.17536255	-0.30222589
0.59789739	12.28186614	-0.26414362	0.59797961	12.28189326	-0.26428717
0.72347624	12.21600818	-0.33925798	0.72350303	12.21589690	-0.33940640
0.59905185	12.48581333	-1.25160696	0.59884959	12.48573522	-1.25158333
0.60612623	12.53287011	-1.24389233	0.60604197	12.53274560	-1.24391707
0.46340865	12.64844342	-1.16724375	0.46348253	12.64841627	-1.16730549
0.00685497	12.73042635	-0.06902145	0.00841292	12.73269937	-0.06906835
-0.14029135	12.80183007	-0.07634517	-0.13849180	12.80465862	-0.07634017
-0.12818390	12.92440883	-0.07514920	-0.12593236	12.92718891	-0.07519653
0.00954854	12.88497179	-0.05975743	0.01167210	12.88724604	-0.05987723
-0.27536545	12.85485711	-0.10102769	-0.27340171	12.85819512	-0.10097282
-0.25521620	12.94955806	-0.10600606	-0.25289975	12.95281147	-0.10600154
0.04011990	12.86019300	-0.62410631	0.04171333	12.86209381	-0.62414221
0.04808541	12.92565755	-0.61232550	0.04994976	12.92755779	-0.61243037
-0.03271392	12.93754591	-0.58486390	-0.03076093	12.93974495	-0.58494163
-0.04211625	12.87280483	-0.58817966	-0.04040576	12.87502674	-0.58820661
-0.12421113	12.94597024	-0.60175471	-0.12219192	12.94850161	-0.60180911
-0.13480092	12.88525225	-0.59990585	-0.13302128	12.88781649	-0.59991632
-0.02969887	12.43476837	-0.12109720	-0.02924555	12.43715672	-0.12098424
-0.16429156	12.65493467	-0.09273854	-0.16303827	12.65785199	-0.09264503
-0.01171288	12.55974449	-0.09161702	-0.01078178	12.56207167	-0.09158186
-0.31547667	12.64972571	-0.13056943	-0.31429836	12.65321824	-0.13035574
-0.30022216	12.73745043	-0.11147249	-0.29870235	12.74089047	-0.11133565
0.02842049	12.79383156	-0.63507469	0.02974559	12.79574983	-0.63502873
-0.06257728	12.80654554	-0.58454780	-0.06110784	12.80883590	-0.58450882
-0.08061631	12.77989804	-0.56412458	-0.07922786	12.78226678	-0.56405296
-0.15952473	12.82305891	-0.58709025	-0.15797891	12.82571755	-0.58704781
-0.36625990	13.02366798	-0.17932477	-0.36370833	13.02732324	-0.17931143
-0.35784407	13.07315898	-0.22567433	-0.35512815	13.07676050	-0.22568261
-0.47660077	13.01756669	-0.23575394	-0.47410154	13.02163040	-0.23571349
-0.45638214	13.05753287	-0.27722834	-0.45374583	13.06150026	-0.27720787
-0.43395434	13.08991970	-0.32789200	-0.43121191	13.09378242	-0.32788807
-0.34759019	13.10941485	-0.28518311	-0.34476319	13.11295632	-0.28520834
-0.24501709	13.05329254	-0.59653002	-0.24253649	13.05632022	-0.59659034
-0.23122349	13.00766981	-0.62101487	-0.22893302	13.01062754	-0.62106522
-0.26475552	13.09033990	-0.55647213	-0.26211265	13.09346406	-0.55653504
-0.35967131	13.08233957	-0.56494747	-0.35703218	13.08585272	-0.56497508
-0.34522975	13.05040283	-0.60945440	-0.34272619	13.05384547	-0.60948205
-0.33606512	13.01152174	-0.64281079	-0.33372224	13.01491981	-0.64283730
-0.23318520	12.95899055	-0.63630279	-0.23109003	12.96194413	-0.63633631
-0.34396841	12.97227728	-0.66704612	-0.34179048	12.97570213	-0.66706581
-0.35907245	12.93476850	-0.68054871	-0.35704376	12.93825717	-0.68056617
-0.24642590	12.90947792	-0.64020072	-0.24452314	12.91248277	-0.64021510
-0.52208109	12.91298903	-0.19376989	-0.51996275	12.91726115	-0.19367629
-0.54378927	12.79118922	-0.19765996	-0.54213353	12.79555682	-0.19747687
-0.61947674	12.82806352	-0.25555595	-0.61769388	12.83268097	-0.25540191
-0.60011851	12.92376736	-0.25612416	-0.59798002	12.92830062	-0.25603189
-0.55336286	12.68630267	-0.21343821	-0.55211577	12.69070552	-0.21314916
-0.62803264	12.74546054	-0.26605102	-0.62655898	12.75010950	-0.26582661
-0.67548676	12.81458104	-0.33733791	-0.67375867	12.81936062	-0.33718039
-0.66849203	12.86685013	-0.33235562	-0.66657769	12.87160301	-0.33224138
-0.65173623	12.92965855	-0.33484942	-0.64958987	12.93434474	-0.33475849
-0.44397978	12.67560018	-0.16595756	-0.44275513	12.67960351	-0.16568685
-0.43140175	12.77187198	-0.14821897	-0.42979275	12.77582363	-0.14804429
-0.40749029	12.89089739	-0.14132752	-0.40542465	12.89474451	-0.14124279
-0.45474688	12.95109030	-0.69162713	-0.45262769	12.95500597	-0.69163700
-0.46190514	12.92398652	-0.70183625	-0.45990087	12.92793337	-0.70184950
-0.37148975	12.90145920	-0.68183918	-0.36959759	12.90500054	-0.68185550
-0.54124095	12.95709768	-0.67171092	-0.53908417	12.96142896	-0.67171843
-0.54624953	12.93021710	-0.68613028	-0.54420896	12.93458104	-0.68615069
-0.38242064	12.88487235	-0.67115136	-0.38059929	12.88846389	-0.67116439
-0.26658110	12.86146778	-0.63170629	-0.26487013	12.86455917	-0.63169743
0.90889959	12.87714466	-0.90983472	0.91006670	12.87612194	-0.91064037
0.81053755	12.94615191	-0.89594969	0.81191236	12.94536365	-0.89672760
0.92646874	12.89181009	-0.82129603	0.92778850	12.89078102	-0.82212879
0.83333022	12.96631748	-0.79174667	0.83489695	12.96552019	-0.79256709
0.72506871	13.02491735	-0.75060758	0.72692473	13.02444913	-0.75138491
0.69326053	13.00017872	-0.87931212	0.69483145	12.99970456	-0.88004353
0.92808173	12.88854957	-0.72933148	0.92948614	12.88755379	-0.73016612
0.85107890	12.95808270	-0.68511396	0.85276116	12.95730008	-0.68593464
0.75855594	13.01335261	-0.62322666	0.76050988	13.01286529	-0.62401153
1.00494793	12.66121733	-0.99215294	1.00543737	12.65991788	-0.99291211
0.97024376	12.78376437	-0.94767332	0.97110621	12.78257284	-0.94846809
1.02897953	12.66199023	-0.88091041	1.02958884	12.66068574	-0.88169654
0.99108541	12.79339368	-0.85106339	0.99208348	12.79219014	-0.85188874
1.02116138	12.66210769	-0.76737385	1.02189339	12.66088739	-0.76814761
0.98587234	12.79378096	-0.75155752	0.98698239	12.79263811	-0.75237496
0.57499306	13.04890879	-0.83429111	0.57681777	13.04881002	-0.83496962
0.61397405	13.07519218	-0.68606274	0.61610576	13.07509628	-0.68680683
0.49262899	13.11881415	-0.60418493	0.49511041	13.11923856	-0.60488957
0.45294127	13.09087122	-0.75530947	0.45507661	13.09125149	-0.75594818
0.65444267	13.06421505	-0.54758656	0.65670723	13.06408269	-0.54831840
0.53119584	13.10948718	-0.46529282	0.53376790	13.10983463	-0.46595916
-0.36781565	13.10074008	-0.50727054	-0.36509247	13.10429753	-0.50729609
-0.45165024	13.08277040	-0.51959734	-0.44898130	13.08667232	-0.51958787
-0.43195723	13.07060986	-0.56178485	-0.42934489	13.07442609	-0.56178457
-0.37967141	13.10780750	-0.44430579	-0.37690338	13.11142438	-0.44432477
-0.47372315	13.08551192	-0.47514142	-0.47103293	13.08950461	-0.47512291
-0.55849993	13.05938435	-0.50392374	-0.55590510	13.06372163	-0.50387987
-0.52089455	13.06056110	-0.53648488	-0.51830506	13.06474977	-0.53645287
-0.48324837	13.05828427	-0.56266015	-0.48067419	13.06231822	-0.56263967
-0.40501819	13.10546358	-0.38404104	-0.40223753	13.10919552	-0.38404956
-0.48748045	13.08219910	-0.42373343	-0.48478890	13.08624919	-0.42370960
-0.50244838	13.06858418	-0.37265547	-0.49979780	13.07270373	-0.37262625
-0.54835336	13.05156760	-0.40476180	-0.54577432	13.05585813	-0.40471511
-0.56026557	13.05599681	-0.45340574	-0.55767519	13.06033466	-0.45335850
0.00018479	13.14689532	-0.44324654	0.00301540	13.14907223	-0.44345349
-0.09217022	13.13582622	-0.45547095	-0.08936841	13.13832884	-0.45561597
-0.00865735	13.16910626	-0.34819075	-0.00568070	13.17135085	-0.34840050
-0.11253839	13.15452849	-0.36917382	-0.10961476	13.15714039	-0.36931427
-0.21443876	13.13834644	-0.39996206	-0.21156979	13.14133539	-0.40004858
-0.18881157	13.12370112	-0.47813994	-0.18603763	13.12656314	-0.47823864
-0.00891806	13.17160070	-0.26119168	-0.00587515	13.17387303	-0.26139889
-0.12361548	13.15884003	-0.28546584	-0.12062359	13.16152468	-0.28560350
-0.23396415	13.14170227	-0.32049292	-0.23104314	13.14479373	-0.32057060
0.98026417	11.96475455	-1.06048438	0.97878437	11.96351887	-1.06081580
1.00551635	12.10939789	-1.06027911	1.00440645	12.10807741	-1.06074401
0.98320402	11.92068191	-0.95467866	0.98181677	11.91950421	-0.95495488
1.01207330	12.06695569	-0.94574562	1.01103222	12.06569253	-0.94618512
1.03553816	12.28423588	-0.93199525	1.03508239	12.28290436	-0.93259098
1.02365077	12.31819377	-1.04805630	1.02313811	12.31682416	-1.04865471
0.96572974	11.90546921	-0.83534434	0.96451400	11.90441972	-0.83554709
0.99662509	12.05307742	-0.82196645	0.99574577	12.05195157	-0.82236315
1.02284980	12.27455547	-0.80735013	1.02253270	12.27335755	-0.80792423
1.02346310	12.50412885	-1.02488512	1.02348796	12.50276808	-1.02557056
1.04280600	12.48705500	-0.90966352	1.04291980	12.48570881	-0.91036146
1.03247470	12.48280315	-0.78812511	1.03271143	12.48156148	-0.78880618
-0.62719053	12.95301650	-0.61926445	-0.62504475	12.95772438	-0.61923363
-0.63424673	12.92304698	-0.63072869	-0.63222688	12.92780337	-0.63071846
-0.68505127	12.94472693	-0.53942000	-0.68290077	12.94959172	-0.53934388
-0.69586756	12.90852839	-0.54480854	-0.69386035	12.91344634	-0.54475373
-0.63627295	12.89964208	-0.63176172	-0.63434804	12.90441085	-0.63176847
-0.68676237	12.93682366	-0.43700905	-0.68460965	12.94162792	-0.43693306
-0.70075829	12.89188675	-0.43728507	-0.69876266	12.89674106	-0.43720072
-0.70410919	12.85619846	-0.43849410	-0.70224228	12.86107058	-0.43840841
-0.28057473	13.11321397	-0.49440704	-0.27782032	13.11642496	-0.49446803
-0.29837005	13.12399892	-0.42212326	-0.29554721	13.12730590	-0.42217853
-0.32426890	13.12457111	-0.35163280	-0.32141418	13.12799911	-0.35167490
-0.57937852	12.97568475	-0.26966444	-0.57705100	12.98012993	-0.26959830
-0.49883529	12.97882399	-0.20718449	-0.49647341	12.98299155	-0.20712531
-0.63361868	12.96948921	-0.34465981	-0.63133004	12.97410686	-0.34458686
-0.61008921	12.99854892	-0.36195604	-0.60770003	13.00307506	-0.36189738
-0.55594530	13.00701509	-0.29446330	-0.55350504	13.01135914	-0.29440812
-0.38408555	12.96884326	-0.15159918	-0.38172759	12.97258134	-0.15155762
-0.44140892	12.98228338	-0.67370934	-0.43915910	12.98613872	-0.67371622
-0.42917669	13.01492166	-0.64595164	-0.42679594	13.01872385	-0.64595775
-0.51326716	13.01475557	-0.62878764	-0.51087133	13.01893658	-0.62877851
-0.52948679	12.98607251	-0.65432214	-0.52721162	12.99033743	-0.65431644
-0.64315406	13.00170424	-0.52862208	-0.64078215	13.00639293	-0.52854424
-0.66774639	12.97433592	-0.53453217	-0.66548124	12.97912782	-0.53445191
-0.61317202	12.98144846	-0.60691192	-0.61090463	12.98607811	-0.60687076
-0.59203409	13.00880306	-0.58951404	-0.58965457	13.01332647	-0.58946931
-0.61079874	13.03075108	-0.52009922	-0.60831492	13.03530677	-0.52003337
-0.56446981	13.03543348	-0.56290961	-0.56198071	13.03982382	-0.56287008
-0.49479302	13.04093987	-0.58988438	-0.49228855	13.04502852	-0.58986780
-0.66896358	12.96977536	-0.44010680	-0.66669145	12.97451580	-0.44002917
-0.64430433	12.99750289	-0.44647416	-0.64193090	13.00215466	-0.44639582
-0.57754164	13.02893770	-0.38676526	-0.57504348	13.03333814	-0.38671368
-0.61028691	13.02711199	-0.45594174	-0.60780398	13.03163971	-0.45587478
-0.52778853	13.04080109	-0.32916952	-0.52523352	13.04502533	-0.32913124
-0.42526271	13.04621198	-0.60630368	-0.42275430	13.04999740	-0.60630790
0.20144329	13.13464290	-0.19326437	0.20437989	13.13616878	-0.19361521
0.17231263	13.17329295	-0.27864977	0.17533372	13.17490444	-0.27899393
0.19980304	13.16057034	-0.29337235	0.20276371	13.16207782	-0.29373565
0.23320371	13.12063082	-0.20478485	0.23607732	13.12204054	-0.20516015
0.15193827	13.18008290	-0.37374618	0.15491615	13.18173928	-0.37408189
0.17793782	13.16821670	-0.39067991	0.18085620	13.16977428	-0.39103780
0.20422840	13.15152594	-0.30333972	0.20714608	13.15301475	-0.30370498
0.23741789	13.11209207	-0.21113322	0.24025392	13.11348578	-0.21151027
0.21104807	13.15906190	-0.30446574	0.21398929	13.16052737	-0.30483936
0.24298135	13.11849901	-0.20605143	0.24583981	13.11987339	-0.20643316
0.19205052	13.16595064	-0.40785034	0.19494577	13.16745487	-0.40822239
0.23634340	13.17072570	-0.43400609	0.23922924	13.17207420	-0.43442908
0.25765552	13.16318539	-0.32250418	0.26058388	13.16448537	-0.32292303
0.28893586	13.12065001	-0.21693586	0.29178844	13.12186685	-0.21735429
0.27328571	12.94731157	-0.07175324	0.27561453	12.94861989	-0.07209355
0.23869328	13.06421427	-0.11822247	0.24141942	13.06563187	-0.11857444
0.27452604	13.05047114	-0.12956436	0.27718756	13.05175494	-0.12994101
0.31246366	12.93301659	-0.08486957	0.31472943	12.93417856	-0.08523349
0.28470134	13.04822344	-0.13003706	0.28734990	13.04947110	-0.13042067
0.32357622	12.93079831	-0.08826800	0.32583149	12.93191871	-0.08863813
0.32989056	13.04567817	-0.13743175	0.33252125	13.04676695	-0.13784861
0.36710334	12.92188036	-0.09422940	0.36931602	12.92284789	-0.09462723
0.38817169	12.73192683	-0.09661618	0.38970735	12.73280171	-0.09693475
0.34855964	12.74669571	-0.09228049	0.35015861	12.74770841	-0.09258092
0.40098126	12.53480881	-0.12554775	0.40180693	12.53555052	-0.12577175
0.36418019	12.56005940	-0.12104199	0.36510216	12.56094310	-0.12125572
0.33730078	12.74924157	-0.08755290	0.33891304	12.75029771	-0.08784901
0.35215038	12.56323567	-0.11613723	0.35308982	12.56416790	-0.11634616
0.30704173	12.57848578	-0.09810072	0.30804804	12.57959847	-0.09829009
0.29581414	12.76784770	-0.07159889	0.29750383	12.76906336	-0.07187587
0.27276042	12.78884375	-0.92230348	0.27352414	12.78951733	-0.92236826
0.26557914	12.85987405	-0.89883080	0.26666711	12.86064174	-0.89899927
0.24750704	12.86694243	-0.83997881	0.24872929	12.86786313	-0.84015012
0.25610940	12.80551896	-0.86261408	0.25705560	12.80636380	-0.86270698
0.25310832	12.93305633	-0.84971202	0.25455312	12.93395724	-0.84996685
0.23406729	12.93262453	-0.79410823	0.23561392	12.93366438	-0.79435095
0.24070948	12.92826723	-0.77637269	0.24227426	12.92930529	-0.77662576
0.25752081	12.81144287	-0.84214074	0.25852818	12.81230494	-0.84225386
0.23162193	12.86777569	-0.82581337	0.23288858	12.86877653	-0.82598808
0.23454763	12.81002313	-0.84785582	0.23555114	12.81096108	-0.84795090
0.22324565	12.93242673	-0.78440419	0.22481998	12.93351811	-0.78464639
0.18322386	12.94570253	-0.76982227	0.18487628	12.94695807	-0.77004103
0.18868753	12.87777233	-0.80730391	0.19002848	12.87895718	-0.80744574
0.18850886	12.81378964	-0.82739886	0.18956457	12.81493882	-0.82745349
0.27492827	12.71843514	-0.94636456	0.27538246	12.71908188	-0.94635272
0.26136504	12.74359202	-0.88569226	0.26202183	12.74435631	-0.88569014
0.26413765	12.75946569	-0.86387153	0.26490203	12.76026039	-0.86391025
0.28034139	12.72214859	-0.87647021	0.28092962	12.72284360	-0.87647483
0.24131409	12.75171115	-0.87364178	0.24203780	12.75258118	-0.87364779
0.19273242	12.74558419	-0.85597520	0.19346594	12.74666388	-0.85592901
0.28411669	12.33781251	-0.16378228	0.28418153	12.33889684	-0.16380700
0.30473353	12.43439181	-0.13100267	0.30523103	12.43541820	-0.13111894
0.35220260	12.43082175	-0.14748472	0.35266831	12.43161961	-0.14763285
0.33554849	12.36083258	-0.17936721	0.33572675	12.36161179	-0.17945833
0.35649586	12.44330892	-0.15487505	0.35699969	12.44409223	-0.15502985
0.36563562	12.42327068	-0.15254597	0.36606688	12.42400732	-0.15269938
0.35011239	12.35412641	-0.18608434	0.35033766	12.35475720	-0.18623086
0.40164253	12.38834200	-0.16093256	0.40194371	12.38889876	-0.16109875
0.14049763	13.15447168	-0.47872602	0.14330215	13.15613632	-0.47905729
0.17025390	13.14062143	-0.49279167	0.17299122	13.14217951	-0.49314919
0.14254136	13.10169932	-0.58641836	0.14504807	13.10331276	-0.58674206
0.17760146	13.08577864	-0.59720586	0.18003428	13.08726593	-0.59756507
0.18210533	13.12910784	-0.49950729	0.18479337	13.13062295	-0.49987279
0.18806917	13.13540445	-0.49969871	0.19077602	13.13689988	-0.50007076
0.19664005	13.07881404	-0.59348475	0.19904508	13.08024072	-0.59386012
0.22271294	13.08335252	-0.63302746	0.22506547	13.08465693	-0.63344049
0.22361522	13.14051549	-0.53232189	0.22628690	13.14188886	-0.53273834
0.23557798	13.01084766	-0.75006075	0.23747548	13.01194627	-0.75040015
0.21446903	13.00707723	-0.70194940	0.21644421	13.00830477	-0.70227074
0.20019561	13.01046385	-0.70149084	0.20219263	13.01174131	-0.70180717
0.16235655	13.02615788	-0.69018592	0.16443687	13.02758204	-0.69048187
0.41421209	13.09973731	-0.27062587	0.41692032	13.10051384	-0.27114857
0.44777461	13.01881587	-0.18617589	0.45024859	13.01949517	-0.18667215
0.47323827	12.88745155	-0.13902006	0.47527665	12.88804083	-0.13947299
0.32643301	12.99650166	-0.86860470	0.32805978	12.99713221	-0.86900982
0.34700624	12.91631975	-0.95629715	0.34821003	12.91673336	-0.95660021
0.31169536	13.06804777	-0.75787303	0.31376866	13.06888545	-0.75835976
0.15386794	12.97774558	-0.06647146	0.15632308	12.97948681	-0.06673438
0.13394343	13.08206823	-0.11193742	0.13675022	13.08386825	-0.11222202
0.11340321	13.14543330	-0.18241821	0.11639510	13.14728552	-0.18270656
0.10528755	13.04147146	-0.63088536	0.10752685	13.04316421	-0.63112355
0.08674865	13.10779640	-0.55371148	0.08931927	13.10961335	-0.55397861
0.12244971	12.96849653	-0.68434363	0.12433578	12.97006676	-0.68453366
0.48318093	12.69148652	-0.13727314	0.48453394	12.69200732	-0.13762184
0.48745011	12.48068305	-0.16416182	0.48806446	12.48109435	-0.16439827
0.35274339	12.83424641	-1.00745510	0.35354176	12.83454590	-1.00762928
0.35116402	12.75890833	-1.03552903	0.35166738	12.75919797	-1.03563854
0.48488835	12.34119308	-0.20109494	0.48503936	12.34145712	-0.20124325
0.34751674	12.69869288	-1.05314459	0.34774344	12.69897314	-1.05318568
0.16419513	12.48627477	-0.10769146	0.16487713	12.48791070	-0.10773911
0.17385709	12.64275059	-0.07950298	0.17510475	12.64438551	-0.07962974
0.11803199	12.76661212	-0.75130298	0.11905028	12.76810695	-0.75125292
0.12048417	12.83563293	-0.72864822	0.12180258	12.83715079	-0.72869167
0.16894441	12.82277138	-0.06056088	0.17084527	12.82445619	-0.06077565
0.12467129	12.90122046	-0.71161228	0.12626600	12.90274353	-0.71173511
0.35145147	13.15336411	-0.50971973	0.35417911	13.15433096	-0.51028088
0.32396930	13.12435579	-0.63672815	0.32643568	13.12533052	-0.63729516
0.38155579	13.14430931	-0.38323085	0.38434371	13.14517074	-0.38377130
0.08462930	13.17911446	-0.35464122	0.08762540	13.18102234	-0.35492517
0.08067700	13.15477941	-0.45652446	0.08351279	13.15666423	-0.45680208
0.09624148	13.17680065	-0.26334918	0.09929205	13.17869144	-0.26363674
0.87863916	11.96256792	-0.58485284	0.87813394	11.96202089	-0.58487543
0.81676000	12.01719950	-0.47386000	0.81676000	12.01719950	-0.47386000
0.91615160	11.93258412	-0.71403363	0.91524327	11.93175054	-0.71413476
0.90454238	11.99920772	-0.71938743	0.90375268	11.99839059	-0.71954280
0.87096067	12.04748404	-0.63293584	0.87046734	12.04685349	-0.63308230
0.80453760	12.11237506	-0.53005375	0.80432900	12.11203804	-0.53021668
0.94739436	11.92319165	-0.83876195	0.94620992	11.92217494	-0.83894581
0.96555748	11.93796203	-0.95056218	0.96421541	11.93682439	-0.95082240
0.93600476	12.05676861	-0.93465957	0.93495850	12.05570149	-0.93496900
0.92256871	12.02758835	-0.81649382	0.92164877	12.02663064	-0.81672442
0.96434951	11.97951992	-1.04413434	0.96293333	11.97833017	-1.04444746
0.93002271	12.05436449	-1.13142619	0.92864743	12.05321495	-1.13175048
0.90833842	12.11774823	-1.10930020	0.90717435	12.11666745	-1.10963533
0.93268490	12.09100135	-1.03284343	0.93157053	12.08989212	-1.03319024
0.85035138	12.17376783	-1.22253502	0.84915567	12.17281136	-1.22282496
0.73639276	12.32771182	-1.27278027	0.73558051	12.32713663	-1.27300959
0.74191003	12.35622831	-1.20129554	0.74129159	12.35564943	-1.20154150
0.85023535	12.22012780	-1.16022875	0.84927784	12.21919458	-1.16055296
0.59959921	12.48203545	-1.23744489	0.59940298	12.48196682	-1.23741743
0.47129713	12.61325611	-1.15310843	0.47131229	12.61325036	-1.15313543
0.49420000	12.61570000	-1.07906000	0.49420000	12.61570000	-1.07906000
0.61447000	12.50220000	-1.16283000	0.61447000	12.50220000	-1.16283000
0.38344921	12.64813786	-1.05023556	0.38349442	12.64827803	-1.05024878
0.33323934	12.65053490	-0.95745294	0.33336535	12.65091281	-0.95741751
0.37140000	12.64100070	-0.89641000	0.37140000	12.64100070	-0.89641000
0.41679000	12.64250090	-0.98287004	0.41679000	12.64250090	-0.98287004
0.31745303	12.68354355	-0.89890047	0.31783808	12.68404644	-0.89889350
0.31505561	12.71148518	-0.87216314	0.31560961	12.71203679	-0.87219973
0.34402308	12.69926195	-0.81532899	0.34465137	12.69978679	-0.81542669
0.35160011	12.67292725	-0.84195722	0.35206704	12.67331303	-0.84199759
0.30580536	12.69899867	-0.87600443	0.30630328	12.69958203	-0.87601552
0.26307260	12.69055427	-0.84658785	0.26360995	12.69136281	-0.84654489
0.30419795	12.68733109	-0.77742255	0.30486182	12.68806468	-0.77745819
0.34267694	12.68791028	-0.81393986	0.34326558	12.68844216	-0.81402515
0.15991756	12.73034806	-0.71906743	0.16085184	12.73171566	-0.71902744
0.03162913	12.78807833	-0.57940195	0.03300800	12.79003327	-0.57937119
0.03722074	12.82657417	-0.50328673	0.03882479	12.82857443	-0.50333175
0.18530284	12.74567721	-0.64430931	0.18642046	12.74702632	-0.64434635
-0.08315293	12.83321948	-0.51704763	-0.08154406	12.83563877	-0.51702830
-0.18990603	12.86626785	-0.52100236	-0.18816557	12.86909613	-0.52098823
-0.19228385	12.93549990	-0.46156410	-0.19023012	12.93836968	-0.46158509
-0.08408065	12.89343010	-0.44772804	-0.08219137	12.89589961	-0.44776720
-0.29470731	12.88679715	-0.58074012	-0.29288287	12.89002600	-0.58073685
-0.39325630	12.89748913	-0.64820565	-0.39137758	12.90112818	-0.64821605
-0.40956777	12.92618909	-0.59689711	-0.40756128	12.92990310	-0.59689865
-0.30359014	12.94075448	-0.52645187	-0.30152385	12.94403936	-0.52645312
-0.48129228	12.90108466	-0.67631547	-0.47938976	12.90512387	-0.67633174
-0.56095714	12.89831089	-0.66454580	-0.55905471	12.90274235	-0.66457666
-0.56012681	12.90120390	-0.62916488	-0.55820561	12.90561269	-0.62918410
-0.50349855	12.90964822	-0.62820734	-0.50155040	12.91378724	-0.62821527
-0.63514728	12.89114217	-0.61279745	-0.63324898	12.89589119	-0.61280513
-0.68459566	12.87670928	-0.53311103	-0.68270551	12.88157686	-0.53308454
-0.64732633	12.89302696	-0.50513180	-0.64536552	12.89772219	-0.50508986
-0.60979806	12.90070017	-0.58198393	-0.60785238	12.90530470	-0.58198162
-0.68998935	12.85115551	-0.43771304	-0.68814239	12.85597395	-0.43762703
-0.66390977	12.80556913	-0.34714735	-0.66221711	12.81029985	-0.34698311
-0.64219061	12.81167689	-0.36016863	-0.64048034	12.81632086	-0.36001489
-0.65370068	12.85734174	-0.42113808	-0.65183324	12.86202382	-0.42104732
-0.61836383	12.73173978	-0.28271767	-0.61694327	12.73633725	-0.28248171
-0.54561130	12.67096927	-0.23353012	-0.54442952	12.67531916	-0.23322177
-0.52722903	12.72960178	-0.26579877	-0.52582513	12.73385283	-0.26556447
-0.60265951	12.77315565	-0.31599584	-0.60108857	12.77767375	-0.31580047
-0.43865985	12.66563197	-0.18670167	-0.43748671	12.66959745	-0.18642186
-0.31235095	12.64407897	-0.15124881	-0.31120709	12.64754825	-0.15103285
-0.29365584	12.69717662	-0.18077610	-0.29233180	12.70055286	-0.18060781
-0.41905622	12.72246615	-0.21746279	-0.41766869	12.72632433	-0.21724877
-0.17857032	12.53800062	-0.13767399	-0.17777057	12.54095246	-0.13750473
-0.03330871	12.41936188	-0.14476983	-0.03292821	12.42175185	-0.14464532
-0.02919074	12.48874172	-0.17641538	-0.02857478	12.49109644	-0.17632788
-0.16564623	12.60020225	-0.16713541	-0.16464256	12.60308811	-0.16700614
0.12581128	12.35506377	-0.16502961	0.12593767	12.35682861	-0.16496871
0.25321131	12.33254708	-0.19033957	0.25323835	12.33375184	-0.19033554
0.23448228	12.39244163	-0.24292121	0.23474224	12.39369009	-0.24295022
0.11785291	12.42225496	-0.20697753	0.11822428	12.42402156	-0.20695328
0.30411634	12.36457896	-0.21204348	0.30428585	12.36548861	-0.21210491
0.29177759	12.44896864	-0.28192942	0.29225133	12.44995301	-0.28200240
0.28299369	12.42139375	-0.26785476	0.28336708	12.42241435	-0.26791695
0.31611468	12.35306783	-0.22454044	0.31637516	12.35375989	-0.22461067
0.34620000	12.27620000	-0.23202000	0.34620000	12.27620000	-0.23202000
0.32148368	12.33926368	-0.29132352	0.32167896	12.33993444	-0.29128898
0.29004129	12.40678836	-0.28248577	0.29040875	12.40771962	-0.28252324
0.44425997	12.21770000	-0.27141000	0.44425997	12.21770000	-0.27141000
0.57587000	12.16340070	-0.32883000	0.57587000	12.16340070	-0.32883000
0.56945631	12.24409493	-0.38384569	0.56943744	12.24415187	-0.38392231
0.42806142	12.28910414	-0.32865716	0.42809017	12.28940642	-0.32868499
0.70622003	12.08180000	-0.39380000	0.70622003	12.08180000	-0.39380000
0.69928536	12.18089256	-0.44863486	0.69919036	12.18075530	-0.44874698
0.76116525	12.38827932	-1.05102562	0.76083143	12.38761683	-1.05132270
0.86038562	12.23740073	-1.04997462	0.85964144	12.23646957	-1.05031765
0.78231297	12.37246809	-0.86321903	0.78217258	12.37182872	-0.86355381
0.87074849	12.21673298	-0.90945260	0.87014343	12.21584101	-0.90978627
0.79448070	12.25911596	-0.67490940	0.79429746	12.25858065	-0.67518973
0.87092212	12.14409497	-0.75677551	0.87036608	12.14330990	-0.75704930
0.53645715	12.60789953	-0.90533729	0.53676340	12.60781072	-0.90553241
0.64804797	12.52008509	-0.99265018	0.64812960	12.51978190	-0.99284960
0.56889825	12.53960554	-0.69435033	0.56934100	12.53960427	-0.69458774
0.68002520	12.47678459	-0.78424358	0.68023096	12.47644474	-0.78453836
0.57250729	12.38814210	-0.51313064	0.57270024	12.38820558	-0.51330091
0.69327682	12.33921607	-0.59140630	0.69334104	12.33896159	-0.59164071
-0.20313605	12.93159946	-0.37675982	-0.20104219	12.93454535	-0.37677192
-0.09777012	12.88728872	-0.36094952	-0.09583588	12.88984270	-0.36099051
-0.22542696	12.87482148	-0.28967100	-0.22349367	12.87788587	-0.28964864
-0.11959193	12.82389458	-0.27614678	-0.11783542	12.82655948	-0.27615098
-0.00390844	12.75424895	-0.31144604	-0.00242448	12.75646249	-0.31147868
0.02049035	12.81955238	-0.40758625	0.02215038	12.82164588	-0.40764835
-0.26040290	12.78552912	-0.22582455	-0.25876745	12.78875207	-0.22573549
-0.14431044	12.71136882	-0.21283453	-0.14292598	12.71414885	-0.21277626
-0.01979975	12.62280732	-0.23355356	-0.01873362	12.62510278	-0.23352644
-0.53922276	12.93125683	-0.54734446	-0.53715968	12.93553631	-0.54732976
-0.57332195	12.92656207	-0.45560415	-0.57122681	12.93094262	-0.45555151
-0.47079486	12.94700745	-0.39474281	-0.46862154	12.95099334	-0.39469407
-0.43750599	12.95817549	-0.50042055	-0.43533532	12.96201502	-0.50040215
-0.59058302	12.85583151	-0.37556942	-0.58872400	12.86027921	-0.37546242
-0.50167481	12.84619581	-0.31710203	-0.49984318	12.85032552	-0.31698183
-0.32135355	12.95694095	-0.43291621	-0.31918057	12.96032560	-0.43290481
-0.34856604	12.92299893	-0.33389619	-0.34647173	12.92652386	-0.33385463
-0.38534726	12.82648265	-0.26408187	-0.38357982	12.83017769	-0.26396770
0.30012645	12.64738018	-0.65378975	0.30090538	12.64829636	-0.65384439
0.34150560	12.64281627	-0.67733324	0.34223189	12.64355869	-0.67741404
0.27353124	12.58187495	-0.50422248	0.27426356	12.58295988	-0.50430785
0.31979323	12.57978026	-0.51425098	0.32050904	12.58069156	-0.51436389
0.32439996	12.59775936	-0.49873528	0.32519442	12.59865901	-0.49885709
0.34289015	12.65719773	-0.66906078	0.34368200	12.65794586	-0.66915771
0.34944635	12.63928402	-0.69138238	0.35016107	12.63998964	-0.69146184
0.32637985	12.58332566	-0.51334616	0.32711631	12.58420343	-0.51345346
0.35788305	12.56246626	-0.55371459	0.35850889	12.56321144	-0.55381479
0.37770783	12.61950833	-0.74160002	0.37828800	12.62008471	-0.74167898
0.33105704	12.44822103	-0.40087388	0.33147871	12.44903127	-0.40092737
0.29991110	12.49633606	-0.37809996	0.30048516	12.49729576	-0.37817848
0.29433426	12.50076993	-0.37337756	0.29490671	12.50176927	-0.37346826
0.24663138	12.48763908	-0.35695731	0.24717415	12.48881506	-0.35700731
0.45048189	12.55826872	-0.61579926	0.45103653	12.55866864	-0.61596438
0.44287040	12.62412523	-0.81718816	0.44331313	12.62436081	-0.81732322
0.43659001	12.41661499	-0.44774977	0.43688103	12.41703759	-0.44784216
0.14659049	12.65332577	-0.41282851	0.14764872	12.65491479	-0.41288863
0.17398233	12.72290350	-0.53549340	0.17516993	12.72437401	-0.53556736
0.12571585	12.53700163	-0.29629523	0.12645535	12.53870081	-0.29631594
0.18412096	13.15854235	-0.40287455	0.18699478	13.16007391	-0.40323718
0.27775097	13.04402419	-0.13664464	0.28038190	13.04529483	-0.13702150
0.31480493	12.92946972	-0.09421720	0.31705163	12.93061872	-0.09458053
0.33975263	12.74836354	-0.09803388	0.34135292	12.74940371	-0.09832979
0.35541444	12.56737611	-0.12603942	0.35635954	12.56829105	-0.12625046
0.25184215	12.86624756	-0.81925227	0.25310370	12.86717810	-0.81943846
0.34161298	12.38260044	-0.18694621	0.34189370	12.38333588	-0.18706645
0.19473194	13.07360651	-0.59618978	0.19711801	13.07503575	-0.59656003
0.21788856	13.00187605	-0.69528867	0.21985738	13.00309840	-0.69561073
0.89310932	11.95722812	-0.57155281	0.89262829	11.95667506	-0.57159597
0.82743441	12.01976162	-0.45671492	0.82746875	12.01976529	-0.45672098
0.93347518	11.91810501	-0.70554634	0.93255653	11.91724823	-0.70566709
0.73960277	12.32615300	-1.28830725	0.73875939	12.32556323	-1.28854073
0.46171592	12.61891567	-1.16676747	0.46173375	12.61890344	-1.16679112
0.35462866	12.65957168	-1.05906704	0.35472694	12.65981226	-1.05908031
0.28920724	12.66624786	-0.96096297	0.28941004	12.66681100	-0.96090502
0.27719697	12.69746371	-0.90065973	0.27764273	12.69814008	-0.90062714
0.26198761	12.70941675	-0.88834323	0.26251597	12.71016481	-0.88830310
0.21364397	12.69676429	-0.87001127	0.21415694	12.69773586	-0.86991103
0.12764828	12.72215470	-0.75592201	0.12848427	12.72360085	-0.75582185
0.02249917	12.75888165	-0.62646208	0.02370754	12.76082068	-0.62637423
-0.18302935	12.80246931	-0.56122245	-0.18156515	12.80524153	-0.56116190
-0.28541706	12.84416541	-0.61132252	-0.28377844	12.84734523	-0.61130901
-0.46872311	12.90576948	-0.69862969	-0.46680005	12.90974726	-0.69864450
-0.55081579	12.90932744	-0.68721457	-0.54886804	12.91371518	-0.68724439
-0.69685392	12.88093253	-0.54467565	-0.69495211	12.88586013	-0.54464785
-0.18034050	12.54791384	-0.11565725	-0.17948922	12.55088304	-0.11549260
0.14402006	12.37049150	-0.14048881	0.14422373	12.37219623	-0.14045002
0.31253224	12.39195559	-0.22475101	0.31283878	12.39280688	-0.22482777
0.38385353	12.29685213	-0.19675683	0.38391075	12.29712117	-0.19688089
0.46905799	12.23875004	-0.24007109	0.46904098	12.23887371	-0.24017678
0.71419619	12.09183579	-0.37190306	0.71420800	12.09182103	-0.37190740
0.30149103	12.52372578	-0.37154993	0.30214768	12.52469960	-0.37164653
0.59489442	12.77965226	-0.54651490	0.59619294	12.77967344	-0.54696056
0.32388316	13.00069131	-0.53925289	0.32612808	13.00177823	-0.53978692
0.05156773	13.01196563	-0.26910882	0.05401687	13.01400931	-0.26930202
0.12168177	13.09284734	-0.31508797	0.12438777	13.09463080	-0.31536770
0.33432517	12.87932681	-0.30075739	0.33624455	12.88034753	-0.30112364
0.04773533	12.98378604	-0.42718613	0.04998032	12.98579055	-0.42735591
0.14293470	13.05977062	-0.42434758	0.14544906	13.06144387	-0.42463435
0.37810988	12.82961304	-0.69871303	0.37942158	12.83021619	-0.69903247
0.17716604	13.04387130	-0.18647834	0.17977875	13.04548668	-0.18678302
0.23050236	12.82367485	-0.79774660	0.23164400	12.82470165	-0.79786522
0.34138262	12.76722742	-0.53575231	0.34272338	12.76812383	-0.53599493
0.34009981	12.89214353	-0.84686159	0.34138783	12.89271265	-0.84717341
0.39838977	12.44208925	-0.24778197	0.39884293	12.44266164	-0.24791399
0.26508939	13.05858944	-0.45453089	0.26757427	13.05983653	-0.45496329
0.48464060	12.68827315	-0.67135996	0.48553407	12.68854905	-0.67163591
0.70654227	12.74680878	-0.77775985	0.70745238	12.74636434	-0.77827165
0.34453726	12.95087730	-0.20697916	0.34677392	12.95189389	-0.20737917
-0.41133672	12.93453040	-0.24863722	-0.40915779	12.93833554	-0.24857727
0.17389252	13.09607807	-0.25612850	0.17664633	13.09768863	-0.25645115
0.33917024	12.95443530	-0.69478737	0.34096274	12.95524086	-0.69520677
-0.49848529	12.93453974	-0.28877248	-0.49631752	12.93866912	-0.28870042
0.24800515	13.04419119	-0.33576651	0.25051285	13.04552077	-0.33614461
0.29558248	12.46945521	-0.20358496	0.29616418	12.47047828	-0.20369362
0.13995458	13.11339564	-0.37734129	0.14269139	13.11509392	-0.37764683
0.23077243	13.08968622	-0.49663792	0.23332364	13.09104106	-0.49704557
0.26390829	12.62410321	-0.24866787	0.26498353	12.62530461	-0.24882480
0.18532900	12.95082197	-0.51489441	0.18739735	12.95232795	-0.51516436
0.28945163	12.89793702	-0.83660711	0.29078941	12.89871188	-0.83686798
0.29462104	12.84687204	-0.83907669	0.29576388	12.84760869	-0.83927749
0.25060309	13.03424773	-0.55244735	0.25291793	13.03554348	-0.55287596
0.38988273	12.80887865	-0.20378403	0.39161337	12.80971794	-0.20414659
0.50534141	12.59623403	-0.43634037	0.50615986	12.59653588	-0.43659530
0.31218189	12.76563095	-0.89013237	0.31290620	12.76618113	-0.89022124
0.17792198	12.97659871	-0.64986178	0.17988154	12.97800046	-0.65011735
0.39373057	12.38101799	-0.22425623	0.39397863	12.38150613	-0.22437069
0.36351311	12.49123831	-0.31505570	0.36408897	12.49197728	-0.31518175
0.21088349	12.88242726	-0.19273823	0.21290597	12.88391138	-0.19300877
0.39454307	12.73204576	-0.91198234	0.39508199	12.73223372	-0.91209917
0.30562392	12.79886449	-0.85232651	0.30655941	12.79952146	-0.85247066
0.16675295	13.12839317	-0.28860052	0.16960165	13.13002187	-0.28892745
0.42342094	12.61388209	-0.25132427	0.42444123	12.61450840	-0.25157680
0.22734456	12.86920918	-0.77516497	0.22869906	12.87028788	-0.77534096
0.43436067	12.71581879	-0.83019828	0.43504253	12.71605671	-0.83041768
0.83480735	12.73944133	-0.87381240	0.83562494	12.73864868	-0.87442877
0.57337516	12.78997514	-0.93178826	0.57415307	12.78974516	-0.93217767
0.35211741	12.69593435	-0.20369858	0.35346548	12.69686260	-0.20396588
0.26437344	12.77545040	-0.18665874	0.26601900	12.77672140	-0.18691350
