0.84778552	12.73684920	-0.41720115	0.84679037	12.73712046	-0.41649957
0.81752151	12.87486769	-0.44474459	0.81612253	12.87509260	-0.44384592
0.89406086	12.83489455	-0.54342740	0.89282073	12.83542019	-0.54255757
0.92725310	12.70193025	-0.52984157	0.92638178	12.70251589	-0.52914195
0.77409249	12.96571714	-0.50420804	0.77244028	12.96589963	-0.50317324
0.85475201	12.92088640	-0.58564454	0.85328977	12.92136742	-0.58465983
0.90450720	12.87880345	-0.64637168	0.90321046	12.87948084	-0.64543121
0.94352190	12.80921807	-0.64118793	0.94241712	12.80997837	-0.64032845
0.97861018	12.68035194	-0.64304237	0.97784973	12.68117758	-0.64232773
0.71490739	12.76918687	-1.16140144	0.71436042	12.76986748	-1.16079254
0.83738275	12.71948196	-1.13967563	0.83689372	12.72044449	-1.13901999
0.80488463	12.82552964	-1.07013592	0.80407198	12.82637373	-1.06934547
0.68250497	12.87103876	-1.08670788	0.68162662	12.87163303	-1.08594041
0.93865018	12.68628021	-1.07688672	0.93818398	12.68744804	-1.07617544
0.90450299	12.79690803	-1.01751941	0.90370088	12.79794416	-1.01669296
0.86420260	12.86491048	-0.96644875	0.86317594	12.86581235	-0.96555551
0.78514465	12.90529037	-0.98155053	0.78404289	12.90603720	-0.98064458
0.66286446	12.95044378	-0.98668286	0.66166042	12.95093089	-0.98576966
0.59206983	12.82976243	-0.20381675	0.59075419	12.82900096	-0.20297943
0.57220361	12.96668450	-0.25010862	0.57043749	12.96588640	-0.24903524
0.70677153	12.92138766	-0.34385207	0.70518878	12.92116396	-0.34288976
0.72979531	12.78210945	-0.30467035	0.72865123	12.78191583	-0.30392452
0.54058623	13.05340346	-0.33354855	0.53853238	13.05262191	-0.33230808
0.66953805	13.01193229	-0.41871052	0.66767586	13.01169443	-0.41759523
0.46414076	12.88239199	-1.05997633	0.46323538	12.88249143	-1.05929325
0.59103281	12.82918439	-1.13326084	0.59033663	12.82959348	-1.13261942
0.55921738	12.92120605	-1.05997651	0.55818503	12.92152088	-1.05917898
0.43453662	12.96423490	-0.98433744	0.43328723	12.96416853	-0.98347197
0.53795213	12.99504937	-0.95738869	0.53657761	12.99519348	-0.95641697
0.41267731	13.03276112	-0.88069936	0.41108814	13.03247799	-0.87965848
-0.02066670	12.97355400	-0.05813112	-0.02256655	12.97007150	-0.05666207
-0.14921646	12.98468448	-0.08045034	-0.15115529	12.98086787	-0.07896004
-0.15199915	13.05887794	-0.12566706	-0.15414171	13.05517440	-0.12395611
-0.02742939	13.06136156	-0.10059375	-0.02960444	13.05795112	-0.09887938
-0.26775988	12.98638965	-0.11729528	-0.26967151	12.98234013	-0.11581814
-0.26881241	13.04874537	-0.16455465	-0.27088914	13.04483649	-0.16288063
-0.26992515	13.09126870	-0.22926207	-0.27209689	13.08756753	-0.22745028
-0.15400203	13.10696652	-0.19103020	-0.15626863	13.10345135	-0.18917934
-0.03280256	13.11641131	-0.16539643	-0.03516093	13.11315171	-0.16350050
0.02584652	12.96888962	-0.58361049	0.02408011	12.96698509	-0.58233982
0.01029805	13.03067907	-0.55674457	0.00832171	13.02863575	-0.55524874
-0.07026436	13.03237790	-0.54619717	-0.07223224	13.03010006	-0.54465811
-0.05582871	12.97646667	-0.56292155	-0.05763560	12.97427184	-0.56156687
-0.00958750	13.08388825	-0.50838335	-0.01171111	13.08165856	-0.50670575
-0.09211188	13.07800112	-0.50965907	-0.09420718	13.07556939	-0.50796799
-0.18510402	13.07113222	-0.52626747	-0.18715768	13.06853511	-0.52456919
-0.16224841	13.03080400	-0.56291679	-0.16420735	13.02836133	-0.56135414
-0.14741305	12.97987384	-0.58129436	-0.14924495	12.97751117	-0.57988931
0.98796405	12.29118776	-0.67109263	0.98810953	12.29195851	-0.67076650
0.96826083	12.07198987	-0.68787371	0.96877148	12.07267688	-0.68778778
0.91492062	12.09761406	-0.55265033	0.91517137	12.09796563	-0.55259916
0.92915065	12.30469652	-0.53618438	0.92918569	12.30515535	-0.53594902
0.83676813	12.14650050	-0.43141423	0.83692396	12.14656770	-0.43138451
0.84370433	12.32876909	-0.41089359	0.84370095	12.32894244	-0.41070172
0.98049747	12.38466717	-1.14009964	0.98091894	12.38601008	-1.13965114
0.88530777	12.44472225	-1.20913344	0.88562707	12.44586933	-1.20872958
0.88218677	12.28515851	-1.23466076	0.88302654	12.28633898	-1.23443838
0.97461717	12.19316453	-1.15622381	0.97560874	12.19451012	-1.15598220
0.75736432	12.51956482	-1.23814010	0.75742354	12.52025992	-1.23781964
0.75501132	12.39949139	-1.27012945	0.75554502	12.40025645	-1.26994832
0.87079998	12.18032242	-1.24297467	0.87197308	12.18149404	-1.24289945
0.95656933	12.05829901	-1.15492201	0.95790476	12.05960023	-1.15487775
0.99248358	12.50035421	-0.65543750	0.99217441	12.50117544	-0.65492517
0.93573364	12.51528180	-0.52903563	0.93534460	12.51584490	-0.52856577
0.85141717	12.54249504	-0.40701195	0.85095909	12.54275281	-0.40657417
0.86721288	12.59100793	-1.18170777	0.86707036	12.59205293	-1.18119028
0.96653785	12.54902077	-1.11575441	0.96647546	12.55030434	-1.11516253
0.74162817	12.64748285	-1.20665939	0.74137033	12.64817349	-1.20618616
0.60023343	12.41748236	-0.22476917	0.60014919	12.41704474	-0.22454991
0.59831617	12.63104837	-0.20069335	0.59760655	12.63040540	-0.20019352
0.73220460	12.58342186	-0.29555493	0.73164859	12.58326409	-0.29510756
0.72766503	12.36960478	-0.30779947	0.72763104	12.36947144	-0.30761529
0.46790190	12.70584234	-1.14955820	0.46767609	12.70600224	-1.14934264
0.61166170	12.61605091	-1.21849572	0.61157443	12.61628172	-1.21829003
0.60754226	12.72092912	-1.18414253	0.60722820	12.72131518	-1.18377030
0.47189269	12.78972042	-1.11472580	0.47136867	12.78987008	-1.11429282
0.58675674	12.17429076	-0.30168965	0.58679531	12.17419704	-0.30166328
0.59811958	12.27910046	-0.26220227	0.59825359	12.27882232	-0.26211349
0.72418834	12.21523360	-0.33762624	0.72433518	12.21512638	-0.33757451
0.60125219	12.48761352	-1.25192536	0.60143875	12.48777516	-1.25196211
0.60700646	12.53518194	-1.24334562	0.60707809	12.53537846	-1.24330255
0.46232794	12.64992260	-1.16575068	0.46224164	12.65003908	-1.16563512
-0.00961023	12.69668856	-0.06222752	-0.01062599	12.69337882	-0.06158459
-0.15941602	12.76361194	-0.06907074	-0.16068459	12.75976803	-0.06826247
-0.15048583	12.88625557	-0.06403259	-0.15212914	12.88239765	-0.06284411
-0.01157355	12.85032662	-0.04865322	-0.01308106	12.84688068	-0.04754235
-0.29588873	12.81429865	-0.09344923	-0.29731250	12.81009899	-0.09252581
-0.27786654	12.90951412	-0.09528730	-0.27956751	12.90536914	-0.09405132
0.02285225	12.83976043	-0.61497090	0.02152689	12.83793923	-0.61410947
0.02850267	12.90510256	-0.60132630	0.02695350	12.90326151	-0.60027303
-0.05264297	12.91481809	-0.57346668	-0.05426104	12.91267032	-0.57230799
-0.06048114	12.85007753	-0.57858535	-0.06191175	12.84793036	-0.57760578
-0.14402239	12.92271639	-0.59059711	-0.14570568	12.92038262	-0.58936402
-0.15362201	12.86188114	-0.59062192	-0.15514361	12.85952398	-0.58956016
-0.03488114	12.40192855	-0.12076352	-0.03489270	12.39876140	-0.12083230
-0.17889335	12.61694037	-0.08954286	-0.17968011	12.61313154	-0.08915474
-0.02211418	12.52679475	-0.08869319	-0.02257556	12.52358689	-0.08846179
-0.33082985	12.60953707	-0.12939968	-0.33160634	12.60536779	-0.12913310
-0.31794893	12.69680693	-0.10770731	-0.31902063	12.69258914	-0.10716919
0.01338748	12.77348866	-0.62767978	0.01228621	12.77167926	-0.62700838
-0.07959429	12.78355103	-0.57680115	-0.08083760	12.78135708	-0.57598600
-0.09743708	12.75621250	-0.55714288	-0.09859062	12.75392750	-0.55637132
-0.17766163	12.79914556	-0.57981996	-0.17903119	12.79669025	-0.57888631
-0.38965913	12.98420288	-0.16730742	-0.39153891	12.97997372	-0.16584441
-0.38180850	13.03537145	-0.21195356	-0.38381778	13.03132614	-0.21031032
-0.49899499	12.97845276	-0.22460556	-0.50082940	12.97410623	-0.22312521
-0.47919230	13.02019125	-0.26460722	-0.48113261	13.01606226	-0.26298225
-0.45700709	13.05461323	-0.31403536	-0.45902230	13.05072112	-0.31229401
-0.37176668	13.07374988	-0.27028217	-0.37386136	13.06992760	-0.26851776
-0.26610215	13.02902660	-0.58285139	-0.26804853	13.02642590	-0.58124422
-0.25157437	12.98431443	-0.60868800	-0.25341827	12.98181945	-0.60722803
-0.28659814	13.06457175	-0.54170318	-0.28862017	13.06180775	-0.53997894
-0.38097123	13.05644263	-0.55082204	-0.38295542	13.05354299	-0.54908939
-0.36583204	13.02629653	-0.59633520	-0.36773946	13.02357280	-0.59470628
-0.35599562	12.98885005	-0.63103815	-0.35783606	12.98624511	-0.62953729
-0.25283238	12.93615727	-0.62558562	-0.25456832	12.93370395	-0.62427378
-0.36340433	12.95064454	-0.65680019	-0.36516946	12.94810221	-0.65541563
-0.37807757	12.91389306	-0.67200979	-0.37978376	12.91137264	-0.67073716
-0.26551348	12.88682498	-0.63127685	-0.26714814	12.88435493	-0.63009383
-0.54309676	12.87188268	-0.18652697	-0.54465761	12.86724771	-0.18546200
-0.56272572	12.75011860	-0.19488043	-0.56392267	12.74544532	-0.19434180
-0.63869886	12.78824373	-0.25203779	-0.63998458	12.78357826	-0.25137993
-0.62083525	12.88415045	-0.24888784	-0.62240876	12.87954922	-0.24777509
-0.57058075	12.64598005	-0.21436584	-0.57143609	12.64138441	-0.21428664
-0.64574595	12.70604315	-0.26611042	-0.64675322	12.70140509	-0.26589236
-0.69405477	12.77764218	-0.33472481	-0.69528811	12.77320712	-0.33415911
-0.68793692	12.82970351	-0.32756928	-0.68934802	12.82526140	-0.32671406
-0.67200935	12.89277445	-0.32750486	-0.67359599	12.88839436	-0.32633757
-0.46095999	12.63471485	-0.16574661	-0.46182268	12.63024383	-0.16558368
-0.45015744	12.73047221	-0.14483454	-0.45132695	12.72596416	-0.14428509
-0.42850598	12.84966429	-0.13388270	-0.43001519	12.84519981	-0.13288121
-0.47395802	12.93025382	-0.68303005	-0.47567489	12.92767462	-0.68169631
-0.48088838	12.90361971	-0.69442922	-0.48257488	12.90105704	-0.69316571
-0.39028394	12.88073506	-0.67483580	-0.39193512	12.87820241	-0.67366636
-0.56067698	12.93521018	-0.66325939	-0.56238188	12.93251604	-0.66191256
-0.56549337	12.90897773	-0.67878039	-0.56717425	12.90633675	-0.67752309
-0.40122731	12.86374792	-0.66496524	-0.40284706	12.86116850	-0.66384307
-0.28535421	12.83859869	-0.62464664	-0.28688412	12.83605919	-0.62358436
0.89442906	12.88814301	-0.89755069	0.89326978	12.88905356	-0.89659966
0.79376984	12.95428325	-0.88303183	0.79242743	12.95495516	-0.88202373
0.91061409	12.90219018	-0.80867580	0.90935192	12.90304335	-0.80769623
0.81472322	12.97382824	-0.77833622	0.81324089	12.97444301	-0.77728711
0.70352356	13.02825282	-0.73641182	0.70181517	13.02852493	-0.73529091
0.67438423	13.00459998	-0.86587755	0.67287303	13.00496047	-0.86482211
0.91156596	12.89795165	-0.71681513	0.91026140	12.89872186	-0.71584444
0.83167723	12.96461057	-0.67182264	0.83014251	12.96513969	-0.67077986
0.73647511	13.01596498	-0.60921960	0.73473093	13.01617183	-0.60811031
0.99821411	12.67578839	-0.98200310	0.99768954	12.67702485	-0.98123187
0.95922665	12.79694369	-0.93635933	0.95834574	12.79804692	-0.93548771
1.02108608	12.67594529	-0.87069213	1.02047635	12.67711944	-0.86991940
0.97875365	12.80601767	-0.83950130	0.97777184	12.80706825	-0.83861201
1.01223926	12.67436466	-0.75743152	1.01156168	12.67538159	-0.75668555
0.97266241	12.80505695	-0.74013417	0.97162454	12.80598807	-0.73925787
0.55363562	13.04878102	-0.82020020	0.55193157	13.04877250	-0.81908463
0.58970193	13.07380243	-0.67088946	0.58778347	13.07369004	-0.66968786
0.46512002	13.11054176	-0.58738602	0.46297877	13.10992301	-0.58606350
0.42869669	13.08494500	-0.73989617	0.42676888	13.08447626	-0.73867413
0.62945213	13.06201612	-0.53276156	0.62747716	13.06182125	-0.53156367
0.50362669	13.10071602	-0.44918813	0.50145040	13.10000367	-0.44786939
-0.38984990	13.07257751	-0.49259136	-0.39187534	13.06946156	-0.49080257
-0.47311812	13.05473343	-0.50581109	-0.47508151	13.05153853	-0.50404092
-0.45301652	13.04430927	-0.54835104	-0.45495166	13.04129924	-0.54663169
-0.40223471	13.07720720	-0.42948913	-0.40427774	13.07384942	-0.42768337
-0.49547189	13.05560355	-0.46135097	-0.49744595	13.05220663	-0.45956360
-0.57959985	13.03020592	-0.49133411	-0.58148930	13.02680024	-0.48959507
-0.54189891	13.03291296	-0.52371555	-0.54379433	13.02969893	-0.52198476
-0.50409573	13.03185147	-0.54981604	-0.50599098	13.02878383	-0.54811394
-0.42801418	13.07246464	-0.36946286	-0.43006317	13.06883864	-0.36766878
-0.50948292	13.05017106	-0.41013148	-0.51144568	13.04655267	-0.40836044
-0.52463907	13.03450437	-0.35962286	-0.52658363	13.03065000	-0.35790891
-0.56994137	13.01834671	-0.39244343	-0.57182871	13.01451651	-0.39075207
-0.58162068	13.02472676	-0.44095525	-0.58351393	13.02110002	-0.43923419
-0.02557320	13.12127708	-0.42546843	-0.02780162	13.11878051	-0.42363537
-0.11699250	13.10876715	-0.43851494	-0.11918368	13.10606819	-0.43671200
-0.03611235	13.14069925	-0.32942727	-0.03853784	13.13784419	-0.32746651
-0.13836244	13.12464387	-0.35163603	-0.14063421	13.12162029	-0.34976319
-0.23881945	13.10802703	-0.38333819	-0.24099244	13.10487840	-0.38149617
-0.21240967	13.09619888	-0.46196307	-0.21453100	13.09335715	-0.46017381
-0.03701190	13.14131403	-0.24234620	-0.03946338	13.13828579	-0.24039249
-0.15010334	13.12652010	-0.26777052	-0.15240732	13.12323738	-0.26586816
-0.25905700	13.10873189	-0.30380454	-0.26125775	13.10529546	-0.30194405
0.99432218	11.97904753	-1.05876598	0.99563376	11.98028749	-1.05877158
1.01605961	12.12428018	-1.05626810	1.01706211	12.12559141	-1.05605760
0.99656306	11.93369021	-0.95358946	0.99772100	11.93479485	-0.95367124
1.02178944	12.08058577	-0.94225044	1.02269169	12.08175540	-0.94208859
1.03940297	12.29860940	-0.92590509	1.03979624	12.29983995	-0.92549027
1.02813037	12.33370019	-1.04164068	1.02856903	12.33504602	-1.04119476
0.97761227	11.91652806	-0.83478211	0.97860116	11.91745212	-0.83492855
1.00486615	12.06467196	-0.81897015	1.00561574	12.06564332	-0.81885637
1.02542357	12.28684718	-0.80172639	1.02570763	12.28786978	-0.80135468
1.02196476	12.51953148	-1.01651993	1.02188548	12.52085212	-1.01590186
1.04049827	12.50163801	-0.90150354	1.04036070	12.50287332	-0.90090813
1.02909182	12.49551194	-0.78033492	1.02887875	12.49656979	-0.77977662
-0.64691980	12.92888042	-0.61114838	-0.64862479	12.92599943	-0.60982661
-0.65375307	12.89946660	-0.62388652	-0.65541963	12.89665626	-0.62270655
-0.70483959	12.91634689	-0.53155939	-0.70651603	12.91297332	-0.53028207
-0.71531308	12.88031234	-0.53852597	-0.71692991	12.87696482	-0.53744046
-0.65562367	12.87611062	-0.62589737	-0.65726137	12.87330497	-0.62482645
-0.70672437	12.90390523	-0.42955692	-0.70835476	12.89997223	-0.42832943
-0.72013194	12.85880832	-0.43161691	-0.72165349	12.85484514	-0.43060858
-0.72305393	12.82314784	-0.43420343	-0.72450122	12.81919188	-0.43338997
-0.30320469	13.08524843	-0.47899474	-0.30527327	13.08225940	-0.47720383
-0.32185042	13.09351894	-0.40650542	-0.32396461	13.09025776	-0.40468912
-0.34821804	13.09137885	-0.33610353	-0.35033447	13.08782851	-0.33428435
-0.60071727	12.93682374	-0.26033781	-0.60243109	12.93234609	-0.25899436
-0.52075827	12.93844436	-0.19752973	-0.52249262	12.93392497	-0.19620008
-0.65440877	12.93315939	-0.33578469	-0.65610328	12.92887084	-0.33443840
-0.63124649	12.96313917	-0.35191113	-0.63302247	12.95899111	-0.35043237
-0.57763370	12.96940589	-0.28386166	-0.57942632	12.96510538	-0.28237977
-0.40655718	12.92824504	-0.14144166	-0.40828581	12.92388407	-0.14016043
-0.46094368	12.96066398	-0.66372628	-0.46270752	12.95803424	-0.66229226
-0.44915223	12.99212427	-0.63462925	-0.45097216	12.98941102	-0.63309605
-0.53332757	12.99104593	-0.61786531	-0.53513404	12.98820111	-0.61630991
-0.54919086	12.96341882	-0.64464220	-0.55094174	12.96066158	-0.64318614
-0.66352316	12.97316176	-0.51842575	-0.66529610	12.96977234	-0.51688502
-0.68783578	12.94589211	-0.52545622	-0.68956220	12.94251010	-0.52404002
-0.63310403	12.95671203	-0.59759795	-0.63484468	12.95375407	-0.59615028
-0.61224393	12.98332112	-0.57905180	-0.61402907	12.98027965	-0.57749067
-0.63150675	13.00201749	-0.50871963	-0.63333719	12.99862425	-0.50706571
-0.58506790	13.00884413	-0.55128809	-0.58690950	13.00570029	-0.54963369
-0.51530019	13.01562064	-0.57778845	-0.51716040	13.01264872	-0.57614799
-0.68929040	12.93717083	-0.43127124	-0.69098895	12.93328688	-0.42988579
-0.66492868	12.96539338	-0.43644535	-0.66668221	12.96158773	-0.43493034
-0.59893702	12.99476250	-0.37543531	-0.60077512	12.99079174	-0.37383137
-0.63123073	12.99565220	-0.44471433	-0.63305001	12.99195849	-0.44308344
-0.54985701	13.00477491	-0.31727960	-0.55173841	13.00068532	-0.31566970
-0.44576905	13.02172788	-0.59372132	-0.44765046	13.01888583	-0.59208924
0.17353477	13.10868694	-0.17469222	0.17122431	13.10617279	-0.17293037
0.14286343	13.14745075	-0.25895842	0.14029242	13.14490666	-0.25703114
0.17063789	13.13607534	-0.27423334	0.16811464	13.13369347	-0.27237792
0.20557041	13.09600812	-0.18686144	0.20329310	13.09363800	-0.18517964
0.12277912	13.15549482	-0.35375018	0.12021785	13.15307658	-0.35175875
0.14885648	13.14492523	-0.37103414	0.14631946	13.14266520	-0.36910138
0.17532864	13.12739921	-0.28443556	0.17284036	13.12505753	-0.28260620
0.21001050	13.08780213	-0.19349147	0.20775333	13.08546356	-0.19183894
0.18185913	13.13526390	-0.28547235	0.17934858	13.13295652	-0.28364189
0.21531042	13.09433127	-0.18834029	0.21303596	13.09200698	-0.18668202
0.16289208	13.14359243	-0.38844090	0.16036352	13.14144652	-0.38655010
0.20682263	13.15069235	-0.41511868	0.20429837	13.14882203	-0.41334300
0.22842157	13.14180256	-0.30386187	0.22591387	13.13975266	-0.30211990
0.26119534	13.09861863	-0.19947063	0.25890528	13.09651787	-0.19787231
0.25097660	12.92240977	-0.05844148	0.24931811	12.92000581	-0.05726801
0.21277708	13.03834440	-0.10166697	0.21071181	13.03583650	-0.10014295
0.24912855	13.02631325	-0.11351044	0.24709989	13.02398101	-0.11204540
0.29076961	12.91001893	-0.07179561	0.28915521	12.90782143	-0.07066711
0.25940937	13.02453423	-0.11410944	0.25739500	13.02224873	-0.11266776
0.30201128	12.90836747	-0.07525540	0.30040700	12.90622647	-0.07414205
0.30469574	13.02393903	-0.12182104	0.30269031	13.02187515	-0.12044225
0.34594147	12.90139502	-0.08141351	0.34436273	12.89945693	-0.08034018
0.37321274	12.71353455	-0.08776883	0.37223154	12.71181938	-0.08710134
0.33299100	12.72652413	-0.08310170	0.33196452	12.72463267	-0.08238638
0.39284255	12.51969525	-0.12033230	0.39243413	12.51829202	-0.11998759
0.35499312	12.54302109	-0.11548016	0.35451223	12.54143773	-0.11510384
0.32151814	12.72846324	-0.07834293	0.32047936	12.72650966	-0.07762102
0.34272173	12.54552660	-0.11057085	0.34222690	12.54387710	-0.11019242
0.29684152	12.55831164	-0.09250495	0.29630379	12.55642311	-0.09211478
0.27925135	12.74493499	-0.06224169	0.27814804	12.74275931	-0.06148936
0.26377280	12.78166200	-0.91680172	0.26308829	12.78108038	-0.91637494
0.25286446	12.85152755	-0.89088235	0.25188130	12.85084797	-0.89025895
0.23342967	12.85678779	-0.83153761	0.23235175	12.85594958	-0.83087270
0.24502810	12.79627476	-0.85606319	0.24418670	12.79551882	-0.85555704
0.23659466	12.92305795	-0.83950208	0.23529915	12.92223405	-0.83867579
0.21671203	12.92091929	-0.78358991	0.21534682	12.91994749	-0.78272380
0.22321214	12.91646582	-0.76573283	0.22183307	12.91548887	-0.76485311
0.24578106	12.80202419	-0.83515088	0.24488676	12.80125329	-0.83460458
0.21701404	12.85708915	-0.81691628	0.21588856	12.85619481	-0.81620615
0.22278121	12.80005381	-0.84066336	0.22188465	12.79922891	-0.84010219
0.20561730	12.92035468	-0.77367952	0.20422663	12.91934612	-0.77277656
0.16489578	12.93214480	-0.75877338	0.16343677	12.93099214	-0.75780896
0.17338310	12.86522918	-0.79824768	0.17219829	12.86418880	-0.79749683
0.17619783	12.80182058	-0.82018011	0.17525876	12.80083886	-0.81959707
0.26955416	12.71178454	-0.94279431	0.26914785	12.71125420	-0.94252493
0.25354542	12.73540570	-0.88107188	0.25296103	12.73474919	-0.88071979
0.25500059	12.75088614	-0.85843365	0.25431237	12.75018747	-0.85801348
0.27321167	12.71466199	-0.87217629	0.27267865	12.71405287	-0.87185323
0.23244401	12.74266488	-0.86830536	0.23178354	12.74193051	-0.86789662
0.18364411	12.73460961	-0.85063557	0.18296743	12.73371303	-0.85022222
0.28437031	12.32008865	-0.16280978	0.28464164	12.31844729	-0.16290467
0.29979530	12.41649780	-0.12799355	0.29965875	12.41483094	-0.12784930
0.34777198	12.41610250	-0.14413542	0.34765179	12.41474720	-0.14395288
0.33443715	12.34733894	-0.17735923	0.33455775	12.34611157	-0.17730629
0.35166616	12.42879795	-0.15130446	0.35151189	12.42746605	-0.15110380
0.36166722	12.40951113	-0.14918815	0.36157795	12.40824844	-0.14900631
0.34826802	12.34288235	-0.18332546	0.34828754	12.34187746	-0.18317530
0.39929543	12.37736768	-0.15771600	0.39931459	12.37636095	-0.15754409
0.11308698	13.13299222	-0.45997956	0.11073080	13.13097536	-0.45813449
0.14298168	13.12014257	-0.47449404	0.14066037	13.11825071	-0.47273181
0.11732379	13.08271044	-0.56986765	0.11519263	13.08102011	-0.56829930
0.15268192	13.06782315	-0.58112655	0.15060238	13.06627127	-0.57965811
0.15505155	13.10905126	-0.48161418	0.15276701	13.10722242	-0.47990367
0.16072995	13.11548856	-0.48169468	0.15841757	13.11367422	-0.47997284
0.17169672	13.06118840	-0.57760966	0.16964117	13.05968030	-0.57618987
0.19785373	13.06724599	-0.61722022	0.19582046	13.06589501	-0.61585526
0.19606014	13.12220817	-0.51467660	0.19373409	13.12058781	-0.51305210
0.21460623	12.99807559	-0.73710601	0.21292199	12.99699908	-0.73602255
0.19309833	12.99265400	-0.68876415	0.19137205	12.99143190	-0.68763604
0.17874140	12.99571882	-0.68819624	0.17698877	12.99445986	-0.68703242
0.14032705	13.01018269	-0.67649895	0.13850025	13.00879085	-0.67525134
0.38718476	13.08372907	-0.25443197	0.38498241	13.08227174	-0.25303435
0.42349425	13.00287580	-0.17176992	0.42157953	13.00140814	-0.17055434
0.45352131	12.87239546	-0.12708845	0.45204383	12.87100658	-0.12613142
0.30768565	12.98912289	-0.85643010	0.30619355	12.98851679	-0.85545889
0.33268346	12.91190524	-0.94680425	0.33155109	12.91154497	-0.94605323
0.28859379	13.05748639	-0.74314635	0.28673324	13.05662695	-0.74196100
0.13024933	12.94798426	-0.05225758	0.12847517	12.94505894	-0.05091790
0.10734435	13.05224932	-0.09492654	0.10522142	13.04930519	-0.09327084
0.08530370	13.11660481	-0.16330304	0.08296397	13.11375587	-0.16138336
0.08230657	13.02265933	-0.61652269	0.08040017	13.02097452	-0.61514168
0.06160457	13.08671511	-0.53690790	0.05945220	13.08476626	-0.53524474
0.10211747	12.95138197	-0.67244820	0.10049827	12.94988376	-0.67135111
0.47008747	12.67810848	-0.12914123	0.46922438	12.67687122	-0.12854503
0.48186110	12.47061689	-0.15944970	0.48162845	12.46967985	-0.15915206
0.34302275	12.83149081	-1.00103926	0.34226115	12.83126838	-1.00053072
0.34486666	12.75655427	-1.03103858	0.34437687	12.75636457	-1.03068703
0.48441696	12.33486424	-0.19872862	0.48453967	12.33427264	-0.19861339
0.34452617	12.69666260	-1.05067858	0.34429650	12.69650314	-1.05048741
0.15689977	12.46072364	-0.10491905	0.15665227	12.45830913	-0.10477451
0.16098484	12.61614591	-0.07358969	0.16025023	12.61359959	-0.07311679
0.10613474	12.75110225	-0.74505285	0.10525368	12.74980942	-0.74452635
0.10563181	12.81955802	-0.72052525	0.10449848	12.81819736	-0.71981029
0.15005386	12.79428528	-0.05041320	0.14876611	12.79152304	-0.04951131
0.10709533	12.88488386	-0.70169944	0.10572049	12.88347100	-0.70080425
0.32259135	13.13824045	-0.49204543	0.32022527	13.13700217	-0.49053683
0.29737561	13.11085588	-0.61965689	0.29521297	13.10979271	-0.61826796
0.35296584	13.12890356	-0.36591743	0.35059564	13.12751731	-0.36441279
0.05610322	13.15227026	-0.33445834	0.05359389	13.14957732	-0.33238437
0.05386614	13.13115231	-0.43780864	0.05155043	13.12888278	-0.43591197
0.06701728	13.14848999	-0.24301545	0.06445830	13.14566024	-0.24092606
0.88341853	11.96752565	-0.58522480	0.88377818	11.96790623	-0.58542186
0.81676000	12.01719950	-0.47386000	0.81676000	12.01719950	-0.47386000
0.92503846	11.94058381	-0.71413852	0.92575467	11.94125165	-0.71435223
0.91222784	12.00705605	-0.71877136	0.91287958	12.00771854	-0.71889248
0.87587333	12.05316888	-0.63225850	0.87629634	12.05362397	-0.63234096
0.80699823	12.11477572	-0.52895431	0.80723976	12.11493779	-0.52895476
0.95893565	11.93386869	-0.83830269	0.95990856	11.93477441	-0.83845811
0.97845068	11.95049391	-0.94952165	0.97957755	11.95156780	-0.94961027
0.94580447	12.06835613	-0.93250192	0.94671409	12.06935914	-0.93247617
0.93128345	12.03741410	-0.81508803	0.93206287	12.03826001	-0.81513406
0.97779020	11.99321140	-1.04248558	0.97904469	11.99440318	-1.04250457
0.94313854	12.06811869	-1.12920702	0.94440637	12.06935384	-1.12917276
0.91950139	12.13061300	-1.10665348	0.92057478	12.13175638	-1.10657567
0.94326189	12.10365045	-1.03016638	0.94426582	12.10475679	-1.03008435
0.86209455	12.18597933	-1.22009565	0.86321446	12.18709649	-1.22002448
0.74466753	12.33577150	-1.27055820	0.74541951	12.33651273	-1.27044914
0.74812145	12.36392360	-1.19873713	0.74869225	12.36460847	-1.19858685
0.85964932	12.23166418	-1.15725063	0.86053986	12.23269703	-1.15711455
0.60168844	12.48364752	-1.23783030	0.60187072	12.48379024	-1.23787370
0.47092186	12.61418524	-1.15237935	0.47089340	12.61425721	-1.15232387
0.49420000	12.61570000	-1.07906000	0.49420000	12.61570000	-1.07906000
0.61447000	12.50220000	-1.16283000	0.61447000	12.50220000	-1.16283000
0.38268650	12.64735492	-1.04930379	0.38262947	12.64729351	-1.04923367
0.33163431	12.64692588	-0.95626689	0.33152063	12.64664330	-0.95618175
0.37140000	12.64100070	-0.89641000	0.37140000	12.64100070	-0.89641000
0.41679000	12.64250090	-0.98287004	0.41679000	12.64250090	-0.98287004
0.31291529	12.67800949	-0.89614444	0.31258369	12.67756552	-0.89593864
0.30831786	12.70528620	-0.86819941	0.30781837	12.70478462	-0.86789974
0.33633624	12.69293581	-0.81090361	0.33577114	12.69242851	-0.81057173
0.34609715	12.66825874	-0.83919983	0.34569788	12.66788420	-0.83899490
0.29939080	12.69256192	-0.87215933	0.29892202	12.69203806	-0.87186577
0.25618335	12.68203182	-0.84257772	0.25568234	12.68134414	-0.84227720
0.29617329	12.67886586	-0.77306598	0.29559294	12.67818309	-0.77273648
0.33524569	12.68151160	-0.80961196	0.33470235	12.68100024	-0.80928639
0.14890257	12.71555456	-0.71350104	0.14811144	12.71433491	-0.71305424
0.01593252	12.76669195	-0.57201121	0.01481507	12.76476652	-0.57134652
0.01964857	12.80314638	-0.49459838	0.01839167	12.80101376	-0.49380166
0.17254984	12.73007620	-0.63795627	0.17163434	12.72877181	-0.63743735
-0.10147864	12.80804250	-0.50887793	-0.10280107	12.80559595	-0.50800103
-0.20923429	12.83993384	-0.51289898	-0.21070055	12.83723303	-0.51188262
-0.21293666	12.90713405	-0.45114617	-0.21457908	12.90424305	-0.44994514
-0.10409833	12.86612567	-0.43772273	-0.10561590	12.86345549	-0.43667696
-0.31415998	12.86189875	-0.57313571	-0.31573478	12.85916689	-0.57202967
-0.41232401	12.87521950	-0.64150820	-0.41396167	12.87255474	-0.64035477
-0.42926819	12.90155084	-0.58902488	-0.43094817	12.89869277	-0.58779932
-0.32383963	12.91369804	-0.51689882	-0.32551879	12.91077919	-0.51564566
-0.50033860	12.87962271	-0.66998547	-0.50199654	12.87696511	-0.66880177
-0.58021506	12.87620528	-0.65851152	-0.58188422	12.87349312	-0.65738571
-0.57952107	12.87762349	-0.62306308	-0.58117772	12.87477887	-0.62194630
-0.52288895	12.88609455	-0.62156708	-0.52454175	12.88326331	-0.62038831
-0.65445750	12.86677512	-0.60729969	-0.65608048	12.86388079	-0.60627779
-0.70369433	12.84808454	-0.52821330	-0.70525568	12.84469834	-0.52731094
-0.66673113	12.86352576	-0.49943351	-0.66831537	12.86003834	-0.49841795
-0.62926141	12.87498208	-0.57603958	-0.63089741	12.87192911	-0.57496584
-0.70887925	12.81823209	-0.43358530	-0.71031307	12.81430404	-0.43279874
-0.68228061	12.76917600	-0.34482029	-0.68348359	12.76482506	-0.34429274
-0.66062333	12.77604134	-0.35745931	-0.66185680	12.77181970	-0.35688759
-0.67274440	12.82410336	-0.41666969	-0.67418065	12.82016747	-0.41584545
-0.63564447	12.69316423	-0.28324513	-0.63659696	12.68863372	-0.28307712
-0.56243013	12.63158091	-0.23493939	-0.56322087	12.62708450	-0.23490519
-0.54460569	12.69138689	-0.26489551	-0.54556445	12.68707322	-0.26460211
-0.62057384	12.73607480	-0.31455879	-0.62166180	12.73175485	-0.31416013
-0.45536567	12.62553917	-0.18670026	-0.45617785	12.62116551	-0.18657054
-0.32730007	12.60446056	-0.15006458	-0.32804787	12.60035645	-0.14980655
-0.30983440	12.65868366	-0.17793031	-0.31074776	12.65470602	-0.17751481
-0.43638162	12.68360795	-0.21534052	-0.43735771	12.67940095	-0.21495575
-0.18850067	12.50071872	-0.13696483	-0.18887493	12.49701238	-0.13686838
-0.03762974	12.38682646	-0.14468249	-0.03758062	12.38370648	-0.14478644
-0.03618653	12.45700303	-0.17497823	-0.03637002	12.45394994	-0.17492451
-0.17763384	12.56390896	-0.16490552	-0.17821233	12.56030080	-0.16465099
0.12483912	12.32925157	-0.16498284	0.12511950	12.32684370	-0.16513842
0.25381775	12.31374061	-0.18977773	0.25412933	12.31200366	-0.18991755
0.23212136	12.37364172	-0.24139755	0.23219874	12.37192697	-0.24141972
0.11401777	12.39696767	-0.20572788	0.11404316	12.39460764	-0.20574560
0.30297610	12.34976207	-0.21038971	0.30311435	12.34841976	-0.21039379
0.28690164	12.43352385	-0.27931915	0.28673357	12.43213905	-0.27922282
0.27927902	12.40548320	-0.26569187	0.27921411	12.40404773	-0.26564309
0.31341906	12.34165733	-0.22274715	0.31336138	12.34064735	-0.22270309
0.34620000	12.27620000	-0.23202000	0.34620000	12.27620000	-0.23202000
0.31956301	12.32878733	-0.29138148	0.31957379	12.32784297	-0.29149666
0.28628015	12.39230530	-0.28081589	0.28618470	12.39100701	-0.28079761
0.44425997	12.21770000	-0.27141000	0.44425997	12.21770000	-0.27141000
0.57587000	12.16340070	-0.32883000	0.57587000	12.16340070	-0.32883000
0.57030316	12.24169411	-0.38310247	0.57046567	12.24145352	-0.38311101
0.42834363	12.28375600	-0.32822851	0.42848481	12.28325949	-0.32826916
0.70622003	12.08180000	-0.39380000	0.70622003	12.08180000	-0.39380000
0.70086889	12.18072559	-0.44773001	0.70106457	12.18067745	-0.44773385
0.76403029	12.39620251	-1.04760233	0.76432163	12.39689108	-1.04738230
0.86741771	12.24828234	-1.04673904	0.86809493	12.24923040	-1.04657785
0.78292178	12.37909135	-0.85946901	0.78304500	12.37965352	-0.85923568
0.87622389	12.22634918	-0.90639026	0.87676413	12.22717639	-0.90625186
0.79609325	12.26370937	-0.67229291	0.79629864	12.26407690	-0.67217719
0.87611825	12.15176954	-0.75458710	0.87660729	12.15240923	-0.75453064
0.53209608	12.60854349	-0.90159627	0.53177956	12.60860290	-0.90131820
0.64623555	12.52352272	-0.98976391	0.64612650	12.52381667	-0.98956547
0.56337503	12.53819712	-0.69011354	0.56301451	12.53809180	-0.68982805
0.67690179	12.47961463	-0.78011593	0.67672237	12.47985700	-0.77984241
0.57054206	12.38528610	-0.51066595	0.57050626	12.38502362	-0.51055053
0.69246962	12.34028150	-0.58874161	0.69249819	12.34035206	-0.58861355
-0.22391461	12.90046258	-0.36641280	-0.22554247	12.89728457	-0.36522803
-0.11789598	12.85740411	-0.35099302	-0.11941475	12.85444668	-0.34994828
-0.24528151	12.84072448	-0.28102043	-0.24674916	12.83723422	-0.28001315
-0.13819527	12.79139153	-0.26804470	-0.13952169	12.78815528	-0.26718453
-0.01987731	12.72562590	-0.30429753	-0.02095405	12.72287991	-0.30364514
0.00287922	12.79353267	-0.39874398	0.00162130	12.79109890	-0.39791919
-0.27852870	12.74886701	-0.22007656	-0.27972830	12.74509969	-0.21936597
-0.15970974	12.67682199	-0.20777114	-0.16065847	12.67338422	-0.20721686
-0.03146688	12.59236302	-0.22936971	-0.03210896	12.58943176	-0.22901616
-0.55915856	12.90422141	-0.53990479	-0.56084086	12.90105028	-0.53868214
-0.59333252	12.89538774	-0.44825528	-0.59496208	12.89176949	-0.44707735
-0.49136346	12.91392949	-0.38603586	-0.49302210	12.91023263	-0.38478894
-0.45795667	12.92942901	-0.49129912	-0.45967576	12.92619398	-0.48999469
-0.60977563	12.82124546	-0.37080907	-0.61117425	12.81722733	-0.36997712
-0.52089689	12.81005812	-0.31197709	-0.52225062	12.80601107	-0.31116444
-0.34215999	12.92637660	-0.42276209	-0.34385560	12.92310828	-0.42147399
-0.36910653	12.88864643	-0.32492086	-0.37070308	12.88498909	-0.32376430
-0.40434702	12.78956697	-0.25833631	-0.40565625	12.78560774	-0.25753211
0.29089303	12.63607250	-0.64931237	0.29026706	12.63515429	-0.64898430
0.33271024	12.63333398	-0.67286497	0.33210692	12.63257412	-0.67254729
0.26517650	12.56734857	-0.49987575	0.26469581	12.56611451	-0.49959794
0.31157106	12.56706724	-0.50980853	0.31109350	12.56601133	-0.50952924
0.31546658	12.58498028	-0.49408856	0.31491827	12.58391421	-0.49378422
0.33355153	12.64756988	-0.66434461	0.33290095	12.64679647	-0.66400539
0.34093315	12.63028780	-0.68713256	0.34034212	12.62956972	-0.68682880
0.31803682	12.57096533	-0.50908831	0.31752998	12.56993590	-0.50881447
0.35066408	12.55199328	-0.54986663	0.35023070	12.55112986	-0.54962590
0.37061243	12.61228750	-0.73784082	0.37012409	12.61171468	-0.73757484
0.32660387	12.43597417	-0.39863214	0.32643000	12.43489769	-0.39855909
0.29379752	12.48196025	-0.37492628	0.29350652	12.48069868	-0.37476817
0.28809002	12.48587332	-0.36996386	0.28781035	12.48456126	-0.36979280
0.24077833	12.47084354	-0.35403927	0.24053852	12.46934591	-0.35391352
0.44389666	12.55190097	-0.61173048	0.44348083	12.55138164	-0.61146536
0.43702461	12.62097984	-0.81347233	0.43660409	12.62073597	-0.81319912
0.43361406	12.40937050	-0.44574196	0.43352804	12.40872934	-0.44567847
0.13503449	12.63266583	-0.40730199	0.13430986	12.63081094	-0.40688580
0.16069708	12.70468790	-0.52900382	0.15978844	12.70312631	-0.52848781
0.11778492	12.51376688	-0.29291198	0.11741783	12.51161536	-0.29271140
0.15528209	13.13576425	-0.38353163	0.15278163	13.13357122	-0.38164012
0.25259404	13.02020939	-0.12074520	0.25059393	13.01791382	-0.11930243
0.29327569	12.90680392	-0.08121998	0.29167425	12.90464402	-0.08010525
0.32410117	12.72795652	-0.08884206	0.32306666	12.72603990	-0.08812749
0.34593917	12.54999596	-0.12040762	0.34543523	12.54838072	-0.12002120
0.23738975	12.85592220	-0.81057167	0.23627659	12.85507029	-0.80988102
0.33922275	12.36969701	-0.18436490	0.33923401	12.36852865	-0.18424940
0.16999427	13.05601606	-0.58046363	0.16796004	13.05451211	-0.57905490
0.19661323	12.98743195	-0.68216968	0.19489621	12.98621186	-0.68104734
0.89763446	11.96221955	-0.57172812	0.89796645	11.96259199	-0.57191210
0.82715405	12.01965177	-0.45665408	0.82713357	12.01964012	-0.45665370
0.94244577	11.92631683	-0.70549506	0.94315719	11.92699105	-0.70569712
0.74821833	12.33444105	-1.28604825	0.74899960	12.33521088	-1.28593681
0.46128260	12.62010122	-1.16597118	0.46125141	12.62019615	-1.16591108
0.35320260	12.65789848	-1.05759808	0.35309909	12.65776584	-1.05748789
0.28679331	12.66068959	-0.95921351	0.28661769	12.66025327	-0.95908611
0.27188812	12.69028047	-0.89744683	0.27149170	12.68970191	-0.89721308
0.25502033	12.70149768	-0.88389788	0.25449984	12.70083330	-0.88355567
0.20667209	12.68696605	-0.86585913	0.20616260	12.68617487	-0.86554842
0.11755913	12.70715669	-0.75079601	0.11683358	12.70591594	-0.75037897
0.00840901	12.73837387	-0.61982928	0.00739911	12.73654656	-0.61923964
-0.20127361	12.77760370	-0.55491785	-0.20258080	12.77503435	-0.55400392
-0.30429419	12.82054102	-0.60519133	-0.30578328	12.81790972	-0.60417393
-0.48762456	12.88528050	-0.69206020	-0.48928831	12.88270020	-0.69084613
-0.56999008	12.88815675	-0.68069557	-0.57166581	12.88552208	-0.67951622
-0.71596671	12.85269001	-0.53963182	-0.71753910	12.84934933	-0.53871374
-0.19092397	12.51011383	-0.11484996	-0.19134345	12.50634533	-0.11473406
0.14217572	12.34500265	-0.14008740	0.14238382	12.34261175	-0.14019959
0.30967986	12.37797569	-0.22268195	0.30966066	12.37671658	-0.22263143
0.38361459	12.29158683	-0.19477265	0.38367242	12.29110982	-0.19466431
0.46981824	12.23608600	-0.23830448	0.46993261	12.23584351	-0.23818539
0.71417937	12.09169683	-0.37180162	0.71418906	12.09168771	-0.37180531
0.29443666	12.50904580	-0.36785603	0.29407566	12.50775440	-0.36765157
0.58054724	12.77640051	-0.53784881	0.57946436	12.77613544	-0.53718323
0.29937464	12.98453393	-0.52365727	0.29756515	12.98332770	-0.52251294
0.02727669	12.98265060	-0.25402235	0.02530796	12.97974694	-0.25250708
0.09410215	13.06521552	-0.29577366	0.09171283	13.06243944	-0.29376519
0.31485362	12.86144231	-0.28902560	0.31340320	12.85986498	-0.28809579
0.02504506	12.95841680	-0.41372432	0.02323265	12.95601587	-0.41241158
0.11751627	13.03668583	-0.40783078	0.11541075	13.03452339	-0.40622680
0.36320462	12.82125332	-0.68959756	0.36205578	12.82059088	-0.68889154
0.15186866	13.01714626	-0.17031001	0.14984895	13.01453574	-0.16877402
0.21738223	12.81243643	-0.79008886	0.21638132	12.81151354	-0.78947794
0.32671056	12.75416750	-0.52769465	0.32565319	12.75311944	-0.52708279
0.32507203	12.88527176	-0.83721765	0.32389333	12.88471709	-0.83645721
0.39417007	12.43161638	-0.24467787	0.39403142	12.43066002	-0.24452590
0.23928396	13.04021341	-0.43837826	0.23722767	13.03859658	-0.43699427
0.47420086	12.68344412	-0.66510007	0.47343743	12.68306493	-0.66463515
0.69541930	12.75044552	-0.76944123	0.69456062	12.75075320	-0.76880362
0.32254858	12.93148020	-0.19365828	0.32086440	12.92968909	-0.19254291
-0.43247844	12.89661373	-0.23980069	-0.43410292	12.89249798	-0.23862589
0.14688941	13.07005530	-0.23805416	0.14464800	13.06750022	-0.23628393
0.31923318	12.94362795	-0.68233276	0.31767777	12.94279120	-0.68135832
-0.51927868	12.89721930	-0.28055967	-0.52089266	12.89303892	-0.27938055
0.22288660	13.02291573	-0.31978929	0.22086020	13.02094244	-0.31835208
0.28965968	12.45246717	-0.20027430	0.28942480	12.45091200	-0.20010568
0.11250162	13.08827265	-0.35846034	0.11013706	13.08581086	-0.35655248
0.20437846	13.07089770	-0.47985195	0.20221962	13.06923673	-0.47834707
0.25285074	12.60498192	-0.24271451	0.25218287	12.60323385	-0.24229102
0.16344178	12.93127123	-0.50232913	0.16177569	12.92960035	-0.50124104
0.27403233	12.88905002	-0.82703540	0.27282770	12.88832445	-0.82627055
0.28135654	12.83845179	-0.83092839	0.28033126	12.83776628	-0.83028775
0.22603120	13.01675413	-0.53709962	0.22410593	13.01534054	-0.53583044
0.37275595	12.79223622	-0.19340779	0.37152289	12.79072986	-0.19259783
0.49659262	12.58944467	-0.43103896	0.49603250	12.58885582	-0.43067951
0.30361130	12.75948797	-0.88489161	0.30295894	12.75898998	-0.88448444
0.15682766	12.96008024	-0.63748496	0.15516171	12.95865988	-0.63638789
0.39188624	12.37200192	-0.22187355	0.39192486	12.37117242	-0.22177543
0.35763876	12.47891356	-0.31154014	0.35736893	12.47780964	-0.31135720
0.19078730	12.85813114	-0.18102571	0.18930422	12.85581713	-0.18000424
0.38807434	12.72971535	-0.90797366	0.38757766	12.72952601	-0.90766236
0.29462984	12.79136663	-0.84570577	0.29378807	12.79075691	-0.84518958
0.13848874	13.10243755	-0.26967935	0.13606444	13.09987366	-0.26780257
0.41318415	12.60128564	-0.24504441	0.41254650	12.60013492	-0.24460499
0.21202392	12.85718487	-0.76616754	0.21084044	12.85619200	-0.76543417
0.42592459	12.71240256	-0.82464580	0.42528819	12.71213449	-0.82422198
0.82454658	12.74756526	-0.86463091	0.82374382	12.74824633	-0.86392806
0.56342720	12.79220604	-0.92409482	0.56264310	12.79238956	-0.92349778
0.33866372	12.67886430	-0.19572529	0.33776995	12.67729949	-0.19513190
0.24790925	12.75382562	-0.17718799	0.24676928	12.75180291	-0.17642105
