0.85579124	12.73546853	-0.42217675	0.85644973	12.73528252	-0.42240541
0.82597430	12.87389352	-0.45004105	0.82642454	12.87374493	-0.45012537
0.90109400	12.83306308	-0.54901813	0.90136130	12.83302692	-0.54922039
0.93372042	12.69971738	-0.53516559	0.93415768	12.69966410	-0.53550359
0.78218439	12.96494872	-0.50944922	0.78237462	12.96482117	-0.50937480
0.86169604	12.91930190	-0.59119930	0.86177599	12.91928380	-0.59126808
0.91063429	12.87675092	-0.65203921	0.91066824	12.87682096	-0.65219090
0.94933864	12.80684567	-0.64692133	0.94946341	12.80692516	-0.64717934
0.98378193	12.67765876	-0.64859982	0.98405126	12.67773623	-0.64898882
0.71559009	12.76759430	-1.16416913	0.71518741	12.76791103	-1.16406677
0.83815874	12.71717705	-1.14342892	0.83780551	12.71755584	-1.14350049
0.80667477	12.82344064	-1.07400057	0.80625040	12.82375714	-1.07393779
0.68409399	12.86949678	-1.08959102	0.68357506	12.86973543	-1.08931999
0.93990184	12.68334523	-1.08150802	0.93964847	12.68374372	-1.08172628
0.90678408	12.79429854	-1.02226548	0.90645307	12.79464912	-1.02236701
0.86711316	12.86259101	-0.97112066	0.86672810	12.86288207	-0.97112380
0.78788032	12.90331629	-0.98564383	0.78740676	12.90355235	-0.98549672
0.66549934	12.94899984	-0.98980662	0.66492118	12.94914133	-0.98943163
0.60428656	12.83107143	-0.20711036	0.60553685	12.83052448	-0.20680070
0.58398630	12.96817484	-0.25387484	0.58485952	12.96763998	-0.25341707
0.71687223	12.92162876	-0.34862366	0.71753249	12.92132317	-0.34850361
0.73983858	12.78196989	-0.30896508	0.74079163	12.78161749	-0.30897894
0.55117679	13.05473637	-0.33736659	0.55162459	13.05421223	-0.33674693
0.67883024	13.01215883	-0.42346970	0.67913431	13.01186814	-0.42318335
0.46563305	12.88177885	-1.06095256	0.46507281	12.88179896	-1.06034199
0.59197600	12.82811979	-1.13520248	0.59149037	12.82832623	-1.13486265
0.56098299	12.92019933	-1.06197249	0.56037269	12.92031693	-1.06146967
0.43689519	12.96372758	-0.98534738	0.43623046	12.96361048	-0.98454796
0.54077426	12.99415980	-0.95952970	0.54009885	12.99412640	-0.95887526
0.41613802	13.03235772	-0.88179644	0.41544054	13.03206123	-0.88083043
-0.00300605	12.97493480	-0.05209475	-0.00112081	12.97275621	-0.04936304
-0.13172271	12.98250579	-0.07012858	-0.12988649	12.97971687	-0.06667288
-0.13750074	13.05628678	-0.11562718	-0.13623984	13.05347978	-0.11209437
-0.01219329	13.06237972	-0.09505926	-0.01085399	13.06018283	-0.09224941
-0.25099137	12.97953072	-0.10245298	-0.24924751	12.97603904	-0.09825388
-0.25526253	13.04165945	-0.14978838	-0.25410520	13.03818588	-0.14552150
-0.25960325	13.08403666	-0.21450837	-0.25904160	13.08059039	-0.21018719
-0.14248740	13.10401017	-0.18109934	-0.14180043	13.10122302	-0.17750971
-0.02012557	13.11679365	-0.16020178	-0.01934890	13.11458016	-0.15732631
0.03052481	12.96811724	-0.57875120	0.03009538	12.96657427	-0.57636161
0.01466773	13.02984891	-0.55201893	0.01408827	13.02818835	-0.54946385
-0.06697360	13.03031718	-0.53875368	-0.06771285	13.02828713	-0.53573548
-0.05174416	12.97475762	-0.55571615	-0.05227798	12.97285129	-0.55284756
-0.00523375	13.08254108	-0.50318712	-0.00586942	13.08067300	-0.50044988
-0.08884041	13.07534857	-0.50159391	-0.08962438	13.07314746	-0.49838816
-0.18320638	13.06596763	-0.51428781	-0.18418456	13.06324910	-0.51044449
-0.16043847	13.02635876	-0.55178619	-0.16141413	13.02383214	-0.54812943
-0.14477736	12.97602466	-0.57088129	-0.14557802	12.97364724	-0.56739463
0.99003579	12.28791697	-0.67537150	0.99043928	12.28787846	-0.67593957
0.96787213	12.06874721	-0.69111171	0.96817174	12.06866984	-0.69170157
0.91567198	12.09510198	-0.55538292	0.91597721	12.09488779	-0.55589347
0.93250026	12.30199425	-0.54005792	0.93307384	12.30180291	-0.54059968
0.83875419	12.14490244	-0.43359763	0.83921730	12.14463463	-0.43399793
0.84829560	12.32669687	-0.41419848	0.84907097	12.32638548	-0.41464228
0.97930084	12.38123102	-1.14442186	0.97927618	12.38163183	-1.14488082
0.88399615	12.44197481	-1.21269390	0.88389239	12.44237250	-1.21302178
0.87933395	12.28250044	-1.23804243	0.87931164	12.28290146	-1.23849961
0.97175952	12.18981836	-1.16023686	0.97183287	12.19020026	-1.16082353
0.75658279	12.51801847	-1.24041555	0.75642871	12.51831710	-1.24056220
0.75273339	12.39799147	-1.27234769	0.75263002	12.39831891	-1.27261276
0.86701007	12.17784075	-1.24616407	0.86704607	12.17823628	-1.24669744
0.95260820	12.05527923	-1.15863360	0.95274020	12.05564525	-1.15931298
0.99641739	12.49730441	-0.66051287	0.99680215	12.49732675	-0.66102896
0.94103776	12.51279171	-0.53380346	0.94162469	12.51269060	-0.53427774
0.85836170	12.54070064	-0.41123978	0.85920633	12.54045778	-0.41159977
0.86714426	12.58856197	-1.18533467	0.86691410	12.58896817	-1.18554304
0.96666345	12.54577934	-1.12029810	0.96651359	12.54619821	-1.12063937
0.74158366	12.64596454	-1.20938166	0.74128221	12.64629431	-1.20942964
0.60836615	12.41667689	-0.22633940	0.60970740	12.41607860	-0.22634496
0.60959816	12.63151277	-0.20311675	0.61106622	12.63093007	-0.20297134
0.74114036	12.58256067	-0.29883140	0.74228474	12.58213713	-0.29895351
0.73378862	12.36817068	-0.31028261	0.73481883	12.36771708	-0.31053797
0.46788461	12.70539833	-1.14997305	0.46765471	12.70550787	-1.14979191
0.61120891	12.61553560	-1.21938910	0.61102792	12.61567160	-1.21934858
0.60756375	12.72007286	-1.18558411	0.60726135	12.72029668	-1.18546260
0.47251284	12.78924353	-1.11548532	0.47213288	12.78933350	-1.11511734
0.58754082	12.17408231	-0.30203705	0.58770599	12.17394806	-0.30207093
0.60254623	12.27807321	-0.26343307	0.60341081	12.27760038	-0.26353746
0.72733691	12.21393092	-0.33936280	0.72799491	12.21355778	-0.33962509
0.60010765	12.48735674	-1.25191652	0.60000474	12.48746547	-1.25193180
0.60619357	12.53472786	-1.24351840	0.60606923	12.53483686	-1.24349588
0.46209070	12.64953670	-1.16592828	0.46194699	12.64961006	-1.16581557
0.01016895	12.69750934	-0.05409673	0.01287126	12.69536969	-0.05165573
-0.13774126	12.76067544	-0.05669305	-0.13492177	12.75781684	-0.05332430
-0.13095079	12.88414253	-0.05308876	-0.12863773	12.88136006	-0.04971228
0.00761223	12.85161289	-0.04168278	0.00995330	12.84944820	-0.03906579
-0.27279114	12.80537098	-0.07652774	-0.26992657	12.80162941	-0.07225456
-0.25823852	12.90209103	-0.07967193	-0.25595811	12.89851389	-0.07546306
0.02831248	12.83923844	-0.60958760	0.02825506	12.83781919	-0.60741764
0.03355727	12.90438947	-0.59619418	0.03330556	12.90291430	-0.59392460
-0.04753846	12.91327996	-0.56626093	-0.04782174	12.91144780	-0.56351261
-0.05460690	12.84850911	-0.57114144	-0.05466447	12.84668639	-0.56844625
-0.14037999	12.91913783	-0.58030655	-0.14096051	12.91682493	-0.57691896
-0.14852592	12.85814361	-0.58025796	-0.14876967	12.85580574	-0.57690891
-0.01736455	12.40143978	-0.11079070	-0.01445635	12.39921086	-0.10854933
-0.15714916	12.61351565	-0.07642848	-0.15406482	12.61059677	-0.07312685
-0.00325560	12.52672379	-0.07931521	-0.00040555	12.52452169	-0.07697328
-0.30638114	12.59971193	-0.11305684	-0.30303327	12.59585518	-0.10889161
-0.29419951	12.68744152	-0.09116300	-0.29103729	12.68362436	-0.08695562
0.01915534	12.77303419	-0.62215076	0.01929075	12.77163583	-0.62007922
-0.07254684	12.78170843	-0.56907932	-0.07229273	12.77980665	-0.56639562
-0.08926164	12.75400023	-0.54906046	-0.08875714	12.75197546	-0.54633493
-0.17074459	12.79484492	-0.56885110	-0.17058546	12.79238308	-0.56545862
-0.37370313	12.97123596	-0.14699442	-0.37206923	12.96688469	-0.14189180
-0.36925289	13.02316121	-0.19218891	-0.36821912	13.01892863	-0.18710493
-0.48409996	12.96109609	-0.19957732	-0.48265365	12.95610800	-0.19368719
-0.46736934	13.00401510	-0.24047517	-0.46647058	12.99919821	-0.23468047
-0.44805150	13.03975788	-0.29085887	-0.44769515	13.03516166	-0.28518056
-0.36220214	13.06222627	-0.25101547	-0.36173780	13.05812987	-0.24595812
-0.26552748	13.02181963	-0.56759307	-0.26672865	13.01872585	-0.56323337
-0.25062049	12.97767503	-0.59413474	-0.25173141	12.97471507	-0.58992338
-0.28566182	13.05661398	-0.52560953	-0.28680313	13.05333803	-0.52107908
-0.38022861	13.04556340	-0.53095833	-0.38142514	13.04171217	-0.52576083
-0.36577870	13.01609607	-0.57717368	-0.36711271	13.01239630	-0.57210411
-0.35610765	12.97903805	-0.61239999	-0.35745823	12.97544536	-0.60743148
-0.25114758	12.92959195	-0.61110563	-0.25209976	12.92666503	-0.60694127
-0.36327550	12.94066087	-0.63805464	-0.36456387	12.93706332	-0.63307630
-0.37755812	12.90348272	-0.65285053	-0.37872365	12.89981363	-0.64780989
-0.26261631	12.87993601	-0.61655622	-0.26332976	12.87695997	-0.61237693
-0.52224216	12.85275241	-0.15978630	-0.51981231	12.84749159	-0.15367679
-0.54009979	12.73052087	-0.16977244	-0.53727309	12.72518401	-0.16382270
-0.61911748	12.76735574	-0.22363441	-0.61677275	12.76173424	-0.21710023
-0.60343951	12.86356857	-0.21986889	-0.60153566	12.85799193	-0.21327180
-0.54563019	12.62618614	-0.19099433	-0.54245005	12.62083706	-0.18520356
-0.62438144	12.68487378	-0.23826391	-0.62175378	12.67925328	-0.23186255
-0.67742632	12.75589222	-0.30439947	-0.67549752	12.75004908	-0.29750920
-0.67239654	12.80807386	-0.29714200	-0.67071383	12.80225046	-0.29021051
-0.65813772	12.87149874	-0.29704552	-0.65680612	12.86572819	-0.29012730
-0.43507826	12.61729524	-0.14624485	-0.43166936	12.61240845	-0.14123228
-0.42605552	12.71281688	-0.12371398	-0.42293607	12.70789645	-0.11855665
-0.40200011	12.82979227	-0.10983232	-0.39889344	12.82472239	-0.10439284
-0.47416577	12.91760399	-0.66022864	-0.47549838	12.91329490	-0.65449471
-0.48094502	12.89090779	-0.67154118	-0.48217201	12.88656227	-0.66579330
-0.38893248	12.86995463	-0.65538611	-0.38990078	12.86622058	-0.65030031
-0.56013652	12.92005781	-0.63695569	-0.56133788	12.91519194	-0.63065192
-0.56492167	12.89393029	-0.65251232	-0.56604723	12.88903347	-0.64620195
-0.39896931	12.85261403	-0.64518568	-0.39975478	12.84880224	-0.64005323
-0.28081183	12.83106748	-0.60937959	-0.28118403	12.82797944	-0.60514529
0.89811629	12.88575754	-0.90269466	0.89777533	12.88602356	-0.90273776
0.79765245	12.95241412	-0.88756693	0.79721209	12.95258435	-0.88740389
0.91521412	12.89988690	-0.81416131	0.91497865	12.90009470	-0.81424219
0.81971569	12.97205353	-0.78332736	0.81939213	12.97216629	-0.78321820
0.70888677	13.02712301	-0.74077272	0.70848386	13.02707575	-0.74043978
0.67834789	13.00326878	-0.86954007	0.67780344	13.00329485	-0.86913293
0.91703991	12.89574557	-0.72246074	0.91693869	12.89587985	-0.72258105
0.83781836	12.96300478	-0.67717489	0.83768300	12.96304851	-0.67714062
0.74341084	13.01502423	-0.61407755	0.74329286	13.01492184	-0.61385111
1.00023121	12.67250616	-0.98729445	1.00007269	12.67286692	-0.98759245
0.96225202	12.79406297	-0.94169344	0.96200148	12.79439431	-0.94188076
1.02402176	12.67266866	-0.87628362	1.02397455	12.67295942	-0.87664471
0.98269050	12.80318291	-0.84517551	0.98254562	12.80345601	-0.84541366
1.01625954	12.67129656	-0.76307537	1.01636868	12.67147880	-0.76346725
0.97755385	12.80240865	-0.74590808	0.97754717	12.80259723	-0.74617213
0.55794307	13.04803911	-0.82293716	0.55733663	13.04787259	-0.82226137
0.59580433	13.07331908	-0.67440431	0.59541177	13.07308125	-0.67380006
0.47196188	13.11068237	-0.58998761	0.47159563	13.11016153	-0.58904912
0.43361878	13.08466542	-0.74156894	0.43300018	13.08422480	-0.74054765
0.63725431	13.06192966	-0.53704994	0.63717618	13.06165259	-0.53659298
0.51244831	13.10149772	-0.45257616	0.51246146	13.10097181	-0.45178908
-0.38754878	13.06111720	-0.47231184	-0.38844899	13.05715014	-0.46705663
-0.47058258	13.04082157	-0.48224291	-0.47146752	13.03635193	-0.47641745
-0.45165182	13.03116604	-0.52566741	-0.45276359	13.02687094	-0.51997996
-0.39801285	13.06499445	-0.40868349	-0.39854437	13.06088622	-0.40335491
-0.49144562	13.04069752	-0.43680291	-0.49203342	13.03604161	-0.43083263
-0.57543836	13.01298943	-0.46367576	-0.57606617	13.00785414	-0.45715638
-0.53906048	13.01709575	-0.49755744	-0.53993187	13.01222100	-0.49127968
-0.50224864	13.01729213	-0.52518185	-0.50329782	13.01267767	-0.51915287
-0.42157393	13.05901860	-0.34756268	-0.42168082	13.05467560	-0.34206621
-0.50347467	13.03441869	-0.38502662	-0.50369151	13.02962666	-0.37897660
-0.51634552	13.01782898	-0.33385655	-0.51613615	13.01289576	-0.32772512
-0.56215380	13.00057336	-0.36498782	-0.56204376	12.99541594	-0.35857445
-0.57561286	13.00702347	-0.41315056	-0.57586201	13.00183202	-0.40664327
-0.02028235	13.11991763	-0.42019519	-0.02073758	13.11788762	-0.41733387
-0.11251969	13.10563355	-0.42975519	-0.11309770	13.10321605	-0.42637139
-0.02815029	13.13999314	-0.32422942	-0.02827029	13.13782871	-0.32128497
-0.13171467	13.12145558	-0.34231808	-0.13192473	13.11885826	-0.33881005
-0.23352311	13.10140995	-0.36958476	-0.23390545	13.09825416	-0.36541126
-0.20917427	13.09031334	-0.44908933	-0.20992773	13.08737013	-0.44506573
-0.02675243	13.14089483	-0.23708805	-0.02646115	13.13869058	-0.23415874
-0.14121753	13.12331792	-0.25804897	-0.14102152	13.12060090	-0.25446491
-0.25148283	13.10159280	-0.28945388	-0.25142259	13.09825920	-0.28517308
0.99069995	11.97586098	-1.06265345	0.99091002	11.97615944	-1.06340995
1.01352589	12.12069429	-1.06044992	1.01368741	12.12100495	-1.06111416
0.99316773	11.93051578	-0.95725024	0.99342667	11.93072827	-0.95803054
1.01978669	12.07697362	-0.94625840	1.02001724	12.07718601	-0.94694282
1.03940927	12.29485246	-0.93060020	1.03958706	12.29509255	-0.93118262
1.02741684	12.32998267	-1.04631909	1.02748855	12.33032513	-1.04686027
0.97483708	11.91355921	-0.83802044	0.97514154	11.91366741	-0.83877821
1.00361786	12.06119902	-0.82267446	1.00391326	12.06128821	-0.82333959
1.02637535	12.28320492	-0.80627003	1.02666199	12.28330300	-0.80686223
1.02273917	12.51597653	-1.02157912	1.02269356	12.51634615	-1.02200779
1.04218694	12.49804583	-0.90675481	1.04227002	12.49832863	-0.90725047
1.03183323	12.49213348	-0.78560882	1.03206243	12.49229835	-0.78613383
-0.64396199	12.91077859	-0.58150709	-0.64476062	12.90533207	-0.57466743
-0.65041938	12.88121469	-0.59411308	-0.65112080	12.87574418	-0.58727302
-0.69856107	12.89645700	-0.50001726	-0.69873755	12.89057206	-0.49283056
-0.70827193	12.86023970	-0.50685106	-0.70827078	12.85429946	-0.49964499
-0.65170290	12.85785448	-0.59621971	-0.65227465	12.85237669	-0.58939998
-0.69663822	12.88287430	-0.39792891	-0.69605128	12.87693756	-0.39077198
-0.70904774	12.83752545	-0.39995330	-0.70818901	12.83151756	-0.39277058
-0.71126057	12.80184948	-0.40284380	-0.71018560	12.79583019	-0.39567649
-0.30080136	13.07656395	-0.46231314	-0.30167065	13.07310893	-0.45766416
-0.31716907	13.08401643	-0.38919904	-0.31763794	13.08037026	-0.38443627
-0.34136706	13.08082838	-0.31784114	-0.34141102	13.07695240	-0.31292284
-0.58563705	12.91682619	-0.23181021	-0.58412953	12.91134561	-0.22529940
-0.50310281	12.91992877	-0.17154687	-0.50117725	12.91476048	-0.16554307
-0.64195073	12.91239034	-0.30559619	-0.64091435	12.90670989	-0.29874330
-0.62019034	12.94315922	-0.32233178	-0.61944490	12.93761306	-0.31559228
-0.56447214	12.95033691	-0.25595552	-0.56333453	12.94499647	-0.24955652
-0.38770715	12.91401102	-0.12005387	-0.38556037	12.90947931	-0.11486317
-0.46123843	12.94822100	-0.64125240	-0.46263901	12.94397635	-0.63557206
-0.44927220	12.97975257	-0.61241622	-0.45067162	12.97556108	-0.60678744
-0.53263997	12.97615701	-0.59236647	-0.53389971	12.97142450	-0.58617014
-0.54870157	12.94833969	-0.61864798	-0.54996531	12.94353443	-0.61237985
-0.65839454	12.95405784	-0.48793112	-0.65884504	12.94842354	-0.48093489
-0.68216399	12.92631653	-0.49429455	-0.68248759	12.92053452	-0.48717889
-0.63046277	12.93889633	-0.56833515	-0.63134924	12.93352273	-0.56154221
-0.60972860	12.96594388	-0.55047313	-0.61066403	12.96068205	-0.54377427
-0.62696095	12.98362589	-0.47922977	-0.62752816	12.97818231	-0.47240121
-0.58236515	12.99203152	-0.52360448	-0.58327343	12.98691251	-0.51705837
-0.51390060	13.00093220	-0.55283346	-0.51504067	12.99627465	-0.54674056
-0.68016227	12.91658045	-0.39999208	-0.67979655	12.91074117	-0.39290369
-0.65679698	12.94547553	-0.40583200	-0.65664702	12.93978165	-0.39886262
-0.58980191	12.97597683	-0.34696491	-0.58942253	12.97063569	-0.34039374
-0.62430165	12.97672230	-0.41514733	-0.62439942	12.97123981	-0.40835326
-0.53916855	12.98690654	-0.29041237	-0.53848185	12.98176865	-0.28415393
-0.44528098	13.00908488	-0.57146194	-0.44657359	13.00488143	-0.56583383
0.18625630	13.11182877	-0.17503308	0.18705264	13.11039525	-0.17317178
0.15401229	13.15039249	-0.25932067	0.15430260	13.14889120	-0.25729406
0.18171823	13.13902165	-0.27485986	0.18200049	13.13761958	-0.27296178
0.21829226	13.09926459	-0.18744759	0.21909346	13.09793439	-0.18572101
0.13148660	13.15778041	-0.35377124	0.13134360	13.15625447	-0.35162408
0.15768244	13.14715081	-0.37152873	0.15754737	13.14573896	-0.36951402
0.18632820	13.13032161	-0.28507220	0.18660502	13.12894400	-0.28320065
0.22270162	13.09100252	-0.19403395	0.22350359	13.08968941	-0.19232763
0.19285280	13.13812469	-0.28625343	0.19310710	13.13676436	-0.28440268
0.22808855	13.09757109	-0.18900805	0.22889747	13.09626624	-0.18731679
0.17163276	13.14564136	-0.38908604	0.17147109	13.14428877	-0.38714101
0.21531480	13.15229076	-0.41606450	0.21508433	13.15108258	-0.41430035
0.23901465	13.14423705	-0.30516139	0.23920468	13.14301637	-0.30349392
0.27376020	13.10165280	-0.20073082	0.27450780	13.10047845	-0.19921844
0.26733794	12.92586011	-0.05772343	0.26916866	12.92457625	-0.05625662
0.22757643	13.04200173	-0.10175201	0.22889372	13.04064818	-0.10008970
0.26363618	13.02986522	-0.11399953	0.26492688	13.02860859	-0.11248522
0.30658909	12.91346692	-0.07178890	0.30835864	12.91230795	-0.07050665
0.27383466	13.02805681	-0.11471306	0.27512114	13.02682814	-0.11324056
0.31762812	12.91179369	-0.07539986	0.31936515	12.91066500	-0.07415866
0.31889381	13.02740407	-0.12302864	0.32013661	13.02630973	-0.12173693
0.36123587	12.90468135	-0.08213633	0.36293337	12.90365763	-0.08105241
0.38852892	12.71614825	-0.08763350	0.39054022	12.71516258	-0.08677065
0.34863270	12.72932119	-0.08248562	0.35067351	12.72825852	-0.08148475
0.40638002	12.52126204	-0.11953542	0.40843254	12.52031758	-0.11888435
0.36912093	12.54491745	-0.11425228	0.37122487	12.54391037	-0.11346835
0.33748561	12.73128262	-0.07756381	0.33957600	12.73018722	-0.07652292
0.35719396	12.54745973	-0.10913859	0.35934595	12.54641917	-0.10831254
0.31225581	12.56031118	-0.09016233	0.31454899	12.55913762	-0.08914088
0.29589536	12.74778379	-0.06065404	0.29808206	12.74656184	-0.05941941
0.26551730	12.78201396	-0.91554780	0.26523620	12.78164122	-0.91470305
0.25531431	12.85177316	-0.88967726	0.25490664	12.85129888	-0.88861612
0.23653858	12.85696213	-0.83003353	0.23617126	12.85634427	-0.82885307
0.24750325	12.79654281	-0.85455640	0.24722878	12.79601663	-0.85355206
0.23977639	12.92308765	-0.83827614	0.23926734	12.92246516	-0.83700513
0.22030975	12.92094927	-0.78209527	0.21985557	12.92022086	-0.78072927
0.22694011	12.91648896	-0.76427165	0.22650743	12.91575102	-0.76290607
0.24846891	12.80219749	-0.83363035	0.24819160	12.80164448	-0.83258108
0.22011802	12.85719077	-0.81504265	0.21971549	12.85653194	-0.81373692
0.22527557	12.80023765	-0.83874662	0.22496055	12.79966230	-0.83759117
0.20914562	12.92027387	-0.77190274	0.20866379	12.91950371	-0.77045065
0.16846786	12.93188053	-0.75635986	0.16795970	12.93098210	-0.75471710
0.17659817	12.86520684	-0.79578577	0.17618500	12.86441978	-0.79430743
0.17898185	12.80194406	-0.81758527	0.17868495	12.80122851	-0.81625037
0.27054091	12.71236529	-0.94165465	0.27035858	12.71208872	-0.94103193
0.25535072	12.73577037	-0.87957167	0.25517709	12.73534557	-0.87875531
0.25713559	12.75113330	-0.85690308	0.25693322	12.75065851	-0.85600413
0.27496634	12.71494712	-0.87083527	0.27483106	12.71455149	-0.87009460
0.23431447	12.74289641	-0.86638116	0.23408339	12.74240137	-0.86540157
0.18580389	12.73481047	-0.84795641	0.18561368	12.73419853	-0.84679570
0.29658823	12.32129155	-0.16030683	0.29880590	12.32018902	-0.15963391
0.31291090	12.41815471	-0.12545178	0.31505595	12.41709180	-0.12464183
0.35969951	12.41749469	-0.14264165	0.36165308	12.41657328	-0.14201928
0.34490822	12.34873259	-0.17599306	0.34674630	12.34792172	-0.17548896
0.36348872	12.43020783	-0.14992278	0.36540125	12.42930462	-0.14930236
0.37299488	12.41069109	-0.14794253	0.37486931	12.40979198	-0.14737432
0.35619546	12.34421243	-0.18222307	0.35755911	12.34354385	-0.18173961
0.40908252	12.37766244	-0.15704198	0.41077853	12.37679898	-0.15662279
0.11923445	13.13341138	-0.45888526	0.11876266	13.13193319	-0.45668665
0.14939193	13.12075642	-0.47387070	0.14895989	13.11939861	-0.47183197
0.12201636	13.08241477	-0.56788793	0.12137605	13.08107802	-0.56577332
0.15762382	13.06776352	-0.57961012	0.15705009	13.06656227	-0.57767196
0.16159313	13.10972503	-0.48107438	0.16119660	13.10842022	-0.47910610
0.16738164	13.11619518	-0.48130991	0.16698854	13.11489634	-0.47936917
0.17706233	13.06127312	-0.57639210	0.17656487	13.06012837	-0.57455655
0.20305598	13.06726939	-0.61631559	0.20251246	13.06623128	-0.61458884
0.20260699	13.12274318	-0.51469674	0.20215908	13.12158310	-0.51290680
0.21876381	12.99802731	-0.73590729	0.21820784	12.99720843	-0.73439523
0.19756655	12.99264593	-0.68728048	0.19706972	12.99172033	-0.68566611
0.18297217	12.99558662	-0.68639182	0.18242225	12.99462039	-0.68469065
0.14439847	13.00978253	-0.67405668	0.14378315	13.00868581	-0.67215583
0.39888653	13.08607296	-0.25688877	0.39948627	13.08523470	-0.25583109
0.43677245	13.00561091	-0.17417549	0.43785753	13.00480359	-0.17329031
0.46750786	12.87498554	-0.12907151	0.46899961	12.87419475	-0.12835827
0.31098864	12.98897458	-0.85629961	0.31034868	12.98848112	-0.85513303
0.33508872	12.91180740	-0.94664520	0.33453473	12.91152887	-0.94570314
0.29302353	13.05743189	-0.74323184	0.29238074	13.05675673	-0.74189307
0.14745025	12.95098126	-0.04962139	0.14933106	12.94933350	-0.04762858
0.12262879	13.05504219	-0.09293397	0.12398248	13.05334197	-0.09079109
0.09814526	13.11867918	-0.16191049	0.09894876	13.11693919	-0.15962993
0.08669316	13.02199441	-0.61320059	0.08610996	13.02062866	-0.61100962
0.06626255	13.08630713	-0.53382816	0.06563498	13.08475903	-0.53144097
0.10656568	12.95092482	-0.66906738	0.10614563	12.94974701	-0.66710847
0.48378828	12.68001199	-0.13026867	0.48558863	12.67923106	-0.12974547
0.49299002	12.47094539	-0.15984671	0.49474610	12.47013880	-0.15950756
0.34441141	12.83150277	-1.00079405	0.34397811	12.83135980	-1.00011039
0.34562015	12.75678431	-1.03084756	0.34530368	12.75672251	-1.03035283
0.49096978	12.33406994	-0.19922209	0.49218028	12.33336728	-0.19912599
0.34461843	12.69696441	-1.05039636	0.34440394	12.69694465	-1.05007905
0.17286346	12.46206854	-0.09931567	0.17539892	12.46052715	-0.09785546
0.17837444	12.61794120	-0.06873517	0.18087801	12.61636769	-0.06711848
0.10994357	12.75112775	-0.74122855	0.10987880	12.75016409	-0.73966960
0.10977003	12.81944125	-0.71679471	0.10958820	12.81840710	-0.71509413
0.16806108	12.79676236	-0.04648958	0.17035178	12.79514926	-0.04465920
0.11134544	12.88458389	-0.69814476	0.11102617	12.88349053	-0.69632063
0.33025935	13.13916598	-0.49371983	0.32994976	13.13831514	-0.49237817
0.30315900	13.11106996	-0.62039278	0.30260526	13.11025974	-0.61898106
0.36267896	13.13059250	-0.36813466	0.36277265	13.12972320	-0.36691379
0.06457273	13.15381849	-0.33294610	0.06446209	13.15202199	-0.33047618
0.05966824	13.13117848	-0.43517904	0.05920270	13.12946244	-0.43269591
0.07815086	13.15049936	-0.24193307	0.07846731	13.14872184	-0.23953708
0.88211142	11.96561611	-0.58691239	0.88219994	11.96553904	-0.58742070
0.81676000	12.01719950	-0.47386000	0.81676000	12.01719950	-0.47386000
0.92289418	11.93796675	-0.71671138	0.92315303	11.93796012	-0.71739338
0.91089732	12.00446543	-0.72144553	0.91118619	12.00444636	-0.72207948
0.87558828	12.05094931	-0.63459141	0.87585096	12.05084811	-0.63513027
0.80798299	12.11329008	-0.53084160	0.80831727	12.11311105	-0.53121714
0.95632111	11.93104307	-0.84146341	0.95662656	11.93115092	-0.84220650
0.97523950	11.94745601	-0.95306671	0.97549835	11.94766110	-0.95382520
0.94377853	12.06538207	-0.93593225	0.94402302	12.06556454	-0.93658556
0.92976462	12.03464190	-0.81818805	0.93006150	12.03472705	-0.81884541
0.97439736	11.99012696	-1.04624292	0.97461157	11.99040759	-1.04697993
0.93948579	12.06519519	-1.13279513	0.93962929	12.06553579	-1.13345848
0.91655718	12.12779046	-1.11009587	0.91668897	12.12810525	-1.11069534
0.94079800	12.10064565	-1.03369880	0.94098517	12.10090567	-1.03432622
0.85855567	12.18356425	-1.22321218	0.85860199	12.18393771	-1.22373548
0.74181954	12.33439645	-1.27276405	0.74175558	12.33471633	-1.27308018
0.74618292	12.36239765	-1.20092391	0.74616210	12.36266036	-1.20120987
0.85707019	12.22921079	-1.16037566	0.85713193	12.22953608	-1.16085721
0.60065523	12.48340891	-1.23781280	0.60056879	12.48350577	-1.23783237
0.47065682	12.61391711	-1.15235318	0.47056192	12.61396274	-1.15226974
0.49420000	12.61570000	-1.07906000	0.49420000	12.61570000	-1.07906000
0.61447000	12.50220000	-1.16283000	0.61447000	12.50220000	-1.16283000
0.38257688	12.64742863	-1.04911296	0.38248533	12.64742944	-1.04897306
0.33193251	12.64736395	-0.95577650	0.33187151	12.64725421	-0.95553490
0.37140000	12.64100070	-0.89641000	0.37140000	12.64100070	-0.89641000
0.41679000	12.64250090	-0.98287004	0.41679000	12.64250090	-0.98287004
0.31409590	12.67844864	-0.89532638	0.31402099	12.67819450	-0.89485596
0.31015274	12.70553821	-0.86729092	0.31005023	12.70520094	-0.86668325
0.33903503	12.69299614	-0.81030048	0.33901295	12.69260480	-0.80971632
0.34807888	12.66832308	-0.83865163	0.34808321	12.66803544	-0.83824249
0.30110429	12.69281603	-0.87106951	0.30100184	12.69247119	-0.87043357
0.25834381	12.68225630	-0.84086003	0.25828940	12.68179727	-0.84004999
0.29942099	12.67905624	-0.77189784	0.29948584	12.67856824	-0.77117227
0.33792537	12.68158446	-0.80898996	0.33791202	12.68119187	-0.80840090
0.15322635	12.71573831	-0.71025173	0.15331961	12.71485017	-0.70890052
0.02285546	12.76623730	-0.56645355	0.02319420	12.76475822	-0.56437679
0.02805475	12.80288504	-0.48895631	0.02856423	12.80130195	-0.48679192
0.17803066	12.73033015	-0.63498468	0.17824211	12.72939120	-0.63363828
-0.09279966	12.80569404	-0.50034791	-0.09227201	12.80356170	-0.49748271
-0.20094426	12.83471560	-0.50058687	-0.20059445	12.83196886	-0.49693108
-0.20447546	12.90172141	-0.43846262	-0.20417015	12.89887768	-0.43470367
-0.09436292	12.86377007	-0.42886948	-0.09378020	12.86152394	-0.42588666
-0.30838320	12.85333745	-0.55671922	-0.30854998	12.85000355	-0.55226099
-0.40951409	12.86381589	-0.62130195	-0.41021982	12.85990522	-0.61608101
-0.42512370	12.88947136	-0.56806359	-0.42565030	12.88539895	-0.56271546
-0.31766567	12.90467751	-0.49983395	-0.31779025	12.90120406	-0.49525969
-0.49872006	12.86621318	-0.64650950	-0.49962933	12.86173961	-0.64066999
-0.57789341	12.86062342	-0.63198090	-0.57868220	12.85562357	-0.62561417
-0.57571667	12.86160425	-0.59641891	-0.57629538	12.85660692	-0.59008428
-0.51936617	12.87163326	-0.59711129	-0.52000471	12.86699543	-0.59113158
-0.64960289	12.84842037	-0.57773183	-0.64999519	12.84294002	-0.57093848
-0.69552605	12.82825867	-0.49720383	-0.69525552	12.82239154	-0.49011585
-0.65803243	12.84426007	-0.46953564	-0.65767939	12.83861656	-0.46268316
-0.62353758	12.85719273	-0.54740497	-0.62378066	12.85184273	-0.54077010
-0.69696182	12.79726391	-0.40275025	-0.69585928	12.79133706	-0.39567917
-0.66582555	12.74786396	-0.31499968	-0.66392422	12.74210026	-0.30819885
-0.64486560	12.75545605	-0.32836934	-0.64309469	12.74982587	-0.32169512
-0.66035152	12.80380936	-0.38693618	-0.65920230	12.79811129	-0.38009826
-0.61460639	12.67253848	-0.25595455	-0.61203649	12.66699528	-0.24964125
-0.53780869	12.61238941	-0.21218149	-0.53468767	12.60711748	-0.20646499
-0.52289705	12.67337570	-0.24151450	-0.52026871	12.66824286	-0.23579756
-0.60204004	12.71629868	-0.28734019	-0.59984956	12.71086339	-0.28101522
-0.42953914	12.60862832	-0.16764427	-0.42619773	12.60380262	-0.16268584
-0.30338411	12.59471045	-0.13399107	-0.30014795	12.59089476	-0.12987502
-0.28720408	12.64972206	-0.16251019	-0.28430448	12.64603409	-0.15847269
-0.41342661	12.66802008	-0.19585533	-0.41057197	12.66336593	-0.19092182
-0.16847903	12.49712117	-0.12366290	-0.16546540	12.49421755	-0.12047859
-0.02083401	12.38630469	-0.13475901	-0.01803177	12.38410052	-0.13253681
-0.01977190	12.45647131	-0.16540108	-0.01724185	12.45432616	-0.16311958
-0.15794697	12.56039880	-0.15234102	-0.15519217	12.55757656	-0.14917540
0.13891140	12.32996114	-0.15882737	0.14142215	12.32833154	-0.15745295
0.26568834	12.31484657	-0.18667690	0.26784582	12.31368559	-0.18590326
0.24281172	12.37494782	-0.23778453	0.24459386	12.37385718	-0.23682705
0.12735363	12.39770061	-0.19942284	0.12953410	12.39612990	-0.19790740
0.31315351	12.35127652	-0.20849060	0.31492344	12.35044032	-0.20788146
0.29655635	12.43543390	-0.27703442	0.29800949	12.43465418	-0.27626617
0.28904135	12.40728450	-0.26319670	0.29057900	12.40645201	-0.26242277
0.32092872	12.34398529	-0.22115619	0.32214621	12.34353628	-0.22062434
0.34620000	12.27620000	-0.23202000	0.34620000	12.27620000	-0.23202000
0.32580821	12.33076986	-0.29011478	0.32682437	12.33037735	-0.28980111
0.29495982	12.39458126	-0.27868117	0.29630545	12.39394246	-0.27802722
0.44425997	12.21770000	-0.27141000	0.44425997	12.21770000	-0.27141000
0.57587000	12.16340070	-0.32883000	0.57587000	12.16340070	-0.32883000
0.57337557	12.24133706	-0.38381577	0.57400178	12.24105285	-0.38391609
0.43232895	12.28414182	-0.32797830	0.43308388	12.28380925	-0.32787845
0.70622003	12.08180000	-0.39380000	0.70622003	12.08180000	-0.39380000
0.70302075	12.17980210	-0.44911197	0.70352214	12.17955320	-0.44936539
0.76374070	12.39436342	-1.05003638	0.76380532	12.39456372	-1.05029732
0.86597710	12.24575616	-1.04993143	0.86609984	12.24600828	-1.05040663
0.78418542	12.37720949	-0.86220819	0.78439329	12.37728208	-0.86250798
0.87582725	12.22382410	-0.90961300	0.87605469	12.22396832	-0.91011504
0.79795118	12.26187594	-0.67491835	0.79835967	12.26178521	-0.67531090
0.87619477	12.14930024	-0.75747909	0.87651910	12.14930400	-0.75800089
0.53377327	12.60802969	-0.90265872	0.53374338	12.60797651	-0.90253410
0.64722367	12.52268752	-0.99124149	0.64723125	12.52277163	-0.99130601
0.56725951	12.53776861	-0.69153987	0.56757078	12.53757002	-0.69144448
0.67948952	12.47847723	-0.78229094	0.67970609	12.47842848	-0.78239832
0.57514074	12.38493969	-0.51177274	0.57583955	12.38463054	-0.51178917
0.69575515	12.33919790	-0.59080088	0.69627684	12.33900948	-0.59103191
-0.21292329	12.89480268	-0.35325072	-0.21217954	12.89180774	-0.34944289
-0.10578071	12.85520264	-0.34157155	-0.10480876	12.85281838	-0.33849642
-0.23020919	12.83447966	-0.26691616	-0.22871220	12.83129723	-0.26303999
-0.12293545	12.78912333	-0.25752858	-0.12132741	12.78659896	-0.25438646
-0.00640672	12.72552710	-0.29678682	-0.00493472	12.72360234	-0.29439191
0.01333330	12.79357901	-0.39248764	0.01420107	12.79184763	-0.39019204
-0.25901968	12.74139835	-0.20559666	-0.25674492	12.73797361	-0.20166601
-0.14156711	12.67385985	-0.19617834	-0.13930394	12.67117366	-0.19301410
-0.01614663	12.59208418	-0.22069587	-0.01409839	12.59004331	-0.21833112
-0.55306322	12.88810533	-0.51382114	-0.55326575	12.88316581	-0.50760342
-0.58382132	12.87752892	-0.42074391	-0.58334966	12.87230731	-0.41433746
-0.48047435	12.89862524	-0.36204189	-0.47975036	12.89395511	-0.35629644
-0.45118171	12.91592128	-0.46888742	-0.45122907	12.91156688	-0.46334157
-0.59566931	12.80228651	-0.34309952	-0.59425434	12.79693907	-0.33668060
-0.50438473	12.79323446	-0.28743102	-0.50261209	12.78829877	-0.28162163
-0.33328957	12.91632755	-0.40475889	-0.33293145	12.91263126	-0.40006480
-0.35588840	12.87695701	-0.30549788	-0.35473481	12.87293990	-0.30064625
-0.38581180	12.77618833	-0.23804427	-0.38373184	12.77184476	-0.23307001
0.29594516	12.63643332	-0.64782924	0.29626486	12.63578690	-0.64700661
0.33738167	12.63366505	-0.67200783	0.33764613	12.63311887	-0.67133163
0.27244459	12.56813211	-0.49760267	0.27322563	12.56733118	-0.49665550
0.31866457	12.56789176	-0.50825571	0.31941457	12.56720683	-0.50746290
0.32271242	12.58587931	-0.49267113	0.32346337	12.58519638	-0.49188710
0.33833611	12.64790408	-0.66352314	0.33860061	12.64735065	-0.66284193
0.34531855	12.63059205	-0.68637248	0.34555525	12.63007509	-0.68574720
0.32490165	12.57185897	-0.50770670	0.32561365	12.57120557	-0.50695948
0.35676047	12.55261126	-0.54893242	0.35739153	12.55203711	-0.54831529
0.37421253	12.61244995	-0.73743617	0.37438726	12.61202534	-0.73693591
0.33387794	12.43747086	-0.39721828	0.33491340	12.43688910	-0.39666782
0.30223796	12.48355522	-0.37288993	0.30338782	12.48283503	-0.37212475
0.29702400	12.48730546	-0.36776371	0.29824060	12.48651920	-0.36693896
0.24990406	12.47222540	-0.35108096	0.25117844	12.47131975	-0.35012080
0.44907418	12.55211099	-0.61193050	0.44956486	12.55171643	-0.61155874
0.43951625	12.62088679	-0.81395388	0.43954862	12.62067503	-0.81367206
0.43943463	12.40995078	-0.44565676	0.44029704	12.40953587	-0.44542885
0.14462790	12.63337375	-0.40281360	0.14567724	12.63212708	-0.40125455
0.16814360	12.70511001	-0.52548835	0.16869427	12.70402119	-0.52403232
0.12948778	12.51443057	-0.28736255	0.13110227	12.51299801	-0.28578661
0.16405682	13.13789851	-0.38404988	0.16392213	13.13652289	-0.38207600
0.26695968	13.02369601	-0.12123369	0.26823010	13.02245128	-0.11973570
0.30883147	12.91020985	-0.08123804	0.31055665	12.90906384	-0.07996809
0.33968271	12.73074205	-0.08811218	0.34171206	12.72966528	-0.08707802
0.36013456	12.55193597	-0.11906336	0.36223080	12.55092016	-0.11824997
0.24066259	12.85603502	-0.80906350	0.24030804	12.85539800	-0.80786261
0.34909258	12.37116432	-0.18297180	0.35076471	12.37040825	-0.18242275
0.17527925	13.05611238	-0.57914149	0.17477970	13.05497103	-0.57730160
0.20112951	12.98745192	-0.68068529	0.20065027	12.98652783	-0.67908395
0.89631150	11.96020010	-0.57347212	0.89637851	11.96010998	-0.57398317
0.82730436	12.01958359	-0.45674561	0.82731779	12.01956545	-0.45676153
0.94014965	11.92354323	-0.70810803	0.94039264	11.92352860	-0.70879115
0.74520132	12.33307410	-1.28829640	0.74512511	12.33341054	-1.28861830
0.46096873	12.61976411	-1.16592463	0.46085707	12.61982076	-1.16582693
0.35311700	12.65811867	-1.05727250	0.35298070	12.65809948	-1.05704384
0.28720509	12.66127846	-0.95822989	0.28711470	12.66108132	-0.95782146
0.27319251	12.69074280	-0.89615787	0.27309010	12.69040787	-0.89553840
0.25638730	12.70171166	-0.88215456	0.25620466	12.70129909	-0.88132058
0.20844366	12.68717751	-0.86337767	0.20832233	12.68665697	-0.86238994
0.12123220	12.70727608	-0.74705006	0.12126831	12.70637282	-0.74562406
0.01449928	12.73788129	-0.61418697	0.01476058	12.73647057	-0.61216154
-0.19285584	12.77264375	-0.54315322	-0.19239188	12.77000419	-0.53964937
-0.29843237	12.81234193	-0.58928049	-0.29854714	12.80911599	-0.58495073
-0.48719446	12.87239701	-0.66901872	-0.48827306	12.86801166	-0.66325386
-0.56897596	12.87306011	-0.65450739	-0.56997722	12.86813218	-0.64818120
-0.70825409	12.83263926	-0.50816709	-0.70808695	12.82670108	-0.50099071
-0.17018739	12.50654825	-0.10136228	-0.16705348	12.50360541	-0.09813387
0.15682146	12.34580120	-0.13419305	0.15939898	12.34419836	-0.13286079
0.31916382	12.37975636	-0.22085068	0.32072056	12.37902362	-0.22023337
0.38643590	12.29149797	-0.19550532	0.38693321	12.29104435	-0.19547850
0.47146094	12.23564787	-0.23874321	0.47182640	12.23534146	-0.23869094
0.71448307	12.09160047	-0.37204440	0.71454718	12.09156890	-0.37209100
0.30336915	12.51049636	-0.36586306	0.30455246	12.50972777	-0.36505574
0.58750939	12.77631919	-0.54035063	0.58788103	12.77600292	-0.54006884
0.30652217	12.98535639	-0.52390998	0.30647611	12.98451948	-0.52264835
0.03990395	12.98437917	-0.25000891	0.04078322	12.98252716	-0.24756341
0.10582669	13.06856522	-0.29598435	0.10622779	13.06694464	-0.29379144
0.32635096	12.86362254	-0.28901224	0.32736030	12.86269670	-0.28790792
0.03395793	12.95875681	-0.40908237	0.03424758	12.95704313	-0.40669547
0.12613351	13.03814100	-0.40655571	0.12620100	13.03670595	-0.40451425
0.36798691	12.82141573	-0.68969314	0.36790516	12.82088898	-0.68885856
0.16559628	13.02019686	-0.16921902	0.16669885	13.01870944	-0.16731929
0.22071564	12.81257506	-0.78816953	0.22047195	12.81189885	-0.78695803
0.33380580	12.75499147	-0.52710980	0.33422810	12.75428721	-0.52620009
0.32831350	12.88521196	-0.83691350	0.32789977	12.88476016	-0.83593448
0.40347071	12.43243033	-0.24395263	0.40493073	12.43175837	-0.24349688
0.24761276	13.04154274	-0.43849392	0.24765137	13.04048004	-0.43695623
0.47899521	12.68337763	-0.66603378	0.47918195	12.68302370	-0.66562946
0.69947783	12.74925299	-0.77258493	0.69944906	12.74923270	-0.77251217
0.33571464	12.93427275	-0.19428875	0.33691710	12.93327655	-0.19313016
-0.41574423	12.88132155	-0.21718619	-0.41398884	12.87671431	-0.21181271
0.15900007	13.07309036	-0.23801541	0.15965380	13.07161692	-0.23605553
0.32411095	12.94379533	-0.68239710	0.32378386	12.94315351	-0.68127875
-0.50386333	12.87992606	-0.25521438	-0.50231875	12.87492771	-0.24928794
0.23334813	13.02523098	-0.31991074	0.23382343	13.02404647	-0.31831721
0.30133653	12.45432249	-0.19787942	0.30313317	12.45338920	-0.19704512
0.12203229	13.09079928	-0.35831637	0.12210535	13.08928230	-0.35618903
0.21171932	13.07186750	-0.47971135	0.21151421	13.07073318	-0.47800693
0.26510867	12.60682516	-0.24019766	0.26671460	12.60577064	-0.23906925
0.17072064	12.93195580	-0.50016251	0.17080326	12.93078716	-0.49845068
0.27726766	12.88907293	-0.82612321	0.27683747	12.88851377	-0.82499236
0.28435223	12.83855019	-0.82997782	0.28402052	12.83803329	-0.82896597
0.23262475	13.01737771	-0.53650939	0.23241482	13.01637047	-0.53494455
0.38573247	12.79450024	-0.19379838	0.38715801	12.79360818	-0.19290402
0.50438001	12.58980347	-0.43196177	0.50526553	12.58933095	-0.43164543
0.30554903	12.75966884	-0.88401943	0.30533720	12.75932038	-0.88329622
0.16195373	12.96016055	-0.63521205	0.16162466	12.95909999	-0.63347311
0.40002915	12.37229524	-0.22125232	0.40143127	12.37162556	-0.22089414
0.36693112	12.48016069	-0.31047067	0.36826644	12.47946935	-0.30988442
0.20498156	12.86055982	-0.17878751	0.20645965	12.85919809	-0.17714695
0.38966305	12.72967459	-0.90796512	0.38951628	12.72951742	-0.90756467
0.29721716	12.79148860	-0.84480350	0.29696092	12.79103999	-0.84394462
0.14999723	13.10550327	-0.26987543	0.15039780	13.10400742	-0.26785694
0.42460027	12.60275099	-0.24501423	0.42610036	12.60201611	-0.24441004
0.21571743	12.85726418	-0.76427683	0.21540906	12.85652370	-0.76295545
0.42863013	12.71221710	-0.82508342	0.42854344	12.71195330	-0.82464751
0.82791023	12.74563141	-0.86868589	0.82779052	12.74578686	-0.86875884
0.56576124	12.79134975	-0.92587173	0.56547073	12.79133789	-0.92554645
0.35152194	12.68092037	-0.19500396	0.35312305	12.67997901	-0.19408888
0.26191400	12.75621809	-0.17531213	0.26356940	12.75503812	-0.17399521
