0.85115567	12.73670293	-0.42028339	0.85148164	12.73656078	-0.42030549
0.82231084	12.87490400	-0.44890561	0.82258056	12.87476659	-0.44889530
0.89838354	12.83358812	-0.54723073	0.89858549	12.83345907	-0.54726241
0.93028275	12.70039341	-0.53270443	0.93052300	12.70026674	-0.53277148
0.77980627	12.96578536	-0.50916222	0.78001262	12.96564497	-0.50911216
0.85986870	12.91968439	-0.59010842	0.86003014	12.91955835	-0.59010590
0.90912245	12.87678561	-0.65047702	0.90926176	12.87667586	-0.65050010
0.94744633	12.80688754	-0.64480763	0.94760016	12.80677928	-0.64485988
0.98133361	12.67778510	-0.64585515	0.98150628	12.67767700	-0.64594520
0.71710609	12.76640602	-1.16409441	0.71707367	12.76641588	-1.16403941
0.83941641	12.71579783	-1.14238384	0.83938601	12.71579259	-1.14237786
0.80802298	12.82229227	-1.07355928	0.80800693	12.82226945	-1.07351467
0.68587296	12.86859190	-1.09025033	0.68584201	12.86857125	-1.09014223
0.94058707	12.68198916	-1.07965149	0.94057637	12.68196339	-1.07969128
0.90760484	12.79308567	-1.02093024	0.90760855	12.79304510	-1.02093154
0.86806491	12.86157946	-0.97029070	0.86806799	12.86152996	-0.97026389
0.78926328	12.90247668	-0.98561469	0.78924789	12.90242511	-0.98554645
0.66732184	12.94847337	-0.99099293	0.66729089	12.94841471	-0.99086013
0.59653677	12.83424998	-0.20810090	0.59702471	12.83409618	-0.20793523
0.57815832	12.97121303	-0.25579957	0.57854177	12.97103146	-0.25563515
0.71213014	12.92341473	-0.34864135	0.71246095	12.92326030	-0.34856506
0.73366279	12.78402725	-0.30824407	0.73407928	12.78388040	-0.30819453
0.54751768	13.05757592	-0.34020447	0.54780112	13.05737406	-0.34001497
0.67588963	13.01378779	-0.42440140	0.67613585	13.01362143	-0.42429326
0.46752099	12.88158118	-1.06348056	0.46747765	12.88155091	-1.06328211
0.59374249	12.82730217	-1.13633773	0.59371139	12.82730792	-1.13621045
0.56306081	12.91968788	-1.06388040	0.56301662	12.91965944	-1.06371039
0.43904263	12.96405190	-0.98880882	0.43898961	12.96396891	-0.98855990
0.54291860	12.99425339	-0.96220358	0.54287176	12.99416600	-0.96199432
0.41825882	13.03340182	-0.88610463	0.41822173	13.03324379	-0.88581509
-0.01373845	12.98890205	-0.06620372	-0.01333791	12.98847696	-0.06574270
-0.14214488	13.00053137	-0.08825040	-0.14176551	13.00003622	-0.08777541
-0.14464346	13.07393074	-0.13483483	-0.14429577	13.07343299	-0.13436522
-0.01986747	13.07618233	-0.11020029	-0.01951902	13.07573741	-0.10974654
-0.26089747	13.00211936	-0.12455554	-0.26053307	13.00157828	-0.12408443
-0.26186204	13.06352382	-0.17299896	-0.26151329	13.06298293	-0.17252862
-0.26309701	13.10473723	-0.23852034	-0.26275272	13.10419485	-0.23804922
-0.14664646	13.12082585	-0.20102538	-0.14631639	13.12031854	-0.20056100
-0.02485791	13.13016512	-0.17609712	-0.02453776	13.12971348	-0.17564443
0.03130567	12.97486633	-0.59061525	0.03153029	12.97436347	-0.59012939
0.01625677	13.03727142	-0.56513051	0.01648000	13.03676973	-0.56465048
-0.06467285	13.03929019	-0.55459195	-0.06439403	13.03873189	-0.55411052
-0.05048774	12.98308065	-0.57020273	-0.05020744	12.98251798	-0.56971316
-0.00332093	13.09128520	-0.51776771	-0.00308837	13.09079137	-0.51730039
-0.08623214	13.08559645	-0.51891464	-0.08595177	13.08504564	-0.51844508
-0.17971311	13.07846474	-0.53508542	-0.17937761	13.07789222	-0.53463273
-0.15709819	13.03745868	-0.57097543	-0.15676552	13.03686725	-0.57051552
-0.14242175	12.98625462	-0.58839960	-0.14209407	12.98564399	-0.58791865
0.98749960	12.28876973	-0.67195831	0.98763159	12.28865137	-0.67207961
0.96652135	12.06986682	-0.68788164	0.96660154	12.06975228	-0.68799189
0.91395209	12.09665895	-0.55258221	0.91406187	12.09652860	-0.55267191
0.92895346	12.30346788	-0.53681249	0.92917698	12.30332778	-0.53691616
0.83605199	12.14654798	-0.43133371	0.83622899	12.14641849	-0.43138770
0.84360076	12.32866283	-0.41143156	0.84392033	12.32850311	-0.41148767
0.97940959	12.37999019	-1.14154464	0.97938063	12.37995859	-1.14164131
0.88450658	12.44059737	-1.21053960	0.88446640	12.44058555	-1.21059770
0.87980515	12.28110025	-1.23539736	0.87975172	12.28108274	-1.23546915
0.97185355	12.18869002	-1.15689815	0.97180985	12.18865385	-1.15700717
0.75733582	12.51690501	-1.23933145	0.75730681	12.51691919	-1.23934939
0.75347016	12.39670596	-1.27076116	0.75342967	12.39671555	-1.27078910
0.86751177	12.17640827	-1.24324784	0.86744162	12.17638433	-1.24332963
0.95289049	12.05409451	-1.15498957	0.95283381	12.05405454	-1.15509691
0.99362029	12.49777731	-0.65721342	0.99378609	12.49766178	-0.65733148
0.93707318	12.51378904	-0.53072400	0.93732591	12.51365848	-0.53081478
0.85294426	12.54229530	-0.40870797	0.85330629	12.54215307	-0.40874251
0.86802003	12.58709822	-1.18369360	0.86798894	12.58709485	-1.18372600
0.96709338	12.54439102	-1.11789861	0.96707036	12.54436561	-1.11797361
0.74281760	12.64470486	-1.20862493	0.74278307	12.64472026	-1.20860908
0.60058649	12.41996641	-0.22549243	0.60122825	12.41979017	-0.22527421
0.60082986	12.63484011	-0.20306701	0.60141987	12.63469124	-0.20288795
0.73410759	12.58500403	-0.29742496	0.73460078	12.58485032	-0.29734521
0.72769275	12.37075270	-0.30840113	0.72815018	12.37057430	-0.30835730
0.46880091	12.70491909	-1.15068772	0.46878368	12.70495523	-1.15063599
0.61206023	12.61501082	-1.21940490	0.61204321	12.61503649	-1.21938285
0.60882145	12.71921273	-1.18586785	0.60879411	12.71923936	-1.18581032
0.47387475	12.78880768	-1.11697321	0.47384807	12.78882437	-1.11685246
0.58658225	12.17474658	-0.30180409	0.58664766	12.17466715	-0.30179631
0.59754744	12.28060837	-0.26243983	0.59795250	12.28042120	-0.26235768
0.72350720	12.21603112	-0.33770808	0.72378133	12.21586241	-0.33770340
0.60071000	12.48690922	-1.25182550	0.60070030	12.48692622	-1.25182801
0.60685120	12.53431023	-1.24356422	0.60684142	12.53432984	-1.24356114
0.46270657	12.64921618	-1.16637087	0.46269932	12.64924780	-1.16634895
-0.00517636	12.71116175	-0.06507358	-0.00461483	12.71075981	-0.06450457
-0.15394781	12.77953860	-0.07250453	-0.15347555	12.77904024	-0.07199473
-0.14410274	12.90233380	-0.06998752	-0.14367905	12.90183641	-0.06949706
-0.00574580	12.86553926	-0.05446239	-0.00528094	12.86513220	-0.05397586
-0.28992076	12.83060977	-0.09718043	-0.28949750	12.83006173	-0.09671359
-0.27136431	12.92571511	-0.10099674	-0.27097305	12.92517090	-0.10052705
0.02724455	12.84535509	-0.61965288	0.02749145	12.84483451	-0.61914052
0.03344086	12.91076094	-0.60707014	0.03367591	12.91025123	-0.60657209
-0.04761843	12.92127490	-0.57953106	-0.04733508	12.92070140	-0.57902338
-0.05588209	12.85648816	-0.58355062	-0.05557760	12.85589438	-0.58302024
-0.13926998	12.92896432	-0.59663483	-0.13893684	12.92833872	-0.59613619
-0.14904092	12.86818918	-0.59551719	-0.14871294	12.86755337	-0.59499251
-0.03399246	12.41546480	-0.11901757	-0.03311199	12.41503386	-0.11810485
-0.17486091	12.63244834	-0.09035965	-0.17428554	12.63195033	-0.08977197
-0.01949471	12.54059336	-0.08887115	-0.01873764	12.54020119	-0.08813401
-0.32638253	12.62518963	-0.12929990	-0.32585666	12.62464439	-0.12882669
-0.31275372	12.71289281	-0.10912263	-0.31227534	12.71234267	-0.10866109
0.01723347	12.77906103	-0.63146860	0.01749893	12.77853088	-0.63094813
-0.07531050	12.79013168	-0.58078145	-0.07499008	12.78952815	-0.58023267
-0.09321462	12.76314842	-0.56077814	-0.09287954	12.76253838	-0.56022170
-0.17314855	12.80572809	-0.58355964	-0.17282310	12.80508523	-0.58300941
-0.38317774	12.99926680	-0.17382681	-0.38281569	12.99870461	-0.17339591
-0.37535838	13.04948040	-0.21955113	-0.37499883	13.04892868	-0.21910852
-0.49300289	12.99254539	-0.23044074	-0.49263569	12.99195766	-0.23004021
-0.47328047	13.03334401	-0.27140317	-0.47290697	13.03278052	-0.27098412
-0.45120916	13.06664509	-0.32164187	-0.45082426	13.06609632	-0.32120997
-0.36545946	13.08659071	-0.27867473	-0.36509660	13.08604310	-0.27823039
-0.26140562	13.03525881	-0.59052214	-0.26101019	13.03464472	-0.59006868
-0.24703274	12.99006961	-0.61550577	-0.24664789	12.98943319	-0.61504006
-0.28166314	13.07164701	-0.55006585	-0.28126429	13.07105927	-0.54961961
-0.37633642	13.06311794	-0.55866864	-0.37587671	13.06257263	-0.55823677
-0.36145468	13.03193770	-0.60355526	-0.36098440	13.03137374	-0.60312462
-0.35182324	12.99365783	-0.63741622	-0.35137124	12.99306852	-0.63698453
-0.24841394	12.94159308	-0.63137630	-0.24803789	12.94093960	-0.63089776
-0.35932571	12.95478577	-0.66222558	-0.35889376	12.95419049	-0.66178939
-0.37408645	12.91750486	-0.67637054	-0.37368000	12.91690840	-0.67592944
-0.26117251	12.89212161	-0.63596240	-0.26081677	12.89145982	-0.63546069
-0.53719806	12.88687059	-0.18990428	-0.53682137	12.88625412	-0.18956577
-0.55718147	12.76490013	-0.19554381	-0.55674174	12.76428960	-0.19525409
-0.63331171	12.80176765	-0.25302445	-0.63285872	12.80112312	-0.25281509
-0.61523741	12.89774353	-0.25216281	-0.61483904	12.89711061	-0.25187212
-0.56523643	12.66022937	-0.21290017	-0.56472997	12.65963065	-0.21258624
-0.64061757	12.71918983	-0.26495936	-0.64007531	12.71854364	-0.26479278
-0.68908095	12.78901159	-0.33503376	-0.68854025	12.78838072	-0.33493025
-0.68281660	12.84130387	-0.32920588	-0.68234862	12.84068481	-0.32902570
-0.66683096	12.90439127	-0.33075491	-0.66638716	12.90380405	-0.33047737
-0.45570158	12.65000478	-0.16506217	-0.45520796	12.64944044	-0.16466380
-0.44456467	12.74618261	-0.14598401	-0.44412309	12.74560679	-0.14560009
-0.42245019	12.86547668	-0.13751901	-0.42205769	12.86490303	-0.13711463
-0.46998848	12.93321171	-0.68727449	-0.46951786	12.93284328	-0.68693450
-0.47690642	12.90621159	-0.69789059	-0.47646834	12.90586695	-0.69757828
-0.38624796	12.88421337	-0.67825430	-0.38587374	12.88362211	-0.67780657
-0.55658196	12.93830923	-0.66729428	-0.55612397	12.93819753	-0.66704166
-0.56134907	12.91160936	-0.68210024	-0.56094212	12.91155079	-0.68189421
-0.39707306	12.86741112	-0.66787591	-0.39671967	12.86683480	-0.66742391
-0.28090949	12.84394687	-0.62819322	-0.28057744	12.84328950	-0.62766625
0.89872342	12.88487680	-0.90164046	0.89874395	12.88481385	-0.90163111
0.79867374	12.95187074	-0.88759538	0.79868365	12.95179447	-0.88752481
0.91518594	12.89928380	-0.81292255	0.91524142	12.89920500	-0.81292755
0.82004231	12.97177338	-0.78309710	0.82009107	12.97167850	-0.78304470
0.70953579	13.02744624	-0.74182143	0.70957483	13.02731813	-0.74171406
0.67981004	13.00325152	-0.87090901	0.67980405	13.00314866	-0.87077447
0.91625002	12.89548479	-0.72103012	0.91634863	12.89538708	-0.72104636
0.83710689	12.96307564	-0.67658388	0.83721168	12.96296291	-0.67655358
0.74253963	13.01565856	-0.61457200	0.74266762	13.01551588	-0.61448670
1.00031837	12.67138019	-0.98495535	1.00033189	12.67132850	-0.98502049
0.96255636	12.79298135	-0.93988086	0.96258218	12.79292510	-0.93991479
1.02341396	12.67187981	-0.87363013	1.02347356	12.67180711	-0.87371588
0.98234360	12.80238566	-0.84310533	0.98240542	12.80231386	-0.84315654
1.01474281	12.67098331	-0.76029947	1.01485383	12.67089038	-0.76039550
0.97641105	12.80198830	-0.74372521	0.97651929	12.80190248	-0.74378471
0.55961269	13.04871933	-0.82577690	0.55960466	13.04857392	-0.82557293
0.59634585	13.07441923	-0.67694418	0.59641544	13.07424659	-0.67675906
0.47237541	13.11307710	-0.59440643	0.47247444	13.11284331	-0.59415531
0.43530103	13.08646387	-0.74629669	0.43531839	13.08624463	-0.74601587
0.63622009	13.06334954	-0.53886107	0.63637591	13.06317923	-0.53871522
0.51097141	13.10412485	-0.45628209	0.51116315	13.10390776	-0.45606198
-0.38485247	13.08058638	-0.50077602	-0.38441945	13.08005303	-0.50033898
-0.46836931	13.06224277	-0.51335022	-0.46788909	13.06178924	-0.51292640
-0.44844971	13.05085358	-0.55569912	-0.44795402	13.05039542	-0.55528640
-0.39692175	13.08666118	-0.43775318	-0.39650376	13.08612684	-0.43730761
-0.49054046	13.06413297	-0.46885283	-0.49007847	13.06367045	-0.46842512
-0.57493601	13.03778065	-0.49796728	-0.57444244	13.03741976	-0.49756390
-0.53730941	13.03977598	-0.53051712	-0.53680368	13.03941088	-0.53010687
-0.49959955	13.03817445	-0.55672703	-0.49908394	13.03777975	-0.55631138
-0.42240035	13.08324829	-0.37756020	-0.42200539	13.08271311	-0.37711877
-0.50434894	13.05991565	-0.41750704	-0.50391050	13.05943438	-0.41707899
-0.51926398	13.04541030	-0.36662497	-0.51885377	13.04489682	-0.36620420
-0.56485235	13.02844665	-0.39892542	-0.56441707	13.02795711	-0.39851110
-0.57674989	13.03356421	-0.44750067	-0.57629405	13.03314882	-0.44709238
-0.01906374	13.13019635	-0.43585130	-0.01880943	13.12970799	-0.43539048
-0.11071863	13.11780441	-0.44836788	-0.11042619	13.11726656	-0.44790398
-0.02846761	13.15172934	-0.34055392	-0.02818781	13.15125686	-0.34010147
-0.13160545	13.13551071	-0.36185555	-0.13130278	13.13498350	-0.36138888
-0.23269338	13.11834879	-0.39292490	-0.23234735	13.11780138	-0.39245807
-0.20666461	13.10486341	-0.47130565	-0.20632280	13.10430892	-0.47084881
-0.02905545	13.15354551	-0.25341309	-0.02876008	13.15308243	-0.25295997
-0.14296584	13.13891986	-0.27807315	-0.14264802	13.13840223	-0.27760865
-0.25252732	13.12064682	-0.31340367	-0.25218565	13.12010447	-0.31293398
0.99069615	11.97508419	-1.05862108	0.99066305	11.97503053	-1.05874044
1.01324678	12.11998326	-1.05674498	1.01322830	12.11992997	-1.05687343
0.99312421	11.93017569	-0.95318533	0.99311577	11.93011250	-0.95330838
1.01916851	12.07677739	-0.94249788	1.01916804	12.07669448	-0.94263518
1.03834157	12.29448075	-0.92709177	1.03837156	12.29440226	-0.92722013
1.02698145	12.32908399	-1.04300342	1.02697638	12.32903312	-1.04312088
0.97445571	11.91367597	-0.83420088	0.97448663	11.91358010	-0.83430212
1.00254587	12.06157173	-0.81904549	1.00258067	12.06147053	-0.81917611
1.02461339	12.28347245	-0.80273472	1.02468717	12.28336819	-0.80286817
1.02254325	12.51488231	-1.01868400	1.02254684	12.51483413	-1.01878463
1.04121091	12.49737946	-0.90352844	1.04126211	12.49730852	-0.90364872
1.02998038	12.49198102	-0.78224538	1.03008240	12.49188951	-0.78237446
-0.64259354	12.93290663	-0.61487574	-0.64219966	12.93293617	-0.61462727
-0.64936995	12.90310816	-0.62683109	-0.64904117	12.90320162	-0.62664205
-0.70037863	12.92260731	-0.53504208	-0.70000247	12.92253877	-0.53475974
-0.71082707	12.88640786	-0.54104721	-0.71051372	12.88639078	-0.54083447
-0.65117424	12.87970655	-0.62824483	-0.65089607	12.87981696	-0.62810209
-0.70198812	12.91290692	-0.43277429	-0.70157295	12.91252953	-0.43249333
-0.71546250	12.86781087	-0.43369705	-0.71503413	12.86742743	-0.43347464
-0.71841414	12.83211198	-0.43541974	-0.71798743	12.83173748	-0.43527387
-0.29792749	13.09362536	-0.48776669	-0.29753285	13.09306415	-0.48732081
-0.31613052	13.10341016	-0.41540450	-0.31574970	13.10286446	-0.41495814
-0.34217021	13.10279401	-0.34491345	-0.34179883	13.10224906	-0.34446366
-0.59512004	12.95013032	-0.26491974	-0.59473580	12.94952207	-0.26457552
-0.51475977	12.95315461	-0.20240675	-0.51439659	12.95255135	-0.20202753
-0.64919844	12.94458251	-0.34000290	-0.64877169	12.94401770	-0.33968737
-0.62603174	12.97417154	-0.35688263	-0.62562115	12.97363774	-0.35653480
-0.57206582	12.98211876	-0.28925683	-0.57167675	12.98154438	-0.28887725
-0.40022298	12.94386890	-0.14676854	-0.39985068	12.94330253	-0.14634515
-0.45692629	12.96420524	-0.66887515	-0.45642586	12.96379825	-0.66850624
-0.44500840	12.99649293	-0.64064303	-0.44450380	12.99605439	-0.64025609
-0.52914959	12.99550208	-0.62350723	-0.52863650	12.99523682	-0.62316202
-0.54509232	12.96710865	-0.64947669	-0.54460244	12.96692151	-0.64916867
-0.65904020	12.97980208	-0.52339226	-0.65858965	12.97961819	-0.52302732
-0.68336973	12.95230485	-0.52969708	-0.68295506	12.95218905	-0.52937179
-0.62882570	12.96120524	-0.60208004	-0.62837805	12.96115667	-0.60177707
-0.60793610	12.98840152	-0.58427344	-0.60745481	12.98826326	-0.58392751
-0.62696647	13.00899425	-0.51448466	-0.62649459	13.00874752	-0.51409558
-0.58063120	13.01479320	-0.55729442	-0.58013289	13.01455126	-0.55691832
-0.51094315	13.02118970	-0.58421059	-0.51042628	13.02084153	-0.58382231
-0.68453876	12.94610117	-0.43537153	-0.68411169	12.94572616	-0.43504102
-0.66017084	12.97419380	-0.44131976	-0.65972591	12.97381921	-0.44094886
-0.59380708	13.00525803	-0.38125898	-0.59338241	13.00475103	-0.38087360
-0.62644994	13.00428320	-0.45039525	-0.62599686	13.00391160	-0.45000499
-0.54433373	13.01671113	-0.32351199	-0.54394386	13.01616262	-0.32311007
-0.44142722	13.02717356	-0.60053256	-0.44092363	13.02671926	-0.60013339
0.18119090	13.12026428	-0.18505565	0.18151686	13.11991490	-0.18465262
0.15158967	13.15879198	-0.27035622	0.15186446	13.15841492	-0.26994253
0.17928325	13.14669862	-0.28505976	0.17956007	13.14633543	-0.28465313
0.21317264	13.10698451	-0.19660425	0.21350291	13.10665541	-0.19621504
0.13122347	13.16575228	-0.36548292	0.13146953	13.16535236	-0.36506752
0.15731861	13.15445260	-0.38239083	0.15755776	13.15406395	-0.38198025
0.18385564	13.13779947	-0.29506819	0.18413365	13.13743829	-0.29466389
0.21755853	13.09858444	-0.20300345	0.21788961	13.09825456	-0.20261993
0.19049107	13.14550045	-0.29613176	0.19076657	13.14514127	-0.29573363
0.22296211	13.10508995	-0.19787284	0.22329227	13.10476837	-0.19749336
0.17137171	13.15255483	-0.39951130	0.17159809	13.15217306	-0.39910260
0.21534706	13.15837298	-0.42542116	0.21554948	13.15801282	-0.42503272
0.23691694	13.15082958	-0.31401950	0.23718190	13.15049240	-0.31364743
0.26884983	13.10840740	-0.20868260	0.26918036	13.10810210	-0.20832705
0.25673124	12.93389744	-0.06487558	0.25720040	12.93361513	-0.06449671
0.21976033	13.05022899	-0.11044162	0.22016189	13.04990876	-0.11005864
0.25593460	13.03745340	-0.12181335	0.25634119	13.03715117	-0.12144847
0.29627984	12.92061947	-0.07795721	0.29676058	12.92035695	-0.07759079
0.26617442	13.03546097	-0.12229589	0.26658295	13.03516396	-0.12193497
0.30749037	12.91872416	-0.08134728	0.30797636	12.91846676	-0.08098450
0.31139338	13.03397798	-0.12962388	0.31180667	13.03370099	-0.12928404
0.35128750	12.91093971	-0.08725640	0.35178514	12.91070631	-0.08691828
0.37693137	12.72209926	-0.09115483	0.37755854	12.72193388	-0.09073981
0.33685244	12.73577791	-0.08674971	0.33745873	12.73558440	-0.08631151
0.39488691	12.52672051	-0.12152159	0.39578501	12.52658270	-0.12090179
0.35730568	12.55080715	-0.11689980	0.35815307	12.55065206	-0.11627386
0.32545674	12.73797405	-0.08202212	0.32605218	12.73778464	-0.08157321
0.34511377	12.55360964	-0.11200785	0.34595764	12.55346182	-0.11137845
0.29941171	12.56741515	-0.09400392	0.30021756	12.56725640	-0.09338119
0.28339145	12.75534979	-0.06607904	0.28397311	12.75513670	-0.06562896
0.26620710	12.78320081	-0.91935980	0.26621519	12.78306999	-0.91908986
0.25635255	12.85336546	-0.89446669	0.25636033	12.85318258	-0.89414262
0.23727617	12.85910938	-0.83538050	0.23731459	12.85886364	-0.83503210
0.24800812	12.79834765	-0.85907567	0.24804978	12.79813436	-0.85875756
0.24107978	12.92531554	-0.84410107	0.24108631	12.92506360	-0.84373143
0.22135913	12.92368339	-0.78843768	0.22139650	12.92338317	-0.78805824
0.22788852	12.91928170	-0.77063326	0.22793832	12.91897098	-0.77025705
0.24893747	12.80412968	-0.83833311	0.24898929	12.80388991	-0.83800999
0.22102357	12.85948081	-0.82097585	0.22106673	12.85918042	-0.82060943
0.22593513	12.80221958	-0.84396149	0.22597492	12.80196186	-0.84361394
0.21034648	12.92316691	-0.77868323	0.21038670	12.92284127	-0.77829423
0.16979091	12.93534025	-0.76410231	0.16983805	12.93497619	-0.76368155
0.17753706	12.86805256	-0.80255880	0.17758863	12.86771207	-0.80215045
0.17950923	12.80447860	-0.82362307	0.17956785	12.80416671	-0.82322620
0.27101735	12.71312689	-0.94448178	0.27101521	12.71304664	-0.94428628
0.25559049	12.73718050	-0.88326708	0.25562888	12.73701921	-0.88300324
0.25741775	12.75276006	-0.86093570	0.25746622	12.75255644	-0.86064698
0.27506446	12.71628913	-0.87415300	0.27510623	12.71612662	-0.87391228
0.23475377	12.74455929	-0.87078829	0.23478998	12.74435079	-0.87047577
0.18604285	12.73691636	-0.85321119	0.18610668	12.73665068	-0.85285100
0.28454187	12.32773150	-0.16016772	0.28649019	12.32754247	-0.15814415
0.30118131	12.42437760	-0.12769093	0.30232535	12.42422856	-0.12671049
0.34901306	12.42256043	-0.14398027	0.35017705	12.42231732	-0.14298771
0.33572783	12.35224816	-0.17476575	0.33807022	12.35125432	-0.17219943
0.35301032	12.43514393	-0.15130304	0.35416396	12.43488364	-0.15033855
0.36283744	12.41553000	-0.14902260	0.36409169	12.41526014	-0.14802311
0.34903167	12.34700532	-0.18258735	0.35030863	12.34631132	-0.18125863
0.39997513	12.38222059	-0.15765144	0.40123388	12.38197396	-0.15680316
0.12049751	13.14052331	-0.47071068	0.12070246	13.14010588	-0.47028026
0.15041294	13.12723012	-0.48471455	0.15060814	13.12682965	-0.48428747
0.12396736	13.08830774	-0.57882661	0.12412432	13.08788416	-0.57838264
0.15923350	13.07302257	-0.58948812	0.15937709	13.07262055	-0.58905691
0.16242158	13.11593270	-0.49143972	0.16261368	13.11553784	-0.49101454
0.16822649	13.12233562	-0.49157040	0.16841050	13.12194714	-0.49114698
0.17828930	13.06633350	-0.58566221	0.17842995	13.06594331	-0.58523969
0.20446160	13.07175131	-0.62494333	0.20456186	13.07138105	-0.62453305
0.20367199	13.12815069	-0.52401091	0.20382457	13.12777590	-0.52360486
0.22024547	13.00127468	-0.74314285	0.22028085	13.00094631	-0.74274718
0.19876417	12.99645164	-0.69509057	0.19884023	12.99609446	-0.69468347
0.18440849	12.99954262	-0.69465635	0.18448321	12.99917167	-0.69424017
0.14614397	13.01431841	-0.68341272	0.14622802	13.01391586	-0.68297247
0.39455768	13.09074372	-0.26225526	0.39487678	13.09048944	-0.26196541
0.42992646	13.01029936	-0.17845745	0.43033559	13.01007298	-0.17818337
0.45853997	12.87964748	-0.13219572	0.45905878	12.87946164	-0.13191234
0.31288198	12.99075833	-0.86167220	0.31285996	12.99054496	-0.86132967
0.33673345	12.91271679	-0.95086115	0.33671112	12.91259317	-0.95057160
0.29487254	13.06011874	-0.74964502	0.29488187	13.05983980	-0.74928431
0.13660293	12.96150235	-0.05970344	0.13704044	12.96116149	-0.05927726
0.11468571	13.06565589	-0.10433147	0.11505916	13.06528807	-0.10391139
0.09313015	13.12911453	-0.17439437	0.09344820	13.12871968	-0.17396926
0.08828829	13.02789210	-0.62423640	0.08843834	13.02744272	-0.62377704
0.06818215	13.09329433	-0.54637296	0.06837438	13.09283641	-0.54591903
0.10742263	12.95579280	-0.67850386	0.10754319	12.95535542	-0.67804025
0.47330942	12.68458918	-0.13205687	0.47396898	12.68445728	-0.13171221
0.48303561	12.47548762	-0.16055973	0.48386731	12.47537918	-0.16017083
0.34578183	12.83185876	-1.00383366	0.34575448	12.83180190	-1.00361683
0.34666346	12.75678502	-1.03300376	0.34663507	12.75677689	-1.03285059
0.48417370	12.33770326	-0.19880394	0.48494154	12.33740168	-0.19840940
0.34542509	12.69679668	-1.05180602	0.34539208	12.69681619	-1.05171561
0.15865689	12.47167311	-0.10465472	0.15954523	12.47138332	-0.10381225
0.16426345	12.62780307	-0.07550300	0.16494815	12.62753941	-0.07490018
0.10929145	12.75481030	-0.74821509	0.10945204	12.75440509	-0.74776205
0.10955715	12.82349300	-0.72456344	0.10970078	12.82307036	-0.72409830
0.15500354	12.80705333	-0.05506039	0.15552589	12.80675491	-0.05458906
0.11172115	12.88899311	-0.70664713	0.11185918	12.88856260	-0.70618720
0.33050725	13.14322423	-0.50053765	0.33065566	13.14292148	-0.50020578
0.30457734	13.11460097	-0.62739370	0.30465342	13.11429251	-0.62703973
0.36092698	13.13507241	-0.37440919	0.36116109	13.13478489	-0.37410570
0.06421004	13.16344332	-0.34659796	0.06446954	13.16301372	-0.34616633
0.06093468	13.13961621	-0.44872891	0.06116433	13.13916751	-0.44828821
0.07562363	13.16067127	-0.25520584	0.07590476	13.16025587	-0.25477542
0.88209515	11.96637282	-0.58453537	0.88210181	11.96629014	-0.58459570
0.81676000	12.01719950	-0.47386000	0.81676000	12.01719950	-0.47386000
0.92252856	11.93857747	-0.71339997	0.92257657	11.93847406	-0.71348861
0.91000290	12.00507716	-0.71824336	0.91006725	12.00497565	-0.71833747
0.87437360	12.05187030	-0.63180074	0.87444568	12.05176972	-0.63188607
0.80605706	12.11448394	-0.52873323	0.80617047	12.11439669	-0.52878378
0.95584987	11.93108034	-0.83771683	0.95587874	11.93098531	-0.83781611
0.97510830	11.94707885	-0.94911981	0.97510082	11.94701370	-0.94923701
0.94315068	12.06508043	-0.93242681	0.94314944	12.06500349	-0.93254104
0.92883322	12.03477983	-0.81477242	0.92886664	12.03468673	-0.81487676
0.97430115	11.98938409	-1.04231635	0.97427179	11.98932765	-1.04243358
0.93963539	12.06409081	-1.12924380	0.93958753	12.06405053	-1.12934694
0.91651194	12.12678465	-1.10683733	0.91647620	12.12674702	-1.10693092
0.94042305	12.09998071	-1.03028748	0.94040870	12.09992656	-1.03039716
0.85894456	12.18220372	-1.22035514	0.85888309	12.18218019	-1.22043371
0.74247254	12.33310891	-1.27098302	0.74242592	12.33311699	-1.27101752
0.74645989	12.36139792	-1.19925115	0.74642258	12.36139435	-1.19928377
0.85712130	12.22809131	-1.15767708	0.85708013	12.22806201	-1.15775124
0.60117006	12.48300883	-1.23770538	0.60115981	12.48302476	-1.23770714
0.47108945	12.61371217	-1.15269816	0.47108324	12.61373490	-1.15268674
0.49420000	12.61570000	-1.07906000	0.49420000	12.61570000	-1.07906000
0.61447000	12.50220000	-1.16283000	0.61447000	12.50220000	-1.16283000
0.38295754	12.64730153	-1.04973752	0.38294247	12.64731800	-1.04970356
0.33209994	12.64756532	-0.95688298	0.33209429	12.64753860	-0.95681606
0.37140000	12.64100070	-0.89641000	0.37140000	12.64100070	-0.89641000
0.41679000	12.64250090	-0.98287004	0.41679000	12.64250090	-0.98287004
0.31409399	12.67923098	-0.89741603	0.31411935	12.67913570	-0.89726177
0.31009621	12.70670591	-0.86995826	0.31014276	12.70656546	-0.86975761
0.33841546	12.69447182	-0.81272259	0.33851361	12.69427105	-0.81250731
0.34753136	12.66940894	-0.84037983	0.34760578	12.66926526	-0.84022399
0.30109488	12.69400838	-0.87387168	0.30113909	12.69387187	-0.87368343
0.25800400	12.68385761	-0.84443477	0.25809059	12.68364088	-0.84416145
0.29830328	12.68093365	-0.77494606	0.29844712	12.68068735	-0.77468361
0.33726059	12.68307236	-0.81140143	0.33736645	12.68287165	-0.81119015
0.15177896	12.71921552	-0.71618449	0.15197969	12.71882623	-0.71576263
0.01988691	12.77285746	-0.57570447	0.02020218	12.77231161	-0.57517934
0.02406110	12.81055369	-0.49880472	0.02440594	12.81002812	-0.49827252
0.17580396	12.73430050	-0.64081654	0.17605101	12.73389375	-0.64038237
-0.09679818	12.81581766	-0.51308983	-0.09646096	12.81522961	-0.51254258
-0.20428011	12.84779259	-0.51709923	-0.20394531	12.84718264	-0.51657231
-0.20764159	12.91624236	-0.45672373	-0.20728896	12.91566193	-0.45622731
-0.09883237	12.87528394	-0.44292521	-0.09848390	12.87472866	-0.44240373
-0.30943186	12.86831297	-0.57696950	-0.30909682	12.86770452	-0.57647608
-0.40803828	12.87949904	-0.64467760	-0.40769214	12.87895701	-0.64426104
-0.42469737	12.90717478	-0.59290052	-0.42434579	12.90667089	-0.59251587
-0.31891284	12.92136896	-0.52191486	-0.31854836	12.92078780	-0.52144838
-0.49613953	12.88280916	-0.67272700	-0.49578826	12.88250757	-0.67245968
-0.57585326	12.87930605	-0.66096618	-0.57554973	12.87927512	-0.66082380
-0.57507096	12.88170417	-0.62558702	-0.57476588	12.88159355	-0.62542068
-0.51848609	12.89050149	-0.62449862	-0.51814606	12.89022091	-0.62424075
-0.64997465	12.87090533	-0.60941571	-0.64970897	12.87096930	-0.60928445
-0.69921282	12.85450634	-0.52991132	-0.69893961	12.85444839	-0.52978365
-0.66213489	12.87070058	-0.50164045	-0.66180104	12.87049728	-0.50146391
-0.62474052	12.88010215	-0.57843422	-0.62444190	12.88001767	-0.57827503
-0.70423551	12.82720989	-0.43473159	-0.70380581	12.82682833	-0.43459711
-0.67737801	12.78030707	-0.34498726	-0.67682590	12.77969275	-0.34487735
-0.65576921	12.78689814	-0.35790296	-0.65523426	12.78632301	-0.35777023
-0.66800746	12.83350042	-0.41811534	-0.66757025	12.83307392	-0.41795568
-0.63068016	12.70588764	-0.28184217	-0.63010361	12.70524716	-0.28166231
-0.55718766	12.64533434	-0.23322363	-0.55666464	12.64472937	-0.23288229
-0.53957893	12.70461502	-0.26450849	-0.53905287	12.70402243	-0.26419981
-0.61564821	12.74807325	-0.31434191	-0.61510040	12.74747731	-0.31414445
-0.45019682	12.64041127	-0.18591218	-0.44969155	12.63984332	-0.18550625
-0.32301571	12.61977151	-0.14994984	-0.32247573	12.61921001	-0.14946470
-0.30522044	12.67347768	-0.17878568	-0.30468945	12.67290807	-0.17830714
-0.43131335	12.69789871	-0.21577111	-0.43081491	12.69732855	-0.21537110
-0.18604733	12.51558571	-0.13610971	-0.18534788	12.51504226	-0.13539928
-0.03706068	12.40008150	-0.14272077	-0.03613219	12.39959938	-0.14177644
-0.03469953	12.46968991	-0.17406937	-0.03385652	12.46916426	-0.17322998
-0.17452242	12.57825806	-0.16503028	-0.17387121	12.57769090	-0.16437835
0.12447834	12.33984848	-0.16262830	0.12571056	12.33938719	-0.16128402
0.25368641	12.32157568	-0.18696906	0.25552039	12.32125390	-0.18500899
0.23251265	12.38096557	-0.23992252	0.23370899	12.38039002	-0.23867151
0.11463778	12.40703439	-0.20430112	0.11569626	12.40648150	-0.20321022
0.30341632	12.35561526	-0.20854237	0.30501465	12.35510869	-0.20680287
0.28793808	12.43956679	-0.27882990	0.28873580	12.43919099	-0.27786661
0.28003638	12.41169245	-0.26478240	0.28099558	12.41125110	-0.26369246
0.31436886	12.34613577	-0.22158000	0.31542898	12.34584568	-0.22026202
0.34620000	12.27620000	-0.23202000	0.34620000	12.27620000	-0.23202000
0.31977577	12.33314056	-0.28996321	0.32034111	12.33307684	-0.28914091
0.28705871	12.39800309	-0.27977579	0.28782972	12.39768107	-0.27865776
0.44425997	12.21770000	-0.27141000	0.44425997	12.21770000	-0.27141000
0.57587000	12.16340070	-0.32883000	0.57587000	12.16340070	-0.32883000
0.56962557	12.24301427	-0.38283155	0.56987997	12.24295502	-0.38272279
0.42784905	12.28612318	-0.32761009	0.42821503	12.28607120	-0.32725066
0.70622003	12.08180000	-0.39380000	0.70622003	12.08180000	-0.39380000
0.70005964	12.18129306	-0.44752343	0.70024892	12.18119684	-0.44751474
0.76327235	12.39368548	-1.04836329	0.76327208	12.39364772	-1.04839309
0.86551395	12.24498386	-1.04721554	0.86550418	12.24494032	-1.04729114
0.78268849	12.37717544	-0.86023107	0.78274492	12.37710073	-0.86026473
0.87467527	12.22358052	-0.90674514	0.87470501	12.22350804	-0.90682752
0.79540689	12.26268266	-0.67249671	0.79553709	12.26258351	-0.67253166
0.87453900	12.14978122	-0.75458447	0.87461163	12.14968771	-0.75466424
0.53339374	12.60826077	-0.90290331	0.53342557	12.60817556	-0.90283691
0.64683079	12.52237937	-0.99059066	0.64684400	12.52233219	-0.99057818
0.56474227	12.53873653	-0.69136602	0.56489625	12.53859399	-0.69123561
0.67767255	12.47886164	-0.78119611	0.67776707	12.47876472	-0.78115827
0.57065421	12.38667189	-0.51094316	0.57092874	12.38654509	-0.51077150
0.69235971	12.34038498	-0.58908317	0.69254670	12.34027549	-0.58904450
-0.21842934	12.91131780	-0.37190948	-0.21804514	12.91075606	-0.37141455
-0.11246274	12.86827979	-0.35613185	-0.11206733	12.86773570	-0.35561560
-0.23987055	12.85330178	-0.28541623	-0.23945084	12.85274454	-0.28492088
-0.13308831	12.80377683	-0.27199759	-0.13263788	12.80323118	-0.27147579
-0.01572747	12.73645037	-0.30736352	-0.01524254	12.73590858	-0.30679668
0.00734508	12.80264858	-0.40295832	0.00774994	12.80212403	-0.40241312
-0.27344288	12.76278454	-0.22266958	-0.27296475	12.76221652	-0.22218669
-0.15557243	12.69027167	-0.20973121	-0.15501223	12.68971566	-0.20916204
-0.02857988	12.60425317	-0.23042436	-0.02792435	12.60370302	-0.22975173
-0.55448527	12.91058859	-0.54332484	-0.55413823	12.91028882	-0.54306573
-0.58849128	12.90407277	-0.45160366	-0.58809760	12.90367562	-0.45133137
-0.48620887	12.92439659	-0.39037876	-0.48580568	12.92388065	-0.39000744
-0.45304478	12.93743134	-0.49593431	-0.45266148	12.93694358	-0.49555750
-0.60482087	12.83186737	-0.37256724	-0.60435674	12.83134625	-0.37234661
-0.51575434	12.82219445	-0.31409604	-0.51529454	12.82164423	-0.31378122
-0.33691784	12.93611901	-0.42812285	-0.33653806	12.93555784	-0.42766253
-0.36368800	12.90058196	-0.32951127	-0.36329154	12.90002092	-0.32906335
-0.39910101	12.80289081	-0.26092738	-0.39865158	12.80232891	-0.26051119
0.29321699	12.63917639	-0.65101843	0.29345655	12.63886148	-0.65065713
0.33493552	12.63591719	-0.67453575	0.33514850	12.63563490	-0.67421661
0.26707307	12.57203697	-0.50095192	0.26747362	12.57167368	-0.50043262
0.31344932	12.57118225	-0.51091865	0.31382434	12.57086489	-0.51045275
0.31752661	12.58918138	-0.49536059	0.31790373	12.58886273	-0.49488998
0.33591427	12.65021266	-0.66612991	0.33611993	12.64993200	-0.66582097
0.34309278	12.63272573	-0.68875416	0.34327960	12.63246454	-0.68846712
0.31994329	12.57498942	-0.51019194	0.32029869	12.57468347	-0.50972400
0.35228503	12.55531491	-0.55086987	0.35259577	12.55503994	-0.55047000
0.37244172	12.61415634	-0.73928440	0.37258827	12.61392923	-0.73905095
0.32735229	12.44058030	-0.39840748	0.32781579	12.44034431	-0.39777185
0.29502337	12.48730843	-0.37510959	0.29555634	12.48699843	-0.37443040
0.28933167	12.49139186	-0.37019928	0.28992401	12.49104987	-0.36948473
0.24195451	12.47699408	-0.35391083	0.24262713	12.47655967	-0.35309960
0.44545920	12.55398118	-0.61286752	0.44570102	12.55376961	-0.61259460
0.43866874	12.62171612	-0.81487266	0.43874476	12.62157335	-0.81475105
0.43393815	12.41227240	-0.44562840	0.43429608	12.41213782	-0.44521890
0.13779864	12.63977581	-0.40911143	0.13829741	12.63930356	-0.40851374
0.16397859	12.71027517	-0.53160332	0.16432265	12.70982915	-0.53110926
0.11955875	12.52251825	-0.29314219	0.12031003	12.52198381	-0.29235215
0.16364728	13.14495126	-0.39461782	0.16388132	13.14456465	-0.39420417
0.25933339	13.03115171	-0.12894224	0.25973908	13.03085366	-0.12857495
0.29874627	12.91721547	-0.08732268	0.29922884	12.91695436	-0.08695479
0.32799723	12.73726045	-0.09249889	0.32860114	12.73706188	-0.09205534
0.34831946	12.55789097	-0.12187946	0.34914918	12.55772290	-0.12125630
0.24132520	12.85830047	-0.81450373	0.24137752	12.85802906	-0.81415319
0.34031958	12.37461859	-0.18299182	0.34193781	12.37390959	-0.18121627
0.17650218	13.06113078	-0.58844131	0.17664458	13.06073914	-0.58801719
0.20223698	12.99125070	-0.68843235	0.20232034	12.99089302	-0.68802804
0.89639282	11.96107032	-0.57108494	0.89639465	11.96098369	-0.57114435
0.82721509	12.01968961	-0.45666541	0.82722307	12.01967714	-0.45666812
0.93992537	11.92427306	-0.70479096	0.93996993	11.92416648	-0.70487967
0.74594141	12.33171052	-1.28648317	0.74589394	12.33172092	-1.28651781
0.46146757	12.61951521	-1.16633555	0.46146274	12.61954146	-1.16632243
0.35366206	12.65799854	-1.05830185	0.35363953	12.65801843	-1.05824271
0.28746942	12.66174420	-0.96013137	0.28746417	12.66169971	-0.96000981
0.27326745	12.69180631	-0.89896217	0.27329648	12.69168272	-0.89876231
0.25675596	12.70312069	-0.88589370	0.25677518	12.70294540	-0.88561147
0.20851667	12.68894535	-0.86785563	0.20858221	12.68871074	-0.86753934
0.12019895	12.71072294	-0.75340731	0.12037222	12.71033486	-0.75297574
0.01196575	12.74406225	-0.62326873	0.01226139	12.74351712	-0.62275040
-0.19658383	12.78463208	-0.55810684	-0.19626041	12.78399867	-0.55754871
-0.29965833	12.82624411	-0.60816058	-0.29934297	12.82560869	-0.60762744
-0.48356896	12.88791098	-0.69496468	-0.48317455	12.88758481	-0.69467332
-0.56576264	12.89070863	-0.68346392	-0.56541542	12.89067574	-0.68329980
-0.71151290	12.85880725	-0.54142158	-0.71125276	12.85880970	-0.54127578
-0.18823461	12.52532625	-0.11409530	-0.18755595	12.52481025	-0.11340428
0.14215537	12.35567392	-0.13799656	0.14334051	12.35531119	-0.13672918
0.31057347	12.38342193	-0.22139746	0.31184448	12.38292276	-0.21994624
0.38354000	12.29359881	-0.19498243	0.38392249	12.29323034	-0.19475087
0.46938003	12.23716107	-0.23874921	0.46958671	12.23697929	-0.23862918
0.71411636	12.09178597	-0.37178861	0.71413204	12.09175208	-0.37178664
0.29594379	12.51449871	-0.36831820	0.29649854	12.51416974	-0.36765349
0.58431360	12.77783505	-0.54105767	0.58454436	12.77765129	-0.54089822
0.30540738	12.98921108	-0.52995427	0.30560271	12.98888932	-0.52960438
0.03418160	12.99492298	-0.26251292	0.03453810	12.99447216	-0.26204727
0.10264174	13.07749338	-0.30755894	0.10294239	13.07708150	-0.30712100
0.31985125	12.86862851	-0.29405533	0.32025264	12.86833875	-0.29367518
0.03109656	12.96751016	-0.42095536	0.03140884	12.96702211	-0.42047099
0.12452605	13.04534386	-0.41703042	0.12479580	13.04491907	-0.41658849
0.36719567	12.82351932	-0.69329373	0.36732403	12.82326210	-0.69301545
0.15880118	13.02897211	-0.17903471	0.15917668	13.02860955	-0.17861589
0.22089904	12.81503145	-0.79360264	0.22098533	12.81473070	-0.79323799
0.33036391	12.75826504	-0.53087545	0.33062906	12.75795309	-0.53052615
0.32923673	12.88684926	-0.84130115	0.32926511	12.88664158	-0.84099663
0.39491161	12.43604200	-0.24477138	0.39561705	12.43577746	-0.24409333
0.24613388	13.04675168	-0.44621077	0.24636536	13.04639995	-0.44582600
0.47691531	12.68489822	-0.66736319	0.47707404	12.68469016	-0.66716941
0.69856117	12.74947118	-0.77224578	0.69864525	12.74935461	-0.77217946
0.32825617	12.93997231	-0.19980645	0.32867449	12.93969700	-0.19945504
-0.42671182	12.91036991	-0.24428479	-0.42632410	12.90979521	-0.24386907
0.15455639	13.08145992	-0.24833960	0.15487623	13.08108723	-0.24792115
0.32449148	12.94641535	-0.68761467	0.32458515	12.94613267	-0.68729568
-0.51376557	12.91009800	-0.28456255	-0.51336588	12.90952513	-0.28419793
0.22968615	13.03152364	-0.32798047	0.22999300	13.03117980	-0.32758434
0.29112545	12.45950036	-0.20019806	0.29205719	12.45915162	-0.19926466
0.12052727	13.09874193	-0.36960270	0.12079610	13.09832970	-0.36917139
0.21151236	13.07728369	-0.48843388	0.21171016	13.07691180	-0.48803124
0.25552615	12.61268282	-0.24452716	0.25615818	12.61233524	-0.24392501
0.16894941	12.93740011	-0.50835020	0.16920539	12.93697992	-0.50791310
0.27825283	12.89109156	-0.83125858	0.27828172	12.89085267	-0.83092502
0.28497678	12.84038513	-0.83450884	0.28501791	12.84016031	-0.83419995
0.23236240	13.02193859	-0.54421523	0.23254278	13.02157230	-0.54382118
0.37709194	12.79952136	-0.19763749	0.37761603	12.79928398	-0.19726227
0.49860920	12.59224934	-0.43263235	0.49899418	12.59206166	-0.43236009
0.30591800	12.76085326	-0.88723364	0.30594744	12.76070698	-0.88700103
0.16232264	12.96466692	-0.64356790	0.16246829	12.96426629	-0.64314178
0.39217962	12.37580158	-0.22147334	0.39313227	12.37550438	-0.22064752
0.35883607	12.48383293	-0.31184738	0.35946282	12.48355388	-0.31119192
0.19605165	12.86853792	-0.18653096	0.19650818	12.86819530	-0.18609568
0.38984149	12.73021450	-0.90965436	0.38986521	12.73012999	-0.90951810
0.29762041	12.79307283	-0.84861999	0.29766519	12.79287442	-0.84834691
0.14688529	13.11382438	-0.28063956	0.14717919	13.11344196	-0.28022032
0.41564003	12.60685867	-0.24703027	0.41622167	12.60665441	-0.24660660
0.21611992	12.86004258	-0.77029418	0.21620232	12.85972202	-0.76991512
0.42827679	12.71322746	-0.82677936	0.42834208	12.71306568	-0.82661860
0.82754122	12.74518614	-0.86756760	0.82759235	12.74510636	-0.86755637
0.56638781	12.79141446	-0.92693864	0.56639937	12.79132407	-0.92681349
0.34201128	12.68623734	-0.19864479	0.34261351	12.68598011	-0.19816581
0.25208487	12.76307489	-0.18114618	0.25262492	12.76277754	-0.18066978
