0.85361828	12.73496997	-0.42111601	0.85395863	12.73475105	-0.42124121
0.82601833	12.87326439	-0.44954680	0.82648881	12.87305671	-0.44966760
0.90176464	12.83143275	-0.54805649	0.90217585	12.83116529	-0.54820020
0.93245041	12.69811050	-0.53366991	0.93273632	12.69782869	-0.53381785
0.78445613	12.96449688	-0.50963438	0.78501199	12.96432216	-0.50974523
0.86410171	12.91778387	-0.59081690	0.86459081	12.91754133	-0.59095386
0.91282833	12.87446752	-0.65135088	0.91325364	12.87418110	-0.65150349
0.95048810	12.80432988	-0.64576675	0.95084604	12.80401746	-0.64592559
0.98324615	12.67507829	-0.64688809	0.98348763	12.67474911	-0.64704778
0.71888304	12.76519618	-1.16484886	0.71904978	12.76504402	-1.16493994
0.84092610	12.71382650	-1.14332757	0.84106814	12.71358330	-1.14344903
0.81062052	12.82057653	-1.07458236	0.81087350	12.82035650	-1.07471093
0.68902586	12.86782791	-1.09121471	0.68931791	12.86770279	-1.09131901
0.94193556	12.67933489	-1.08072766	0.94206808	12.67901203	-1.08087543
0.91002683	12.79067363	-1.02206166	0.91027176	12.79037713	-1.02221526
0.87128970	12.85948690	-0.97136352	0.87161442	12.85922168	-0.97151280
0.79296002	12.90101921	-0.98657140	0.79332077	12.90081447	-0.98670265
0.67175102	12.94807702	-0.99186196	0.67216712	12.94797352	-0.99196968
0.59956790	12.83394748	-0.20873184	0.60003241	12.83392021	-0.20880244
0.58256038	12.97117853	-0.25595331	0.58316908	12.97117262	-0.25600281
0.71618309	12.92248176	-0.34903599	0.71672226	12.92236133	-0.34912321
0.73637490	12.78299793	-0.30893652	0.73677423	12.78286760	-0.30903434
0.55289840	13.05805665	-0.34006402	0.55359517	13.05808989	-0.34009886
0.68093935	13.01325877	-0.42455814	0.68156770	13.01317343	-0.42463270
0.47153189	12.88334260	-1.06433883	0.47187610	12.88343288	-1.06439801
0.59632744	12.82713602	-1.13702485	0.59656100	12.82708172	-1.13709134
0.56727906	12.92020791	-1.06471694	0.56765326	12.92019506	-1.06479754
0.44462452	12.96682950	-0.98965961	0.44511486	12.96698830	-0.98972592
0.54856911	12.99556923	-0.96300322	0.54908274	12.99560877	-0.96308995
0.42505722	13.03745562	-0.88676200	0.42567917	13.03770006	-0.88682409
-0.00971309	12.99283313	-0.06678616	-0.00907337	12.99340107	-0.06677183
-0.13810416	13.00538697	-0.08895530	-0.13745630	13.00610001	-0.08894000
-0.14013673	13.07896165	-0.13523462	-0.13940854	13.07969029	-0.13519691
-0.01522245	13.08031568	-0.11041415	-0.01448780	13.08090067	-0.11037513
-0.25688674	13.00773734	-0.12544179	-0.25623992	13.00858889	-0.12543440
-0.25746385	13.06930529	-0.17365314	-0.25674822	13.07017056	-0.17362614
-0.25842972	13.11074017	-0.23902066	-0.25766658	13.11162781	-0.23897913
-0.14178421	13.12613680	-0.20121072	-0.14100205	13.12688721	-0.20115774
-0.01978981	13.13459030	-0.17605287	-0.01899482	13.13519841	-0.17599681
0.03609988	12.98144583	-0.59106684	0.03671069	12.98211930	-0.59104533
0.02145931	13.04373639	-0.56524527	0.02214547	13.04441926	-0.56520611
-0.05968223	13.04600612	-0.55491257	-0.05898376	13.04677793	-0.55487232
-0.04576398	12.98987149	-0.57076473	-0.04513184	12.99063147	-0.57074201
0.00208317	13.09744678	-0.51764874	0.00283443	13.09813602	-0.51759385
-0.08106366	13.09218786	-0.51905103	-0.08031290	13.09297212	-0.51899850
-0.17473267	13.08534891	-0.53541382	-0.17398095	13.08624654	-0.53537144
-0.15223033	13.04447442	-0.57142691	-0.15152207	13.04535962	-0.57139693
-0.13771563	12.99335625	-0.58905556	-0.13706465	12.99423026	-0.58904198
0.98674951	12.28639792	-0.67305408	0.98668662	12.28610051	-0.67319916
0.96469345	12.06777753	-0.68876911	0.96449416	12.06750938	-0.68888099
0.91296271	12.09534139	-0.55330058	0.91287014	12.09516711	-0.55339035
0.92846203	12.30172078	-0.53772422	0.92844826	12.30149825	-0.53784290
0.83546922	12.14605791	-0.43185202	0.83543523	12.14598078	-0.43191182
0.84323749	12.32756968	-0.41229283	0.84325517	12.32742188	-0.41239214
0.97833322	12.37711677	-1.14256000	0.97819479	12.37676100	-1.14269858
0.88378076	12.43837342	-1.21138220	0.88367873	12.43809491	-1.21149419
0.87781279	12.27891799	-1.23616186	0.87756365	12.27864227	-1.23626340
0.96935087	12.18590059	-1.15782368	0.96904596	12.18554995	-1.15794604
0.75725105	12.51567430	-1.23988433	0.75722948	12.51552080	-1.23995824
0.75230559	12.39551398	-1.27130014	0.75215308	12.39535939	-1.27136887
0.86472250	12.17430812	-1.24391799	0.86437984	12.17404041	-1.24400668
0.94949392	12.05143062	-1.15574857	0.94907828	12.05109428	-1.15584832
0.99416231	12.49517374	-0.65825165	0.99425206	12.49485276	-0.65840391
0.93775315	12.51160836	-0.53171468	0.93787874	12.51133988	-0.53185354
0.85376698	12.54070512	-0.40971579	0.85392861	12.54050380	-0.40983957
0.86847007	12.58499815	-1.18453207	0.86850314	12.58473998	-1.18464512
0.96732337	12.54156673	-1.11895981	0.96733134	12.54122153	-1.11910491
0.74356460	12.64350945	-1.20931746	0.74363138	12.64335900	-1.20940439
0.60022956	12.42005979	-0.22680230	0.60029461	12.42005129	-0.22688640
0.60210490	12.63464468	-0.20417369	0.60236942	12.63462248	-0.20425761
0.73508223	12.58418602	-0.29857294	0.73528770	12.58407496	-0.29868248
0.72735378	12.37032782	-0.30934428	0.72739619	12.37025533	-0.30942648
0.46973882	12.70520184	-1.15073567	0.46982067	12.70521861	-1.15074315
0.61243499	12.61472634	-1.21962803	0.61246587	12.61469182	-1.21965650
0.60992015	12.71868607	-1.18618947	0.61001938	12.71861934	-1.18622899
0.47623072	12.78948234	-1.11731848	0.47643086	12.78951491	-1.11734286
0.58646226	12.17493870	-0.30191346	0.58645826	12.17494600	-0.30192109
0.59692329	12.28082772	-0.26318882	0.59691580	12.28082578	-0.26323982
0.72291971	12.21592194	-0.33826563	0.72290150	12.21588417	-0.33831393
0.60036798	12.48684283	-1.25183051	0.60031940	12.48683237	-1.25182795
0.60678851	12.53414138	-1.24361502	0.60677353	12.53411830	-1.24362021
0.46304916	12.64947178	-1.16638557	0.46307881	12.64949219	-1.16639071
-0.00317815	12.71505632	-0.06688745	-0.00283826	12.71562041	-0.06694067
-0.15131785	12.78447314	-0.07409847	-0.15091018	12.78519984	-0.07414425
-0.14070573	12.90716056	-0.07109976	-0.14016492	12.90787212	-0.07111158
-0.00259819	12.86937018	-0.05557136	-0.00209195	12.86992977	-0.05559055
-0.28690365	12.83634325	-0.09868606	-0.28644507	12.83722353	-0.09873120
-0.26781041	12.93132933	-0.10216986	-0.26724790	12.93218760	-0.10218686
0.03102504	12.85233853	-0.62088910	0.03147927	12.85302896	-0.62090058
0.03777207	12.91749725	-0.60786462	0.03830635	12.91817462	-0.60785913
-0.04324456	12.92814667	-0.58040164	-0.04268473	12.92890412	-0.58039622
-0.05188841	12.86341327	-0.58478520	-0.05140167	12.86418025	-0.58479988
-0.13481900	12.93609816	-0.59755903	-0.13423225	12.93697077	-0.59756383
-0.14483349	12.87532664	-0.59671609	-0.14431732	12.87621023	-0.59674205
-0.03456542	12.41973766	-0.12242866	-0.03453707	12.42034825	-0.12254291
-0.17326377	12.63757278	-0.09256106	-0.17301057	12.63833074	-0.09264028
-0.01896080	12.54464661	-0.09152281	-0.01879879	12.54523427	-0.09161140
-0.32451078	12.63122612	-0.13142433	-0.32426706	12.63216002	-0.13151634
-0.31037338	12.71881372	-0.11098291	-0.31003943	12.71972593	-0.11105902
0.02045182	12.78645708	-0.63346198	0.02082292	12.78717367	-0.63350218
-0.07166841	12.79709159	-0.58244804	-0.07125888	12.79788081	-0.58249022
-0.08957400	12.76996524	-0.56262493	-0.08919614	12.77076743	-0.56268127
-0.16912365	12.81280972	-0.58500045	-0.16867798	12.81371762	-0.58505426
-0.37919390	13.00554236	-0.17488826	-0.37855095	13.00654001	-0.17489746
-0.37108351	13.05583491	-0.22044544	-0.37038314	13.05683676	-0.22043667
-0.48906707	12.99935514	-0.23175635	-0.48843069	13.00048409	-0.23178448
-0.46909833	13.04018235	-0.27254940	-0.46841306	13.04130325	-0.27256000
-0.44679611	13.07354968	-0.32263678	-0.44606944	13.07466377	-0.32263195
-0.36093020	13.09308785	-0.27940096	-0.36018465	13.09409790	-0.27937768
-0.25659304	13.04250480	-0.59122109	-0.25587671	13.04351570	-0.59120308
-0.24232142	12.99736866	-0.61634317	-0.24165267	12.99837384	-0.61634019
-0.27679698	13.07879947	-0.55067303	-0.27604488	13.07981678	-0.55064398
-0.37153482	13.07042026	-0.55953755	-0.37078658	13.07154461	-0.55952443
-0.35667010	13.03932070	-0.60449034	-0.35594994	13.04044683	-0.60448786
-0.34707049	13.00110336	-0.63844437	-0.34638682	13.00223254	-0.63845602
-0.24382581	12.94893932	-0.63238836	-0.24320884	12.94995275	-0.63240445
-0.35461010	12.96228064	-0.66337180	-0.35396576	12.96342781	-0.66340126
-0.36941040	12.92503025	-0.67763842	-0.36880266	12.92619860	-0.67768589
-0.25669691	12.89945606	-0.63713837	-0.25613211	12.90048610	-0.63717649
-0.53374329	12.89371858	-0.19160456	-0.53322345	12.89488578	-0.19167468
-0.55420532	12.77178640	-0.19759390	-0.55381341	12.77298106	-0.19769684
-0.63003187	12.80896745	-0.25513223	-0.62959235	12.81025383	-0.25524707
-0.61162529	12.90490391	-0.25400045	-0.61108560	12.90616757	-0.25408398
-0.56261069	12.66713136	-0.21523308	-0.56232820	12.66834124	-0.21535084
-0.63758860	12.72640896	-0.26729551	-0.63723345	12.72770970	-0.26742600
-0.68560192	12.79647885	-0.33727525	-0.68516042	12.79784646	-0.33741147
-0.67919463	12.84875389	-0.33132143	-0.67870146	12.85011166	-0.33143958
-0.66302353	12.91180273	-0.33270470	-0.66246405	12.91314379	-0.33279569
-0.45336210	12.65653860	-0.16724029	-0.45309456	12.65762176	-0.16734172
-0.44184253	12.75265646	-0.14789043	-0.44147429	12.75372013	-0.14797599
-0.41918741	12.87182366	-0.13906537	-0.41869288	12.87285758	-0.13912022
-0.46523210	12.94083582	-0.68866836	-0.46460158	12.94211640	-0.68872744
-0.47216577	12.91385577	-0.69935150	-0.47156351	12.91514875	-0.69942421
-0.38162981	12.89174384	-0.67962514	-0.38105709	12.89292559	-0.67968841
-0.55182954	12.94594983	-0.66884392	-0.55119651	12.94732569	-0.66891638
-0.55659768	12.91926454	-0.68370111	-0.55599342	12.92065402	-0.68378741
-0.39250147	12.87492639	-0.66929913	-0.39194909	12.87611588	-0.66937142
-0.27655202	12.85124677	-0.62952864	-0.27604102	12.85229596	-0.62958909
0.90228898	12.88256464	-0.90268014	0.90265745	12.88227613	-0.90283777
0.80305649	12.95039478	-0.88849685	0.80349983	12.95018789	-0.88863456
0.91900750	12.89685782	-0.81386520	0.91941597	12.89655880	-0.81402213
0.82467341	12.97016215	-0.78391230	0.82516301	12.96994238	-0.78405279
0.71511533	13.02700478	-0.74223125	0.71570085	13.02689517	-0.74233319
0.68507011	13.00299593	-0.87160367	0.68558986	13.00290074	-0.87171474
0.92007764	12.89308728	-0.72194682	0.92050241	12.89279107	-0.72210387
0.84173947	12.96131291	-0.67731033	0.84225114	12.96108171	-0.67744772
0.74789397	13.01484376	-0.61499459	0.74848941	13.01470674	-0.61510114
1.00178505	12.66836197	-0.98617074	1.00193565	12.66799445	-0.98634078
0.96512324	12.79019467	-0.94105827	0.96539226	12.78985573	-0.94122734
1.02507081	12.66875567	-0.87482597	1.02525119	12.66837689	-0.87500139
0.98513541	12.79947325	-0.84423907	0.98543927	12.79912193	-0.84441175
1.01652216	12.66798456	-0.76141672	1.01673102	12.66762249	-0.76158722
0.97930533	12.79915249	-0.74477986	0.97963386	12.79881099	-0.74494818
0.56590193	13.05009909	-0.82618339	0.56651714	13.05014484	-0.82626100
0.60259854	13.07526905	-0.67708171	0.60326509	13.07528140	-0.67715242
0.47898417	13.11523681	-0.59410624	0.47972524	13.11538891	-0.59413061
0.44211766	13.08969047	-0.74617031	0.44281543	13.08990482	-0.74620036
0.64204758	13.06345605	-0.53891657	0.64272014	13.06341881	-0.53898511
0.51710170	13.10538089	-0.45599331	0.51784302	13.10547088	-0.45601970
-0.38007855	13.08777499	-0.50160627	-0.37931836	13.08888537	-0.50158683
-0.46367323	13.06955418	-0.51443678	-0.46292803	13.07075985	-0.51443628
-0.44371066	13.05822237	-0.55676740	-0.44297262	13.05942390	-0.55676926
-0.39224140	13.09372081	-0.43858345	-0.39148233	13.09481918	-0.43856299
-0.48592377	13.07140005	-0.46999003	-0.48518171	13.07261121	-0.46999133
-0.57035902	13.04524232	-0.49939390	-0.56963829	13.04655807	-0.49941852
-0.53265544	13.04722769	-0.53184519	-0.53192938	13.04851645	-0.53186383
-0.49489981	13.04561735	-0.55796769	-0.49417306	13.04687505	-0.55798178
-0.41781361	13.09021721	-0.37844831	-0.41706351	13.09132013	-0.37843269
-0.49984513	13.06711761	-0.41868386	-0.49911324	13.06832238	-0.41868824
-0.51489386	13.05254074	-0.36787388	-0.51418416	13.05374174	-0.36788684
-0.56050837	13.03574595	-0.40034948	-0.55981205	13.03700758	-0.40037531
-0.57228005	13.04095279	-0.44894180	-0.57157074	13.04224825	-0.44896783
-0.01359552	13.13591498	-0.43563218	-0.01279922	13.13659385	-0.43556779
-0.10550070	13.12410408	-0.44841119	-0.10471571	13.12489201	-0.44835172
-0.02303884	13.15695273	-0.34030511	-0.02221807	13.15761434	-0.34023867
-0.12641932	13.14147469	-0.36189122	-0.12561627	13.14225799	-0.36182873
-0.22774969	13.12481449	-0.39327116	-0.22696301	13.12571871	-0.39321910
-0.20166282	13.11154224	-0.47160795	-0.20088657	13.11244643	-0.47155841
-0.02373604	13.15834338	-0.25321617	-0.02291402	13.15897887	-0.25315107
-0.13789212	13.14454725	-0.27814599	-0.13708745	13.14531684	-0.27808541
-0.24767137	13.12686705	-0.31380625	-0.24688692	13.12776648	-0.31375725
0.98707788	11.97226362	-1.05937592	0.98663109	11.97190521	-1.05947414
1.01051878	12.11699335	-1.05772440	1.01019131	12.11661781	-1.05785365
0.98961190	11.92746147	-0.95385624	0.98917382	11.92711510	-0.95394503
1.01647997	12.07388102	-0.94346240	1.01616145	12.07351570	-0.94358947
1.03708766	12.29139418	-0.92823123	1.03694310	12.29101244	-0.92838657
1.02574877	12.32594472	-1.04412435	1.02559725	12.32555813	-1.04427638
0.97124683	11.91121540	-0.83476275	0.97085151	11.91090334	-0.83483685
1.00011987	12.05895769	-0.81996531	0.99984045	12.05862696	-0.82008494
1.02354792	12.28066982	-0.80386201	1.02343530	12.28032073	-0.80401540
1.02274806	12.51172988	-1.01984936	1.02275846	12.51134531	-1.02001281
1.04144257	12.49418583	-0.90468593	1.04146866	12.49379740	-0.90485290
1.03034717	12.48895959	-0.78333553	1.03040092	12.48859345	-0.78349758
-0.63793777	12.94057241	-0.61665490	-0.63731907	12.94203166	-0.61674030
-0.64472945	12.91078650	-0.62866708	-0.64414577	12.91226253	-0.62876927
-0.69594079	12.93028872	-0.53701710	-0.69534379	12.93177569	-0.53710902
-0.70643738	12.89410343	-0.54309857	-0.70588348	12.89560925	-0.54321090
-0.64656564	12.88738416	-0.63011608	-0.64601050	12.88886420	-0.63023086
-0.69786193	12.92051021	-0.43478871	-0.69728193	12.92193515	-0.43488325
-0.71145257	12.87544328	-0.43583142	-0.71091920	12.87688342	-0.43594738
-0.71448304	12.83974336	-0.43761295	-0.71398818	12.84118929	-0.43774797
-0.29307869	13.10060757	-0.48832588	-0.29230949	13.10161866	-0.48829076
-0.31131546	13.11017997	-0.41595551	-0.31054076	13.11118407	-0.41591949
-0.33748253	13.10943368	-0.34553920	-0.33671490	13.11044060	-0.34550734
-0.59130945	12.95726112	-0.26659753	-0.59071342	12.95850669	-0.26665989
-0.51103310	12.95996412	-0.20388371	-0.51044221	12.96110850	-0.20392927
-0.64524577	12.95196677	-0.34181725	-0.64464398	12.95329297	-0.34189095
-0.62194102	12.98152910	-0.35857219	-0.62130722	12.98283761	-0.35863145
-0.56808939	12.98923267	-0.29080601	-0.56745603	12.99046141	-0.29085172
-0.39655644	12.95013803	-0.14804506	-0.39597585	12.95114762	-0.14807339
-0.45215712	12.97179015	-0.67017896	-0.45149561	12.97304807	-0.67022156
-0.44023334	13.00401778	-0.64184265	-0.43954226	13.00525101	-0.64186876
-0.52439751	13.00307169	-0.62489557	-0.52370694	13.00439313	-0.62493598
-0.54033188	12.97472615	-0.65095576	-0.53966891	12.97607882	-0.65101208
-0.65452450	12.98741533	-0.52516665	-0.65386216	12.98884222	-0.52522591
-0.67888946	12.95995709	-0.53158036	-0.67825828	12.96141888	-0.53165580
-0.62415836	12.96884835	-0.60378403	-0.62350778	12.97028198	-0.60385257
-0.60326346	12.99600312	-0.58587905	-0.60258450	12.99740116	-0.58593134
-0.62240931	13.01654685	-0.51611658	-0.62171653	13.01793122	-0.51615943
-0.57596904	13.02232752	-0.55877980	-0.57526530	13.02367927	-0.55881630
-0.50622498	13.02868648	-0.58551083	-0.50551257	13.02996914	-0.58553517
-0.68032712	12.95367215	-0.43728309	-0.67971120	12.95507934	-0.43735988
-0.65587961	12.98172443	-0.44311782	-0.65523235	12.98310765	-0.44317843
-0.58957060	13.01258886	-0.38280327	-0.58890092	13.01387359	-0.38284371
-0.62205683	13.01175694	-0.45203566	-0.62137729	13.01310832	-0.45207989
-0.54014748	13.02382401	-0.32489977	-0.53947378	13.02503524	-0.32492839
-0.43666438	13.03462513	-0.60165077	-0.43594601	13.03583734	-0.60166249
0.18648096	13.12323878	-0.18477359	0.18726913	13.12362394	-0.18473059
0.15724870	13.16245418	-0.26984718	0.15807866	13.16289416	-0.26978862
0.18493141	13.15023701	-0.28457743	0.18574754	13.15065107	-0.28452457
0.21842827	13.10978175	-0.19634711	0.21920167	13.11013606	-0.19631135
0.13709377	13.17006249	-0.36490147	0.13792939	13.17055195	-0.36484001
0.16321907	13.15868668	-0.38180982	0.16404087	13.15915110	-0.38175437
0.18948298	13.14135936	-0.29462173	0.19028883	13.14177113	-0.29457282
0.22277496	13.10138200	-0.20278248	0.22353907	13.10173359	-0.20274976
0.19620650	13.14900687	-0.29564142	0.19702092	13.14941147	-0.29559089
0.22823439	13.10781332	-0.19761980	0.22900657	13.10815812	-0.19758650
0.17735940	13.15677192	-0.39891631	0.17817720	13.15722539	-0.39886342
0.22152778	13.16233836	-0.42476303	0.22234897	13.16274856	-0.42471472
0.24279515	13.15401585	-0.31345057	0.24361314	13.15437417	-0.31340658
0.27421440	13.11078755	-0.20836449	0.27498879	13.11108456	-0.20833536
0.26042130	12.93570958	-0.06542943	0.26100742	12.93598652	-0.06544390
0.22441547	13.05253806	-0.11048206	0.22512835	13.05286388	-0.11046219
0.26051529	13.03951039	-0.12188164	0.26121424	13.03980052	-0.12186922
0.29987960	12.92218716	-0.07852673	0.30045151	12.92242576	-0.07854567
0.27074785	13.03743218	-0.12236747	0.27144482	13.03771200	-0.12235620
0.31107956	12.92021922	-0.08191678	0.31165023	12.92044707	-0.08193728
0.31599689	13.03562205	-0.12965935	0.31669147	13.03585456	-0.12965399
0.35482823	12.91211688	-0.08782058	0.35539012	12.91230166	-0.08784755
0.37879800	12.72311319	-0.09245725	0.37915547	12.72327586	-0.09251967
0.33885496	12.73709248	-0.08804108	0.33922723	12.73729396	-0.08809717
0.39489735	12.52776018	-0.12349324	0.39504987	12.52791011	-0.12357846
0.35757087	12.55209586	-0.11886755	0.35774846	12.55228112	-0.11894863
0.32748440	12.73935649	-0.08332809	0.32785858	12.73956794	-0.08338289
0.34540295	12.55496135	-0.11398331	0.34558253	12.55515796	-0.11406438
0.29985780	12.56902966	-0.09603584	0.30005106	12.56927086	-0.09611686
0.28557620	12.75698983	-0.06737075	0.28596847	12.75724213	-0.06742217
0.27022688	12.79133458	-0.92126792	0.27055146	12.79184140	-0.92134158
0.26130658	12.86146853	-0.89574562	0.26173757	12.86200016	-0.89579640
0.24204514	12.86758957	-0.83595895	0.24248808	12.86816754	-0.83597127
0.25201796	12.80956797	-0.86044525	0.25238480	12.81026537	-0.86049766
0.24671911	12.93301770	-0.84465270	0.24724520	12.93355446	-0.84466777
0.22663781	12.93126006	-0.78878024	0.22716631	12.93181724	-0.78877809
0.23302336	12.92663857	-0.77089624	0.23354836	12.92718523	-0.77089156
0.25324729	12.81466223	-0.83917012	0.25363614	12.81532387	-0.83919662
0.22572595	12.86848222	-0.82114942	0.22617764	12.86910909	-0.82113684
0.23034672	12.81479000	-0.84522359	0.23074746	12.81558486	-0.84526522
0.21546607	12.93075117	-0.77893702	0.21599559	12.93132388	-0.77892851
0.17486805	12.94294985	-0.76437983	0.17541050	12.94355690	-0.76436715
0.18209933	12.87723517	-0.80288063	0.18255566	12.87791114	-0.80286479
0.18310611	12.81648014	-0.82516791	0.18347099	12.81729994	-0.82520139
0.27306757	12.72046277	-0.94530073	0.27324320	12.72092715	-0.94532067
0.25863728	12.75107169	-0.88523329	0.25889764	12.75186018	-0.88530836
0.26091189	12.76713055	-0.86277670	0.26122830	12.76796094	-0.86286203
0.27907297	12.73232040	-0.87568771	0.27935182	12.73316124	-0.87575516
0.23897230	12.76325349	-0.87381429	0.23938518	12.76426494	-0.87397999
0.18922610	12.75452628	-0.85916096	0.18952585	12.75564050	-0.85938994
0.28200650	12.32962047	-0.16421895	0.28195005	12.32987379	-0.16431651
0.30018681	12.42605303	-0.13030772	0.30024114	12.42628420	-0.13039624
0.34800428	12.42404127	-0.14647945	0.34806054	12.42422032	-0.14656464
0.33303860	12.35457833	-0.17906518	0.33302554	12.35476022	-0.17914798
0.35211875	12.43663286	-0.15374580	0.35218800	12.43680933	-0.15382983
0.36169538	12.41697687	-0.15150219	0.36174662	12.41714367	-0.15158662
0.34764482	12.34895226	-0.18529983	0.34765744	12.34910754	-0.18537879
0.39862773	12.38342898	-0.15986048	0.39865231	12.38355663	-0.15994295
0.12642543	13.14551015	-0.47016155	0.12722892	13.14604202	-0.47010465
0.15634129	13.13209337	-0.48419264	0.15712767	13.13259479	-0.48414225
0.12976713	13.09403199	-0.57844938	0.13050358	13.09459387	-0.57840265
0.16499550	13.07858930	-0.58914746	0.16571146	13.07911465	-0.58910777
0.16831080	13.12075476	-0.49096398	0.16908354	13.12124439	-0.49091749
0.17419972	13.12709799	-0.49106682	0.17497907	13.12758090	-0.49101945
0.18403732	13.07173786	-0.58535601	0.18474458	13.07224052	-0.58532019
0.21047355	13.07721267	-0.62458979	0.21118174	13.07769809	-0.62455651
0.20989029	13.13279907	-0.52344335	0.21067247	13.13324973	-0.52340016
0.22616368	13.00793840	-0.74310266	0.22678642	13.00845908	-0.74308689
0.20431517	13.00277553	-0.69506829	0.20493375	13.00329969	-0.69504781
0.18988292	13.00596439	-0.69458292	0.19050378	13.00650574	-0.69455914
0.15163904	13.02087577	-0.68330194	0.15227762	13.02145533	-0.68327203
0.39999985	13.09228051	-0.26194673	0.40074758	13.09245538	-0.26194241
0.43450109	13.01119878	-0.17852198	0.43516441	13.01132103	-0.17853999
0.46188283	12.88016378	-0.13279068	0.46240805	12.88025111	-0.13283494
0.31933729	12.99667384	-0.86215469	0.31993297	12.99707272	-0.86218528
0.34218365	12.91737309	-0.95171870	0.34265454	12.91767513	-0.95176170
0.30158780	13.06559991	-0.74943175	0.30227804	13.06600829	-0.74942756
0.14048950	12.96425135	-0.06024520	0.14110431	12.96465416	-0.06024455
0.11938540	13.06877200	-0.10441020	0.12011337	13.06920886	-0.10437935
0.09835208	13.13270878	-0.17417551	0.09914874	13.13318728	-0.17412413
0.09367008	13.03432137	-0.62421991	0.09433288	13.03494321	-0.62418550
0.07385005	13.09921329	-0.54608221	0.07459794	13.09983005	-0.54603015
0.11235235	12.96267886	-0.67885608	0.11292205	12.96330204	-0.67883881
0.47483480	12.68502828	-0.13333822	0.47515104	12.68510353	-0.13341181
0.48279192	12.47608890	-0.16217064	0.48289987	12.47616479	-0.16225385
0.34990530	12.83555646	-1.00476717	0.35023978	12.83579206	-1.00480500
0.34936192	12.75961377	-1.03347142	0.34957520	12.75980930	-1.03348638
0.48325836	12.33854562	-0.20014775	0.48326118	12.33860644	-0.20021127
0.34664292	12.69917700	-1.05175795	0.34673863	12.69935231	-1.05174847
0.15838202	12.47442773	-0.10740868	0.15847745	12.47481792	-0.10750529
0.16538593	12.63038991	-0.07750659	0.16564124	12.63077060	-0.07757761
0.11209866	12.76366383	-0.75079333	0.11240077	12.76437675	-0.75086462
0.11328215	12.83129781	-0.72591500	0.11368778	12.83195824	-0.72593536
0.15765890	12.80964399	-0.05626500	0.15810483	12.81002937	-0.05630184
0.11610318	12.89627622	-0.70735283	0.11659274	12.89691196	-0.70734961
0.33700030	13.14650259	-0.49990673	0.33779471	13.14679977	-0.49988345
0.31123179	13.11897575	-0.62684425	0.31198696	13.11933704	-0.62682372
0.36698371	13.13746731	-0.37385363	0.36777511	13.13770460	-0.37383505
0.06989889	13.16809377	-0.34614200	0.07073226	13.16865358	-0.34607672
0.06665347	13.14488430	-0.44831915	0.06745789	13.14547832	-0.44825697
0.08116207	13.16479401	-0.25480946	0.08199295	13.16531434	-0.25474689
0.88070533	11.96505778	-0.58468269	0.88054241	11.96488855	-0.58470019
0.81676000	12.01719950	-0.47386000	0.81676000	12.01719950	-0.47386000
0.92002493	11.93662956	-0.71374506	0.91972703	11.93638201	-0.71378980
0.90774118	12.00317415	-0.71868188	0.90748207	12.00293317	-0.71873762
0.87283068	12.05038860	-0.63218028	0.87266510	12.05019879	-0.63222879
0.80515525	12.11369154	-0.52922286	0.80507302	12.11358658	-0.52927723
0.95271127	11.92870125	-0.83823155	0.95232710	11.92840191	-0.83829884
0.97169547	11.94446310	-0.94976277	0.97127240	11.94413103	-0.94984708
0.94042241	12.06266144	-0.93316166	0.94009873	12.06235649	-0.93325636
0.92630308	12.03255325	-0.81535736	0.92600869	12.03227389	-0.81543166
0.97081294	11.98667444	-1.04304153	0.97038426	11.98633170	-1.04313616
0.93636529	12.06153419	-1.12998395	0.93596691	12.06121144	-1.13008082
0.91370965	12.12441013	-1.10758802	0.91337116	12.12410944	-1.10768603
0.93763423	12.09750194	-1.03107530	0.93730055	12.09718865	-1.03117703
0.85624827	12.18018138	-1.22101294	0.85591749	12.17992318	-1.22110022
0.74079964	12.33199733	-1.27150056	0.74058520	12.33185150	-1.27156657
0.74514228	12.36025871	-1.19977811	0.74497324	12.36010941	-1.19984568
0.85489193	12.22611660	-1.15836670	0.85461987	12.22586383	-1.15845832
0.60082127	12.48295901	-1.23770171	0.60077321	12.48294929	-1.23769853
0.47119749	12.61394873	-1.15270783	0.47120556	12.61396819	-1.15271056
0.49420000	12.61570000	-1.07906000	0.49420000	12.61570000	-1.07906000
0.61447000	12.50220000	-1.16283000	0.61447000	12.50220000	-1.16283000
0.38312555	12.64850381	-1.04963536	0.38314036	12.64859479	-1.04962907
0.33226927	12.65137117	-0.95647454	0.33229730	12.65162281	-0.95644631
0.37140000	12.64100070	-0.89641000	0.37140000	12.64100070	-0.89641000
0.41679000	12.64250090	-0.98287004	0.41679000	12.64250090	-0.98287004
0.31565906	12.68599631	-0.89792787	0.31579169	12.68638771	-0.89794405
0.31274516	12.71506015	-0.87150608	0.31295348	12.71553181	-0.87157700
0.34004993	12.69934727	-0.81457450	0.34022370	12.69967856	-0.81465422
0.34869521	12.67308282	-0.84166518	0.34882513	12.67332943	-0.84171466
0.30192219	12.70286000	-0.87794044	0.30200851	12.70339417	-0.87813269
0.25873713	12.70009606	-0.85184208	0.25886630	12.70112116	-0.85212807
0.29946845	12.68812341	-0.77828636	0.29962961	12.68863031	-0.77841141
0.33795946	12.68818942	-0.81385963	0.33806627	12.68854035	-0.81396540
0.15413204	12.72668695	-0.71931168	0.15439408	12.72730107	-0.71941672
0.02308790	12.77935669	-0.57758227	0.02346054	12.78003104	-0.57761947
0.02754041	12.81650881	-0.50025867	0.02797053	12.81715188	-0.50028150
0.17833695	12.74012487	-0.64284135	0.17863924	12.74064294	-0.64290003
-0.09296130	12.82242497	-0.51452037	-0.09252232	12.82321576	-0.51455205
-0.20019004	12.85470295	-0.51839593	-0.19970306	12.85562208	-0.51843571
-0.20343652	12.92295726	-0.45780074	-0.20287190	12.92385582	-0.45781387
-0.09487918	12.88155729	-0.44407745	-0.09436815	12.88232651	-0.44409026
-0.30508366	12.87554313	-0.57828100	-0.30455369	12.87660263	-0.57833496
-0.40347416	12.88698654	-0.64608604	-0.40291344	12.88817919	-0.64615539
-0.42017048	12.91459063	-0.59425986	-0.41958800	12.91578100	-0.59431928
-0.31454720	12.92850075	-0.52310526	-0.31396384	12.92954816	-0.52313635
-0.49146396	12.89041769	-0.67426189	-0.49089404	12.89172276	-0.67434878
-0.57117686	12.88693487	-0.66264817	-0.57061581	12.88833366	-0.66275245
-0.57047700	12.88929575	-0.62727167	-0.56991818	12.89067610	-0.62737356
-0.51389717	12.89804963	-0.62606348	-0.51332667	12.89936005	-0.62614976
-0.64542904	12.87856155	-0.61129977	-0.64488680	12.88003031	-0.61141832
-0.69491416	12.86216644	-0.53196767	-0.69439958	12.86365274	-0.53209789
-0.65789168	12.87828095	-0.50358951	-0.65735667	12.87970309	-0.50370327
-0.62026107	12.88769981	-0.58024729	-0.61971033	12.88911859	-0.58035619
-0.70031940	12.83481203	-0.43689479	-0.69982983	12.83624162	-0.43702989
-0.67389957	12.78776173	-0.34722140	-0.67346563	12.78911983	-0.34735669
-0.65223160	12.79432033	-0.36006883	-0.65178950	12.79566040	-0.36019808
-0.66413183	12.84101631	-0.42018368	-0.66363671	12.84239741	-0.42030717
-0.62765456	12.71311131	-0.28419490	-0.62731028	12.71440385	-0.28432418
-0.55455778	12.65224255	-0.23557662	-0.55428875	12.65344621	-0.23569316
-0.53666375	12.71156782	-0.26669206	-0.53632497	12.71275781	-0.26680129
-0.61238417	12.75532954	-0.31653737	-0.61198972	12.75661386	-0.31665939
-0.44784205	12.64696382	-0.18811230	-0.44758272	12.64804425	-0.18821371
-0.32118421	12.62587815	-0.15212161	-0.32094471	12.62681227	-0.15221413
-0.30300454	12.67959386	-0.18079203	-0.30270576	12.68051288	-0.18087374
-0.42867242	12.70448079	-0.21780861	-0.42834714	12.70554487	-0.21790038
-0.18543516	12.52099557	-0.13889843	-0.18530229	12.52177632	-0.13900105
-0.03774579	12.40452505	-0.14626088	-0.03773246	12.40514457	-0.14637899
-0.03473049	12.47431404	-0.17715388	-0.03463996	12.47493463	-0.17725555
-0.17335788	12.58372850	-0.16753637	-0.17315717	12.58450145	-0.16762532
0.12294154	12.34322226	-0.16629950	0.12289384	12.34366340	-0.16641690
0.25131238	12.32390006	-0.19105417	0.25125072	12.32419278	-0.19115501
0.23139954	12.38385409	-0.24313960	0.23141465	12.38417479	-0.24323603
0.11386746	12.41071706	-0.20758749	0.11389895	12.41117366	-0.20769296
0.30163468	12.35775431	-0.21200158	0.30162617	12.35797682	-0.21208767
0.28770029	12.44187679	-0.28142335	0.28778023	12.44213056	-0.28150262
0.27942490	12.41409239	-0.26759580	0.27947692	12.41435316	-0.26767944
0.31338055	12.34764221	-0.22429157	0.31340697	12.34781017	-0.22436157
0.34620000	12.27620000	-0.23202000	0.34620000	12.27620000	-0.23202000
0.31929853	12.33433048	-0.29180595	0.31931617	12.33449281	-0.29184366
0.28661782	12.40006871	-0.28239216	0.28667090	12.40030282	-0.28246167
0.44425997	12.21770000	-0.27141000	0.44425997	12.21770000	-0.27141000
0.57587000	12.16340070	-0.32883000	0.57587000	12.16340070	-0.32883000
0.56897941	12.24310405	-0.38354366	0.56894578	12.24310963	-0.38358365
0.42723034	12.28669460	-0.32872463	0.42720964	12.28676612	-0.32876239
0.70622003	12.08180000	-0.39380000	0.70622003	12.08180000	-0.39380000
0.69927717	12.18097994	-0.44805009	0.69922237	12.18093115	-0.44809265
0.76240135	12.39246771	-1.04895675	0.76229671	12.39229719	-1.04903219
0.86364435	12.24299688	-1.04793609	0.86342087	12.24274116	-1.04803047
0.78207979	12.37595214	-0.86097155	0.78201699	12.37577953	-0.86105947
0.87297877	12.22163062	-0.90748479	0.87278457	12.22138026	-0.90757863
0.79447547	12.26154128	-0.67327943	0.79439164	12.26138574	-0.67336330
0.87280710	12.14799050	-0.75526486	0.87261898	12.14776108	-0.75534794
0.53398958	12.60886862	-0.90335688	0.53406307	12.60888366	-0.90339476
0.64686105	12.52207879	-0.99096447	0.64686881	12.52201311	-0.99100757
0.56534526	12.53955242	-0.69228461	0.56544139	12.53958398	-0.69234860
0.67787162	12.47855183	-0.78195588	0.67790699	12.47847306	-0.78203050
0.57037607	12.38711765	-0.51205502	0.57039127	12.38713890	-0.51212115
0.69191550	12.33999781	-0.58993217	0.69189899	12.33992580	-0.59000492
-0.21448959	12.91772770	-0.37304222	-0.21393110	12.91860827	-0.37305646
-0.10877850	12.87416057	-0.35734603	-0.10826975	12.87491629	-0.35736320
-0.23643706	12.85948548	-0.28681876	-0.23594330	12.86036248	-0.28685183
-0.13003191	12.80941394	-0.27351343	-0.12959251	12.81016814	-0.27354960
-0.01320722	12.74156276	-0.30915358	-0.01284129	12.74219228	-0.30919807
0.01054422	12.80815762	-0.40442423	0.01097536	12.80878888	-0.40445030
-0.27062772	12.76891211	-0.22439834	-0.27023137	12.76980675	-0.22445767
-0.15345195	12.69578917	-0.21174713	-0.15313102	12.69655120	-0.21181134
-0.02731019	12.60909751	-0.23282620	-0.02707780	12.60972170	-0.23289984
-0.55003870	12.91806090	-0.54492828	-0.54945568	12.91937598	-0.54500869
-0.58432045	12.91148617	-0.45332712	-0.58374996	12.91279535	-0.45341027
-0.48216279	12.93154116	-0.39185264	-0.48157941	12.93271562	-0.39190604
-0.44867207	12.94471379	-0.49728418	-0.44806639	12.94589509	-0.49733188
-0.60110410	12.83920619	-0.37451234	-0.60061545	12.84049838	-0.37461900
-0.51226044	12.82922859	-0.31591544	-0.51178985	12.83040827	-0.31600149
-0.33273127	12.94305058	-0.42933061	-0.33213926	12.94408063	-0.42935458
-0.35990066	12.90732406	-0.33089282	-0.35935213	12.90834784	-0.33092981
-0.39590699	12.80949911	-0.26264603	-0.39546526	12.81053874	-0.26271303
0.29457861	12.64406337	-0.65317537	0.29476664	12.64445445	-0.65325291
0.33592895	12.64068500	-0.67671893	0.33608345	12.64104289	-0.67680415
0.26812087	12.57567392	-0.50308396	0.26828688	12.57602102	-0.50315581
0.31444254	12.57449072	-0.51305460	0.31460277	12.57479125	-0.51313519
0.31867555	12.59229857	-0.49731114	0.31885837	12.59258612	-0.49738314
0.33725116	12.65486530	-0.66817999	0.33744003	12.65521743	-0.66825989
0.34424723	12.63748667	-0.69068509	0.34441326	12.63783855	-0.69076001
0.32097269	12.57815821	-0.51216833	0.32113939	12.57844616	-0.51224005
0.35302216	12.55850248	-0.55281460	0.35315540	12.55877212	-0.55288957
0.37335736	12.61847755	-0.74079411	0.37349052	12.61878783	-0.74085286
0.32745053	12.44270859	-0.40044935	0.32752464	12.44293350	-0.40051286
0.29539015	12.48987345	-0.37732135	0.29550464	12.49014127	-0.37739287
0.28969292	12.49410455	-0.37252036	0.28980685	12.49438639	-0.37259872
0.24216492	12.48009428	-0.35640458	0.24227038	12.48042439	-0.35648054
0.44609997	12.55618827	-0.61426984	0.44621639	12.55635464	-0.61433655
0.43941516	12.62401181	-0.81551453	0.43951751	12.62416471	-0.81554415
0.43383344	12.41351682	-0.44718440	0.43387518	12.41363780	-0.44724423
0.13944257	12.64423393	-0.41123822	0.13969581	12.64471225	-0.41130089
0.16634326	12.71520999	-0.53350511	0.16664803	12.71569318	-0.53356038
0.12006301	12.52652793	-0.29577504	0.12021412	12.52699606	-0.29585818
0.16953672	13.14921248	-0.39406903	0.17034664	13.14967301	-0.39401683
0.26387493	13.03321941	-0.12903732	0.26456626	13.03350797	-0.12902644
0.30233155	12.91880920	-0.08790884	0.30290005	12.91904742	-0.08792861
0.33001977	12.73867237	-0.09381185	0.33039396	12.73888337	-0.09386620
0.34866754	12.55925996	-0.12383991	0.34885185	12.55945453	-0.12391996
0.24601672	12.86640557	-0.81490470	0.24646301	12.86696921	-0.81490834
0.33861411	12.37664133	-0.18632385	0.33863368	12.37681602	-0.18640500
0.18220930	13.06657134	-0.58816041	0.18291079	13.06707670	-0.58812559
0.20770274	12.99747857	-0.68841985	0.20831551	12.99799591	-0.68840049
0.89508192	11.95974950	-0.57129324	0.89492706	11.95957788	-0.57131778
0.82729402	12.01973267	-0.45667042	0.82730451	12.01973472	-0.45667169
0.93741263	11.92227248	-0.70519525	0.93711175	11.92201630	-0.70524756
0.74421648	12.33056711	-1.28700949	0.74399562	12.33041775	-1.28707646
0.46160647	12.61977767	-1.16631996	0.46161672	12.61979974	-1.16632010
0.35413562	12.65995735	-1.05814519	0.35417379	12.66010536	-1.05813262
0.28790213	12.66751128	-0.95998842	0.28795855	12.66789053	-0.95996766
0.27543234	12.70396720	-0.89919285	0.27560097	12.70464396	-0.89920063
0.26339222	12.78248478	-0.89890637	0.26392321	12.78618452	-0.89899292
0.21244119	12.70859322	-0.87805868	0.21274146	12.70980558	-0.87841094
0.12253260	12.72087159	-0.75811031	0.12278100	12.72164568	-0.75828199
0.01479562	12.75132672	-0.62575258	0.01512099	12.75204028	-0.62581482
-0.19257905	12.79163475	-0.55959691	-0.19216181	12.79256076	-0.55966315
-0.29536256	12.83350947	-0.60955510	-0.29487489	12.83457129	-0.60962590
-0.47885214	12.89555144	-0.69647206	-0.47827164	12.89685104	-0.69655443
-0.56102673	12.89836351	-0.68510438	-0.56044776	12.89975986	-0.68520171
-0.70716984	12.86649704	-0.54350543	-0.70665070	12.86800678	-0.54363439
-0.18752648	12.53063470	-0.11681234	-0.18738469	12.53141355	-0.11691351
0.14072565	12.35873401	-0.14151619	0.14069350	12.35915025	-0.14162898
0.30939872	12.38547934	-0.22444548	0.30943045	12.38568852	-0.22452491
0.38314682	12.29460900	-0.19582324	0.38314871	12.29468018	-0.19586685
0.46901238	12.23770232	-0.23928506	0.46899889	12.23773697	-0.23931981
0.71411113	12.09180543	-0.37180943	0.71411292	12.09180165	-0.37181028
0.29647224	12.51715158	-0.37053652	0.29660858	12.51742545	-0.37061027
0.58709940	12.77850658	-0.54190604	0.58745462	12.77852466	-0.54198559
0.31049274	12.99293840	-0.53006240	0.31111156	12.99326859	-0.53006616
0.03856723	12.99943887	-0.26298094	0.03921364	13.00000695	-0.26296189
0.10774573	13.08173077	-0.30750690	0.10848329	13.08223593	-0.30746817
0.32329244	12.87102019	-0.29484698	0.32379087	12.87127816	-0.29487793
0.03557591	12.97292678	-0.42152169	0.03618807	12.97354121	-0.42150564
0.12964605	13.05004383	-0.41706413	0.13034358	13.05055417	-0.41703333
0.37095397	12.82751131	-0.69405602	0.37135876	12.82780163	-0.69409664
0.16337130	13.03211655	-0.17922414	0.16405882	13.03252530	-0.17920447
0.22476855	12.82380846	-0.79418803	0.22515654	12.82443021	-0.79419194
0.33302131	12.76157825	-0.53220328	0.33336924	12.76187064	-0.53225740
0.33452444	12.89267160	-0.84207686	0.33500242	12.89305071	-0.84211852
0.39464065	12.43733157	-0.24678775	0.39471551	12.43746778	-0.24686208
0.25147209	13.05060543	-0.44611807	0.25216459	13.05098583	-0.44610119
0.47888909	12.68703848	-0.66849093	0.47912965	12.68718025	-0.66855965
0.70090844	12.74894394	-0.77317207	0.70117221	12.74883493	-0.77327719
0.33220472	12.94184933	-0.20026446	0.33278977	12.94208087	-0.20028286
-0.42304694	12.91704584	-0.24571466	-0.42249509	12.91811044	-0.24575772
0.15964906	13.08500190	-0.24824164	0.16039228	13.08543355	-0.24820658
0.32960149	12.95108127	-0.68775070	0.33015660	12.95143479	-0.68776084
-0.51002662	12.91708361	-0.28615142	-0.50946964	12.91825123	-0.28621156
0.23459017	13.03490041	-0.32802644	0.23527327	13.03527005	-0.32801073
0.29077593	12.46160443	-0.20273853	0.29087128	12.46185147	-0.20282103
0.12592524	13.10319050	-0.36938289	0.12668483	13.10369333	-0.36933815
0.21717539	13.08169498	-0.48816010	0.21790194	13.08212664	-0.48812973
0.25668116	12.61532836	-0.24652385	0.25692096	12.61563663	-0.24659354
0.17342776	12.94228919	-0.50888814	0.17399549	12.94277248	-0.50888747
0.28349449	12.89823893	-0.83179301	0.28398081	12.89872273	-0.83181405
0.28971359	12.84797295	-0.83520123	0.29014267	12.84846976	-0.83522884
0.23772083	13.02652998	-0.54419239	0.23837954	13.02695350	-0.54417812
0.37979008	12.80102686	-0.19863709	0.38022423	12.80120926	-0.19868526
0.49965470	12.59338133	-0.43399496	0.49984260	12.59346986	-0.43407169
0.30964574	12.76809541	-0.88858116	0.30994715	12.76853019	-0.88863675
0.16735541	12.97079855	-0.64380307	0.16794036	12.97134204	-0.64378909
0.39122351	12.37698454	-0.22356019	0.39124605	12.37710098	-0.22363000
0.35898580	12.48567200	-0.31394809	0.35909570	12.48586492	-0.31402375
0.19936336	12.87140285	-0.18744712	0.19987385	12.87177190	-0.18747062
0.39226538	12.73277971	-0.91034366	0.39246963	12.73293203	-0.91037460
0.30184446	12.80107163	-0.84953617	0.30221020	12.80156852	-0.84957474
0.15225274	13.11758524	-0.28036640	0.15303181	13.11803451	-0.28032063
0.41663806	12.60806641	-0.24861648	0.41686508	12.60820622	-0.24869114
0.22053327	12.86799140	-0.77059906	0.22098463	12.86857646	-0.77059077
0.43032902	12.71592169	-0.82784955	0.43053576	12.71609153	-0.82790972
0.82979598	12.74354325	-0.86855420	0.83003897	12.74332454	-0.86868350
0.56900306	12.79193720	-0.92777375	0.56925525	12.79192299	-0.92784972
0.34370690	12.68796544	-0.20012945	0.34402426	12.68817833	-0.20019070
0.25447506	12.76546991	-0.18246812	0.25487339	12.76577533	-0.18251388
