0.85170930	12.73624913	-0.42054078	0.85201224	12.73607827	-0.42068751
0.82298141	12.87446384	-0.44924026	0.82332732	12.87429845	-0.44941895
0.89914724	12.83302484	-0.54750376	0.89950648	12.83279808	-0.54767192
0.93093845	12.69979278	-0.53291796	0.93125279	12.69955386	-0.53306225
0.78058303	12.96535224	-0.50958269	0.78096415	12.96518564	-0.50978623
0.86072681	12.91913528	-0.59044808	0.86111884	12.91891480	-0.59063553
0.91001128	12.87614820	-0.65077806	0.91039806	12.87588765	-0.65095881
0.94827449	12.80620693	-0.64506365	0.94863608	12.80592785	-0.64523369
0.98202241	12.67705211	-0.64607384	0.98232217	12.67675193	-0.64622895
0.71789173	12.76575068	-1.16448925	0.71815632	12.76549881	-1.16465412
0.84014189	12.71497881	-1.14274237	0.84038347	12.71465105	-1.14291379
0.80903688	12.82153977	-1.07400155	0.80939243	12.82123950	-1.07420027
0.68702736	12.86797332	-1.09073648	0.68742622	12.86773530	-1.09093217
0.94126003	12.68106029	-1.07999246	0.94148723	12.68067569	-1.08017515
0.90853289	12.79221468	-1.02130308	0.90886716	12.79185996	-1.02149686
0.86912129	12.86079393	-0.97068202	0.86951263	12.86047514	-0.97087841
0.79041185	12.90178149	-0.98605443	0.79083116	12.90150143	-0.98625685
0.66863133	12.94789534	-0.99151539	0.66910035	12.94767116	-0.99172666
0.59682065	12.83412593	-0.20867361	0.59707389	12.83412518	-0.20888309
0.57857237	12.97108766	-0.25651374	0.57885800	12.97107632	-0.25678490
0.71267312	12.92313675	-0.34911455	0.71299278	12.92304905	-0.34932345
0.73408641	12.78373559	-0.30860326	0.73436850	12.78364894	-0.30876800
0.54805835	13.05740722	-0.34105820	0.54837720	13.05737162	-0.34137148
0.67655134	13.01349051	-0.42498129	0.67690497	13.01338911	-0.42522426
0.46888540	12.88125020	-1.06426036	0.46934063	12.88113643	-1.06451538
0.59484616	12.82680181	-1.13685097	0.59521400	12.82661794	-1.13704073
0.56441643	12.91923031	-1.06449323	0.56488159	12.91906042	-1.06471480
0.44055782	12.96371804	-0.98970848	0.44107816	12.96360528	-0.99000071
0.54438042	12.99379925	-0.96289038	0.54489963	12.99363154	-0.96313562
0.41981582	13.03286073	-0.88709280	0.42037861	13.03268919	-0.88741614
-0.01323197	12.98932581	-0.06748148	-0.01300352	12.98952150	-0.06797399
-0.14158774	13.00101436	-0.08948741	-0.14134374	13.00121644	-0.09002098
-0.14405188	13.07434475	-0.13617630	-0.14379150	13.07451525	-0.13676141
-0.01929864	13.07656515	-0.11159561	-0.01905172	13.07673559	-0.11214480
-0.26031840	13.00259677	-0.12569765	-0.26005817	13.00279022	-0.12625303
-0.26127591	13.06392787	-0.17423327	-0.26100227	13.06408695	-0.17483585
-0.26251897	13.10503354	-0.23981891	-0.26223142	13.10514354	-0.24045495
-0.14605345	13.12114538	-0.20243858	-0.14577685	13.12127044	-0.20305739
-0.02426903	13.13046746	-0.17757787	-0.02400225	13.13059675	-0.17816485
0.03199289	12.97455712	-0.59205923	0.03237684	12.97443353	-0.59256455
0.01690288	13.03699805	-0.56662583	0.01727715	13.03688536	-0.56716463
-0.06412288	13.03907707	-0.55601873	-0.06376857	13.03896574	-0.55657884
-0.04991392	12.98285134	-0.57156829	-0.04955206	12.98273562	-0.57208968
-0.00270288	13.09107719	-0.51929823	-0.00234723	13.09098787	-0.51986942
-0.08568441	13.08543393	-0.52037439	-0.08533995	13.08534326	-0.52096724
-0.17924604	13.07826059	-0.53640929	-0.17891195	13.07814702	-0.53701438
-0.15664890	13.03720609	-0.57225947	-0.15630877	13.03707058	-0.57283047
-0.14196592	12.98599367	-0.58963083	-0.14161961	12.98585243	-0.59016386
0.98776440	12.28805978	-0.67211389	0.98786180	12.28776352	-0.67222431
0.96655121	12.06918520	-0.68794120	0.96653902	12.06890422	-0.68799179
0.91406872	12.09619500	-0.55260512	0.91411059	12.09600315	-0.55264034
0.92921281	12.30292534	-0.53690347	0.92934500	12.30270310	-0.53697979
0.83615781	12.14630285	-0.43134279	0.83622422	12.14619705	-0.43136268
0.84378676	12.32828212	-0.41150668	0.84392847	12.32812974	-0.41156182
0.97952955	12.37904834	-1.14181369	0.97949743	12.37863231	-1.14196688
0.88462162	12.43976486	-1.21078926	0.88459724	12.43940662	-1.21092118
0.87969437	12.28026715	-1.23556380	0.87953517	12.27990444	-1.23565467
0.97172685	12.18777521	-1.15708609	0.97155196	12.18736106	-1.15719763
0.75747045	12.51633896	-1.23951437	0.75748972	12.51611167	-1.23960381
0.75340915	12.39610342	-1.27085896	0.75330684	12.39586232	-1.27091278
0.86731305	12.17557165	-1.24334927	0.86707269	12.17521088	-1.24340627
0.95265604	12.05320296	-1.15508979	0.95240210	12.05279649	-1.15514634
0.99410749	12.49704321	-0.65738611	0.99431402	12.49674005	-0.65751769
0.93753033	12.51318838	-0.53086989	0.93775854	12.51294868	-0.53098098
0.85331887	12.54185841	-0.40886428	0.85355215	12.54169216	-0.40896188
0.86843427	12.58625878	-1.18397750	0.86855212	12.58591473	-1.18412095
0.96749736	12.54343115	-1.11820748	0.96760209	12.54302182	-1.11837725
0.74332088	12.64406909	-1.20891933	0.74347678	12.64382240	-1.20904822
0.60047305	12.41987042	-0.22581173	0.60062121	12.41984367	-0.22586778
0.60093775	12.63470980	-0.20350051	0.60114966	12.63470135	-0.20363427
0.73434952	12.58471968	-0.29770282	0.73457795	12.58462770	-0.29780882
0.72777051	12.37053480	-0.30852673	0.72791893	12.37044921	-0.30857139
0.46924562	12.70478091	-1.15097432	0.46938720	12.70472817	-1.15106764
0.61227195	12.61480233	-1.21950270	0.61233379	12.61472465	-1.21954682
0.60933470	12.71879476	-1.18609752	0.60950143	12.71864302	-1.18619159
0.47477414	12.78860569	-1.11750066	0.47506810	12.78853247	-1.11767408
0.58657263	12.17475250	-0.30179842	0.58658792	12.17474198	-0.30179877
0.59747064	12.28057948	-0.26256239	0.59755347	12.28054990	-0.26258658
0.72354629	12.21588046	-0.33774714	0.72362338	12.21581077	-0.33776163
0.60071808	12.48675669	-1.25179774	0.60068985	12.48670480	-1.25178586
0.60691781	12.53414091	-1.24358638	0.60692293	12.53407924	-1.24359565
0.46294744	12.64915235	-1.16656454	0.46302075	12.64912248	-1.16662422
-0.00493914	12.71152220	-0.06612020	-0.00474119	12.71171500	-0.06644646
-0.15353080	12.78002781	-0.07347336	-0.15330745	12.78023963	-0.07386231
-0.14360325	12.90284023	-0.07110292	-0.14337174	12.90305474	-0.07157276
-0.00535671	12.86593287	-0.05558627	-0.00514366	12.86613295	-0.05599975
-0.28941527	12.83113193	-0.09804640	-0.28916990	12.83134541	-0.09848006
-0.27081349	12.92622908	-0.10201556	-0.27056226	12.92643928	-0.10251590
0.02806170	12.84506379	-0.62102987	0.02847036	12.84493800	-0.62148120
0.03417083	12.91044576	-0.60848307	0.03456303	12.91031649	-0.60896071
-0.04700987	12.92106182	-0.58084189	-0.04664046	12.92094807	-0.58132817
-0.05528242	12.85629347	-0.58478287	-0.05491321	12.85618342	-0.58523310
-0.13881322	12.92869874	-0.59778670	-0.13846564	12.92855562	-0.59828098
-0.14854731	12.86792493	-0.59657984	-0.14819245	12.86778434	-0.59703648
-0.03433904	12.41575402	-0.12030071	-0.03418675	12.41591713	-0.12047251
-0.17463223	12.63290431	-0.09122961	-0.17442662	12.63310278	-0.09153102
-0.01959773	12.54089236	-0.08996064	-0.01942640	12.54106961	-0.09019542
-0.32606368	12.62569120	-0.12984673	-0.32584048	12.62588280	-0.13013349
-0.31233203	12.71341668	-0.10978902	-0.31209665	12.71362336	-0.11013745
0.01806350	12.77879177	-0.63275391	0.01846749	12.77867385	-0.63317668
-0.07469249	12.78993813	-0.58188758	-0.07431963	12.78983082	-0.58230221
-0.09256804	12.76298305	-0.56181238	-0.09218781	12.76288318	-0.56221039
-0.17262877	12.80547433	-0.58448620	-0.17227036	12.80533938	-0.58490063
-0.38261300	12.99966912	-0.17481460	-0.38233657	12.99983879	-0.17537640
-0.37479768	13.04981066	-0.22062495	-0.37451159	13.04994400	-0.22122770
-0.49247287	12.99285313	-0.23127717	-0.49218093	12.99299606	-0.23183957
-0.47276466	13.03358852	-0.27232189	-0.47246752	13.03369209	-0.27291863
-0.45071213	13.06680866	-0.32263591	-0.45040958	13.06686750	-0.32326060
-0.36492171	13.08682202	-0.27981298	-0.36462711	13.08690692	-0.28044538
-0.26103644	13.03494351	-0.59166730	-0.26070908	13.03477706	-0.59225480
-0.24667579	12.98971095	-0.61658741	-0.24634567	12.98952771	-0.61713826
-0.28126689	13.07140149	-0.55125062	-0.28094310	13.07126514	-0.55186880
-0.37596913	13.06283812	-0.55970763	-0.37565314	13.06268705	-0.56032839
-0.36112023	13.03156871	-0.60454541	-0.36080578	13.03137922	-0.60513922
-0.35153049	12.99321401	-0.63834110	-0.35121971	12.99299634	-0.63890216
-0.24806439	12.94120171	-0.63236509	-0.24773256	12.94100755	-0.63287843
-0.35904221	12.95428759	-0.66305371	-0.35873165	12.95405068	-0.66358330
-0.37382523	12.91696900	-0.67709030	-0.37352232	12.91672143	-0.67758916
-0.26082459	12.89171274	-0.63683543	-0.26049337	12.89151442	-0.63731143
-0.53668239	12.88722971	-0.19053743	-0.53640188	12.88741397	-0.19100495
-0.55673316	12.76523180	-0.19599540	-0.55647110	12.76541434	-0.19635164
-0.63289624	12.80202467	-0.25342570	-0.63262886	12.80217360	-0.25380128
-0.61477039	12.89801749	-0.25270868	-0.61448453	12.89816384	-0.25317618
-0.56483695	12.66051147	-0.21320677	-0.56459187	12.66067720	-0.21346572
-0.64024454	12.71940425	-0.26525742	-0.63999779	12.71954257	-0.26554816
-0.68875549	12.78918274	-0.33533600	-0.68849743	12.78927045	-0.33568742
-0.68244741	12.84148498	-0.32958702	-0.68217426	12.84157616	-0.32999181
-0.66643023	12.90457147	-0.33124524	-0.66614407	12.90465735	-0.33171244
-0.45529492	12.65040586	-0.16547808	-0.45505106	12.65059543	-0.16575564
-0.44410664	12.74662309	-0.14653557	-0.44385200	12.74682452	-0.14689591
-0.42192004	12.86592629	-0.13826019	-0.42165455	12.86612797	-0.13871848
-0.46974207	12.93271293	-0.68792041	-0.46945778	12.93245195	-0.68842567
-0.47667887	12.90570675	-0.69847503	-0.47640249	12.90543812	-0.69895594
-0.38598582	12.88367022	-0.67887868	-0.38568634	12.88342360	-0.67935072
-0.55634678	12.93789431	-0.66787450	-0.55606681	12.93765796	-0.66837113
-0.56114332	12.91117631	-0.68262046	-0.56087109	12.91092766	-0.68309094
-0.39678949	12.86688504	-0.66844819	-0.39648810	12.86664690	-0.66890800
-0.28053209	12.84353898	-0.62894170	-0.28019828	12.84334607	-0.62938210
0.89977889	12.88410446	-0.90200994	0.90018209	12.88378476	-0.90220699
0.79982691	12.95122200	-0.88802662	0.80026893	12.95095695	-0.88823116
0.91619399	12.89855264	-0.81327312	0.91659641	12.89825208	-0.81346790
0.82113756	12.97115241	-0.78349533	0.82157932	12.97089910	-0.78369544
0.71061472	13.02696009	-0.74234004	0.71106218	13.02676241	-0.74256683
0.68105651	13.00271772	-0.87143276	0.68153276	13.00250557	-0.87165390
0.91721452	12.89479933	-0.72134785	0.91761677	12.89451820	-0.72153475
0.83807917	12.96249431	-0.67696734	0.83849928	12.96225985	-0.67716590
0.74348364	13.01520452	-0.61505340	0.74390837	13.01502177	-0.61527330
1.00102103	12.67041881	-0.98529457	1.00126690	12.67001349	-0.98548903
0.96347769	12.79208889	-0.94022449	0.96382205	12.79171927	-0.94042061
1.02415193	12.67095831	-0.87392869	1.02442515	12.67057027	-0.87411633
0.98325846	12.80153486	-0.84341006	0.98361408	12.80118333	-0.84360083
1.01546004	12.67015219	-0.76055055	1.01574618	12.66980691	-0.76072138
0.97728038	12.80121335	-0.74399925	0.97763850	12.80089416	-0.74418001
0.56089096	13.04831559	-0.82643626	0.56138706	13.04815933	-0.82668456
0.59738083	13.07405537	-0.67760488	0.59783165	13.07391238	-0.67786149
0.47320900	13.11275098	-0.59540994	0.47361224	13.11263568	-0.59576137
0.43634666	13.08599798	-0.74733608	0.43679887	13.08583738	-0.74768619
0.63704232	13.06301141	-0.53951000	0.63744006	13.06288452	-0.53976963
0.51164285	13.10388074	-0.45723009	0.51200178	13.10380529	-0.45757115
-0.38444661	13.08042236	-0.50185087	-0.38413136	13.08032174	-0.50248694
-0.46797626	13.06206707	-0.51428206	-0.46766310	13.06195939	-0.51490464
-0.44808400	13.05059275	-0.55662846	-0.44777181	13.05044582	-0.55724059
-0.39647392	13.08661803	-0.43883246	-0.39616026	13.08657355	-0.43947460
-0.49012338	13.06404360	-0.46976957	-0.48981041	13.06397827	-0.47039349
-0.57453859	13.03766743	-0.49874271	-0.57422860	13.03758542	-0.49933593
-0.53692595	13.03959153	-0.53133096	-0.53661582	13.03947587	-0.53192841
-0.49923230	13.03792285	-0.55757636	-0.49892280	13.03777829	-0.55817518
-0.42192745	13.08331460	-0.37861402	-0.42161955	13.08332338	-0.37925315
-0.50391210	13.05992526	-0.41841086	-0.50360109	13.05990729	-0.41903093
-0.51880373	13.04550263	-0.36749031	-0.51849650	13.04553135	-0.36809748
-0.56441239	13.02849356	-0.39970784	-0.56410332	13.02849968	-0.40029733
-0.57633566	13.03353868	-0.44827397	-0.57602603	13.03350230	-0.44886536
-0.01847063	13.13013892	-0.43739635	-0.01813906	13.13010193	-0.43799145
-0.11015810	13.11774464	-0.44983763	-0.10982923	13.11769921	-0.45045410
-0.02789083	13.15179922	-0.34208589	-0.02758362	13.15182049	-0.34269149
-0.13103543	13.13558828	-0.36332961	-0.13072439	13.13560188	-0.36396011
-0.23217547	13.11839127	-0.39428327	-0.23186265	13.11838356	-0.39492924
-0.20617085	13.10476432	-0.47265346	-0.20584661	13.10469676	-0.47328395
-0.02847028	13.15374501	-0.25493672	-0.02818375	13.15382372	-0.25554176
-0.14238448	13.13912632	-0.27952651	-0.14209118	13.13919836	-0.28015939
-0.25197545	13.12082143	-0.31473961	-0.25167481	13.12087465	-0.31538784
0.99042997	11.97419839	-1.05871890	0.99019098	11.97379492	-1.05876010
1.01311877	12.11906103	-1.05691101	1.01295663	12.11864592	-1.05701744
0.99284625	11.92933023	-0.95325293	0.99265656	11.92895436	-0.95327324
1.01905847	12.07589219	-0.94263455	1.01893572	12.07550377	-0.94272488
1.03851789	12.29355398	-0.92732628	1.03853002	12.29315156	-0.92747503
1.02712538	12.32812155	-1.04326917	1.02710735	12.32769833	-1.04342686
0.97422808	11.91291559	-0.83422180	0.97409188	11.91258010	-0.83421892
1.00248992	12.06076795	-0.81914708	1.00241964	12.06042372	-0.81921772
1.02483516	12.28264169	-0.80292673	1.02488838	12.28228784	-0.80305706
1.02296964	12.51389980	-1.01898996	1.02308925	12.51347762	-1.01916954
1.04166570	12.49642850	-0.90378881	1.04181429	12.49602356	-0.90395725
1.03045028	12.49112668	-0.78246003	1.03062534	12.49076809	-0.78261181
-0.64233816	12.93263906	-0.61537870	-0.64205745	12.93246566	-0.61586181
-0.64914678	12.90282485	-0.62726812	-0.64887361	12.90264200	-0.62772161
-0.70007893	12.92252714	-0.53550004	-0.69979589	12.92244022	-0.53596944
-0.71055759	12.88632587	-0.54143248	-0.71028313	12.88623594	-0.54186606
-0.65097047	12.87942295	-0.62863504	-0.65070258	12.87923946	-0.62906583
-0.70163592	12.91298094	-0.43322769	-0.70134859	12.91298403	-0.43369286
-0.71515260	12.86789617	-0.43407357	-0.71487675	12.86790133	-0.43449596
-0.71813640	12.83219605	-0.43573989	-0.71786923	12.83219983	-0.43612869
-0.29748860	13.09349158	-0.48897767	-0.29716966	13.09340512	-0.48961442
-0.31565583	13.10340081	-0.41661681	-0.31534447	13.10337272	-0.41726040
-0.34165919	13.10291640	-0.34609896	-0.34135526	13.10294786	-0.34674366
-0.59463877	12.95038574	-0.26555919	-0.59434461	12.95051675	-0.26607727
-0.51422232	12.95349954	-0.20315953	-0.51393415	12.95366978	-0.20368657
-0.64877510	12.94474285	-0.34056545	-0.64848010	12.94481663	-0.34107104
-0.62559692	12.97430047	-0.35750997	-0.62529540	12.97435426	-0.35804484
-0.57158905	12.98233985	-0.28996968	-0.57129153	12.98244444	-0.29051895
-0.39966110	12.94430957	-0.14765736	-0.39939061	12.94450007	-0.14817804
-0.45665447	12.96372828	-0.66960247	-0.45636205	12.96348137	-0.67013618
-0.44470981	12.99606256	-0.64145557	-0.44440822	12.99584002	-0.64201984
-0.52885039	12.99514451	-0.62423232	-0.52855456	12.99494313	-0.62478649
-0.54482423	12.96671551	-0.65012809	-0.54453565	12.96649356	-0.65065419
-0.65869203	12.97970648	-0.52398537	-0.65839474	12.97961955	-0.52451392
-0.68304542	12.95221968	-0.53022073	-0.68275517	12.95213339	-0.53072019
-0.62854089	12.96095194	-0.60265080	-0.62825305	12.96078732	-0.60316248
-0.60761831	12.98816459	-0.58491708	-0.60732291	12.98801218	-0.58545780
-0.62659516	13.00889124	-0.51515919	-0.62629165	13.00880567	-0.51571918
-0.58027892	13.01458577	-0.55801553	-0.57997580	13.01445304	-0.55858484
-0.51060397	13.02089246	-0.58501251	-0.51029942	13.02072403	-0.58559371
-0.68416376	12.94616012	-0.43589362	-0.68386918	12.94615740	-0.43639125
-0.65977969	12.97422771	-0.44191117	-0.65947913	12.97421432	-0.44243783
-0.59336946	13.00534168	-0.38197016	-0.59306367	13.00536866	-0.38253593
-0.62604845	13.00428270	-0.45106896	-0.62574318	13.00425428	-0.45162741
-0.54385997	13.01687600	-0.32430425	-0.54355747	13.01694659	-0.32488522
-0.44109470	13.02682535	-0.60142111	-0.44078595	13.02663828	-0.60201182
0.18172319	13.12042829	-0.18650807	0.18198595	13.12052464	-0.18700833
0.15217035	13.15888419	-0.27188160	0.15245911	13.15893706	-0.27241546
0.17985305	13.14675473	-0.28655708	0.18014516	13.14679615	-0.28707230
0.21368241	13.10710230	-0.19801379	0.21394710	13.10718687	-0.19849361
0.13182180	13.16574985	-0.36702446	0.13213581	13.16574808	-0.36757412
0.15792114	13.15441939	-0.38390823	0.15823910	13.15440678	-0.38443990
0.18442008	13.13784094	-0.29655036	0.18471431	13.13787620	-0.29705880
0.21806065	13.09869258	-0.20439489	0.21832679	13.09877337	-0.20486836
0.19105334	13.14553919	-0.29761620	0.19134909	13.14557276	-0.29812599
0.22345046	13.10520011	-0.19927000	0.22371559	13.10528199	-0.19974392
0.17198275	13.15249125	-0.40101517	0.17230563	13.15246793	-0.40153976
0.21597940	13.15825760	-0.42690415	0.21631172	13.15821834	-0.42741391
0.23748031	13.15082246	-0.31546233	0.23778104	13.15083957	-0.31595763
0.26933786	13.10849141	-0.21001998	0.26960616	13.10856197	-0.21047914
0.25704749	12.93410296	-0.06596406	0.25725945	12.93425531	-0.06632965
0.22020028	13.05044460	-0.11174272	0.22043483	13.05057707	-0.11218914
0.25635594	13.03762229	-0.12305898	0.25659335	13.03774274	-0.12348283
0.29657220	12.92077768	-0.07901287	0.29678603	12.92091516	-0.07935923
0.26657428	13.03562110	-0.12352526	0.26681168	13.03573952	-0.12394344
0.30776525	12.91887087	-0.08238800	0.30797944	12.91900372	-0.08272987
0.31177849	13.03411097	-0.13079982	0.31201811	13.03421899	-0.13120089
0.35153937	12.91104760	-0.08824646	0.35175511	12.91116810	-0.08857083
0.37698173	12.72213430	-0.09199706	0.37717282	12.72224351	-0.09222199
0.33693729	12.73585223	-0.08764934	0.33712870	12.73597372	-0.08789289
0.39456145	12.52669582	-0.12240720	0.39472324	12.52677805	-0.12253739
0.35704385	12.55081312	-0.11782634	0.35720908	12.55090877	-0.11797700
0.32555824	12.73806103	-0.08294477	0.32574947	12.73818792	-0.08319257
0.34486372	12.55362283	-0.11293765	0.34502896	12.55372420	-0.11309216
0.29922243	12.56745390	-0.09495188	0.29938785	12.56757529	-0.09512364
0.28353332	12.75549102	-0.06702382	0.28372379	12.75563486	-0.06729099
0.26763071	12.78236977	-0.92061897	0.26808293	12.78215872	-0.92098163
0.25853064	12.85224405	-0.89667368	0.25920497	12.85195369	-0.89728549
0.24380230	12.85250956	-0.84010678	0.24577877	12.85067041	-0.84137750
0.24992418	12.79661381	-0.86064696	0.25053265	12.79613947	-0.86111003
0.24297806	12.92349209	-0.84584262	0.24362598	12.92296589	-0.84633731
0.22272807	12.92229338	-0.79002494	0.22324445	12.92188859	-0.79049441
0.22924210	12.91814190	-0.77222515	0.22975937	12.91780936	-0.77270188
0.25073016	12.80270291	-0.83956999	0.25132370	12.80230843	-0.83994095
0.22407749	12.85755547	-0.82293261	0.22507569	12.85701603	-0.82349206
0.22767318	12.80085852	-0.84533131	0.22825601	12.80048454	-0.84574855
0.21179619	12.92200202	-0.78031616	0.21234389	12.92166136	-0.78081003
0.17112482	12.93431834	-0.76574525	0.17165031	12.93402304	-0.76624872
0.17973452	12.86684196	-0.80444699	0.18049306	12.86649824	-0.80500373
0.18115711	12.80333702	-0.82501166	0.18173263	12.80302643	-0.82543098
0.27181201	12.71263018	-0.94532889	0.27207298	12.71250183	-0.94558741
0.25684686	12.73625909	-0.88415274	0.25725427	12.73601580	-0.88443241
0.25891692	12.75151963	-0.86193108	0.25940633	12.75118370	-0.86224308
0.27625122	12.71532840	-0.87497133	0.27663439	12.71507214	-0.87523337
0.23621275	12.74326850	-0.87181475	0.23669102	12.74292940	-0.87213853
0.18750055	12.73567522	-0.85434505	0.18799207	12.73534517	-0.85469762
0.28296875	12.32780669	-0.16253626	0.28308743	12.32789097	-0.16260319
0.30047946	12.42444024	-0.12892376	0.30061407	12.42454206	-0.12902716
0.34826738	12.42270354	-0.14523090	0.34840136	12.42278321	-0.14532472
0.33368924	12.35318970	-0.17774829	0.33380622	12.35325652	-0.17781668
0.35228706	12.43528911	-0.15252464	0.35242670	12.43536461	-0.15262352
0.36198285	12.41568600	-0.15027791	0.36211447	12.41575771	-0.15036720
0.34804826	12.34768210	-0.18415843	0.34814628	12.34774530	-0.18421841
0.39908231	12.38234796	-0.15868611	0.39919886	12.38239916	-0.15875654
0.12111914	13.14035543	-0.47224335	0.12146491	13.14028935	-0.47278803
0.15104142	13.12702806	-0.48622042	0.15139175	13.12695361	-0.48674770
0.12468811	13.08793525	-0.58036598	0.12507679	13.08780701	-0.58089625
0.15998388	13.07260750	-0.59100765	0.16037657	13.07247317	-0.59151814
0.16305775	13.11571712	-0.49292929	0.16341037	13.11563896	-0.49344690
0.16886371	13.12211647	-0.49306375	0.16921671	13.12203841	-0.49358203
0.17904451	13.06591176	-0.58717072	0.17943590	13.06577861	-0.58767140
0.20529671	13.07123286	-0.62646211	0.20570622	13.07107660	-0.62695435
0.20434158	13.12787303	-0.52551118	0.20470614	13.12778113	-0.52601567
0.22132032	13.00037024	-0.74473062	0.22177630	13.00010645	-0.74521772
0.19976462	12.99572149	-0.69664602	0.20020817	12.99550568	-0.69713118
0.18541177	12.99883695	-0.69620372	0.18586064	12.99862548	-0.69669601
0.14711112	13.01368481	-0.68497185	0.14755455	13.01349001	-0.68547937
0.39503159	13.09071945	-0.26340101	0.39531837	13.09074709	-0.26379735
0.43027773	13.01032246	-0.17945017	0.43053430	13.01038202	-0.17979467
0.45874851	12.87966249	-0.13302953	0.45897522	12.87973402	-0.13330431
0.31446261	12.98989258	-0.86291960	0.31503016	12.98964125	-0.86330343
0.33840813	12.91231549	-0.95201063	0.33897034	12.91219738	-0.95236001
0.29590593	13.05932536	-0.75102177	0.29635136	13.05909238	-0.75145306
0.13699729	12.96182512	-0.06090592	0.13721251	12.96200287	-0.06132995
0.11519039	13.06595936	-0.10570047	0.11542763	13.06611347	-0.10619479
0.09368877	13.12935331	-0.17587087	0.09395039	13.12946813	-0.17641228
0.08910826	13.02742725	-0.62575896	0.08952115	13.02727157	-0.62628001
0.06885127	13.09300898	-0.54791601	0.06922446	13.09290222	-0.54846491
0.10845362	12.95521810	-0.68003539	0.10891212	12.95502929	-0.68053330
0.47331267	12.68455523	-0.13275295	0.47351044	12.68461885	-0.13293296
0.48275584	12.47539886	-0.16113319	0.48290940	12.47543398	-0.16122991
0.34702934	12.83159828	-1.00467472	0.34743655	12.83152745	-1.00493097
0.34749274	12.75671631	-1.03371432	0.34776300	12.75670196	-1.03393188
0.48376138	12.33784720	-0.19927652	0.48385497	12.33785143	-0.19931852
0.34588055	12.69681171	-1.05232383	0.34602714	12.69681882	-1.05248430
0.15832818	12.47187013	-0.10577674	0.15847966	12.47201457	-0.10593333
0.16426759	12.62799631	-0.07650722	0.16444332	12.62815561	-0.07674191
0.11047454	12.75419237	-0.74945325	0.11094124	12.75400527	-0.74983329
0.11082197	12.82291379	-0.72601592	0.11133060	12.82272473	-0.72645555
0.15526056	12.80731921	-0.05610143	0.15545909	12.80749408	-0.05643381
0.11289111	12.88837722	-0.70816047	0.11338372	12.88817724	-0.70863239
0.33118326	13.14297906	-0.50185322	0.33154247	13.14290164	-0.50229642
0.30539355	13.11412452	-0.62875490	0.30579552	13.11397860	-0.62919922
0.36150663	13.13495160	-0.37566145	0.36183068	13.13492563	-0.37609360
0.06479592	13.16348081	-0.34814508	0.06510515	13.16349402	-0.34872168
0.06154655	13.13949736	-0.45027599	0.06188390	13.13944710	-0.45084583
0.07621172	13.16082514	-0.25673804	0.07649754	13.16089391	-0.25730586
0.88200138	11.96593814	-0.58444218	0.88194811	11.96576258	-0.58441410
0.81676000	12.01719950	-0.47386000	0.81676000	12.01719950	-0.47386000
0.92238042	11.93794212	-0.71335279	0.92230094	11.93767775	-0.71333122
0.90993734	12.00444791	-0.71823608	0.90988535	12.00418407	-0.71824105
0.87440921	12.05136779	-0.63179099	0.87440290	12.05116142	-0.63180370
0.80616597	12.11418366	-0.52877680	0.80620870	12.11406529	-0.52880144
0.95564119	11.93033676	-0.83773360	0.95551018	11.93000720	-0.83772946
0.97485164	11.94625351	-0.94918282	0.97467112	11.94588607	-0.94920002
0.94303422	12.06428683	-0.93251517	0.94291350	12.06394104	-0.93256318
0.92874947	12.03406465	-0.81481306	0.92867070	12.03375616	-0.81484183
0.97405661	11.98852055	-1.04240898	0.97383439	11.98812965	-1.04244614
0.93942228	12.06322202	-1.12934230	0.93918871	12.06283066	-1.12939592
0.91636073	12.12594912	-1.10695708	0.91617643	12.12558063	-1.10702226
0.94028806	12.09915368	-1.03040342	0.94013098	12.09878890	-1.03047013
0.85876637	12.18138773	-1.22045533	0.85854439	12.18103924	-1.22051025
0.74235077	12.33250230	-1.27104972	0.74219558	12.33226766	-1.27108567
0.74642495	12.36083931	-1.19934768	0.74632886	12.36061424	-1.19939856
0.85702490	12.22731912	-1.15780970	0.85687191	12.22698647	-1.15787972
0.60117713	12.48286893	-1.23767402	0.60114973	12.48282209	-1.23766074
0.47121752	12.61368264	-1.15283538	0.47125558	12.61366533	-1.15287423
0.49420000	12.61570000	-1.07906000	0.49420000	12.61570000	-1.07906000
0.61447000	12.50220000	-1.16283000	0.61447000	12.50220000	-1.16283000
0.38315069	12.64731323	-1.04999290	0.38321190	12.64731543	-1.05007069
0.33245164	12.64730100	-0.95738641	0.33256573	12.64722787	-0.95753909
0.37140000	12.64100070	-0.89641000	0.37140000	12.64100070	-0.89641000
0.41679000	12.64250090	-0.98287004	0.41679000	12.64250090	-0.98287004
0.31476081	12.67873915	-0.89803438	0.31498038	12.67860737	-0.89822581
0.31113908	12.70600043	-0.87064387	0.31148195	12.70580862	-0.87085697
0.33949404	12.69385714	-0.81321655	0.33987072	12.69367110	-0.81337249
0.34826820	12.66898295	-0.84068801	0.34852598	12.66885901	-0.84078447
0.30225424	12.69324175	-0.87454776	0.30262855	12.69303528	-0.87476651
0.25925820	12.68271493	-0.84512241	0.25967530	12.68240344	-0.84535249
0.29934764	12.68016317	-0.77550800	0.29972790	12.67992938	-0.77568896
0.33841436	12.68245160	-0.81188263	0.33881261	12.68226411	-0.81204102
0.15281763	12.71865744	-0.71727479	0.15323994	12.71847806	-0.71760847
0.02060794	12.77270419	-0.57697138	0.02098752	12.77261400	-0.57738573
0.02464249	12.81048721	-0.50007584	0.02498368	12.81043006	-0.50048727
0.17668476	12.73393766	-0.64194608	0.17708080	12.73379800	-0.64227451
-0.09617775	12.81570398	-0.51420899	-0.09582005	12.81562862	-0.51463720
-0.20372726	12.84762622	-0.51805259	-0.20338433	12.84753103	-0.51850036
-0.20713774	12.91619460	-0.45779702	-0.20681627	12.91614374	-0.45829217
-0.09828463	12.87527322	-0.44411194	-0.09795894	12.87524004	-0.44456914
-0.30901209	12.86799602	-0.57773149	-0.30868470	12.86784027	-0.57819360
-0.40774758	12.87903123	-0.64527753	-0.40744706	12.87881162	-0.64574504
-0.42437109	12.90682039	-0.59356543	-0.42406715	12.90664270	-0.59405541
-0.31848404	12.92116310	-0.52279324	-0.31816460	12.92104985	-0.52329880
-0.49591147	12.88235863	-0.67325470	-0.49563384	12.88211462	-0.67371289
-0.57565781	12.87892063	-0.66141606	-0.57538931	12.87869387	-0.66185523
-0.57484150	12.88137663	-0.62605039	-0.57456682	12.88118228	-0.62649391
-0.51822539	12.89014275	-0.62503023	-0.51794082	12.88994347	-0.62549180
-0.64976194	12.87065352	-0.60979628	-0.64949401	12.87048733	-0.61021972
-0.69895919	12.85443132	-0.53025283	-0.69869115	12.85434855	-0.53065797
-0.66185091	12.87064044	-0.50204646	-0.66157603	12.87057416	-0.50247441
-0.62449085	12.87988711	-0.57886366	-0.62421651	12.87974459	-0.57930092
-0.70396073	12.82728285	-0.43505794	-0.70369481	12.82728364	-0.43544402
-0.67706673	12.78045924	-0.34529167	-0.67681194	12.78053472	-0.34563634
-0.65546218	12.78702331	-0.35823886	-0.65520569	12.78708144	-0.35859288
-0.66771318	12.83356460	-0.41848871	-0.66744507	12.83357160	-0.41888614
-0.63033015	12.70607586	-0.28213486	-0.63009020	12.70619604	-0.28241437
-0.55680811	12.64557753	-0.23351493	-0.55656860	12.64572322	-0.23376118
-0.53922274	12.70483496	-0.26490217	-0.53898088	12.70495256	-0.26520665
-0.61531909	12.74823306	-0.31469263	-0.61507145	12.74832080	-0.31501760
-0.44980449	12.64077930	-0.18632268	-0.44956406	12.64095147	-0.18659342
-0.32273376	12.62026825	-0.15051381	-0.32251132	12.62044784	-0.15079895
-0.30491542	12.67393189	-0.17943264	-0.30468511	12.67409123	-0.17975438
-0.43094198	12.69823465	-0.21628264	-0.43069809	12.69837908	-0.21660697
-0.18608213	12.51605004	-0.13701955	-0.18589586	12.51622404	-0.13726001
-0.03744107	12.40042020	-0.14405989	-0.03728790	12.40057187	-0.14422506
-0.03496212	12.47008400	-0.17524494	-0.03478835	12.47021978	-0.17544626
-0.17447017	12.57871910	-0.16593223	-0.17426824	12.57887655	-0.16620592
0.12376412	12.34018838	-0.16413963	0.12389869	12.34030669	-0.16423972
0.25225636	12.32176815	-0.18925738	0.25238075	12.32184645	-0.18932747
0.23176264	12.38139325	-0.24143259	0.23191225	12.38145470	-0.24153102
0.11410326	12.40743740	-0.20565523	0.11426142	12.40753785	-0.20579153
0.30219054	12.35604308	-0.21055200	0.30231874	12.35610408	-0.21062842
0.28766326	12.43975891	-0.28007288	0.28783430	12.43979840	-0.28018650
0.27955557	12.41197451	-0.26615210	0.27971531	12.41202013	-0.26625460
0.31362219	12.34636666	-0.22314311	0.31372877	12.34642545	-0.22321071
0.34620000	12.27620000	-0.23202000	0.34620000	12.27620000	-0.23202000
0.31957713	12.33306563	-0.29096420	0.31969195	12.33308833	-0.29102322
0.28674008	12.39817758	-0.28114609	0.28689138	12.39821918	-0.28124146
0.44425997	12.21770000	-0.27141000	0.44425997	12.21770000	-0.27141000
0.57587000	12.16340070	-0.32883000	0.57587000	12.16340070	-0.32883000
0.56968699	12.24285687	-0.38298900	0.56976647	12.24281611	-0.38300586
0.42779721	12.28601141	-0.32803911	0.42788048	12.28599967	-0.32806633
0.70622003	12.08180000	-0.39380000	0.70622003	12.08180000	-0.39380000
0.70014704	12.18107634	-0.44758944	0.70021139	12.18100099	-0.44760318
0.76344181	12.39305270	-1.04855042	0.76345270	12.39279495	-1.04863406
0.86553846	12.24422589	-1.04736097	0.86546108	12.24390195	-1.04743811
0.78302654	12.37656507	-0.86043401	0.78312336	12.37631924	-0.86052602
0.87478135	12.22286091	-0.90687224	0.87476174	12.22255735	-0.90694097
0.79566607	12.26216602	-0.67262560	0.79575942	12.26196420	-0.67268232
0.87463714	12.14914134	-0.75466090	0.87464342	12.14887922	-0.75470778
0.53401032	12.60783482	-0.90321845	0.53422294	12.60768669	-0.90332456
0.64721158	12.52192820	-0.99078990	0.64733260	12.52176191	-0.99086368
0.56538393	12.53833611	-0.69170523	0.56564051	12.53819064	-0.69180620
0.67821727	12.47837490	-0.78145706	0.67841385	12.47818650	-0.78155267
0.57097240	12.38638443	-0.51124425	0.57114547	12.38629052	-0.51130142
0.69269628	12.33999183	-0.58926113	0.69284589	12.33984942	-0.58931537
-0.21796203	12.91142152	-0.37297814	-0.21766260	12.91143382	-0.37347021
-0.11201026	12.86841591	-0.35727772	-0.11171704	12.86843958	-0.35772609
-0.23943971	12.85355511	-0.28638594	-0.23916493	12.85363238	-0.28683833
-0.13270003	12.80404893	-0.27304062	-0.13243637	12.80412997	-0.27344843
-0.01542231	12.73669798	-0.30847148	-0.01516014	12.73675626	-0.30882171
0.00779049	12.80273409	-0.40417145	0.00808936	12.80273235	-0.40456498
-0.27307795	12.76316109	-0.22348260	-0.27282793	12.76328701	-0.22386980
-0.15535462	12.69064931	-0.21067883	-0.15512525	12.69077408	-0.21101747
-0.02854457	12.60460753	-0.23150431	-0.02833058	12.60471241	-0.23177883
-0.55417337	12.91038862	-0.54388342	-0.55388328	12.91026459	-0.54436112
-0.58814711	12.90404780	-0.45214676	-0.58785957	12.90400999	-0.45261871
-0.48580389	12.92444125	-0.39108514	-0.48550963	12.92444394	-0.39158882
-0.45266214	12.93727781	-0.49666404	-0.45235766	12.93718503	-0.49717862
-0.60449059	12.83196187	-0.37301510	-0.60422183	12.83199670	-0.37342171
-0.51538480	12.82236128	-0.31465466	-0.51511902	12.82243239	-0.31506742
-0.33646704	12.93610280	-0.42904599	-0.33615858	12.93606954	-0.42956553
-0.36324217	12.90074824	-0.33037502	-0.36295246	12.90079820	-0.33086706
-0.39870868	12.80316579	-0.26161738	-0.39844607	12.80327092	-0.26203150
0.29400159	12.63876632	-0.65173509	0.29434501	12.63862243	-0.65192737
0.33582126	12.63544319	-0.67511831	0.33617787	12.63528716	-0.67528494
0.26749867	12.57195078	-0.50183106	0.26777901	12.57189173	-0.50201075
0.31389720	12.57103481	-0.51172004	0.31418161	12.57096746	-0.51188040
0.31797414	12.58906965	-0.49617245	0.31825226	12.58901094	-0.49633910
0.33674596	12.64975569	-0.66674047	0.33709126	12.64960322	-0.66691172
0.34394586	12.63222566	-0.68932411	0.34428750	12.63206326	-0.68948368
0.32041013	12.57484967	-0.51097394	0.32068667	12.57478505	-0.51113430
0.35282967	12.55508250	-0.55154491	0.35311076	12.55499172	-0.55168589
0.37324056	12.61361336	-0.73979249	0.37354809	12.61343950	-0.73993921
0.32750307	12.44053034	-0.39930283	0.32769399	12.44051753	-0.39941080
0.29514613	12.48734370	-0.37609075	0.29535346	12.48734359	-0.37622488
0.28944308	12.49143207	-0.37118977	0.28965837	12.49143066	-0.37132544
0.24192553	12.47715277	-0.35503520	0.24213167	12.47716299	-0.35518006
0.44608249	12.55363257	-0.61338273	0.44636351	12.55350904	-0.61350392
0.43943360	12.62123212	-0.81532857	0.43970739	12.62107226	-0.81547145
0.43418645	12.41207096	-0.44621205	0.43436907	12.41202112	-0.44628433
0.13807916	12.63985651	-0.41017678	0.13834707	12.63984755	-0.41043697
0.16456407	12.71018114	-0.53266085	0.16489140	12.71011239	-0.53295403
0.11943804	12.52282562	-0.29427215	0.11964352	12.52287870	-0.29446882
0.16425165	13.14489617	-0.39612234	0.16457336	13.14487618	-0.39664667
0.25974458	13.03130848	-0.13017546	0.25998365	13.03142449	-0.13059491
0.29903216	12.91736215	-0.08837514	0.29924821	12.91749382	-0.08871929
0.32809046	12.73734690	-0.09342355	0.32828386	12.73746793	-0.09367086
0.34809138	12.55791012	-0.12281163	0.34826019	12.55800620	-0.12296739
0.24501467	12.85548954	-0.81747294	0.24618618	12.85470693	-0.81831850
0.33903696	12.37527237	-0.18507902	0.33915723	12.37533604	-0.18515490
0.17725783	13.06071173	-0.58994274	0.17764984	13.06057728	-0.59044206
0.20323449	12.99054784	-0.68996470	0.20367687	12.99033837	-0.69044540
0.89629300	11.96063021	-0.57098633	0.89623932	11.96045356	-0.57095748
0.82721597	12.01968103	-0.45664946	0.82721966	12.01967569	-0.45664692
0.93976038	11.92362464	-0.70474055	0.93967671	11.92335740	-0.70471755
0.74580388	12.33108601	-1.28654977	0.74563883	12.33084487	-1.28658594
0.46162999	12.61947139	-1.16649362	0.46167716	12.61944979	-1.16653867
0.35395697	12.65802913	-1.05871175	0.35405022	12.65804126	-1.05883484
0.28794319	12.66139293	-0.96079697	0.28809924	12.66129875	-0.96100070
0.27413215	12.69112711	-0.89971919	0.27441532	12.69093920	-0.89995517
0.25820598	12.70177935	-0.88668881	0.25864851	12.70145416	-0.88696299
0.20992368	12.68763860	-0.86872376	0.21038497	12.68729226	-0.86900688
0.12127773	12.71009956	-0.75450984	0.12169977	12.70991221	-0.75485101
0.01275487	12.74383413	-0.62449113	0.01314449	12.74372315	-0.62489963
-0.19600931	12.78439787	-0.55895881	-0.19564656	12.78427536	-0.55935827
-0.29923791	12.82586261	-0.60883916	-0.29890135	12.82568355	-0.60926680
-0.48334795	12.88742000	-0.69550921	-0.48307409	12.88715568	-0.69597418
-0.56557427	12.89027926	-0.68394004	-0.56530636	12.89003059	-0.68439041
-0.71126275	12.85872459	-0.54175912	-0.71099469	12.85863447	-0.54216583
-0.18821987	12.52577632	-0.11498025	-0.18803289	12.52596214	-0.11522469
0.14148870	12.35592616	-0.13946500	0.14162127	12.35605371	-0.13956881
0.30968644	12.38383416	-0.22313023	0.30982053	12.38389079	-0.22321590
0.38328155	12.29392311	-0.19528769	0.38332097	12.29394879	-0.19532418
0.46927224	12.23726770	-0.23884523	0.46929619	12.23726777	-0.23885852
0.71412841	12.09174545	-0.37177027	0.71413526	12.09172854	-0.37176554
0.29607734	12.51453668	-0.36929440	0.29629558	12.51453622	-0.36943925
0.58505248	12.77751189	-0.54153557	0.58539726	12.77739344	-0.54170382
0.30609522	12.98896537	-0.53112773	0.30645077	12.98888030	-0.53150695
0.03468364	12.99509719	-0.26384680	0.03496169	12.99516657	-0.26433542
0.10318735	13.07756831	-0.30899206	0.10348202	13.07760435	-0.30950283
0.32025657	12.86862780	-0.29506700	0.32052916	12.86865711	-0.29537618
0.03165009	12.96750004	-0.42231542	0.03196904	12.96747813	-0.42279857
0.12510209	13.04527607	-0.41845309	0.12542502	13.04524666	-0.41894320
0.36826069	12.82306163	-0.69407731	0.36869085	12.82290927	-0.69432379
0.15926535	13.02915901	-0.18035879	0.15951882	13.02926228	-0.18081736
0.22260022	12.81387090	-0.79501529	0.22319549	12.81353685	-0.79543637
0.33103766	12.75807202	-0.53169732	0.33136664	12.75799514	-0.53193528
0.33101668	12.88612133	-0.84243678	0.33162756	12.88590546	-0.84278310
0.39472718	12.43613069	-0.24565039	0.39488213	12.43615195	-0.24574051
0.24673734	13.04659773	-0.44754310	0.24706913	13.04654963	-0.44798280
0.47774554	12.68449433	-0.66785130	0.47808386	12.68435072	-0.66800549
0.69949560	12.74895346	-0.77260203	0.69985482	12.74874958	-0.77275438
0.32862285	12.94002960	-0.20086456	0.32887557	12.94009981	-0.20120875
-0.42622274	12.91066471	-0.24508728	-0.42594078	12.91078740	-0.24558465
0.15508378	13.08157365	-0.24975229	0.15536157	13.08163860	-0.25024271
0.32551071	12.94587561	-0.68874545	0.32594563	12.94570572	-0.68910300
-0.51331401	12.91031447	-0.28524128	-0.51302841	12.91041285	-0.28573196
0.23019907	13.03149910	-0.32929821	0.23049443	13.03151241	-0.32973492
0.29070185	12.45971410	-0.20142028	0.29086099	12.45978598	-0.20154320
0.12109894	13.09873231	-0.37106899	0.12141134	13.09872991	-0.37158727
0.21215570	13.07707072	-0.48985322	0.21250460	13.07699814	-0.49032827
0.25557334	12.61282375	-0.24552489	0.25578357	12.61288123	-0.24573150
0.16956874	12.93721684	-0.50967699	0.16991142	12.93714091	-0.51010658
0.28029296	12.88984481	-0.83277903	0.28097806	12.88948717	-0.83322808
0.28759111	12.83897082	-0.83576198	0.28842449	12.83857574	-0.83614082
0.23305355	13.02164550	-0.54557141	0.23341925	13.02154544	-0.54601375
0.37730364	12.79954120	-0.19853990	0.37753787	12.79959752	-0.19880175
0.49901993	12.59204059	-0.43313887	0.49927840	12.59197942	-0.43325994
0.30726745	12.76002584	-0.88814292	0.30770513	12.75980193	-0.88841946
0.16326138	12.96414946	-0.64506351	0.16369146	12.96398312	-0.64554000
0.39162230	12.37596004	-0.22248346	0.39174295	12.37598228	-0.22255059
0.35882474	12.48386768	-0.31276551	0.35901678	12.48387674	-0.31288230
0.19637873	12.86870871	-0.18762227	0.19661904	12.86880540	-0.18797661
0.39069997	12.72987005	-0.91015704	0.39098775	12.72976794	-0.91031383
0.29939739	12.79192639	-0.84970451	0.29997871	12.79160505	-0.85003328
0.14743895	13.11390362	-0.28210568	0.14772762	13.11395060	-0.28261706
0.41574752	12.60683142	-0.24775607	0.41595752	12.60685848	-0.24791318
0.21789722	12.85890163	-0.77194448	0.21853356	12.85856671	-0.77242985
0.42931508	12.71274690	-0.82728280	0.42967887	12.71259082	-0.82744581
0.82843945	12.74451038	-0.86789945	0.82877683	12.74423629	-0.86806375
0.56752053	12.79092276	-0.92742252	0.56791474	12.79074420	-0.92759866
0.34209819	12.68630136	-0.19955251	0.34230889	12.68636433	-0.19976964
0.25227835	12.76320597	-0.18215784	0.25250009	12.76329655	-0.18244032
