0.85066983	12.73668475	-0.41971999	0.85058516	12.73671252	-0.41962604
0.82158785	12.87487100	-0.44827130	0.82144396	12.87489510	-0.44816250
0.89765549	12.83376166	-0.54665192	0.89751351	12.83382334	-0.54655168
0.92979993	12.70059557	-0.53219540	0.92971399	12.70066449	-0.53211013
0.77887741	12.96572684	-0.50849430	0.77868383	12.96574127	-0.50837393
0.85895688	12.91982211	-0.58948441	0.85877211	12.91987540	-0.58937266
0.90828660	12.87706707	-0.64987111	0.90811955	12.87714925	-0.64976348
0.94674906	12.80722365	-0.64424257	0.94661261	12.80731750	-0.64414493
0.98088089	12.67817043	-0.64537049	0.98079776	12.67827426	-0.64528829
0.71659189	12.76683634	-1.16357675	0.71648763	12.76693071	-1.16348273
0.83897180	12.71638130	-1.14187604	0.83887912	12.71651060	-1.14178408
0.80731466	12.82276268	-1.07293058	0.80717137	12.82287183	-1.07281606
0.68501930	12.86886865	-1.08954332	0.68485116	12.86893730	-1.08941509
0.94019093	12.68268905	-1.07914811	0.94010871	12.68284550	-1.07905762
0.90695206	12.79368169	-1.02032172	0.90681844	12.79381782	-1.02021400
0.86722105	12.86206285	-0.96964141	0.86705194	12.86217760	-0.96952254
0.78830248	12.90282211	-0.98493043	0.78811168	12.90290919	-0.98480347
0.66615300	12.94858042	-0.99022555	0.66592779	12.94861992	-0.99008145
0.59598569	12.83371317	-0.20737545	0.59589798	12.83363734	-0.20724370
0.57741589	12.97067444	-0.25502005	0.57726114	12.97059136	-0.25487968
0.71140031	12.92313404	-0.34794258	0.71125190	12.92310854	-0.34782112
0.73315646	12.78373678	-0.30759098	0.73307300	12.78371280	-0.30748063
0.54660626	13.05702208	-0.33940186	0.54639897	13.05692914	-0.33925221
0.67496553	13.01349374	-0.42368109	0.67476445	13.01346005	-0.42354925
0.46644140	12.88133318	-1.06255552	0.46624390	12.88130390	-1.06239505
0.59303367	12.82750129	-1.13567616	0.59289503	12.82754993	-1.13555721
0.56192000	12.91968760	-1.06306366	0.56170635	12.91970502	-1.06291425
0.43754607	12.96340220	-0.98766481	0.43727473	12.96331000	-0.98746650
0.54141045	12.99389094	-0.96123486	0.54112976	12.99384908	-0.96105734
0.41650902	13.03213175	-0.88481846	0.41618626	13.03194509	-0.88459357
-0.01426851	12.98777994	-0.06499424	-0.01438313	12.98746288	-0.06473601
-0.14270381	12.99937631	-0.08694148	-0.14282434	12.99901143	-0.08665131
-0.14527495	13.07277997	-0.13352749	-0.14543206	13.07241466	-0.13323751
-0.02048016	13.07507671	-0.10897857	-0.02063752	13.07475830	-0.10871889
-0.26149428	13.00090919	-0.12318704	-0.26162107	13.00050313	-0.12286502
-0.26251558	13.06231618	-0.17163231	-0.26267520	13.06191100	-0.17131029
-0.26380404	13.10352920	-0.23715917	-0.26399298	13.10312405	-0.23683758
-0.14734287	13.11967533	-0.19972573	-0.14753254	13.11930900	-0.19943634
-0.02554837	13.12907130	-0.17487814	-0.02574093	13.12875118	-0.17461909
0.03034127	12.97358017	-0.58942813	0.03011429	12.97325187	-0.58918250
0.01528201	13.03602709	-0.56396868	0.01503642	13.03569709	-0.56372354
-0.06557153	13.03804173	-0.55336287	-0.06581581	13.03769018	-0.55309683
-0.05138342	12.98180781	-0.56896529	-0.05161114	12.98145884	-0.56870048
-0.00426636	13.09011031	-0.51661239	-0.00452071	13.08978070	-0.51636507
-0.08712098	13.08437576	-0.51768480	-0.08737294	13.08401955	-0.51741455
-0.18054439	13.07721783	-0.53381568	-0.18079769	13.07683272	-0.53351979
-0.15793483	13.03618417	-0.56971118	-0.15818397	13.03580414	-0.56942023
-0.14326162	12.98494633	-0.58711732	-0.14349853	12.98456988	-0.58682889
0.98762541	12.28913470	-0.67171046	0.98766721	12.28923052	-0.67166950
0.96686321	12.07017104	-0.68777875	0.96695022	12.07025486	-0.68776263
0.91416582	12.09678779	-0.55248112	0.91421970	12.09682755	-0.55246775
0.92903268	12.30363564	-0.53657739	0.92907062	12.30368839	-0.53654163
0.83619199	12.14651472	-0.43122269	0.83623581	12.14651374	-0.43120755
0.84363218	12.32864732	-0.41117622	0.84367203	12.32865951	-0.41113605
0.97961963	12.38075918	-1.14124881	0.97966608	12.38093465	-1.14119650
0.88465258	12.44126526	-1.21025478	0.88468368	12.44141502	-1.21020379
0.88024660	12.28176479	-1.23523346	0.88034357	12.28191345	-1.23520349
0.97237134	12.18943958	-1.15674021	0.97248927	12.18961151	-1.15671175
0.75733721	12.51734262	-1.23909876	0.75733600	12.51743743	-1.23905605
0.75375120	12.39714946	-1.27062170	0.75381122	12.39724764	-1.27059537
0.86811505	12.17705382	-1.24316584	0.86824905	12.17719927	-1.24315142
0.95358002	12.05482140	-1.15494396	0.95373713	12.05498628	-1.15493769
0.99346227	12.49815688	-0.65685225	0.99344311	12.49825845	-0.65679325
0.93689289	12.51400218	-0.53035473	0.93687609	12.51407000	-0.53029472
0.85273132	12.54228447	-0.40828748	0.85271890	12.54230919	-0.40821762
0.86785668	12.58773113	-1.18331953	0.86782110	12.58787160	-1.18325171
0.96698130	12.54515315	-1.11749615	0.96695823	12.54532419	-1.11742396
0.74256733	12.64514145	-1.20823551	0.74251361	12.64523663	-1.20816496
0.60036946	12.41957313	-0.22515394	0.60041919	12.41950687	-0.22506971
0.60046838	12.63432676	-0.20248098	0.60045592	12.63425366	-0.20236797
0.73383036	12.58472921	-0.29691682	0.73382128	12.58470183	-0.29682360
0.72764795	12.37054879	-0.30809067	0.72769351	12.37051936	-0.30803443
0.46852862	12.70503554	-1.15046100	0.46847547	12.70505906	-1.15041859
0.61196437	12.61519350	-1.21923202	0.61194226	12.61522984	-1.21919993
0.60849982	12.71949135	-1.18552448	0.60843481	12.71954954	-1.18546289
0.47326246	12.78882278	-1.11646231	0.47314733	12.78883254	-1.11637106
0.58657334	12.17466132	-0.30174765	0.58658218	12.17464040	-0.30173943
0.59751114	12.28037635	-0.26222742	0.59756233	12.28032624	-0.26218220
0.72358840	12.21587911	-0.33754348	0.72363664	12.21585105	-0.33751525
0.60081098	12.48702352	-1.25183948	0.60083060	12.48704779	-1.25184247
0.60688148	12.53445688	-1.24352431	0.60688446	12.53448714	-1.24351671
0.46260227	12.64931756	-1.16626102	0.46257851	12.64933641	-1.16623796
-0.00556264	12.70997686	-0.06397645	-0.00557244	12.70966168	-0.06372301
-0.15437853	12.77835296	-0.07122188	-0.15441556	12.77798106	-0.07093063
-0.14459480	12.90116630	-0.06868063	-0.14467550	12.90079993	-0.06839012
-0.00620460	12.86438662	-0.05327386	-0.00627034	12.86407175	-0.05301738
-0.29042314	12.82938544	-0.09579209	-0.29048344	12.82896573	-0.09546528
-0.27190936	12.92449811	-0.09962358	-0.27200368	12.92408677	-0.09929937
0.02634491	12.84392757	-0.61837361	0.02616392	12.84358722	-0.61811971
0.03251072	12.90942089	-0.60585056	0.03230537	12.90908910	-0.60560229
-0.04850507	12.91996716	-0.57826504	-0.04871238	12.91961773	-0.57799923
-0.05674472	12.85513940	-0.58223138	-0.05692950	12.85478790	-0.58196197
-0.14009558	12.92762927	-0.59532197	-0.14031550	12.92725378	-0.59503261
-0.14986508	12.86682415	-0.59413064	-0.15006475	12.86644672	-0.59383744
-0.03449876	12.41425921	-0.11854138	-0.03440569	12.41393510	-0.11828648
-0.17526121	12.63124696	-0.08913642	-0.17524908	12.63086745	-0.08884420
-0.01993462	12.53937334	-0.08804364	-0.01988498	12.53905416	-0.08779162
-0.32678597	12.62398467	-0.12788094	-0.32678375	12.62355214	-0.12755741
-0.31319439	12.71167738	-0.10771456	-0.31321762	12.71124853	-0.10738797
0.01638930	12.77753962	-0.63006465	0.01623534	12.77718901	-0.62980014
-0.07612974	12.78874033	-0.57930115	-0.07629181	12.78838674	-0.57902414
-0.09399003	12.76178977	-0.55919689	-0.09414474	12.76143511	-0.55891593
-0.17395169	12.80435047	-0.58206676	-0.17412997	12.80396760	-0.58176544
-0.38380723	12.99797881	-0.17242961	-0.38394188	12.99753422	-0.17207360
-0.37602805	13.04819974	-0.21815538	-0.37619068	13.04775962	-0.21780141
-0.49366151	12.99116668	-0.22903202	-0.49380439	12.99068963	-0.22864310
-0.47395982	13.03199844	-0.26998775	-0.47412692	13.03152982	-0.26960486
-0.45190923	13.06532296	-0.32022989	-0.45210071	13.06486186	-0.31985431
-0.36616378	13.08532206	-0.27728652	-0.36635361	13.08488562	-0.27693653
-0.26218049	13.03395846	-0.58920225	-0.26243498	13.03354775	-0.58888211
-0.24780630	12.98874707	-0.61417975	-0.24805366	12.98833966	-0.61386241
-0.28243778	13.07036751	-0.54874368	-0.28269260	13.06995240	-0.54841882
-0.37705887	13.06184666	-0.55730642	-0.37731314	13.06140540	-0.55695417
-0.36216717	13.03066572	-0.60220549	-0.36242451	13.03022783	-0.60185683
-0.35252409	12.99238310	-0.63607698	-0.35277982	12.99194692	-0.63573001
-0.24918172	12.94024692	-0.63003525	-0.24941874	12.93983827	-0.62971575
-0.36003016	12.95350752	-0.66088948	-0.36028180	12.95306875	-0.66053888
-0.37478170	12.91624350	-0.67505500	-0.37502770	12.91580047	-0.67469896
-0.26192985	12.89076397	-0.63459590	-0.26215466	12.89035152	-0.63427059
-0.53779171	12.88542758	-0.18853818	-0.53789105	12.88493300	-0.18813973
-0.55767576	12.76342848	-0.19424733	-0.55773881	12.76292588	-0.19385496
-0.63382620	12.80024559	-0.25173901	-0.63391567	12.79972860	-0.25131848
-0.61583093	12.89625110	-0.25080431	-0.61594901	12.89574163	-0.25038059
-0.56561215	12.65874910	-0.21167791	-0.56564651	12.65824557	-0.21129909
-0.64103202	12.71765102	-0.26376230	-0.64109821	12.71713110	-0.26335770
-0.68957515	12.78751385	-0.33377589	-0.68968527	12.78699062	-0.33333581
-0.68335577	12.83980799	-0.32789394	-0.68347959	12.83928701	-0.32744981
-0.66741251	12.90291566	-0.32938883	-0.66755448	12.90240043	-0.32894714
-0.45611218	12.64864774	-0.16373576	-0.45613003	12.64817249	-0.16338355
-0.44505882	12.74484351	-0.14460988	-0.44510304	12.74437221	-0.14424913
-0.42300915	12.86415486	-0.13612243	-0.42308947	12.86369323	-0.13575854
-0.47066133	12.93200892	-0.68594284	-0.47091550	12.93154067	-0.68555714
-0.47758322	12.90501565	-0.69657033	-0.47783263	12.90454588	-0.69618158
-0.38695147	12.88295992	-0.67695655	-0.38718932	12.88251366	-0.67659585
-0.55723734	12.93715950	-0.66595177	-0.55748735	12.93666171	-0.66553711
-0.56201096	12.91048012	-0.68077832	-0.56225605	12.90997904	-0.68035936
-0.39778970	12.86616745	-0.66657837	-0.39801995	12.86571855	-0.66621407
-0.28167567	12.84258845	-0.62679644	-0.28188503	12.84217072	-0.62646400
0.89781739	12.88535840	-0.90099441	0.89763535	12.88547485	-0.90087558
0.79758515	12.95214942	-0.88688898	0.79736721	12.95222453	-0.88675556
0.91426624	12.89971151	-0.81229627	0.91408035	12.89981978	-0.81218120
0.81895443	12.97199667	-0.78241436	0.81873323	12.97206339	-0.78228526
0.70828415	13.02738560	-0.74112370	0.70802605	13.02739405	-0.74098806
0.67852257	13.00322446	-0.87013989	0.67826687	13.00323988	-0.86999219
0.91535880	12.89583669	-0.72041131	0.91517940	12.89593191	-0.72029946
0.83607251	12.96325473	-0.67592354	0.83586064	12.96331309	-0.67580135
0.74140344	13.01558514	-0.61387986	0.74116811	13.01559250	-0.61374886
0.99990275	12.67209391	-0.98442189	0.99981859	12.67225731	-0.98432716
0.96188240	12.79360785	-0.93928109	0.96174492	12.79375261	-0.93917494
1.02296910	12.67253493	-0.87311468	1.02288272	12.67268878	-0.87302491
0.98164301	12.80295860	-0.84251656	0.98150183	12.80309539	-0.84241377
1.01429565	12.67151095	-0.75980256	1.01421084	12.67164235	-0.75971774
0.97571339	12.80246339	-0.74314966	0.97557507	12.80258323	-0.74305051
0.55811789	13.04827335	-0.82492511	0.55782369	13.04820939	-0.82475987
0.59500434	13.07406220	-0.67619006	0.59472506	13.07400774	-0.67603865
0.47106554	13.11242570	-0.59355103	0.47077783	13.11230133	-0.59338018
0.43376393	13.08562485	-0.74536296	0.43345214	13.08547729	-0.74517803
0.63507848	13.06303080	-0.53812127	0.63483074	13.06298654	-0.53797919
0.50985370	13.10352840	-0.45544880	0.50959971	13.10341960	-0.45528841
-0.38558344	13.07931325	-0.49940286	-0.38582752	13.07887061	-0.49904833
-0.46905714	13.06096638	-0.51194922	-0.46929854	13.06050142	-0.51157047
-0.44913532	13.04959021	-0.55431585	-0.44938553	13.04912973	-0.55394246
-0.39765284	13.08537935	-0.43636329	-0.39788128	13.08493425	-0.43600498
-0.49122719	13.06283519	-0.46743866	-0.49145628	13.06236522	-0.46705308
-0.57558415	13.03648474	-0.49654213	-0.57581332	13.03599188	-0.49613021
-0.53796456	13.03850489	-0.52910253	-0.53820418	13.03802096	-0.52870240
-0.50026154	13.03691624	-0.55532450	-0.50050877	13.03644179	-0.55493596
-0.42311949	13.08195158	-0.37615833	-0.42333168	13.08149970	-0.37579202
-0.50503335	13.05859414	-0.41608564	-0.50524677	13.05812140	-0.41569531
-0.51994312	13.04405952	-0.36520099	-0.52013817	13.04358216	-0.36480488
-0.56551137	13.02708366	-0.39749520	-0.56570870	13.02659503	-0.39708557
-0.57740370	13.03223450	-0.44607107	-0.57761704	13.03174257	-0.44565819
-0.01996204	13.12907677	-0.43467465	-0.02021277	13.12874914	-0.43442377
-0.11157427	13.11662421	-0.44712275	-0.11182066	13.11626380	-0.44684636
-0.02929928	13.15063292	-0.33935664	-0.02953615	13.15030740	-0.33910163
-0.13241663	13.13435308	-0.36058537	-0.13264932	13.13398903	-0.36030285
-0.23348333	13.11714360	-0.39160182	-0.23371434	13.11674712	-0.39129108
-0.20747809	13.10363986	-0.47001264	-0.20772406	13.10324935	-0.46970974
-0.02981815	13.15245729	-0.25220106	-0.03003667	13.15213424	-0.25194360
-0.14371998	13.13776679	-0.27678454	-0.14393415	13.13740087	-0.27649766
-0.25327842	13.11944136	-0.31205717	-0.25349101	13.11903999	-0.31173957
0.99141569	11.97578156	-1.05863846	0.99158494	11.97594469	-1.05864034
1.01377891	12.12070146	-1.05661415	1.01390759	12.12087164	-1.05659141
0.99382439	11.93077451	-0.95322964	0.99398974	11.93092226	-0.95323703
1.01965583	12.07739589	-0.94239657	1.01978182	12.07754809	-0.94237817
1.03855266	12.29514357	-0.92682008	1.03860917	12.29530395	-0.92677400
1.02720264	12.32984484	-1.04271308	1.02725672	12.33002238	-1.04266254
0.97510442	11.91414100	-0.83424766	0.97525240	11.91426234	-0.83426123
1.00297999	12.06205913	-0.81895589	1.00309320	12.06218313	-0.81894060
1.02478973	12.28399292	-0.80248291	1.02484061	12.28412295	-0.80244068
1.02243104	12.51564652	-1.01827365	1.02241178	12.51582201	-1.01820134
1.04109187	12.49807163	-0.90314120	1.04107451	12.49823415	-0.90307437
1.02984507	12.49253884	-0.78188178	1.02982756	12.49267605	-0.78182057
-0.64323811	12.93174782	-0.61350405	-0.64347099	12.93122685	-0.61306477
-0.65002080	12.90197021	-0.62548783	-0.65024778	12.90144583	-0.62504390
-0.70099018	12.92134603	-0.53365308	-0.70119871	12.92081617	-0.53319738
-0.71143545	12.88515610	-0.53969372	-0.71163560	12.88462262	-0.53923233
-0.65182674	12.87857200	-0.62692564	-0.65204703	12.87804683	-0.62647901
-0.70258342	12.91153171	-0.43139670	-0.70275915	12.91101082	-0.43094074
-0.71603796	12.86643817	-0.43235282	-0.71620399	12.86591504	-0.43189215
-0.71897704	12.83074561	-0.43410863	-0.71913592	12.83022180	-0.43364637
-0.29869753	13.09236600	-0.48643385	-0.29894271	13.09194790	-0.48610479
-0.31688814	13.10216156	-0.41405714	-0.31711862	13.10173978	-0.41372273
-0.34290586	13.10153884	-0.34354134	-0.34311759	13.10110967	-0.34319838
-0.59574940	12.94867064	-0.26352545	-0.59588607	12.94816864	-0.26310511
-0.51539834	12.95174417	-0.20101326	-0.51552094	12.95125839	-0.20061831
-0.64980865	12.94312598	-0.33861407	-0.64996438	12.94261561	-0.33817681
-0.62666550	12.97274532	-0.35547633	-0.62683459	12.97224148	-0.35504541
-0.57270957	12.98069761	-0.28784590	-0.57286302	12.98020392	-0.28743211
-0.40081590	12.94256814	-0.14536697	-0.40092478	12.94211643	-0.14500686
-0.45759727	12.96298738	-0.66752926	-0.45785497	12.96252302	-0.66714918
-0.44568018	12.99525778	-0.63928888	-0.44593889	12.99479686	-0.63891391
-0.52980132	12.99429631	-0.62213178	-0.53005582	12.99381084	-0.62173074
-0.54574624	12.96593162	-0.64811333	-0.54599986	12.96543957	-0.64770525
-0.65966454	12.97852843	-0.52196726	-0.65988533	12.97801122	-0.52152746
-0.68398781	12.95103899	-0.52828713	-0.68420288	12.95051431	-0.52783829
-0.62946518	12.96002401	-0.60068707	-0.62970332	12.95950854	-0.60025413
-0.60857444	12.98719266	-0.58286551	-0.60881547	12.98668469	-0.58244066
-0.62760156	13.00771393	-0.51305352	-0.62782759	13.00720597	-0.51262478
-0.58127349	13.01355125	-0.55588096	-0.58151413	13.01305310	-0.55546609
-0.51159725	13.01994984	-0.58281972	-0.51184771	13.01947123	-0.58242642
-0.68514525	12.94473229	-0.43397006	-0.68533000	12.94421528	-0.43352084
-0.66078729	12.97283665	-0.43989975	-0.66098126	12.97232498	-0.43945955
-0.59445415	13.00386657	-0.37983844	-0.59463935	13.00337096	-0.37941870
-0.62708138	13.00294484	-0.44896688	-0.62728650	13.00244065	-0.44853815
-0.54500063	13.01532407	-0.32209263	-0.54517463	13.01483930	-0.32168756
-0.44210632	13.02592118	-0.59916419	-0.44236226	13.02546182	-0.59879169
0.18047186	13.11926947	-0.18400608	0.18027434	13.11902922	-0.18379463
0.15077726	13.15780564	-0.26928685	0.15054540	13.15755264	-0.26907247
0.17845311	13.14572631	-0.28401874	0.17822188	13.14548369	-0.28381011
0.21243499	13.10599832	-0.19558004	0.21223901	13.10576980	-0.19537508
0.13030764	13.16475327	-0.36441482	0.13005406	13.16448673	-0.36419789
0.15637590	13.15346626	-0.38134771	0.15612276	13.15320815	-0.38113609
0.18301231	13.13682823	-0.29403142	0.18278253	13.13658705	-0.29382327
0.21681606	13.09760225	-0.20198203	0.21662155	13.09737525	-0.20177811
0.18963674	13.14453786	-0.29510059	0.18940333	13.14429872	-0.29489407
0.22220846	13.10411102	-0.19685875	0.22201158	13.10388606	-0.19665552
0.17040017	13.15157251	-0.39847988	0.17014356	13.15131867	-0.39827070
0.21432691	13.15741160	-0.42441942	0.21406095	13.15717423	-0.42421895
0.23601263	13.14990396	-0.31302529	0.23577262	13.14968235	-0.31282785
0.26807567	13.10747660	-0.20769192	0.26787459	13.10727064	-0.20749846
0.25621903	12.93289718	-0.06387279	0.25612161	12.93268772	-0.06367411
0.21914169	13.04923821	-0.10940537	0.21898793	13.04901427	-0.10920067
0.25531100	13.03648762	-0.12080435	0.25515918	13.03627797	-0.12060697
0.29576360	12.91964097	-0.07699169	0.29566789	12.91944686	-0.07680207
0.26554577	13.03450304	-0.12129389	0.26539436	13.03429730	-0.12109861
0.30696670	12.91775672	-0.08039149	0.30687068	12.91756705	-0.08020421
0.31074762	13.03305925	-0.12865526	0.31059455	13.03287098	-0.12846923
0.35075706	12.91001737	-0.08634214	0.35066246	12.90984461	-0.08616354
0.37652093	12.72116143	-0.09040763	0.37650119	12.72100035	-0.09024175
0.33644620	12.73480205	-0.08596504	0.33642186	12.73462571	-0.08579099
0.39439602	12.52580923	-0.12118800	0.39444194	12.52566093	-0.12104541
0.35683540	12.54985573	-0.11648870	0.35687397	12.54969336	-0.11633559
0.32506031	12.73698491	-0.08123315	0.32503657	12.73680409	-0.08105647
0.34465235	12.55263848	-0.11157305	0.34469175	12.55247104	-0.11141661
0.29899397	12.56637240	-0.09347443	0.29903315	12.56618454	-0.09330339
0.28300304	12.75433394	-0.06521980	0.28297620	12.75413580	-0.06503190
0.26540062	12.78174489	-0.91833024	0.26525357	12.78152042	-0.91816615
0.25518018	12.85144016	-0.89294215	0.25497037	12.85114757	-0.89270268
0.23594333	12.85674944	-0.83371659	0.23570980	12.85638471	-0.83345021
0.24705508	12.79642240	-0.85787190	0.24688069	12.79612675	-0.85767654
0.23970769	12.92267402	-0.84213488	0.23945311	12.92227425	-0.84182608
0.22012227	12.92147296	-0.78677432	0.21988215	12.92111435	-0.78649764
0.22671523	12.91732958	-0.76912506	0.22648400	12.91700206	-0.76886660
0.24796642	12.80221516	-0.83707356	0.24778824	12.80191658	-0.83686592
0.21983555	12.85742147	-0.81946739	0.21961554	12.85709328	-0.81921058
0.22495001	12.80029346	-0.84265119	0.22476684	12.79999349	-0.84242866
0.20921968	12.92121699	-0.77722558	0.20899127	12.92088631	-0.77696995
0.16869991	12.93352070	-0.76276255	0.16847219	12.93319072	-0.76251559
0.17635357	12.86608830	-0.80114408	0.17613203	12.86575256	-0.80089319
0.17851270	12.80246364	-0.82228406	0.17832983	12.80212895	-0.82205307
0.27056204	12.71195157	-0.94383454	0.27047761	12.71176410	-0.94372681
0.25500854	12.73555352	-0.88231696	0.25489473	12.73530993	-0.88216909
0.25670840	12.75099480	-0.85986439	0.25657343	12.75072709	-0.85969250
0.27458101	12.71478597	-0.87327936	0.27448328	12.71455965	-0.87314110
0.23405225	12.74273363	-0.86967411	0.23391666	12.74245901	-0.86949382
0.18532605	12.73492389	-0.85196356	0.18519585	12.73460828	-0.85176103
0.28302937	12.32684412	-0.16154772	0.28314608	12.32666897	-0.16141123
0.30044320	12.42342885	-0.12776546	0.30052126	12.42325503	-0.12762062
0.34822185	12.42181414	-0.14418284	0.34829207	12.42166425	-0.14405403
0.33369688	12.35238264	-0.17686671	0.33378356	12.35224482	-0.17675432
0.35220867	12.43441882	-0.15145458	0.35227221	12.43427048	-0.15132454
0.36194472	12.41483162	-0.14927063	0.36201316	12.41468668	-0.14914651
0.34803035	12.34692510	-0.18338497	0.34808617	12.34680101	-0.18328450
0.39910562	12.38160504	-0.15782650	0.39917738	12.38147684	-0.15771775
0.11949679	13.13947504	-0.46966277	0.11923180	13.13919661	-0.46944369
0.14939225	13.12618647	-0.48368941	0.14912870	13.12591783	-0.48347589
0.12288756	13.08713368	-0.57778497	0.12261839	13.08684423	-0.57756632
0.15814127	13.07183760	-0.58846280	0.15787554	13.07155936	-0.58825018
0.16139453	13.11488611	-0.49041755	0.16113346	13.11462111	-0.49020605
0.16718517	13.12129732	-0.49055187	0.16692136	13.12103454	-0.49034172
0.17718752	13.06515458	-0.58464118	0.17692453	13.06488337	-0.58443121
0.20326896	13.07051409	-0.62394874	0.20299485	13.07024791	-0.62374280
0.20255042	13.12710760	-0.52303089	0.20227379	13.12685628	-0.52283009
0.21886046	12.99959522	-0.74196828	0.21858290	12.99929308	-0.74174402
0.19755108	12.99494377	-0.69393515	0.19729404	12.99465136	-0.69371140
0.18324909	12.99804347	-0.69353461	0.18299608	12.99774793	-0.69331275
0.14499302	13.01286668	-0.68233488	0.14473505	13.01256228	-0.68211398
0.39370491	13.08995801	-0.26135207	0.39349808	13.08980252	-0.26118059
0.42921574	13.00952985	-0.17757235	0.42905976	13.00938898	-0.17740739
0.45797418	12.87888651	-0.13137561	0.45788092	12.87875670	-0.13121792
0.31119649	12.98884676	-0.86027199	0.31088816	12.98855519	-0.86003001
0.33530972	12.91158494	-0.94950818	0.33505803	12.91141155	-0.94928462
0.29331481	13.05859491	-0.74864319	0.29300330	13.05833145	-0.74844304
0.13607620	12.96045132	-0.05860334	0.13597021	12.96019467	-0.05837873
0.11407382	13.06461864	-0.10321392	0.11391767	13.06435317	-0.10298618
0.09242842	13.12808237	-0.17326649	0.09223254	13.12780748	-0.17303607
0.08721074	13.02658999	-0.62311634	0.08695611	13.02627825	-0.62288575
0.06716362	13.09211986	-0.54528033	0.06690031	13.09181276	-0.54504942
0.10633466	12.95432947	-0.67730308	0.10610047	12.95401058	-0.67706671
0.47287671	12.68381513	-0.13141940	0.47286245	12.68369251	-0.13127722
0.48263981	12.47475508	-0.16016008	0.48269002	12.47464106	-0.16004415
0.34480152	12.83121884	-1.00296006	0.34462606	12.83111921	-1.00281263
0.34602728	12.75636505	-1.03243632	0.34591160	12.75629868	-1.03233823
0.48380783	12.33738309	-0.19871967	0.48386855	12.33729329	-0.19864834
0.34507371	12.69648606	-1.05149660	0.34501069	12.69643739	-1.05144173
0.15817398	12.47060225	-0.10421270	0.15824483	12.47036000	-0.10401220
0.16388934	12.62669857	-0.07470700	0.16391003	12.62645485	-0.07449837
0.10841425	12.75294303	-0.74685795	0.10826335	12.75259052	-0.74662058
0.10852011	12.82175948	-0.72326103	0.10833054	12.82141657	-0.72301999
0.15458823	12.80598342	-0.05405130	0.15454374	12.80573426	-0.05383278
0.11061048	12.88740289	-0.70538900	0.11039243	12.88707453	-0.70514839
0.32933220	13.14233561	-0.49963347	0.32905062	13.14214296	-0.49945130
0.30323895	13.11350636	-0.62650325	0.30294031	13.11328536	-0.62631707
0.35992083	13.13426991	-0.37348952	0.35967180	13.13409743	-0.37331141
0.06333561	13.16240584	-0.34547130	0.06308941	13.16211484	-0.34523859
0.05999151	13.13853077	-0.44761971	0.05973301	13.13823150	-0.44738711
0.07483447	13.15964057	-0.25407329	0.07460896	13.15935690	-0.25384055
0.88233533	11.96652619	-0.58455878	0.88239207	11.96657423	-0.58457265
0.81676000	12.01719950	-0.47386000	0.81676000	12.01719950	-0.47386000
0.92301207	11.93885786	-0.71343803	0.92312384	11.93894033	-0.71345342
0.91043202	12.00535225	-0.71824150	0.91053636	12.00543277	-0.71824919
0.87467737	12.05205389	-0.63177497	0.87475128	12.05210906	-0.63177899
0.80625376	12.11452175	-0.52866574	0.80630496	12.11454113	-0.52865546
0.95647944	11.93152181	-0.83776429	0.95662462	11.93163972	-0.83777854
0.97578267	11.94764785	-0.94916045	0.97594317	11.94778999	-0.94916798
0.94364675	12.06558808	-0.93238417	0.94377454	12.06571607	-0.93237803
0.92929713	12.03517519	-0.81474716	0.92941449	12.03528128	-0.81474831
0.97498821	11.99004251	-1.04233220	0.97515154	11.99019818	-1.04233392
0.94029236	12.06477904	-1.12920092	0.94044399	12.06493643	-1.12919451
0.91707204	12.12741874	-1.10676504	0.91720331	12.12756547	-1.10675164
0.94095714	12.10057774	-1.03021797	0.94108909	12.10072042	-1.03020553
0.85952309	12.18282273	-1.22027517	0.85965246	12.18296221	-1.22026077
0.74287397	12.33353467	-1.27088979	0.74295890	12.33362908	-1.27086947
0.74675897	12.36179068	-1.19913381	0.74682507	12.36187894	-1.19911069
0.85759317	12.22866507	-1.15756598	0.85769942	12.22879590	-1.15754537
0.60126625	12.48311370	-1.23772420	0.60128502	12.48313548	-1.23772770
0.47104295	12.61377655	-1.15264335	0.47103125	12.61378837	-1.15263051
0.49420000	12.61570000	-1.07906000	0.49420000	12.61570000	-1.07906000
0.61447000	12.50220000	-1.16283000	0.61447000	12.50220000	-1.16283000
0.38285637	12.64716509	-1.04961992	0.38283730	12.64714498	-1.04959864
0.33199555	12.64696748	-0.95671345	0.33197525	12.64687189	-0.95668298
0.37140000	12.64100070	-0.89641000	0.37140000	12.64100070	-0.89641000
0.41679000	12.64250090	-0.98287004	0.41679000	12.64250090	-0.98287004
0.31381940	12.67824850	-0.89692430	0.31376176	12.67809336	-0.89684194
0.30967913	12.70551261	-0.86923331	0.30959425	12.70532678	-0.86911461
0.33802933	12.69338622	-0.81193660	0.33795133	12.69320638	-0.81180664
0.34726526	12.66861004	-0.83983865	0.34721094	12.66847763	-0.83975089
0.30073268	12.69274686	-0.87309655	0.30065559	12.69255161	-0.87296904
0.25762795	12.68221605	-0.84342612	0.25755217	12.68196361	-0.84327091
0.29792199	12.67959704	-0.77399515	0.29784874	12.67937295	-0.77384072
0.33692705	12.68197955	-0.81057925	0.33685593	12.68179833	-0.81044642
0.15102300	12.71747482	-0.71484928	0.15089753	12.71714602	-0.71462135
0.01908749	12.77152232	-0.57431983	0.01894088	12.77118988	-0.57405530
0.02327270	12.80936872	-0.49756482	0.02312697	12.80905039	-0.49731247
0.17507915	12.73288021	-0.63957583	0.17495397	12.73258657	-0.63935083
-0.09758151	12.81454321	-0.51166016	-0.09773988	12.81418680	-0.51138078
-0.20506401	12.84650614	-0.51567929	-0.20523776	12.84611425	-0.51537067
-0.20839165	12.91501347	-0.45537745	-0.20857240	12.91462260	-0.45507062
-0.09959489	12.87410208	-0.44161879	-0.09975609	12.87374679	-0.44134053
-0.31018653	12.86700115	-0.57560064	-0.31038803	12.86657749	-0.57526176
-0.40874350	12.87824585	-0.64337354	-0.40896958	12.87779456	-0.64300616
-0.42539066	12.90590779	-0.59157132	-0.42560892	12.90545319	-0.59120011
-0.31964275	12.92008243	-0.52055218	-0.31984420	12.91965755	-0.52021335
-0.49682156	12.88161050	-0.67141740	-0.49705544	12.88113441	-0.67102106
-0.57652336	12.87817148	-0.65966694	-0.57675109	12.87766606	-0.65924071
-0.57573212	12.88053030	-0.62428019	-0.57595176	12.88002859	-0.62385620
-0.51915647	12.88928751	-0.62318149	-0.51937887	12.88880494	-0.62277826
-0.65061923	12.86974731	-0.60810459	-0.65083215	12.86922421	-0.60765810
-0.69981125	12.85324285	-0.52859521	-0.69999999	12.85271324	-0.52813487
-0.66273208	12.86940613	-0.50031020	-0.66291675	12.86888913	-0.49986378
-0.62537496	12.87889468	-0.57711703	-0.62558250	12.87838188	-0.57667957
-0.70479517	12.82584498	-0.43342797	-0.70495230	12.82532456	-0.43297088
-0.67786232	12.77882671	-0.34373473	-0.67797264	12.77830801	-0.34330015
-0.65626189	12.78544551	-0.35664220	-0.65637850	12.78493404	-0.35621375
-0.66856240	12.83211897	-0.41680948	-0.66871445	12.83160626	-0.41636643
-0.63106771	12.70437196	-0.28065206	-0.63113353	12.70385850	-0.28025368
-0.55752324	12.64387221	-0.23201016	-0.55755766	12.64337429	-0.23163578
-0.53997780	12.70319264	-0.26324149	-0.54003934	12.70270393	-0.26286183
-0.61609090	12.74660936	-0.31309794	-0.61618091	12.74610471	-0.31269234
-0.45058034	12.63906198	-0.18458789	-0.45060003	12.63859078	-0.18423817
-0.32343899	12.61858397	-0.14854392	-0.32343949	12.61815334	-0.14822103
-0.30568240	12.67228636	-0.17739063	-0.30570874	12.67186335	-0.17706843
-0.43174881	12.69658190	-0.21441054	-0.43179495	12.69612057	-0.21405737
-0.18651555	12.51443599	-0.13503206	-0.18647038	12.51405406	-0.13473938
-0.03760427	12.39895827	-0.14231947	-0.03751208	12.39863298	-0.14206319
-0.03528027	12.46865679	-0.17339814	-0.03522497	12.46833391	-0.17314322
-0.17502042	12.57713679	-0.16387377	-0.17500563	12.57675955	-0.16358260
0.12373986	12.33897603	-0.16274620	0.12385207	12.33872119	-0.16254618
0.25226640	12.32080534	-0.18820504	0.25237743	12.32061772	-0.18805811
0.23157928	12.38048629	-0.24018885	0.23164063	12.38029432	-0.24002649
0.11389881	12.40626212	-0.20412491	0.11396672	12.40600620	-0.20391770
0.30211641	12.35524457	-0.20956368	0.30219199	12.35509488	-0.20943797
0.28734863	12.43899475	-0.27885416	0.28737776	12.43883679	-0.27870981
0.27929633	12.41118956	-0.26497062	0.27933713	12.41102797	-0.26482629
0.31349832	12.34573333	-0.22231810	0.31353737	12.34562478	-0.22221573
0.34620000	12.27620000	-0.23202000	0.34620000	12.27620000	-0.23202000
0.31939797	12.33265951	-0.29029365	0.31943002	12.33256881	-0.29021898
0.28648407	12.39749875	-0.28008986	0.28651786	12.39735936	-0.27996477
0.44425997	12.21770000	-0.27141000	0.44425997	12.21770000	-0.27141000
0.57587000	12.16340070	-0.32883000	0.57587000	12.16340070	-0.32883000
0.56969088	12.24281711	-0.38272183	0.56973756	12.24278798	-0.38268737
0.42776937	12.28582557	-0.32762212	0.42781330	12.28577302	-0.32757125
0.70622003	12.08180000	-0.39380000	0.70622003	12.08180000	-0.39380000
0.70020900	12.18118565	-0.44742410	0.70026002	12.18117559	-0.44740360
0.76342825	12.39401507	-1.04818664	0.76346471	12.39409655	-1.04815263
0.86587896	12.24548897	-1.04708137	0.86596530	12.24560940	-1.04705713
0.78276041	12.37739620	-0.86001242	0.78278372	12.37745856	-0.85997207
0.87498074	12.22398200	-0.90660844	0.87505946	12.22408423	-0.90658632
0.79557183	12.26278433	-0.67232621	0.79562073	12.26282346	-0.67229554
0.87485498	12.15005464	-0.75447972	0.87493691	12.15013224	-0.75446504
0.53318003	12.60804580	-0.90259722	0.53313647	12.60801888	-0.90253844
0.64674321	12.52243461	-0.99040560	0.64672699	12.52245785	-0.99037008
0.56456250	12.53841364	-0.69094380	0.56453407	12.53836438	-0.69086151
0.67756671	12.47882977	-0.78089170	0.67755245	12.47883991	-0.78083309
0.57064563	12.38638098	-0.51066011	0.57067339	12.38633471	-0.51059167
0.69241850	12.34028483	-0.58885146	0.69244874	12.34028162	-0.58880519
-0.21912986	12.91012512	-0.37055772	-0.21928706	12.90973318	-0.37024840
-0.11315773	12.86714906	-0.35483726	-0.11329645	12.86679367	-0.35455542
-0.24049280	12.85211732	-0.28404647	-0.24060817	12.85171847	-0.28373146
-0.13368442	12.80265492	-0.27069609	-0.13377862	12.80229328	-0.27040919
-0.01633860	12.73541578	-0.30620279	-0.01641531	12.73509854	-0.30594541
0.00664036	12.80155710	-0.40177153	0.00651816	12.80124166	-0.40151874
-0.27397757	12.76159684	-0.22129037	-0.27404675	12.76118595	-0.22097037
-0.15610737	12.68914686	-0.20849279	-0.15614587	12.68877764	-0.20820330
-0.02914142	12.60324292	-0.22944683	-0.02915177	12.60292346	-0.22919073
-0.55512870	12.90933064	-0.54198431	-0.55533441	12.90884041	-0.54157244
-0.58909493	12.90273914	-0.45024628	-0.58927381	12.90224496	-0.44982693
-0.48683771	12.92306558	-0.38899710	-0.48700409	12.92259703	-0.38861104
-0.45371394	12.93613951	-0.49457215	-0.45391402	12.93567896	-0.49419480
-0.60535831	12.83046178	-0.37125012	-0.60549296	12.82996386	-0.37083163
-0.51628240	12.82082368	-0.31275524	-0.51639652	12.82034532	-0.31236661
-0.33761646	12.93484773	-0.42674399	-0.33779666	12.93441913	-0.42640107
-0.36433041	12.89931083	-0.32811898	-0.36447266	12.89887419	-0.32776914
-0.39963952	12.80160013	-0.25953923	-0.39973206	12.80115246	-0.25918444
0.29279325	12.63804709	-0.65013564	0.29272637	12.63782671	-0.64997087
0.33458402	12.63482868	-0.67369931	0.33452195	12.63462918	-0.67355059
0.26663609	12.57122335	-0.50026759	0.26659968	12.57102630	-0.50009650
0.31303500	12.57037966	-0.51024776	0.31300003	12.57019989	-0.51008520
0.31711242	12.58842318	-0.49471711	0.31707202	12.58824926	-0.49455923
0.33551734	12.64913798	-0.66531559	0.33544703	12.64893892	-0.66516775
0.34274251	12.63163955	-0.68797964	0.34267917	12.63144298	-0.68784096
0.31955526	12.57422616	-0.50956824	0.31951818	12.57405460	-0.50941559
0.35197430	12.55455083	-0.55025539	0.35194453	12.55439023	-0.55011444
0.37215471	12.61316099	-0.73862629	0.37210154	12.61298678	-0.73850934
0.32707045	12.43998942	-0.39820959	0.32708447	12.43985520	-0.39808705
0.29464545	12.48665497	-0.37479096	0.29464952	12.48649388	-0.37464453
0.28892564	12.49070305	-0.36983747	0.28892964	12.49053189	-0.36968197
0.24143982	12.47635321	-0.35363015	0.24144778	12.47616526	-0.35346672
0.44522615	12.55335467	-0.61232319	0.44519845	12.55323867	-0.61220748
0.43843109	12.62112867	-0.81444009	0.43838179	12.62103191	-0.81436068
0.43380589	12.41180716	-0.44542067	0.43382759	12.41172078	-0.44533001
0.13721532	12.63883755	-0.40820527	0.13715989	12.63858154	-0.40798885
0.16334565	12.70921154	-0.53052585	0.16324689	12.70894934	-0.53030706
0.11894038	12.52173757	-0.29253339	0.11894434	12.52148451	-0.29232151
0.16269270	13.14396172	-0.39358050	0.16244035	13.14370516	-0.39336956
0.25870365	13.03019008	-0.12793699	0.25855286	13.02998165	-0.12774044
0.29822186	12.91624368	-0.08636286	0.29812537	12.91605078	-0.08617398
0.32758344	12.73629150	-0.09171873	0.32755733	12.73611227	-0.09154283
0.34785948	12.55694609	-0.12144560	0.34789485	12.55678085	-0.12128960
0.24003888	12.85601739	-0.81280005	0.23980974	12.85566133	-0.81252629
0.33899530	12.37449505	-0.18416163	0.33906273	12.37436136	-0.18404693
0.17540305	13.05994786	-0.58741335	0.17514151	13.05967572	-0.58720221
0.20105768	12.98977310	-0.68727612	0.20080594	12.98948464	-0.68705279
0.89661510	11.96122117	-0.57109689	0.89666719	11.96126816	-0.57110811
0.82720114	12.01967539	-0.45665521	0.82719844	12.01967179	-0.45665477
0.94040928	11.92456438	-0.70482088	0.94052027	11.92464806	-0.70483389
0.74636015	12.33215131	-1.28638859	0.74644779	12.33224869	-1.28636787
0.46141441	12.61959639	-1.16627386	0.46140091	12.61961169	-1.16625967
0.35348362	12.65775307	-1.05810895	0.35345038	12.65771459	-1.05807389
0.28728843	12.66081853	-0.95978517	0.28725380	12.66067034	-0.95972594
0.27292422	12.69048035	-0.89830013	0.27285297	12.69027470	-0.89819292
0.25630479	12.70138488	-0.88483758	0.25620176	12.70115313	-0.88468425
0.20803883	12.68702796	-0.86664980	0.20795158	12.68673377	-0.86646696
0.11945993	12.70886169	-0.75205844	0.11933894	12.70851701	-0.75183310
0.01116538	12.74256245	-0.62176282	0.01102535	12.74221359	-0.62148960
-0.19739171	12.78329648	-0.55656852	-0.19755582	12.78290672	-0.55626010
-0.30044148	12.82490644	-0.60676142	-0.30064012	12.82448410	-0.60642326
-0.48425104	12.88671511	-0.69365082	-0.48449415	12.88624366	-0.69325954
-0.56643273	12.88958551	-0.68215832	-0.56667055	12.88908241	-0.68173573
-0.71211516	12.85755602	-0.54009854	-0.71230814	12.85702212	-0.53963468
-0.18866528	12.52413537	-0.11298686	-0.18861890	12.52375240	-0.11269384
0.14148903	12.35469793	-0.13808028	0.14160228	12.35445001	-0.13788580
0.30954596	12.38307867	-0.22211823	0.30959914	12.38293829	-0.22199448
0.38325243	12.29349655	-0.19491953	0.38327194	12.29342426	-0.19487612
0.46931912	12.23703938	-0.23861657	0.46934331	12.23699498	-0.23858243
0.71412209	12.09174570	-0.37176779	0.71412422	12.09173936	-0.37176596
0.29553165	12.51381424	-0.36792645	0.29552923	12.51364631	-0.36777252
0.58376322	12.77742131	-0.54036988	0.58365311	12.77735490	-0.54024328
0.30443436	12.98826446	-0.52895621	0.30421659	12.98805843	-0.52876199
0.03348749	12.99386514	-0.26132880	0.03332384	12.99356517	-0.26108329
0.10184271	13.07647426	-0.30644516	0.10163678	13.07619888	-0.30621776
0.31922357	12.86775874	-0.29314325	0.31910555	12.86757242	-0.29296064
0.03028868	12.96641617	-0.41977148	0.03010018	12.96610705	-0.41952609
0.12364608	13.04430582	-0.41593819	0.12342787	13.04403244	-0.41571547
0.36644212	12.82240725	-0.69224828	0.36628724	12.82221116	-0.69206346
0.15813848	13.02796730	-0.17795275	0.15797828	13.02771867	-0.17773497
0.21982805	12.81306486	-0.79220132	0.21963615	12.81274109	-0.79196545
0.32980662	12.75737886	-0.52994881	0.32969814	12.75719071	-0.52977184
0.32792809	12.88511921	-0.83984854	0.32769150	12.88485440	-0.83961035
0.39453401	12.43557046	-0.24465689	0.39457527	12.43545789	-0.24453973
0.24518193	13.04578731	-0.44520678	0.24495589	13.04556031	-0.44500625
0.47647191	12.68422804	-0.66668281	0.47638405	12.68411216	-0.66655785
0.69798415	12.74945114	-0.77168591	0.69786786	12.74946557	-0.77158289
0.32762070	12.93908834	-0.19887002	0.32749108	12.93890615	-0.19868722
-0.42732773	12.90905034	-0.24288256	-0.42745011	12.90859288	-0.24251501
0.15379938	13.08046360	-0.24726586	0.15360382	13.08021101	-0.24704929
0.32344351	12.94521005	-0.68650599	0.32322170	12.94498876	-0.68630336
-0.51437266	12.90871378	-0.28317923	-0.51450484	12.90823382	-0.28278578
0.22887525	13.03056859	-0.32697594	0.22868129	13.03034187	-0.32677400
0.29048013	12.45882469	-0.20015095	0.29052360	12.45865651	-0.20000011
0.11965403	13.09772245	-0.36851200	0.11942598	13.09745052	-0.36828994
0.21049138	13.07626504	-0.48741742	0.21024413	13.07601973	-0.48721250
0.25503912	12.61186826	-0.24385404	0.25502525	12.61167072	-0.24367061
0.16806728	12.93631238	-0.50724492	0.16787256	12.93604773	-0.50702561
0.27682935	12.88823731	-0.82886065	0.27657712	12.88782457	-0.82850725
0.28390650	12.83824750	-0.83305388	0.28370905	12.83792582	-0.83282057
0.23132807	13.02087281	-0.54318179	0.23109117	13.02063058	-0.54297602
0.37654968	12.79870126	-0.19682695	0.37647607	12.79854080	-0.19665813
0.49830147	12.59171472	-0.43207683	0.49827578	12.59162018	-0.43195759
0.30525291	12.75952897	-0.88634861	0.30512632	12.75932543	-0.88620331
0.16122281	12.96330103	-0.64237569	0.16098853	12.96300925	-0.64214585
0.39156855	12.37544364	-0.22167193	0.39162624	12.37534229	-0.22157312
0.35843416	12.48325139	-0.31158888	0.35845281	12.48311611	-0.31145447
0.19548299	12.86758314	-0.18550919	0.19538406	12.86735179	-0.18529890
0.38939235	12.72968074	-0.90916077	0.38930393	12.72959732	-0.90907485
0.29676003	12.79135376	-0.84750307	0.29659913	12.79109133	-0.84732059
0.14608066	13.11283086	-0.27956529	0.14586494	13.11257472	-0.27934841
0.41526912	12.60618242	-0.24645376	0.41526354	12.60605349	-0.24631040
0.21486060	12.85805741	-0.76878260	0.21463462	12.85772361	-0.76852610
0.42784047	12.71251562	-0.82613010	0.42774951	12.71239990	-0.82601651
0.82695825	12.74548132	-0.86703002	0.82684031	12.74555935	-0.86693230
0.56571967	12.79124083	-0.92630964	0.56558700	12.79122535	-0.92619506
0.34153736	12.68543503	-0.19794716	0.34150630	12.68526867	-0.19777917
0.25157709	12.76215936	-0.18026934	0.25152032	12.76195318	-0.18007538
