0.85098000	12.73670000	-0.42027998	0.85067208	12.73657346	-0.42012468
0.82218000	12.87490000	-0.44889998	0.82186743	12.87474616	-0.44869534
0.89827996	12.83360000	-0.54721000	0.89804892	12.83351162	-0.54699987
0.93015003	12.70040000	-0.53268000	0.92992667	12.70032947	-0.53251384
0.77972000	12.96580000	-0.50917000	0.77944480	12.96565126	-0.50894871
0.85980000	12.91970060	-0.59010000	0.85959310	12.91961542	-0.58987120
0.90906000	12.87680050	-0.65046000	0.90888477	12.87673863	-0.65024042
0.94737000	12.80690000	-0.64478004	0.94719876	12.80684743	-0.64457092
0.98124000	12.67780000	-0.64582000	0.98107686	12.67775541	-0.64564759
0.71713000	12.76640000	-1.16413009	0.71717091	12.76642469	-1.16406166
0.83944000	12.71580000	-1.14240000	0.83947351	12.71583282	-1.14230643
0.80804010	12.82230090	-1.07359000	0.80805899	12.82232322	-1.07347696
0.68590003	12.86860080	-1.09031000	0.68594003	12.86862613	-1.09023804
0.94060004	12.68200000	-1.07965000	0.94061316	12.68203064	-1.07952710
0.90761006	12.79310000	-1.02094007	0.90760898	12.79311483	-1.02078858
0.86807007	12.86160000	-0.97031003	0.86804974	12.86159936	-0.97014252
0.78928000	12.90249920	-0.98565000	0.78927561	12.90251527	-0.98551112
0.66735000	12.94850060	-0.99105996	0.66736227	12.94851960	-0.99096369
0.59628004	12.83420000	-0.20819000	0.59569697	12.83382569	-0.20812805
0.57800000	12.97120090	-0.25585002	0.57750405	12.97083674	-0.25570582
0.71198005	12.92340000	-0.34866000	0.71157239	12.92315434	-0.34846714
0.73344004	12.78399940	-0.30827000	0.73299704	12.78377881	-0.30814411
0.54743000	13.05760100	-0.34026000	0.54703510	13.05728963	-0.34009820
0.67580000	13.01380060	-0.42442998	0.67546512	13.01358391	-0.42421689
0.46756002	12.88159940	-1.06358993	0.46761054	12.88162665	-1.06360846
0.59376997	12.82730000	-1.13641012	0.59381882	12.82732457	-1.13638181
0.56310004	12.91970060	-1.06397000	0.56314668	12.91972698	-1.06392907
0.43909000	12.96410080	-0.98893994	0.43912165	12.96412932	-0.98895076
0.54296000	12.99430000	-0.96231000	0.54297634	12.99432216	-0.96225446
0.41830000	13.03350070	-0.88625000	0.41828852	13.03352551	-0.88625271
-0.01381000	12.98910000	-0.06632000	-0.01420984	12.98873102	-0.06650883
-0.14222000	13.00080000	-0.08833000	-0.14255500	13.00055843	-0.08851622
-0.14472000	13.07420060	-0.13491000	-0.14499784	13.07400654	-0.13504127
-0.01992000	13.07640080	-0.11030000	-0.02023745	13.07608806	-0.11041399
-0.26099000	13.00240000	-0.12461000	-0.26127036	13.00228125	-0.12477410
-0.26196000	13.06380000	-0.17306000	-0.26220601	13.06372262	-0.17319104
-0.26321003	13.10500050	-0.23859000	-0.26342383	13.10495965	-0.23870901
-0.14673000	13.12110000	-0.20109999	-0.14697044	13.12096003	-0.20120023
-0.02491000	13.13040070	-0.17619000	-0.02517209	13.13015168	-0.17626648
0.03121000	12.97520000	-0.59077000	0.03099227	12.97521251	-0.59101300
0.01617000	13.03760050	-0.56526000	0.01596085	13.03760404	-0.56545077
-0.06479000	13.03959940	-0.55471003	-0.06500408	13.03964819	-0.55491044
-0.05060000	12.98340000	-0.57033000	-0.05083119	12.98344995	-0.57057610
-0.00341000	13.09160000	-0.51788000	-0.00361260	13.09157826	-0.51802321
-0.08635000	13.08589940	-0.51902000	-0.08654846	13.08593527	-0.51917919
-0.17985000	13.07870000	-0.53517000	-0.18005291	13.07877269	-0.53532054
-0.15723000	13.03770000	-0.57106000	-0.15744712	13.03778986	-0.57123955
-0.14254001	12.98650070	-0.58848000	-0.14277052	12.98660215	-0.58870077
0.98743004	12.28880000	-0.67193000	0.98735619	12.28878545	-0.67186927
0.96647996	12.06990000	-0.68786000	0.96647376	12.06988819	-0.68784982
0.91390000	12.09670070	-0.55256003	0.91386975	12.09667544	-0.55255513
0.92882010	12.30350000	-0.53679000	0.92869956	12.30346782	-0.53674115
0.83595000	12.14660070	-0.43133003	0.83589002	12.14658659	-0.43133041
0.84339000	12.32870000	-0.41143999	0.84321648	12.32865724	-0.41141167
0.97943000	12.38000000	-1.14153000	0.97947071	12.38005118	-1.14146185
0.88453000	12.44060000	-1.21054000	0.88458040	12.44065402	-1.21049001
0.87983000	12.28110000	-1.23539007	0.87989643	12.28115446	-1.23536187
0.97187006	12.18870070	-1.15688000	0.97192903	12.18875068	-1.15685045
0.75735000	12.51690000	-1.23934007	0.75738488	12.51693600	-1.23930470
0.75349003	12.39670090	-1.27077000	0.75355221	12.39674957	-1.27075302
0.86754000	12.17640000	-1.24323000	0.86761513	12.17645763	-1.24321875
0.95291007	12.05410000	-1.15495000	0.95296360	12.05414353	-1.15493762
0.99353000	12.49780000	-0.65717000	0.99340184	12.49777690	-0.65704271
0.93692000	12.51380060	-0.53070000	0.93672809	12.51374324	-0.53058651
0.85271996	12.54230000	-0.40872002	0.85244050	12.54221703	-0.40864357
0.86804000	12.58710000	-1.18370000	0.86807729	12.58713972	-1.18362569
0.96711000	12.54440000	-1.11789000	0.96713953	12.54444332	-1.11779127
0.74284000	12.64470000	-1.20865000	0.74287727	12.64472927	-1.20860068
0.60008997	12.42000000	-0.22572999	0.59972402	12.41989109	-0.22583622
0.60045000	12.63480000	-0.20322001	0.59988344	12.63452124	-0.20326648
0.73379004	12.58500000	-0.29752000	0.73338404	12.58485187	-0.29752172
0.72737000	12.37080000	-0.30848000	0.72712188	12.37073716	-0.30849610
0.46882000	12.70490070	-1.15072000	0.46886018	12.70491605	-1.15072331
0.61207000	12.61500070	-1.21942000	0.61209755	12.61501564	-1.21940012
0.60884000	12.71920000	-1.18590009	0.60887971	12.71921638	-1.18586698
0.47390000	12.78880000	-1.11704000	0.47394555	12.78881949	-1.11705155
0.58653000	12.17480000	-0.30181000	0.58651604	12.17479397	-0.30180630
0.59724003	12.28070000	-0.26254000	0.59707253	12.28067194	-0.26258441
0.72332000	12.21610070	-0.33775002	0.72321873	12.21607745	-0.33776322
0.60072000	12.48690000	-1.25183000	0.60075712	12.48692492	-1.25184201
0.60686004	12.53430080	-1.24357009	0.60688979	12.53432497	-1.24357078
0.46272000	12.64919950	-1.16639006	0.46275231	12.64921664	-1.16639726
-0.00541000	12.71130000	-0.06534000	-0.00604812	12.71083067	-0.06584188
-0.15408000	12.77979950	-0.07262000	-0.15455739	12.77949926	-0.07300000
-0.14420001	12.90260000	-0.07008001	-0.14460672	12.90232671	-0.07035506
-0.00588000	12.86570000	-0.05461000	-0.00640835	12.86527792	-0.05492990
-0.29003000	12.83090110	-0.09720000	-0.29039492	12.83076009	-0.09746177
-0.27146003	12.92600000	-0.10104001	-0.27178203	12.92586338	-0.10124698
0.02713000	12.84570000	-0.61986000	0.02689545	12.84573776	-0.62022368
0.03334000	12.91109940	-0.60725003	0.03311044	12.91112690	-0.60755318
-0.04773000	12.92160000	-0.57967000	-0.04797711	12.92166097	-0.57996954
-0.05600000	12.85679910	-0.58369005	-0.05626904	12.85686770	-0.58405011
-0.13938001	12.92920110	-0.59671000	-0.13963103	12.92930560	-0.59697730
-0.14913000	12.86840060	-0.59556000	-0.14938875	12.86850439	-0.59587541
-0.03472000	12.41560000	-0.11991000	-0.03549909	12.41517213	-0.12080771
-0.17511000	12.63270090	-0.09055000	-0.17569462	12.63238202	-0.09110587
-0.02000000	12.54070000	-0.08941000	-0.02074983	12.54022959	-0.09014452
-0.32655000	12.62550000	-0.12926000	-0.32707497	12.62536044	-0.12964216
-0.31288000	12.71320060	-0.10910000	-0.31331380	12.71305995	-0.10942137
0.01711000	12.77940000	-0.63168000	0.01686326	12.77945574	-0.63211248
-0.07540000	12.79040050	-0.58086000	-0.07569467	12.79048180	-0.58129946
-0.09324000	12.76340000	-0.56080000	-0.09355406	12.76346937	-0.56127969
-0.17319000	12.80590060	-0.58353000	-0.17347159	12.80599969	-0.58389112
-0.38329002	12.99949930	-0.17385000	-0.38353769	12.99949361	-0.17396587
-0.37548003	13.04970000	-0.21959000	-0.37570679	13.04970965	-0.21970083
-0.49313998	12.99270060	-0.23046000	-0.49337517	12.99278954	-0.23056451
-0.47342000	13.03350070	-0.27143000	-0.47364002	13.03358624	-0.27153240
-0.45135003	13.06680000	-0.32168000	-0.45155504	13.06689328	-0.32178222
-0.36559000	13.08680000	-0.27872000	-0.36579599	13.08683288	-0.27881838
-0.26153000	13.03540000	-0.59059000	-0.26175218	13.03552515	-0.59075950
-0.24714000	12.99019910	-0.61556000	-0.24737020	12.99032895	-0.61575478
-0.28180000	13.07180000	-0.55014000	-0.28201034	13.07191269	-0.55028538
-0.37645000	13.06320100	-0.55873000	-0.37665820	13.06331072	-0.55886903
-0.36155000	13.03200050	-0.60361000	-0.36176831	13.03211093	-0.60376293
-0.35190000	12.99370000	-0.63746000	-0.35211753	12.99380451	-0.63761890
-0.24849999	12.94170090	-0.63141000	-0.24873480	12.94183480	-0.63162505
-0.35938000	12.95480060	-0.66225000	-0.35958721	12.95489406	-0.66240638
-0.37412000	12.91750050	-0.67638004	-0.37431055	12.91756737	-0.67651312
-0.26123000	12.89219950	-0.63596004	-0.26146907	12.89232703	-0.63618888
-0.53731000	12.88700000	-0.18991000	-0.53757357	12.88709011	-0.19000927
-0.55726000	12.76500000	-0.19554000	-0.55757978	12.76508531	-0.19562260
-0.63338000	12.80180070	-0.25304002	-0.63365112	12.80187894	-0.25312235
-0.61534000	12.89779950	-0.25218000	-0.61558744	12.89788873	-0.25226588
-0.56526000	12.66030000	-0.21289001	-0.56563124	12.66037876	-0.21294658
-0.64064000	12.71920000	-0.26498002	-0.64092308	12.71926324	-0.26505823
-0.68911000	12.78900050	-0.33506000	-0.68931467	12.78902088	-0.33514606
-0.68287003	12.84130000	-0.32923000	-0.68309312	12.84134774	-0.32931852
-0.66691000	12.90440080	-0.33078000	-0.66713465	12.90446639	-0.33086574
-0.45578000	12.65020000	-0.16502000	-0.45620127	12.65022811	-0.16517577
-0.44467002	12.74640000	-0.14595000	-0.44502586	12.74640944	-0.14611325
-0.42255998	12.86570000	-0.13751000	-0.42285958	12.86569090	-0.13766417
-0.47001000	12.93320000	-0.68729000	-0.47014945	12.93320177	-0.68738932
-0.47691998	12.90619950	-0.69790000	-0.47702896	12.90617422	-0.69797605
-0.38627002	12.88420000	-0.67825000	-0.38644153	12.88424573	-0.67835772
-0.55660003	12.93830000	-0.66731000	-0.55670959	12.93828316	-0.66739112
-0.56136000	12.91160000	-0.68211000	-0.56144191	12.91156606	-0.68217405
-0.39709002	12.86740000	-0.66786000	-0.39725159	12.86743516	-0.66795580
-0.28094003	12.84400080	-0.62815000	-0.28117536	12.84411312	-0.62838340
0.89871997	12.88490000	-0.90165010	0.89867096	12.88489338	-0.90146198
0.79868000	12.95190000	-0.88763000	0.79863588	12.95189458	-0.88746227
0.91517000	12.89930000	-0.81292003	0.91508540	12.89927443	-0.81271044
0.82003003	12.97180080	-0.78312004	0.81993751	12.97176588	-0.78292273
0.70954000	13.02749920	-0.74186003	0.70943977	13.02745029	-0.74167343
0.67983000	13.00330070	-0.87096995	0.67979324	13.00329715	-0.87083167
0.91621000	12.89550000	-0.72102000	0.91607601	12.89545658	-0.72079909
0.83707000	12.96309950	-0.67659000	0.83691470	12.96303202	-0.67636820
0.74250000	13.01570000	-0.61460000	0.74230690	13.01560483	-0.61439035
1.00032000	12.67140000	-0.98494000	1.00030352	12.67142266	-0.98479309
0.96255000	12.79300000	-0.93988000	0.96251784	12.79300486	-0.93970400
1.02339000	12.67190070	-0.87360000	1.02333544	12.67190797	-0.87343390
0.98232000	12.80240060	-0.84309000	0.98224402	12.80238599	-0.84289405
1.01469000	12.67100050	-0.76026005	1.01458582	12.67098775	-0.76008272
0.97636000	12.80200100	-0.74369997	0.97623245	12.80197205	-0.74349436
0.55964000	13.04880000	-0.82587004	0.55959257	13.04878932	-0.82577001
0.59634000	13.07450000	-0.67702000	0.59619872	13.07442513	-0.67687399
0.47237000	13.11320000	-0.59450000	0.47219321	13.11309183	-0.59439381
0.43532000	13.08660000	-0.74642000	0.43523507	13.08657484	-0.74637021
0.63618004	13.06340000	-0.53891003	0.63593818	13.06325179	-0.53871584
0.51093000	13.10420130	-0.45635000	0.51063987	13.10398961	-0.45619643
-0.38498002	13.08070090	-0.50084000	-0.38517971	13.08081019	-0.50096888
-0.46847000	13.06230070	-0.51340000	-0.46866912	13.06239355	-0.51352252
-0.44854003	13.05090000	-0.55575000	-0.44874264	13.05099355	-0.55587859
-0.39706000	13.08680000	-0.43781000	-0.39726389	13.08690271	-0.43793129
-0.49065000	13.06420000	-0.46890002	-0.49085039	13.06429251	-0.46901596
-0.57501000	13.03780080	-0.49801000	-0.57520777	13.03788208	-0.49811061
-0.53738000	13.03980000	-0.53056000	-0.53757643	13.03988284	-0.53067153
-0.49967000	13.03820000	-0.55677000	-0.49987034	13.03828640	-0.55689341
-0.42254000	13.08340000	-0.37761000	-0.42273893	13.08349322	-0.37772109
-0.50447005	13.06000000	-0.41755000	-0.50467518	13.06009376	-0.41765912
-0.51939005	13.04550080	-0.36666000	-0.51959637	13.04559235	-0.36676447
-0.56496000	13.02850060	-0.39896000	-0.56517153	13.02859477	-0.39905894
-0.57684004	13.03360000	-0.44754002	-0.57703964	13.03368739	-0.44763843
-0.01915000	13.13050000	-0.43595000	-0.01935319	13.13043778	-0.43605459
-0.11083000	13.11810000	-0.44846000	-0.11102244	13.11809973	-0.44858623
-0.02855000	13.15200000	-0.34064000	-0.02877604	13.15188032	-0.34071360
-0.13171001	13.13580000	-0.36194000	-0.13191421	13.13575648	-0.36204596
-0.23283000	13.11860080	-0.39301000	-0.23302917	13.11862856	-0.39314050
-0.20680001	13.10510000	-0.47139000	-0.20699607	13.10514940	-0.47152658
-0.02912000	13.15380000	-0.25350000	-0.02935685	13.15361863	-0.25356293
-0.14306001	13.13920000	-0.27815002	-0.14327817	13.13911093	-0.27824373
-0.25265000	13.12090000	-0.31348000	-0.25285240	13.12089692	-0.31359655
0.99070996	11.97510050	-1.05858000	0.99075041	11.97512819	-1.05856975
1.01325000	12.12000000	-1.05672000	1.01329287	12.12003919	-1.05669320
0.99313000	11.93020060	-0.95313996	0.99316832	11.93021744	-0.95313238
1.01915000	12.07680000	-0.94247000	1.01917110	12.07682482	-0.94245015
1.03833000	12.29450000	-0.92706007	1.03832345	12.29452256	-0.92698613
1.02699000	12.32910060	-1.04298007	1.02701128	12.32914026	-1.04290629
0.97445005	11.91370000	-0.83416003	0.97447134	11.91370246	-0.83415555
1.00251000	12.06160000	-0.81902000	1.00251391	12.06160651	-0.81900633
1.02458000	12.28350000	-0.80270004	1.02454243	12.28350854	-0.80262995
1.02255000	12.51490000	-1.01866000	1.02255470	12.51493479	-1.01854407
1.04119000	12.49740000	-0.90349000	1.04115926	12.49741875	-0.90336208
1.02993000	12.49200000	-0.78220004	1.02985716	12.49199863	-0.78206520
-0.64261000	12.93289950	-0.61489004	-0.64270865	12.93287884	-0.61496273
-0.64938000	12.90310100	-0.62684005	-0.64945213	12.90306837	-0.62689553
-0.70040005	12.92260000	-0.53506000	-0.70051287	12.92258625	-0.53514010
-0.71084000	12.88640000	-0.54106003	-0.71092252	12.88637276	-0.54112512
-0.65117997	12.87970000	-0.62825000	-0.65123327	12.87966415	-0.62829022
-0.70203000	12.91290000	-0.43280002	-0.70220020	12.91291661	-0.43288227
-0.71549004	12.86780000	-0.43372002	-0.71563825	12.86779584	-0.43380406
-0.71843000	12.83210000	-0.43544003	-0.71854660	12.83208035	-0.43551776
-0.29807000	13.09380050	-0.48784000	-0.29827514	13.09389245	-0.48796945
-0.31627000	13.10360000	-0.41546997	-0.31646892	13.10366621	-0.41558415
-0.34231000	13.10300000	-0.34497002	-0.34250967	13.10305232	-0.34507534
-0.59524006	12.95020000	-0.26494000	-0.59547784	12.95029120	-0.26503701
-0.51489000	12.95330000	-0.20242000	-0.51513531	12.95339163	-0.20252151
-0.64929000	12.94460000	-0.34003000	-0.64951108	12.94467616	-0.34011528
-0.62613004	12.97420000	-0.35691000	-0.62634388	12.97428302	-0.35699540
-0.57219000	12.98220060	-0.28928003	-0.57241701	12.98228992	-0.28937909
-0.40033004	12.94409940	-0.14678000	-0.40059613	12.94408166	-0.14691694
-0.45696002	12.96420000	-0.66890000	-0.45712744	12.96423119	-0.66901987
-0.44506000	12.99650000	-0.64068000	-0.44525171	12.99656083	-0.64080731
-0.52919000	12.99550060	-0.62354004	-0.52935304	12.99553814	-0.62364807
-0.54512000	12.96710110	-0.64950000	-0.54525561	12.96710927	-0.64959692
-0.65907997	12.97980000	-0.52342004	-0.65924052	12.97982790	-0.52351565
-0.68340004	12.95230000	-0.52972000	-0.68353656	12.95230310	-0.52980846
-0.62885000	12.96120000	-0.60210000	-0.62897625	12.96119977	-0.60218859
-0.60797000	12.98840000	-0.58430000	-0.60811905	12.98842035	-0.58439579
-0.62702000	13.00900000	-0.51452000	-0.62719697	13.00904659	-0.51461783
-0.58068000	13.01480000	-0.55733000	-0.58085552	13.01484845	-0.55742929
-0.51100004	13.02120110	-0.58425003	-0.51118943	13.02127498	-0.58436968
-0.68459004	12.94610000	-0.43540000	-0.68477437	12.94613110	-0.43548747
-0.66023004	12.97420000	-0.44134998	-0.66042602	12.97424730	-0.44144216
-0.59391000	13.00530000	-0.38129002	-0.59412131	13.00538915	-0.38138158
-0.62652004	13.00430000	-0.45043000	-0.62671594	13.00436121	-0.45052084
-0.54446000	13.01680000	-0.32354000	-0.54467418	13.01689088	-0.32364209
-0.44150000	13.02720070	-0.60058000	-0.44170190	13.02728942	-0.60071353
0.18115000	13.12039950	-0.18518000	0.18083921	13.12000902	-0.18521520
0.15155000	13.15899940	-0.27046000	0.15127885	13.15872416	-0.27045672
0.17924000	13.14689920	-0.28517002	0.17895833	13.14662455	-0.28516543
0.21312001	13.10710050	-0.19673000	0.21278806	13.10668710	-0.19675408
0.13118000	13.16600000	-0.36558002	0.13093034	13.16580567	-0.36559141
0.15728001	13.15470000	-0.38249000	0.15702483	13.15450076	-0.38250316
0.18381000	13.13800050	-0.29518002	0.18352199	13.13773157	-0.29518453
0.21750000	13.09870050	-0.20313000	0.21715722	13.09829119	-0.20315795
0.19045000	13.14570000	-0.29624000	0.19016476	13.14543052	-0.29623652
0.22290002	13.10520080	-0.19800000	0.22256998	13.10477810	-0.19801453
0.17134000	13.15280060	-0.39961000	0.17108440	13.15260563	-0.39961984
0.21533000	13.15860000	-0.42552000	0.21508965	13.15840839	-0.42550858
0.23687999	13.15100000	-0.31412002	0.23657029	13.15071292	-0.31409796
0.26879000	13.10850050	-0.20878999	0.26843306	13.10807329	-0.20877683
0.25658000	12.93390080	-0.06502000	0.25599061	12.93330685	-0.06514887
0.21968000	13.05030060	-0.11057001	0.21925729	13.04980984	-0.11061854
0.25584000	13.03750000	-0.12194001	0.25539190	13.03699490	-0.12197735
0.29611000	12.92060000	-0.07811000	0.29547495	12.91997303	-0.07826338
0.26607000	13.03550000	-0.12242001	0.26560740	13.03499195	-0.12245507
0.30731001	12.91870000	-0.08150000	0.30662976	12.91806130	-0.08165084
0.31127998	13.03399940	-0.12974000	0.31080212	13.03347284	-0.12974711
0.35109000	12.91089920	-0.08741000	0.35038504	12.91024325	-0.08752248
0.37657002	12.72200000	-0.09144000	0.37545137	12.72130063	-0.09186461
0.33652002	12.73570060	-0.08704000	0.33534968	12.73491960	-0.08752013
0.39418003	12.52660000	-0.12211000	0.39349348	12.52618936	-0.12243818
0.35666000	12.55070000	-0.11747000	0.35591118	12.55021255	-0.11788348
0.32514000	12.73790000	-0.08232000	0.32368983	12.73688244	-0.08283158
0.34448000	12.55350000	-0.11257000	0.34371948	12.55300435	-0.11300006
0.29884002	12.56730000	-0.09454000	0.29799229	12.56670340	-0.09506472
0.28311000	12.75530050	-0.06635001	0.28203100	12.75456265	-0.06683128
0.26621002	12.78330000	-0.91951000	0.26619372	12.78333990	-0.91968661
0.25636002	12.85350000	-0.89465000	0.25633667	12.85355075	-0.89482726
0.23726001	12.85930060	-0.83558000	0.23720120	12.85935717	-0.83577841
0.24799000	12.79850000	-0.85925000	0.24793375	12.79855268	-0.85945814
0.24109002	12.92550090	-0.84430000	0.24105348	12.92555777	-0.84446527
0.22135000	12.92390000	-0.78863000	0.22128063	12.92394298	-0.78880672
0.22787002	12.91950130	-0.77082000	0.22779049	12.91953691	-0.77099218
0.24891000	12.80430000	-0.83851004	0.24884476	12.80435023	-0.83871875
0.22100000	12.85970000	-0.82118000	0.22093918	12.85976548	-0.82140277
0.22591000	12.80240060	-0.84415000	0.22585271	12.80246727	-0.84438818
0.21033001	12.92340000	-0.77887005	0.21025870	12.92345204	-0.77905304
0.16977000	12.93560000	-0.76429003	0.16969152	12.93566564	-0.76449581
0.17751001	12.86830000	-0.80277010	0.17744405	12.86838490	-0.80301874
0.17947000	12.80470000	-0.82383007	0.17939787	12.80478670	-0.82411012
0.27102002	12.71320060	-0.94459003	0.27101335	12.71321811	-0.94475724
0.25557002	12.73730000	-0.88341000	0.25551844	12.73734754	-0.88362208
0.25739000	12.75290000	-0.86109000	0.25732903	12.75295113	-0.86130391
0.27504000	12.71640000	-0.87428000	0.27498388	12.71643632	-0.87447837
0.23473000	12.74470000	-0.87095004	0.23467858	12.74476799	-0.87119736
0.18600000	12.73710060	-0.85339004	0.18592549	12.73719198	-0.85369426
0.28261003	12.32770060	-0.16245000	0.28190880	12.32724511	-0.16314085
0.30014000	12.42430000	-0.12870000	0.29944599	12.42381722	-0.12921444
0.34793000	12.42260000	-0.14503000	0.34729192	12.42224146	-0.14542686
0.33336002	12.35310000	-0.17762999	0.33278681	12.35273830	-0.17806950
0.35194000	12.43520000	-0.15231000	0.35131553	12.43484498	-0.15270090
0.36165000	12.41560000	-0.15009001	0.36104496	12.41529160	-0.15046419
0.34779000	12.34760000	-0.18405001	0.34738907	12.34734273	-0.18436134
0.39878000	12.38230000	-0.15855001	0.39827122	12.38209583	-0.15886582
0.12045000	13.14080000	-0.47081000	0.12023836	13.14067632	-0.47086234
0.15037000	13.12750000	-0.48481998	0.15015505	13.12737308	-0.48487582
0.12392000	13.08860000	-0.57895005	0.12374337	13.08855391	-0.57906454
0.15919000	13.07330000	-0.58962005	0.15901901	13.07324476	-0.58973061
0.16238001	13.11620000	-0.49155003	0.16216343	13.11607305	-0.49161104
0.16819000	13.12260000	-0.49168000	0.16797506	13.12246982	-0.49173477
0.17825000	13.06660000	-0.58580000	0.17807264	13.06653563	-0.58590317
0.20444000	13.07200050	-0.62509000	0.20429201	13.07196223	-0.62517612
0.20365000	13.12840000	-0.52413005	0.20345457	13.12828885	-0.52415855
0.22024000	13.00150000	-0.74332000	0.22015541	13.00152621	-0.74345030
0.19874000	12.99669930	-0.69526000	0.19862474	12.99670230	-0.69540701
0.18438000	12.99980070	-0.69482005	0.18426727	12.99981014	-0.69497221
0.14611000	13.01460000	-0.68357000	0.14599130	13.01462153	-0.68372971
0.39448000	13.09080000	-0.26234000	0.39407037	13.09039975	-0.26225741
0.42978000	13.01030000	-0.17855000	0.42925379	13.00981032	-0.17849543
0.45829000	12.87960050	-0.13234000	0.45763684	12.87906536	-0.13234831
0.31291002	12.99090000	-0.86184996	0.31288707	12.99094404	-0.86192901
0.33676000	12.91280080	-0.95101994	0.33676963	12.91283503	-0.95111014
0.29489002	13.06030000	-0.74981000	0.29481432	13.06030870	-0.74985289
0.13649000	12.96160000	-0.05984000	0.13599016	12.96111015	-0.06001089
0.11463000	13.06580070	-0.10445000	0.11425895	13.06538127	-0.10454013
0.09309000	13.12930000	-0.17450000	0.09279894	13.12896273	-0.17454466
0.08823001	13.02820000	-0.62438005	0.08806212	13.02820531	-0.62455460
0.06812000	13.09360000	-0.54649000	0.06792654	13.09355937	-0.54661189
0.10737000	12.95610000	-0.67868000	0.10723207	12.95614186	-0.67890752
0.47287998	12.68450070	-0.13233000	0.47207108	12.68404228	-0.13251766
0.48238000	12.47540000	-0.16093001	0.48182214	12.47515738	-0.16116878
0.34581003	12.83190060	-1.00395000	0.34583449	12.83192596	-1.00403281
0.34669003	12.75680070	-1.03309000	0.34672211	12.75681266	-1.03317220
0.48351002	12.33790000	-0.19921000	0.48321980	12.33782515	-0.19936499
0.34545000	12.69680000	-1.05186009	0.34548738	12.69680464	-1.05192543
0.15796000	12.47170070	-0.10541000	0.15718528	12.47115450	-0.10611592
0.16386001	12.62780000	-0.07593000	0.16304289	12.62720725	-0.07650108
0.10919000	12.75510000	-0.74843997	0.10903828	12.75518164	-0.74881397
0.10947000	12.82380100	-0.72479004	0.10932302	12.82386906	-0.72511863
0.15480000	12.80710000	-0.05528000	0.15406870	12.80655026	-0.05565730
0.11165001	12.88930000	-0.70685000	0.11150504	12.88935292	-0.70712848
0.33050000	13.14340110	-0.50064003	0.33027360	13.14324115	-0.50058050
0.30458000	13.11479950	-0.62753004	0.30443447	13.11474025	-0.62752243
0.36089000	13.13520050	-0.37449000	0.36058100	13.13493043	-0.37440151
0.06415000	13.16369920	-0.34669003	0.06391057	13.16352839	-0.34672606
0.06087000	13.13990000	-0.44882998	0.06065987	13.13979725	-0.44890143
0.07558000	13.16089920	-0.25530001	0.07532989	13.16064860	-0.25532605
0.88209003	11.96640000	-0.58452004	0.88211725	11.96637276	-0.58451027
0.81676000	12.01719950	-0.47386000	0.81676000	12.01719950	-0.47386000
0.92250997	11.93860050	-0.71337000	0.92254940	11.93858061	-0.71336680
0.90997000	12.00510000	-0.71822000	0.90998623	12.00507496	-0.71821634
0.87434000	12.05190000	-0.63178000	0.87433498	12.05185906	-0.63178124
0.80600005	12.11450000	-0.52874000	0.80596620	12.11445625	-0.52875510
0.95584005	11.93110000	-0.83768000	0.95585990	11.93110001	-0.83767571
0.97511000	11.94710060	-0.94908000	0.97514586	11.94711514	-0.94907395
0.94313000	12.06510070	-0.93240994	0.94315058	12.06511456	-0.93240550
0.92880005	12.03480050	-0.81475000	0.92881048	12.03478999	-0.81474492
0.97431004	11.98940000	-1.04228008	0.97434861	11.98942732	-1.04227161
0.93965000	12.06410000	-1.12921000	0.93970068	12.06414125	-1.12919956
0.91652006	12.12680000	-1.10682000	0.91657063	12.12683994	-1.10680918
0.94042000	12.10000000	-1.03027000	0.94045888	12.10003097	-1.03026227
0.85897000	12.18220000	-1.22034000	0.85903930	12.18225258	-1.22033048
0.74250000	12.33310000	-1.27099000	0.74257120	12.33315069	-1.27098359
0.74648000	12.36140000	-1.19926012	0.74653084	12.36143664	-1.19925106
0.85714000	12.22810000	-1.15767000	0.85719525	12.22814014	-1.15765551
0.60118000	12.48300080	-1.23771000	0.60121297	12.48302307	-1.23772150
0.47110000	12.61370000	-1.15271000	0.47112273	12.61371286	-1.15272145
0.49420000	12.61570000	-1.07906000	0.49420000	12.61570000	-1.07906000
0.61447000	12.50220000	-1.16283000	0.61447000	12.50220000	-1.16283000
0.38297000	12.64730000	-1.04976000	0.38299350	12.64730754	-1.04979464
0.33210000	12.64760000	-0.95691997	0.33209904	12.64759253	-0.95699863
0.37140000	12.64100070	-0.89641000	0.37140000	12.64100070	-0.89641000
0.41679000	12.64250090	-0.98287004	0.41679000	12.64250090	-0.98287004
0.31408000	12.67930000	-0.89750004	0.31404334	12.67930661	-0.89763547
0.31007000	12.70680000	-0.87007000	0.31001565	12.70681413	-0.87023050
0.33836000	12.69460000	-0.81285000	0.33827244	12.69460024	-0.81300880
0.34749000	12.66950000	-0.84047000	0.34741784	12.66950022	-0.84059150
0.30106002	12.69410000	-0.87398005	0.30100253	12.69412000	-0.87416142
0.25795000	12.68400000	-0.84457000	0.25786449	12.68404667	-0.84482124
0.29822000	12.68110000	-0.77510000	0.29809536	12.68109601	-0.77532022
0.33720002	12.68320000	-0.81152004	0.33710675	12.68319694	-0.81169364
0.15166001	12.71950050	-0.71641004	0.15147572	12.71954155	-0.71677896
0.01977000	12.77320000	-0.57592004	0.01947651	12.77321825	-0.57636115
0.02392000	12.81090000	-0.49903002	0.02358521	12.81085368	-0.49943097
0.17567001	12.73460000	-0.64107000	0.17544279	12.73458227	-0.64142097
-0.09685000	12.81610000	-0.51316000	-0.09714110	12.81612225	-0.51355562
-0.20433000	12.84800000	-0.51710004	-0.20458940	12.84806406	-0.51740170
-0.20773001	12.91649910	-0.45678002	-0.20800320	12.91653965	-0.45703129
-0.09893000	12.87560000	-0.44303998	-0.09924465	12.87557879	-0.44336295
-0.30947003	12.86840060	-0.57695000	-0.30968774	12.86849714	-0.57714995
-0.40805998	12.87950000	-0.64467000	-0.40821831	12.87954818	-0.64476626
-0.42473003	12.90720080	-0.59290000	-0.42490179	12.90727836	-0.59300686
-0.31898000	12.92150000	-0.52193000	-0.31921110	12.92159462	-0.52212124
-0.49615002	12.88280000	-0.67273000	-0.49624260	12.88278559	-0.67278356
-0.57586000	12.87930000	-0.66097003	-0.57591892	12.87927203	-0.66100823
-0.57508004	12.88170050	-0.62559000	-0.57515609	12.88169894	-0.62563307
-0.51850003	12.89050000	-0.62450000	-0.51860859	12.89051968	-0.62456184
-0.64998000	12.87090000	-0.60942000	-0.65003411	12.87087573	-0.60945660
-0.69922000	12.85450000	-0.52992004	-0.69928025	12.85447870	-0.52996627
-0.66215000	12.87070000	-0.50165004	-0.66225649	12.87071584	-0.50170442
-0.62475000	12.88009930	-0.57844000	-0.62482889	12.88010427	-0.57848389
-0.70425004	12.82720090	-0.43475000	-0.70436826	12.82719029	-0.43482360
-0.67740005	12.78030000	-0.34501000	-0.67760267	12.78031973	-0.34509281
-0.65579003	12.78690050	-0.35792002	-0.65599274	12.78693012	-0.35799503
-0.66803000	12.83350090	-0.41813000	-0.66818358	12.83352550	-0.41820223
-0.63069004	12.70590000	-0.28186000	-0.63097023	12.70595124	-0.28193572
-0.55719000	12.64540000	-0.23321000	-0.55756995	12.64546766	-0.23326633
-0.53961000	12.70469950	-0.26450000	-0.53996073	12.70475607	-0.26459377
-0.61567000	12.74810000	-0.31435000	-0.61592713	12.74815463	-0.31442815
-0.45026000	12.64060000	-0.18587000	-0.45070602	12.64062680	-0.18603463
-0.32321000	12.62010000	-0.14993000	-0.32375597	12.61998515	-0.15032908
-0.30539998	12.67380000	-0.17878000	-0.30591269	12.67370655	-0.17914025
-0.43140003	12.69810000	-0.21574000	-0.43182055	12.69811526	-0.21593193
-0.18651001	12.51590000	-0.13647000	-0.18721340	12.51561872	-0.13722259
-0.03783000	12.40030000	-0.14369000	-0.03859986	12.39989927	-0.14460059
-0.03538000	12.47000000	-0.17478000	-0.03611093	12.46964163	-0.17561337
-0.17492001	12.57860090	-0.16531001	-0.17558779	12.57837515	-0.16596006
0.12338001	12.34010000	-0.16394000	0.12263396	12.33967448	-0.16480978
0.25188002	12.32170000	-0.18916000	0.25121106	12.32127560	-0.18990589
0.23137000	12.38140000	-0.24122000	0.23082834	12.38103685	-0.24188926
0.11369999	12.40740000	-0.20535000	0.11303328	12.40699725	-0.20615764
0.30184000	12.35600000	-0.21041000	0.30131862	12.35563375	-0.21093811
0.28724000	12.43980000	-0.27981000	0.28677224	12.43941727	-0.28033496
0.27915000	12.41200070	-0.26592000	0.27867862	12.41162142	-0.26646884
0.31335002	12.34630000	-0.22300999	0.31296520	12.34595695	-0.22340229
0.34620000	12.27620000	-0.23202000	0.34620000	12.27620000	-0.23202000
0.31928000	12.33310000	-0.29083000	0.31901537	12.33275890	-0.29120651
0.28636000	12.39820000	-0.28093000	0.28595229	12.39780097	-0.28143114
0.44425997	12.21770000	-0.27141000	0.44425997	12.21770000	-0.27141000
0.57587000	12.16340070	-0.32883000	0.57587000	12.16340070	-0.32883000
0.56945000	12.24300000	-0.38297000	0.56934896	12.24289669	-0.38305813
0.42756000	12.28610000	-0.32799003	0.42741306	12.28591905	-0.32818716
0.70622003	12.08180000	-0.39380000	0.70622003	12.08180000	-0.39380000
0.69994000	12.18130000	-0.44758000	0.69986453	12.18123590	-0.44761668
0.76328003	12.39370000	-1.04838000	0.76329923	12.39371935	-1.04837220
0.86552000	12.24500000	-1.04721010	0.86554968	12.24502433	-1.04719331
0.78267000	12.37720000	-0.86025000	0.78264408	12.37718081	-0.86024563
0.87466000	12.22360000	-0.90674000	0.87465581	12.22359950	-0.90672231
0.79534000	12.26270000	-0.67253000	0.79527803	12.26264796	-0.67254383
0.87450000	12.14980000	-0.75458000	0.87448192	12.14977017	-0.75457575
0.53338000	12.60830000	-0.90296000	0.53335491	12.60828751	-0.90299226
0.64683000	12.52240000	-0.99062010	0.64682468	12.52239809	-0.99062621
0.56466000	12.53880000	-0.69149000	0.56453984	12.53872140	-0.69157833
0.67763000	12.47890000	-0.78126000	0.67756604	12.47885267	-0.78128610
0.57048005	12.38670000	-0.51114005	0.57031565	12.38656616	-0.51127727
0.69225000	12.34040000	-0.58917000	0.69214179	12.34031273	-0.58921964
-0.21855000	12.91160000	-0.37197003	-0.21886940	12.91160156	-0.37222200
-0.11260001	12.86860080	-0.35625002	-0.11297466	12.86852805	-0.35657025
-0.24001001	12.85360000	-0.28547000	-0.24038656	12.85355444	-0.28576072
-0.13326000	12.80410000	-0.27212000	-0.13370697	12.80396196	-0.27250611
-0.01598000	12.73680000	-0.30762002	-0.01650013	12.73660306	-0.30812287
0.00716000	12.80300000	-0.40319000	0.00674530	12.80286771	-0.40361504
-0.27360000	12.76310000	-0.22270000	-0.27404457	12.76303239	-0.22302431
-0.15585001	12.69060000	-0.20992000	-0.15641650	12.69040755	-0.21042427
-0.02902000	12.60460000	-0.23085001	-0.02966851	12.60430214	-0.23152567
-0.55451006	12.91060070	-0.54333000	-0.55464622	12.91065892	-0.54339622
-0.58853000	12.90410000	-0.45161000	-0.58870627	12.90417124	-0.45168328
-0.48628998	12.92449950	-0.39038000	-0.48652731	12.92458931	-0.39049286
-0.45310003	12.93750000	-0.49594003	-0.45329836	12.93759848	-0.49605460
-0.60486000	12.83190060	-0.37257000	-0.60507935	12.83196202	-0.37265110
-0.51581997	12.82230090	-0.31408998	-0.51610634	12.82236950	-0.31420679
-0.33701000	12.93630120	-0.42815000	-0.33726790	12.93637787	-0.42833891
-0.36380002	12.90080000	-0.32953000	-0.36410079	12.90085459	-0.32972047
-0.39921000	12.80310060	-0.26092002	-0.39957664	12.80312135	-0.26112458
0.29307002	12.63940000	-0.65127003	0.29287688	12.63934212	-0.65156973
0.33482000	12.63610000	-0.67474000	0.33464646	12.63604650	-0.67500260
0.26679000	12.57230000	-0.50140000	0.26647787	12.57212983	-0.50184083
0.31317002	12.57140000	-0.51135004	0.31287173	12.57122081	-0.51173432
0.31727000	12.58940000	-0.49576998	0.31696598	12.58920818	-0.49613981
0.33580002	12.65040000	-0.66634005	0.33562513	12.65034081	-0.66658377
0.34299000	12.63290000	-0.68895000	0.34283335	12.63284455	-0.68918760
0.31970000	12.57520000	-0.51060003	0.31941956	12.57501520	-0.51096877
0.35208002	12.55550000	-0.55122000	0.35184252	12.55535189	-0.55154604
0.37236000	12.61430000	-0.73944000	0.37223908	12.61425785	-0.73963955
0.32701000	12.44070000	-0.39905000	0.32670169	12.44038993	-0.39947832
0.29463002	12.48750000	-0.37577000	0.29424697	12.48716759	-0.37625432
0.28891000	12.49160000	-0.37087000	0.28848266	12.49128264	-0.37137577
0.24142002	12.47730060	-0.35469002	0.24098529	12.47697169	-0.35524798
0.44531003	12.55410000	-0.61311000	0.44511940	12.55397847	-0.61333030
0.43863000	12.62180000	-0.81496000	0.43856615	12.62176747	-0.81506125
0.43369004	12.41230000	-0.44606000	0.43346872	12.41207661	-0.44633669
0.13746001	12.64010050	-0.40953000	0.13699075	12.63988446	-0.41007222
0.16378000	12.71060090	-0.53191000	0.16346423	12.71050165	-0.53232177
0.11896000	12.52290000	-0.29380000	0.11836055	12.52257864	-0.29448903
0.16361001	13.14520000	-0.39472002	0.16335258	13.14500493	-0.39474143
0.25923000	13.03119950	-0.12907000	0.25877301	13.03070160	-0.12911187
0.29857000	12.91720000	-0.08748000	0.29790003	12.91657507	-0.08764311
0.32767000	12.73720070	-0.09280000	0.32649104	12.73640423	-0.09330689
0.34770000	12.55780000	-0.12244000	0.34695871	12.55730351	-0.12287019
0.24130002	12.85850050	-0.81470007	0.24123055	12.85855136	-0.81489896
0.33872002	12.37520000	-0.18493001	0.33820684	12.37487479	-0.18532181
0.17646001	13.06140000	-0.58858000	0.17628707	13.06134373	-0.58869043
0.20221000	12.99150000	-0.68860000	0.20208999	12.99149854	-0.68874871
0.89638996	11.96110060	-0.57107000	0.89641864	11.96107925	-0.57105759
0.82721007	12.01970000	-0.45666000	0.82720736	12.01970528	-0.45665658
0.93991005	11.92430000	-0.70476000	0.93995414	11.92428655	-0.70475671
0.74597000	12.33170000	-1.28649000	0.74604718	12.33175571	-1.28648267
0.46148000	12.61950000	-1.16635000	0.46150847	12.61951741	-1.16636380
0.35367998	12.65800000	-1.05834000	0.35371212	12.65800738	-1.05839760
0.28747000	12.66179940	-0.96020000	0.28747039	12.66180225	-0.96033170
0.27325000	12.69190000	-0.89906997	0.27320638	12.69192800	-0.89925299
0.25676000	12.70320000	-0.88601000	0.25671847	12.70324950	-0.88625054
0.20847002	12.68910000	-0.86800003	0.20839423	12.68918854	-0.86830141
0.12009000	12.71100000	-0.75362000	0.11993044	12.71107805	-0.75401314
0.01184000	12.74440000	-0.62347000	0.01156670	12.74445421	-0.62393183
-0.19658999	12.78480050	-0.55803000	-0.19686436	12.78487592	-0.55839776
-0.29968000	12.82630060	-0.60810000	-0.29990245	12.82639917	-0.60831794
-0.48358002	12.88790000	-0.69497000	-0.48367169	12.88786640	-0.69502761
-0.56577003	12.89070000	-0.68347000	-0.56583309	12.89065960	-0.68351691
-0.71152000	12.85880000	-0.54143000	-0.71157419	12.85876666	-0.54147920
-0.18865000	12.52559950	-0.11442000	-0.18933763	12.52528684	-0.11515269
0.14112000	12.35580000	-0.13925001	0.14035842	12.35533299	-0.14008741
0.30934000	12.38380000	-0.22295001	0.30886971	12.38343282	-0.22342560
0.38318000	12.29390050	-0.19522001	0.38308087	12.29384512	-0.19528403
0.46920000	12.23730000	-0.23884001	0.46915989	12.23729247	-0.23885140
0.71411000	12.09180000	-0.37179002	0.71410598	12.09180143	-0.37178544
0.29554000	12.51470090	-0.36895000	0.29511791	12.51438233	-0.36943098
0.58419980	12.77790740	-0.54116964	0.58395287	12.77777703	-0.54117399
0.30534658	12.98941710	-0.53010890	0.30510838	12.98928440	-0.53019312
0.03408423	12.99517920	-0.26264066	0.03372063	12.99495393	-0.26283649
0.10256992	13.07773400	-0.30767626	0.10226263	13.07750827	-0.30777408
0.31967000	12.86874200	-0.29426143	0.31916493	12.86838292	-0.29446525
0.03099712	12.96783000	-0.42110503	0.03069393	12.96772270	-0.42134214
0.12445253	13.04561710	-0.41716427	0.12417230	13.04545787	-0.41729888
0.36713532	12.82368760	-0.69345874	0.36699114	12.82364452	-0.69358095
0.15871125	13.02911850	-0.17917030	0.15830996	13.02873599	-0.17928609
0.22085343	12.81524850	-0.79380230	0.22075947	12.81529615	-0.79404318
0.33023736	12.75846770	-0.53109790	0.32996890	12.75832546	-0.53132098
0.32923120	12.88699000	-0.84146810	0.32918091	12.88701802	-0.84158227
0.39433820	12.43617340	-0.24545248	0.39389015	12.43590648	-0.24580509
0.24607417	13.04696850	-0.44635114	0.24580149	13.04678073	-0.44642831
0.47683990	12.68501660	-0.66750280	0.47668801	12.68494370	-0.66760918
0.69852596	12.74952130	-0.77230150	0.69843388	12.74948629	-0.77224478
0.32809640	12.94002530	-0.19996144	0.32756687	12.93956146	-0.20007041
-0.42682603	12.91057110	-0.24428794	-0.42710886	12.91062384	-0.24443209
0.15449284	13.08164880	-0.24846537	0.15416770	13.08134198	-0.24854288
0.32445943	12.94660190	-0.68776876	0.32433076	12.94657025	-0.68785426
-0.51386845	12.91021820	-0.28456584	-0.51412703	12.91030345	-0.28467612
0.22959612	13.03170200	-0.32812786	0.22924213	13.03142009	-0.32822879
0.29031333	12.45966910	-0.20113373	0.28972423	12.45923558	-0.20166336
0.12046464	13.09899710	-0.36971685	0.12018872	13.09880877	-0.36979540
0.21146664	13.07753180	-0.48856267	0.21122998	13.07738513	-0.48863156
0.25509345	12.61285000	-0.24501102	0.25444786	12.61242297	-0.24552782
0.16885695	12.93768600	-0.50852907	0.16858182	12.93757701	-0.50874328
0.27824548	12.89126000	-0.83143930	0.27819312	12.89130085	-0.83158991
0.28495774	12.84054370	-0.83468150	0.28489822	12.84058000	-0.83484862
0.23230751	13.02218440	-0.54436594	0.23208945	13.02208084	-0.54447497
0.37680543	12.79955100	-0.19787398	0.37615623	12.79910179	-0.19808535
0.49836266	12.59230610	-0.43287584	0.49802356	12.59211525	-0.43305738
0.30590550	12.76095290	-0.88736033	0.30586749	12.76097840	-0.88750957
0.16226748	12.96494770	-0.64374170	0.16210087	12.96493110	-0.64392948
0.39130530	12.37598320	-0.22234745	0.39091672	12.37578114	-0.22266122
0.35834324	12.48397450	-0.31249592	0.35789777	12.48366773	-0.31290387
0.19586083	12.86866760	-0.18672179	0.19529120	12.86827373	-0.18701170
0.38983348	12.73026850	-0.90973040	0.38980507	12.73027615	-0.90979867
0.29759783	12.79321000	-0.84876960	0.29754089	12.79324009	-0.84893197
0.14682786	13.11403470	-0.28075470	0.14653167	13.11376514	-0.28080178
0.41524850	12.60688400	-0.24738798	0.41465556	12.60651610	-0.24770165
0.21607567	12.86027430	-0.77049850	0.21597785	12.86031517	-0.77071918
0.42824548	12.71332650	-0.82687885	0.42818251	12.71331898	-0.82696183
0.82752740	12.74521540	-0.86759144	0.82746813	12.74520037	-0.86748350
0.56638926	12.79145810	-0.92701140	0.56637669	12.79146532	-0.92700256
0.34163025	12.68629170	-0.19900528	0.34094812	12.68582618	-0.19942517
0.25179443	12.76316170	-0.18143922	0.25106074	12.76268107	-0.18187593
