0.84129892	12.74124341	-0.41456038	0.84033983	12.74172234	-0.41411680
0.81144722	12.87902282	-0.44348023	0.81034127	12.87946059	-0.44306087
0.88917231	12.83835127	-0.54117915	0.88825241	12.83886652	-0.54069011
0.92219518	12.70556435	-0.52634720	0.92142341	12.70611943	-0.52583146
0.76888703	12.96938620	-0.50429812	0.76774677	12.96976338	-0.50392571
0.85038755	12.92396558	-0.58451344	0.84941664	12.92443008	-0.58406534
0.90078300	12.88151191	-0.64443387	0.89993908	12.88202668	-0.64394570
0.93970024	12.81204222	-0.63837789	0.93893390	12.81260418	-0.63785163
0.97475721	12.68334406	-0.63910791	0.97413519	12.68394393	-0.63855247
0.71567423	12.76858912	-1.16090435	0.71551869	12.76880609	-1.16067963
0.83800104	12.71927886	-1.13778942	0.83785302	12.71964071	-1.13743626
0.80499677	12.82552356	-1.06914576	0.80468416	12.82586513	-1.06881646
0.68288580	12.87069665	-1.08717300	0.68257171	12.87091096	-1.08697193
0.93868477	12.68670699	-1.07386253	0.93849796	12.68720470	-1.07339918
0.90408223	12.79741454	-1.01533809	0.90372983	12.79787599	-1.01489837
0.86347644	12.86554239	-0.96506279	0.86301302	12.86596686	-0.96466051
0.78468090	12.90570447	-0.98127400	0.78420988	12.90605112	-0.98095279
0.66261319	12.95060162	-0.98798045	0.66212231	12.95082367	-0.98778437
0.58206871	12.83694165	-0.20454997	0.58061834	12.83715402	-0.20436362
0.56342264	12.97341738	-0.25305549	0.56186374	12.97358243	-0.25292042
0.69930728	12.92661499	-0.34428353	0.69797639	12.92693237	-0.34397759
0.72158347	12.78767420	-0.30354978	0.72038783	12.78803497	-0.30322247
0.53334666	13.05933111	-0.33802628	0.53180617	13.05944354	-0.33793557
0.66338258	13.01654282	-0.42063597	0.66204658	13.01680388	-0.42037734
0.46440546	12.88175080	-1.06269112	0.46408925	12.88174296	-1.06271902
0.59171985	12.82846841	-1.13429349	0.59150642	12.82857023	-1.13419214
0.55950249	12.92073228	-1.06206101	0.55913094	12.92082545	-1.06198389
0.43433138	12.96400110	-0.98828926	0.43383962	12.96396690	-0.98834648
0.53755803	12.99521822	-0.96053555	0.53699430	12.99530336	-0.96047256
0.41172010	13.03320459	-0.88579320	0.41102316	13.03314517	-0.88587558
-0.03212872	12.98802818	-0.07220092	-0.03415207	12.98745537	-0.07305212
-0.16000838	12.99846837	-0.09634798	-0.16200608	12.99768934	-0.09744955
-0.16211715	13.07169367	-0.14321407	-0.16412573	13.07090284	-0.14433035
-0.03793919	13.07502840	-0.11665613	-0.03999774	13.07443066	-0.11753575
-0.27791082	12.99908190	-0.13438920	-0.27983790	12.99811680	-0.13571941
-0.27847450	13.06033265	-0.18303522	-0.28039340	13.05935961	-0.18437210
-0.27888881	13.10133734	-0.24869230	-0.28073690	13.10035554	-0.25003163
-0.16332226	13.11832473	-0.20958997	-0.16526699	13.11752043	-0.21071270
-0.04215557	13.12867970	-0.18284630	-0.04416100	13.12806002	-0.18374074
0.02180498	12.97194823	-0.59571224	0.02079623	12.97135445	-0.59642641
0.00590452	13.03436612	-0.57072755	0.00476845	13.03375369	-0.57148539
-0.07516080	13.03589327	-0.56149141	-0.07631271	13.03516089	-0.56240964
-0.06034370	12.97969615	-0.57666209	-0.06139006	12.97898211	-0.57754021
-0.01478502	13.08846890	-0.52392330	-0.01608196	13.08783383	-0.52473580
-0.09758544	13.08221470	-0.52633005	-0.09886814	13.08145588	-0.52730250
-0.19070780	13.07446120	-0.54390178	-0.19194290	13.07356951	-0.54505668
-0.16729953	13.03343835	-0.57928710	-0.16840880	13.03257346	-0.58038928
-0.15203744	12.98225059	-0.59628484	-0.15304403	12.98140240	-0.59734745
0.98540463	12.29469885	-0.66556703	0.98528747	12.29531231	-0.66502711
0.96749376	12.07558396	-0.68253956	0.96770089	12.07617101	-0.68207191
0.91326542	12.10118811	-0.54806437	0.91326741	12.10162945	-0.54768245
0.92528065	12.30860003	-0.53107107	0.92500724	12.30911545	-0.53059893
0.83367373	12.14938549	-0.42782642	0.83350823	12.14964915	-0.42755186
0.83855376	12.33289394	-0.40651652	0.83814741	12.33330307	-0.40612892
0.98137116	12.38551913	-1.13535129	0.98158917	12.38609201	-1.13483605
0.88648489	12.44485086	-1.20547445	0.88668217	12.44528087	-1.20506179
0.88414227	12.28538677	-1.23027899	0.88458848	12.28581564	-1.22984796
0.97631768	12.19426909	-1.15077884	0.97681193	12.19484493	-1.15025915
0.75837779	12.51914485	-1.23619310	0.75846722	12.51936112	-1.23594223
0.75687549	12.39898834	-1.26742403	0.75719576	12.39920287	-1.26714476
0.87319347	12.18061574	-1.23827899	0.87378713	12.18102985	-1.23784913
0.95891007	12.05950633	-1.14918829	0.95958915	12.06005879	-1.14868350
0.98895612	12.50359524	-0.65046343	0.98855983	12.50421520	-0.64990109
0.93086338	12.51912844	-0.52441354	0.93031895	12.51968435	-0.52389743
0.84501177	12.54695843	-0.40306538	0.84430289	12.54743501	-0.40262649
0.86803657	12.59082519	-1.17894759	0.86803367	12.59120706	-1.17857010
0.96697871	12.54957048	-1.11182944	0.96697666	12.55011043	-1.11133478
0.74264381	12.64678818	-1.20514036	0.74261810	12.64699372	-1.20487993
0.59239249	12.42285973	-0.22247812	0.59170935	12.42309916	-0.22229892
0.58847333	12.63787404	-0.19935656	0.58732711	12.63811590	-0.19915957
0.72421972	12.58892835	-0.29270931	0.72331736	12.58929992	-0.29238368
0.72118204	12.37423199	-0.30449445	0.72064268	12.37454733	-0.30421686
0.46844951	12.70513811	-1.15035885	0.46840727	12.70512940	-1.15036224
0.61250494	12.61552282	-1.21838282	0.61252818	12.61556188	-1.21831127
0.60840639	12.72017838	-1.18429424	0.60834873	12.72026200	-1.18419912
0.47232940	12.78899147	-1.11632675	0.47216774	12.78898577	-1.11633964
0.58564694	12.17516459	-0.30140125	0.58558083	12.17520025	-0.30137505
0.59287428	12.28279014	-0.26021692	0.59251383	12.28297022	-0.26007539
0.71994380	12.21853266	-0.33492518	0.71967431	12.21875221	-0.33472539
0.60235463	12.48710143	-1.25184379	0.60249537	12.48710181	-1.25183926
0.60794196	12.53475313	-1.24342826	0.60802842	12.53477859	-1.24341662
0.46282620	12.64939349	-1.16625640	0.46283109	12.64938025	-1.16625948
-0.02179671	12.70994024	-0.07004175	-0.02341438	12.70937516	-0.07080672
-0.17055246	12.77716038	-0.08011239	-0.17225633	12.77636280	-0.08119376
-0.16171299	12.90030596	-0.07779988	-0.16360888	12.89952908	-0.07888616
-0.02390029	12.86476549	-0.05995128	-0.02578175	12.86421382	-0.06076360
-0.30617632	12.82730240	-0.10695241	-0.30790689	12.82629667	-0.10831633
-0.28827913	12.92263817	-0.11073389	-0.29014363	12.92166109	-0.11207437
0.01922573	12.84226343	-0.62433793	0.01843594	12.84165959	-0.62502779
0.02468888	12.90777386	-0.61188550	0.02379397	12.90718069	-0.61257830
-0.05688681	12.91785508	-0.58569073	-0.05783327	12.91714176	-0.58654727
-0.06461172	12.85300153	-0.58959790	-0.06545960	12.85227488	-0.59045562
-0.14839447	12.92494924	-0.60426589	-0.14930503	12.92410279	-0.60530886
-0.15778910	12.86412531	-0.60308259	-0.15862025	12.86326480	-0.60412833
-0.04600160	12.41352124	-0.12410581	-0.04696268	12.41288841	-0.12483670
-0.18985175	12.62960298	-0.09801147	-0.19127774	12.62876603	-0.09909246
-0.03337627	12.53880845	-0.09378153	-0.03461908	12.53820608	-0.09452318
-0.34069367	12.62139376	-0.13923047	-0.34205071	12.62034087	-0.14061689
-0.32796579	12.70926845	-0.11896967	-0.32949516	12.70823028	-0.12035718
0.00994134	12.77585473	-0.63605692	0.00925732	12.77523619	-0.63675036
-0.08361912	12.78657060	-0.58686031	-0.08438261	12.78581732	-0.58774521
-0.10168031	12.75957492	-0.56703741	-0.10244598	12.75879908	-0.56795416
-0.18170256	12.80159064	-0.59127791	-0.18246911	12.80069756	-0.59235290
-0.39918160	12.99531776	-0.18534232	-0.40100687	12.99416689	-0.18691291
-0.39095974	13.04547977	-0.23110347	-0.39276550	13.04433741	-0.23265920
-0.50790596	12.98785462	-0.24335102	-0.50961006	12.98653969	-0.24513407
-0.48783426	13.02867835	-0.28417709	-0.48951537	13.02738905	-0.28592102
-0.46521086	13.06196083	-0.33422255	-0.46684058	13.06069992	-0.33592193
-0.38037488	13.08247258	-0.29021926	-0.38211834	13.08133906	-0.29175638
-0.27129146	13.03060290	-0.60032796	-0.27235043	13.02959129	-0.60163258
-0.25630276	12.98540351	-0.62494159	-0.25725221	12.98440693	-0.62620963
-0.29234169	13.06703616	-0.56029873	-0.29352990	13.06600143	-0.56165093
-0.38678815	13.05805839	-0.57015818	-0.38794130	13.05689753	-0.57169278
-0.37109693	13.02678670	-0.61472006	-0.37211626	13.02564490	-0.61622111
-0.36083020	12.98843600	-0.64831331	-0.36173193	12.98730365	-0.64979223
-0.25719083	12.93686611	-0.64065990	-0.25804276	12.93586406	-0.64192300
-0.36779811	12.94947227	-0.67308988	-0.36859852	12.94832835	-0.67457869
-0.38224331	12.91210468	-0.68732196	-0.38296579	12.91094162	-0.68883711
-0.26964150	12.88733346	-0.64526338	-0.27041594	12.88631166	-0.64654054
-0.55210664	12.88200632	-0.20311012	-0.55374463	12.88063780	-0.20497919
-0.57134141	12.75989883	-0.20877162	-0.57280050	12.75851284	-0.21066529
-0.64686666	12.79635610	-0.26727005	-0.64826704	12.79486560	-0.26932794
-0.62927839	12.89246625	-0.26635348	-0.63080893	12.89099112	-0.26838644
-0.57855976	12.65514308	-0.22606576	-0.57985384	12.65375073	-0.22794858
-0.65357452	12.71368986	-0.27918976	-0.65485086	12.71219614	-0.28123741
-0.70146311	12.78328246	-0.34995656	-0.70269303	12.78172718	-0.35213027
-0.69551810	12.83564142	-0.34410253	-0.69682326	12.83408445	-0.34627417
-0.67979313	12.89883806	-0.34557423	-0.68117813	12.89729376	-0.34771542
-0.46964243	12.64551539	-0.17676965	-0.47099410	12.64427524	-0.17843049
-0.45934705	12.74180403	-0.15770684	-0.46086721	12.74057388	-0.15936858
-0.43812497	12.86130953	-0.14919321	-0.43983076	12.86010768	-0.15082862
-0.47811381	12.92749780	-0.69952564	-0.47882750	12.92624183	-0.70125142
-0.48482976	12.90045670	-0.71013457	-0.48548906	12.89919807	-0.71188052
-0.39426283	12.87877675	-0.68926984	-0.39493882	12.87759929	-0.69080716
-0.56500905	12.93249888	-0.68066238	-0.56576876	12.93115070	-0.68258315
-0.56950431	12.90576101	-0.69543467	-0.57020406	12.90441422	-0.69737443
-0.40514498	12.86196010	-0.67900558	-0.40582297	12.86077220	-0.68056252
-0.28924489	12.83911125	-0.63762012	-0.28996898	12.83806211	-0.63892633
0.89311036	12.88921178	-0.89599793	0.89254107	12.88967890	-0.89555370
0.79250070	12.95530483	-0.88297244	0.79186171	12.95567256	-0.88262258
0.90844526	12.90382833	-0.80705890	0.90775496	12.90432444	-0.80658941
0.81251660	12.97548539	-0.77811920	0.81173113	12.97588575	-0.77773072
0.70107808	13.03011105	-0.73808649	0.70017841	13.03038850	-0.73781320
0.67315487	13.00558987	-0.86760404	0.67245563	13.00583279	-0.86737595
0.90857277	12.90017922	-0.71501877	0.90779057	12.90069160	-0.71453299
0.82832368	12.96704939	-0.67131399	0.82741117	12.96747765	-0.67089735
0.73253515	13.01877801	-0.61029211	0.73148008	13.01910210	-0.60997021
0.99746130	12.67691254	-0.97831728	0.99719226	12.67750234	-0.97777762
0.95811230	12.79799999	-0.93360569	0.95767384	12.79853882	-0.93309858
1.01942761	12.67768369	-0.86667139	1.01905469	12.67831094	-0.86609838
0.97676057	12.80764408	-0.83654011	0.97620965	12.80821887	-0.83600275
1.00949938	12.67675962	-0.75335876	1.00900646	12.67738776	-0.75278375
0.96974630	12.80727172	-0.73713336	0.96908869	12.80784962	-0.73659225
0.55209951	13.04993393	-0.82382361	0.55129732	13.05004145	-0.82372978
0.58674246	13.07612913	-0.67444050	0.58570558	13.07627958	-0.67429276
0.46139687	13.11379364	-0.59345226	0.46018909	13.11379494	-0.59346975
0.42656752	13.08661216	-0.74584332	0.42561670	13.08656622	-0.74590944
0.62487504	13.06560292	-0.53573979	0.62364968	13.06580604	-0.53553573
0.49814955	13.10537494	-0.45472875	0.49673734	13.10542976	-0.45469189
-0.39625572	13.07568260	-0.51245919	-0.39754933	13.07451208	-0.51401512
-0.47941811	13.05702874	-0.52606491	-0.48065700	13.05575366	-0.52778161
-0.45883612	13.04557326	-0.56811250	-0.45997334	13.04432579	-0.56978834
-0.40928730	13.08189483	-0.44964258	-0.41071427	13.08070823	-0.45122601
-0.50224520	13.05896097	-0.48186587	-0.50357633	13.05765374	-0.48362958
-0.58606025	13.03229070	-0.51193743	-0.58728792	13.03087546	-0.51387718
-0.54797839	13.03431684	-0.54401293	-0.54914494	13.03295440	-0.54587261
-0.50989212	13.03274254	-0.56973720	-0.51100423	13.03143052	-0.57151637
-0.43567398	13.07854712	-0.38980353	-0.43721629	13.07732676	-0.39144186
-0.51680566	13.05483331	-0.43069823	-0.51823256	13.05350337	-0.43249426
-0.53241370	13.04038195	-0.37996652	-0.53392221	13.03902934	-0.38179656
-0.57738172	13.02317484	-0.41276808	-0.57880005	13.02176180	-0.41468967
-0.58860580	13.02817879	-0.46149651	-0.58993218	13.02675470	-0.46344129
-0.03206690	13.12762098	-0.44244419	-0.03356984	13.12697061	-0.44330236
-0.12336769	13.11455491	-0.45630957	-0.12483028	13.11377075	-0.45734128
-0.04317343	13.14951247	-0.34740810	-0.04488877	13.14886140	-0.34829926
-0.14575504	13.13247136	-0.37021343	-0.14740862	13.13166650	-0.37129583
-0.24611331	13.11458316	-0.40268172	-0.24767890	13.11362994	-0.40395121
-0.21879316	13.10095743	-0.48062374	-0.22018802	13.10003547	-0.48183775
-0.04521068	13.15169847	-0.26031100	-0.04709950	13.15105894	-0.26121165
-0.15849974	13.13614623	-0.28663154	-0.16032018	13.13533548	-0.28774400
-0.26722179	13.11705847	-0.32346080	-0.26894668	13.11608358	-0.32477611
0.99661187	11.98104227	-1.05261686	0.99732833	11.98166026	-1.05208961
1.01736730	12.12616474	-1.05027814	1.01786635	12.12680858	-1.04972598
0.99839991	11.93616151	-0.94736975	0.99912454	11.93679473	-0.94685892
1.02254898	12.08308647	-0.93614808	1.02300785	12.08375098	-0.93559984
1.03888769	12.30089240	-0.92020724	1.03901800	12.30156751	-0.91962698
1.02840256	12.33527187	-1.03622896	1.02859433	12.33591788	-1.03566103
0.97866934	11.91942256	-0.82890676	0.97930415	11.92001936	-0.82843906
1.00481257	12.06771302	-0.81307539	1.00517495	12.06835908	-0.81255455
1.02394794	12.28979748	-0.79600404	1.02397197	12.29046324	-0.79543232
1.02164696	12.52079882	-1.01189034	1.02158785	12.52142325	-1.01132982
1.03923277	12.50357062	-0.89644993	1.03908373	12.50422934	-0.89586086
1.02671629	12.49808976	-0.77521316	1.02645153	12.49874289	-0.77462407
-0.65174714	12.92701215	-0.62934620	-0.65260854	12.92556405	-0.63144871
-0.65827089	12.89716876	-0.64129531	-0.65907812	12.89572257	-0.64342187
-0.71064463	12.91674478	-0.55024262	-0.71164642	12.91520190	-0.55246053
-0.72091089	12.88050280	-0.55627408	-0.72186167	12.87895602	-0.55852572
-0.65999099	12.87375981	-0.64265894	-0.66077157	12.87231454	-0.64479731
-0.71359691	12.90719419	-0.44798149	-0.71478775	12.90561308	-0.45020428
-0.72691543	12.86204755	-0.44896479	-0.72804684	12.86045486	-0.45121827
-0.72973651	12.82632820	-0.45063701	-0.73082343	12.82473758	-0.45290080
-0.30965856	13.08915760	-0.49833079	-0.31099941	13.08810687	-0.49972094
-0.32904506	13.09910417	-0.42627821	-0.33054271	13.09803329	-0.42771071
-0.35614222	13.09859149	-0.35615386	-0.35777767	13.09748721	-0.35764123
-0.60922940	12.94494701	-0.27896541	-0.61080673	12.94349474	-0.28095696
-0.52983590	12.94840085	-0.21548441	-0.53154058	12.94705952	-0.21731017
-0.66219884	12.93909366	-0.35468747	-0.66361904	12.93756943	-0.35679203
-0.63892635	12.96875646	-0.37133945	-0.64035313	12.96726095	-0.37339588
-0.58599652	12.97701487	-0.30308746	-0.58757021	12.97559112	-0.30502998
-0.41627556	12.93986569	-0.15835680	-0.41807536	12.93869316	-0.15995607
-0.46539484	12.95856362	-0.68106506	-0.46618437	12.95731821	-0.68275952
-0.45397527	12.99096421	-0.65280603	-0.45486536	12.98972731	-0.65447464
-0.53836128	12.98983415	-0.63672946	-0.53928075	12.98850119	-0.63857796
-0.55384552	12.96134822	-0.66280089	-0.55467717	12.96000582	-0.66468813
-0.66962237	12.97406326	-0.53823344	-0.67071749	12.97255645	-0.54035260
-0.69379072	12.94649753	-0.54476450	-0.69483907	12.94496954	-0.54694104
-0.63824297	12.95537470	-0.61646013	-0.63916091	12.95393193	-0.61852475
-0.61768222	12.98266322	-0.59848378	-0.61866900	12.98123442	-0.60049752
-0.63776290	13.00335159	-0.52901162	-0.63891634	13.00188016	-0.53106081
-0.59083717	13.00917214	-0.57125059	-0.59191356	13.00776612	-0.57320375
-0.52079048	13.01566152	-0.59730246	-0.52182372	13.01433981	-0.59910760
-0.69621550	12.94044260	-0.45044439	-0.69744498	12.93888169	-0.45262522
-0.67185609	12.96859563	-0.45616724	-0.67311016	12.96706514	-0.45829077
-0.60648651	12.99992046	-0.39539415	-0.60790837	12.99846777	-0.39737965
-0.63812606	12.99876173	-0.46491855	-0.63940449	12.99727630	-0.46696857
-0.55796432	13.01166195	-0.33708714	-0.55951869	13.01027393	-0.33897110
-0.45107435	13.02177905	-0.61275990	-0.45208807	13.02054240	-0.61442179
0.16395821	13.12029008	-0.18853258	0.16199593	13.11997183	-0.18904507
0.13557210	13.15820876	-0.27443402	0.13371636	13.15783251	-0.27499657
0.16360528	13.14624383	-0.28861645	0.16179834	13.14590716	-0.28912482
0.19620087	13.10720700	-0.19949207	0.19428347	13.10693378	-0.19994064
0.11674897	13.16456285	-0.36984010	0.11506935	13.16414108	-0.37043229
0.14318910	13.15337434	-0.38626066	0.14156117	13.15298788	-0.38679908
0.16841322	13.13732763	-0.29850219	0.16664115	13.13699591	-0.29899970
0.20075836	13.09880343	-0.20578300	0.19886647	13.09853604	-0.20622129
0.17502635	13.14506689	-0.29948802	0.17324867	13.14474318	-0.29997618
0.20602735	13.10537662	-0.20061583	0.20412000	13.10511621	-0.20104668
0.15752642	13.15150274	-0.40313536	0.15593666	13.15113202	-0.40364526
0.20186501	13.15752209	-0.42836297	0.20031578	13.15720316	-0.42879296
0.22172793	13.15060447	-0.31664077	0.21998855	13.15033460	-0.31704230
0.25213324	13.10889608	-0.21065828	0.25024941	13.10869014	-0.21100801
0.23799760	12.93543674	-0.06593415	0.23604649	12.93528205	-0.06626078
0.20159805	13.05103504	-0.11290775	0.19959044	13.05079819	-0.11333479
0.23805640	13.03841917	-0.12356152	0.23609269	13.03822892	-0.12391783
0.27751105	12.92269720	-0.07771179	0.27559082	12.92261314	-0.07793072
0.24833354	13.03650591	-0.12386331	0.24637845	13.03633038	-0.12420156
0.28888052	12.92080732	-0.08093354	0.28697759	12.92073366	-0.08113368
0.29378196	13.03521421	-0.13046171	0.29185302	13.03509356	-0.13071852
0.33313271	12.91300100	-0.08647291	0.33127402	12.91296962	-0.08661493
0.35857574	12.72518378	-0.08843993	0.35692318	12.72523609	-0.08845307
0.31760930	12.73902153	-0.08401380	0.31588596	12.73904323	-0.08406096
0.38272403	12.52829221	-0.12036261	0.38163897	12.52830746	-0.12040664
0.34446689	12.55232031	-0.11594238	0.34330953	12.55229241	-0.11602879
0.30549659	12.74145890	-0.07905730	0.30372709	12.74148118	-0.07910254
0.33215054	12.55504526	-0.11118886	0.33097502	12.55500144	-0.11129272
0.28577432	12.56853084	-0.09395808	0.28452750	12.56842556	-0.09414544
0.26115794	12.75966862	-0.06257098	0.25923766	12.75968503	-0.06263274
0.26310207	12.78136227	-0.92066706	0.26279309	12.78111656	-0.92092015
0.25196872	12.85146609	-0.89590947	0.25152395	12.85120157	-0.89619003
0.23208630	12.85717610	-0.83707959	0.23155946	12.85688313	-0.83739719
0.24386219	12.79641614	-0.86058657	0.24345237	12.79614194	-0.86087843
0.23525785	12.92341753	-0.84582911	0.23465369	12.92313212	-0.84614562
0.21488587	12.92170121	-0.79044509	0.21421097	12.92138406	-0.79079914
0.22124028	12.91740431	-0.77256011	0.22054759	12.91709479	-0.77290650
0.24446896	12.80230664	-0.83982603	0.24402828	12.80203306	-0.84012064
0.21568159	12.85743786	-0.82288535	0.21514179	12.85711491	-0.82323711
0.22156823	12.80015110	-0.84570890	0.22114337	12.79984243	-0.84604392
0.20378852	12.92111179	-0.78086761	0.20310679	12.92077709	-0.78124626
0.16294256	12.93297002	-0.76690020	0.16222864	12.93257786	-0.76734972
0.17188280	12.86562285	-0.80508616	0.17131145	12.86523978	-0.80550723
0.17484331	12.80200471	-0.82600270	0.17438769	12.80162755	-0.82641137
0.26925019	12.71112386	-0.94545906	0.26908620	12.71086270	-0.94566571
0.25258996	12.73528325	-0.88460529	0.25230444	12.73502138	-0.88487243
0.25388551	12.75095639	-0.86226092	0.25354905	12.75069840	-0.86253546
0.27223280	12.71464149	-0.87520857	0.27197051	12.71441155	-0.87544297
0.23143533	12.74252561	-0.87236818	0.23112810	12.74223548	-0.87268206
0.18252567	12.73444147	-0.85534830	0.18220637	12.73407932	-0.85574389
0.27419658	12.32824239	-0.16159728	0.27354040	12.32810227	-0.16175060
0.29033267	12.42497433	-0.12796142	0.28944371	12.42485844	-0.12810891
0.33861959	12.42352036	-0.14383912	0.33778277	12.42347489	-0.14391808
0.32557084	12.35352591	-0.17646068	0.32493448	12.35344790	-0.17653456
0.34251347	12.43615448	-0.15103605	0.34166368	12.43611119	-0.15111126
0.35266004	12.41658653	-0.14878383	0.35185829	12.41656093	-0.14884519
0.34156023	12.34763435	-0.18317956	0.34103325	12.34756534	-0.18323950
0.39084869	12.38364287	-0.15702387	0.39015620	12.38368511	-0.15703775
0.10787713	13.13880005	-0.47507229	0.10643209	13.13834646	-0.47566518
0.13807667	13.12565991	-0.48853029	0.13667539	13.12524741	-0.48906350
0.11335433	13.08615052	-0.58286789	0.11216653	13.08569050	-0.58343113
0.14885869	13.07108761	-0.59290259	0.14770604	13.07067692	-0.59339732
0.15025742	13.11442067	-0.49501125	0.14888288	13.11402388	-0.49551923
0.15600546	13.12087358	-0.49507114	0.15462240	13.12048515	-0.49557001
0.16788327	13.06455912	-0.58874437	0.16673040	13.06417602	-0.58920342
0.19450788	13.07007606	-0.62762517	0.19340646	13.06972834	-0.62803654
0.19186422	13.12681513	-0.52694727	0.19052699	13.12647058	-0.52738064
0.21244538	12.99940801	-0.74534911	0.21160847	12.99908725	-0.74571590
0.19040979	12.99453016	-0.69761796	0.18951050	12.99417753	-0.69802467
0.17605573	12.99749223	-0.69741926	0.17515570	12.99711917	-0.69785308
0.13756196	13.01197895	-0.68681555	0.13663157	13.01155201	-0.68731892
0.37895765	13.09173682	-0.26211191	0.37722237	13.09167648	-0.26223933
0.41352856	13.01179983	-0.17745266	0.41175772	13.01180223	-0.17751480
0.44210299	12.88160923	-0.13026681	0.44042672	12.88166997	-0.13026129
0.30658205	12.98958882	-0.86259585	0.30591400	12.98940320	-0.86281219
0.33215392	12.91173521	-0.95141775	0.33168351	12.91158760	-0.95159270
0.28653127	13.05893961	-0.75093845	0.28562256	13.05872281	-0.75119068
0.11801937	12.96182424	-0.06322355	0.11602784	12.96147695	-0.06379129
0.09647517	13.06555812	-0.10864436	0.09443045	13.06516281	-0.10927361
0.07571463	13.12851534	-0.17928959	0.07371278	13.12807056	-0.17996628
0.07881365	13.02530090	-0.62861053	0.07778052	13.02479105	-0.62922565
0.05708530	13.09086274	-0.55135371	0.05583645	13.09032711	-0.55202743
0.09926655	12.95313584	-0.68230187	0.09840603	12.95265189	-0.68286329
0.45799389	12.68731813	-0.12901842	0.45658164	12.68744339	-0.12893766
0.47263898	12.47773983	-0.15845064	0.47173907	12.47787444	-0.15839041
0.34292483	12.83091653	-1.00430525	0.34263542	12.83078563	-1.00445026
0.34496772	12.75566061	-1.03322591	0.34480253	12.75551090	-1.03333285
0.47767239	12.33981059	-0.19717348	0.47718165	12.33994630	-0.19709511
0.34489549	12.69566550	-1.05209944	0.34485004	12.69551305	-1.05218184
0.14623806	12.47140060	-0.10644121	0.14516892	12.47106900	-0.10683081
0.14884820	12.62800871	-0.07685791	0.14741221	12.62770658	-0.07725109
0.10404624	12.75191198	-0.75138328	0.10355792	12.75142881	-0.75190397
0.10329283	12.82067743	-0.72791636	0.10267700	12.82019362	-0.72844676
0.13593643	12.80778545	-0.05701164	0.13409160	12.80748675	-0.05747397
0.10457962	12.88627624	-0.71017258	0.10385246	12.88579642	-0.71071410
0.31815858	13.14296364	-0.50159570	0.31676159	13.14278731	-0.50182211
0.29418799	13.11378146	-0.62871760	0.29303053	13.11356929	-0.62896998
0.34682534	13.13538520	-0.37504869	0.34523141	13.13525982	-0.37523750
0.04946811	13.16185583	-0.35203485	0.04775088	13.16133853	-0.35275366
0.04800934	13.13755966	-0.45406016	0.04651988	13.13702451	-0.45476959
0.05938007	13.15957732	-0.26047778	0.05748852	13.15909107	-0.26118503
0.88402280	11.97010430	-0.58159574	0.88428750	11.97048308	-0.58135647
0.81676000	12.01719950	-0.47386000	0.81676000	12.01719950	-0.47386000
0.92545685	11.94358974	-0.70906235	0.92591934	11.94410215	-0.70868855
0.91206596	12.01006266	-0.71375913	0.91241632	12.01056285	-0.71338338
0.87511014	12.05620879	-0.62785631	0.87527686	12.05663673	-0.62753976
0.80507026	12.11751242	-0.52546279	0.80504482	12.11779710	-0.52520491
0.95986683	11.93661814	-0.83257917	0.96047331	11.93718434	-0.83212998
0.98012696	11.95285338	-0.94348282	0.98081736	11.95345538	-0.94298786
0.94653160	12.07048039	-0.92692683	0.94700144	12.07103393	-0.92645075
0.93136992	12.04006066	-0.80969114	0.93177437	12.04059690	-0.80926199
0.97985128	11.99513834	-1.03648474	0.98053148	11.99573101	-1.03597181
0.94523863	12.06934593	-1.12358538	0.94588116	12.06988101	-1.12309299
0.92112378	12.13174174	-1.10138420	0.92165994	12.13224497	-1.10091354
0.94445965	12.10530615	-1.02464997	0.94496330	12.10585048	-1.02416705
0.86427567	12.18630407	-1.21547902	0.86484123	12.18670914	-1.21505684
0.74677288	12.33531304	-1.26762560	0.74719351	12.33551233	-1.26733324
0.74942874	12.36379804	-1.19585754	0.74973343	12.36402904	-1.19557229
0.86114462	12.23219298	-1.15278904	0.86158911	12.23260562	-1.15237307
0.60265962	12.48318175	-1.23772416	0.60279123	12.48318274	-1.23772042
0.47135511	12.61380725	-1.15278342	0.47137783	12.61379271	-1.15279497
0.49420000	12.61570000	-1.07906000	0.49420000	12.61570000	-1.07906000
0.61447000	12.50220000	-1.16283000	0.61447000	12.50220000	-1.16283000
0.38297655	12.64675704	-1.04992437	0.38298602	12.64667800	-1.04996248
0.33160981	12.64635835	-0.95725471	0.33157513	12.64619369	-0.95734236
0.37140000	12.64100070	-0.89641000	0.37140000	12.64100070	-0.89641000
0.41679000	12.64250090	-0.98287004	0.41679000	12.64250090	-0.98287004
0.31232651	12.67784522	-0.89798707	0.31216215	12.67766309	-0.89813620
0.30731040	12.70546776	-0.87060407	0.30705280	12.70529259	-0.87077871
0.33478037	12.69375290	-0.81294372	0.33445176	12.69361808	-0.81307789
0.34489199	12.66884061	-0.84065404	0.34464581	12.66874041	-0.84076328
0.29845904	12.69264836	-0.87457373	0.29822849	12.69245993	-0.87476349
0.25493937	12.68215520	-0.84558701	0.25467440	12.68189657	-0.84586041
0.29420747	12.67984551	-0.77556606	0.29384020	12.67964020	-0.77577298
0.33370256	12.68234823	-0.81157052	0.33338997	12.68221133	-0.81170808
0.14638817	12.71680101	-0.71863320	0.14589771	12.71637707	-0.71908014
0.01175181	12.76989205	-0.58024038	0.01098891	12.76927758	-0.58093071
0.01444257	12.80789799	-0.50347194	0.01350222	12.80729814	-0.50416728
0.16913316	12.73235366	-0.64292095	0.16850918	12.73196173	-0.64332901
-0.10640423	12.81237740	-0.51966218	-0.10732531	12.81160270	-0.52059517
-0.21412459	12.84368064	-0.52546604	-0.21507803	12.84275686	-0.52662091
-0.21882895	12.91231656	-0.46540197	-0.21998859	12.91139424	-0.46658729
-0.10992765	12.87207471	-0.44981321	-0.11105795	12.87130709	-0.45077197
-0.31864539	12.86348155	-0.58689332	-0.31950597	12.86240687	-0.58826996
-0.41649616	12.87407841	-0.65598009	-0.41723806	12.87287868	-0.65756779
-0.43399069	12.90183723	-0.60452520	-0.43487276	12.90061790	-0.60615428
-0.32919998	12.91664981	-0.53216983	-0.33023872	12.91556846	-0.53357769
-0.50433045	12.87709165	-0.68515312	-0.50501956	12.87580725	-0.68694778
-0.58422140	12.87347825	-0.67439222	-0.58493203	12.87211460	-0.67637487
-0.58392168	12.87595166	-0.63903115	-0.58470671	12.87457627	-0.64100815
-0.52734812	12.88486535	-0.63724967	-0.52814453	12.88354675	-0.63909226
-0.65903384	12.86500385	-0.62379503	-0.65984081	12.86355255	-0.62593346
-0.70936697	12.84865152	-0.54489740	-0.71030503	12.84711557	-0.54713771
-0.67270892	12.86499968	-0.51623589	-0.67371633	12.86348805	-0.51838876
-0.63426097	12.87433659	-0.59253406	-0.63513560	12.87289483	-0.59461517
-0.71555020	12.82146723	-0.44977484	-0.71663259	12.81989243	-0.45200849
-0.68959004	12.77461708	-0.35974948	-0.69079022	12.77307482	-0.36189664
-0.66785546	12.78129696	-0.37239041	-0.66903738	12.77977759	-0.37449591
-0.67955589	12.82786996	-0.43276133	-0.68067647	12.82633353	-0.43491345
-0.64334544	12.70041671	-0.29592523	-0.64457402	12.69893205	-0.29794636
-0.57014900	12.64025875	-0.24626095	-0.57139026	12.63887447	-0.24812217
-0.55249392	12.69960562	-0.27740288	-0.55374366	12.69823623	-0.27924283
-0.62812068	12.74266457	-0.32827718	-0.62933767	12.74119263	-0.33028426
-0.46380261	12.63592956	-0.19753124	-0.46510232	12.63469408	-0.19917699
-0.33694678	12.61596492	-0.15980716	-0.33825271	12.61491122	-0.16118200
-0.31913928	12.66976627	-0.18844540	-0.32047095	12.66872747	-0.18980177
-0.44485788	12.69348023	-0.22722202	-0.44617456	12.69226161	-0.22884187
-0.19908383	12.51251101	-0.14375186	-0.20021151	12.51164531	-0.14480739
-0.04849166	12.39811452	-0.14786412	-0.04938022	12.39747199	-0.14859436
-0.04633026	12.46770444	-0.17909491	-0.04728293	12.46705641	-0.17983527
-0.18771930	12.57526692	-0.17252490	-0.18890096	12.57441025	-0.17357625
0.11418963	12.33941791	-0.16508919	0.11346992	12.33902436	-0.16551295
0.24380391	12.32194489	-0.18858599	0.24319681	12.32174960	-0.18878548
0.22351976	12.38119686	-0.24094474	0.22289338	12.38094625	-0.24118123
0.10448433	12.40641380	-0.20684561	0.10372195	12.40599395	-0.20729424
0.29424806	12.35616040	-0.20936086	0.29364670	12.35602506	-0.20947909
0.27934840	12.43981101	-0.27881553	0.27867168	12.43962814	-0.27896465
0.27145298	12.41199912	-0.26503047	0.27081327	12.41181003	-0.26519031
0.30759843	12.34563187	-0.22211280	0.30711376	12.34547100	-0.22219996
0.34620000	12.27620000	-0.23202000	0.34620000	12.27620000	-0.23202000
0.31413697	12.33292561	-0.28967396	0.31372610	12.33276284	-0.28974092
0.27933403	12.39789602	-0.27995127	0.27874463	12.39769328	-0.28008530
0.44425997	12.21770000	-0.27141000	0.44425997	12.21770000	-0.27141000
0.57587000	12.16340070	-0.32883000	0.57587000	12.16340070	-0.32883000
0.56650603	12.24470049	-0.38091969	0.56628854	12.24481383	-0.38080402
0.42405091	12.28703529	-0.32658269	0.42378511	12.28703606	-0.32655819
0.70622003	12.08180000	-0.39380000	0.70622003	12.08180000	-0.39380000
0.69782003	12.18365815	-0.44495465	0.69767743	12.18386120	-0.44477032
0.76401098	12.39674112	-1.04460963	0.76412935	12.39704693	-1.04430867
0.86800569	12.24934252	-1.04222518	0.86831994	12.24978223	-1.04180486
0.78148504	12.38073843	-0.85593631	0.78144942	12.38109420	-0.85559864
0.87582645	12.22819210	-0.90166973	0.87603754	12.22865902	-0.90124772
0.79362690	12.26652503	-0.66809392	0.79355260	12.26690016	-0.66774935
0.87504412	12.15450716	-0.74980838	0.87521072	12.15498384	-0.74941575
0.53120471	12.60919958	-0.90129616	0.53102800	12.60927964	-0.90120783
0.64564666	12.52383404	-0.98836699	0.64557475	12.52398140	-0.98820700
0.56023929	12.54035065	-0.68871454	0.55987088	12.54046873	-0.68857139
0.67465517	12.48140747	-0.77774796	0.67443555	12.48164653	-0.77750450
0.56588594	12.38875164	-0.50816415	0.56552555	12.38889022	-0.50800915
0.68887827	12.34329280	-0.58543347	0.68863597	12.34355187	-0.58517428
-0.23086380	12.90762049	-0.38078114	-0.23217332	12.90668715	-0.38199365
-0.12486924	12.86529890	-0.36326233	-0.12614555	12.86451871	-0.36425552
-0.25329174	12.84972916	-0.29449840	-0.25468337	12.84877193	-0.29575246
-0.14639194	12.80091058	-0.27936964	-0.14773371	12.80010942	-0.28040089
-0.02777962	12.73420037	-0.31253760	-0.02894337	12.73355948	-0.31330953
-0.00371456	12.80024824	-0.40796012	-0.00480792	12.79963539	-0.40869555
-0.28728720	12.75917936	-0.23203736	-0.28866684	12.75817761	-0.23334846
-0.16909996	12.68735923	-0.21716155	-0.17038227	12.68652854	-0.21821134
-0.04072897	12.60219724	-0.23535835	-0.04181791	12.60155077	-0.23611555
-0.56456280	12.90506417	-0.55664809	-0.56554449	12.90368578	-0.55856499
-0.59984013	12.89864417	-0.46539790	-0.60098668	12.89720540	-0.46738029
-0.49847879	12.91938547	-0.40295845	-0.49977367	12.91807725	-0.40471981
-0.46384444	12.93227167	-0.50806802	-0.46495446	12.93101214	-0.50975906
-0.61694336	12.82646988	-0.38646158	-0.61815050	12.82500768	-0.38846988
-0.52864147	12.81722821	-0.32686173	-0.52994618	12.81588230	-0.32867793
-0.34866585	12.93161516	-0.43871801	-0.34990454	12.93051318	-0.44016831
-0.37669805	12.89623294	-0.34042332	-0.37807627	12.89509478	-0.34193025
-0.41261475	12.79856867	-0.27212450	-0.41398794	12.79738636	-0.27369657
0.28750041	12.63828775	-0.65136533	0.28699983	12.63805690	-0.65157337
0.32957442	12.63534250	-0.67438142	0.32910545	12.63517384	-0.67453002
0.25990096	12.57149604	-0.50108223	0.25929860	12.57123923	-0.50129571
0.30640307	12.57101853	-0.51045900	0.30581341	12.57082946	-0.51060228
0.31013468	12.58909566	-0.49491181	0.30949456	12.58891492	-0.49505393
0.33029062	12.64966413	-0.66600801	0.32978847	12.64949501	-0.66615423
0.33791623	12.63216828	-0.68856840	0.33746111	12.63200701	-0.68870314
0.31291166	12.57486815	-0.50969491	0.31231060	12.57468820	-0.50983042
0.34595247	12.55537323	-0.55005647	0.34542489	12.55523503	-0.55015226
0.36817565	12.61373315	-0.73882195	0.36780672	12.61360397	-0.73891517
0.32040730	12.44084001	-0.39761260	0.31985884	12.44068474	-0.39770078
0.28707092	12.48748118	-0.37469615	0.28641818	12.48729275	-0.37483975
0.28122537	12.49159318	-0.36982143	0.28056391	12.49140325	-0.36997870
0.23380353	12.47689362	-0.35423993	0.23315492	12.47663286	-0.35446511
0.43983904	12.55471750	-0.61111229	0.43937130	12.55469716	-0.61109461
0.43555182	12.62189342	-0.81376973	0.43528789	12.62186336	-0.81376208
0.42810095	12.41336777	-0.44384340	0.42765235	12.41335721	-0.44380873
0.12852986	12.63843553	-0.41115150	0.12769602	12.63801175	-0.41159070
0.15594499	12.70861250	-0.53371242	0.15519545	12.70820344	-0.53413465
0.10973263	12.52166511	-0.29530579	0.10891464	12.52123514	-0.29575450
0.14977673	13.14386481	-0.39833887	0.14818604	13.14348505	-0.39886127
0.24161154	13.03210795	-0.13057357	0.23967202	13.03192075	-0.13092119
0.28018744	12.91922983	-0.08698265	0.27829289	12.91914372	-0.08719381
0.30855830	12.74062554	-0.08953969	0.30682786	12.74064316	-0.08958201
0.33546175	12.55937326	-0.12093435	0.33429648	12.55933269	-0.12102942
0.23588242	12.85646749	-0.81615233	0.23533054	12.85617773	-0.81646729
0.33108215	12.37554623	-0.18382884	0.33043247	12.37546910	-0.18390300
0.16617894	13.05933367	-0.59153497	0.16503769	13.05894747	-0.59199687
0.19384640	12.98937693	-0.69090175	0.19294465	12.98902883	-0.69130343
0.89832097	11.96489335	-0.56805503	0.89857986	11.96528523	-0.56780214
0.82698402	12.01974057	-0.45656027	0.82695922	12.01974563	-0.45655265
0.94301229	11.92945234	-0.70038384	0.94349165	11.92999091	-0.69999475
0.75050761	12.33394108	-1.28307298	0.75094836	12.33413972	-1.28277557
0.46177340	12.61965780	-1.16647362	0.46179841	12.61964236	-1.16649124
0.35355561	12.65707230	-1.05863178	0.35355451	12.65694439	-1.05869825
0.28673255	12.65995863	-0.96095319	0.28667421	12.65972061	-0.96111053
0.27120052	12.68999040	-0.89997599	0.27101328	12.68974680	-0.90018822
0.25413020	12.70130740	-0.88708394	0.25391070	12.70105247	-0.88735925
0.20570779	12.68667629	-0.86960435	0.20547733	12.68634995	-0.86996552
0.11546768	12.70790523	-0.75629566	0.11504594	12.70743830	-0.75679456
0.00483686	12.74085440	-0.62778460	0.00418892	12.74022697	-0.62848342
-0.20539723	12.78045041	-0.56613840	-0.20618534	12.77953148	-0.56725100
-0.30817170	12.82137379	-0.61781306	-0.30891456	12.82030579	-0.61915444
-0.49149193	12.88215788	-0.70724115	-0.49213707	12.88089241	-0.70900539
-0.57384903	12.88484942	-0.69678640	-0.57452502	12.88350063	-0.69874388
-0.72152639	12.85289841	-0.55656622	-0.72244752	12.85135580	-0.55883090
-0.20173526	12.52226656	-0.12179206	-0.20292488	12.52140332	-0.12285794
0.13141336	12.35534204	-0.14021305	0.13062206	12.35498141	-0.14061095
0.30192907	12.38383464	-0.22184956	0.30130969	12.38369730	-0.22195743
0.38049526	12.29440368	-0.19384185	0.38028309	12.29443042	-0.19377356
0.46753495	12.23791856	-0.23809026	0.46740856	12.23796646	-0.23804882
0.71368654	12.09198263	-0.37148659	0.71365493	12.09200552	-0.37146777
0.28752615	12.51476339	-0.36788585	0.28682161	12.51458317	-0.36803386
0.57555641	12.77974793	-0.53804501	0.57470184	12.77990144	-0.53788042
0.29470400	12.98864199	-0.53082883	0.29355491	12.98843334	-0.53106449
0.01922240	12.99342972	-0.26778149	0.01758264	12.99288258	-0.26852756
0.08783930	13.07633105	-0.31203866	0.08617068	13.07587640	-0.31267184
0.30614909	12.86912996	-0.29382373	0.30475167	12.86898776	-0.29399997
0.01899382	12.96527767	-0.42612778	0.01769228	12.96470124	-0.42685731
0.11175911	13.04383071	-0.42097620	0.11034353	13.04339031	-0.42154828
0.36032917	12.82317216	-0.69314460	0.35964677	12.82305711	-0.69326562
0.14211122	13.02884330	-0.18249854	0.14026904	13.02849699	-0.18303169
0.21565926	12.81303661	-0.79542253	0.21514170	12.81271713	-0.79576551
0.32177388	12.75800403	-0.53080390	0.32093459	12.75783175	-0.53096885
0.32372529	12.88589584	-0.84186600	0.32316430	12.88573851	-0.84204777
0.38627204	12.43737877	-0.24361577	0.38556494	12.43737208	-0.24363970
0.23376664	13.04602960	-0.44820786	0.23240157	13.04575169	-0.44855860
0.47085470	12.68567559	-0.66567999	0.47029651	12.68569280	-0.66564320
0.69302878	12.75210594	-0.76843806	0.69250668	12.75237685	-0.76816819
0.31248461	12.94094296	-0.19971920	0.31082145	12.94083022	-0.19990698
-0.44102843	12.90594059	-0.25610955	-0.44258909	12.90471898	-0.25775240
0.13869292	13.08097726	-0.25204008	0.13690757	13.08061018	-0.25258545
0.31642808	12.94562949	-0.68826123	0.31557666	12.94545135	-0.68845931
-0.52746771	12.90519266	-0.29749184	-0.52895053	12.90384844	-0.29931154
0.21552608	13.03120054	-0.33015433	0.21396812	13.03092563	-0.33053849
0.28088828	12.46004720	-0.20020001	0.28004523	12.45989364	-0.20035266
0.10659330	13.09743495	-0.37385475	0.10501435	13.09699677	-0.37445170
0.19955297	13.07614001	-0.49107275	0.19822123	13.07580937	-0.49148554
0.24351528	12.61321903	-0.24430551	0.24242958	12.61301677	-0.24452066
0.15845011	12.93577807	-0.51111655	0.15734380	12.93538293	-0.51157554
0.27263295	12.88960058	-0.83248412	0.27205724	12.88936817	-0.83274460
0.27998320	12.83894928	-0.83558237	0.27948177	12.83872776	-0.83582586
0.22165217	13.02070662	-0.54630549	0.22048671	13.02039756	-0.54666737
0.36221464	12.80087764	-0.19613054	0.36075378	12.80083769	-0.19620002
0.49019816	12.59393579	-0.43008862	0.48945016	12.59401484	-0.42999964
0.30269426	12.75957861	-0.88805037	0.30237924	12.75939921	-0.88824516
0.15355980	12.96257761	-0.64655965	0.15262906	12.96217214	-0.64702872
0.38443784	12.37713758	-0.22072761	0.38385697	12.37715143	-0.22074074
0.35006747	12.48474102	-0.31076523	0.34934082	12.48466276	-0.31082778
0.18058392	12.86861882	-0.18861379	0.17899109	12.86832501	-0.18903416
0.38732069	12.72991751	-0.90959923	0.38707566	12.72986747	-0.90966854
0.29339334	12.79175670	-0.84951878	0.29297824	12.79155797	-0.84973474
0.13134952	13.11313862	-0.28459403	0.12958048	13.11275432	-0.28515656
0.40385021	12.60858660	-0.24495240	0.40278008	12.60860419	-0.24494920
0.21007714	12.85805521	-0.77225803	0.20946596	12.85772718	-0.77261505
0.42444755	12.71334104	-0.82597746	0.42409589	12.71331735	-0.82599670
0.82280207	12.74883815	-0.86270214	0.82235425	12.74922831	-0.86232779
0.56271263	12.79268610	-0.92490555	0.56236337	12.79281398	-0.92479924
0.32833905	12.68781691	-0.19701222	0.32705465	12.68775709	-0.19709410
0.23674878	12.76401938	-0.18091369	0.23527592	12.76383398	-0.18115127
