0.85116177	12.73664252	-0.42028598	0.85180491	12.73628529	-0.42030129
0.82238958	12.87485488	-0.44890342	0.82311225	12.87451539	-0.44889866
0.89843058	12.83355585	-0.54724118	0.89905722	12.83317055	-0.54729988
0.93027689	12.70034885	-0.53271259	0.93081762	12.69994755	-0.53279464
0.77992941	12.96576794	-0.50916591	0.78067867	12.96545321	-0.50913832
0.85995337	12.91966567	-0.59012619	0.86061194	12.91930264	-0.59016091
0.90917843	12.87676515	-0.65049811	0.90976348	12.87637711	-0.65056378
0.94747760	12.80685996	-0.64482183	0.94801607	12.80644911	-0.64491384
0.98133376	12.67775669	-0.64586204	0.98178369	12.67732878	-0.64598430
0.71713201	12.76639158	-1.16413654	0.71731338	12.76623372	-1.16412734
0.83944434	12.71578615	-1.14241779	0.83960978	12.71553908	-1.14246672
0.80805810	12.82228572	-1.07360643	0.80834537	12.82203249	-1.07362543
0.68591513	12.86859050	-1.09031048	0.68622539	12.86841825	-1.09025977
0.94061247	12.68198238	-1.07968049	0.94078995	12.68165257	-1.07978416
0.90763656	12.79308196	-1.02096947	0.90793423	12.79275316	-1.02103792
0.86810470	12.86158175	-0.97033792	0.86847826	12.86126268	-0.97037622
0.78931276	12.90248238	-0.98566730	0.78969803	12.90220681	-0.98566629
0.66738372	12.94848957	-0.99105939	0.66780326	12.94828704	-0.99099582
0.59659786	12.83415182	-0.20808382	0.59740674	12.83400519	-0.20791662
0.57835704	12.97117580	-0.25572332	0.57922672	12.97103277	-0.25557182
0.71225926	12.92335307	-0.34861393	0.71306226	12.92309377	-0.34853686
0.73368704	12.78393920	-0.30823336	0.73442112	12.78367204	-0.30816367
0.54778374	13.05760101	-0.34012112	0.54866769	13.05746506	-0.33996341
0.67607956	13.01377361	-0.42437281	0.67690354	13.01353068	-0.42428094
0.46757512	12.88160395	-1.06354922	0.46789990	12.88158074	-1.06339830
0.59377836	12.82729613	-1.13639589	0.59403961	12.82721242	-1.13630551
0.56311810	12.91969649	-1.06395100	0.56347513	12.91960023	-1.06383674
0.43913196	12.96410862	-0.98888903	0.43956826	12.96406418	-0.98871080
0.54300919	12.99429748	-0.96228249	0.54348597	12.99416506	-0.96215163
0.41838751	13.03351382	-0.88618334	0.41896180	13.03341889	-0.88598576
-0.01350995	12.98929520	-0.06602365	-0.01304993	12.98976904	-0.06620622
-0.14198160	13.00107404	-0.08814540	-0.14162503	13.00157823	-0.08866287
-0.14444142	13.07443388	-0.13482809	-0.14412487	13.07480307	-0.13557735
-0.01959657	13.07659536	-0.11005663	-0.01915747	13.07697948	-0.11044386
-0.26077570	13.00264703	-0.12464855	-0.26046357	13.00302034	-0.12558379
-0.26167844	13.06397317	-0.17324474	-0.26134833	13.06418933	-0.17446214
-0.26282832	13.10497971	-0.23896500	-0.26244754	13.10488787	-0.24042027
-0.14639787	13.12123179	-0.20111037	-0.14601465	13.12139660	-0.20200651
-0.02454443	13.13054749	-0.17600144	-0.02406950	13.13076770	-0.17650506
0.03177047	12.97514118	-0.59048511	0.03287741	12.97478576	-0.59040955
0.01673151	13.03754956	-0.56498777	0.01782539	13.03720752	-0.56500673
-0.06408928	13.03921090	-0.55455955	-0.06288417	13.03856183	-0.55487096
-0.04982527	12.98304509	-0.57005379	-0.04852550	12.98240908	-0.57017139
-0.00288651	13.09154977	-0.51766719	-0.00189799	13.09123898	-0.51785077
-0.08571218	13.08555187	-0.51896817	-0.08465050	13.08495671	-0.51948919
-0.17902740	13.07782248	-0.53536928	-0.17781687	13.07665676	-0.53627204
-0.15627605	13.03674474	-0.57103413	-0.15483151	13.03555267	-0.57165820
-0.14138646	12.98550057	-0.58821207	-0.13974112	12.98431194	-0.58856731
0.98746309	12.28876649	-0.67195778	0.98761023	12.28837295	-0.67212681
0.96648954	12.06987974	-0.68787431	0.96649592	12.06952462	-0.68804779
0.91391354	12.09667541	-0.55257742	0.91398592	12.09637675	-0.55270741
0.92886909	12.30345901	-0.53681286	0.92911482	12.30310127	-0.53692747
0.83597440	12.14657276	-0.43134358	0.83612643	12.14636291	-0.43139635
0.84345477	12.32865200	-0.41145508	0.84377403	12.32834798	-0.41149731
0.97942983	12.37998625	-1.14155145	0.97937446	12.37966482	-1.14172019
0.88452656	12.44058945	-1.21055501	0.88447555	12.44034590	-1.21066800
0.87982611	12.28109206	-1.23540141	0.87967786	12.28086575	-1.23554305
0.97186904	12.18869054	-1.15689415	0.97171197	12.18840136	-1.15710002
0.75734598	12.51689340	-1.23934827	0.75733840	12.51676076	-1.23939730
0.75348536	12.39669520	-1.27077606	0.75338855	12.39656239	-1.27083863
0.86753663	12.17639298	-1.24323786	0.86735014	12.17618703	-1.24340812
0.95290785	12.05409227	-1.15495723	0.95273691	12.05382056	-1.15521168
0.99359500	12.49775790	-0.65720748	0.99390212	12.49733320	-0.65736036
0.93700994	12.51375073	-0.53073183	0.93741392	12.51335911	-0.53083399
0.85284348	12.54223734	-0.40873139	0.85334152	12.54189398	-0.40875614
0.86803966	12.58708888	-1.18371825	0.86810294	12.58684298	-1.18379838
0.96711579	12.54438361	-1.11791748	0.96718046	12.54405215	-1.11805601
0.74283705	12.64469266	-1.20865818	0.74292124	12.64454650	-1.20867780
0.60019677	12.41993976	-0.22570018	0.60067598	12.41975000	-0.22551970
0.60067792	12.63473665	-0.20314410	0.60136600	12.63457238	-0.20295817
0.73396518	12.58493636	-0.29749009	0.73457486	12.58466046	-0.29739782
0.72745557	12.37074671	-0.30847487	0.72785497	12.37049934	-0.30841188
0.46881856	12.70490523	-1.15071189	0.46890608	12.70494991	-1.15067337
0.61206668	12.61499897	-1.21942103	0.61210556	12.61498364	-1.21940152
0.60883664	12.71919759	-1.18589749	0.60894165	12.71913837	-1.18585059
0.47390796	12.78880459	-1.11701676	0.47411660	12.78882476	-1.11692189
0.58653644	12.17478893	-0.30181011	0.58657415	12.17472631	-0.30179535
0.59728791	12.28065810	-0.26253447	0.59754454	12.28049231	-0.26244748
0.72335796	12.21606562	-0.33775493	0.72356733	12.21587120	-0.33772859
0.60071698	12.48689711	-1.25182991	0.60068863	12.48689273	-1.25182319
0.60685677	12.53429800	-1.24357075	0.60685496	12.53428913	-1.24356188
0.46271801	12.64920093	-1.16638685	0.46275909	12.64925064	-1.16637406
-0.00512719	12.71140530	-0.06498224	-0.00447856	12.71180813	-0.06459036
-0.15385319	12.78000138	-0.07227334	-0.15328159	12.78052007	-0.07215138
-0.14395537	12.90284274	-0.06979062	-0.14352574	12.90338333	-0.07002255
-0.00558631	12.86587124	-0.05425786	-0.00504242	12.86634930	-0.05415905
-0.28991536	12.83113878	-0.09697280	-0.28944644	12.83161050	-0.09722198
-0.27130136	12.92626528	-0.10095252	-0.27093304	12.92672738	-0.10158461
0.02768709	12.84558762	-0.61955167	0.02878664	12.84518478	-0.61933317
0.03393006	12.91101806	-0.60694453	0.03507587	12.91064215	-0.60677644
-0.04690963	12.92121581	-0.57928637	-0.04555633	12.92055022	-0.57923264
-0.05505019	12.85627202	-0.58318982	-0.05358587	12.85549860	-0.58300487
-0.13804138	12.92807371	-0.59625452	-0.13621557	12.92679170	-0.59638226
-0.14760573	12.86709415	-0.59478680	-0.14561927	12.86567819	-0.59462159
-0.03464332	12.41570404	-0.11975523	-0.03403468	12.41598400	-0.11897438
-0.17492069	12.63285604	-0.09023145	-0.17424359	12.63327376	-0.08970494
-0.01981034	12.54077566	-0.08915555	-0.01913301	12.54108847	-0.08853811
-0.32653840	12.62577037	-0.12890821	-0.32586001	12.62607602	-0.12830170
-0.31276461	12.71342012	-0.10885207	-0.31215120	12.71383814	-0.10861559
0.01767997	12.77922234	-0.63133837	0.01877269	12.77877332	-0.63106756
-0.07423232	12.78964209	-0.58009980	-0.07258499	12.78869058	-0.57974022
-0.09169731	12.76249634	-0.55985795	-0.08978494	12.76142416	-0.55937042
-0.17134419	12.80434892	-0.58236395	-0.16903522	12.80269602	-0.58182703
-0.38306770	12.99971648	-0.17419475	-0.38271733	12.99986994	-0.17555839
-0.37512317	13.04972117	-0.22012406	-0.37475553	13.04956925	-0.22181365
-0.49284959	12.99291076	-0.23139990	-0.49240986	12.99275937	-0.23344378
-0.47289696	13.03348123	-0.27253602	-0.47238755	13.03297602	-0.27483169
-0.45065132	13.06651127	-0.32291517	-0.45001920	13.06564333	-0.32538023
-0.36511210	13.08661093	-0.27943295	-0.36466112	13.08611493	-0.28129810
-0.26006281	13.03350300	-0.59101330	-0.25831357	13.03138970	-0.59219698
-0.24538521	12.98807586	-0.61565598	-0.24329475	12.98585750	-0.61645598
-0.28056850	13.07019324	-0.55081815	-0.27917410	13.06823288	-0.55234006
-0.37471927	13.06072580	-0.56014578	-0.37301889	13.05775985	-0.56242060
-0.35942808	13.02888554	-0.60468821	-0.35729054	13.02545850	-0.60661419
-0.34935592	12.98996965	-0.63800658	-0.34666880	12.98620150	-0.63942410
-0.24640713	12.93931580	-0.63111162	-0.24394453	12.93691671	-0.63158291
-0.35624087	12.95035707	-0.66218420	-0.35299662	12.94610606	-0.66316950
-0.37019412	12.91221852	-0.67563849	-0.36619824	12.90740743	-0.67619827
-0.25877466	12.88945318	-0.63510469	-0.25587953	12.88679617	-0.63522087
-0.53720371	12.88742478	-0.19055804	-0.53666065	12.88758891	-0.19189436
-0.55728122	12.76547154	-0.19591815	-0.55660485	12.76560244	-0.19632994
-0.63329559	12.80236915	-0.25383273	-0.63248410	12.80210128	-0.25481512
-0.61505429	12.89829416	-0.25339049	-0.61435676	12.89796476	-0.25528644
-0.56545023	12.66080621	-0.21300030	-0.56466974	12.66078615	-0.21262362
-0.64078963	12.71979625	-0.26536632	-0.63995629	12.71944150	-0.26546602
-0.68900763	12.78961026	-0.33607202	-0.68787631	12.78852472	-0.33717174
-0.68250820	12.84184590	-0.33054339	-0.68143628	12.84077395	-0.33227237
-0.66639512	12.90487273	-0.33257186	-0.66541781	12.90372455	-0.33500047
-0.45590764	12.65062283	-0.16486810	-0.45519469	12.65089265	-0.16436390
-0.44465892	12.74674682	-0.14597190	-0.44404678	12.74709141	-0.14608880
-0.42245691	12.86600621	-0.13768463	-0.42199380	12.86634567	-0.13846684
-0.46343400	12.92460977	-0.68793919	-0.45727554	12.91667180	-0.68966025
-0.47059951	12.89738901	-0.69770624	-0.46480397	12.88935508	-0.69882644
-0.38177999	12.87836792	-0.67690332	-0.37729779	12.87315419	-0.67709976
-0.55167659	12.93215601	-0.66881909	-0.54716917	12.92542470	-0.67123912
-0.55631796	12.90495491	-0.68277775	-0.55157063	12.89788980	-0.68463209
-0.39246678	12.86150827	-0.66618210	-0.38787225	12.85621990	-0.66616109
-0.27809958	12.84093995	-0.62671816	-0.27487486	12.83803898	-0.62647609
0.89877083	12.88487919	-0.90168525	0.89920181	12.88452823	-0.90173992
0.79874246	12.95188173	-0.88765178	0.79922818	12.95158302	-0.88765211
0.91524571	12.89927413	-0.81295933	0.91573950	12.89890335	-0.81302511
0.82012482	12.97178076	-0.78314618	0.82069236	12.97145748	-0.78315672
0.70967136	13.02748887	-0.74185961	0.71030952	13.02722434	-0.74181839
0.67990857	13.00329064	-0.87097055	0.68044662	13.00305208	-0.87091644
0.91630831	12.89546874	-0.72105988	0.91686098	12.89508391	-0.72112733
0.83720034	12.96307342	-0.67661489	0.83783067	12.96272975	-0.67663551
0.74267950	13.01568094	-0.61459504	0.74340155	13.01538995	-0.61455574
1.00034756	12.67137593	-0.98497449	1.00057091	12.67098217	-0.98510952
0.96258873	12.79297802	-0.93991862	0.96293229	12.79259428	-0.94001616
1.02343419	12.67187185	-0.87364199	1.02373065	12.67144240	-0.87379336
0.98237838	12.80237238	-0.84313435	0.98278514	12.80195940	-0.84324454
1.01475639	12.67096325	-0.76030462	1.01512158	12.67052504	-0.76045208
0.97644139	12.80196617	-0.74374573	0.97691070	12.80154649	-0.74385522
0.55975461	13.04880576	-0.82584057	0.56036974	13.04863176	-0.82572402
0.59653095	13.07450511	-0.67697866	0.59727159	13.07430526	-0.67686628
0.47265134	13.11323486	-0.59439190	0.47348410	13.11309460	-0.59424423
0.43550659	13.08663179	-0.74633728	0.43623396	13.08649826	-0.74617608
0.63643128	13.06339407	-0.53885703	0.63724089	13.06317182	-0.53875459
0.51126955	13.10422523	-0.45622154	0.51215489	13.10408720	-0.45607061
-0.38364219	13.07903532	-0.50228947	-0.38234631	13.07673376	-0.50471245
-0.46657126	13.06012697	-0.51560933	-0.46495959	13.05699294	-0.51876683
-0.44640204	13.04803259	-0.55787810	-0.44446667	13.04440042	-0.56079421
-0.39595254	13.08575005	-0.43913979	-0.39496045	13.08401416	-0.44158262
-0.48901972	13.06263553	-0.47113078	-0.48764982	13.05997209	-0.47440284
-0.57268266	13.03602768	-0.50101240	-0.57083601	13.03258728	-0.50482413
-0.53482693	13.03737686	-0.53341905	-0.53278878	13.03358239	-0.53705027
-0.49704805	13.03510814	-0.55941254	-0.49488077	13.03103696	-0.56277609
-0.42170905	13.08282081	-0.37891035	-0.42093561	13.08155971	-0.38139799
-0.50318062	13.05922156	-0.41962970	-0.50210722	13.05719307	-0.42283496
-0.51833462	13.04502347	-0.36849968	-0.51744030	13.04351411	-0.37152189
-0.56357293	13.02790570	-0.40124598	-0.56241833	13.02593765	-0.40462941
-0.57509373	13.03259575	-0.45019685	-0.57364359	13.02993007	-0.45384337
-0.01865834	13.13048696	-0.43578051	-0.01781471	13.13025866	-0.43612213
-0.11024611	13.11786633	-0.44846467	-0.10938300	13.11741587	-0.44915608
-0.02811992	13.15201861	-0.34048853	-0.02743415	13.15190646	-0.34096204
-0.13123329	13.13568679	-0.36198718	-0.13057910	13.13541909	-0.36280894
-0.23227649	13.11821856	-0.39349091	-0.23158030	13.11751411	-0.39490893
-0.20608581	13.10440169	-0.47176229	-0.20514008	13.10340557	-0.47295612
-0.02872818	13.15388146	-0.25334406	-0.02816132	13.15392996	-0.25386764
-0.14265467	13.13921459	-0.27820297	-0.14215613	13.13915122	-0.27911547
-0.25215814	13.12068203	-0.31392680	-0.25163711	13.12025793	-0.31541296
0.99070913	11.97509260	-1.05858600	0.99056828	11.97478342	-1.05887894
1.01325245	12.11998840	-1.05673426	1.01311320	12.11965423	-1.05697564
0.99312911	11.93019270	-0.95314459	0.99304409	11.92986300	-0.95343639
1.01915425	12.07678667	-0.94248352	1.01905416	12.07642778	-0.94273008
1.03834202	12.29447972	-0.92708619	1.03834338	12.29408105	-0.92729562
1.02699525	12.32908307	-1.04300552	1.02695718	12.32870970	-1.04320652
0.97445041	11.91369066	-0.83416445	0.97441774	11.91335042	-0.83442269
1.00251711	12.06158344	-0.81903397	1.00247280	12.06121870	-0.81925638
1.02460102	12.28347257	-0.80272717	1.02466563	12.28306020	-0.80292749
1.02256468	12.51487783	-1.01869305	1.02266097	12.51448786	-1.01886595
1.04121569	12.49737337	-0.90353082	1.04136867	12.49694965	-0.90371745
1.02997321	12.49196394	-0.78224007	1.03019499	12.49152903	-0.78242114
-0.63874436	12.92924819	-0.61722071	-0.63508746	12.92353502	-0.62018507
-0.64563203	12.89931523	-0.62860384	-0.64173937	12.89337510	-0.63104632
-0.69801942	12.92168660	-0.53813391	-0.69526962	12.91749754	-0.54147148
-0.70878259	12.88563979	-0.54362161	-0.70589198	12.88136742	-0.54646507
-0.64768155	12.87593299	-0.62952736	-0.64370363	12.86997464	-0.63152915
-0.70079235	12.91303470	-0.43521942	-0.69909701	12.91048877	-0.43820878
-0.71458820	12.86812241	-0.43580004	-0.71282551	12.86556983	-0.43837216
-0.71781601	12.83249230	-0.43721610	-0.71596972	12.82993876	-0.43938690
-0.29710778	13.09268069	-0.48861198	-0.29604526	13.09108649	-0.49033445
-0.31548494	13.10286384	-0.41621752	-0.31466846	13.10166233	-0.41801067
-0.34170968	13.10261498	-0.34571475	-0.34111558	13.10180579	-0.34759992
-0.59480322	12.95055170	-0.26635979	-0.59411559	12.95007122	-0.26871808
-0.51469939	12.95365376	-0.20324593	-0.51426574	12.95373444	-0.20501342
-0.64856409	12.94486179	-0.34198404	-0.64757527	12.94357578	-0.34477153
-0.62519522	12.97424304	-0.35896609	-0.62414101	12.97274287	-0.36195395
-0.57165338	12.98237380	-0.29086016	-0.57094230	12.98163878	-0.29349320
-0.40017337	12.94437600	-0.14704644	-0.39980519	12.94464035	-0.14818692
-0.45194701	12.95703357	-0.67019092	-0.44718802	12.95019666	-0.67233757
-0.44163984	12.99107774	-0.64226641	-0.43845147	12.98563441	-0.64465802
-0.52534080	12.99048726	-0.62605885	-0.52193150	12.98472823	-0.62928882
-0.54059144	12.96136877	-0.65164705	-0.53654921	12.95497060	-0.65455623
-0.65639032	12.97833671	-0.52674938	-0.65396128	12.97433523	-0.53056216
-0.68083416	12.95115111	-0.53298296	-0.67823495	12.94705539	-0.53660330
-0.62504686	12.95763788	-0.60481944	-0.62165769	12.95215952	-0.60818945
-0.60438318	12.98506473	-0.58728414	-0.60136325	12.97993170	-0.59091268
-0.62439842	13.00740006	-0.51786689	-0.62219058	13.00355923	-0.52180635
-0.57759446	13.01192455	-0.56032773	-0.57508382	13.00737842	-0.56405880
-0.50806010	13.01751568	-0.58685808	-0.50551862	13.01285400	-0.59015970
-0.68310946	12.94604620	-0.43810570	-0.68144590	12.94346040	-0.44141825
-0.65849233	12.97383737	-0.44421845	-0.65684914	12.97114767	-0.44776080
-0.59267248	13.00498095	-0.38348980	-0.59156519	13.00321808	-0.38672933
-0.62468523	13.00359510	-0.45336652	-0.62305894	13.00079284	-0.45705830
-0.54366971	13.01668399	-0.32519214	-0.54287925	13.01562614	-0.32802040
-0.43886117	13.02339927	-0.60256042	-0.43644305	13.01909381	-0.60528247
0.18154419	13.12051815	-0.18485475	0.18226643	13.12065310	-0.18481132
0.15194421	13.15914423	-0.27013663	0.15269905	13.15921965	-0.27014707
0.17963762	13.14703090	-0.28483547	0.18043911	13.14708907	-0.28476660
0.21351621	13.10721406	-0.19640915	0.21429894	13.10733559	-0.19629633
0.13160560	13.16612143	-0.36529013	0.13242916	13.16609497	-0.36533710
0.15771333	13.15484203	-0.38218055	0.15857878	13.15482990	-0.38214473
0.18421483	13.13812422	-0.29484868	0.18503630	13.13817489	-0.29476125
0.21790269	13.09881008	-0.20280687	0.21870459	13.09892474	-0.20267754
0.19085168	13.14582387	-0.29590634	0.19168436	13.14587022	-0.29581140
0.22330091	13.10530862	-0.19767867	0.22412116	13.10541918	-0.19754318
0.17178363	13.15294307	-0.39929892	0.17266953	13.15292398	-0.39922906
0.21576505	13.15871648	-0.42522386	0.21666525	13.15867812	-0.42511100
0.23729960	13.15110160	-0.31380862	0.23816710	13.15112238	-0.31368024
0.26919967	13.10858332	-0.20848739	0.27003401	13.10865953	-0.20833588
0.25695408	12.93397066	-0.06471549	0.25768063	12.93419687	-0.06446982
0.22006850	13.05038858	-0.11025110	0.22079365	13.05057116	-0.11012656
0.25623031	13.03758309	-0.12163364	0.25699847	13.03773501	-0.12146739
0.29649275	12.92065173	-0.07782180	0.29726052	12.92082302	-0.07754508
0.26646648	13.03557891	-0.12212183	0.26725618	13.03571835	-0.12194999
0.30769612	12.91874324	-0.08121959	0.30848077	12.91889763	-0.08094205
0.31168643	13.03405674	-0.12946145	0.31250012	13.03416181	-0.12926398
0.35147545	12.91092451	-0.08715853	0.35227785	12.91103341	-0.08688590
0.37688103	12.72197956	-0.09124215	0.37764397	12.72206513	-0.09089096
0.33683794	12.73569783	-0.08681747	0.33759011	12.73582400	-0.08645977
0.39436390	12.52653909	-0.12198920	0.39504807	12.52656812	-0.12158908
0.35686366	12.55065517	-0.11732001	0.35755593	12.55072426	-0.11689002
0.32545765	12.73790046	-0.08208992	0.32620378	12.73804678	-0.08172252
0.34468660	12.55345570	-0.11241503	0.34537990	12.55354258	-0.11197789
0.29906186	12.56726531	-0.09435717	0.29975994	12.56741183	-0.09389325
0.28343881	12.75532077	-0.06609551	0.28416615	12.75552056	-0.06572046
0.26625037	12.78332076	-0.91944267	0.26658978	12.78329904	-0.91921350
0.25642409	12.85352775	-0.89455877	0.25687777	12.85347863	-0.89430233
0.23735536	12.85932682	-0.83547085	0.23790450	12.85921241	-0.83521623
0.24805067	12.79852213	-0.85917050	0.24852084	12.79840578	-0.85893049
0.24118985	12.92553707	-0.84417168	0.24175034	12.92544024	-0.84389747
0.22150256	12.92394977	-0.78848734	0.22213780	12.92382864	-0.78823439
0.22803939	12.91955385	-0.77068140	0.22869735	12.91942408	-0.77044884
0.24898725	12.80432344	-0.83842095	0.24949650	12.80418124	-0.83819559
0.22110676	12.85972798	-0.82105880	0.22170466	12.85957264	-0.82082981
0.22597558	12.80242595	-0.84404663	0.22648602	12.80225982	-0.84381588
0.21049750	12.92344650	-0.77872075	0.21116554	12.92329806	-0.77848998
0.16997661	12.93564726	-0.76410276	0.17069159	12.93547719	-0.76387721
0.17763965	12.86834402	-0.80260556	0.17827410	12.86817334	-0.80236850
0.17956006	12.80473201	-0.82367752	0.18012378	12.80454281	-0.82342325
0.27104472	12.71322152	-0.94455263	0.27126357	12.71325236	-0.94441098
0.25560081	12.73731920	-0.88335941	0.25598766	12.73720834	-0.88314198
0.25743102	12.75291860	-0.86102315	0.25787532	12.75277204	-0.86080639
0.27506514	12.71641821	-0.87423025	0.27543520	12.71629136	-0.87404643
0.23475367	12.74471836	-0.87086472	0.23520501	12.74453545	-0.87063401
0.18604265	12.73713668	-0.85325584	0.18654312	12.73692936	-0.85298348
0.28262061	12.32766808	-0.16247224	0.28315407	12.32779077	-0.16178786
0.30024974	12.42424329	-0.12861453	0.30085930	12.42437490	-0.12809053
0.34802411	12.42254187	-0.14496622	0.34860527	12.42259309	-0.14451809
0.33338828	12.35305977	-0.17763298	0.33388360	12.35313052	-0.17714336
0.35204331	12.43514931	-0.15224114	0.35262758	12.43518932	-0.15180262
0.36173634	12.41554366	-0.15003271	0.36229968	12.41556249	-0.14960822
0.34782395	12.34757368	-0.18403890	0.34821970	12.34757029	-0.18368164
0.39884700	12.38224177	-0.15851562	0.39934786	12.38218759	-0.15816241
0.12090950	13.14088306	-0.47054704	0.12183105	13.14074902	-0.47055692
0.15082018	13.12760769	-0.48454480	0.15174356	13.12750032	-0.48448646
0.12436414	13.08866987	-0.57870653	0.12531372	13.08848251	-0.57863194
0.15960923	13.07338522	-0.58938092	0.16052765	13.07324007	-0.58925319
0.16282593	13.11631583	-0.49127741	0.16374612	13.11621735	-0.49118774
0.16863395	13.12271159	-0.49140703	0.16954819	13.12262574	-0.49130984
0.17865031	13.06670106	-0.58556131	0.17955310	13.06658067	-0.58540254
0.20479375	13.07209494	-0.62487274	0.20565751	13.07197949	-0.62469283
0.20406811	13.12850640	-0.52386659	0.20498032	13.12842627	-0.52372791
0.22045698	13.00156834	-0.74315052	0.22118250	13.00145800	-0.74292305
0.19901657	12.99677838	-0.69507226	0.19980504	12.99665741	-0.69486418
0.18467066	12.99987656	-0.69463119	0.18547674	12.99974175	-0.69443871
0.14644124	13.01467206	-0.68335912	0.14728975	13.01451054	-0.68319105
0.39489072	13.09083845	-0.26210691	0.39578077	13.09082405	-0.26191515
0.43018379	13.01031418	-0.17832984	0.43105893	13.01030818	-0.17811139
0.45865908	12.87958677	-0.13214817	0.45949449	12.87957708	-0.13189961
0.31301079	12.99092916	-0.86174199	0.31358492	12.99085819	-0.86150491
0.33681657	12.91281626	-0.95093962	0.33726044	12.91280307	-0.95072005
0.29509414	13.06035814	-0.74966321	0.29581150	13.06027390	-0.74944665
0.13683238	12.96173421	-0.05950832	0.13744038	12.96211037	-0.05940120
0.11498855	13.06595610	-0.10414023	0.11556829	13.06628162	-0.10421166
0.09347046	13.12944152	-0.17421076	0.09407687	13.12965617	-0.17440514
0.08866320	13.02822934	-0.62413559	0.08962452	13.02798835	-0.62404874
0.06861420	13.09361904	-0.54624938	0.06960652	13.09337457	-0.54627228
0.10770521	12.95613567	-0.67842404	0.10856820	12.95590902	-0.67823025
0.47316150	12.68444986	-0.13218954	0.47391847	12.68442206	-0.13189933
0.48252638	12.47533327	-0.16084715	0.48312445	12.47524205	-0.16055550
0.34583508	12.83191456	-1.00389647	0.34613990	12.83194440	-1.00372407
0.34670660	12.75681761	-1.03305495	0.34690354	12.75691002	-1.03294268
0.48356662	12.33785470	-0.19919112	0.48391726	12.33770703	-0.19898899
0.34545443	12.69681555	-1.05183976	0.34553579	12.69693029	-1.05178379
0.15811506	12.47172262	-0.10523714	0.15875175	12.47197153	-0.10460504
0.16412155	12.62783044	-0.07565488	0.16480241	12.62811643	-0.07515298
0.10937037	12.75512441	-0.74821794	0.11005498	12.75487787	-0.74794051
0.10971254	12.82382845	-0.72456133	0.11046713	12.82359179	-0.72430966
0.15511781	12.80719819	-0.05495939	0.15576021	12.80755883	-0.05465529
0.11197702	12.88931760	-0.70662945	0.11283415	12.88907656	-0.70641881
0.33087871	13.14347743	-0.50042795	0.33178341	13.14340478	-0.50025762
0.30489275	13.11487369	-0.62734896	0.30573456	13.11478131	-0.62716232
0.36130041	13.13525661	-0.37425830	0.36221575	13.13520309	-0.37409385
0.06457385	13.16377899	-0.34645896	0.06532976	13.16374346	-0.34669085
0.06132769	13.13993547	-0.44862647	0.06221592	13.13976159	-0.44880513
0.07596560	13.16102499	-0.25505652	0.07661503	13.16113631	-0.25530564
0.88208841	11.96638716	-0.58452528	0.88203333	11.96614163	-0.58462986
0.81676000	12.01719950	-0.47386000	0.81676000	12.01719950	-0.47386000
0.92251087	11.93858890	-0.71337585	0.92250166	11.93827302	-0.71355871
0.90997484	12.00508557	-0.71822990	0.90996660	12.00475824	-0.71839672
0.87434651	12.05188131	-0.63179371	0.87435554	12.05159422	-0.63191628
0.80601079	12.11448289	-0.52875466	0.80608921	12.11429803	-0.52881899
0.95584083	11.93109066	-0.83768536	0.95580585	11.93074826	-0.83792957
0.97510943	11.94709253	-0.94908522	0.97502388	11.94675947	-0.94936088
0.94313330	12.06508941	-0.93242133	0.94304382	12.06475057	-0.93263053
0.92880476	12.03478807	-0.81476120	0.92876667	12.03444913	-0.81495383
0.97430966	11.98939209	-1.04228660	0.97417386	11.98907663	-1.04256457
0.93964853	12.06409235	-1.12921732	0.93948575	12.06381171	-1.12946098
0.91651967	12.12679191	-1.10682912	0.91636961	12.12650695	-1.10703526
0.94042160	12.09998981	-1.03028091	0.94028810	12.09967665	-1.03049344
0.85896713	12.18219282	-1.22034781	0.85878800	12.18197868	-1.22051193
0.74249601	12.33309485	-1.27099518	0.74236253	12.33296797	-1.27106997
0.74647684	12.36139394	-1.19926519	0.74638101	12.36124916	-1.19933286
0.85713824	12.22809188	-1.15767956	0.85699358	12.22785657	-1.15782263
0.60117742	12.48299833	-1.23770957	0.60114899	12.48299380	-1.23770247
0.47109736	12.61370079	-1.15270839	0.47111068	12.61374173	-1.15270589
0.49420000	12.61570000	-1.07906000	0.49420000	12.61570000	-1.07906000
0.61447000	12.50220000	-1.16283000	0.61447000	12.50220000	-1.16283000
0.38296986	12.64730692	-1.04975288	0.38299134	12.64737454	-1.04973979
0.33210908	12.64761479	-0.95690629	0.33218890	12.64765152	-0.95688396
0.37140000	12.64100070	-0.89641000	0.37140000	12.64100070	-0.89641000
0.41679000	12.64250090	-0.98287004	0.41679000	12.64250090	-0.98287004
0.31410251	12.67931737	-0.89746697	0.31432780	12.67928856	-0.89735708
0.31010560	12.70681756	-0.87002437	0.31044653	12.70673176	-0.86986974
0.33842937	12.69461679	-0.81279609	0.33884665	12.69449632	-0.81262744
0.34754125	12.66951922	-0.84042706	0.34784810	12.66943475	-0.84028688
0.30108086	12.69411894	-0.87393384	0.30144489	12.69401918	-0.87376686
0.25798226	12.68403150	-0.84449267	0.25843196	12.68385117	-0.84426021
0.29832053	12.68113299	-0.77502834	0.29882237	12.68098224	-0.77482004
0.33726496	12.68322684	-0.81146427	0.33770595	12.68310186	-0.81129369
0.15186802	12.71953540	-0.71622422	0.15256538	12.71931157	-0.71594255
0.02053701	12.77298953	-0.57555297	0.02178988	12.77251626	-0.57525673
0.02460037	12.81084807	-0.49864480	0.02574934	12.81055058	-0.49833250
0.17599036	12.73463905	-0.64088389	0.17679582	12.73443106	-0.64059646
-0.09551476	12.81542838	-0.51228571	-0.09382105	12.81459188	-0.51186991
-0.20265245	12.84677867	-0.51601614	-0.20062999	12.84542109	-0.51569402
-0.20662185	12.91581264	-0.45628212	-0.20513810	12.91488970	-0.45647396
-0.09803045	12.87534223	-0.44244138	-0.09672478	12.87486234	-0.44225789
-0.30686511	12.86578915	-0.57567419	-0.30398179	12.86310347	-0.57560049
-0.40357704	12.87396910	-0.64305763	-0.39912069	12.86882046	-0.64308887
-0.42166736	12.90324046	-0.59216804	-0.41845895	12.89910398	-0.59282412
-0.31717310	12.91974968	-0.52148513	-0.31507076	12.91763642	-0.52201877
-0.49081726	12.87520586	-0.67195507	-0.48563604	12.86805016	-0.67267045
-0.57150874	12.87359680	-0.66089423	-0.56704381	12.86709295	-0.66220565
-0.57122942	12.87702941	-0.62578852	-0.56715104	12.87126365	-0.62717694
-0.51436228	12.88536660	-0.62443608	-0.51019175	12.87976493	-0.62573731
-0.64687242	12.86761179	-0.61056970	-0.64311070	12.86204258	-0.61243044
-0.69770224	12.85380755	-0.53182947	-0.69491591	12.84976824	-0.53406372
-0.66066166	12.86978746	-0.50323380	-0.65820750	12.86625542	-0.50531015
-0.62196040	12.87715745	-0.57945287	-0.61858316	12.87224892	-0.58129381
-0.70366337	12.82746835	-0.43635817	-0.70182394	12.82495404	-0.43832225
-0.67730149	12.78081525	-0.34593261	-0.67612667	12.77962860	-0.34688071
-0.65560116	12.78723615	-0.35878755	-0.65435126	12.78588641	-0.35971265
-0.66743072	12.83352686	-0.41945505	-0.66575349	12.83129648	-0.42111756
-0.63088845	12.70640130	-0.28214793	-0.63002657	12.70589485	-0.28209971
-0.55738372	12.64583947	-0.23324822	-0.55657995	12.64567793	-0.23275327
-0.53963503	12.70496992	-0.26468630	-0.53879345	12.70455901	-0.26459945
-0.61566250	12.74839912	-0.31484024	-0.61464824	12.74754711	-0.31519227
-0.45038618	12.64096667	-0.18565981	-0.44966208	12.64112592	-0.18509574
-0.32319643	12.62036465	-0.14957517	-0.32251398	12.62062262	-0.14896094
-0.30528712	12.67397942	-0.17846226	-0.30460766	12.67413913	-0.17801784
-0.43136129	12.69832899	-0.21566272	-0.43060223	12.69827558	-0.21546755
-0.18641269	12.51609807	-0.13617358	-0.18572658	12.51639660	-0.13547215
-0.03777421	12.40042913	-0.14355164	-0.03719221	12.40067516	-0.14273924
-0.03526682	12.47013554	-0.17457042	-0.03464168	12.47034834	-0.17386771
-0.17477294	12.57877209	-0.16499362	-0.17408616	12.57903662	-0.16436397
0.12340331	12.34016701	-0.16388776	0.12394552	12.34035664	-0.16306576
0.25187995	12.32170417	-0.18917547	0.25238960	12.32181548	-0.18844990
0.23142064	12.38145640	-0.24114719	0.23191491	12.38151727	-0.24050161
0.11378048	12.40748964	-0.20521817	0.11434081	12.40763552	-0.20449444
0.30186671	12.35600392	-0.21039949	0.30232977	12.35606264	-0.20984504
0.28733838	12.43983593	-0.27970854	0.28784159	12.43989235	-0.27919937
0.27922491	12.41203930	-0.26583764	0.27970959	12.41209404	-0.26529484
0.31338081	12.34630579	-0.22299606	0.31374409	12.34639819	-0.22258314
0.34620000	12.27620000	-0.23202000	0.34620000	12.27620000	-0.23202000
0.31931888	12.33313978	-0.29080214	0.31961077	12.33327608	-0.29046111
0.28643137	12.39824297	-0.28086289	0.28686386	12.39834456	-0.28038009
0.44425997	12.21770000	-0.27141000	0.44425997	12.21770000	-0.27141000
0.57587000	12.16340070	-0.32883000	0.57587000	12.16340070	-0.32883000
0.56948011	12.24299088	-0.38296815	0.56966272	12.24292880	-0.38287941
0.42759156	12.28611029	-0.32797473	0.42780147	12.28613182	-0.32778147
0.70622003	12.08180000	-0.39380000	0.70622003	12.08180000	-0.39380000
0.69996463	12.18128136	-0.44758721	0.70010922	12.18114388	-0.44757217
0.76328293	12.39369299	-1.04838618	0.76326918	12.39348298	-1.04845177
0.86552182	12.24499102	-1.04722221	0.86543506	12.24471603	-1.04735961
0.78268790	12.37719130	-0.86025896	0.78277303	12.37693525	-0.86032710
0.87466807	12.22358725	-0.90675529	0.87464552	12.22327793	-0.90688941
0.79536258	12.26268499	-0.67253995	0.79549107	12.26242325	-0.67259157
0.87451074	12.14978453	-0.75459406	0.87452930	12.14947313	-0.75471860
0.53340618	12.60829891	-0.90294037	0.53359577	12.60816755	-0.90290368
0.64683743	12.52239930	-0.99062081	0.64691730	12.52225175	-0.99062599
0.56473544	12.53880921	-0.69145428	0.56508535	12.53864672	-0.69133961
0.67767041	12.47889578	-0.78125074	0.67789208	12.47868498	-0.78123908
0.57054407	12.38670195	-0.51111073	0.57086003	12.38657564	-0.51096520
0.69229438	12.34038815	-0.58916700	0.69252813	12.34019396	-0.58913387
-0.21779762	12.91132659	-0.37155752	-0.21671868	12.91080473	-0.37181388
-0.11194931	12.86853418	-0.35573348	-0.11091001	12.86828614	-0.35562249
-0.23951530	12.85354234	-0.28507803	-0.23866589	12.85332986	-0.28524546
-0.13280385	12.80412150	-0.27163228	-0.13196191	12.80407006	-0.27143925
-0.01555971	12.73687147	-0.30721906	-0.01471122	12.73686222	-0.30682230
0.00771559	12.80302870	-0.40275396	0.00871139	12.80289626	-0.40241225
-0.27334048	12.76320917	-0.22234487	-0.27258208	12.76322292	-0.22223125
-0.15559096	12.69072144	-0.20953683	-0.15486009	12.69083805	-0.20914582
-0.02878363	12.60472007	-0.23052846	-0.02807830	12.60484791	-0.22997748
-0.55193396	12.90783342	-0.54407396	-0.54909466	12.90373251	-0.54585788
-0.58722754	12.90323832	-0.45279016	-0.58537790	12.90059962	-0.45473800
-0.48533112	12.92388388	-0.39093812	-0.48403988	12.92232643	-0.39245096
-0.45122590	12.93561743	-0.49628084	-0.44915207	12.93288961	-0.49769320
-0.60434381	12.83184665	-0.37340671	-0.60302606	12.83030752	-0.37460935
-0.51547208	12.82227180	-0.31446203	-0.51445348	12.82141121	-0.31521852
-0.33587317	12.93544241	-0.42809680	-0.33446134	12.93411583	-0.42895473
-0.36314302	12.90056594	-0.32951231	-0.36216379	12.89993752	-0.33031118
-0.39891522	12.80316068	-0.26090575	-0.39807287	12.80285271	-0.26129258
0.29324282	12.63944702	-0.65114228	0.29384749	12.63928894	-0.65086328
0.33496503	12.63613981	-0.67463745	0.33554123	12.63599004	-0.67438555
0.26697126	12.57236203	-0.50123698	0.26759548	12.57226793	-0.50084683
0.31334414	12.57144674	-0.51120646	0.31395741	12.57135163	-0.51082346
0.31745857	12.58945224	-0.49564002	0.31807072	12.58937378	-0.49527474
0.33595468	12.65043651	-0.66624020	0.33652768	12.65029457	-0.66599089
0.34312136	12.63294552	-0.68885492	0.34364913	12.63280513	-0.68862276
0.31987156	12.57524516	-0.51045829	0.32045767	12.57516661	-0.51009916
0.35222195	12.55554828	-0.55110888	0.35275737	12.55545278	-0.55079037
0.37245873	12.61433484	-0.73936415	0.37289353	12.61420227	-0.73917580
0.32710884	12.44075131	-0.39895785	0.32754158	12.44077870	-0.39856428
0.29476048	12.48755151	-0.37564576	0.29527740	12.48757106	-0.37520170
0.28904029	12.49164295	-0.37073506	0.28960121	12.49163854	-0.37025681
0.24154524	12.47736287	-0.35454182	0.24208715	12.47736801	-0.35403864
0.44542392	12.55412624	-0.61303206	0.44588949	12.55399303	-0.61280476
0.43868793	12.62182131	-0.81491485	0.43899108	12.62170234	-0.81483059
0.43376710	12.41232617	-0.44600329	0.43413383	12.41229815	-0.44572679
0.13776716	12.64015097	-0.40925338	0.13853041	12.64005682	-0.40880994
0.16413895	12.71065033	-0.53166515	0.16496659	12.71048485	-0.53131018
0.11913739	12.52299407	-0.29357918	0.11977669	12.52303007	-0.29299607
0.16405198	13.14533035	-0.39440805	0.16493101	13.14531144	-0.39433925
0.25962077	13.03127808	-0.12877424	0.26039493	13.03141846	-0.12860520
0.29895594	12.91724965	-0.08719540	0.29973045	12.91740381	-0.08691387
0.32799113	12.73720186	-0.09257235	0.32873710	12.73733523	-0.09220678
0.34790911	12.55775895	-0.12228277	0.34860394	12.55783629	-0.12184654
0.24141520	12.85852786	-0.81458789	0.24199938	12.85839314	-0.81434946
0.33876962	12.37517231	-0.18490546	0.33924895	12.37521241	-0.18446502
0.17686100	13.06149719	-0.58834871	0.17776684	13.06136951	-0.58819341
0.20249159	12.99157656	-0.68841589	0.20329108	12.99145662	-0.68821024
0.89638818	11.96108732	-0.57107465	0.89633086	11.96083976	-0.57118110
0.82721152	12.01969766	-0.45666042	0.82722153	12.01968270	-0.45665972
0.93991045	11.92428809	-0.70476491	0.93989872	11.92397437	-0.70495094
0.74596572	12.33169488	-1.28649535	0.74582713	12.33156976	-1.28657200
0.46147776	12.61950023	-1.16634696	0.46149821	12.61954781	-1.16634212
0.35368171	12.65801102	-1.05832735	0.35372211	12.65811203	-1.05829948
0.28748405	12.66181761	-0.96018027	0.28760188	12.66186857	-0.96011041
0.27326846	12.69191864	-0.89903862	0.27355204	12.69185047	-0.89889419
0.25676004	12.70321739	-0.88595067	0.25714558	12.70298795	-0.88572485
0.20847540	12.68913793	-0.86788370	0.20893056	12.68892131	-0.86760275
0.12025350	12.71102886	-0.75341386	0.12091232	12.71077657	-0.75312213
0.01248491	12.74416677	-0.62311678	0.01364840	12.74366874	-0.62283106
-0.19456513	12.78317985	-0.55664533	-0.19216976	12.78147943	-0.55593048
-0.29671886	12.82319514	-0.60635182	-0.29344455	12.82025429	-0.60593165
-0.47760239	12.87927534	-0.69420988	-0.47198681	12.87140197	-0.69486523
-0.56090931	12.88404586	-0.68345333	-0.55611616	12.87693632	-0.68489517
-0.70985860	12.85817915	-0.54355982	-0.70695088	12.85394392	-0.54600333
-0.18854266	12.52579140	-0.11412107	-0.18784591	12.52611982	-0.11342898
0.14116690	12.35583267	-0.13918000	0.14173391	12.35604975	-0.13839602
0.30939389	12.38380753	-0.22290930	0.30985235	12.38386902	-0.22241528
0.38319684	12.29387863	-0.19521604	0.38331554	12.29380120	-0.19511874
0.46921203	12.23728459	-0.23883840	0.46929307	12.23720129	-0.23877727
0.71411270	12.09179478	-0.37179039	0.71412873	12.09175430	-0.37178265
0.29569390	12.51474422	-0.36881075	0.29625711	12.51474395	-0.36836414
0.58437849	12.77790925	-0.54111285	0.58501560	12.77770608	-0.54096804
0.30570700	12.98949015	-0.52991015	0.30656595	12.98940501	-0.52969088
0.03456620	12.99528320	-0.26227429	0.03535208	12.99537294	-0.26226670
0.10301395	13.07785133	-0.30735681	0.10381015	13.07790284	-0.30735231
0.32002617	12.86880695	-0.29401216	0.32083763	12.86882989	-0.29369833
0.03159409	12.96787899	-0.42072490	0.03258628	12.96776013	-0.42061148
0.12494880	13.04571630	-0.41684441	0.12588496	13.04563568	-0.41671205
0.36730648	12.82372080	-0.69335919	0.36794589	12.82358579	-0.69316605
0.15912281	13.02923272	-0.17882673	0.15986425	13.02940419	-0.17871799
0.22097900	12.81528243	-0.79368457	0.22157124	12.81511832	-0.79344738
0.33053087	12.75852368	-0.53093068	0.33126904	12.75841126	-0.53064943
0.32932423	12.88700967	-0.84138119	0.32986240	12.88691227	-0.84116760
0.39444744	12.43617220	-0.24537671	0.39494248	12.43615261	-0.24499869
0.24648862	13.04707509	-0.44608438	0.24738670	13.04703258	-0.44588591
0.47697067	12.68503157	-0.66744369	0.47748226	12.68487117	-0.66729425
0.69860491	12.74951008	-0.77229980	0.69902105	12.74925841	-0.77227390
0.32848450	12.94007668	-0.19969636	0.32931199	12.94013838	-0.19941892
-0.42649178	12.91067436	-0.24455114	-0.42582740	12.91050157	-0.24562651
0.15490385	13.08177829	-0.24813759	0.15568131	13.08188981	-0.24807517
0.32468319	12.94665620	-0.68765438	0.32540218	12.94654684	-0.68745563
-0.51343379	12.91025853	-0.28522999	-0.51261829	12.90967442	-0.28672394
0.23001126	13.03180462	-0.32782497	0.23086457	13.03183223	-0.32762317
0.29044341	12.45966706	-0.20101681	0.29101630	12.45974882	-0.20050391
0.12091494	13.09911148	-0.36941288	0.12177607	13.09909643	-0.36939231
0.21188825	13.07764576	-0.48829371	0.21279608	13.07757789	-0.48813197
0.25534290	12.61288436	-0.24478741	0.25603288	12.61293739	-0.24432453
0.16933653	12.93775639	-0.50825061	0.17031004	12.93762360	-0.50800368
0.27834769	12.89128906	-0.83133870	0.27890816	12.89118514	-0.83110884
0.28504294	12.84056562	-0.83459727	0.28556656	12.84045403	-0.83437865
0.23269948	13.02227504	-0.54413710	0.23359759	13.02217444	-0.54393485
0.37713665	12.79956071	-0.19765567	0.37792727	12.79957824	-0.19733950
0.49852538	12.59229591	-0.43278528	0.49910491	12.59217896	-0.43254058
0.30594948	12.76096831	-0.88730428	0.30630753	12.76089994	-0.88712822
0.16262840	12.96502599	-0.64351610	0.16350272	12.96486976	-0.64330959
0.39137022	12.37596396	-0.22230860	0.39179285	12.37593573	-0.22196665
0.35847514	12.48399058	-0.31238772	0.35900907	12.48398070	-0.31197695
0.19624292	12.86873200	-0.18638292	0.19701432	12.86886893	-0.18607650
0.38986605	12.73027321	-0.90969255	0.39012668	12.73021790	-0.90959023
0.29766234	12.79322743	-0.84870065	0.29812467	12.79311977	-0.84850318
0.14723660	13.11416863	-0.28042942	0.14802510	13.11424440	-0.28039562
0.41546977	12.60687405	-0.24724438	0.41612066	12.60685503	-0.24690189
0.21624637	12.86031187	-0.77036382	0.21690295	12.86014852	-0.77012796
0.42830953	12.71334571	-0.82683794	0.42868459	12.71321445	-0.82672973
0.82757669	12.74519417	-0.86760942	0.82792840	12.74488342	-0.86764763
0.56642092	12.79144979	-0.92699955	0.56674822	12.79127713	-0.92692897
0.34191494	12.68630712	-0.19879669	0.34264122	12.68634700	-0.19841279
0.25212951	12.76320057	-0.18115417	0.25287958	12.76331339	-0.18077561
