0.85098000	12.73670000	-0.42027998	0.85074476	12.73670478	-0.42014354
0.82218000	12.87490000	-0.44889998	0.82192226	12.87488709	-0.44873932
0.89827996	12.83360000	-0.54721000	0.89807714	12.83361117	-0.54705469
0.93015003	12.70040000	-0.53268000	0.92996679	12.70042532	-0.53254428
0.77972000	12.96580000	-0.50917000	0.77947192	12.96577979	-0.50899951
0.85980000	12.91970060	-0.59010000	0.85959866	12.91970470	-0.58993601
0.90906000	12.87680050	-0.65046000	0.90888800	12.87681639	-0.65030521
0.94737000	12.80690000	-0.64478004	0.94720747	12.80692409	-0.64463176
0.98124000	12.67780000	-0.64582000	0.98109427	12.67783076	-0.64568698
0.71713000	12.76640000	-1.16413009	0.71711277	12.76643010	-1.16405516
0.83944000	12.71580000	-1.14240000	0.83941567	12.71583421	-1.14231157
0.80804010	12.82230090	-1.07359000	0.80799627	12.82233170	-1.07348779
0.68590003	12.86860080	-1.09031000	0.68586375	12.86862924	-1.09022082
0.94060004	12.68200000	-1.07965000	0.94056221	12.68203524	-1.07954523
0.90761006	12.79310000	-1.02094007	0.90755081	12.79313049	-1.02082570
0.86807007	12.86160000	-0.97031003	0.86799673	12.86162777	-0.97018845
0.78928000	12.90249920	-0.98565000	0.78921213	12.90252679	-0.98552992
0.66735000	12.94850060	-0.99105996	0.66728659	12.94852423	-0.99095026
0.59628004	12.83420000	-0.20819000	0.59587985	12.83410499	-0.20807267
0.57800000	12.97120090	-0.25585002	0.57760077	12.97108565	-0.25570752
0.71198005	12.92340000	-0.34866000	0.71165377	12.92334425	-0.34849969
0.73344004	12.78399940	-0.30827000	0.73313026	12.78396099	-0.30813790
0.54743000	13.05760100	-0.34026000	0.54706059	13.05749144	-0.34010234
0.67580000	13.01380060	-0.42442998	0.67549532	13.01374316	-0.42425869
0.46756002	12.88159940	-1.06358993	0.46752958	12.88161958	-1.06353422
0.59376997	12.82730000	-1.13641012	0.59374868	12.82732547	-1.13634218
0.56310004	12.91970060	-1.06397000	0.56306223	12.91972546	-1.06388943
0.43909000	12.96410080	-0.98893994	0.43903479	12.96411303	-0.98886964
0.54296000	12.99430000	-0.96231000	0.54289185	12.99431431	-0.96220924
0.41830000	13.03350070	-0.88625000	0.41820835	13.03350008	-0.88616414
-0.01381000	12.98910000	-0.06632000	-0.01429612	12.98895395	-0.06638701
-0.14222000	13.00080000	-0.08833000	-0.14265658	13.00087370	-0.08846656
-0.14472000	13.07420060	-0.13491000	-0.14500306	13.07426923	-0.13507760
-0.01992000	13.07640080	-0.11030000	-0.02029960	13.07627450	-0.11035755
-0.26099000	13.00240000	-0.12461000	-0.26135929	13.00285196	-0.12472744
-0.26196000	13.06380000	-0.17306000	-0.26218426	13.06421793	-0.17326492
-0.26321003	13.10500050	-0.23859000	-0.26335115	13.10532872	-0.23887124
-0.14673000	13.12110000	-0.20109999	-0.14694714	13.12113639	-0.20127479
-0.02491000	13.13040070	-0.17619000	-0.02521984	13.13029691	-0.17627091
0.03121000	12.97520000	-0.59077000	0.03095438	12.97507269	-0.59081326
0.01617000	13.03760050	-0.56526000	0.01591696	13.03744430	-0.56529907
-0.06479000	13.03959940	-0.55471003	-0.06503763	13.03940947	-0.55480370
-0.05060000	12.98340000	-0.57033000	-0.05086933	12.98322148	-0.57040290
-0.00341000	13.09160000	-0.51788000	-0.00366549	13.09143361	-0.51794057
-0.08635000	13.08589940	-0.51902000	-0.08657040	13.08572192	-0.51914434
-0.17985000	13.07870000	-0.53517000	-0.18005432	13.07854331	-0.53534290
-0.15723000	13.03770000	-0.57106000	-0.15746530	13.03751414	-0.57117715
-0.14254001	12.98650070	-0.58848000	-0.14282455	12.98631880	-0.58854270
0.98743004	12.28880000	-0.67193000	0.98735811	12.28884249	-0.67185790
0.96647996	12.06990000	-0.68786000	0.96645545	12.06993619	-0.68782654
0.91390000	12.09670070	-0.55256003	0.91386995	12.09673593	-0.55252147
0.92882010	12.30350000	-0.53679000	0.92872366	12.30353934	-0.53671582
0.83595000	12.14660070	-0.43133003	0.83589811	12.14662919	-0.43128919
0.84339000	12.32870000	-0.41143999	0.84326539	12.32873308	-0.41136939
0.97943000	12.38000000	-1.14153000	0.97941717	12.38003646	-1.14146068
0.88453000	12.44060000	-1.21054000	0.88452743	12.44063296	-1.21047985
0.87983000	12.28110000	-1.23539007	0.87983472	12.28112896	-1.23534641
0.97187006	12.18870070	-1.15688000	0.97186625	12.18873299	-1.15683474
0.75735000	12.51690000	-1.23934007	0.75735490	12.51692490	-1.23929839
0.75349003	12.39670090	-1.27077000	0.75350223	12.39672238	-1.27073768
0.86754000	12.17640000	-1.24323000	0.86754836	12.17642641	-1.24320170
0.95291007	12.05410000	-1.15495000	0.95291577	12.05412618	-1.15492717
0.99353000	12.49780000	-0.65717000	0.99341490	12.49783914	-0.65706106
0.93692000	12.51380060	-0.53070000	0.93676957	12.51383234	-0.53059130
0.85271996	12.54230000	-0.40872002	0.85252429	12.54231990	-0.40861784
0.86804000	12.58710000	-1.18370000	0.86802777	12.58713271	-1.18362595
0.96711000	12.54440000	-1.11789000	0.96708519	12.54443739	-1.11780049
0.74284000	12.64470000	-1.20865000	0.74283344	12.64472722	-1.20858797
0.60008997	12.42000000	-0.22572999	0.59986638	12.42000362	-0.22568006
0.60045000	12.63480000	-0.20322001	0.60009923	12.63474953	-0.20314298
0.73379004	12.58500000	-0.29752000	0.73352734	12.58499321	-0.29742910
0.72737000	12.37080000	-0.30848000	0.72720491	12.37081923	-0.30841811
0.46882000	12.70490070	-1.15072000	0.46882144	12.70491799	-1.15070054
0.61207000	12.61500070	-1.21942000	0.61207829	12.61501487	-1.21939674
0.60884000	12.71920000	-1.18590009	0.60883935	12.71922175	-1.18585670
0.47390000	12.78880000	-1.11704000	0.47388806	12.78881857	-1.11700393
0.58653000	12.17480000	-0.30181000	0.58650881	12.17480222	-0.30179909
0.59724003	12.28070000	-0.26254000	0.59712157	12.28071526	-0.26250248
0.72332000	12.21610070	-0.33775002	0.72323684	12.21612405	-0.33770777
0.60072000	12.48690000	-1.25183000	0.60073155	12.48691157	-1.25182987
0.60686004	12.53430080	-1.24357009	0.60687092	12.53431450	-1.24356438
0.46272000	12.64919950	-1.16639006	0.46272604	12.64921486	-1.16638180
-0.00541000	12.71130000	-0.06534000	-0.00614272	12.71116116	-0.06551727
-0.15408000	12.77979950	-0.07262000	-0.15486732	12.77990471	-0.07276928
-0.14420001	12.90260000	-0.07008001	-0.14477931	12.90268384	-0.07021150
-0.00588000	12.86570000	-0.05461000	-0.00651362	12.86554102	-0.05473677
-0.29003000	12.83090110	-0.09720000	-0.29083876	12.83147431	-0.09717846
-0.27146003	12.92600000	-0.10104001	-0.27201728	12.92649546	-0.10108033
0.02713000	12.84570000	-0.61986000	0.02688660	12.84560580	-0.61993876
0.03334000	12.91109940	-0.60725003	0.03309029	12.91098903	-0.60730919
-0.04773000	12.92160000	-0.57967000	-0.04802058	12.92145131	-0.57971872
-0.05600000	12.85679910	-0.58369005	-0.05629973	12.85668555	-0.58375936
-0.13938001	12.92920110	-0.59671000	-0.13969649	12.92904065	-0.59674870
-0.14913000	12.86840060	-0.59556000	-0.14944663	12.86826707	-0.59558958
-0.03472000	12.41560000	-0.11991000	-0.03541020	12.41552094	-0.12029866
-0.17511000	12.63270090	-0.09055000	-0.17608604	12.63285866	-0.09072263
-0.02000000	12.54070000	-0.08941000	-0.02076290	12.54061343	-0.08965646
-0.32655000	12.62550000	-0.12926000	-0.32810080	12.62637520	-0.12888350
-0.31288000	12.71320060	-0.10910000	-0.31412523	12.71394539	-0.10885964
0.01711000	12.77940000	-0.63168000	0.01688575	12.77932804	-0.63180300
-0.07540000	12.79040050	-0.58086000	-0.07569639	12.79029990	-0.58095435
-0.09324000	12.76340000	-0.56080000	-0.09353419	12.76329066	-0.56090546
-0.17319000	12.80590060	-0.58353000	-0.17351714	12.80578337	-0.58354678
-0.38329002	12.99949930	-0.17385000	-0.38368479	13.00052361	-0.17386107
-0.37548003	13.04970000	-0.21959000	-0.37569409	13.05052655	-0.21976179
-0.49313998	12.99270060	-0.23046000	-0.49350530	12.99466546	-0.23046763
-0.47342000	13.03350070	-0.27143000	-0.47363458	13.03489250	-0.27165928
-0.45135003	13.06680000	-0.32168000	-0.45151699	13.06779467	-0.32204541
-0.36559000	13.08680000	-0.27872000	-0.36576968	13.08742363	-0.27897440
-0.26153000	13.03540000	-0.59059000	-0.26173951	13.03523025	-0.59075282
-0.24714000	12.99019910	-0.61556000	-0.24739047	12.99000779	-0.61566456
-0.28180000	13.07180000	-0.55014000	-0.28196725	13.07169965	-0.55035993
-0.37645000	13.06320100	-0.55873000	-0.37656295	13.06315943	-0.55903485
-0.36155000	13.03200050	-0.60361000	-0.36172214	13.03185760	-0.60381942
-0.35190000	12.99370000	-0.63746000	-0.35211582	12.99351311	-0.63757940
-0.24849999	12.94170090	-0.63141000	-0.24877928	12.94151680	-0.63145243
-0.35938000	12.95480060	-0.66225000	-0.35960114	12.95459596	-0.66229380
-0.37412000	12.91750050	-0.67638004	-0.37433584	12.91727989	-0.67632064
-0.26123000	12.89219950	-0.63596004	-0.26154701	12.89203364	-0.63593668
-0.53731000	12.88700000	-0.18991000	-0.53839897	12.89009035	-0.18904512
-0.55726000	12.76500000	-0.19554000	-0.56029435	12.76894136	-0.19288953
-0.63338000	12.80180070	-0.25304002	-0.63619654	12.80613399	-0.25093566
-0.61534000	12.89779950	-0.25218000	-0.61656775	12.90141961	-0.25148015
-0.56526000	12.66030000	-0.21289001	-0.57015944	12.66421357	-0.20880458
-0.64064000	12.71920000	-0.26498002	-0.64558678	12.72375121	-0.26116955
-0.68911000	12.78900050	-0.33506000	-0.69230506	12.79303320	-0.33280096
-0.68287003	12.84130000	-0.32923000	-0.68507087	12.84511315	-0.32800292
-0.66691000	12.90440080	-0.33078000	-0.66833738	12.90770079	-0.33039002
-0.45578000	12.65020000	-0.16502000	-0.45843095	12.65271480	-0.16307478
-0.44467002	12.74640000	-0.14595000	-0.44644580	12.74852646	-0.14475465
-0.42255998	12.86570000	-0.13751000	-0.42340642	12.86730846	-0.13713797
-0.47001000	12.93320000	-0.68729000	-0.47007913	12.93296124	-0.68733239
-0.47691998	12.90619950	-0.69790000	-0.47695777	12.90591954	-0.69782609
-0.38627002	12.88420000	-0.67825000	-0.38646590	12.88397788	-0.67809430
-0.55660003	12.93830000	-0.66731000	-0.55662498	12.93807803	-0.66746491
-0.56136000	12.91160000	-0.68211000	-0.56132134	12.91131214	-0.68215694
-0.39709002	12.86740000	-0.66786000	-0.39728506	12.86719180	-0.66766128
-0.28094003	12.84400080	-0.62815000	-0.28125541	12.84386687	-0.62805892
0.89871997	12.88490000	-0.90165010	0.89862429	12.88492510	-0.90151449
0.79868000	12.95190000	-0.88763000	0.79857662	12.95191974	-0.88749058
0.91517000	12.89930000	-0.81292003	0.91504631	12.89932260	-0.81277204
0.82003003	12.97180080	-0.78312004	0.81989075	12.97181369	-0.78296767
0.70954000	13.02749920	-0.74186003	0.70937867	13.02749502	-0.74170390
0.67983000	13.00330070	-0.87096995	0.67972231	13.00331089	-0.87083462
0.91621000	12.89550000	-0.72102000	0.91605859	12.89551988	-0.72086718
0.83707000	12.96309950	-0.67659000	0.83689295	12.96310413	-0.67642742
0.74250000	13.01570000	-0.61460000	0.74229208	13.01568362	-0.61443142
1.00032000	12.67140000	-0.98494000	1.00025803	12.67143739	-0.98482560
0.96255000	12.79300000	-0.93988000	0.96247122	12.79303111	-0.93975348
1.02339000	12.67190070	-0.87360000	1.02330522	12.67193727	-0.87347556
0.98232000	12.80240060	-0.84309000	0.98221455	12.80243102	-0.84295274
1.01469000	12.67100050	-0.76026005	1.01457657	12.67103781	-0.76012795
0.97636000	12.80200100	-0.74369997	0.97622654	12.80202947	-0.74355655
0.55964000	13.04880000	-0.82587004	0.55951547	13.04879607	-0.82574130
0.59634000	13.07450000	-0.67702000	0.59614646	13.07447364	-0.67686703
0.47237000	13.11320000	-0.59450000	0.47212627	13.11313698	-0.59435875
0.43532000	13.08660000	-0.74642000	0.43515750	13.08657171	-0.74630503
0.63618004	13.06340000	-0.53891003	0.63592279	13.06335387	-0.53874209
0.51093000	13.10420130	-0.45635000	0.51061592	13.10411087	-0.45619385
-0.38498002	13.08070090	-0.50084000	-0.38509361	13.08080997	-0.50120932
-0.46847000	13.06230070	-0.51340000	-0.46854324	13.06255222	-0.51389623
-0.44854003	13.05090000	-0.55575000	-0.44863379	13.05096635	-0.55614469
-0.39706000	13.08680000	-0.43781000	-0.39718640	13.08712116	-0.43822833
-0.49065000	13.06420000	-0.46890002	-0.49077210	13.06470897	-0.46948415
-0.57501000	13.03780080	-0.49801000	-0.57516067	13.03841128	-0.49869196
-0.53738000	13.03980000	-0.53056000	-0.53749508	13.04012819	-0.53115711
-0.49967000	13.03820000	-0.55677000	-0.49977522	13.03835889	-0.55723978
-0.42254000	13.08340000	-0.37761000	-0.42269801	13.08402931	-0.37802833
-0.50447005	13.06000000	-0.41755000	-0.50469314	13.06080446	-0.41813693
-0.51939005	13.04550080	-0.36666000	-0.51962851	13.04673012	-0.36715878
-0.56496000	13.02850060	-0.39896000	-0.56526642	13.02982252	-0.39957570
-0.57684004	13.03360000	-0.44754002	-0.57706535	13.03452558	-0.44820973
-0.01915000	13.13050000	-0.43595000	-0.01940642	13.13036214	-0.43604064
-0.11083000	13.11810000	-0.44846000	-0.11103334	13.11796449	-0.44860035
-0.02855000	13.15200000	-0.34064000	-0.02882713	13.15186775	-0.34073818
-0.13171001	13.13580000	-0.36194000	-0.13193527	13.13571351	-0.36210893
-0.23283000	13.11860080	-0.39301000	-0.23300990	13.11865875	-0.39330168
-0.20680001	13.10510000	-0.47139000	-0.20697887	13.10503188	-0.47162913
-0.02912000	13.15380000	-0.25350000	-0.02940395	13.15368507	-0.25360202
-0.14306001	13.13920000	-0.27815002	-0.14326805	13.13918303	-0.27833628
-0.25265000	13.12090000	-0.31348000	-0.25280520	13.12110888	-0.31375762
0.99070996	11.97510050	-1.05858000	0.99071155	11.97512544	-1.05856196
1.01325000	12.12000000	-1.05672000	1.01323891	12.12003203	-1.05667884
0.99313000	11.93020060	-0.95313996	0.99313194	11.93022417	-0.95312631
1.01915000	12.07680000	-0.94247000	1.01913400	12.07683199	-0.94243395
1.03833000	12.29450000	-0.92706007	1.03829017	12.29453924	-0.92698906
1.02699000	12.32910060	-1.04298007	1.02696420	12.32913937	-1.04290707
0.97445005	11.91370000	-0.83416003	0.97444804	11.91372324	-0.83414730
1.00251000	12.06160000	-0.81902000	1.00248808	12.06163280	-0.81898590
1.02458000	12.28350000	-0.80270004	1.02452521	12.28354302	-0.80262928
1.02255000	12.51490000	-1.01866000	1.02250681	12.51493962	-1.01856297
1.04119000	12.49740000	-0.90349000	1.04112773	12.49744072	-0.90338504
1.02993000	12.49200000	-0.78220004	1.02984212	12.49204145	-0.78209423
-0.64261000	12.93289950	-0.61489004	-0.64265919	12.93283717	-0.61525549
-0.64938000	12.90310100	-0.62684005	-0.64935990	12.90294365	-0.62706029
-0.70040005	12.92260000	-0.53506000	-0.70073357	12.92320704	-0.53558609
-0.71084000	12.88640000	-0.54106003	-0.71121514	12.88696903	-0.54139079
-0.65117997	12.87970000	-0.62825000	-0.65113739	12.87953800	-0.62833879
-0.70203000	12.91290000	-0.43280002	-0.70292781	12.91497844	-0.43299488
-0.71549004	12.86780000	-0.43372002	-0.71685687	12.87013432	-0.43341989
-0.71843000	12.83210000	-0.43544003	-0.72018968	12.83451691	-0.43452385
-0.29807000	13.09380050	-0.48784000	-0.29822041	13.09380839	-0.48809248
-0.31627000	13.10360000	-0.41546997	-0.31646310	13.10377287	-0.41574637
-0.34231000	13.10300000	-0.34497002	-0.34245784	13.10340998	-0.34524433
-0.59524006	12.95020000	-0.26494000	-0.59595964	12.95317305	-0.26482520
-0.51489000	12.95330000	-0.20242000	-0.51541645	12.95582173	-0.20212728
-0.64929000	12.94460000	-0.34003000	-0.65025005	12.94748092	-0.34002694
-0.62613004	12.97420000	-0.35691000	-0.62672029	12.97652513	-0.35721125
-0.57219000	12.98220060	-0.28928003	-0.57271808	12.98454460	-0.28944823
-0.40033004	12.94409940	-0.14678000	-0.40085544	12.94528573	-0.14669066
-0.45696002	12.96420000	-0.66890000	-0.45706715	12.96400636	-0.66903848
-0.44506000	12.99650000	-0.64068000	-0.44520813	12.99637722	-0.64089197
-0.52919000	12.99550060	-0.62354004	-0.52928001	12.99544920	-0.62386654
-0.54512000	12.96710110	-0.64950000	-0.54517724	12.96696669	-0.64976408
-0.65907997	12.97980000	-0.52342004	-0.65929732	12.98042886	-0.52414903
-0.68340004	12.95230000	-0.52972000	-0.68366945	12.95291733	-0.53037297
-0.62885000	12.96120000	-0.60210000	-0.62893920	12.96126312	-0.60260341
-0.60797000	12.98840000	-0.58430000	-0.60807858	12.98855515	-0.58487040
-0.62702000	13.00900000	-0.51452000	-0.62717837	13.00960264	-0.51527300
-0.58068000	13.01480000	-0.55733000	-0.58080779	13.01508240	-0.55792607
-0.51100004	13.02120110	-0.58425003	-0.51112737	13.02126192	-0.58463818
-0.68459004	12.94610000	-0.43540000	-0.68527140	12.94792798	-0.43584906
-0.66023004	12.97420000	-0.44134998	-0.66075337	12.97572604	-0.44195859
-0.59391000	13.00530000	-0.38129002	-0.59433154	13.00705963	-0.38178566
-0.62652004	13.00430000	-0.45043000	-0.62687061	13.00546001	-0.45111847
-0.54446000	13.01680000	-0.32354000	-0.54476483	13.01854988	-0.32389065
-0.44150000	13.02720070	-0.60058000	-0.44163582	13.02714327	-0.60086586
0.18115000	13.12039950	-0.18518000	0.18069552	13.12015805	-0.18512462
0.15155000	13.15899940	-0.27046000	0.15115983	13.15879016	-0.27040124
0.17924000	13.14689920	-0.28517002	0.17884047	13.14667693	-0.28509343
0.21312001	13.10710050	-0.19673000	0.21265289	13.10685365	-0.19666143
0.13118000	13.16600000	-0.36558002	0.13084948	13.16581078	-0.36554114
0.15728001	13.15470000	-0.38249000	0.15694432	13.15450696	-0.38242532
0.18381000	13.13800050	-0.29518002	0.18340724	13.13778354	-0.29510232
0.21750000	13.09870050	-0.20313000	0.21702955	13.09845448	-0.20305930
0.19045000	13.14570000	-0.29624000	0.19004351	13.14547795	-0.29615485
0.22290002	13.10520080	-0.19800000	0.22242437	13.10495091	-0.19792338
0.17134000	13.15280060	-0.39961000	0.17100035	13.15261569	-0.39953167
0.21533000	13.15860000	-0.42552000	0.21499863	13.15843807	-0.42542432
0.23687999	13.15100000	-0.31412002	0.23648368	13.15080219	-0.31401521
0.26879000	13.10850050	-0.20878999	0.26832244	13.10827075	-0.20869701
0.25658000	12.93390080	-0.06502000	0.25602316	12.93365004	-0.06499397
0.21968000	13.05030060	-0.11057001	0.21916800	13.05003380	-0.11051797
0.25584000	13.03750000	-0.12194001	0.25532442	13.03723987	-0.12187874
0.29611000	12.92060000	-0.07811000	0.29556049	12.92035309	-0.07806846
0.26607000	13.03550000	-0.12242001	0.26555072	13.03524268	-0.12235146
0.30731001	12.91870000	-0.08150000	0.30676832	12.91845508	-0.08145425
0.31127998	13.03399940	-0.12974000	0.31076645	13.03375961	-0.12965612
0.35109000	12.91089920	-0.08741000	0.35056164	12.91067779	-0.08735161
0.37657002	12.72200000	-0.09144000	0.37606454	12.72183487	-0.09142902
0.33652002	12.73570060	-0.08704000	0.33600682	12.73550752	-0.08704517
0.39418003	12.52660000	-0.12211000	0.39376196	12.52652270	-0.12211364
0.35666000	12.55070000	-0.11747000	0.35621257	12.55059823	-0.11749402
0.32514000	12.73790000	-0.08232000	0.32461254	12.73770684	-0.08232312
0.34448000	12.55350000	-0.11257000	0.34401721	12.55339325	-0.11259638
0.29884002	12.56730000	-0.09454000	0.29833077	12.56717578	-0.09459984
0.28311000	12.75530050	-0.06635001	0.28254877	12.75509143	-0.06637971
0.26621002	12.78330000	-0.91951000	0.26617703	12.78329357	-0.91951424
0.25636002	12.85350000	-0.89465000	0.25630663	12.85349172	-0.89464361
0.23726001	12.85930060	-0.83558000	0.23718900	12.85928646	-0.83557839
0.24799000	12.79850000	-0.85925000	0.24793986	12.79848875	-0.85925527
0.24109002	12.92550090	-0.84430000	0.24100813	12.92548611	-0.84428199
0.22135000	12.92390000	-0.78863000	0.22124291	12.92387247	-0.78861573
0.22787002	12.91950130	-0.77082000	0.22775488	12.91946891	-0.77079940
0.24891000	12.80430000	-0.83851004	0.24884846	12.80428615	-0.83851319
0.22100000	12.85970000	-0.82118000	0.22092824	12.85968868	-0.82118429
0.22591000	12.80240060	-0.84415000	0.22585997	12.80239155	-0.84416501
0.21033001	12.92340000	-0.77887005	0.21022106	12.92337204	-0.77885791
0.16977000	12.93560000	-0.76429003	0.16964886	12.93556620	-0.76429189
0.17751001	12.86830000	-0.80277010	0.17742625	12.86827818	-0.80279339
0.17947000	12.80470000	-0.82383007	0.17940385	12.80468509	-0.82386959
0.27102002	12.71320060	-0.94459003	0.27099984	12.71319165	-0.94459634
0.25557002	12.73730000	-0.88341000	0.25553814	12.73729230	-0.88342071
0.25739000	12.75290000	-0.86109000	0.25735097	12.75289127	-0.86110132
0.27504000	12.71640000	-0.87428000	0.27501042	12.71639015	-0.87429009
0.23473000	12.74470000	-0.87095004	0.23470206	12.74469466	-0.87097460
0.18600000	12.73710060	-0.85339004	0.18595963	12.73709122	-0.85344134
0.28261003	12.32770060	-0.16245000	0.28231220	12.32768088	-0.16245273
0.30014000	12.42430000	-0.12870000	0.29974110	12.42423683	-0.12874650
0.34793000	12.42260000	-0.14503000	0.34758429	12.42255986	-0.14503278
0.33336002	12.35310000	-0.17762999	0.33310696	12.35308259	-0.17760977
0.35194000	12.43520000	-0.15231000	0.35159641	12.43515348	-0.15232055
0.36165000	12.41560000	-0.15009001	0.36132933	12.41556341	-0.15008764
0.34779000	12.34760000	-0.18405001	0.34759049	12.34756062	-0.18403522
0.39878000	12.38230000	-0.15855001	0.39851740	12.38228857	-0.15853874
0.12045000	13.14080000	-0.47081000	0.12016733	13.14063928	-0.47077703
0.15037000	13.12750000	-0.48481998	0.15008219	13.12735437	-0.48476826
0.12392000	13.08860000	-0.57895005	0.12367860	13.08848230	-0.57892029
0.15919000	13.07330000	-0.58962005	0.15894740	13.07319496	-0.58958169
0.16238001	13.11620000	-0.49155003	0.16209194	13.11605869	-0.49149260
0.16819000	13.12260000	-0.49168000	0.16789860	13.12246930	-0.49161650
0.17825000	13.06660000	-0.58580000	0.17800443	13.06649640	-0.58575665
0.20444000	13.07200050	-0.62509000	0.20421575	13.07191322	-0.62503313
0.20365000	13.12840000	-0.52413005	0.20337302	13.12828305	-0.52405538
0.22024000	13.00150000	-0.74332000	0.22009391	13.00145554	-0.74328491
0.19874000	12.99669930	-0.69526000	0.19856719	12.99663578	-0.69522978
0.18438000	12.99980070	-0.69482005	0.18420462	12.99973890	-0.69479337
0.14611000	13.01460000	-0.68357000	0.14592585	13.01453121	-0.68355280
0.39448000	13.09080000	-0.26234000	0.39405086	13.09062759	-0.26221060
0.42978000	13.01030000	-0.17855000	0.42930754	13.01011632	-0.17843601
0.45829000	12.87960050	-0.13234000	0.45780887	12.87943614	-0.13225249
0.31291002	12.99090000	-0.86184996	0.31282025	12.99088906	-0.86179733
0.33676000	12.91280080	-0.95101994	0.33670531	12.91280350	-0.95098267
0.29489002	13.06030000	-0.74981000	0.29473616	13.06026223	-0.74973683
0.13649000	12.96160000	-0.05984000	0.13593666	12.96136134	-0.05985602
0.11463000	13.06580070	-0.10445000	0.11416469	13.06557974	-0.10444939
0.09309000	13.12930000	-0.17450000	0.09268789	13.12909946	-0.17450018
0.08823001	13.02820000	-0.62438005	0.08800930	13.02808828	-0.62438775
0.06812000	13.09360000	-0.54649000	0.06786772	13.09344383	-0.54649265
0.10737000	12.95610000	-0.67868000	0.10718776	12.95602710	-0.67870154
0.47287998	12.68450070	-0.13233000	0.47243871	12.68438772	-0.13228343
0.48238000	12.47540000	-0.16093001	0.48205319	12.47536702	-0.16091005
0.34581003	12.83190060	-1.00395000	0.34578244	12.83190535	-1.00392958
0.34669003	12.75680070	-1.03309000	0.34667391	12.75680415	-1.03307597
0.48351002	12.33790000	-0.19921000	0.48333338	12.33790716	-0.19918072
0.34545000	12.69680000	-1.05186009	0.34544863	12.69680348	-1.05185560
0.15796000	12.47170070	-0.10541000	0.15741428	12.47158517	-0.10557792
0.16386001	12.62780000	-0.07593000	0.16324723	12.62763292	-0.07605904
0.10919000	12.75510000	-0.74843997	0.10907652	12.75505873	-0.74852953
0.10947000	12.82380100	-0.72479004	0.10933209	12.82375103	-0.72485484
0.15480000	12.80710000	-0.05528000	0.15419456	12.80688702	-0.05535939
0.11165001	12.88930000	-0.70685000	0.11148577	12.88923923	-0.70688824
0.33050000	13.14340110	-0.50064003	0.33020276	13.14328496	-0.50052058
0.30458000	13.11479950	-0.62753004	0.30435142	13.11472368	-0.62743097
0.36089000	13.13520050	-0.37449000	0.36052529	13.13505473	-0.37435917
0.06415000	13.16369920	-0.34669003	0.06383037	13.16353939	-0.34671371
0.06087000	13.13990000	-0.44882998	0.06059972	13.13974106	-0.44885881
0.07558000	13.16089920	-0.25530001	0.07523192	13.16073033	-0.25530283
0.88209003	11.96640000	-0.58452004	0.88209152	11.96641966	-0.58450574
0.81676000	12.01719950	-0.47386000	0.81676000	12.01719950	-0.47386000
0.92250997	11.93860050	-0.71337000	0.92250661	11.93862353	-0.71335457
0.90997000	12.00510000	-0.71822000	0.90995679	12.00512574	-0.71819536
0.87434000	12.05190000	-0.63178000	0.87432141	12.05192640	-0.63174812
0.80600005	12.11450000	-0.52874000	0.80596798	12.11451940	-0.52870828
0.95584005	11.93110000	-0.83768000	0.95583624	11.93112187	-0.83766536
0.97511000	11.94710060	-0.94908000	0.97511008	11.94712305	-0.94906493
0.94313000	12.06510070	-0.93240994	0.94311599	12.06512572	-0.93237964
0.92880005	12.03480050	-0.81475000	0.92878346	12.03482398	-0.81472200
0.97431004	11.98940000	-1.04228008	0.97430949	11.98942370	-1.04226102
0.93965000	12.06410000	-1.12921000	0.93965242	12.06412448	-1.12918681
0.91652006	12.12680000	-1.10682000	0.91651592	12.12682430	-1.10678969
0.94042000	12.10000000	-1.03027000	0.94040980	12.10002575	-1.03023831
0.85897000	12.18220000	-1.22034000	0.85897567	12.18222494	-1.22031154
0.74250000	12.33310000	-1.27099000	0.74251117	12.33311957	-1.27096473
0.74648000	12.36140000	-1.19926012	0.74648200	12.36141961	-1.19923077
0.85714000	12.22810000	-1.15767000	0.85713707	12.22812453	-1.15763394
0.60118000	12.48300080	-1.23771000	0.60118929	12.48301076	-1.23771025
0.47110000	12.61370000	-1.15271000	0.47110495	12.61371080	-1.15270848
0.49420000	12.61570000	-1.07906000	0.49420000	12.61570000	-1.07906000
0.61447000	12.50220000	-1.16283000	0.61447000	12.50220000	-1.16283000
0.38297000	12.64730000	-1.04976000	0.38297235	12.64730501	-1.04976010
0.33210000	12.64760000	-0.95691997	0.33209267	12.64759329	-0.95692416
0.37140000	12.64100070	-0.89641000	0.37140000	12.64100070	-0.89641000
0.41679000	12.64250090	-0.98287004	0.41679000	12.64250090	-0.98287004
0.31408000	12.67930000	-0.89750004	0.31405604	12.67928742	-0.89750499
0.31007000	12.70680000	-0.87007000	0.31003287	12.70678860	-0.87007286
0.33836000	12.69460000	-0.81285000	0.33828790	12.69458260	-0.81284758
0.34749000	12.66950000	-0.84047000	0.34743991	12.66948566	-0.84047133
0.30106002	12.69410000	-0.87398005	0.30103100	12.69408929	-0.87398880
0.25795000	12.68400000	-0.84457000	0.25790948	12.68398704	-0.84459883
0.29822000	12.68110000	-0.77510000	0.29813194	12.68107007	-0.77511292
0.33720002	12.68320000	-0.81152004	0.33713342	12.68318004	-0.81152014
0.15166001	12.71950050	-0.71641004	0.15152524	12.71945527	-0.71648257
0.01977000	12.77320000	-0.57592004	0.01949787	12.77310798	-0.57603627
0.02392000	12.81090000	-0.49903002	0.02356767	12.81077688	-0.49910489
0.17567001	12.73460000	-0.64107000	0.17547546	12.73452924	-0.64112132
-0.09685000	12.81610000	-0.51316000	-0.09718509	12.81597871	-0.51323210
-0.20433000	12.84800000	-0.51710004	-0.20469356	12.84788905	-0.51709239
-0.20773001	12.91649910	-0.45678002	-0.20818919	12.91641381	-0.45678704
-0.09893000	12.87560000	-0.44303998	-0.09939347	12.87547086	-0.44307125
-0.30947003	12.86840060	-0.57695000	-0.30982144	12.86831239	-0.57684769
-0.40805998	12.87950000	-0.64467000	-0.40828790	12.87935188	-0.64449678
-0.42473003	12.90720080	-0.59290000	-0.42503168	12.90718685	-0.59278425
-0.31898000	12.92150000	-0.52193000	-0.31937084	12.92146533	-0.52189303
-0.49615002	12.88280000	-0.67273000	-0.49621220	12.88260542	-0.67257368
-0.57586000	12.87930000	-0.66097003	-0.57579030	12.87907758	-0.66084023
-0.57508004	12.88170050	-0.62559000	-0.57517686	12.88165062	-0.62544669
-0.51850003	12.89050000	-0.62450000	-0.51869006	12.89046496	-0.62438641
-0.64998000	12.87090000	-0.60942000	-0.65004853	12.87085373	-0.60942658
-0.69922000	12.85450000	-0.52992004	-0.69980432	12.85518360	-0.52983996
-0.66215000	12.87070000	-0.50165004	-0.66292879	12.87155747	-0.50141947
-0.62475000	12.88009930	-0.57844000	-0.62501940	12.88028105	-0.57833446
-0.70425004	12.82720090	-0.43475000	-0.70609469	12.82949195	-0.43367227
-0.67740005	12.78030000	-0.34501000	-0.68081163	12.78398999	-0.34260406
-0.65579003	12.78690050	-0.35792002	-0.65899884	12.79001320	-0.35565922
-0.66803000	12.83350090	-0.41813000	-0.66989113	12.83564689	-0.41701550
-0.63069004	12.70590000	-0.28186000	-0.63602206	12.70999385	-0.27785188
-0.55719000	12.64540000	-0.23321000	-0.56258856	12.64904045	-0.22908557
-0.53961000	12.70469950	-0.26450000	-0.54538406	12.70789200	-0.26112109
-0.61567000	12.74810000	-0.31435000	-0.62002194	12.75135596	-0.31133346
-0.45026000	12.64060000	-0.18587000	-0.45337807	12.64305336	-0.18392135
-0.32321000	12.62010000	-0.14993000	-0.32483276	12.62098112	-0.14953652
-0.30539998	12.67380000	-0.17878000	-0.30718231	12.67455488	-0.17843273
-0.43140003	12.69810000	-0.21574000	-0.43454541	12.69996590	-0.21438938
-0.18651001	12.51590000	-0.13647000	-0.18742868	12.51607989	-0.13662353
-0.03783000	12.40030000	-0.14369000	-0.03848935	12.40023829	-0.14409270
-0.03538000	12.47000000	-0.17478000	-0.03606616	12.46996694	-0.17506123
-0.17492001	12.57860090	-0.16531001	-0.17595241	12.57879636	-0.16539532
0.12338001	12.34010000	-0.16394000	0.12293817	12.34000639	-0.16415831
0.25188002	12.32170000	-0.18916000	0.25158664	12.32166690	-0.18918945
0.23137000	12.38140000	-0.24122000	0.23105657	12.38132452	-0.24130136
0.11369999	12.40740000	-0.20535000	0.11324952	12.40732219	-0.20552425
0.30184000	12.35600000	-0.21041000	0.30157971	12.35595354	-0.21040948
0.28724000	12.43980000	-0.27981000	0.28694386	12.43970476	-0.27985870
0.27915000	12.41200070	-0.26592000	0.27886007	12.41191449	-0.26597453
0.31335002	12.34630000	-0.22300999	0.31315568	12.34622815	-0.22300447
0.34620000	12.27620000	-0.23202000	0.34620000	12.27620000	-0.23202000
0.31928000	12.33310000	-0.29083000	0.31910409	12.33301944	-0.29083608
0.28636000	12.39820000	-0.28093000	0.28610569	12.39810045	-0.28096491
0.44425997	12.21770000	-0.27141000	0.44425997	12.21770000	-0.27141000
0.57587000	12.16340070	-0.32883000	0.57587000	12.16340070	-0.32883000
0.56945000	12.24300000	-0.38297000	0.56936758	12.24299634	-0.38294780
0.42756000	12.28610000	-0.32799003	0.42745279	12.28607381	-0.32798422
0.70622003	12.08180000	-0.39380000	0.70622003	12.08180000	-0.39380000
0.69994000	12.18130000	-0.44758000	0.69988095	12.18130957	-0.44754914
0.76328003	12.39370000	-1.04838000	0.76325694	12.39371986	-1.04833918
0.86552000	12.24500000	-1.04721010	0.86550292	12.24502362	-1.04716814
0.78267000	12.37720000	-0.86025000	0.78261389	12.37721670	-0.86019806
0.87466000	12.22360000	-0.90674000	0.87462724	12.22362382	-0.90669404
0.79534000	12.26270000	-0.67253000	0.79527637	12.26271821	-0.67248213
0.87450000	12.14980000	-0.75458000	0.87446522	12.14982361	-0.75454024
0.53338000	12.60830000	-0.90296000	0.53332822	12.60830163	-0.90292683
0.64683000	12.52240000	-0.99062010	0.64679744	12.52240700	-0.99058677
0.56466000	12.53880000	-0.69149000	0.56454297	12.53878517	-0.69144677
0.67763000	12.47890000	-0.78126000	0.67754935	12.47890473	-0.78121218
0.57048005	12.38670000	-0.51114005	0.57034718	12.38668318	-0.51111014
0.69225000	12.34040000	-0.58917000	0.69215408	12.34040374	-0.58912521
-0.21855000	12.91160000	-0.37197003	-0.21916433	12.91161032	-0.37197096
-0.11260001	12.86860080	-0.35625002	-0.11322746	12.86850087	-0.35628912
-0.24001001	12.85360000	-0.28547000	-0.24085728	12.85373792	-0.28546076
-0.13326000	12.80410000	-0.27212000	-0.13404078	12.80401551	-0.27218109
-0.01598000	12.73680000	-0.30762002	-0.01661670	12.73668567	-0.30773003
0.00716000	12.80300000	-0.40319000	0.00668955	12.80284983	-0.40326351
-0.27360000	12.76310000	-0.22270000	-0.27499537	12.76347156	-0.22251684
-0.15585001	12.69060000	-0.20992000	-0.15689402	12.69065796	-0.21000212
-0.02902000	12.60460000	-0.23085001	-0.02972459	12.60453713	-0.23101900
-0.55451006	12.91060070	-0.54333000	-0.55489799	12.91087650	-0.54321004
-0.58853000	12.90410000	-0.45161000	-0.58942452	12.90503672	-0.45133742
-0.48628998	12.92449950	-0.39038000	-0.48718424	12.92535833	-0.39016463
-0.45310003	12.93750000	-0.49594003	-0.45357485	12.93773670	-0.49583262
-0.60486000	12.83190060	-0.37257000	-0.60704384	12.83399961	-0.37125140
-0.51581997	12.82230090	-0.31408998	-0.51810794	12.82395811	-0.31274458
-0.33701000	12.93630120	-0.42815000	-0.33755854	12.93651223	-0.42814124
-0.36380002	12.90080000	-0.32953000	-0.36462034	12.90135880	-0.32944569
-0.39921000	12.80310060	-0.26092002	-0.40101061	12.80404395	-0.26034991
0.29307002	12.63940000	-0.65127003	0.29291255	12.63934217	-0.65129928
0.33482000	12.63610000	-0.67474000	0.33468210	12.63605184	-0.67475261
0.26679000	12.57230000	-0.50140000	0.26654815	12.57221400	-0.50144291
0.31317002	12.57140000	-0.51135004	0.31294686	12.57132318	-0.51138200
0.31727000	12.58940000	-0.49576998	0.31703026	12.58931944	-0.49579840
0.33580002	12.65040000	-0.66634005	0.33565392	12.65035398	-0.66634825
0.34299000	12.63290000	-0.68895000	0.34286020	12.63285328	-0.68896176
0.31970000	12.57520000	-0.51060003	0.31947738	12.57512044	-0.51062329
0.35208002	12.55550000	-0.55122000	0.35189326	12.55543532	-0.55123711
0.37236000	12.61430000	-0.73944000	0.37225709	12.61426846	-0.73944126
0.32701000	12.44070000	-0.39905000	0.32678837	12.44060928	-0.39907903
0.29463002	12.48750000	-0.37577000	0.29436240	12.48739804	-0.37581747
0.28891000	12.49160000	-0.37087000	0.28862479	12.49150266	-0.37091792
0.24142002	12.47730060	-0.35469002	0.24111483	12.47720210	-0.35474600
0.44531003	12.55410000	-0.61311000	0.44515393	12.55405840	-0.61309446
0.43863000	12.62180000	-0.81496000	0.43855579	12.62178337	-0.81494167
0.43369004	12.41230000	-0.44606000	0.43351791	12.41224969	-0.44605450
0.13746001	12.64010050	-0.40953000	0.13707523	12.63998662	-0.40959962
0.16378000	12.71060090	-0.53191000	0.16349079	12.71050631	-0.53195938
0.11896000	12.52290000	-0.29380000	0.11849002	12.52282102	-0.29392405
0.16361001	13.14520000	-0.39472002	0.16327150	13.14501481	-0.39465389
0.25923000	13.03119950	-0.12907000	0.25872007	13.03094713	-0.12901031
0.29857000	12.91720000	-0.08748000	0.29803107	12.91695978	-0.08744077
0.32767000	12.73720070	-0.09280000	0.32714356	12.73701686	-0.09280200
0.34770000	12.55780000	-0.12244000	0.34724361	12.55769497	-0.12246928
0.24130002	12.85850050	-0.81470007	0.24121861	12.85848368	-0.81469839
0.33872002	12.37520000	-0.18493001	0.33845910	12.37516109	-0.18492253
0.17646001	13.06140000	-0.58858000	0.17621837	13.06129237	-0.58853503
0.20221000	12.99150000	-0.68860000	0.20203261	12.99143439	-0.68856806
0.89638996	11.96110060	-0.57107000	0.89639265	11.96112158	-0.57105672
0.82721007	12.01970000	-0.45666000	0.82720755	12.01970238	-0.45665776
0.93991005	11.92430000	-0.70476000	0.93990864	11.92432412	-0.70474683
0.74597000	12.33170000	-1.28649000	0.74598304	12.33171945	-1.28646439
0.46148000	12.61950000	-1.16635000	0.46148623	12.61951393	-1.16634803
0.35367998	12.65800000	-1.05834000	0.35368207	12.65800457	-1.05834080
0.28747000	12.66179940	-0.96020000	0.28746152	12.66179089	-0.96020966
0.27325000	12.69190000	-0.89906997	0.27322673	12.69188918	-0.89907975
0.25676000	12.70320000	-0.88601000	0.25674476	12.70319493	-0.88603223
0.20847002	12.68910000	-0.86800003	0.20844669	12.68909354	-0.86805072
0.12009000	12.71100000	-0.75362000	0.11998364	12.71096113	-0.75371824
0.01184000	12.74440000	-0.62347000	0.01161333	12.74432714	-0.62360880
-0.19658999	12.78480050	-0.55803000	-0.19690695	12.78468719	-0.55803891
-0.29968000	12.82630060	-0.60810000	-0.29999179	12.82619331	-0.60796403
-0.48358002	12.88790000	-0.69497000	-0.48362089	12.88762644	-0.69482464
-0.56577003	12.89070000	-0.68347000	-0.56567207	12.89039494	-0.68339688
-0.71152000	12.85880000	-0.54143000	-0.71193946	12.85936883	-0.54158082
-0.18865000	12.52559950	-0.11442000	-0.18957003	12.52576161	-0.11456870
0.14112000	12.35580000	-0.13925001	0.14064790	12.35570043	-0.13944629
0.30934000	12.38380000	-0.22295001	0.30908196	12.38373359	-0.22296362
0.38318000	12.29390050	-0.19522001	0.38310061	12.29389713	-0.19518366
0.46920000	12.23730000	-0.23884001	0.46915610	12.23730403	-0.23881836
0.71411000	12.09180000	-0.37179002	0.71410321	12.09180206	-0.37178430
0.29554000	12.51470090	-0.36895000	0.29524958	12.51460264	-0.36899063
0.58419980	12.77790740	-0.54116964	0.58397986	12.77787137	-0.54108306
0.30534658	12.98941710	-0.53010890	0.30507180	12.98931053	-0.53004578
0.03408423	12.99517920	-0.26264066	0.03363610	12.99498324	-0.26269916
0.10256992	13.07773400	-0.30767626	0.10216976	13.07753707	-0.30766913
0.31967000	12.86874200	-0.29426143	0.31925855	12.86857749	-0.29423644
0.03099712	12.96783000	-0.42110503	0.03060823	12.96763989	-0.42113076
0.12445253	13.04561710	-0.41716427	0.12409878	13.04543395	-0.41714725
0.36713532	12.82368760	-0.69345874	0.36698173	12.82364884	-0.69341078
0.15871125	13.02911850	-0.17917030	0.15822345	13.02886952	-0.17915610
0.22085343	12.81524850	-0.79380230	0.22076437	12.81522319	-0.79381414
0.33023736	12.75846770	-0.53109790	0.32998668	12.75837517	-0.53108744
0.32923120	12.88699000	-0.84146810	0.32914652	12.88698009	-0.84143543
0.39433820	12.43617340	-0.24545248	0.39406610	12.43611777	-0.24545666
0.24607417	13.04696850	-0.44635114	0.24574868	13.04682484	-0.44629438
0.47683990	12.68501660	-0.66750280	0.47669473	12.68498655	-0.66745796
0.69852596	12.74952130	-0.77230150	0.69841677	12.74952345	-0.77220739
0.32809640	12.94002530	-0.19996144	0.32762995	12.93982341	-0.19990245
-0.42682603	12.91057110	-0.24428794	-0.42769291	12.91183339	-0.24410389
0.15449284	13.08164880	-0.24846537	0.15405617	13.08142192	-0.24843752
0.32445943	12.94660190	-0.68776876	0.32429075	12.94654994	-0.68771054
-0.51386845	12.91021820	-0.28456584	-0.51492874	12.91209413	-0.28415040
0.22959612	13.03170200	-0.32812786	0.22920602	13.03150951	-0.32807988
0.29031333	12.45966910	-0.20113373	0.28995235	12.45957415	-0.20118408
0.12046464	13.09899710	-0.36971685	0.12010866	13.09880311	-0.36969940
0.21146664	13.07753180	-0.48856267	0.21116842	13.07739867	-0.48850310
0.25509345	12.61285000	-0.24501102	0.25466306	12.61270432	-0.24507286
0.16885695	12.93768600	-0.50852907	0.16855441	12.93755207	-0.50852091
0.27824548	12.89126000	-0.83143930	0.27816214	12.89124489	-0.83141602
0.28495774	12.84054370	-0.83468150	0.28488630	12.84053018	-0.83466658
0.23230751	13.02218440	-0.54436594	0.23203836	13.02207156	-0.54431733
0.37680543	12.79955100	-0.19787398	0.37635603	12.79939231	-0.19784149
0.49836266	12.59230610	-0.43287584	0.49812373	12.59225616	-0.43284249
0.30590550	12.76095290	-0.88736033	0.30586555	12.76094522	-0.88735731
0.16226748	12.96494770	-0.64374170	0.16205655	12.96486207	-0.64373307
0.39130530	12.37598320	-0.22234745	0.39108345	12.37596047	-0.22234050
0.35834324	12.48397450	-0.31249592	0.35806211	12.48389396	-0.31251706
0.19586083	12.86866760	-0.18672179	0.19534605	12.86845343	-0.18674480
0.38983348	12.73026850	-0.90973040	0.38979746	12.73026570	-0.90971431
0.29759783	12.79321000	-0.84876960	0.29753987	12.79319849	-0.84876114
0.14682786	13.11403470	-0.28075470	0.14641946	13.11382093	-0.28071273
0.41524850	12.60688400	-0.24738798	0.41487944	12.60678376	-0.24737782
0.21607567	12.86027430	-0.77049850	0.21596556	12.86024252	-0.77050169
0.42824548	12.71332650	-0.82687885	0.42817158	12.71331128	-0.82685092
0.82752740	12.74521540	-0.86759144	0.82743265	12.74523499	-0.86748389
0.56638926	12.79145810	-0.92701140	0.56632959	12.79147078	-0.92694828
0.34163025	12.68629170	-0.19900528	0.34119217	12.68615384	-0.19901018
0.25179443	12.76316170	-0.18143922	0.25129949	12.76296931	-0.18147181
