0.85975636	12.73246020	-0.42392672	0.86141616	12.73155151	-0.42460530
0.83302032	12.87097146	-0.45272813	0.83508201	12.87011921	-0.45343674
0.90737732	12.82855428	-0.55161945	0.90909109	12.82749609	-0.55243006
0.93726309	12.69501666	-0.53695785	0.93859310	12.69389875	-0.53775455
0.79151163	12.96239325	-0.51293702	0.79375221	12.96164959	-0.51362003
0.86984396	12.91508236	-0.59442490	0.87174267	12.91411057	-0.59521728
0.91773553	12.87142220	-0.65508820	0.91937314	12.87031617	-0.65592507
0.95502526	12.80105263	-0.64951137	0.95645798	12.79985530	-0.65037581
0.98704118	12.67163454	-0.65046622	0.98811447	12.67037526	-0.65132810
0.71935399	12.76350871	-1.16636422	0.71977687	12.76295034	-1.16674663
0.84140424	12.71125613	-1.14561074	0.84176578	12.71036723	-1.14617179
0.81190398	12.81807254	-1.07685633	0.81262502	12.81724014	-1.07742381
0.69001392	12.86583900	-1.09258526	0.69078488	12.86530157	-1.09296521
0.94271345	12.67604442	-1.08373462	0.94309372	12.67486563	-1.08446055
0.91168099	12.78755856	-1.02509146	0.91243359	12.78646498	-1.02581675
0.87347962	12.85651379	-0.97430176	0.87447650	12.85551676	-0.97501232
0.79495181	12.89834474	-0.98907672	0.79600981	12.89751968	-0.98967212
0.67347796	12.94581595	-0.99357137	0.67463117	12.94528050	-0.99399049
0.60911857	12.83403704	-0.20989579	0.61161501	12.83387665	-0.21017624
0.59298840	12.97140687	-0.25774327	0.59591508	12.97131065	-0.25805151
0.72487292	12.92124765	-0.35167644	0.72735491	12.92071152	-0.35221224
0.74418268	12.78157335	-0.31104641	0.74624344	12.78098890	-0.31154601
0.56324029	13.05823276	-0.34220079	0.56631377	13.05822455	-0.34250455
0.68957239	13.01211491	-0.42745083	0.69222251	13.01168480	-0.42797135
0.47187815	12.88158782	-1.06405534	0.47268907	12.88159092	-1.06408704
0.59683984	12.82582852	-1.13771371	0.59741977	12.82554811	-1.13791507
0.56804880	12.91842693	-1.06538368	0.56897901	12.91818129	-1.06559678
0.44553277	12.96458833	-0.98952348	0.44674901	12.96467359	-0.98956482
0.55014381	12.99336616	-0.96395078	0.55149785	12.99316840	-0.96419458
0.42712414	13.03459144	-0.88695593	0.42878875	13.03477125	-0.88701077
0.00294890	13.00005737	-0.06357450	0.00651697	13.00222707	-0.06272573
-0.12576143	13.01340120	-0.08476457	-0.12219395	13.01604467	-0.08366079
-0.12778906	13.08653449	-0.13167206	-0.12404547	13.08916474	-0.13059991
-0.00233833	13.08720859	-0.10794054	0.00147665	13.08938472	-0.10712494
-0.24513918	13.01606652	-0.12037923	-0.24164147	13.01911964	-0.11905394
-0.24579397	13.07714813	-0.16915832	-0.24216807	13.08018269	-0.16785963
-0.24714323	13.11791872	-0.23490500	-0.24349962	13.12092602	-0.23362327
-0.12970841	13.13308724	-0.19802914	-0.12592427	13.13569654	-0.19697345
-0.00708266	13.14093234	-0.17394971	-0.00320447	13.14309615	-0.17314971
0.04341883	12.98373801	-0.58771764	0.04579656	12.98550292	-0.58692609
0.02963900	13.04647623	-0.56232785	0.03232634	13.04831974	-0.56153772
-0.05129209	13.04940076	-0.55135771	-0.04853642	13.05154981	-0.55040279
-0.03792485	12.99301562	-0.56679964	-0.03541708	12.99510208	-0.56584169
0.01123106	13.10082522	-0.51501097	0.01423297	13.10277202	-0.51421191
-0.07205288	13.09602499	-0.51578022	-0.06904794	13.09827280	-0.51480876
-0.16595175	13.08934738	-0.53145115	-0.16297940	13.09192746	-0.53029750
-0.14393303	13.04807055	-0.56724232	-0.14117966	13.05055016	-0.56611410
-0.12982342	12.99669654	-0.58445742	-0.12728952	12.99910974	-0.58333771
0.98768385	12.28295242	-0.67580645	0.98765816	12.28175726	-0.67654308
0.96389875	12.06452982	-0.69087784	0.96327507	12.06342321	-0.69145250
0.91318154	12.09290403	-0.55503903	0.91298458	12.09213129	-0.55551101
0.93039621	12.29887705	-0.54002851	0.93064684	12.29793443	-0.54063953
0.83658866	12.14455692	-0.43303963	0.83668331	12.14414418	-0.43335050
0.84598486	12.32535361	-0.41398070	0.84644158	12.32466506	-0.41445530
0.97689030	12.37331959	-1.14537921	0.97633433	12.37198056	-1.14608559
0.88240780	12.43531349	-1.21363152	0.88196013	12.43426722	-1.21419127
0.87509206	12.27582729	-1.23826605	0.87409544	12.27477098	-1.23878094
0.96645476	12.18208618	-1.16040063	0.96527392	12.18073103	-1.16102805
0.75658391	12.51399922	-1.24133082	0.75643092	12.51343471	-1.24168718
0.75030211	12.39369265	-1.27261839	0.74965240	12.39310993	-1.27295112
0.86125441	12.17121052	-1.24585239	0.85990129	12.17018132	-1.24630990
0.94568651	12.04766947	-1.15792400	0.94407234	12.04635812	-1.15844042
0.99670110	12.49163365	-0.66151447	0.99725479	12.49037511	-0.66233134
0.94130979	12.50858331	-0.53458009	0.94210552	12.50750696	-0.53531431
0.85842809	12.53822534	-0.41189987	0.85948057	12.53736402	-0.41250055
0.86824200	12.58230282	-1.18684016	0.86826244	12.58135903	-1.18739599
0.96709517	12.53799627	-1.12194934	0.96704557	12.53671999	-1.12267980
0.74352530	12.64187948	-1.21091352	0.74365637	12.64133168	-1.21130742
0.60486815	12.41918979	-0.22663909	0.60572933	12.41897191	-0.22679907
0.60966024	12.63434707	-0.20447008	0.61141497	12.63415264	-0.20468176
0.74109852	12.58258129	-0.29975376	0.74246496	12.58202526	-0.30016704
0.73100908	12.36875655	-0.31011325	0.73166382	12.36831622	-0.31041503
0.46969132	12.70488086	-1.15090038	0.46985515	12.70489321	-1.15091710
0.61220298	12.61435483	-1.22011711	0.61223670	12.61423893	-1.22023795
0.60995414	12.71791898	-1.18688562	0.61017328	12.71768097	-1.18704631
0.47630363	12.78871035	-1.11730152	0.47675603	12.78870165	-1.11731686
0.58684759	12.17464785	-0.30197917	0.58690001	12.17461083	-0.30200446
0.59925451	12.27992260	-0.26326970	0.59960509	12.27974483	-0.26339054
0.72470463	12.21466704	-0.33888496	0.72494171	12.21437199	-0.33907895
0.59952152	12.48661491	-1.25176418	0.59928300	12.48657421	-1.25174667
0.60625099	12.53380060	-1.24368795	0.60613822	12.53371165	-1.24370467
0.46297099	12.64930329	-1.16652292	0.46301454	12.64933939	-1.16653743
0.00729912	12.72211189	-0.06129301	0.00980588	12.72422897	-0.06033572
-0.14038168	12.79278104	-0.06767042	-0.13760997	12.79546549	-0.06642807
-0.12891263	12.91539937	-0.06595806	-0.12568050	12.91805752	-0.06479871
0.00922684	12.87662207	-0.05129836	0.01234470	12.87875884	-0.05040623
-0.27593816	12.84519687	-0.09169854	-0.27301446	12.84836413	-0.09021628
-0.25632610	12.94000396	-0.09629539	-0.25306307	12.94310610	-0.09490675
0.03688020	12.85411193	-0.61624150	0.03868834	12.85584980	-0.61536254
0.04437951	12.91951397	-0.60394925	0.04647160	12.92125167	-0.60312379
-0.03599544	12.93112351	-0.57588236	-0.03374924	12.93318813	-0.57489553
-0.04517683	12.86630401	-0.57954795	-0.04318269	12.86838563	-0.57850965
-0.12731526	12.93928221	-0.59238135	-0.12500493	12.94167240	-0.59123621
-0.13770813	12.87848471	-0.59073701	-0.13562502	12.88090183	-0.58953141
-0.02776210	12.42655525	-0.11462458	-0.02655349	12.42875132	-0.11355560
-0.16362167	12.64584503	-0.08459763	-0.16144178	12.64859050	-0.08325871
-0.01038790	12.55148155	-0.08464137	-0.00860375	12.55362753	-0.08361677
-0.31489074	12.64003100	-0.12203290	-0.31276578	12.64328685	-0.12040727
-0.30013026	12.72771363	-0.10263582	-0.29765135	12.73094285	-0.10105152
0.02557363	12.78778425	-0.62764124	0.02709502	12.78954273	-0.62668003
-0.06532627	12.79994415	-0.57609915	-0.06357366	12.80208793	-0.57496173
-0.08313089	12.77311979	-0.55568555	-0.08142285	12.77534601	-0.55447092
-0.16210789	12.81608834	-0.57804893	-0.16022941	12.81858751	-0.57674676
-0.36811107	13.01380662	-0.16902242	-0.36472196	13.01725780	-0.16746923
-0.36013680	13.06354597	-0.21514126	-0.35665849	13.06694201	-0.21363347
-0.47871636	13.00728710	-0.22531638	-0.47546637	13.01106499	-0.22357713
-0.45883492	13.04757437	-0.26661059	-0.45551524	13.05126531	-0.26492933
-0.43673085	13.08033840	-0.31714851	-0.43338306	13.08393084	-0.31552303
-0.35027343	13.10016209	-0.27449315	-0.34677218	13.10349694	-0.27301741
-0.24843785	13.04615393	-0.58637585	-0.24568704	13.04898864	-0.58506362
-0.23447324	13.00071935	-0.61111829	-0.23192230	13.00348673	-0.60981016
-0.26824444	13.08290867	-0.54608231	-0.26529570	13.08583363	-0.54474928
-0.36313271	13.07445979	-0.55441413	-0.36021196	13.07767962	-0.55292063
-0.34864430	13.04285570	-0.59914086	-0.34590381	13.04600440	-0.59765764
-0.33934064	13.00422337	-0.63275072	-0.33676449	13.00732791	-0.63126335
-0.23624315	12.95210276	-0.62664022	-0.23388420	12.95486069	-0.62530495
-0.34712220	12.96505532	-0.65717842	-0.34470854	12.96816538	-0.65565803
-0.36202998	12.92756430	-0.67088084	-0.35973800	12.93071300	-0.66931837
-0.24924552	12.90255924	-0.63075598	-0.24705377	12.90534614	-0.62936830
-0.52339963	12.90212497	-0.18378648	-0.52043085	12.90606183	-0.18192009
-0.54415480	12.78011219	-0.18835301	-0.54158691	12.78409179	-0.18639373
-0.62025719	12.81667567	-0.24585072	-0.61764363	12.82084915	-0.24380193
-0.60165486	12.91255248	-0.24594800	-0.59874695	12.91668388	-0.24397765
-0.55274382	12.67517727	-0.20487004	-0.55052563	12.67915918	-0.20287700
-0.62804744	12.73399257	-0.25681339	-0.62569100	12.73816642	-0.25471620
-0.67640917	12.80320416	-0.32749327	-0.67394450	12.80748801	-0.32534458
-0.66977473	12.85546831	-0.32230501	-0.66714573	12.85974467	-0.32019809
-0.65347112	12.91839907	-0.32452367	-0.65066019	12.92262948	-0.32249200
-0.44345155	12.66515560	-0.15742426	-0.44125177	12.66881851	-0.15557264
-0.43161879	12.76147457	-0.13907930	-0.42906136	12.76512897	-0.13727478
-0.40848256	12.88062527	-0.13160665	-0.40550310	12.88422212	-0.12990351
-0.45799332	12.94341508	-0.68154419	-0.45563124	12.94678163	-0.67983485
-0.46511403	12.91637997	-0.69190780	-0.46281998	12.91974771	-0.69017148
-0.37426486	12.89421404	-0.67235009	-0.37207343	12.89739153	-0.67074530
-0.54448341	12.94858258	-0.66122469	-0.54203332	12.95212542	-0.65935956
-0.54946981	12.92176796	-0.67575912	-0.54709626	12.92529177	-0.67385483
-0.38510431	12.87753173	-0.66172049	-0.38295513	12.88074873	-0.66008216
-0.26914916	12.85441116	-0.62241312	-0.26712014	12.85726024	-0.62095969
0.90513679	12.87944121	-0.90605600	0.90632574	12.87835861	-0.90684538
0.80609836	12.94769513	-0.89142949	0.80749247	12.94684820	-0.89209706
0.92263487	12.89372187	-0.81754908	0.92404953	12.89259353	-0.81838146
0.82878175	12.96743348	-0.78723561	0.83044244	12.96653406	-0.78797102
0.71980091	13.02472493	-0.74523546	0.72175228	13.02413556	-0.74582330
0.68817606	13.00066340	-0.87397713	0.68975154	13.00011423	-0.87448787
0.92443443	12.88994992	-0.72572072	0.92599313	12.88881905	-0.72656718
0.84687393	12.95865659	-0.68084403	0.84873214	12.95772992	-0.68161192
0.75392732	13.01268172	-0.61822612	0.75610260	13.01202605	-0.61887002
1.00308558	12.66460723	-0.98964880	1.00357924	12.66324751	-0.99049800
0.96735430	12.78671659	-0.94459002	0.96823808	12.78546543	-0.94542206
1.02708745	12.66494036	-0.87856046	1.02775321	12.66353266	-0.87946344
0.98811717	12.79593530	-0.84802158	0.98919559	12.79463713	-0.84891366
1.01938399	12.66427746	-0.76515948	1.02023866	12.66291575	-0.76606291
0.98306803	12.79570225	-0.74862032	0.98431974	12.79442929	-0.74951426
0.56933288	13.04797005	-0.82798688	0.57117199	13.04776599	-0.82831838
0.60821577	13.07352096	-0.67958857	0.61048464	13.07326602	-0.68001590
0.48617903	13.11449458	-0.59608969	0.48884426	13.11466185	-0.59630761
0.44679354	13.08794501	-0.74754386	0.44898294	13.08815763	-0.74767837
0.64951597	13.06214936	-0.54178651	0.65207423	13.06181912	-0.54227347
0.52627331	13.10520074	-0.45819407	0.52924694	13.10528589	-0.45846635
-0.37119174	13.09248838	-0.49660354	-0.36810981	13.09576836	-0.49510092
-0.45498070	13.07400100	-0.50883008	-0.45197606	13.07750431	-0.50718958
-0.43532981	13.06223352	-0.55112520	-0.43243705	13.06565268	-0.54950556
-0.38290686	13.09916306	-0.43357306	-0.37970209	13.10251390	-0.43205103
-0.47693089	13.07634487	-0.46431896	-0.47384699	13.07993988	-0.46265063
-0.56165083	13.04969065	-0.49302158	-0.55869990	13.05350328	-0.49123287
-0.52415996	13.05135633	-0.52564553	-0.52125548	13.05503443	-0.52390915
-0.48656838	13.04953592	-0.55190331	-0.48371535	13.05309657	-0.55021549
-0.40803957	13.09635164	-0.37326331	-0.40473343	13.09981712	-0.37169594
-0.49051253	13.07266074	-0.41292117	-0.48735706	13.07633341	-0.41122819
-0.50523705	13.05871476	-0.36191165	-0.50203975	13.06246820	-0.36018470
-0.55115018	13.04146465	-0.39397785	-0.54806892	13.04533939	-0.39218644
-0.56322209	13.04600483	-0.44254741	-0.56019817	13.04986988	-0.44074865
-0.00329205	13.14012299	-0.43326704	0.00003727	13.14216342	-0.43245731
-0.09564610	13.12872608	-0.44527446	-0.09237757	13.13110000	-0.44427402
-0.01161751	13.16193910	-0.33817676	-0.00799580	13.16404784	-0.33736664
-0.11569447	13.14695796	-0.35881297	-0.11218397	13.14944310	-0.35778353
-0.21766614	13.13038741	-0.38941502	-0.21427796	13.13321857	-0.38818750
-0.19224181	13.11624572	-0.46775193	-0.18905236	13.11894936	-0.46656325
-0.01152097	13.16405156	-0.25122773	-0.00771781	13.16619437	-0.25042390
-0.12637970	13.15078807	-0.27509107	-0.12268536	13.15335144	-0.27404668
-0.23689753	13.13323555	-0.30988172	-0.23334111	13.13617039	-0.30862425
0.98329166	11.96827466	-1.06159303	0.98155225	11.96685955	-1.06209943
1.00778096	12.11293643	-1.06044836	1.00655072	12.11147819	-1.06111701
0.98620238	11.92363764	-0.95595787	0.98449590	11.92226411	-0.95644591
1.01421824	12.06990862	-0.94612126	1.01305552	12.06847551	-0.94678341
1.03641066	12.28731750	-0.93135500	1.03594034	12.28585352	-0.93215715
1.02455285	12.32187037	-1.04721224	1.02399551	12.32041178	-1.04799531
0.96844913	11.90771504	-0.83663448	0.96694685	11.90647060	-0.83707339
0.99854050	12.05527203	-0.82240453	0.99757588	12.05395378	-0.82303110
1.02359799	12.27680837	-0.80686981	1.02331624	12.27543976	-0.80765870
1.02291194	12.50779113	-1.02321689	1.02292205	12.50636123	-1.02404663
1.04227880	12.49020911	-0.90822950	1.04242424	12.48875402	-0.90910110
1.03197153	12.48515155	-0.78686130	1.03230142	12.48376055	-0.78772818
-0.63011976	12.94345291	-0.60866609	-0.62756242	12.94719902	-0.60669181
-0.63703298	12.91346834	-0.62027398	-0.63454130	12.91718550	-0.61824165
-0.68761774	12.93424045	-0.52889622	-0.68496994	12.93825552	-0.52686279
-0.69822204	12.89797903	-0.53451651	-0.69564730	12.90199223	-0.53241111
-0.63891412	12.89004391	-0.62145818	-0.63646323	12.89375237	-0.61938356
-0.68889554	12.92580165	-0.42652149	-0.68617758	12.92999784	-0.42446812
-0.70265005	12.88083127	-0.42701469	-0.70004796	12.88505289	-0.42489991
-0.70583565	12.84517099	-0.42842891	-0.70331696	12.84938702	-0.42626407
-0.28398020	13.10537440	-0.48386098	-0.28084897	13.10838441	-0.48250847
-0.30157517	13.11570710	-0.41148512	-0.29827188	13.11880765	-0.41010325
-0.32726135	13.11577292	-0.34092109	-0.32383100	13.11899433	-0.33949616
-0.58131938	12.96473670	-0.25925817	-0.57826422	12.96880322	-0.25735807
-0.50065850	12.96823652	-0.19691555	-0.49749206	12.97209980	-0.19511886
-0.63565977	12.95839860	-0.33416823	-0.63274232	12.96257238	-0.33219261
-0.61239611	12.98772976	-0.35135016	-0.60941254	12.99182220	-0.34943006
-0.55814873	12.99637517	-0.28393971	-0.55503132	13.00035402	-0.28209425
-0.38557756	12.95876747	-0.14152824	-0.38233253	12.96228927	-0.13991171
-0.44473082	12.97455770	-0.66348238	-0.44226850	12.97791461	-0.66181188
-0.43253562	13.00706984	-0.63557937	-0.42994353	13.01041939	-0.63393993
-0.51658189	13.00618080	-0.61814372	-0.51393518	13.00973551	-0.61638074
-0.53277252	12.97753132	-0.64375302	-0.53023053	12.98108473	-0.64194179
-0.64602578	12.99147108	-0.51780664	-0.64325262	12.99543648	-0.51588713
-0.67047566	12.96395292	-0.52384118	-0.66776231	12.96794710	-0.52186449
-0.61621848	12.97193491	-0.59619915	-0.61359432	12.97569439	-0.59428088
-0.59516344	12.99935615	-0.57873025	-0.59245727	13.00310688	-0.57686366
-0.61382092	13.02072398	-0.50920718	-0.61096204	13.02462884	-0.50734447
-0.56766037	13.02604381	-0.55207443	-0.56485539	13.02977754	-0.55026249
-0.49808804	13.03225306	-0.57917440	-0.49532290	13.03581334	-0.57745652
-0.67130356	12.95887425	-0.42946728	-0.66850612	12.96302630	-0.42747439
-0.64684065	12.98680173	-0.43573334	-0.64398369	12.99088843	-0.43380016
-0.58013950	13.01849867	-0.37605653	-0.57709833	13.02247410	-0.37420618
-0.61305418	13.01672270	-0.44511748	-0.61012284	13.02071084	-0.44324237
-0.53030425	13.03054790	-0.31853621	-0.52712693	13.03441554	-0.31675165
-0.42864892	13.03812391	-0.59577139	-0.42590512	13.04149524	-0.59415421
0.19963460	13.12803201	-0.18417131	0.20347153	13.12943207	-0.18378986
0.16997825	13.16683786	-0.26939050	0.17377916	13.16831223	-0.26897076
0.19760325	13.15443750	-0.28428296	0.20133813	13.15582316	-0.28391104
0.23159626	13.11435699	-0.19576917	0.23536806	13.11564606	-0.19543989
0.14886180	13.17381980	-0.36425147	0.15246810	13.17532604	-0.36376619
0.17470429	13.16217444	-0.38131830	0.17822793	13.16358006	-0.38089048
0.20207462	13.14546501	-0.29428619	0.20576005	13.14683285	-0.29392131
0.23589078	13.10589886	-0.20217407	0.23961901	13.10717014	-0.20184601
0.20883950	13.15306960	-0.29542113	0.21255492	13.15441431	-0.29506963
0.24144715	13.11231428	-0.19709530	0.24519720	13.11356553	-0.19677703
0.18859342	13.16001495	-0.39857691	0.19205565	13.16136408	-0.39817805
0.23222455	13.16500656	-0.42498728	0.23561441	13.16618980	-0.42470298
0.25564506	13.15791252	-0.31354141	0.25935661	13.15910691	-0.31327998
0.28735073	13.11479974	-0.20806126	0.29109021	13.11587864	-0.20781916
0.27275257	12.94031660	-0.06390053	0.27605211	12.94143490	-0.06356088
0.23726747	13.05728888	-0.10962149	0.24095095	13.05854094	-0.10927454
0.27306488	13.04369125	-0.12113268	0.27665590	13.04478651	-0.12085871
0.31201213	12.92627312	-0.07728980	0.31522503	12.92723502	-0.07702416
0.28323658	13.04144675	-0.12165113	0.28680635	13.04250281	-0.12138971
0.32314577	12.92413992	-0.08075853	0.32634142	12.92505265	-0.08051283
0.32855444	13.03921797	-0.12920530	0.33210876	13.04010097	-0.12901678
0.36674899	12.91547712	-0.08702832	0.36989058	12.91621482	-0.08686931
0.38873809	12.72581706	-0.09092048	0.39112234	12.72642010	-0.09076105
0.34901086	12.74031498	-0.08618968	0.35147192	12.74107474	-0.08595831
0.40250413	12.52952731	-0.12144366	0.40404054	12.52999348	-0.12128548
0.36555611	12.55442406	-0.11648276	0.36721406	12.55504135	-0.11625728
0.33775097	12.74275972	-0.08138854	0.34023490	12.74356482	-0.08113345
0.35351613	12.55747732	-0.11146566	0.35520524	12.55814364	-0.11121878
0.30839043	12.57225903	-0.09300865	0.31018864	12.57311667	-0.09266601
0.29618227	12.76102737	-0.06505615	0.29877970	12.76200982	-0.06472024
0.27026611	12.78652296	-0.91787578	0.27101265	12.78712553	-0.91752799
0.26213029	12.85704970	-0.89314438	0.26319803	12.85771780	-0.89280166
0.24389600	12.86336640	-0.83392308	0.24512261	12.86413720	-0.83354156
0.25324250	12.80229767	-0.85747313	0.25419492	12.80301436	-0.85708480
0.24879158	12.92951376	-0.84292406	0.25022681	12.93027399	-0.84257740
0.22979526	12.92848509	-0.78705341	0.23137401	12.92935532	-0.78666704
0.23648695	12.92404940	-0.76932736	0.23809710	12.92490997	-0.76895629
0.25452825	12.80813640	-0.83680110	0.25555229	12.80885838	-0.83641787
0.22792588	12.86410683	-0.81943926	0.22919811	12.86494385	-0.81902556
0.23142321	12.80664962	-0.84218674	0.23243105	12.80744662	-0.84174731
0.21898512	12.92821059	-0.77722613	0.22059418	12.92913015	-0.77681734
0.17889216	12.94122364	-0.76226322	0.18059655	12.94230579	-0.76176893
0.18489487	12.87361379	-0.80055996	0.18625210	12.87463149	-0.80004457
0.18535738	12.80985508	-0.82136966	0.18643207	12.81084805	-0.82081340
0.27329830	12.71652354	-0.94310981	0.27372198	12.71714280	-0.94278765
0.25928045	12.74085464	-0.88150655	0.25995242	12.74151661	-0.88110713
0.26173890	12.75648901	-0.85926887	0.26252146	12.75716093	-0.85887811
0.27843475	12.71956622	-0.87260393	0.27904674	12.72016059	-0.87224534
0.23885214	12.74869092	-0.86884078	0.23957701	12.74943975	-0.86838067
0.19025593	12.74204276	-0.85069764	0.19101072	12.74298266	-0.85010099
0.28668246	12.33238470	-0.16041720	0.28735060	12.33324028	-0.16004002
0.30660613	12.42881509	-0.12705484	0.30776066	12.42960242	-0.12672754
0.35400528	12.42589344	-0.14399866	0.35508140	12.42644762	-0.14377858
0.33757680	12.35643131	-0.17645330	0.33829131	12.35701185	-0.17623679
0.35817889	12.43841578	-0.15131834	0.35928905	12.43895978	-0.15110493
0.36743123	12.41849886	-0.14921236	0.36844809	12.41898644	-0.14902125
0.35149369	12.35026417	-0.18340539	0.35212330	12.35071809	-0.18328327
0.40353894	12.38412629	-0.15809814	0.40436403	12.38441672	-0.15799483
0.13663429	13.14849130	-0.46923309	0.13990508	13.15000280	-0.46872554
0.16623350	13.13469434	-0.48347667	0.16940922	13.13608542	-0.48303327
0.13794140	13.09575912	-0.57712949	0.14073189	13.09718214	-0.57661226
0.17282896	13.07984555	-0.58806298	0.17551622	13.08112458	-0.58761558
0.17801391	13.12317744	-0.49027801	0.18112416	13.12451887	-0.48985446
0.18394355	13.12947015	-0.49048656	0.18707155	13.13078725	-0.49008105
0.19182450	13.07285629	-0.58438789	0.19448361	13.07406665	-0.58397822
0.21754431	13.07763405	-0.62395864	0.22009626	13.07871620	-0.62361263
0.21908719	13.13458782	-0.52328434	0.22213846	13.13574957	-0.52296449
0.23060270	13.00634667	-0.74206347	0.23257004	13.00726288	-0.74171187
0.20969136	13.00211806	-0.69377232	0.21178419	13.00315503	-0.69336889
0.19547115	13.00550351	-0.69320792	0.19758820	13.00659535	-0.69277423
0.15765137	13.02103655	-0.68160021	0.15987087	13.02228307	-0.68109080
0.41243972	13.09455511	-0.26273958	0.41595284	13.09512841	-0.26275001
0.44657881	13.01333103	-0.17903352	0.44991436	13.01377029	-0.17906211
0.47293324	12.88201853	-0.13286659	0.47581764	12.88234153	-0.13290180
0.32143507	12.99367094	-0.86146639	0.32303813	12.99417946	-0.86130778
0.34290853	12.91478869	-0.95055010	0.34405786	12.91515933	-0.95038777
0.30605847	13.06384122	-0.74954285	0.30819123	13.06448752	-0.74939057
0.15312935	12.97027337	-0.05807551	0.15658495	12.97187698	-0.05752921
0.13245409	13.07468288	-0.10298243	0.13623679	13.07635695	-0.10244638
0.11145237	13.13822638	-0.17308056	0.11533812	13.13995643	-0.17252251
0.10078102	13.03573814	-0.62197495	0.10323624	13.03726208	-0.62134077
0.08264767	13.10178165	-0.54415529	0.08557062	13.10344144	-0.54350594
0.11806695	12.96314472	-0.67611913	0.12008875	12.96454199	-0.67548116
0.48387886	12.68637396	-0.13262367	0.48600297	12.68660633	-0.13263689
0.48902413	12.47646846	-0.16101138	0.49023773	12.47658936	-0.16100028
0.34976463	12.83349064	-1.00334350	0.35050599	12.83379556	-1.00317710
0.34908559	12.75852668	-1.03253043	0.34953330	12.75885819	-1.03238725
0.48653981	12.33814042	-0.19939970	0.48706591	12.33815332	-0.19942363
0.34634287	12.69854761	-1.05134465	0.34651129	12.69888710	-1.05122318
0.16585326	12.47924796	-0.10220870	0.16729091	12.48066895	-0.10155552
0.17484255	12.63552858	-0.07318456	0.17696194	12.63695810	-0.07256441
0.11526927	12.76173676	-0.74507645	0.11637162	12.76305824	-0.74430754
0.11716480	12.83057014	-0.72173923	0.11857845	12.83191343	-0.72102448
0.16903356	12.81537798	-0.05311520	0.17189919	12.81689025	-0.05254498
0.12082503	12.89609815	-0.70408618	0.12253242	12.89745102	-0.70342310
0.34645736	13.14759044	-0.50113641	0.34956678	13.14830928	-0.50110547
0.31827695	13.11873326	-0.62762582	0.32093338	13.11944336	-0.62752597
0.37867309	13.13947067	-0.37511503	0.38211136	13.14014883	-0.37512093
0.08169574	13.17239995	-0.34488430	0.08533705	13.17416197	-0.34426290
0.07713398	13.14843191	-0.44672340	0.08046979	13.15016819	-0.44608328
0.09377764	13.16973948	-0.25374287	0.09760939	13.17149232	-0.25315828
0.87952057	11.96299270	-0.58562725	0.87892692	11.96229668	-0.58580878
0.81676000	12.01719950	-0.47386000	0.81676000	12.01719950	-0.47386000
0.91807019	11.93378737	-0.71519793	0.91699299	11.93279414	-0.71551681
0.90629355	12.00035048	-0.72028103	0.90540512	11.99938425	-0.72063536
0.87222019	12.04800419	-0.63357116	0.87171016	12.04721774	-0.63388803
0.80548838	12.11220204	-0.53029727	0.80534526	12.11173341	-0.53057788
0.95003379	11.92533985	-0.84002961	0.94858578	11.92415670	-0.84043539
0.96844435	11.94077748	-0.95178508	0.96680911	11.93947013	-0.95225167
0.93818396	12.05923869	-0.93528725	0.93700314	12.05804974	-0.93579762
0.92456924	12.02941690	-0.81725715	0.92353467	12.02831863	-0.81768880
0.96724779	11.98284351	-1.04519055	0.96559185	11.98149808	-1.04568225
0.93278958	12.05790639	-1.13210964	0.93125276	12.05664956	-1.13261407
0.91071690	12.12101168	-1.10972471	0.90942472	12.11984387	-1.11023436
0.93495542	12.09397908	-1.03329963	0.93371566	12.09276023	-1.03383254
0.85296121	12.17717781	-1.22291067	0.85166390	12.17618599	-1.22336071
0.73824125	12.33023971	-1.27277998	0.73736694	12.32968807	-1.27310283
0.74322945	12.35844080	-1.20108548	0.74255168	12.35786888	-1.20141591
0.85226856	12.22318526	-1.16030763	0.85122495	12.22220941	-1.16077877
0.60002701	12.48275163	-1.23762167	0.59980021	12.48271408	-1.23760207
0.47107216	12.61384199	-1.15273443	0.47106278	12.61388189	-1.15273319
0.49420000	12.61570000	-1.07906000	0.49420000	12.61570000	-1.07906000
0.61447000	12.50220000	-1.16283000	0.61447000	12.50220000	-1.16283000
0.38304321	12.64821286	-1.04952178	0.38305490	12.64839321	-1.04946673
0.33265251	12.64965049	-0.95621705	0.33275551	12.65003716	-0.95606119
0.37140000	12.64100070	-0.89641000	0.37140000	12.64100070	-0.89641000
0.41679000	12.64250090	-0.98287004	0.41679000	12.64250090	-0.98287004
0.31623064	12.68172820	-0.89636201	0.31662441	12.68218218	-0.89611547
0.31330840	12.70927082	-0.86883190	0.31388910	12.70973552	-0.86856384
0.34219837	12.69676494	-0.81195388	0.34288331	12.69717401	-0.81174986
0.35037710	12.67109259	-0.83964634	0.35089692	12.67139082	-0.83947055
0.30405939	12.69672353	-0.87252613	0.30458909	12.69721768	-0.87222229
0.26128246	12.68763701	-0.84248464	0.26186504	12.68832422	-0.84204020
0.30244704	12.68423717	-0.77354578	0.30320163	12.68483805	-0.77320482
0.34086295	12.68539072	-0.81053976	0.34151617	12.68580919	-0.81031966
0.15751194	12.72553041	-0.71335325	0.15856180	12.72672263	-0.71266438
0.02897990	12.78173318	-0.57190919	0.03062373	12.78352814	-0.57095630
0.03451495	12.81988338	-0.49530241	0.03647865	12.82172512	-0.49440612
0.18283705	12.74054299	-0.63840791	0.18413606	12.74171059	-0.63779864
-0.08566677	12.82627275	-0.50830716	-0.08365611	12.82855110	-0.50714635
-0.19240551	12.85899586	-0.51174394	-0.19022911	12.86165924	-0.51041240
-0.19475389	12.92795924	-0.45204004	-0.19220500	12.93067302	-0.45074920
-0.08640052	12.88628275	-0.43868406	-0.08401283	12.88861586	-0.43757004
-0.29728445	12.87937058	-0.57132758	-0.29505991	12.88235266	-0.56983576
-0.39595266	12.88992264	-0.63868494	-0.39371297	12.89318125	-0.63703576
-0.41221547	12.91817448	-0.58712625	-0.40980173	12.92150673	-0.58545373
-0.30621438	12.93300274	-0.51674110	-0.30371259	12.93605522	-0.51525843
-0.48421185	12.89312337	-0.66647105	-0.48191982	12.89654284	-0.66467339
-0.56384197	12.88957222	-0.65435886	-0.56148194	12.89313371	-0.65238173
-0.56278750	12.89222306	-0.61900367	-0.56037154	12.89583870	-0.61704009
-0.50619078	12.90113329	-0.61822254	-0.50379954	12.90464277	-0.61638310
-0.63764943	12.88142666	-0.60257873	-0.63519232	12.88516667	-0.60049486
-0.68670004	12.86617755	-0.52307573	-0.68417559	12.87018258	-0.52092284
-0.64943805	12.88260746	-0.49499257	-0.64687888	12.88659415	-0.49291739
-0.61222621	12.89101589	-0.57178745	-0.60972959	12.89478498	-0.56975641
-0.69167198	12.84021033	-0.42770573	-0.68916796	12.84439554	-0.42555115
-0.66478398	12.79433502	-0.33739192	-0.66235870	12.79857820	-0.33525505
-0.64314784	12.80065307	-0.35047072	-0.64071706	12.80482168	-0.34836510
-0.65528925	12.84650327	-0.41117899	-0.65276539	12.85063077	-0.40907689
-0.61827662	12.72047405	-0.27361093	-0.61598336	12.72460841	-0.27152278
-0.54478323	12.66004513	-0.22510847	-0.54263441	12.66399744	-0.22313139
-0.52711290	12.71906907	-0.25693839	-0.52482267	12.72295563	-0.25498950
-0.60311467	12.76222624	-0.30665148	-0.60074547	12.76630708	-0.30460073
-0.43801896	12.65533927	-0.17824743	-0.43588244	12.65897502	-0.17640391
-0.31179960	12.63447916	-0.14274429	-0.30973649	12.63771929	-0.14112634
-0.29346969	12.68778581	-0.17215737	-0.29126510	12.69096307	-0.17057733
-0.41897502	12.71253696	-0.20863105	-0.41669088	12.71611000	-0.20683055
-0.17751911	12.52905508	-0.12995020	-0.17589324	12.53183496	-0.12857162
-0.03141384	12.41123634	-0.13834488	-0.03031759	12.41344668	-0.13727162
-0.02795636	12.48080511	-0.16968297	-0.02664276	12.48300117	-0.16861802
-0.16501258	12.59141997	-0.15920421	-0.16319828	12.59415124	-0.15786090
0.12809703	12.34808762	-0.16013818	0.12886531	12.34964492	-0.15938219
0.25560701	12.32697981	-0.18675077	0.25619747	12.32797674	-0.18629678
0.23582359	12.38705852	-0.23872491	0.23656264	12.38814074	-0.23822484
0.11929567	12.41548739	-0.20160372	0.12025167	12.41707772	-0.20084322
0.30582651	12.36005492	-0.20882290	0.30649231	12.36079185	-0.20851122
0.29247007	12.44438277	-0.27800119	0.29338271	12.44522602	-0.27762322
0.28392350	12.41670714	-0.26401192	0.28473927	12.41758084	-0.26361895
0.31696496	12.34973433	-0.22188859	0.31758282	12.35034333	-0.22166110
0.34620000	12.27620000	-0.23202000	0.34620000	12.27620000	-0.23202000
0.32214614	12.33657386	-0.28947578	0.32262397	12.33719927	-0.28920016
0.29079192	12.40274616	-0.27915382	0.29155524	12.40357641	-0.27879274
0.44425997	12.21770000	-0.27141000	0.44425997	12.21770000	-0.27141000
0.57587000	12.16340070	-0.32883000	0.57587000	12.16340070	-0.32883000
0.57046742	12.24284683	-0.38333641	0.57062218	12.24279487	-0.38339655
0.42903440	12.28736577	-0.32757421	0.42926863	12.28758890	-0.32748514
0.70622003	12.08180000	-0.39380000	0.70622003	12.08180000	-0.39380000
0.70033627	12.18001545	-0.44853728	0.70037710	12.17974535	-0.44870336
0.76169693	12.39017996	-1.05041912	0.76133080	12.38948492	-1.05078935
0.86186639	12.24000135	-1.04991060	0.86105433	12.23900994	-1.05040071
0.78243451	12.37360283	-0.86253672	0.78231479	12.37287478	-0.86295441
0.87197922	12.21866857	-0.90944122	0.87134024	12.21768181	-0.90993176
0.79519659	12.25939672	-0.67465523	0.79509670	12.25872329	-0.67504374
0.87222171	12.14523744	-0.75700509	0.87165980	12.14431382	-0.75744279
0.53522649	12.60761707	-0.90364715	0.53553983	12.60747170	-0.90375754
0.64739885	12.52073310	-0.99174318	0.64746792	12.52040091	-0.99194197
0.56794077	12.53831863	-0.69227159	0.56850831	12.53819115	-0.69239885
0.67937021	12.47678542	-0.78287423	0.67964149	12.47634471	-0.78316408
0.57294211	12.38648414	-0.51169103	0.57334859	12.38640511	-0.51178292
0.69368901	12.33854602	-0.59062591	0.69390284	12.33814931	-0.59089104
-0.20519758	12.92361471	-0.36721154	-0.20250906	12.92640942	-0.36589760
-0.09953748	12.87974025	-0.35190069	-0.09699268	12.88216541	-0.35076834
-0.22681477	12.86633472	-0.28032955	-0.22417129	12.86924415	-0.27894952
-0.12064133	12.81590056	-0.26736105	-0.11817969	12.81843898	-0.26616059
-0.00482574	12.74698068	-0.30347506	-0.00272064	12.74907068	-0.30248833
0.01853599	12.81259460	-0.39942411	0.02068992	12.81455472	-0.39850469
-0.26095380	12.77654548	-0.21685157	-0.25851096	12.77960221	-0.21536174
-0.14445046	12.70293423	-0.20451527	-0.14229552	12.70557729	-0.20323607
-0.01961649	12.61516854	-0.22620418	-0.01787592	12.61732995	-0.22516338
-0.54167272	12.92193689	-0.53717000	-0.53910269	12.92562518	-0.53527949
-0.57540413	12.91644320	-0.44543214	-0.57274522	12.92033397	-0.44349842
-0.47285325	12.93746631	-0.38465762	-0.47007931	12.94111823	-0.38289157
-0.43999367	12.94940685	-0.49035057	-0.43733768	12.95288384	-0.48864482
-0.59191409	12.84524818	-0.36575678	-0.58937080	12.84926104	-0.36374738
-0.50274893	12.83610478	-0.30749264	-0.50017198	12.83989550	-0.30562037
-0.32371960	12.94858439	-0.42302808	-0.32101151	12.95174282	-0.42151919
-0.35038551	12.91400938	-0.32410176	-0.34762783	12.91731544	-0.32252238
-0.38621909	12.81697303	-0.25471772	-0.38366445	12.82042556	-0.25301834
0.29839166	12.64331476	-0.64955356	0.29933377	12.64406574	-0.64916986
0.33976375	12.63918440	-0.67345246	0.34063957	12.63976418	-0.67316215
0.27244610	12.57705552	-0.49945024	0.27344280	12.57797497	-0.49901162
0.31871015	12.57533026	-0.50983967	0.31967709	12.57606025	-0.50948807
0.32326340	12.59327925	-0.49431669	0.32433459	12.59400239	-0.49398963
0.34109203	12.65350626	-0.66511687	0.34203824	12.65408901	-0.66483910
0.34778057	12.63583389	-0.68775145	0.34862871	12.63638092	-0.68748105
0.32528949	12.57900327	-0.50913222	0.32628478	12.57971218	-0.50880940
0.35690623	12.55865008	-0.55001440	0.35775366	12.55923271	-0.54974390
0.37624990	12.61666209	-0.73853008	0.37692962	12.61710445	-0.73832184
0.33125605	12.44447474	-0.39760715	0.33198986	12.44517121	-0.39729555
0.29995372	12.49189139	-0.37404159	0.30089221	12.49271103	-0.37366733
0.29436775	12.49610566	-0.36907077	0.29531317	12.49694792	-0.36868041
0.24676607	12.48269115	-0.35242232	0.24769034	12.48373137	-0.35193414
0.44953549	12.55556160	-0.61281920	0.45027769	12.55581304	-0.61273195
0.44144434	12.62264790	-0.81494385	0.44193109	12.62279718	-0.81490968
0.43693402	12.41405119	-0.44556070	0.43748223	12.41435576	-0.44544369
0.14547110	12.64729198	-0.40647673	0.14693700	12.64872672	-0.40577688
0.17182570	12.71711509	-0.52918181	0.17329457	12.71841016	-0.52854903
0.12596031	12.53067102	-0.29034211	0.12720820	12.53222275	-0.28959898
0.18079092	13.15254209	-0.39354307	0.18424717	13.15391950	-0.39312224
0.27629142	13.03729087	-0.12829382	0.27983186	13.03837191	-0.12801749
0.31433597	12.92279704	-0.08666257	0.31751756	12.92374291	-0.08640014
0.34014553	12.74198311	-0.09188349	0.34260381	12.74277626	-0.09163301
0.35670661	12.56171046	-0.12138128	0.35838921	12.56236608	-0.12113804
0.24822715	12.86258063	-0.81311154	0.24950473	12.86335264	-0.81273783
0.34325823	12.37836479	-0.18389681	0.34404281	12.37891309	-0.18369386
0.18991134	13.06767473	-0.58712588	0.19254614	13.06888796	-0.58671012
0.21317541	12.99689317	-0.68714035	0.21526828	12.99792282	-0.68674164
0.89391184	11.95762843	-0.57228793	0.89334082	11.95691362	-0.57249650
0.82741875	12.01967884	-0.45670988	0.82746348	12.01967262	-0.45671996
0.93537941	11.91933028	-0.70669360	0.93427967	11.91829488	-0.70704179
0.74155556	12.32879302	-1.28830742	0.74064962	12.32822841	-1.28863504
0.46147365	12.61964070	-1.16633724	0.46146652	12.61968499	-1.16632582
0.35397163	12.65949362	-1.05790271	0.35402107	12.65978344	-1.05780043
0.28839455	12.66476793	-0.95896833	0.28856451	12.66533139	-0.95870616
0.27574240	12.69515728	-0.89744491	0.27619986	12.69576754	-0.89710060
0.25982175	12.70665420	-0.88401230	0.26035616	12.70731734	-0.88358052
0.21163853	12.69355530	-0.86533222	0.21218570	12.69440074	-0.86475474
0.12529566	12.71743716	-0.75018219	0.12622026	12.71870747	-0.74939994
0.01988925	12.75280314	-0.61923082	0.02130129	12.75458247	-0.61821862
-0.18546333	12.79530935	-0.55215971	-0.18361586	12.79791601	-0.55078735
-0.28788909	12.83694581	-0.60206931	-0.28589490	12.83987193	-0.60056713
-0.47184295	12.89811055	-0.68880585	-0.46957492	12.90148802	-0.68704232
-0.55392317	12.90084394	-0.67695774	-0.55158681	12.90436762	-0.67501286
-0.69901524	12.87036179	-0.53462826	-0.69648655	12.87436786	-0.53246977
-0.17924620	12.53885716	-0.10788307	-0.17753235	12.54164777	-0.10650039
0.14638234	12.36350833	-0.13565995	0.14726669	12.36499548	-0.13494647
0.31379010	12.38769126	-0.22147991	0.31455368	12.38839169	-0.22118639
0.38438911	12.29465260	-0.19557593	0.38459432	12.29477791	-0.19562756
0.46973902	12.23739987	-0.23919911	0.46983021	12.23740986	-0.23925484
0.71428650	12.09160760	-0.37186935	0.71431660	12.09156668	-0.37187803
0.30141558	12.51909191	-0.36723715	0.30246098	12.51990825	-0.36686373
0.59263413	12.77734777	-0.54268333	0.59422087	12.77716769	-0.54293847
0.31818946	12.99373773	-0.52969476	0.32066082	12.99450721	-0.52952237
0.04981694	13.00479255	-0.26009625	0.05302290	13.00671046	-0.25933990
0.11949434	13.08618480	-0.30586245	0.12292246	13.08782564	-0.30528850
0.33279558	12.87341995	-0.29349135	0.33535244	12.87421703	-0.29326549
0.04501502	12.97717520	-0.41807747	0.04777812	12.97905108	-0.41727581
0.14006972	13.05357569	-0.41514299	0.14314090	13.05510062	-0.41457706
0.37487082	12.82604694	-0.69317820	0.37630822	12.82646558	-0.69306690
0.17569558	13.03712794	-0.17782327	0.17918569	13.03861167	-0.17736114
0.22732290	12.81977434	-0.79185236	0.22850570	12.82063964	-0.79140541
0.33891935	12.76219663	-0.53010824	0.34054637	12.76287282	-0.52985828
0.33621195	12.88940942	-0.84095604	0.33750513	12.88985049	-0.84078846
0.39953848	12.43844340	-0.24467339	0.40046209	12.43883268	-0.24449965
0.26155846	13.05297930	-0.44564951	0.26453764	13.05404547	-0.44538102
0.48256282	12.68580726	-0.66787371	0.48360588	12.68592028	-0.66790609
0.70395341	12.74684711	-0.77476168	0.70495106	12.74628956	-0.77519567
0.34351739	12.94492276	-0.19934967	0.34657303	12.94573342	-0.19915557
-0.41294432	12.92475703	-0.23867604	-0.40999587	12.92831730	-0.23699074
0.17216601	13.08958971	-0.24715250	0.17574212	13.09107147	-0.24670243
0.33447751	12.94981593	-0.68743035	0.33637756	12.95039541	-0.68729007
-0.50017185	12.92432800	-0.27869958	-0.49727947	12.92813676	-0.27688254
0.24732407	13.03900698	-0.32709222	0.25066195	13.04024109	-0.32676008
0.29670923	12.46431503	-0.19937989	0.29785975	12.46515231	-0.19901764
0.13721242	13.10701399	-0.36799353	0.14057991	13.10856083	-0.36745616
0.22660131	13.08374468	-0.48757354	0.22955919	13.08490094	-0.48724016
0.26404831	12.61838749	-0.24307587	0.26573155	12.61940760	-0.24263752
0.18128674	12.94450820	-0.50641981	0.18367377	12.94580915	-0.50589577
0.28549547	12.89465087	-0.83038993	0.28683787	12.89528097	-0.83011352
0.29125592	12.84375773	-0.83352747	0.29240982	12.84435470	-0.83324151
0.24565041	13.02774052	-0.54331908	0.24823145	13.02877035	-0.54300180
0.38945366	12.80325068	-0.19747200	0.39191943	12.80384508	-0.19733204
0.50476276	12.59316034	-0.43311951	0.50593624	12.59326495	-0.43314329
0.30992660	12.76343858	-0.88617566	0.31065787	12.76390299	-0.88591242
0.17346014	12.97124903	-0.64172545	0.17559248	12.97246846	-0.64121553
0.39523447	12.37774904	-0.22171504	0.39590997	12.37805176	-0.22158038
0.36403465	12.48717036	-0.31137386	0.36504705	12.48774095	-0.31112547
0.21020155	12.87597987	-0.18504554	0.21304397	12.87731174	-0.18457510
0.39283462	12.73103412	-0.90942210	0.39338558	12.73117234	-0.90933441
0.30283214	12.79608429	-0.84758885	0.30378128	12.79661922	-0.84731670
0.16466340	13.12195090	-0.27947794	0.16828647	13.12344335	-0.27902207
0.42381358	12.60945948	-0.24699152	0.42542763	12.60987012	-0.24687416
0.22368770	12.86499497	-0.76868376	0.22509204	12.86589960	-0.76825219
0.43223462	12.71409453	-0.82699897	0.43295786	12.71422484	-0.82698484
0.83221840	12.74089936	-0.87098514	0.83308316	12.74002405	-0.87159111
0.57053765	12.79007951	-0.92831740	0.57129921	12.78979755	-0.92852606
0.35224068	12.69045541	-0.19807470	0.35428175	12.69116548	-0.19783564
0.26410948	12.76924225	-0.17992520	0.26651629	12.77032761	-0.17953390
