0.82421420	12.75137958	-0.41203926	0.82092354	12.75307654	-0.41099687
0.78860465	12.88834394	-0.44112418	0.78450031	12.88986763	-0.44013891
0.87086076	12.85010544	-0.53703058	0.86747097	12.85204166	-0.53576062
0.90920361	12.71805273	-0.52198550	0.90658810	12.72015394	-0.52064872
0.74327074	12.97709021	-0.50248676	0.73883237	12.97834979	-0.50162476
0.82938938	12.93458245	-0.58086035	0.82564547	12.93631049	-0.57970143
0.88313381	12.89370361	-0.63995739	0.87991528	12.89570842	-0.63864635
0.92477805	12.82537301	-0.63338972	0.92195185	12.82758318	-0.63196884
0.96450015	12.69731118	-0.63388467	0.96238008	12.69967160	-0.63239220
0.71158789	12.77333469	-1.16030144	0.71084100	12.77421517	-1.15978404
0.83461867	12.72782792	-1.13541519	0.83394730	12.72934704	-1.13451811
0.79785926	12.83360691	-1.06723026	0.79652365	12.83501147	-1.06640387
0.67520567	12.87529417	-1.08741808	0.67382308	12.87612699	-1.08699705
0.93519323	12.69858976	-1.06994159	0.93444321	12.70068330	-1.06870517
0.89667873	12.80853394	-1.01169806	0.89524217	12.81045524	-1.01053186
0.85321656	12.87578029	-0.96185733	0.85131331	12.87752245	-0.96078284
0.77367188	12.91391743	-0.97938522	0.77168262	12.91531027	-0.97856424
0.65056792	12.95528143	-0.98817259	0.64845335	12.95609866	-0.98774464
0.55496865	12.83763598	-0.20857805	0.55000065	12.83784553	-0.20855614
0.52935399	12.97298817	-0.25730650	0.52352582	12.97297930	-0.25738827
0.67097613	12.93203010	-0.34475341	0.66601467	12.93291032	-0.34421580
0.69964496	12.79385627	-0.30378815	0.69554000	12.79491334	-0.30319215
0.49656244	13.05716092	-0.34278236	0.49048891	13.05689879	-0.34297008
0.63219743	13.02013750	-0.42155222	0.62694242	13.02074553	-0.42112727
0.45660943	12.87982220	-1.06708027	0.45524129	12.87961405	-1.06739869
0.58623986	12.82994793	-1.13633964	0.58526229	12.83029170	-1.13624717
0.55012003	12.92180658	-1.06442887	0.54848162	12.92206763	-1.06439374
0.42152255	12.96071526	-0.99313674	0.41938334	12.96030207	-0.99353572
0.52298627	12.99550204	-0.96300848	0.52052979	12.99563520	-0.96300070
0.39311819	13.02809591	-0.89120794	0.39010314	13.02742587	-0.89169644
-0.07326411	12.95251398	-0.09488749	-0.08031267	12.94757819	-0.09820436
-0.20103740	12.95421401	-0.12191374	-0.20801411	12.94798783	-0.12593652
-0.20719857	13.02625462	-0.17006394	-0.21463418	13.01989015	-0.17419576
-0.08422695	13.03860181	-0.14128050	-0.09187331	13.03350109	-0.14476663
-0.31777714	12.94675526	-0.16227849	-0.32448577	12.93930590	-0.16695107
-0.32148412	13.00709584	-0.21189736	-0.32852505	12.99953844	-0.21665726
-0.32337232	13.04693910	-0.27823741	-0.33046157	13.03927311	-0.28304742
-0.21062592	13.07132525	-0.23744170	-0.21816630	13.06482850	-0.24163652
-0.09118438	13.09061465	-0.20965780	-0.09898849	13.08534521	-0.21327856
-0.00479227	12.93714116	-0.61592606	-0.00873820	12.93271773	-0.61870299
-0.02576501	12.99767242	-0.59230080	-0.03041982	12.99299695	-0.59523631
-0.10821686	12.99178446	-0.58648842	-0.11295232	12.98615349	-0.58998131
-0.08876520	12.93743285	-0.60015415	-0.09285389	12.93205405	-0.60347757
-0.05215405	13.04912149	-0.54789015	-0.05762292	13.04408818	-0.55106812
-0.13514525	13.03603198	-0.55293801	-0.14054533	13.03008896	-0.55664320
-0.22735100	13.02187680	-0.57224032	-0.23253645	13.01494667	-0.57645709
-0.20023253	12.98229147	-0.60636315	-0.20480621	12.97564244	-0.61037923
-0.18091575	12.93239755	-0.62204713	-0.18486767	12.92596920	-0.62590817
0.98804284	12.30731594	-0.66041284	0.98805893	12.30961598	-0.65894946
0.97592531	12.08699244	-0.67804345	0.97699385	12.08911851	-0.67679373
0.91702338	12.10881713	-0.54467210	0.91734294	12.11030207	-0.54369051
0.92524735	12.31844390	-0.52727287	0.92475958	12.32026995	-0.52607817
0.83463546	12.15324506	-0.42625019	0.83444501	12.15405009	-0.42563779
0.83656908	12.33992958	-0.40422702	0.83570027	12.34127622	-0.40332920
0.98753148	12.39884849	-1.13084411	0.98851997	12.40130721	-1.12945134
0.89108892	12.45489533	-1.20225943	0.89189849	12.45676914	-1.20117988
0.89430973	12.29548483	-1.22683756	0.89617704	12.29741497	-1.22571586
0.98893005	12.20752144	-1.14636038	0.99108632	12.21002232	-1.14495478
0.75963999	12.52407183	-1.23431799	0.75991015	12.52500004	-1.23366694
0.76299355	12.40425042	-1.26531926	0.76423431	12.40526148	-1.26459568
0.88687880	12.19038386	-1.23481656	0.88943005	12.19229552	-1.23372421
0.97580959	12.07218196	-1.14489693	0.97870586	12.07463392	-1.14358758
0.98506974	12.51737418	-0.64521221	0.98397010	12.51977508	-0.64370441
0.92467930	12.53087729	-0.52007326	0.92312431	12.53294123	-0.51874302
0.83623916	12.55643386	-0.40046843	0.83419040	12.55810210	-0.39943390
0.86798244	12.59983285	-1.17611478	0.86792609	12.60146749	-1.17514033
0.96786339	12.56229879	-1.10755226	0.96790112	12.56459622	-1.10622315
0.74159544	12.65148391	-1.20388273	0.74139290	12.65235204	-1.20325936
0.58689122	12.42430836	-0.22424977	0.58528615	12.42476207	-0.22404425
0.57213178	12.63890109	-0.20289191	0.56871549	12.63925193	-0.20280618
0.71207695	12.59455268	-0.29289997	0.70942439	12.59562700	-0.29229762
0.71744839	12.37835114	-0.30428904	0.71622266	12.37922801	-0.30376596
0.46694848	12.70367037	-1.15184850	0.46670025	12.70353888	-1.15194693
0.61180799	12.61603555	-1.21822917	0.61176175	12.61618184	-1.21806497
0.60619734	12.72156042	-1.18493267	0.60583690	12.72187760	-1.18477136
0.46801673	12.78763659	-1.11953314	0.46726907	12.78750568	-1.11975862
0.58584286	12.17552219	-0.30151064	0.58575379	12.17560167	-0.30147292
0.59211211	12.28405448	-0.26095758	0.59148178	12.28443339	-0.26075547
0.71993793	12.22108561	-0.33479278	0.71950544	12.22167510	-0.33443070
0.60426483	12.48693287	-1.25190059	0.60474067	12.48694894	-1.25190315
0.60863515	12.53493744	-1.24343610	0.60886882	12.53502757	-1.24341498
0.46241305	12.64790989	-1.16690306	0.46236169	12.64776532	-1.16694767
-0.04416227	12.67622643	-0.08874056	-0.04862101	12.67163758	-0.09158960
-0.19715072	12.73324465	-0.10277950	-0.20207941	12.72714108	-0.10652933
-0.19643021	12.85655046	-0.10190854	-0.20256120	12.85042013	-0.10580147
-0.05654541	12.83010225	-0.08024968	-0.06249257	12.82536442	-0.08332546
-0.33532508	12.77387762	-0.13300714	-0.34049291	12.76633191	-0.13757216
-0.32353130	12.87010767	-0.13772558	-0.32961729	12.86265141	-0.14234227
0.00199418	12.80856099	-0.64364135	-0.00065587	12.80428707	-0.64634548
0.00283704	12.87378975	-0.63137326	-0.00044483	12.86947983	-0.63407256
-0.08061820	12.87656987	-0.60806580	-0.08405891	12.87130594	-0.61129748
-0.08370594	12.81167965	-0.61150634	-0.08648703	12.80640451	-0.61473330
-0.17298421	12.87579975	-0.62906320	-0.17630704	12.86947166	-0.63283544
-0.17794770	12.81472695	-0.62748968	-0.18063073	12.80835928	-0.63126797
-0.04949265	12.37859130	-0.14016741	-0.05096203	12.37390989	-0.14273367
-0.20664968	12.58479722	-0.11941381	-0.21006791	12.57859993	-0.12302856
-0.04525748	12.50470746	-0.11089933	-0.04802276	12.50009680	-0.11356695
-0.35597779	12.56610886	-0.16354080	-0.35894566	12.55835379	-0.16791579
-0.34935761	12.65469392	-0.14406735	-0.35329377	12.64702231	-0.14853517
-0.00249010	12.74194384	-0.65568138	-0.00447992	12.73765092	-0.65844555
-0.09797605	12.74422640	-0.60883890	-0.10006096	12.73878834	-0.61216044
-0.11443240	12.71594315	-0.58929496	-0.11627373	12.71029875	-0.59272000
-0.19765760	12.75084517	-0.61552645	-0.19971563	12.74427037	-0.61940489
-0.43731287	12.93477267	-0.21541908	-0.44363181	12.92605270	-0.22075271
-0.43138043	12.98477613	-0.26168809	-0.43794176	12.97604484	-0.26704641
-0.54375553	12.92021436	-0.27501819	-0.54960865	12.91036530	-0.28094919
-0.52547559	12.96167835	-0.31613875	-0.53151613	12.95193813	-0.32201820
-0.50406915	12.99556535	-0.36634033	-0.51017158	12.98596802	-0.37213641
-0.42214153	13.02153630	-0.32126872	-0.42875110	13.01281589	-0.32661208
-0.30356167	12.97241211	-0.62921937	-0.30791035	12.96464271	-0.63382862
-0.28516572	12.92808449	-0.65285348	-0.28890868	12.92050117	-0.65731843
-0.32775320	13.00786586	-0.59011583	-0.33270038	12.99986335	-0.59489908
-0.42100497	12.99319642	-0.60106827	-0.42574713	12.98420686	-0.60637478
-0.40263782	12.96236243	-0.64496269	-0.40679891	12.95353896	-0.65012956
-0.38970348	12.92420525	-0.67788638	-0.39325799	12.91551019	-0.68294270
-0.28249686	12.87955151	-0.66782982	-0.28563901	12.87199726	-0.67224858
-0.39377655	12.88475369	-0.70225994	-0.39675919	12.87601027	-0.70731588
-0.40600822	12.84641417	-0.71612522	-0.40848739	12.83755351	-0.72123899
-0.29171836	12.82939714	-0.67197078	-0.29429580	12.82174251	-0.67641925
-0.58231708	12.81243813	-0.23415219	-0.58731579	12.80229760	-0.24014343
-0.59419735	12.68953846	-0.23880982	-0.59796604	12.67929834	-0.24462939
-0.67089969	12.72117717	-0.29888134	-0.67465154	12.71008972	-0.30518450
-0.65880515	12.81815477	-0.29860127	-0.66350430	12.80716218	-0.30504016
-0.59507908	12.58451155	-0.25499157	-0.59774755	12.57424002	-0.26060211
-0.67277486	12.63811624	-0.31005714	-0.67568612	12.62700502	-0.31615615
-0.72362262	12.70454302	-0.38226074	-0.72674787	12.69279689	-0.38882079
-0.72060889	12.75719768	-0.37670384	-0.72426622	12.74548034	-0.38338524
-0.70825645	12.82124338	-0.37846050	-0.71253838	12.80961866	-0.38521112
-0.48608905	12.58184052	-0.20384099	-0.48898457	12.57271979	-0.20889077
-0.48200016	12.67856488	-0.18566923	-0.48594201	12.66949684	-0.19088281
-0.46830186	12.79913778	-0.17811499	-0.47347490	12.79019019	-0.18344931
-0.50266957	12.85690528	-0.72991458	-0.50519552	12.84698101	-0.73558454
-0.50805408	12.82951378	-0.74030102	-0.51020727	12.81953704	-0.74599073
-0.41607111	12.81245014	-0.71778007	-0.41817410	12.80349436	-0.72294272
-0.58990758	12.85830837	-0.71223084	-0.59256997	12.84741593	-0.71841608
-0.59291117	12.83134043	-0.72681402	-0.59518476	12.82040826	-0.73300258
-0.42604369	12.79512218	-0.70751007	-0.42801771	12.78606598	-0.71272881
-0.30831868	12.78026637	-0.66407034	-0.31040194	12.77244236	-0.66859218
0.88058904	12.90057230	-0.89204143	0.87829312	12.90248019	-0.89082953
0.77753925	12.96376692	-0.88054742	0.77489043	12.96519136	-0.87963309
0.89332204	12.91593192	-0.80267705	0.89058251	12.91793694	-0.80139252
0.79429329	12.98473012	-0.77504046	0.79109755	12.98626171	-0.77401225
0.67880817	13.03537230	-0.73713028	0.67505549	13.03626753	-0.73649104
0.65582500	13.01028102	-0.86710505	0.65286045	13.01110035	-0.86656691
0.89183075	12.91252254	-0.71043397	0.88879157	12.91455628	-0.70910962
0.80763612	12.97685855	-0.66802316	0.80400467	12.97846371	-0.66694092
0.70770378	13.02503927	-0.60889872	0.70346486	13.02608564	-0.60814856
0.99303805	12.69100810	-0.97334676	0.99205294	12.69347016	-0.97187642
0.94929633	12.81117315	-0.92888978	0.94758104	12.81341711	-0.92751318
1.01331788	12.69273821	-0.86108421	1.01199568	12.69532665	-0.85950534
0.96583666	12.82173242	-0.83123363	0.96373012	12.82409379	-0.82975169
1.00146266	12.69173180	-0.74767796	0.99976132	12.69427135	-0.74609809
0.95688838	12.82137208	-0.73178473	0.95442727	12.82371207	-0.73030035
0.53128518	13.05001661	-0.82583995	0.52784974	13.05012496	-0.82574693
0.56040164	13.07666754	-0.67595088	0.55606898	13.07685568	-0.67573415
0.42953484	13.10793248	-0.59873418	0.42445862	13.10720739	-0.59911510
0.40099377	13.08017448	-0.75123915	0.39692443	13.07936737	-0.75170091
0.59465385	13.06731242	-0.53698561	0.58966104	13.06766893	-0.53666585
0.46219373	13.10113205	-0.45987213	0.45640487	13.10060535	-0.46016807
-0.43270145	13.01087429	-0.54377903	-0.43795782	13.00180695	-0.54917573
-0.51388852	12.98795377	-0.55812822	-0.51882803	12.97802193	-0.56397782
-0.49193864	12.97710245	-0.59976555	-0.49653041	12.96736533	-0.60547151
-0.44725100	13.01710364	-0.48127300	-0.45293129	13.00794191	-0.48676544
-0.53758311	12.98915235	-0.51426246	-0.54278379	12.97901984	-0.52025527
-0.61891173	12.95814559	-0.54495182	-0.62361307	12.94712165	-0.55139925
-0.58046333	12.96175818	-0.57656830	-0.58502449	12.95109580	-0.58279125
-0.54194460	12.96178167	-0.60181305	-0.54636043	12.95150002	-0.60780323
-0.47466363	13.01304481	-0.42177150	-0.48063089	13.00367334	-0.42741703
-0.55289969	12.98481035	-0.46327100	-0.55834455	12.97457677	-0.46935010
-0.56857082	12.97004289	-0.41253089	-0.57415192	12.95972843	-0.41868428
-0.61161618	12.95018178	-0.44560337	-0.61680910	12.93938913	-0.45199442
-0.62225121	12.95429386	-0.49452318	-0.62719670	12.94330676	-0.50098471
-0.07599851	13.08549595	-0.46936138	-0.08238366	13.08013111	-0.47282391
-0.16569118	13.06609594	-0.48443532	-0.17183900	13.05981062	-0.48837481
-0.09379908	13.10286295	-0.37825515	-0.10102863	13.09719452	-0.38200752
-0.19292639	13.08187809	-0.39933305	-0.19980735	13.07530343	-0.40346657
-0.28901045	13.05965408	-0.43263500	-0.29541146	13.05215968	-0.43727042
-0.25874442	13.04707052	-0.50991725	-0.26456169	13.03983694	-0.51434874
-0.09494102	13.11029464	-0.28954326	-0.10255991	13.10482403	-0.29326401
-0.20626419	13.08756176	-0.31517060	-0.21358446	13.08099941	-0.31936152
-0.31161207	13.06221736	-0.35323341	-0.31846252	13.05458350	-0.35798866
1.01481934	11.99481259	-1.04782663	1.01776735	11.99744769	-1.04646395
1.03105101	12.14070729	-1.04531933	1.03324778	12.14342504	-1.04379959
1.01597375	11.94983509	-0.94282002	1.01871513	11.95240979	-0.94153202
1.03596989	12.09762286	-0.93101700	1.03798985	12.10031211	-0.92951044
1.04542868	12.31605827	-0.91466010	1.04625520	12.31881359	-0.91305182
1.03521589	12.35016882	-1.03099163	1.03620153	12.35288891	-1.02943391
0.99452476	11.93216468	-0.82494860	0.99688740	11.93455636	-0.82382444
1.01664814	12.08132461	-0.80818996	1.01830546	12.08382869	-0.80678457
1.02902657	12.30424933	-0.79039595	1.02951285	12.30685921	-0.78881490
1.02236590	12.53553628	-1.00669003	1.02228101	12.53816168	-1.00515806
1.03904023	12.51891076	-0.89072950	1.03870187	12.52162236	-0.88910481
1.02490433	12.51315951	-0.76943406	1.02421676	12.51578800	-0.76781898
-0.67697526	12.84922441	-0.66202341	-0.67985544	12.83743918	-0.66869458
-0.68182311	12.81906170	-0.67380677	-0.68431871	12.80721200	-0.68046657
-0.73677695	12.83698695	-0.58365903	-0.73996384	12.82464747	-0.59064278
-0.74524396	12.80040182	-0.58954036	-0.74800876	12.78795771	-0.59651758
-0.68238277	12.79563219	-0.67500357	-0.68462378	12.78377902	-0.68163606
-0.74091920	12.82761440	-0.48122381	-0.74462532	12.81543154	-0.48822248
-0.75204303	12.78193948	-0.48198728	-0.75527281	12.76964210	-0.48896791
-0.75329073	12.74618134	-0.48348565	-0.75613610	12.73386956	-0.49038666
-0.34774275	13.02951953	-0.52878941	-0.35327743	13.02134734	-0.53371645
-0.36959169	13.03908928	-0.45719332	-0.37563685	13.03074657	-0.46225757
-0.39770028	13.03803729	-0.38716682	-0.40411650	13.02948786	-0.39239099
-0.64151101	12.87157076	-0.31143327	-0.64666638	12.86071019	-0.31787110
-0.56375763	12.87986842	-0.24699560	-0.56936029	12.86987222	-0.25298325
-0.69268662	12.86230656	-0.38775305	-0.69732437	12.85081175	-0.39448468
-0.67077437	12.89302171	-0.40437043	-0.67561998	12.88170834	-0.41103194
-0.61971709	12.90465877	-0.33556118	-0.62507224	12.89396121	-0.34192706
-0.45129133	12.87874221	-0.18795329	-0.45720295	12.86992789	-0.19330008
-0.49183097	12.88869356	-0.71166589	-0.49481241	12.87888899	-0.71729309
-0.48258816	12.92189631	-0.68373117	-0.48609678	12.91220586	-0.68933232
-0.56694512	12.91700224	-0.66861652	-0.57049788	12.90639340	-0.67470894
-0.58048868	12.88767761	-0.69453378	-0.58357456	12.87690064	-0.70068212
-0.69878125	12.89598741	-0.57160367	-0.70266706	12.88408321	-0.57844996
-0.72145683	12.86741464	-0.57821271	-0.72499977	12.85525352	-0.58515159
-0.66513321	12.87821617	-0.64919458	-0.66839381	12.86657446	-0.65583230
-0.64633960	12.90652910	-0.63126513	-0.65000415	12.89510926	-0.63782124
-0.66867318	12.92675881	-0.56228736	-0.67293723	12.91518653	-0.56899521
-0.62141915	12.93444138	-0.60402319	-0.62553485	12.92332145	-0.61046260
-0.55144010	12.94394265	-0.62930029	-0.55550892	12.93353154	-0.63532622
-0.72517773	12.86164718	-0.48377660	-0.72922338	12.84962165	-0.49073369
-0.70215621	12.89087773	-0.48948197	-0.70647450	12.87908057	-0.49634091
-0.63968315	12.92561274	-0.42832916	-0.64472359	12.91456829	-0.43485242
-0.66996611	12.92258540	-0.49815581	-0.67456191	12.91110418	-0.50486314
-0.59319609	12.94040199	-0.36961003	-0.59871674	12.92991073	-0.37586945
-0.48207010	12.95325520	-0.64402717	-0.48614914	12.94359052	-0.64964893
0.11536610	13.09623163	-0.20714266	0.10764074	13.09294127	-0.20948067
0.08542791	13.13107779	-0.29462456	0.07777573	13.12742568	-0.29714138
0.11515819	13.12126283	-0.30702597	0.10772379	13.11790510	-0.30932791
0.14918492	13.08533864	-0.21643632	0.14166844	13.08236766	-0.21854209
0.06848669	13.13525834	-0.38983613	0.06132112	13.13138947	-0.39238762
0.09708599	13.12656253	-0.40446732	0.09017242	13.12300939	-0.40678974
0.12119536	13.11271971	-0.31636358	0.11392519	13.10942636	-0.31860857
0.15458688	13.07719553	-0.22236770	0.14719620	13.07427390	-0.22442513
0.12740938	13.12086034	-0.31708734	0.12008905	13.11761827	-0.31929562
0.15937444	13.08411596	-0.21704723	0.15190104	13.08123346	-0.21908256
0.11273790	13.12589339	-0.42043970	0.10598218	13.12249981	-0.42263589
0.15800899	13.13511646	-0.44364474	0.15138055	13.13213772	-0.44555427
0.17502091	13.12960354	-0.33199402	0.16781727	13.12678536	-0.33387727
0.20575986	13.09061042	-0.22539187	0.19833842	13.08811768	-0.22715494
0.20078760	12.91724974	-0.08029656	0.19415942	12.91483876	-0.08203543
0.15653687	13.02997684	-0.12957638	0.14907000	13.02711887	-0.13165030
0.19427146	13.01968864	-0.13888323	0.18698558	13.01715210	-0.14072560
0.24193618	12.90666515	-0.09147794	0.23549138	12.90461034	-0.09298668
0.20471037	13.01838555	-0.13879775	0.19745312	13.01593341	-0.14057602
0.25344551	12.90545777	-0.09434616	0.24704033	12.90349182	-0.09579427
0.25051690	13.02015995	-0.14375029	0.24331944	13.01810655	-0.14526041
0.29820073	12.90053784	-0.09827621	0.29190089	12.89893615	-0.09948756
0.33770244	12.71383514	-0.09940153	0.33307077	12.71259646	-0.10030920
0.29639843	12.72503686	-0.09677320	0.29162583	12.72347655	-0.09788867
0.37039472	12.52041355	-0.12746416	0.36757656	12.51950773	-0.12807540
0.33096013	12.54197733	-0.12440492	0.32792124	12.54074771	-0.12520800
0.28470049	12.72655228	-0.09251328	0.27988775	12.72490020	-0.09368552
0.31837466	12.54402727	-0.11997103	0.31528925	12.54270127	-0.12083006
0.27109274	12.55473176	-0.10381187	0.26782653	12.55301379	-0.10490588
0.24076456	12.74106491	-0.07835805	0.23573406	12.73903949	-0.07975807
0.25628592	12.77117715	-0.92965864	0.25513727	12.76974248	-0.93074690
0.24143937	12.83972216	-0.90571804	0.23970807	12.83810074	-0.90691518
0.21992575	12.84295596	-0.84790734	0.21794169	12.84106725	-0.84924939
0.23518716	12.78363064	-0.87078402	0.23371264	12.78190126	-0.87204063
0.22006546	12.90948510	-0.85648015	0.21764337	12.90760515	-0.85780197
0.19794556	12.90536328	-0.80215597	0.19527587	12.90320689	-0.80363001
0.20392851	12.90099393	-0.78417785	0.20119922	12.89884252	-0.78563040
0.23508537	12.78899846	-0.85022207	0.23349653	12.78722852	-0.85149434
0.20308787	12.84131892	-0.83457100	0.20106370	12.83922275	-0.83603348
0.21265807	12.78521059	-0.85726416	0.21114617	12.78324408	-0.85868971
0.18644914	12.90346649	-0.79305212	0.18374859	12.90115947	-0.79460653
0.14449158	12.91203800	-0.78059623	0.14166559	12.90932673	-0.78239462
0.15839165	12.84627064	-0.81840820	0.15625157	12.84376288	-0.82013056
0.16539409	12.78341014	-0.83937112	0.16382425	12.78099743	-0.84107723
0.26609988	12.70140643	-0.95355046	0.26556789	12.69999890	-0.95445912
0.24752101	12.72369483	-0.89430391	0.24658233	12.72211281	-0.89547304
0.24775193	12.73881662	-0.87231919	0.24662776	12.73718990	-0.87352674
0.26806116	12.70415812	-0.88433713	0.26723953	12.70273424	-0.88539601
0.22639646	12.72895736	-0.88360391	0.22541988	12.72714829	-0.88495981
0.17792076	12.71710972	-0.86897388	0.17700364	12.71484717	-0.87065208
0.27504778	12.31475430	-0.16900451	0.27421291	12.31313050	-0.16977266
0.28362724	12.41260429	-0.13583660	0.28170541	12.41107817	-0.13667648
0.33222275	12.41458776	-0.15029361	0.33037956	12.41351142	-0.15090133
0.32413773	12.34445296	-0.18219645	0.32307507	12.34334687	-0.18271286
0.33563023	12.42729962	-0.15763240	0.33371650	12.42623588	-0.15824564
0.34674606	12.40865559	-0.15480223	0.34499506	12.40771317	-0.15534305
0.33917145	12.34090208	-0.18720164	0.33817236	12.34002354	-0.18755468
0.38670050	12.37849802	-0.16153757	0.38526458	12.37795223	-0.16187403
0.06609030	13.10919936	-0.49412506	0.05986216	13.10534504	-0.49657630
0.09801995	13.09868006	-0.50590139	0.09201480	13.09516594	-0.50812683
0.07929735	13.05796985	-0.60027203	0.07422698	13.05434098	-0.60253962
0.11641499	13.04601815	-0.60862087	0.11153601	13.04278266	-0.61064095
0.11140114	13.08854572	-0.51169014	0.10554654	13.08517257	-0.51382245
0.11685794	13.09544076	-0.51148685	0.11095866	13.09211554	-0.51358668
0.13597317	13.04107836	-0.60358531	0.13113983	13.03803808	-0.60548377
0.16397226	13.04900561	-0.64104792	0.15933920	13.04626460	-0.64275558
0.15406530	13.10422175	-0.54148690	0.14835313	13.10126652	-0.54332454
0.19006904	12.98171793	-0.75728478	0.18662291	12.97940325	-0.75879681
0.16647975	12.97454432	-0.71073761	0.16281307	12.97195055	-0.71241387
0.15170712	12.97632010	-0.71111320	0.14800925	12.97357812	-0.71287890
0.11181773	12.98763517	-0.70203360	0.10795998	12.98449463	-0.70403378
0.33638789	13.08125526	-0.27206115	0.32951487	13.07982947	-0.27305658
0.37403614	13.00377818	-0.18656110	0.36740595	13.00269134	-0.18739409
0.41004422	12.87557095	-0.13842052	0.40428590	12.87481022	-0.13906046
0.28884764	12.97963996	-0.87077662	0.28602408	12.97828853	-0.87172474
0.32029674	12.90459519	-0.95877355	0.31833439	12.90360424	-0.95958724
0.26154599	13.04597878	-0.76016153	0.25767872	13.04425738	-0.76125973
0.07832675	12.93646035	-0.08106773	0.07143934	12.93295979	-0.08350520
0.05011060	13.03812992	-0.12891972	0.04247675	13.03431032	-0.13161653
0.02606279	13.09848307	-0.20170621	0.01820207	13.09434894	-0.20460821
0.05014754	12.99529488	-0.64676979	0.04589372	12.99145878	-0.64918862
0.02127323	13.05786494	-0.57164936	0.01597893	13.05362853	-0.57431948
0.07718645	12.92608829	-0.69886771	0.07382529	12.92262576	-0.70108564
0.43837841	12.68213774	-0.13638690	0.43425081	12.68164853	-0.13682332
0.46353327	12.47459595	-0.16326740	0.46127843	12.47438109	-0.16351722
0.33574061	12.82539350	-1.01048676	0.33452787	12.82460546	-1.01116638
0.34108208	12.75021290	-1.03846524	0.34040340	12.74941177	-1.03900174
0.47590642	12.33834414	-0.19952316	0.47498451	12.33834780	-0.19954062
0.34391482	12.69035596	-1.05580608	0.34373291	12.68958369	-1.05618852
0.13765827	12.44927829	-0.11885086	0.13536347	12.44637840	-0.12050284
0.13120314	12.60546728	-0.09118818	0.12739851	12.60250366	-0.09302657
0.09576954	12.72699559	-0.76793701	0.09433805	12.72383567	-0.77011455
0.09027428	12.79513318	-0.74416577	0.08819191	12.79188089	-0.74633352
0.10823024	12.78359724	-0.07328321	0.10273545	12.78039601	-0.07540711
0.08722121	12.86027568	-0.72624079	0.08454716	12.85694917	-0.72840423
0.27967232	13.12873647	-0.51172218	0.27373352	13.12684959	-0.51286301
0.26196293	13.09929003	-0.63849803	0.25700649	13.09738439	-0.63964248
0.30466422	13.12259146	-0.38537790	0.29805763	13.12087054	-0.38649024
-0.00072582	13.12536072	-0.37642680	-0.00801852	13.12071724	-0.37949192
0.00470459	13.10274583	-0.47677312	-0.00167477	13.09824485	-0.47968360
0.00857997	13.12665765	-0.28447371	0.00083946	13.12225388	-0.28751192
0.89101536	11.97766914	-0.58078557	0.89201100	11.97906539	-0.58032996
0.81676000	12.01719950	-0.47386000	0.81676000	12.01719950	-0.47386000
0.93769877	11.95426879	-0.70670911	0.93943087	11.95624813	-0.70590073
0.92293772	12.02046799	-0.71132163	0.92442887	12.02241291	-0.71045466
0.88218516	12.06447694	-0.62606886	0.88307779	12.06605587	-0.62534749
0.80854972	12.12198733	-0.52395395	0.80881977	12.12291160	-0.52336402
0.97539122	11.94892273	-0.82900506	0.97769827	11.95124156	-0.82794419
0.99721441	11.96604587	-0.93922236	0.99986914	11.96853560	-0.93799000
0.96023455	12.08280410	-0.92305573	0.96229273	12.08511114	-0.92183714
0.94383603	12.05174752	-0.80655955	0.94560535	12.05392359	-0.80550862
0.99741720	12.00842483	-1.03196991	1.00023983	12.01096583	-1.03066023
0.96158236	12.08160589	-1.11945759	0.96434242	12.08397286	-1.11818813
0.93527673	12.14324299	-1.09756095	0.93762750	12.14544573	-1.09634291
0.95854300	12.11755487	-1.02064761	0.96077302	12.11987377	-1.01937901
0.87764206	12.19581438	-1.21209150	0.88008682	12.19766543	-1.21102282
0.75541398	12.34028631	-1.26535103	0.75712259	12.34125890	-1.26460333
0.75652550	12.36913844	-1.19374012	0.75782422	12.37017121	-1.19300904
0.87252853	12.24168505	-1.14951193	0.87449667	12.24350282	-1.14844627
0.60462411	12.48303927	-1.23780279	0.60508699	12.48305509	-1.23780953
0.47147359	12.61257495	-1.15315355	0.47151412	12.61244530	-1.15319740
0.49420000	12.61570000	-1.07906000	0.49420000	12.61570000	-1.07906000
0.61447000	12.50220000	-1.16283000	0.61447000	12.50220000	-1.16283000
0.38338680	12.64384645	-1.05149529	0.38343475	12.64343459	-1.05166048
0.33163339	12.64030334	-0.96118066	0.33161458	12.63945297	-0.96158394
0.37140000	12.64100070	-0.89641000	0.37140000	12.64100070	-0.89641000
0.41679000	12.64250090	-0.98287004	0.41679000	12.64250090	-0.98287004
0.30966544	12.67046110	-0.90453701	0.30917602	12.66941227	-0.90524529
0.30313097	12.69736606	-0.87805199	0.30231468	12.69625807	-0.87888085
0.33001562	12.68598784	-0.81960152	0.32903136	12.68498206	-0.82031036
0.34092449	12.66325189	-0.84570775	0.34016442	12.66251012	-0.84626030
0.29558149	12.68407225	-0.88292409	0.29491970	12.68290466	-0.88384190
0.25239775	12.66947508	-0.85645493	0.25174225	12.66782080	-0.85771400
0.28933956	12.66847089	-0.78485093	0.28832272	12.66701964	-0.78590116
0.32985228	12.67454160	-0.81868438	0.32897522	12.67353236	-0.81942798
0.13914323	12.69451779	-0.73389867	0.13779591	12.69169190	-0.73584912
-0.00161705	12.73541769	-0.59978344	-0.00379066	12.73104804	-0.60253234
-0.00365961	12.77335622	-0.52273154	-0.00660240	12.76893606	-0.52545695
0.15873526	12.71051724	-0.65722489	0.15688600	12.70774559	-0.65904123
-0.12429691	12.76811258	-0.54243564	-0.12698423	12.76237484	-0.54588615
-0.23470818	12.79068607	-0.55097615	-0.23758080	12.78372396	-0.55507579
-0.24611147	12.85892935	-0.49168391	-0.25007894	12.85186008	-0.49587358
-0.13413452	12.82732116	-0.47293785	-0.13785362	12.82148595	-0.47644374
-0.34031015	12.80308029	-0.61420088	-0.34294446	12.79494031	-0.61890998
-0.43857332	12.80695768	-0.68483158	-0.44081891	12.79776422	-0.69011571
-0.45850377	12.83426751	-0.63408776	-0.46136221	12.82487681	-0.63948589
-0.35547924	12.85578308	-0.56040741	-0.35901159	12.84750795	-0.56522176
-0.52667082	12.80553485	-0.71533893	-0.52871981	12.79536406	-0.72112203
-0.60631685	12.79856338	-0.70573346	-0.60836413	12.78751058	-0.71197217
-0.60665866	12.80118744	-0.67034149	-0.60896082	12.79016375	-0.67656815
-0.55058214	12.81266251	-0.66780010	-0.55301811	12.80225140	-0.67371149
-0.68137853	12.78703306	-0.65605670	-0.68363516	12.77521339	-0.66266736
-0.73258646	12.76918447	-0.57779720	-0.73508162	12.75689380	-0.58464660
-0.69701835	12.78709365	-0.54866908	-0.69989286	12.77524292	-0.55534284
-0.65766140	12.79761513	-0.62450104	-0.66020601	12.78609098	-0.63099131
-0.73886623	12.74196308	-0.48242949	-0.74167982	12.72980336	-0.48922981
-0.71114777	12.69644014	-0.39179919	-0.71414344	12.68479363	-0.39826735
-0.68963893	12.70418528	-0.40418827	-0.69263162	12.69271477	-0.41055377
-0.70326706	12.75000480	-0.46502056	-0.70628754	12.73825298	-0.47161499
-0.66157777	12.62525980	-0.32644510	-0.66428678	12.61422162	-0.33245380
-0.58556671	12.56993039	-0.27482478	-0.58800080	12.55971555	-0.28035615
-0.57082719	12.62980109	-0.30641157	-0.57366918	12.61966004	-0.31198606
-0.64832002	12.66804066	-0.35905250	-0.65123978	12.65705384	-0.36509756
-0.47935012	12.57242505	-0.22438597	-0.48204731	12.56333579	-0.22938263
-0.35146480	12.56074460	-0.18399145	-0.35427210	12.55301124	-0.18834071
-0.33661580	12.61515671	-0.21292680	-0.33979670	12.60752586	-0.21726794
-0.46333383	12.63057173	-0.25438065	-0.46644048	12.62157957	-0.25940940
-0.20762773	12.46713651	-0.16413507	-0.20970570	12.46088771	-0.16763598
-0.05051312	12.36282391	-0.16383973	-0.05171387	12.35810975	-0.16639957
-0.05195979	12.43216158	-0.19583791	-0.05362527	12.42740804	-0.19848128
-0.19953738	12.53010944	-0.19336677	-0.20204734	12.52390663	-0.19689436
0.11530173	12.31472649	-0.17689361	0.11454584	12.31155371	-0.17853581
0.24588615	12.30606105	-0.19688591	0.24527467	12.30412274	-0.19780710
0.22270157	12.36341618	-0.25050363	0.22180758	12.36119190	-0.25162547
0.10232322	12.38069851	-0.21962948	0.10117675	12.37737315	-0.22140277
0.29380091	12.34437505	-0.21639091	0.29291163	12.34292359	-0.21708333
0.27512292	12.42576880	-0.28781805	0.27376356	12.42402347	-0.28875860
0.26871319	12.39754648	-0.27380347	0.26756522	12.39575344	-0.27473442
0.30535888	12.33653623	-0.22778340	0.30446309	12.33530583	-0.22832865
0.34620000	12.27620000	-0.23202000	0.34620000	12.27620000	-0.23202000
0.31363655	12.32245440	-0.29603319	0.31302175	12.32113927	-0.29662544
0.27657771	12.38434425	-0.28820089	0.27548986	12.38262637	-0.28904948
0.44425997	12.21770000	-0.27141000	0.44425997	12.21770000	-0.27141000
0.57587000	12.16340070	-0.32883000	0.57587000	12.16340070	-0.32883000
0.56773872	12.24395192	-0.38208145	0.56752310	12.24407212	-0.38196609
0.42493643	12.28241151	-0.32971314	0.42463925	12.28196183	-0.32990611
0.70622003	12.08180000	-0.39380000	0.70622003	12.08180000	-0.39380000
0.69981521	12.18582525	-0.44486642	0.69977677	12.18637817	-0.44453611
0.76910832	12.40337100	-1.04283097	0.76982325	12.40463957	-1.04210529
0.87779336	12.25920440	-1.03902856	0.87931685	12.26108204	-1.03796183
0.78530256	12.38785511	-0.85414550	0.78559877	12.38922789	-0.85334650
0.88456802	12.23833929	-0.89854186	0.88576430	12.24025239	-0.89748210
0.79765746	12.27318692	-0.66638201	0.79790666	12.27451365	-0.66559651
0.88340251	12.16416249	-0.74706420	0.88444003	12.16599071	-0.74609647
0.52976671	12.60961511	-0.90287778	0.52930508	12.60979581	-0.90281276
0.64664889	12.52679101	-0.98832607	0.64660511	12.52736073	-0.98801209
0.55741948	12.53968555	-0.69131867	0.55654021	12.53982682	-0.69124049
0.67468179	12.48504603	-0.77786232	0.67429903	12.48583581	-0.77739740
0.56548816	12.38750188	-0.51057178	0.56488164	12.38761964	-0.51047186
0.68999243	12.34646767	-0.58547059	0.68969575	12.34723100	-0.58499051
-0.25994619	12.85444837	-0.40695473	-0.26438204	12.84730139	-0.41120753
-0.15111336	12.82024420	-0.38637550	-0.15528239	12.81427292	-0.38997091
-0.28007608	12.79712007	-0.31987599	-0.28442758	12.78989702	-0.32416918
-0.17031154	12.75608570	-0.30176163	-0.17436102	12.75002388	-0.30539113
-0.04650997	12.69797939	-0.33162273	-0.04984466	12.69316543	-0.33450982
-0.02418998	12.76468409	-0.42743235	-0.02761286	12.76006858	-0.43025377
-0.30964383	12.70568518	-0.25691399	-0.31345802	12.69825757	-0.26124857
-0.18701266	12.64237991	-0.23877252	-0.19033333	12.63623570	-0.24236589
-0.05319492	12.56620125	-0.25350961	-0.05577375	12.56138618	-0.25630196
-0.59012887	12.83173439	-0.58799059	-0.59325361	12.82096518	-0.59412661
-0.62661121	12.82434758	-0.49720857	-0.63020109	12.81331229	-0.50351262
-0.52737366	12.85058098	-0.43361745	-0.53161973	12.84066167	-0.43937885
-0.49167212	12.86411592	-0.53842275	-0.49543119	12.85443610	-0.54401279
-0.64105323	12.75190942	-0.41789331	-0.64441590	12.74087841	-0.42411436
-0.55308263	12.74792550	-0.35681068	-0.55676710	12.73786306	-0.36252797
-0.37769649	12.87060001	-0.46731604	-0.38194101	12.86218262	-0.47226070
-0.40545968	12.83507270	-0.36880417	-0.40992069	12.82649421	-0.37385383
-0.43668792	12.73676640	-0.29985423	-0.44057174	12.72796087	-0.30492512
0.28156417	12.62402440	-0.66182108	0.28026329	12.62224529	-0.66298358
0.32438007	12.62415045	-0.68351464	0.32317493	12.62276601	-0.68445472
0.25440952	12.55469083	-0.51226044	0.25304159	12.55260621	-0.51350478
0.30107188	12.55733325	-0.52030996	0.29971418	12.55567034	-0.52131811
0.30309430	12.57557360	-0.50458596	0.30148744	12.57392277	-0.50557961
0.32379111	12.63832869	-0.67488033	0.32240778	12.63692667	-0.67580408
0.33241999	12.62151009	-0.69715538	0.33120153	12.62018670	-0.69804133
0.30679535	12.56158900	-0.51924578	0.30533632	12.55997347	-0.52022117
0.34148249	12.54399018	-0.55868529	0.34028129	12.54264315	-0.55951298
0.36412881	12.60482851	-0.74627970	0.36317949	12.60373552	-0.74700647
0.31772711	12.42840501	-0.40606160	0.31668460	12.42691293	-0.40686959
0.28221114	12.47315496	-0.38437089	0.28081288	12.47140153	-0.38536951
0.27671714	12.47677617	-0.37966018	0.27535507	12.47496874	-0.38068550
0.22981714	12.45893601	-0.36516944	0.22855697	12.45669739	-0.36641372
0.43593424	12.54835008	-0.61712055	0.43483454	12.54769308	-0.61753853
0.43286110	12.61769614	-0.81810988	0.43216349	12.61723722	-0.81840613
0.42689475	12.40666465	-0.44924396	0.42610087	12.40599384	-0.44959667
0.11754880	12.61296200	-0.42618289	0.11537285	12.60969351	-0.42814760
0.14400096	12.68490246	-0.54821993	0.14183024	12.68187168	-0.55009309
0.10263738	12.49542119	-0.30949277	0.10090854	12.49202823	-0.31140579
0.10518344	13.11773166	-0.41594827	0.09845772	13.11426853	-0.41819661
0.19848336	13.01355165	-0.14573029	0.19130027	13.01104398	-0.14754111
0.24505249	12.90333473	-0.10068930	0.23869394	12.90129690	-0.10217915
0.28770066	12.72591608	-0.10287935	0.28294726	12.72428173	-0.10403713
0.32168092	12.54840853	-0.12978836	0.31860819	12.54709706	-0.13063676
0.22315788	12.84193464	-0.82700233	0.22108529	12.84001971	-0.82834219
0.32800743	12.36694233	-0.18952285	0.32676722	12.36587194	-0.19004386
0.13466880	13.03573896	-0.60644620	0.12989318	13.03268723	-0.60835549
0.16994653	12.96950277	-0.70394689	0.16627874	12.96692483	-0.70561208
0.90493546	11.97256031	-0.56692626	0.90588356	11.97396914	-0.56642326
0.82647466	12.01977558	-0.45653079	0.82638738	12.01978368	-0.45651721
0.95532111	11.94043749	-0.69766034	0.95707092	11.94246521	-0.69680051
0.75932699	12.33899212	-1.28074835	0.76109968	12.33998409	-1.27998693
0.46186068	12.61821157	-1.16701284	0.46190299	12.61806269	-1.16708253
0.35375446	12.65254420	-1.06134211	0.35376347	12.65189120	-1.06163229
0.28619229	12.65134628	-0.96706036	0.28609660	12.65011021	-0.96773679
0.26840467	12.67980532	-0.90845182	0.26785968	12.67838699	-0.90941086
0.25227899	12.68980519	-0.89780583	0.25169847	12.68823266	-0.89902125
0.20425450	12.67121496	-0.88287408	0.20375360	12.66919047	-0.88443990
0.11000076	12.68402850	-0.77281347	0.10893173	12.68100502	-0.77494467
-0.00536437	12.70644432	-0.64775035	-0.00705477	12.70209554	-0.65056308
-0.22023715	12.72814741	-0.59067165	-0.22218770	12.72132899	-0.59468358
-0.32636874	12.76157174	-0.64440529	-0.32836189	12.75356072	-0.64902387
-0.51392924	12.81098398	-0.73729653	-0.51588974	12.80094791	-0.74301607
-0.59621040	12.81023983	-0.72807893	-0.59824078	12.79927782	-0.73427617
-0.74474687	12.77295215	-0.58970460	-0.74720797	12.76050472	-0.59663301
-0.21135588	12.47689973	-0.14233408	-0.21363639	12.47063680	-0.14586046
0.13082622	12.33200086	-0.15176357	0.12977356	12.32899911	-0.15333230
0.29927726	12.37265213	-0.22902007	0.29814329	12.37124948	-0.22972152
0.38043660	12.29236922	-0.19479522	0.38010988	12.29215054	-0.19472984
0.46799533	12.23736775	-0.23815953	0.46785508	12.23736039	-0.23807085
0.71364479	12.09249156	-0.37164935	0.71358638	12.09257773	-0.37163261
0.28145777	12.50036503	-0.37782319	0.27986428	12.49860422	-0.37885120
0.55985460	12.77974546	-0.54075622	0.55691889	12.77992501	-0.54063419
0.26640217	12.97370885	-0.54139824	0.26187500	12.97176796	-0.54259783
-0.01811306	12.95849526	-0.28905602	-0.02413310	12.95389157	-0.29203064
0.04474120	13.04521162	-0.33252643	0.03811225	13.04115290	-0.33519943
0.27883395	12.85523975	-0.30525515	0.27402873	12.85344009	-0.30646204
-0.01210769	12.92971677	-0.44701797	-0.01695698	12.92514150	-0.44989211
0.07503174	13.01515750	-0.43917381	0.06938115	13.01142299	-0.44156421
0.34606317	12.81440954	-0.70047556	0.34359464	12.81330450	-0.70121186
0.10010770	13.00351314	-0.20045405	0.09324175	13.00010359	-0.20279786
0.20462361	12.79678397	-0.80721962	0.20279166	12.79466879	-0.80869468
0.30638561	12.74499766	-0.54051896	0.30362443	12.74336722	-0.54155095
0.31046765	12.87726899	-0.84955984	0.30825963	12.87610674	-0.85041772
0.38099802	12.43006807	-0.25002442	0.37943320	12.42926286	-0.25054464
0.19867484	13.02650172	-0.46158921	0.19318053	13.02394220	-0.46322165
0.46223559	12.68143286	-0.67036910	0.46048998	12.68101786	-0.67063492
0.68405327	12.75734907	-0.76795225	0.68224359	12.75829811	-0.76737105
0.27795915	12.92719843	-0.21163246	0.27202752	12.92538383	-0.21291139
-0.47189783	12.84216155	-0.28571469	-0.47690395	12.83302203	-0.29113861
0.09451371	13.05477924	-0.27073515	0.08752857	13.05126771	-0.27313042
0.29527325	12.93385496	-0.69705871	0.29187755	12.93232803	-0.69803727
-0.55737616	12.83602403	-0.32839539	-0.56208268	12.82596652	-0.33429500
0.17761401	13.01051211	-0.34500034	0.17156241	13.00777777	-0.34681740
0.27399823	12.44640108	-0.20923213	0.27212653	12.44470381	-0.21018250
0.06426219	13.06817411	-0.39327990	0.05780785	13.06431601	-0.39580005
0.16366731	13.05421276	-0.50553935	0.15815678	13.05134680	-0.50734745
0.23000932	12.59573851	-0.25651501	0.22711506	12.59355496	-0.25785742
0.13233705	12.91133547	-0.52646390	0.12819013	12.90819724	-0.52843251
0.25875369	12.87773599	-0.84192643	0.25649639	12.87614579	-0.84305909
0.26862535	12.82782474	-0.84469271	0.26673020	12.82633206	-0.84577429
0.19148356	13.00084524	-0.55935341	0.18678579	12.99827028	-0.56096075
0.33694074	12.79031398	-0.20633274	0.33221922	12.78899925	-0.20726171
0.48113018	12.59002117	-0.43514526	0.47907782	12.58971344	-0.43536100
0.29617013	12.75139797	-0.89569607	0.29503020	12.75026764	-0.89658172
0.12990477	12.93928810	-0.66132910	0.12625106	12.93629021	-0.66324866
0.38179971	12.37136932	-0.22575770	0.38067859	12.37075761	-0.22614266
0.34410794	12.47436306	-0.31877668	0.34246170	12.47315005	-0.31949787
0.15027384	12.84636695	-0.20358385	0.14493611	12.84342754	-0.20551667
0.38238480	12.72699474	-0.91370379	0.38148935	12.72659743	-0.91410729
0.28462423	12.78195170	-0.85789669	0.28311166	12.78062772	-0.85887822
0.08518563	13.08574359	-0.30397002	0.07805323	13.08209841	-0.30643671
0.39025061	12.60061224	-0.25283838	0.38729138	12.59972936	-0.25344414
0.19602416	12.84092523	-0.78426898	0.19375865	12.83869790	-0.78578253
0.41878073	12.70972203	-0.83016387	0.41763200	12.70930233	-0.83047436
0.81494956	12.75785321	-0.86022974	0.81334106	12.75940412	-0.85929007
0.55603322	12.79476196	-0.92671192	0.55472275	12.79516164	-0.92660046
0.30953239	12.67511589	-0.20788487	0.30575343	12.67359762	-0.20889144
0.21360484	12.74557758	-0.19471735	0.20912859	12.74324518	-0.19624451
