0.81755970	12.75474305	-0.40996229	0.81417694	12.75641600	-0.40891691
0.78031257	12.89135117	-0.43916068	0.77610133	12.89283635	-0.43817401
0.86400351	12.85395374	-0.53449481	0.86051441	12.85587302	-0.53321510
0.90390541	12.72224011	-0.51931802	0.90120439	12.72433772	-0.51797005
0.73430739	12.97956481	-0.50077105	0.72975938	12.98077865	-0.49990916
0.82181842	12.93801022	-0.57854542	0.81796997	12.93971493	-0.57737734
0.87661840	12.89769379	-0.63733588	0.87330115	12.89968940	-0.63601034
0.91905337	12.82978033	-0.63055110	0.91613390	12.83199022	-0.62911503
0.96019717	12.70202758	-0.63090482	0.95799579	12.70439841	-0.62939589
0.71005331	12.77510809	-1.15926948	0.70927073	12.77600675	-1.15874141
0.83323245	12.73088173	-1.13362421	0.83251844	12.73243057	-1.13271095
0.79513280	12.83642510	-1.06557887	0.79374159	12.83784865	-1.06473769
0.67238129	12.87696184	-1.08657678	0.67094852	12.87780274	-1.08614554
0.93364625	12.70279156	-1.06747517	0.93284460	12.70492168	-1.06621830
0.89374729	12.81238635	-1.00936838	0.89224577	12.81433337	-1.00818319
0.84934580	12.87926805	-0.95970907	0.84737113	12.88102589	-0.95861693
0.76962891	12.91670210	-0.97774343	0.76757148	12.91810286	-0.97690767
0.64626909	12.95690648	-0.98731668	0.64409014	12.95771945	-0.98687933
0.54495420	12.83797727	-0.20855476	0.53988915	12.83809469	-0.20855725
0.51761735	12.97288411	-0.25749158	0.51168137	12.97276605	-0.25760185
0.66096843	12.93372897	-0.34369201	0.65589549	12.93453928	-0.34316627
0.69135723	12.79591791	-0.30260904	0.68715578	12.79692087	-0.30202262
0.48433874	13.05654915	-0.34318262	0.47815897	13.05617291	-0.34340046
0.62160249	13.02128959	-0.42071788	0.61623573	13.02182108	-0.42030623
0.45381426	12.87937759	-1.06772013	0.45241117	12.87915105	-1.06803844
0.58423365	12.83063326	-1.13616008	0.58322069	12.83097930	-1.13606208
0.54677696	12.92231261	-1.06436041	0.54508998	12.92256417	-1.06432083
0.41717225	12.95984512	-0.99393929	0.41498629	12.95939750	-0.99434214
0.51799671	12.99573937	-0.96299699	0.51547898	12.99584768	-0.96298862
0.38700889	13.02669613	-0.89219339	0.38393804	13.02597291	-0.89269195
-0.08737125	12.94253271	-0.10155852	-0.09443329	12.93733888	-0.10496514
-0.21498459	12.94166725	-0.13001045	-0.22194433	12.93515531	-0.13415033
-0.22206059	13.01343143	-0.17838220	-0.22948654	13.00677628	-0.18262721
-0.09952119	13.02828672	-0.14828714	-0.10718713	13.02291469	-0.15185553
-0.33117580	12.93176266	-0.17169765	-0.33783303	12.92399364	-0.17652009
-0.33554471	12.99188691	-0.22149520	-0.34253675	12.98400725	-0.22640402
-0.33752313	13.03151343	-0.28794149	-0.34455720	13.02353017	-0.29289887
-0.22568896	13.05824304	-0.24588649	-0.23321037	13.05146531	-0.25018905
-0.10677963	13.07996929	-0.21692522	-0.11459180	13.07443553	-0.22061043
-0.01269501	12.92821136	-0.62150351	-0.01659748	12.92366338	-0.62432947
-0.03508099	12.98823878	-0.59819753	-0.03969850	12.98342402	-0.60118212
-0.11766487	12.98044271	-0.59350290	-0.12232092	12.97465821	-0.59705248
-0.09692888	12.92659658	-0.60682303	-0.10093649	12.92107876	-0.61020119
-0.06308527	13.03897740	-0.55427033	-0.06851690	13.03378704	-0.55749238
-0.14591584	13.02406861	-0.56038265	-0.15123962	13.01795268	-0.56414853
-0.23767290	13.00792225	-0.58072820	-0.24274235	13.00078259	-0.58503434
-0.20933265	12.96890091	-0.61443711	-0.21377895	12.96206899	-0.61853202
-0.18877583	12.91945161	-0.62979834	-0.19259211	12.91286013	-0.63373241
0.98804566	12.31192988	-0.65749781	0.98802046	12.31426229	-0.65601570
0.97809231	12.09128461	-0.67553863	0.97914475	12.09345452	-0.67426636
0.91766110	12.11179620	-0.54271511	0.91795779	12.11329883	-0.54172585
0.92424300	12.32209677	-0.52489294	0.92371441	12.32393829	-0.52368861
0.83424648	12.15485295	-0.42503968	0.83403988	12.15566424	-0.42443114
0.83480088	12.34261613	-0.40244095	0.83389508	12.34396691	-0.40153887
0.98946008	12.40377920	-1.12807374	0.99042398	12.40630144	-1.12665600
0.89266585	12.45865476	-1.20011048	0.89345523	12.46057972	-1.19901171
0.89797151	12.29935177	-1.22459563	0.89983164	12.30134637	-1.22344969
0.99317108	12.21253393	-1.14356788	0.99532337	12.21511549	-1.14213412
0.76015726	12.52594239	-1.23302177	0.76041397	12.52689709	-1.23236016
0.76542603	12.40628852	-1.26387036	0.76666124	12.40734068	-1.26312720
0.89186476	12.19420735	-1.23260728	0.89441773	12.19619072	-1.23148264
0.98151074	12.07708869	-1.14227028	0.98443173	12.07962770	-1.14093169
0.98282278	12.52217891	-0.64220274	0.98166148	12.52460131	-0.64067659
0.92151886	12.53499959	-0.51741845	0.91989950	12.53707201	-0.51607528
0.83208548	12.55975273	-0.39840705	0.82997009	12.56141438	-0.39736639
0.86783287	12.60311835	-1.17417221	0.86774536	12.60479069	-1.17318128
0.96789368	12.56690871	-1.10490216	0.96789136	12.56925554	-1.10354974
0.74116051	12.65323517	-1.20264098	0.74093513	12.65412587	-1.20200727
0.58363366	12.42518680	-0.22385608	0.58199069	12.42561642	-0.22365747
0.56522889	12.63954431	-0.20273897	0.56174046	12.63983338	-0.20267112
0.70670885	12.59666658	-0.29170949	0.70398831	12.59771242	-0.29111181
0.71496278	12.38008784	-0.30325455	0.71370314	12.38095517	-0.30273258
0.46643004	12.70339145	-1.15204389	0.46617016	12.70325543	-1.15213914
0.61170052	12.61633233	-1.21790242	0.61164620	12.61648618	-1.21773396
0.60545081	12.72220248	-1.18461586	0.60507282	12.72252974	-1.18445000
0.46647916	12.78735672	-1.11998807	0.46570838	12.78721575	-1.12021272
0.58566408	12.17567898	-0.30143402	0.58557336	12.17575658	-0.30139469
0.59083230	12.28480005	-0.26056292	0.59018590	12.28517107	-0.26036227
0.71906213	12.22225762	-0.33407944	0.71861502	12.22284612	-0.33371906
0.60519949	12.48696670	-1.25189827	0.60567804	12.48699008	-1.25189487
0.60909022	12.53511910	-1.24338995	0.60932371	12.53521548	-1.24336449
0.46229599	12.64760263	-1.16698609	0.46223639	12.64745359	-1.16702635
-0.05309445	12.66695458	-0.09447623	-0.05752518	12.66216587	-0.09741038
-0.20700030	12.72095274	-0.11032033	-0.21186681	12.71460372	-0.11418273
-0.20868914	12.84419675	-0.10974204	-0.21478688	12.83779475	-0.11375116
-0.06845270	12.82052237	-0.08644104	-0.07439669	12.81555329	-0.08960986
-0.34563205	12.75869717	-0.14219876	-0.35070234	12.75085498	-0.14691214
-0.33568254	12.85510293	-0.14702886	-0.34170038	12.84733488	-0.15179766
-0.00331785	12.79993493	-0.64906749	-0.00590768	12.79555845	-0.65182088
-0.00373824	12.86508938	-0.63679141	-0.00696805	12.86066777	-0.63953861
-0.08748836	12.86596489	-0.61454581	-0.09083881	12.86057305	-0.61783343
-0.08925777	12.80105041	-0.61796617	-0.09193586	12.79565341	-0.62124653
-0.17958741	12.86305341	-0.63662648	-0.18276200	12.85657381	-0.64046878
-0.18327176	12.80190384	-0.63504412	-0.18579335	12.79539159	-0.63888460
-0.05248177	12.36916427	-0.14537318	-0.05386964	12.36433996	-0.14801084
-0.21347456	12.57232869	-0.12668301	-0.21679385	12.56591300	-0.13040087
-0.05081262	12.49540480	-0.11628772	-0.05351825	12.49062730	-0.11903482
-0.36182681	12.55050154	-0.17239074	-0.36461306	12.54247784	-0.17690878
-0.35717789	12.63925858	-0.15307592	-0.36097230	12.63130722	-0.15769002
-0.00648102	12.73328113	-0.66122231	-0.00840044	12.72889564	-0.66403670
-0.10213544	12.73327319	-0.61546309	-0.10410309	12.72771925	-0.61883285
-0.11809599	12.70458100	-0.59611012	-0.11980667	12.69881997	-0.59957972
-0.20172310	12.73760709	-0.62324889	-0.20359653	12.73088727	-0.62717966
-0.44991015	12.91721910	-0.22618553	-0.45612930	12.90813589	-0.23170745
-0.44446722	12.96720193	-0.27250944	-0.45093512	12.95810684	-0.27805556
-0.55540579	12.90034931	-0.28700857	-0.56111133	12.89008290	-0.29316981
-0.53750413	12.94205258	-0.32802003	-0.54340373	12.93190505	-0.33412055
-0.51622004	12.97623702	-0.37805629	-0.52218360	12.96624786	-0.38406402
-0.43531688	13.00398825	-0.33206092	-0.44182728	12.99491352	-0.33758432
-0.31219255	12.95674591	-0.63850378	-0.31636785	12.94874597	-0.64322648
-0.29258276	12.91279019	-0.66183342	-0.29613421	12.90499809	-0.66640179
-0.33758310	12.99173736	-0.59976288	-0.34237470	12.98347922	-0.60467245
-0.43040995	12.97505664	-0.61179497	-0.43495684	12.96575421	-0.61726870
-0.41087603	12.94453962	-0.65539303	-0.41482018	12.93542257	-0.66071379
-0.39672868	12.90662224	-0.68807100	-0.40004206	12.89764966	-0.69326772
-0.28870701	12.86431137	-0.67670152	-0.29163529	12.85656049	-0.68121665
-0.39964900	12.86705829	-0.71241587	-0.40236320	12.85804064	-0.71760250
-0.41087106	12.82845788	-0.72635692	-0.41305206	12.81931546	-0.73158955
-0.29679388	12.81395376	-0.68087081	-0.29913108	12.80610738	-0.68540560
-0.59221917	12.79192269	-0.24629544	-0.59702365	12.78134842	-0.25253029
-0.60153358	12.66878408	-0.25070651	-0.60503444	12.65811642	-0.25678178
-0.67815945	12.69865316	-0.31176962	-0.68160145	12.68708535	-0.31835664
-0.66806660	12.79586332	-0.31166289	-0.67251985	12.78438396	-0.31837699
-0.60006141	12.56369543	-0.26658648	-0.60238116	12.55301166	-0.27245886
-0.67819251	12.61553224	-0.32268553	-0.68072554	12.60395429	-0.32908036
-0.72950749	12.68066573	-0.39571487	-0.73224984	12.66841605	-0.40257150
-0.72766774	12.73340063	-0.39030618	-0.73098330	12.72116995	-0.39728005
-0.71663554	12.79767406	-0.39213529	-0.72061880	12.78553308	-0.39917431
-0.49167254	12.56341084	-0.21417482	-0.49430302	12.55394969	-0.21943256
-0.48977004	12.66026309	-0.19625177	-0.49351101	12.65084394	-0.20166615
-0.47859271	12.78110209	-0.18889231	-0.48362440	12.77179141	-0.19442389
-0.50758353	12.83672593	-0.74129510	-0.50976056	12.82643774	-0.74712640
-0.51220603	12.80919649	-0.75167865	-0.51398553	12.79885117	-0.75751723
-0.42017186	12.79429191	-0.72807069	-0.42195270	12.78504981	-0.73334150
-0.59508877	12.83619716	-0.72466660	-0.59737661	12.82487869	-0.73104646
-0.59731912	12.80912645	-0.73920822	-0.59919837	12.79776904	-0.74557493
-0.42988091	12.77676619	-0.71789077	-0.43152477	12.76742094	-0.72321278
-0.31239929	12.76447791	-0.67308379	-0.31422081	12.75645874	-0.67768500
0.87592761	12.90438679	-0.88961823	0.87355073	12.90630585	-0.88838802
0.77216825	12.96660511	-0.87871821	0.76943768	12.96802671	-0.87778991
0.88776876	12.91993375	-0.80010870	0.88493884	12.92194225	-0.79880658
0.78782238	12.98777418	-0.77298414	0.78453303	12.98929380	-0.77194297
0.67122087	13.03712779	-0.73585824	0.66737503	13.03798836	-0.73521636
0.64981930	13.01189719	-0.86603193	0.64677533	13.01269695	-0.86548747
0.88567530	12.91657584	-0.70778552	0.88253998	12.91860660	-0.70644454
0.80028988	12.98004261	-0.66586018	0.79655654	12.98162648	-0.66476727
0.69913777	13.02708942	-0.60740621	0.69479468	13.02809237	-0.60665520
0.99101539	12.69594442	-0.97041150	0.98996814	12.69844412	-0.96891758
0.94580328	12.81566747	-0.92614102	0.94401427	12.81793568	-0.92474395
1.01061627	12.69792356	-0.85793150	1.00922400	12.70054336	-0.85632861
0.96155616	12.82645715	-0.82827431	0.95936625	12.82883698	-0.82677279
0.99800069	12.69681415	-0.74452289	0.99622348	12.69937532	-0.74292238
0.95189607	12.82604739	-0.72881977	0.94934585	12.82839722	-0.72731792
0.52433264	13.05019135	-0.82566247	0.52082072	13.05025713	-0.82557370
0.55165251	13.07699025	-0.67553133	0.54722878	13.07711924	-0.67532337
0.41930493	13.10641002	-0.59951912	0.41414558	13.10559439	-0.59992406
0.39277679	13.07849330	-0.75217967	0.38863908	13.07761375	-0.75265922
0.58458219	13.06796498	-0.53636249	0.57948556	13.06825019	-0.53605519
0.45053887	13.09999656	-0.46048825	0.44465326	13.09936335	-0.46081236
-0.44314373	12.99260431	-0.55469137	-0.44822807	12.98321082	-0.56026325
-0.52368544	12.96791447	-0.56996943	-0.52841473	12.95759740	-0.57602936
-0.50103352	12.95743828	-0.61131313	-0.50539939	12.94733481	-0.61721654
-0.45854961	12.99866022	-0.49237735	-0.46407871	12.98915665	-0.49805355
-0.54790603	12.96871993	-0.52638927	-0.55290649	12.95818338	-0.53260421
-0.62822128	12.93589743	-0.55799516	-0.63267101	12.92441311	-0.56469492
-0.58949022	12.94023662	-0.58916037	-0.59380019	12.92914542	-0.59561769
-0.55068295	12.94101629	-0.61393949	-0.55485049	12.93033619	-0.62014737
-0.48654008	12.99418072	-0.43318402	-0.49236453	12.98444230	-0.43902701
-0.56371720	12.96418526	-0.47556731	-0.56897426	12.95353405	-0.48187693
-0.57966240	12.94924272	-0.42497227	-0.58506047	12.93849542	-0.43136392
-0.62191992	12.92839903	-0.45852105	-0.62689666	12.91714587	-0.46516641
-0.63205574	12.93212830	-0.50758758	-0.63676573	12.92067619	-0.51430500
-0.08874345	13.07469570	-0.47630410	-0.09508651	13.06915802	-0.47980274
-0.17794780	13.05345554	-0.49235257	-0.18402269	13.04697573	-0.49636006
-0.10822069	13.09146913	-0.38576773	-0.11540186	13.08563442	-0.38954270
-0.20664240	13.06866322	-0.40764335	-0.21345140	13.06187156	-0.41185668
-0.30176566	13.04457981	-0.44198073	-0.30807585	13.03681808	-0.44673605
-0.27032904	13.03251252	-0.51884698	-0.27604252	13.02503982	-0.52338290
-0.11015284	13.09926716	-0.29699805	-0.11775801	13.09356866	-0.30075841
-0.22087323	13.07435673	-0.32360365	-0.22815274	13.06753663	-0.32789047
-0.32527407	13.04685823	-0.36282610	-0.33205238	13.03892442	-0.36771873
1.02072665	12.00012344	-1.04511440	1.02371684	12.00285661	-1.04372186
1.03540075	12.14617213	-1.04230369	1.03759533	12.14897526	-1.04075306
1.02161885	11.95505822	-0.94024366	1.02441776	11.95773073	-0.93892195
1.04001921	12.10305239	-0.92802013	1.04203689	12.10582171	-0.92648180
1.04704613	12.32159170	-0.91146010	1.04784002	12.32440718	-0.90982377
1.03714340	12.35562933	-1.02789254	1.03810073	12.35841509	-1.02630693
0.99945512	11.93699766	-0.82267551	1.00187220	11.93946639	-0.82151599
1.02000153	12.08638244	-0.80538172	1.02165226	12.08895166	-0.80394679
1.02997090	12.30949205	-0.78724585	1.03042001	12.31214914	-0.78563943
1.02214989	12.54080245	-1.00363587	1.02201821	12.54347794	-1.00207842
1.03831791	12.52434801	-0.88748892	1.03792620	12.52710411	-0.88583890
1.02348317	12.51842830	-0.76621017	1.02273759	12.52109195	-0.76457140
-0.68258900	12.82538281	-0.67545893	-0.68507407	12.81310933	-0.68237267
-0.68665617	12.79508419	-0.68719826	-0.68872687	12.78274924	-0.69409662
-0.74299864	12.81206269	-0.59774128	-0.74580310	12.79919998	-0.60500980
-0.75060368	12.77526762	-0.60359342	-0.75295662	12.76230549	-0.61085343
-0.68669961	12.77164306	-0.68832348	-0.68849827	12.75930787	-0.69519104
-0.74815652	12.80296663	-0.49535172	-0.75151705	12.79025632	-0.50263899
-0.75826877	12.75703828	-0.49610324	-0.76112159	12.74421970	-0.50337212
-0.75869142	12.72124221	-0.49748408	-0.76113696	12.70841926	-0.50467471
-0.35875188	13.01306546	-0.53873479	-0.36415078	13.00461542	-0.54379980
-0.38162488	13.02230329	-0.46741734	-0.38754745	13.01365900	-0.47263124
-0.41048594	13.02083620	-0.39771796	-0.41679699	13.01195516	-0.40310974
-0.65172300	12.84958328	-0.32445711	-0.65666495	12.83824142	-0.33116199
-0.57490025	12.85967979	-0.25911013	-0.58034311	12.84925527	-0.26533618
-0.70181908	12.83902518	-0.40137068	-0.70618495	12.82701808	-0.40838583
-0.68035541	12.87013872	-0.41782772	-0.68494856	12.85832546	-0.42476322
-0.63034130	12.88304002	-0.34842956	-0.63549548	12.87187491	-0.35505455
-0.46307379	12.86099500	-0.19874576	-0.46887340	12.85181605	-0.20428556
-0.49767143	12.86878796	-0.72299558	-0.50033608	12.85862633	-0.72879292
-0.48949737	12.90225791	-0.69503131	-0.49272319	12.89221395	-0.70080715
-0.57392767	12.89551573	-0.68092641	-0.57716675	12.88449276	-0.68723185
-0.58652193	12.86582331	-0.70693322	-0.58925997	12.85462473	-0.71328887
-0.70642963	12.87194446	-0.58543388	-0.70998768	12.85952752	-0.59255823
-0.72840531	12.84285025	-0.59221766	-0.73159230	12.83016723	-0.59943969
-0.67151624	12.85466946	-0.66258408	-0.67441087	12.84254204	-0.66946796
-0.65353660	12.88343707	-0.64450867	-0.65686696	12.87154066	-0.65131199
-0.67709327	12.90339168	-0.57584963	-0.68106294	12.89132333	-0.58282724
-0.62953534	12.91197182	-0.61704317	-0.63335614	12.90039039	-0.62372674
-0.55947369	12.92290102	-0.64149457	-0.56326834	12.91208738	-0.64773684
-0.73311937	12.83732807	-0.49782239	-0.73684456	12.82477629	-0.50506770
-0.71066255	12.86703366	-0.50333684	-0.71468325	12.85471911	-0.51047990
-0.64966954	12.90330051	-0.44151027	-0.65447753	12.89177601	-0.44829832
-0.67904791	12.89939571	-0.51171252	-0.68337279	12.88741448	-0.51869420
-0.60416191	12.91922681	-0.38226278	-0.60949297	12.90828526	-0.38877117
-0.49013151	12.93371314	-0.65539341	-0.49395977	12.92369337	-0.66120090
0.09990588	13.08952650	-0.21184376	0.09213414	13.08601390	-0.21423886
0.07013513	13.12365835	-0.29968141	0.06246173	13.11979565	-0.30225085
0.10029318	13.11443196	-0.31165330	0.09282947	13.11087244	-0.31400812
0.13413403	13.07926943	-0.22067353	0.12656389	13.07608700	-0.22283667
0.05416695	13.12741935	-0.39496786	0.04699537	13.12336101	-0.39757216
0.08325478	13.11935034	-0.40914621	0.07632016	13.11561262	-0.41152503
0.10665159	13.10601769	-0.32087876	0.09934929	13.10252663	-0.32317741
0.13978469	13.07122592	-0.22650934	0.13234059	13.06809747	-0.22862514
0.11276445	13.11426018	-0.32152806	0.10540915	13.11082064	-0.32378918
0.14440828	13.07822231	-0.22114273	0.13688019	13.07513160	-0.22323611
0.09921176	13.11900024	-0.42486815	0.09242644	13.11542745	-0.42712136
0.14472572	13.12905425	-0.44749856	0.13805577	13.12590680	-0.44946103
0.16059186	13.12385517	-0.33579060	0.15333687	13.12085209	-0.33772778
0.19088676	13.08549889	-0.22894451	0.18339920	13.08280765	-0.23076279
0.18748441	12.91230128	-0.08380739	0.18078952	12.90969099	-0.08561195
0.14156840	13.02413357	-0.13375155	0.13403775	13.02105764	-0.13588689
0.17965992	13.01448806	-0.14259438	0.17230481	13.01174491	-0.14449622
0.22899246	12.90242979	-0.09453003	0.22247449	12.90018781	-0.09610067
0.19015409	13.01335311	-0.14238190	0.18282558	13.01069712	-0.14422010
0.24057749	12.90140208	-0.09727657	0.23409685	12.89925400	-0.09878518
0.23607401	13.01592536	-0.14679949	0.22879583	13.01367831	-0.14836718
0.28553860	12.89721317	-0.10073253	0.27915589	12.89543996	-0.10199940
0.32836561	12.71125336	-0.10125175	0.32366589	12.70988648	-0.10220426
0.28678306	12.72180767	-0.09904143	0.28194765	12.72010724	-0.10020807
0.36468821	12.51851626	-0.12872323	0.36182960	12.51752636	-0.12936349
0.32481540	12.53942726	-0.12604927	0.32173850	12.53810105	-0.12688612
0.27500672	12.72313860	-0.09489516	0.27013152	12.72134310	-0.09611898
0.31213672	12.54127966	-0.12172775	0.30901368	12.53985207	-0.12262209
0.26449627	12.55119596	-0.10604144	0.26119827	12.54936281	-0.10717877
0.23064164	12.73690101	-0.08119716	0.22555493	12.73471765	-0.08265559
0.25395379	12.76823952	-0.93184044	0.25280861	12.76675732	-0.93293929
0.23792654	12.83640446	-0.90811533	0.23618797	12.83472583	-0.90932683
0.21590528	12.83909822	-0.85059642	0.21391490	12.83714622	-0.85195723
0.23219904	12.78009206	-0.87330371	0.23072884	12.77830663	-0.87457591
0.21516054	12.90564416	-0.85912839	0.21272211	12.90369560	-0.86047032
0.19255119	12.90096826	-0.80511232	0.18986961	12.89873629	-0.80661080
0.19841614	12.89660961	-0.78709540	0.19567431	12.89438190	-0.78857403
0.23186780	12.78537968	-0.85277580	0.23028262	12.78355247	-0.85406582
0.19898782	12.83704750	-0.83750372	0.19696119	12.83488958	-0.83898734
0.20959516	12.78119379	-0.86012279	0.20809474	12.77916997	-0.86156703
0.18099359	12.89877090	-0.79616986	0.17828357	12.89638767	-0.79775019
0.13879016	12.90653098	-0.78420425	0.13596367	12.90373549	-0.78603323
0.15406520	12.84116983	-0.82186485	0.15193216	12.83858936	-0.82361550
0.16222232	12.77849416	-0.84279395	0.16067352	12.77601497	-0.84452634
0.26502537	12.69852224	-0.95538335	0.26451298	12.69707175	-0.95629534
0.24561969	12.72045310	-0.89665660	0.24469663	12.71882198	-0.89783778
0.24547449	12.73548239	-0.87474599	0.24436369	12.73380454	-0.87596822
0.26639301	12.70123638	-0.88647072	0.26558687	12.69976815	-0.88754087
0.22442011	12.72524943	-0.88632379	0.22346792	12.72338609	-0.88769492
0.17606795	12.71248956	-0.87233501	0.17518554	12.71016853	-0.87403404
0.27329628	12.31141683	-0.17061673	0.27247493	12.30972414	-0.17140360
0.27972102	12.40945437	-0.13756984	0.27778985	12.40784156	-0.13844183
0.32847141	12.41235062	-0.15155500	0.32661042	12.41120098	-0.15218835
0.32194389	12.34215459	-0.18328332	0.32088041	12.34098543	-0.18381806
0.33173805	12.42508877	-0.15890191	0.32980479	12.42395125	-0.15954110
0.34318023	12.40669394	-0.15592891	0.34141074	12.40568410	-0.15649410
0.33713118	12.33907945	-0.18794381	0.33613179	12.33814455	-0.18831010
0.38377033	12.37735058	-0.16224789	0.38231374	12.37675546	-0.16260324
0.05362121	13.10139618	-0.49906254	0.04738127	13.09737605	-0.50156552
0.08598643	13.09155462	-0.51038967	0.07996027	13.08788093	-0.51266880
0.06912226	13.05062031	-0.60484175	0.06404124	13.04685351	-0.60715880
0.10661439	13.03945608	-0.61269674	0.10171620	13.03609066	-0.61476509
0.09966543	13.08170261	-0.51599135	0.09378785	13.07817537	-0.51817706
0.10502995	13.08869347	-0.51572362	0.09910497	13.08521313	-0.51787708
0.12626123	13.03490439	-0.60741504	0.12140463	13.03173659	-0.60936015
0.15465249	13.04343255	-0.64449527	0.14998937	13.04057294	-0.64624586
0.14259845	13.09821458	-0.54519959	0.13684964	13.09511479	-0.54708718
0.18311982	12.97700379	-0.76032849	0.17965221	12.97460012	-0.76187166
0.15909416	12.96927024	-0.71411382	0.15541029	12.96657838	-0.71582711
0.14425916	12.97074878	-0.71467014	0.14054686	12.96790652	-0.71647475
0.10405420	12.98126237	-0.70606269	0.10018994	12.97801335	-0.70810602
0.32258570	13.07829345	-0.27408113	0.31562358	13.07670863	-0.27512207
0.36070994	13.00149247	-0.18825522	0.35398294	13.00025030	-0.18913319
0.39845485	12.87394580	-0.13972853	0.39260457	12.87305040	-0.14040955
0.28313146	12.97686307	-0.87268470	0.28027120	12.97544629	-0.87365038
0.31630798	12.90255534	-0.96040737	0.31431604	12.90151750	-0.96123167
0.25374383	13.04245407	-0.76238006	0.24983232	13.04064525	-0.76350566
0.06452292	12.92933753	-0.08597503	0.05759333	12.92561009	-0.08848770
0.03482594	13.03036664	-0.13434017	0.02714920	13.02630393	-0.13710431
0.01034408	13.09009919	-0.20753279	0.00245528	13.08572609	-0.21049193
0.04160897	12.98753460	-0.65163506	0.03736605	12.98357568	-0.65409979
0.01066715	13.04930440	-0.57701939	0.00538002	13.04492109	-0.57973660
0.07042760	12.91907632	-0.70332265	0.06708079	12.91551100	-0.70558199
0.43004641	12.68107228	-0.13728747	0.42584664	12.68048477	-0.13775572
0.45896054	12.47410934	-0.16379224	0.45666413	12.47383956	-0.16406135
0.33326621	12.82377363	-1.01185185	0.33203603	12.82295313	-1.01253692
0.33969073	12.74856908	-1.03954281	0.33900396	12.74773944	-1.04007951
0.47402862	12.33832725	-0.19957683	0.47308971	12.33830893	-0.19960148
0.34353673	12.68877407	-1.05657354	0.34335740	12.68798087	-1.05695274
0.13301851	12.44338720	-0.12220561	0.13074076	12.44036215	-0.12391018
0.12355092	12.59943981	-0.09490725	0.11973883	12.59632175	-0.09680897
0.09288777	12.72058922	-0.77230398	0.09150006	12.71735759	-0.77451871
0.08608247	12.78854410	-0.74851714	0.08403271	12.78521071	-0.75072415
0.09720105	12.77708530	-0.07757052	0.09167496	12.77369291	-0.07976782
0.08184036	12.85353808	-0.73058521	0.07919013	12.85012092	-0.73278874
0.26773667	13.12486912	-0.51403677	0.26173138	13.12284990	-0.51521823
0.25198481	13.09539033	-0.64081676	0.24697222	13.09337322	-0.64199646
0.29139736	13.11904817	-0.38763267	0.28471262	13.11717815	-0.38878856
-0.01528248	13.11599046	-0.38257620	-0.02255102	13.11116367	-0.38568195
-0.00804748	13.09365898	-0.48261966	-0.01441532	13.08898682	-0.48557236
-0.00688387	13.11774790	-0.29056979	-0.01463122	13.11312285	-0.29365530
0.89307307	11.98048231	-0.57985471	0.89406853	11.98190921	-0.57938233
0.81676000	12.01719950	-0.47386000	0.81676000	12.01719950	-0.47386000
0.94132858	11.95825487	-0.70505823	0.94308681	11.96028335	-0.70422128
0.92601636	12.02436324	-0.70957512	0.92751634	12.02634861	-0.70868698
0.88399916	12.06763338	-0.62463195	0.88488165	12.06923882	-0.62390059
0.80908677	12.12382956	-0.52278830	0.80934244	12.12476091	-0.52219885
0.98019065	11.95358564	-0.82686095	0.98254738	11.95597295	-0.82576866
1.00266840	11.97107682	-0.93675204	1.00537510	11.97365503	-0.93548818
0.96438091	12.08743831	-0.92061421	0.96644745	12.08981034	-0.91937020
0.94744650	12.05610617	-0.80445544	0.94922395	12.05833381	-0.80338215
1.00307631	12.01353723	-1.02935279	1.00593692	12.01616782	-1.02801441
0.96702518	12.08634707	-1.11690804	0.96980835	12.08879626	-1.11561049
0.93992025	12.14766461	-1.09511928	0.94228195	12.14994116	-1.09387514
0.96297856	12.12221525	-1.01811534	0.96521542	12.12460761	-1.01682089
0.88242952	12.19952457	-1.20993055	0.88487782	12.20144492	-1.20883058
0.75876183	12.34225472	-1.26383938	0.76046834	12.34327541	-1.26306279
0.75907975	12.37122450	-1.19227353	0.76037757	12.37230043	-1.19152239
0.87640244	12.24533789	-1.14737517	0.87837190	12.24722031	-1.14628526
0.60553343	12.48307408	-1.23780963	0.60599947	12.48309755	-1.23781132
0.47154586	12.61230192	-1.15323436	0.47158204	12.61216922	-1.15327489
0.49420000	12.61570000	-1.07906000	0.49420000	12.61570000	-1.07906000
0.61447000	12.50220000	-1.16283000	0.61447000	12.50220000	-1.16283000
0.38347871	12.64300243	-1.05182378	0.38352872	12.64258105	-1.05198554
0.33160294	12.63856182	-0.96199506	0.33160364	12.63769140	-0.96239439
0.37140000	12.64100070	-0.89641000	0.37140000	12.64100070	-0.89641000
0.41679000	12.64250090	-0.98287004	0.41679000	12.64250090	-0.98287004
0.30867761	12.66831015	-0.90596936	0.30820692	12.66722788	-0.90668150
0.30147330	12.69509102	-0.87972362	0.30066434	12.69394559	-0.88056093
0.32801859	12.68392831	-0.82102962	0.32703320	12.68288664	-0.82174752
0.33938337	12.66172944	-0.84682426	0.33862457	12.66095726	-0.84738437
0.29423206	12.68167493	-0.88477217	0.29358181	12.68047175	-0.88569683
0.25107138	12.66609004	-0.85898036	0.25044208	12.66439134	-0.86025253
0.28728286	12.66550963	-0.78696465	0.28627682	12.66401585	-0.78803037
0.32807056	12.67247333	-0.82018193	0.32719395	12.67142910	-0.82093351
0.13642863	12.68878765	-0.73781017	0.13511801	12.68589638	-0.73979315
-0.00597251	12.72660655	-0.60529503	-0.00807363	12.72213844	-0.60809531
-0.00955164	12.76444784	-0.52819976	-0.01243145	12.75991309	-0.53097785
0.15501342	12.70490232	-0.66087466	0.15319168	12.70205762	-0.66272577
-0.12964522	12.75657002	-0.54932400	-0.13220686	12.75069869	-0.55282668
-0.24039541	12.77668903	-0.55916718	-0.24308807	12.76955971	-0.56333801
-0.25398897	12.84472852	-0.50009113	-0.25780038	12.83746900	-0.50437313
-0.14154803	12.81559430	-0.47996685	-0.14516031	12.80960755	-0.48354210
-0.34548446	12.78667815	-0.62361182	-0.34786543	12.77832046	-0.62841916
-0.44294710	12.78834337	-0.69536538	-0.44486654	12.77885352	-0.70076579
-0.46410410	12.81529912	-0.64490079	-0.46665725	12.80559961	-0.65044051
-0.36245597	12.83913123	-0.57007359	-0.36576538	12.83061803	-0.57500906
-0.53061419	12.78486542	-0.72687917	-0.53227633	12.77432358	-0.73280968
-0.61028044	12.77613402	-0.71818683	-0.61191814	12.76465332	-0.72459600
-0.61111536	12.77886665	-0.68280637	-0.61301552	12.76741945	-0.68921752
-0.55530248	12.79157953	-0.67964216	-0.55736298	12.78078682	-0.68572467
-0.68572328	12.76312880	-0.66933482	-0.68754207	12.75083094	-0.67618129
-0.73738261	12.74436586	-0.59159195	-0.73945865	12.73157547	-0.59871215
-0.70258224	12.76317539	-0.56212832	-0.70506993	12.75084148	-0.56905927
-0.66259135	12.77432774	-0.63754699	-0.66473133	12.76234197	-0.64426219
-0.74419802	12.71734688	-0.49623262	-0.74661341	12.70468706	-0.50331660
-0.71675410	12.67279466	-0.40507535	-0.71935962	12.66065857	-0.41183562
-0.69526120	12.68094799	-0.41723114	-0.69786986	12.66900538	-0.42387889
-0.70903854	12.72624429	-0.47840627	-0.71168227	12.71401135	-0.48527222
-0.66654069	12.60286128	-0.33890381	-0.66885353	12.59137242	-0.34520407
-0.59001961	12.54925638	-0.28626561	-0.59208161	12.53864027	-0.29205062
-0.57615147	12.60933018	-0.31786001	-0.57864927	12.59880409	-0.32367760
-0.65376920	12.64580949	-0.37148870	-0.65631286	12.63438396	-0.37780998
-0.48449789	12.55407561	-0.23461586	-0.48691119	12.54465586	-0.23981559
-0.35698709	12.54518471	-0.19278926	-0.35960722	12.53718816	-0.19727900
-0.34287876	12.59981993	-0.22169065	-0.34587875	12.59193217	-0.22616924
-0.46933687	12.61246498	-0.26460672	-0.47218343	12.60315315	-0.26982596
-0.21178166	12.45458073	-0.17118340	-0.21373125	12.44813890	-0.17477218
-0.05296821	12.35333863	-0.16903453	-0.05408141	12.34848646	-0.17166226
-0.05532307	12.42259449	-0.20118529	-0.05690512	12.41769627	-0.20390024
-0.20453964	12.51764281	-0.20046552	-0.20692565	12.51124288	-0.20408671
0.11372085	12.30831871	-0.18022354	0.11301972	12.30504873	-0.18189096
0.24458470	12.30210288	-0.19880054	0.24399988	12.30009393	-0.19973975
0.22085991	12.35890047	-0.25279584	0.21999723	12.35659775	-0.25394283
0.09998321	12.37398037	-0.22322752	0.09889100	12.37054694	-0.22504405
0.29196055	12.34139608	-0.21783001	0.29108175	12.33987964	-0.21853953
0.27235963	12.42220448	-0.28973930	0.27100821	12.42038462	-0.29070589
0.26636926	12.39388748	-0.27570819	0.26523573	12.39202166	-0.27666286
0.30353081	12.33400175	-0.22891666	0.30264488	12.33270823	-0.22947687
0.34620000	12.27620000	-0.23202000	0.34620000	12.27620000	-0.23202000
0.31238695	12.31976217	-0.29724991	0.31178816	12.31839092	-0.29785341
0.27436490	12.38083263	-0.28994005	0.27329016	12.37904259	-0.29081034
0.44425997	12.21770000	-0.27141000	0.44425997	12.21770000	-0.27141000
0.57587000	12.16340070	-0.32883000	0.57587000	12.16340070	-0.32883000
0.56729696	12.24417468	-0.38186388	0.56707493	12.24428735	-0.38175210
0.42433010	12.28148189	-0.33011802	0.42403644	12.28101028	-0.33031889
0.70622003	12.08180000	-0.39380000	0.70622003	12.08180000	-0.39380000
0.69972909	12.18691823	-0.44421817	0.69967832	12.18747064	-0.44389040
0.77051284	12.40591931	-1.04138241	0.77121814	12.40722348	-1.04064370
0.88080216	12.26297340	-1.03689418	0.88232011	12.26490698	-1.03580677
0.78587269	12.39060012	-0.85255344	0.78614927	12.39199811	-0.85174284
0.88694117	12.24217133	-0.89642446	0.88812558	12.24413016	-0.89534683
0.79814001	12.27583513	-0.66482090	0.79836770	12.27718007	-0.66402775
0.88548936	12.16782511	-0.74513374	0.88651389	12.16968993	-0.74415035
0.52882139	12.60996527	-0.90275250	0.52834396	12.61014328	-0.90268565
0.64654680	12.52793179	-0.98770171	0.64649293	12.52851248	-0.98738284
0.55563030	12.53994073	-0.69117385	0.55473029	12.54006902	-0.69109860
0.67388953	12.48661418	-0.77694124	0.67348330	12.48741044	-0.77647128
0.56424985	12.38770905	-0.51038806	0.56362728	12.38781327	-0.51029279
0.68937796	12.34797695	-0.58452270	0.68905956	12.34874165	-0.58404138
-0.26876522	12.84009852	-0.41549967	-0.27306265	12.83273772	-0.41985860
-0.15942332	12.80824628	-0.39359292	-0.16349129	12.80209882	-0.39727068
-0.28872996	12.78261525	-0.32850751	-0.29294924	12.77515536	-0.33292113
-0.17838381	12.74390382	-0.30905248	-0.18233497	12.73764603	-0.31277591
-0.05318113	12.68828518	-0.33742637	-0.05644847	12.68331603	-0.34038484
-0.03103731	12.75538690	-0.43310108	-0.03439898	12.75063682	-0.43598339
-0.31719807	12.69076809	-0.26563721	-0.32085633	12.68309322	-0.27009968
-0.19362487	12.63003161	-0.24599569	-0.19683234	12.62368916	-0.24968607
-0.05836246	12.55650487	-0.25913656	-0.06086535	12.55153523	-0.26200447
-0.59623603	12.81000241	-0.60034126	-0.59901434	12.79882290	-0.60668342
-0.63362995	12.80210439	-0.50993926	-0.63689729	12.79063078	-0.51648075
-0.53574552	12.83062155	-0.44524507	-0.53974571	12.82033371	-0.45120980
-0.49907905	12.84462794	-0.54968361	-0.50257058	12.83461416	-0.55545121
-0.64751886	12.72963553	-0.43053218	-0.65053895	12.71816326	-0.43700617
-0.56023345	12.72766147	-0.36841305	-0.56363085	12.71722035	-0.37435075
-0.38610516	12.85368311	-0.47726761	-0.39015650	12.84499901	-0.48235438
-0.41430241	12.81783691	-0.37897552	-0.41858249	12.80896441	-0.38418513
-0.44432283	12.71906868	-0.31009476	-0.44799197	12.70995252	-0.31533931
0.27893686	12.62040499	-0.66416662	0.27764631	12.61857247	-0.66535267
0.32194019	12.62132226	-0.68541633	0.32073498	12.61989095	-0.68637457
0.25164267	12.55046270	-0.51477495	0.25029204	12.54831423	-0.51604751
0.29832080	12.55394581	-0.52235245	0.29696938	12.55222508	-0.52338555
0.29984629	12.57220990	-0.50660142	0.29824291	12.57049759	-0.50762390
0.32099467	12.63546326	-0.67674779	0.31961064	12.63401054	-0.67769176
0.32995695	12.61880199	-0.69894901	0.32873990	12.61743133	-0.69985440
0.30384512	12.55829586	-0.52122028	0.30239092	12.55662072	-0.52221791
0.33905069	12.54124104	-0.56036500	0.33785253	12.53984582	-0.56121428
0.36220722	12.60258948	-0.74775315	0.36126001	12.60145683	-0.74849730
0.31561222	12.42535882	-0.40770982	0.31457650	12.42380812	-0.40854076
0.27937861	12.46957876	-0.38640174	0.27798625	12.46775516	-0.38742811
0.27394884	12.47309200	-0.38174619	0.27259263	12.47121529	-0.38280163
0.22725927	12.45439316	-0.36769461	0.22602122	12.45207790	-0.36897137
0.43370342	12.54699177	-0.61797435	0.43259344	12.54630267	-0.61840525
0.43144482	12.61674578	-0.81871294	0.43073860	12.61626446	-0.81901312
0.42528058	12.40527849	-0.44997282	0.42448114	12.40457407	-0.45033871
0.11317515	12.60635863	-0.43014297	0.11103737	12.60299127	-0.43215593
0.13963783	12.67877520	-0.55198850	0.13749885	12.67565796	-0.55390242
0.09914835	12.48857087	-0.31336004	0.09746762	12.48506917	-0.31532360
0.09171939	13.11070047	-0.42047959	0.08496766	13.10705817	-0.42278465
0.18407851	13.00841060	-0.14938120	0.17682747	13.00570008	-0.15125216
0.23228135	12.89913880	-0.10370419	0.22585065	12.89691852	-0.10525485
0.27812838	12.72254000	-0.10523137	0.27331414	12.72076491	-0.10643816
0.31546875	12.54569258	-0.13152296	0.31235881	12.54428181	-0.13240712
0.21896133	12.83802618	-0.82968955	0.21688224	12.83604763	-0.83104970
0.32546996	12.36472493	-0.19061045	0.32422533	12.36359052	-0.19115058
0.12507211	13.02954408	-0.61029671	0.12027377	13.02636688	-0.61225204
0.16255986	12.96426228	-0.70729971	0.15887489	12.96158715	-0.70900107
0.90689218	11.97541119	-0.56589701	0.90783629	11.97685299	-0.56537632
0.82629854	12.01979490	-0.45650448	0.82621091	12.01980465	-0.45649192
0.95899543	11.94454175	-0.69589789	0.96077137	11.94662421	-0.69500506
0.76279651	12.34099611	-1.27920814	0.76456486	12.34203638	-1.27841663
0.46193353	12.61789685	-1.16714411	0.46197005	12.61774391	-1.16720940
0.35376531	12.65120583	-1.06192109	0.35377730	12.65053698	-1.06220666
0.28600852	12.64881419	-0.96842736	0.28593868	12.64754555	-0.96910262
0.26730261	12.67689712	-0.91039155	0.26678069	12.67543593	-0.91135736
0.25107187	12.68657438	-0.90024925	0.25051002	12.68495609	-0.90147666
0.20323977	12.66707194	-0.88600178	0.20277852	12.66499693	-0.88758057
0.10785019	12.67789426	-0.77708300	0.10683013	12.67480501	-0.77924743
-0.00875693	12.69767637	-0.65338891	-0.01037112	12.69324192	-0.65625626
-0.22407828	12.71443132	-0.59864205	-0.22583160	12.70746320	-0.60270134
-0.33026051	12.74541778	-0.65359365	-0.33198450	12.73720625	-0.65829154
-0.51768619	12.79054472	-0.74870240	-0.51925967	12.78013955	-0.75456195
-0.60014185	12.78796112	-0.74044971	-0.60176766	12.77657416	-0.74681173
-0.74948534	12.74781452	-0.60364467	-0.75152052	12.73485894	-0.61084974
-0.21591390	12.46431029	-0.14943310	-0.21807047	12.45784830	-0.15305022
0.12865521	12.32592692	-0.15495196	0.12764712	12.32282687	-0.15655239
0.29695944	12.36977165	-0.23046958	0.29583142	12.36830180	-0.23119094
0.37977367	12.29191221	-0.19466695	0.37944700	12.29167377	-0.19459820
0.46771231	12.23734797	-0.23798311	0.46757286	12.23733532	-0.23789312
0.71352878	12.09266468	-0.37161655	0.71346989	12.09275300	-0.37159993
0.27822977	12.49677326	-0.37991251	0.27663864	12.49493920	-0.38096988
0.55392146	12.78005693	-0.54052766	0.55092464	12.78019319	-0.54041452
0.25729679	12.96974410	-0.54382570	0.25272842	12.96769567	-0.54506244
-0.03015448	12.94920502	-0.29503400	-0.03616159	12.94441183	-0.29807560
0.03148310	13.03700226	-0.33789827	0.02485111	13.03276013	-0.34062691
0.26917225	12.85154555	-0.30770064	0.26431752	12.84961805	-0.30895173
-0.02180654	12.92049474	-0.45279111	-0.02661949	12.91577129	-0.45572043
0.06371758	13.00759866	-0.44398180	0.05806470	13.00370758	-0.44642487
0.34107520	12.81213638	-0.70196299	0.33857818	12.81097258	-0.70271776
0.08635410	12.99658005	-0.20517013	0.07945209	12.99296603	-0.20757675
0.20091852	12.79247206	-0.81018082	0.19909264	12.79029243	-0.81167954
0.30082528	12.74166911	-0.54260733	0.29804790	12.73996198	-0.54366949
0.30599193	12.87488056	-0.85128572	0.30375615	12.87366496	-0.85215885
0.37782025	12.42840146	-0.25109689	0.37623870	12.42754162	-0.25163786
0.18764881	13.02128877	-0.46488363	0.18211716	13.01859041	-0.46656296
0.45870204	12.68055743	-0.67091397	0.45692778	12.68010643	-0.67118979
0.68038418	12.75922875	-0.76679302	0.67852118	12.76016948	-0.76620497
0.26604258	12.92346035	-0.21422040	0.26004387	12.92148907	-0.21555070
-0.48183095	12.82376634	-0.29665752	-0.48666794	12.81427452	-0.30227244
0.08053262	13.04764719	-0.27555229	0.07351800	13.04393748	-0.27800522
0.28842537	12.93072764	-0.69903675	0.28499270	12.92912333	-0.70004038
-0.56667355	12.81574412	-0.34032308	-0.57116076	12.80528269	-0.34644818
0.16548181	13.00493916	-0.34866571	0.15939167	13.00204257	-0.35053508
0.27020100	12.44292204	-0.21117707	0.26832555	12.44113842	-0.21215810
0.05134865	13.06036246	-0.39834951	0.04488530	13.05632644	-0.40092374
0.15260866	13.04838716	-0.50919102	0.14706640	13.04538040	-0.51104867
0.22417533	12.59128735	-0.25923545	0.22127282	12.58899555	-0.26062039
0.12401230	12.90497770	-0.53042698	0.11986560	12.90172307	-0.53244033
0.25418185	12.87448216	-0.84419967	0.25190664	12.87283072	-0.84535044
0.26478464	12.82476659	-0.84686478	0.26287792	12.82321734	-0.84796283
0.18204318	12.99560754	-0.56260105	0.17731680	12.99291387	-0.56425250
0.32743609	12.78758841	-0.20822219	0.32265437	12.78615091	-0.20919333
0.47697507	12.58935344	-0.43559612	0.47488722	12.58899959	-0.43582578
0.29385586	12.74907891	-0.89747783	0.29271512	12.74790756	-0.89837443
0.12255810	12.93320693	-0.66519136	0.11890247	12.93010525	-0.66715179
0.37951422	12.37009897	-0.22656042	0.37838151	12.36944415	-0.22696152
0.34076758	12.47187302	-0.32025151	0.33911098	12.47059683	-0.32099731
0.13956298	12.84038710	-0.20748438	0.13419796	12.83728149	-0.20948032
0.38056330	12.72617177	-0.91451708	0.37965637	12.72575190	-0.91492542
0.28155654	12.77923685	-0.85986969	0.28003799	12.77786375	-0.86086511
0.07091900	13.07834592	-0.30892875	0.06376525	13.07450384	-0.31145018
0.38427276	12.59877302	-0.25407981	0.38127284	12.59780873	-0.25471416
0.19144735	12.83638925	-0.78730962	0.18918133	12.83409057	-0.78885011
0.41644821	12.70884675	-0.83078991	0.41528138	12.70840088	-0.83110246
0.81167922	12.76095376	-0.85835142	0.81001022	12.76251689	-0.85739801
0.55336810	12.79554963	-0.92649218	0.55201983	12.79594388	-0.92637610
0.30191798	12.67198925	-0.20993120	0.29809900	12.67035917	-0.21097802
0.20460512	12.74081402	-0.19780740	0.20009720	12.73833935	-0.19938743
