0.84755431	12.73842896	-0.41998818	0.84692527	12.73875630	-0.41985066
0.81814857	12.87649697	-0.44878242	0.81739603	12.87679929	-0.44866388
0.89484372	12.83550828	-0.54669247	0.89421108	12.83587368	-0.54650981
0.92733883	12.70242161	-0.53199168	0.92682982	12.70281028	-0.53178963
0.77543383	12.96717222	-0.50924829	0.77463180	12.96743373	-0.50915821
0.85608652	12.92143208	-0.58975563	0.85539941	12.92176425	-0.58959851
0.90582343	12.87873991	-0.64989601	0.90522942	12.87911348	-0.64970293
0.94446286	12.80899862	-0.64404540	0.94393350	12.80940354	-0.64382655
0.97894524	12.68000414	-0.64491372	0.97853346	12.68043315	-0.64467535
0.71631311	12.76710934	-1.16406200	0.71616899	12.76726525	-1.16399789
0.83872077	12.71704673	-1.14194703	0.83859527	12.71731548	-1.14181034
0.80661122	12.82350572	-1.07330058	0.80635627	12.82375855	-1.07318333
0.68434644	12.86929018	-1.09046056	0.68407298	12.86944075	-1.09042439
0.93980768	12.68374575	-1.07885731	0.93966928	12.68411435	-1.07865593
0.90611073	12.79476475	-1.02030186	0.90584184	12.79510842	-1.02011692
0.86609877	12.86315166	-0.96984708	0.86574377	12.86346655	-0.96968646
0.78720503	12.90375415	-0.98547327	0.78683364	12.90400972	-0.98536674
0.66505601	12.94925338	-0.99131152	0.66465092	12.94940896	-0.99128369
0.59179466	12.83489357	-0.20897679	0.59091372	12.83500781	-0.20903280
0.57297562	12.97174704	-0.25684321	0.57197725	12.97183340	-0.25692354
0.70741945	12.92454369	-0.34906155	0.70654183	12.92475366	-0.34903218
0.72945536	12.78525978	-0.30849895	0.72869951	12.78549253	-0.30845209
0.54222524	13.05792369	-0.34141919	0.54119421	13.05796981	-0.34152398
0.67101894	13.01471945	-0.42501812	0.67009946	13.01488874	-0.42501580
0.46586406	12.88125061	-1.06449825	0.46557492	12.88121089	-1.06460316
0.59255656	12.82750598	-1.13688441	0.59234923	12.82756523	-1.13691158
0.56119956	12.91984789	-1.06457185	0.56086946	12.91989541	-1.06461391
0.43656415	12.96362763	-0.99001407	0.43613003	12.96356452	-0.99014136
0.54019900	12.99442517	-0.96302336	0.53971885	12.99446604	-0.96307806
0.41482588	13.03292018	-0.88750225	0.41422343	13.03283283	-0.88765451
-0.01860245	12.98735468	-0.06856279	-0.01971758	12.98685433	-0.06903420
-0.14688458	12.99869713	-0.09061247	-0.14798684	12.99807673	-0.09115580
-0.14949357	13.07210274	-0.13720996	-0.15063211	13.07147998	-0.13775596
-0.02488094	13.07464365	-0.11258499	-0.02604985	13.07413643	-0.11306245
-0.26551548	13.00007608	-0.12686575	-0.26659027	12.99935695	-0.12746575
-0.26658428	13.06149643	-0.17531227	-0.26768529	13.06077581	-0.17591378
-0.26786804	13.10271305	-0.24084236	-0.26896899	13.10199198	-0.24144383
-0.15157236	13.11898874	-0.20342170	-0.15271699	13.11836304	-0.20396935
-0.02995764	13.12861717	-0.17851852	-0.03113704	13.12810415	-0.17900164
0.02679699	12.97313473	-0.59321759	0.02598566	12.97264938	-0.59367592
0.01157827	13.03552115	-0.56771332	0.01069668	13.03502282	-0.56817753
-0.06932827	13.03741543	-0.55709468	-0.07021953	13.03685010	-0.55760083
-0.05502212	12.98121075	-0.57270827	-0.05585599	12.98065827	-0.57320708
-0.00812089	13.08953120	-0.52033718	-0.00907631	13.08901568	-0.52081274
-0.09098360	13.08371451	-0.52141077	-0.09193263	13.08313021	-0.52192787
-0.18440044	13.07644889	-0.53751367	-0.18533714	13.07579113	-0.53807516
-0.16172539	13.03544660	-0.57340609	-0.16261233	13.03480774	-0.57395708
-0.14696978	12.98424258	-0.59081337	-0.14780740	12.98361851	-0.59135830
0.98704067	12.29083712	-0.67080496	0.98700332	12.29124899	-0.67056055
0.96710658	12.07174714	-0.68686034	0.96727362	12.07213052	-0.68665619
0.91389975	12.09813184	-0.55176519	0.91392991	12.09841384	-0.55160043
0.92789965	12.30526826	-0.53594238	0.92775894	12.30560912	-0.53574859
0.83545467	12.14753299	-0.43087814	0.83538334	12.14770148	-0.43077539
0.84206024	12.33013725	-0.41091354	0.84184021	12.33040318	-0.41077676
0.98014846	12.38190597	-1.14045712	0.98031750	12.38232308	-1.14022664
0.88513227	12.44201556	-1.20978208	0.88527113	12.44233034	-1.20960825
0.88127005	12.28252780	-1.23458128	0.88158477	12.28284347	-1.23440593
0.97349697	12.19058475	-1.15578209	0.97386597	12.19100258	-1.15555756
0.75754945	12.51758914	-1.23896300	0.75759897	12.51774885	-1.23886321
0.75440994	12.39741231	-1.27034721	0.75461382	12.39757716	-1.27024121
0.86948334	12.17779849	-1.24243977	0.86991703	12.17810336	-1.24227192
0.95502416	12.05592995	-1.15392888	0.95551997	12.05633493	-1.15372292
0.99213042	12.49999174	-0.65611283	0.99189302	12.50042360	-0.65586438
0.93502283	12.51577592	-0.52987275	0.93469187	12.51615563	-0.52966259
0.85029827	12.54399188	-0.40826175	0.84986736	12.54431059	-0.40811495
0.86790930	12.58839459	-1.18308908	0.86789763	12.58867883	-1.18293319
0.96701774	12.54623717	-1.11693653	0.96702092	12.54663411	-1.11671562
0.74258275	12.64537488	-1.20840646	0.74254242	12.64552797	-1.20831864
0.59793780	12.42079601	-0.22605929	0.59756322	12.42092891	-0.22607108
0.59694692	12.63555904	-0.20381036	0.59628443	12.63568624	-0.20384930
0.73078162	12.58627337	-0.29759585	0.73023705	12.58650524	-0.29754133
0.72561958	12.37189425	-0.30840175	0.72532175	12.37208792	-0.30834319
0.46846061	12.70452894	-1.15101843	0.46840160	12.70448654	-1.15105108
0.61195461	12.61503809	-1.21946019	0.61194177	12.61505835	-1.21944638
0.60840909	12.71939773	-1.18610008	0.60833514	12.71945137	-1.18609885
0.47288777	12.78848386	-1.11768040	0.47271997	12.78844904	-1.11775385
0.58637295	12.17500680	-0.30181721	0.58634637	12.17503672	-0.30181420
0.59617445	12.28135722	-0.26262170	0.59599894	12.28146421	-0.26260961
0.72251265	12.21691029	-0.33762414	0.72238324	12.21704849	-0.33757592
0.60101408	12.48682623	-1.25185128	0.60109293	12.48682932	-1.25186033
0.60696642	12.53427847	-1.24358923	0.60700495	12.53429215	-1.24359328
0.46260199	12.64883132	-1.16652146	0.46258576	12.64878541	-1.16653571
-0.00942261	12.70954140	-0.06750363	-0.01027261	12.70905372	-0.06796147
-0.15822347	12.77760349	-0.07491157	-0.15913532	12.77696975	-0.07545912
-0.14863772	12.90047107	-0.07235538	-0.14966170	12.89984866	-0.07289905
-0.01036175	12.86395605	-0.05681122	-0.01136880	12.86346421	-0.05727669
-0.29420577	12.82847336	-0.09950205	-0.29514484	12.82772554	-0.10011898
-0.27583548	12.92363413	-0.10330372	-0.27685688	12.92290444	-0.10390891
0.02295265	12.84358582	-0.62250609	0.02226017	12.84309851	-0.62298839
0.02907027	12.90901731	-0.60974018	0.02832156	12.90853402	-0.61020273
-0.05200899	12.91940326	-0.58202776	-0.05278377	12.91885506	-0.58252485
-0.06009921	12.85459512	-0.58599824	-0.06081244	12.85404542	-0.58650008
-0.14370445	12.92694498	-0.59902816	-0.14449147	12.92632777	-0.59957273
-0.15334575	12.86614613	-0.59786501	-0.15408161	12.86552684	-0.59842128
-0.03754646	12.41377077	-0.12186455	-0.03803827	12.41325840	-0.12230380
-0.17884542	12.63044650	-0.09290048	-0.17960477	12.62979535	-0.09345820
-0.02337447	12.53892098	-0.09147131	-0.02402734	12.53842437	-0.09191850
-0.33031540	12.62298622	-0.13173200	-0.33106221	12.62220828	-0.13237272
-0.31682468	12.71070820	-0.11148513	-0.31765750	12.70994067	-0.11211649
0.01287397	12.77730895	-0.63431130	0.01222130	12.77682178	-0.63480694
-0.07936833	12.78822179	-0.58312427	-0.08002615	12.78766800	-0.58364615
-0.09716071	12.76122131	-0.56300826	-0.09781316	12.76065525	-0.56354193
-0.17733042	12.80366607	-0.58584363	-0.17802140	12.80303353	-0.58642354
-0.38769885	12.99705226	-0.17604210	-0.38873771	12.99624006	-0.17669333
-0.37995739	13.04730453	-0.22176817	-0.38101431	13.04649992	-0.22241531
-0.49743906	12.99020626	-0.23254385	-0.49843673	12.98932499	-0.23322995
-0.47778404	13.03106133	-0.27352379	-0.47879699	13.03019126	-0.27420365
-0.45576858	13.06440190	-0.32378868	-0.45678786	13.06354678	-0.32446008
-0.37012027	13.08443735	-0.28091297	-0.37118104	13.08363965	-0.28155742
-0.26600573	13.03311465	-0.59284607	-0.26688856	13.03239988	-0.59344270
-0.25157714	12.98792161	-0.61781821	-0.25241647	12.98722150	-0.61841168
-0.28629847	13.06950828	-0.55238513	-0.28722474	13.06877575	-0.55298956
-0.38090378	13.06090628	-0.56089742	-0.38182373	13.06011769	-0.56153153
-0.36599496	13.02970486	-0.60578473	-0.36687788	13.02893231	-0.60641366
-0.35635669	12.99139486	-0.63963706	-0.35720487	12.99063570	-0.64026544
-0.25289345	12.93942625	-0.63366730	-0.25369195	12.93872992	-0.63426547
-0.36382491	12.95250033	-0.66441716	-0.36463980	12.95174605	-0.66505496
-0.37857430	12.91519438	-0.67852438	-0.37936837	12.91443843	-0.67917270
-0.26559618	12.88993516	-0.63820790	-0.26635955	12.88923646	-0.63882155
-0.54149231	12.88444041	-0.19201271	-0.54243194	12.88353654	-0.19270922
-0.56131621	12.76243805	-0.19771749	-0.56217789	12.76153053	-0.19840985
-0.63750926	12.79928292	-0.25512229	-0.63838523	12.79833761	-0.25583684
-0.61954258	12.89530436	-0.25419808	-0.62047008	12.89436360	-0.25491378
-0.56922464	12.65776155	-0.21514164	-0.57002247	12.65685325	-0.21581329
-0.64470526	12.71668478	-0.26712727	-0.64554095	12.71574247	-0.26781961
-0.69327280	12.78656871	-0.33713243	-0.69413158	12.78560043	-0.33786309
-0.68707128	12.83887819	-0.33123418	-0.68795406	12.83791056	-0.33196407
-0.67114802	12.90200881	-0.33273486	-0.67206066	12.90104770	-0.33346013
-0.45966657	12.64764513	-0.16738067	-0.46044424	12.64679466	-0.16804284
-0.44866936	12.74383067	-0.14824011	-0.44952145	12.74297948	-0.14891125
-0.42673145	12.86316497	-0.13972786	-0.42767665	12.86232557	-0.14039482
-0.47447384	12.93096189	-0.68936995	-0.47528922	12.93017473	-0.69005440
-0.48140565	12.90396529	-0.69996897	-0.48221053	12.90318481	-0.70066610
-0.39071593	12.88189336	-0.68037890	-0.39149245	12.88113564	-0.68103617
-0.56105653	12.93618137	-0.66935273	-0.56189157	12.93536469	-0.67005399
-0.56584251	12.90950248	-0.68416321	-0.56666550	12.90869506	-0.68487409
-0.40151578	12.86508939	-0.66997955	-0.40228520	12.86432427	-0.67064713
-0.28525858	12.84174112	-0.63038221	-0.28599074	12.84103267	-0.63101841
0.89638294	12.88662951	-0.90109587	0.89595866	12.88697693	-0.90091363
0.79597134	12.95322905	-0.88745121	0.79548137	12.95349579	-0.88733398
0.91242834	12.90116121	-0.81233845	0.91192611	12.90152834	-0.81214548
0.81682582	12.97327002	-0.78289625	0.81624008	12.97355958	-0.78276253
0.70581704	13.02845681	-0.74209169	0.70513234	13.02864721	-0.74203852
0.67675067	13.00412641	-0.87120993	0.67619728	13.00429480	-0.87116838
0.91315153	12.89743195	-0.72043524	0.91259139	12.89780708	-0.72023792
0.83348353	12.96470244	-0.67633306	0.83282056	12.96501218	-0.67619057
0.73832906	13.01685389	-0.61478472	0.73755663	13.01707705	-0.61471637
0.99926405	12.67348923	-0.98394176	0.99907978	12.67392383	-0.98369839
0.96076973	12.79497125	-0.93906199	0.96045011	12.79537293	-0.93883838
1.02194297	12.67416250	-0.87251595	1.02168858	12.67462266	-0.87225249
0.98015737	12.80452942	-0.84220904	0.97976567	12.80495503	-0.84196943
1.01284588	12.67329803	-0.75920779	1.01251834	12.67375395	-0.75894824
0.97384138	12.80417346	-0.74284320	0.97338252	12.80459908	-0.74260604
0.55601282	13.04898693	-0.82660155	0.55536251	13.04903801	-0.82664978
0.59200536	13.07485789	-0.67779954	0.59120976	13.07493649	-0.67783823
0.46753021	13.11293808	-0.59583391	0.46661932	13.11289026	-0.59597630
0.43103433	13.08608047	-0.74772899	0.43026309	13.08599626	-0.74788063
0.63146972	13.06404310	-0.53961953	0.63058032	13.06416569	-0.53964016
0.50576571	13.10424899	-0.45762505	0.50476349	13.10424821	-0.45775047
-0.38944515	13.07839221	-0.50300256	-0.39040017	13.07759081	-0.50364199
-0.47287680	13.06004028	-0.51548190	-0.47381468	13.05920057	-0.51614576
-0.45295607	13.04864121	-0.55786033	-0.45387083	13.04781871	-0.55851760
-0.40151258	13.08446870	-0.43996393	-0.40249573	13.08365435	-0.44061159
-0.49504143	13.06192395	-0.47095263	-0.49599727	13.06106603	-0.47162442
-0.57936109	13.03557932	-0.49998651	-0.58029213	13.03468531	-0.50067913
-0.54175022	13.03757912	-0.53257536	-0.54267049	13.03671047	-0.53325673
-0.50405693	13.03596214	-0.55882566	-0.50496530	13.03511670	-0.55949570
-0.42699590	13.08104055	-0.37974411	-0.42800478	13.08020638	-0.38040355
-0.50885290	13.05769623	-0.41958920	-0.50982500	13.05682284	-0.42026815
-0.52375649	13.04315839	-0.36868103	-0.52474029	13.04227160	-0.36936709
-0.56928711	13.02618441	-0.40093941	-0.57024424	13.02527658	-0.40163549
-0.58118609	13.03134338	-0.44951061	-0.58213206	13.03043791	-0.45020697
-0.02399990	13.12849240	-0.43840052	-0.02503289	13.12796636	-0.43888525
-0.11554148	13.11592174	-0.45084858	-0.11655376	13.11531735	-0.45137908
-0.03353172	13.15008752	-0.34305236	-0.03463608	13.14956125	-0.34354205
-0.13650202	13.13363942	-0.36431783	-0.13757370	13.13302025	-0.36485946
-0.23745962	13.11634181	-0.39531099	-0.23849405	13.11564184	-0.39589834
-0.21139337	13.10285265	-0.47371676	-0.21238034	13.10217438	-0.47429113
-0.03417608	13.15196629	-0.25587612	-0.03533197	13.15144519	-0.25636451
-0.14790420	13.13706996	-0.28049883	-0.14902365	13.13644520	-0.28104538
-0.25731487	13.11863354	-0.31575349	-0.25839203	13.11792067	-0.31635024
0.99290066	11.97711311	-1.05753388	0.99341946	11.97756023	-1.05732223
1.01484918	12.12208856	-1.05550298	1.01522725	12.12255058	-1.05525895
0.99531492	11.93221816	-0.95214532	0.99581375	11.93266209	-0.95194278
1.02060130	12.07893123	-0.94125782	1.02094951	12.07939611	-0.94101362
1.03878491	12.29674285	-0.92577007	1.03891305	12.29722020	-0.92549850
1.02764782	12.33126102	-1.04173979	1.02781165	12.33172671	-1.04147752
0.97634048	11.91559223	-0.83324617	0.97677150	11.91600452	-0.83306669
1.00363974	12.06364795	-0.81787707	1.00391749	12.06408681	-0.81764829
1.02467184	12.28570938	-0.80144074	1.02472988	12.28616821	-0.80117404
1.02229587	12.51705642	-1.01750253	1.02227238	12.51751268	-1.01724395
1.04064244	12.49969431	-0.90225065	1.04056394	12.50016932	-0.90197487
1.02899477	12.49430832	-0.78099641	1.02884409	12.49477370	-0.78072408
-0.64704664	12.93080948	-0.61684849	-0.64790154	12.92992288	-0.61756779
-0.65383834	12.90102195	-0.62880550	-0.65467638	12.90013595	-0.62953151
-0.70478335	12.92051699	-0.53696251	-0.70565626	12.91958059	-0.53769435
-0.71524022	12.88433090	-0.54297065	-0.71609502	12.88339192	-0.54370979
-0.65564889	12.87762465	-0.63022552	-0.65647555	12.87673958	-0.63095683
-0.70634360	12.91069062	-0.43469805	-0.70723574	12.90973469	-0.43543006
-0.71980342	12.86559311	-0.43564126	-0.72067764	12.86463496	-0.43637906
-0.72274522	12.82989451	-0.43739122	-0.72360612	12.82893743	-0.43813280
-0.30257970	13.09150431	-0.49007938	-0.30354798	13.09075727	-0.49069137
-0.32081941	13.10129504	-0.41770523	-0.32183052	13.10053477	-0.41832672
-0.34684869	13.10066700	-0.34717463	-0.34789011	13.09988577	-0.34780819
-0.59947427	12.94773028	-0.26692613	-0.60042976	12.94679802	-0.26763633
-0.51913495	12.95076847	-0.20449832	-0.52011406	12.94987477	-0.20519059
-0.65354849	12.94222470	-0.34196997	-0.65447830	12.94127199	-0.34269108
-0.63041446	12.97184909	-0.35884862	-0.63135434	12.97090794	-0.35956433
-0.57646649	12.97977339	-0.29127110	-0.57743433	12.97885247	-0.29197402
-0.40463589	12.94161241	-0.14897530	-0.40564155	12.94078689	-0.14963411
-0.46140674	12.96194899	-0.67099337	-0.46223901	12.96115651	-0.67166509
-0.44949244	12.99424459	-0.64279448	-0.45034867	12.99344557	-0.64345677
-0.53360951	12.99331719	-0.62557873	-0.53447848	12.99248388	-0.62626215
-0.54955653	12.96494959	-0.65153666	-0.55040682	12.96412433	-0.65222888
-0.66343880	12.97766773	-0.52533084	-0.66433986	12.97674605	-0.52604554
-0.68776941	12.95019533	-0.53162017	-0.68865719	12.94926532	-0.53234422
-0.63326631	12.95909364	-0.60405800	-0.63413693	12.95820930	-0.60476899
-0.61236456	12.98626404	-0.58626867	-0.61325183	12.98538306	-0.58697134
-0.63137352	13.00683564	-0.51645325	-0.63228953	13.00592532	-0.51715814
-0.58505910	13.01263055	-0.55931377	-0.58596341	13.01175263	-0.56000827
-0.51539775	13.01898468	-0.58630123	-0.51628956	13.01814148	-0.58697513
-0.68890059	12.94388825	-0.43729386	-0.68980731	12.94293898	-0.43801862
-0.66454143	12.97198357	-0.44325415	-0.66545934	12.97104477	-0.44397104
-0.59821832	13.00297058	-0.38324836	-0.59916815	13.00204706	-0.38395363
-0.63084415	13.00207741	-0.45236150	-0.63177460	13.00115388	-0.45306975
-0.54878722	13.01441137	-0.32554481	-0.54976727	13.01350709	-0.32623938
-0.44592036	13.02494658	-0.60270062	-0.44680622	13.02413643	-0.60335624
0.17585215	13.11926686	-0.18739736	0.17467066	13.11894984	-0.18776215
0.14625065	13.15767380	-0.27279726	0.14508976	13.15731588	-0.27318213
0.17394586	13.14563801	-0.28746757	0.17280233	13.14530588	-0.28783459
0.20781842	13.10605623	-0.19889702	0.20665278	13.10576969	-0.19924085
0.12595800	13.16449252	-0.36795895	0.12484584	13.16410798	-0.36835788
0.15206064	13.15324567	-0.38484817	0.15096575	13.15288447	-0.38523283
0.17853439	13.13673641	-0.29745921	0.17740316	13.13640785	-0.29782343
0.21221384	13.09766141	-0.20528225	0.21105992	13.09737855	-0.20562323
0.18512971	13.14446355	-0.29851292	0.18399031	13.14414197	-0.29887341
0.21757168	13.10419314	-0.20014845	0.21640747	13.10391695	-0.20048595
0.16610422	13.15137135	-0.40195816	0.16501853	13.15102313	-0.40233423
0.21005306	13.15731040	-0.42780198	0.20897346	13.15700518	-0.42814947
0.23148690	13.14992335	-0.31633142	0.23034784	13.14964832	-0.31666515
0.26339799	13.10767461	-0.21085509	0.26223314	13.10744458	-0.21116530
0.25164725	12.93314235	-0.06689063	0.25056939	12.93291790	-0.06719526
0.21446970	13.04938325	-0.11262408	0.21330705	13.04911384	-0.11295941
0.25064458	13.03670865	-0.12393000	0.24950078	13.03647594	-0.12424186
0.29120327	12.91998478	-0.07990090	0.29014496	12.91980236	-0.08017909
0.26085570	13.03474990	-0.12438896	0.25971308	13.03452859	-0.12469422
0.30239703	12.91813298	-0.08326269	0.30134303	12.91796177	-0.08353352
0.30601855	13.03341551	-0.13162811	0.30487879	13.03323934	-0.13190700
0.34617027	12.91051935	-0.08906747	0.34512669	12.91039385	-0.08930832
0.37240109	12.72175349	-0.09283967	0.37155964	12.72166532	-0.09304207
0.33231623	12.73526522	-0.08856466	0.33145727	12.73513412	-0.08879674
0.39099533	12.52649676	-0.12320827	0.39040000	12.52644371	-0.12336675
0.35334112	12.55040041	-0.11871705	0.35271156	12.55030371	-0.11890596
0.32092683	12.73741400	-0.08387961	0.32006279	12.73727173	-0.08412017
0.34113328	12.55314724	-0.11385730	0.34049541	12.55303816	-0.11405494
0.29538794	12.56674998	-0.09597456	0.29471931	12.56659123	-0.09620836
0.27882057	12.75464650	-0.06802987	0.27792727	12.75445852	-0.06830221
0.26437744	12.78201136	-0.92119923	0.26408618	12.78178590	-0.92145470
0.25380598	12.85209511	-0.89647974	0.25339198	12.85184832	-0.89675716
0.23410302	12.85779923	-0.83760524	0.23360281	12.85752700	-0.83791322
0.24536119	12.79714546	-0.86119794	0.24496091	12.79690064	-0.86149121
0.23780398	12.92398380	-0.84623948	0.23725791	12.92371087	-0.84653430
0.21775359	12.92220296	-0.79067995	0.21715296	12.92189679	-0.79099588
0.22419519	12.91781175	-0.77284289	0.22358083	12.91750833	-0.77315350
0.24584438	12.80290976	-0.84048455	0.24539127	12.80265576	-0.84078344
0.21763552	12.85805293	-0.82329076	0.21711182	12.85775687	-0.82361588
0.22277827	12.80088977	-0.84631989	0.22232900	12.80061537	-0.84665037
0.20666571	12.92164551	-0.78096821	0.20605573	12.92132544	-0.78129506
0.16595619	12.93369577	-0.76661843	0.16531636	12.93333467	-0.76698695
0.17398730	12.86653246	-0.80519843	0.17343548	12.86619417	-0.80557487
0.17549256	12.80294698	-0.82685157	0.17494814	12.80261284	-0.82729231
0.26997386	12.71177662	-0.94595386	0.26981066	12.71153459	-0.94616437
0.25374464	12.73606973	-0.88516308	0.25346721	12.73583995	-0.88543398
0.25517620	12.75172279	-0.86288059	0.25484676	12.75149774	-0.86315907
0.27334223	12.71534544	-0.87586238	0.27308685	12.71514213	-0.87610759
0.23264879	12.74345629	-0.87296597	0.23233913	12.74320878	-0.87328150
0.18355018	12.73557621	-0.85595225	0.18320800	12.73527420	-0.85634926
0.28046378	12.32703915	-0.16349024	0.28013370	12.32686870	-0.16367562
0.29751093	12.42373087	-0.12987238	0.29704082	12.42358017	-0.13006604
0.34540661	12.42229473	-0.14601461	0.34496124	12.42220540	-0.14616660
0.33131332	12.35265767	-0.17844758	0.33098477	12.35254811	-0.17858364
0.34936661	12.43490611	-0.15330704	0.34891104	12.43481889	-0.15346010
0.35920897	12.41539495	-0.15100968	0.35878239	12.41532563	-0.15114941
0.34613410	12.34729696	-0.18472050	0.34585670	12.34721801	-0.18482412
0.39666900	12.38239419	-0.15926396	0.39630745	12.38238317	-0.15936514
0.11540471	13.13913440	-0.47321616	0.11437509	13.13873420	-0.47362176
0.14534444	13.12589453	-0.48718704	0.14433464	13.12552089	-0.48757346
0.11915089	13.08676082	-0.58135180	0.11823166	13.08635523	-0.58175298
0.15446075	13.07153373	-0.59197518	0.15356165	13.07115944	-0.59235521
0.15738483	13.11461489	-0.49389463	0.15638901	13.11425145	-0.49427260
0.16316263	13.12103457	-0.49402742	0.16216068	13.12067685	-0.49439932
0.17352565	13.06489665	-0.58811703	0.17263016	13.06454040	-0.58848609
0.19974911	13.07036769	-0.62731779	0.19887588	13.07003776	-0.62766486
0.19859224	13.12691354	-0.52641783	0.19759897	13.12658688	-0.52677040
0.21615088	12.99982140	-0.74541835	0.21543611	12.99950888	-0.74574026
0.19449568	12.99493312	-0.69745626	0.19374314	12.99459523	-0.69780123
0.18011701	12.99798268	-0.69708597	0.17935938	12.99763045	-0.69744263
0.14173781	13.01266241	-0.68596650	0.14095539	13.01227364	-0.68635428
0.38906832	13.09044409	-0.26407930	0.38794987	13.09033893	-0.26430342
0.42450853	13.01018098	-0.18011382	0.42341756	13.01012089	-0.18031027
0.45347075	12.87968534	-0.13367542	0.45248696	12.87966748	-0.13383942
0.30944354	12.98978190	-0.86347668	0.30885306	12.98958871	-0.86370790
0.33419747	12.91184152	-0.95245774	0.33376942	12.91168496	-0.95265990
0.29063886	13.05903998	-0.75162562	0.28988162	13.05881148	-0.75188377
0.13159122	12.96037849	-0.06191175	0.13048895	12.96002713	-0.06229267
0.10950543	13.06448852	-0.10664103	0.10833318	13.06411104	-0.10704039
0.08787817	13.12787932	-0.17678732	0.08668775	13.12747594	-0.17720424
0.08371101	13.02619008	-0.62684234	0.08287375	13.02574963	-0.62726779
0.06334541	13.09166326	-0.54893030	0.06240421	13.09121002	-0.54936402
0.10310422	12.95404545	-0.68120431	0.10236346	12.95361824	-0.68162929
0.46893921	12.68469611	-0.13337516	0.46816775	12.68470633	-0.13350359
0.47965722	12.47577078	-0.16167660	0.47916330	12.47581422	-0.16176837
0.34413657	12.83105177	-1.00511270	0.34386145	12.83091580	-1.00527791
0.34567448	12.75579279	-1.03399994	0.34551052	12.75563461	-1.03412959
0.48203865	12.33837553	-0.19955541	0.48179102	12.33843943	-0.19959120
0.34511020	12.69575043	-1.05246888	0.34505667	12.69558739	-1.05255782
0.15497559	12.47054712	-0.10706403	0.15441989	12.47023441	-0.10738014
0.16014818	12.62667436	-0.07776130	0.15939731	12.62636536	-0.07810108
0.10218750	12.75297351	-0.75326931	0.10134668	12.75254666	-0.75392660
0.10459917	12.82147875	-0.72802874	0.10390475	12.82103154	-0.72852618
0.15039200	12.80592122	-0.05723202	0.14944051	12.80559389	-0.05759345
0.10730411	12.88706797	-0.70970560	0.10661123	12.88662961	-0.71016081
0.32527849	13.14251427	-0.50258073	0.32425782	13.14232292	-0.50284227
0.29975074	13.11366470	-0.62945258	0.29884575	13.11344098	-0.62971990
0.35549299	13.13460046	-0.37635115	0.35439991	13.13444994	-0.37659745
0.05901234	13.16202000	-0.34909530	0.05789497	13.16157671	-0.34953384
0.05589862	13.13809480	-0.45125387	0.05485939	13.13764108	-0.45169317
0.07036703	13.15934745	-0.25765422	0.06919808	13.15892084	-0.25808385
0.88286958	11.96760930	-0.58409627	0.88304797	11.96785937	-0.58402308
0.81676000	12.01719950	-0.47386000	0.81676000	12.01719950	-0.47386000
0.92381702	11.94019298	-0.71266222	0.92412216	11.94054107	-0.71253414
0.91099633	12.00668308	-0.71749050	0.91124559	12.00702268	-0.71735290
0.87484922	12.05326873	-0.63117121	0.87498572	12.05354985	-0.63105225
0.80593765	12.11536991	-0.52827787	0.80595285	12.11554218	-0.52817926
0.95765848	11.93291078	-0.83681529	0.95807493	11.93330645	-0.83664756
0.97720080	11.94903199	-0.94812102	0.97768012	11.94945761	-0.94792790
0.94460572	12.06689567	-0.93143453	0.94495819	12.06728794	-0.93124275
0.93004207	12.03651393	-0.81389215	0.93034102	12.03688617	-0.81372678
0.97639824	11.99133660	-1.04126302	0.97689300	11.99176616	-1.04105929
0.94165389	12.06587705	-1.12822234	0.94212545	12.06626893	-1.12802298
0.91823140	12.12846798	-1.10588581	0.91863089	12.12883428	-1.10569510
0.94202645	12.10177527	-1.02927403	0.94240694	12.10216623	-1.02907509
0.86082064	12.18356424	-1.21957182	0.86123490	12.18386019	-1.21940814
0.74379889	12.33375343	-1.27056710	0.74407512	12.33390846	-1.27045684
0.74741724	12.36212666	-1.19883516	0.74762909	12.36229441	-1.19872855
0.85860279	12.22945855	-1.15690463	0.85893228	12.22975620	-1.15674042
0.60147407	12.48293246	-1.23773130	0.60154974	12.48293454	-1.23774013
0.47110605	12.61339975	-1.15277948	0.47111107	12.61336148	-1.15278988
0.49420000	12.61570000	-1.07906000	0.49420000	12.61570000	-1.07906000
0.61447000	12.50220000	-1.16283000	0.61447000	12.50220000	-1.16283000
0.38297304	12.64670480	-1.04999993	0.38297471	12.64661313	-1.05003660
0.33183629	12.64662818	-0.95748521	0.33179998	12.64646914	-0.95757387
0.37140000	12.64100070	-0.89641000	0.37140000	12.64100070	-0.89641000
0.41679000	12.64250090	-0.98287004	0.41679000	12.64250090	-0.98287004
0.31302600	12.67835566	-0.89856354	0.31286527	12.67818518	-0.89872807
0.30846280	12.70593539	-0.87131800	0.30821760	12.70577252	-0.87151116
0.33629966	12.69396161	-0.81393638	0.33599218	12.69383244	-0.81410131
0.34595303	12.66902463	-0.84134976	0.34572141	12.66892895	-0.84148271
0.29952553	12.69318239	-0.87530818	0.29930178	12.69300847	-0.87551724
0.25622950	12.68295410	-0.84634246	0.25598061	12.68274023	-0.84662590
0.29566450	12.68019137	-0.77661793	0.29529790	12.68000530	-0.77685359
0.33514774	12.68257002	-0.81263378	0.33484932	12.68243970	-0.81280325
0.14601761	12.71784191	-0.72018251	0.14531180	12.71748456	-0.72071820
0.01600916	12.77116080	-0.57834860	0.01537828	12.77067321	-0.57882201
0.02004506	12.80890668	-0.50138361	0.01934471	12.80841763	-0.50184303
0.17153423	12.73279465	-0.64394841	0.17092425	12.73243081	-0.64438073
-0.10090758	12.81390508	-0.51545465	-0.10163040	12.81332394	-0.51598769
-0.20853521	12.84571146	-0.51940473	-0.20929813	12.84504092	-0.51999551
-0.21204525	12.91419940	-0.45908241	-0.21289119	12.91351669	-0.45966161
-0.10313901	12.87340673	-0.44537342	-0.10394725	12.87281231	-0.44589821
-0.31379419	12.86610890	-0.57916989	-0.31456874	12.86537007	-0.57980938
-0.41249173	12.87719884	-0.64679113	-0.41328099	12.87642289	-0.64746180
-0.42914913	12.90490956	-0.59503429	-0.42997190	12.90410966	-0.59570852
-0.32333154	12.91918457	-0.52415209	-0.32416578	12.91842702	-0.52478212
-0.50064273	12.88059084	-0.67479811	-0.50144850	12.87979669	-0.67550840
-0.58035361	12.87720831	-0.66302680	-0.58116827	12.87638714	-0.66375173
-0.57954982	12.87957570	-0.62763737	-0.58037190	12.87873449	-0.62835867
-0.52295850	12.88830773	-0.62656811	-0.52377910	12.88748567	-0.62727561
-0.65444005	12.86881301	-0.61139860	-0.65526701	12.86792151	-0.61213124
-0.70362807	12.85241332	-0.53185907	-0.70447178	12.85147789	-0.53259934
-0.66653248	12.86855495	-0.50362228	-0.66738945	12.86762918	-0.50435418
-0.62918737	12.87797956	-0.58043991	-0.63002515	12.87709194	-0.58116716
-0.70856439	12.82498822	-0.43672524	-0.70942340	12.82403593	-0.43746412
-0.68156646	12.77788372	-0.34710045	-0.68241958	12.77692018	-0.34782702
-0.65998098	12.78451452	-0.36001508	-0.66083401	12.78356131	-0.36073751
-0.67233018	12.83124416	-0.42014620	-0.67319313	12.83029949	-0.42087618
-0.63475470	12.70340563	-0.28402424	-0.63558401	12.70246431	-0.28470918
-0.56115384	12.64288828	-0.23547368	-0.56194585	12.64198008	-0.23613690
-0.54366583	12.70222594	-0.26673924	-0.54448673	12.70132487	-0.26741594
-0.61980390	12.74565882	-0.31649834	-0.62064528	12.74472088	-0.31719847
-0.45416050	12.63807558	-0.18824484	-0.45492972	12.63722923	-0.18890400
-0.32694432	12.61759708	-0.15239279	-0.32767506	12.61682152	-0.15303032
-0.30925952	12.67134967	-0.18118945	-0.31002945	12.67058918	-0.18181535
-0.43538297	12.69560846	-0.21807416	-0.43618528	12.69476749	-0.21873756
-0.18979597	12.51359848	-0.13881022	-0.19040046	12.51293361	-0.13936551
-0.04054720	12.39842906	-0.14562096	-0.04100474	12.39791053	-0.14605975
-0.03829905	12.46809125	-0.17678589	-0.03881424	12.46756811	-0.17723224
-0.17838727	12.57633041	-0.16764078	-0.17904392	12.57567524	-0.16819213
0.12106496	12.33878408	-0.16546061	0.12070235	12.33843156	-0.16577414
0.24981720	12.32086270	-0.19028078	0.24951177	12.32065068	-0.19048928
0.22923284	12.38039001	-0.24249887	0.22889602	12.38013981	-0.24273463
0.11122182	12.40597468	-0.20698365	0.11081366	12.40560163	-0.20731545
0.29985384	12.35534030	-0.21136123	0.29954189	12.35518256	-0.21152600
0.28496949	12.43890741	-0.28101490	0.28458722	12.43870372	-0.28121979
0.27698555	12.41110549	-0.26709140	0.27663167	12.41089820	-0.26729549
0.31176332	12.34558905	-0.22379280	0.31150073	12.34543803	-0.22392394
0.34620000	12.27620000	-0.23202000	0.34620000	12.27620000	-0.23202000
0.31794419	12.33228016	-0.29153050	0.31773052	12.33210774	-0.29165224
0.28439920	12.39723209	-0.28199350	0.28407473	12.39701977	-0.28217747
0.44425997	12.21770000	-0.27141000	0.44425997	12.21770000	-0.27141000
0.57587000	12.16340070	-0.32883000	0.57587000	12.16340070	-0.32883000
0.56875234	12.24320805	-0.38306733	0.56865037	12.24324582	-0.38306514
0.42669035	12.28587870	-0.32836487	0.42655856	12.28582881	-0.32841805
0.70622003	12.08180000	-0.39380000	0.70622003	12.08180000	-0.39380000
0.69949432	12.18188426	-0.44743378	0.69943756	12.18199451	-0.44738776
0.76368701	12.39467169	-1.04794631	0.76379388	12.39488570	-1.04783795
0.86656871	12.24644207	-1.04643471	0.86681832	12.24675598	-1.04626820
0.78256913	12.37832143	-0.85976391	0.78258231	12.37855792	-0.85964317
0.87536575	12.22511913	-0.90595536	0.87554963	12.22544407	-0.90578880
0.79509113	12.26385351	-0.67204233	0.79508159	12.26408806	-0.67192382
0.87503430	12.15130684	-0.75385722	0.87518403	12.15162388	-0.75370527
0.53259061	12.60851958	-0.90319056	0.53246520	12.60856481	-0.90320272
0.64660411	12.52290222	-0.99054571	0.64657428	12.52300573	-0.99050669
0.56313064	12.53897528	-0.69189996	0.56288458	12.53901721	-0.69192783
0.67677289	12.47958710	-0.78119021	0.67664423	12.47973112	-0.78113720
0.56917273	12.38692452	-0.51145849	0.56896905	12.38696739	-0.51147783
0.69138164	12.34111702	-0.58905498	0.69125502	12.34126011	-0.58899839
-0.22284952	12.90929452	-0.37427717	-0.22372665	12.90860212	-0.37486097
-0.11683315	12.86643835	-0.35857064	-0.11767806	12.86583289	-0.35910043
-0.24419831	12.85125821	-0.28777670	-0.24506712	12.85054841	-0.28837094
-0.13733240	12.80190581	-0.27443874	-0.13815882	12.80128322	-0.27497820
-0.01979782	12.73483836	-0.30986180	-0.02053079	12.73431909	-0.31033093
0.00321752	12.80099002	-0.40548255	0.00247248	12.80048458	-0.40594507
-0.27763379	12.76070439	-0.22504205	-0.27845983	12.75996778	-0.22565229
-0.15964658	12.68837529	-0.21222740	-0.16039604	12.68773581	-0.21277290
-0.03239628	12.60265594	-0.23298292	-0.03302881	12.60213116	-0.23344428
-0.55891903	12.90839976	-0.54538077	-0.55977597	12.90753283	-0.54608948
-0.59287361	12.90185391	-0.45363805	-0.59375451	12.90094568	-0.45435132
-0.49060708	12.92214305	-0.39249615	-0.49150712	12.92127187	-0.39318160
-0.45747723	12.93520041	-0.49807148	-0.45834964	12.93436292	-0.49874674
-0.60911127	12.82955007	-0.37465271	-0.60997889	12.82862116	-0.37536709
-0.52002832	12.81987959	-0.31625705	-0.52089838	12.81898857	-0.31694636
-0.34134731	12.93395204	-0.43037003	-0.34222756	12.93317503	-0.43100407
-0.36806537	12.89839092	-0.33175510	-0.36895857	12.89759082	-0.33240095
-0.40334474	12.80066262	-0.26318488	-0.40420061	12.79984082	-0.26384337
0.29034819	12.63833843	-0.65297629	0.28993087	12.63811526	-0.65323891
0.33230979	12.63529768	-0.67617538	0.33192647	12.63512821	-0.67639118
0.26417388	12.57115381	-0.50293395	0.26375366	12.57089920	-0.50319112
0.31056806	12.57047675	-0.51280976	0.31015627	12.57027475	-0.51303981
0.31455051	12.58848661	-0.49722895	0.31410510	12.58828799	-0.49745480
0.33314944	12.64957497	-0.66775885	0.33273711	12.64940253	-0.66797194
0.34055904	12.63207913	-0.69030259	0.34018338	12.63191194	-0.69050622
0.31711707	12.57427797	-0.51201196	0.31669802	12.57408028	-0.51223233
0.34974194	12.55470688	-0.55250813	0.34937117	12.55454069	-0.55270295
0.37039601	12.61359574	-0.74057087	0.37009330	12.61345702	-0.74073885
0.32506283	12.43983788	-0.40011317	0.32474405	12.43965118	-0.40028763
0.29231178	12.48654334	-0.37704957	0.29192182	12.48633095	-0.37726258
0.28649515	12.49066258	-0.37219165	0.28609719	12.49044966	-0.37241417
0.23905448	12.47617734	-0.35607097	0.23866487	12.47591392	-0.35631942
0.44329452	12.55375865	-0.61400691	0.44297135	12.55368857	-0.61412535
0.43730957	12.62151290	-0.81556612	0.43710305	12.62145995	-0.81564388
0.43207590	12.41193791	-0.44676106	0.43181880	12.41186121	-0.44685925
0.13421256	12.63854801	-0.41152227	0.13364890	12.63817460	-0.41188929
0.16029058	12.70901302	-0.53418198	0.15970927	12.70865328	-0.53456345
0.11613070	12.52141219	-0.29557478	0.11564062	12.52103218	-0.29592382
0.15841374	13.14374490	-0.39707248	0.15733345	13.14338895	-0.39745261
0.25405396	13.03041446	-0.13104690	0.25292016	13.03018463	-0.13135626
0.29368221	12.91658524	-0.08926372	0.29263395	12.91640425	-0.08954025
0.32347759	12.73671704	-0.09435271	0.32262192	12.73657559	-0.09459097
0.34435621	12.55744663	-0.12372782	0.34372088	12.55733877	-0.12392431
0.23798127	12.85696715	-0.81669623	0.23745602	12.85669094	-0.81699955
0.33667321	12.37478570	-0.18577418	0.33633094	12.37468236	-0.18590987
0.17175973	13.05968430	-0.59089986	0.17087127	13.05932573	-0.59126937
0.19796087	12.98974960	-0.69079040	0.19720763	12.98941472	-0.69113285
0.89714793	11.96234828	-0.57061060	0.89732023	11.96260459	-0.57052958
0.82713855	12.01974914	-0.45665322	0.82712348	12.01975479	-0.45665068
0.94125272	11.92595533	-0.70400864	0.94156474	11.92631600	-0.70387158
0.74732799	12.33236435	-1.28605776	0.74761390	12.33252159	-1.28594526
0.46146387	12.61914943	-1.16644725	0.46146673	12.61910454	-1.16646281
0.35359531	12.65709199	-1.05876097	0.35358506	12.65694956	-1.05882612
0.28704011	12.66045309	-0.96117937	0.28697726	12.66022898	-0.96133267
0.27198929	12.69067157	-0.90050962	0.27180008	12.69044763	-0.90073529
0.25518099	12.70216476	-0.88777968	0.25495813	12.70194944	-0.88806001
0.20679479	12.68784161	-0.87033704	0.20656319	12.68758455	-0.87070537
0.11437097	12.70919675	-0.75799425	0.11368362	12.70880981	-0.75860838
0.00806851	12.74234918	-0.62553187	0.00747490	12.74186412	-0.62598245
-0.20072486	12.78255958	-0.56036802	-0.20141200	12.78190555	-0.56096622
-0.30396601	12.82402920	-0.61031585	-0.30469274	12.82330495	-0.61096753
-0.48808150	12.88567249	-0.69703197	-0.48888286	12.88489227	-0.69773894
-0.57026934	12.88860938	-0.68553092	-0.57108439	12.88780303	-0.68625055
-0.71593634	12.85673643	-0.54334971	-0.71677870	12.85579732	-0.54409194
-0.19201112	12.52330806	-0.11677738	-0.19264141	12.52264342	-0.11733568
0.13868930	12.35457848	-0.14075562	0.13829177	12.35424827	-0.14105936
0.30732304	12.38312357	-0.22392694	0.30699002	12.38296730	-0.22409146
0.38262399	12.29404161	-0.19528186	0.38252921	12.29405012	-0.19528153
0.46886652	12.23753512	-0.23889227	0.46881389	12.23756438	-0.23889165
0.71404009	12.09194556	-0.37179576	0.71402685	12.09196810	-0.37179436
0.29301297	12.51379202	-0.37029424	0.29258530	12.51358543	-0.37051681
0.58084314	12.77826376	-0.54183220	0.58024311	12.77833441	-0.54187515
0.30082714	12.98835227	-0.53196552	0.29997857	12.98813227	-0.53223287
0.02938039	12.99343530	-0.26492770	0.02836798	12.99296739	-0.26537793
0.09759433	13.07616808	-0.30998185	0.09652989	13.07576104	-0.31039542
0.31521834	12.86794958	-0.29607794	0.31434309	12.86776407	-0.29634412
0.02653259	12.96587527	-0.42346282	0.02563638	12.96538900	-0.42391876
0.11965495	13.04396259	-0.41949186	0.11868185	13.04356532	-0.41989410
0.36373839	12.82290157	-0.69482312	0.36317250	12.82276019	-0.69501167
0.15370217	13.02788551	-0.18131891	0.15260454	13.02754671	-0.18169278
0.21688079	12.81354156	-0.79615087	0.21631224	12.81323446	-0.79650265
0.32662424	12.75756620	-0.53284219	0.32600041	12.75737653	-0.53309444
0.32619611	12.88603976	-0.84292656	0.32569605	12.88587557	-0.84313495
0.39208450	12.43596091	-0.24635299	0.39169548	12.43589580	-0.24648686
0.24119425	13.04572393	-0.44846716	0.24023300	13.04544548	-0.44878964
0.47433504	12.68479869	-0.66832413	0.47391725	12.68476240	-0.66841956
0.69639240	12.75044583	-0.77227968	0.69601763	12.75063008	-0.77221353
0.32323580	12.93940104	-0.20175698	0.32223200	12.93923472	-0.20201932
-0.43107514	12.90809745	-0.24647523	-0.43201179	12.90725492	-0.24714449
0.14939348	13.08032404	-0.25070119	0.14828752	13.07997217	-0.25108147
0.32047114	12.94548959	-0.68940624	0.31977337	12.94529000	-0.68963797
-0.51811770	12.90776657	-0.28666633	-0.51904320	12.90687452	-0.28735830
0.22465678	13.03051695	-0.33025402	0.22364195	13.03023166	-0.33058794
0.28771516	12.45893149	-0.20239453	0.28725481	12.45875035	-0.20260532
0.11546110	13.09741205	-0.37205490	0.11441153	13.09701648	-0.37245925
0.20656102	13.07609808	-0.49078912	0.20559700	13.07578060	-0.49113567
0.25177333	12.61190952	-0.24665480	0.25115143	12.61167546	-0.24693046
0.16446016	12.93601557	-0.51087314	0.16363917	12.93565083	-0.51125553
0.27504945	12.88994513	-0.83314434	0.27452593	12.88971399	-0.83340081
0.28195374	12.83929799	-0.83632103	0.28148089	12.83907991	-0.83656760
0.22765304	13.02074316	-0.54651367	0.22677532	13.02044225	-0.54684372
0.37249193	12.79916998	-0.19939904	0.37163563	12.79906178	-0.19961403
0.49558929	12.59232441	-0.43374511	0.49511152	12.59232033	-0.43384409
0.30399496	12.76002518	-0.88867952	0.30369723	12.75985875	-0.88888160
0.15788629	12.96303119	-0.64617181	0.15711481	12.96264991	-0.64656001
0.38948062	12.37591008	-0.22305403	0.38917531	12.37587224	-0.22315806
0.35589646	12.48344430	-0.31359583	0.35547693	12.48331702	-0.31376643
0.19136458	12.86755472	-0.18867970	0.19042881	12.86725698	-0.18902126
0.38846119	12.72996315	-0.91044437	0.38824157	12.72990957	-0.91054473
0.29503998	12.79219533	-0.85022178	0.29464432	12.79200812	-0.85044436
0.14166686	13.11265845	-0.28304367	0.14055157	13.11229559	-0.28343059
0.41200227	12.60670148	-0.24854070	0.41139438	12.60663901	-0.24870014
0.21235251	12.85843815	-0.77272309	0.21176799	12.85811243	-0.77306203
0.42640258	12.71308980	-0.82757770	0.42610876	12.71304584	-0.82766741
0.82574048	12.74663465	-0.86717812	0.82542250	12.74691830	-0.86703868
0.56476254	12.79190699	-0.92737345	0.56448298	12.79199511	-0.92738891
0.33788698	12.68578290	-0.20049250	0.33715847	12.68564436	-0.20071647
0.24768945	12.76226081	-0.18322623	0.24686228	12.76202495	-0.18352178
