0.85020876	12.73849614	-0.42032945	0.84954753	12.73934865	-0.42013111
0.82089585	12.87670434	-0.44875732	0.81996501	12.87754518	-0.44851189
0.89695896	12.83628972	-0.54711139	0.89608395	12.83747066	-0.54684504
0.92933360	12.70326641	-0.53273374	0.92873148	12.70451839	-0.53248647
0.77800866	12.96757399	-0.50893618	0.77689122	12.96836827	-0.50869029
0.85805249	12.92225703	-0.58991931	0.85699104	12.92336473	-0.58965447
0.90739546	12.87997903	-0.65031800	0.90642016	12.88132050	-0.65004276
0.94606670	12.81042480	-0.64469320	0.94525665	12.81190672	-0.64440185
0.98068820	12.68177822	-0.64584080	0.98022953	12.68342375	-0.64555318
0.71513691	12.76889008	-1.16436724	0.71442021	12.76978230	-1.16432652
0.83783773	12.72004021	-1.14294278	0.83728274	12.72158906	-1.14290097
0.80570154	12.82584463	-1.07377986	0.80478351	12.82715249	-1.07366835
0.68344566	12.87086902	-1.09049097	0.68246622	12.87168385	-1.09044615
0.93942289	12.68765498	-1.08019517	0.93899895	12.68974801	-1.08007110
0.90557872	12.79781907	-1.02120204	0.90475350	12.79959163	-1.02105324
0.86580409	12.86556309	-0.97039858	0.86481496	12.86705736	-0.97023609
0.78688019	12.90569083	-0.98569116	0.78582964	12.90689020	-0.98554877
0.66478320	12.95054767	-0.99107313	0.66365813	12.95129700	-0.99097555
0.59549553	12.83438479	-0.20821529	0.59470501	12.83449608	-0.20810938
0.57681323	12.97145290	-0.25566263	0.57579717	12.97157750	-0.25548873
0.71074545	12.92435560	-0.34850860	0.70976693	12.92482902	-0.34829948
0.73265594	12.78489110	-0.30831538	0.73192911	12.78535005	-0.30817234
0.54592197	13.05792113	-0.33995979	0.54476144	13.05804937	-0.33975874
0.67417535	13.01480970	-0.42416451	0.67302904	13.01527518	-0.42394316
0.46549707	12.88203459	-1.06353311	0.46462881	12.88213387	-1.06349657
0.59159732	12.82854172	-1.13652464	0.59076927	12.82895659	-1.13650245
0.56064434	12.92084265	-1.06398205	0.55962131	12.92122141	-1.06393218
0.43680596	12.96448212	-0.98880380	0.43574960	12.96454157	-0.98874057
0.54042320	12.99539732	-0.96224095	0.53924814	12.99575172	-0.96215807
0.41591902	13.03387326	-0.88605683	0.41470183	13.03391770	-0.88596724
-0.01455842	12.98802834	-0.06593766	-0.01540764	12.98714719	-0.06577672
-0.14295177	12.99968343	-0.08789964	-0.14377729	12.99870225	-0.08771179
-0.14550928	13.07315765	-0.13438883	-0.14638653	13.07222214	-0.13413973
-0.02076691	13.07539986	-0.10980607	-0.02169328	13.07455569	-0.10957556
-0.26170129	13.00130477	-0.12416660	-0.26250061	13.00028241	-0.12395068
-0.26270769	13.06277977	-0.17253462	-0.26354692	13.06180889	-0.17226148
-0.26397310	13.10408139	-0.23800898	-0.26483336	13.10317873	-0.23769740
-0.14756046	13.12014861	-0.20052746	-0.14847503	13.11927133	-0.20024300
-0.02581790	13.12948958	-0.17563766	-0.02679357	13.12870041	-0.17537020
0.03014104	12.97455823	-0.59043489	0.02924449	12.97399783	-0.59033200
0.01506845	13.03697028	-0.56487074	0.01410965	13.03639726	-0.56473288
-0.06572594	13.03899171	-0.55427275	-0.06663066	13.03838772	-0.55409564
-0.05153466	12.98276950	-0.56995780	-0.05240732	12.98216809	-0.56982539
-0.00448159	13.09099860	-0.51743044	-0.00546640	13.09041653	-0.51724885
-0.08727992	13.08528050	-0.51852811	-0.08820640	13.08465296	-0.51831118
-0.18064552	13.07815969	-0.53469379	-0.18152204	13.07754159	-0.53446140
-0.15803079	13.03717122	-0.57064100	-0.15889816	13.03657447	-0.57045142
-0.14335903	12.98595050	-0.58811269	-0.14421431	12.98535729	-0.58796572
0.99054702	12.29410067	-0.67266427	0.99153973	12.29610311	-0.67253545
0.97602313	12.07703474	-0.68975681	0.97895940	12.07953201	-0.69005932
0.91715208	12.09893768	-0.55494983	0.91818352	12.09985078	-0.55547116
0.93064986	12.30591021	-0.53781932	0.93117050	12.30695844	-0.53787618
0.83745636	12.14707815	-0.43337417	0.83789082	12.14733541	-0.43385021
0.84436556	12.32984283	-0.41248698	0.84458111	12.33041440	-0.41261691
0.98248256	12.38834357	-1.14335959	0.98371443	12.39134648	-1.14351092
0.88604304	12.44670998	-1.21199083	0.88677298	12.44889959	-1.21213188
0.88461869	12.28779020	-1.23769662	0.88671149	12.29015312	-1.23803793
0.98009716	12.19880020	-1.16060250	0.98321747	12.20234751	-1.16123758
0.75721175	12.51996107	-1.23992850	0.75728846	12.52101476	-1.23992747
0.75536194	12.40016234	-1.27184406	0.75637781	12.40130969	-1.27198095
0.87498392	12.18299544	-1.24594070	0.87819247	12.18535011	-1.24644173
0.96776086	12.06426886	-1.16005203	0.97294415	12.06793098	-1.16112249
0.99438349	12.50220983	-0.65745901	0.99451942	12.50397946	-0.65722031
0.93717951	12.51669102	-0.53108532	0.93707354	12.51794109	-0.53093173
0.85270140	12.54387666	-0.40919403	0.85244996	12.54464390	-0.40912809
0.86754154	12.59205184	-1.18450799	0.86745473	12.59383470	-1.18449897
0.96764966	12.55125605	-1.11897863	0.96791330	12.55375830	-1.11897743
0.74156928	12.64750210	-1.20921027	0.74120840	12.64847856	-1.20922373
0.60048638	12.42000646	-0.22665548	0.60042029	12.42006934	-0.22686993
0.60025802	12.63488782	-0.20361135	0.59981601	12.63497016	-0.20364134
0.73365076	12.58574833	-0.29796270	0.73329199	12.58615471	-0.29795051
0.72786664	12.37112281	-0.30965777	0.72788612	12.37136628	-0.30989763
0.46786706	12.70493669	-1.15062371	0.46752577	12.70492897	-1.15059015
0.61112177	12.61554510	-1.21942940	0.61085614	12.61571888	-1.21940490
0.60737932	12.72027878	-1.18605999	0.60688433	12.72064070	-1.18606878
0.47238078	12.78903137	-1.11698354	0.47177934	12.78908112	-1.11695565
0.58682732	12.17496123	-0.30211903	0.58690772	12.17502467	-0.30220853
0.59795626	12.28071162	-0.26348617	0.59809916	12.28076851	-0.26372807
0.72429353	12.21621381	-0.33935292	0.72455780	12.21635156	-0.33975153
0.60086267	12.48720424	-1.25192042	0.60107122	12.48722294	-1.25195841
0.60646885	12.53469035	-1.24352280	0.60643915	12.53477496	-1.24350908
0.46208052	12.64902693	-1.16619270	0.46187996	12.64895784	-1.16613443
-0.00577910	12.71020111	-0.06531290	-0.00634676	12.70931636	-0.06537882
-0.15460029	12.77862502	-0.07248184	-0.15524241	12.77760020	-0.07249706
-0.14483394	12.90143558	-0.06977352	-0.14557571	12.90042742	-0.06967225
-0.00647186	12.86460597	-0.05439194	-0.00720299	12.86371716	-0.05433456
-0.29063980	12.82974774	-0.09699459	-0.29131915	12.82866460	-0.09694965
-0.27212271	12.92486104	-0.10070165	-0.27286707	12.92380151	-0.10055876
0.02623743	12.84497636	-0.61960753	0.02550793	12.84439583	-0.61956436
0.03234441	12.91042516	-0.60696636	0.03152113	12.90986117	-0.60689882
-0.04864203	12.92094041	-0.57935068	-0.04946767	12.92033557	-0.57925842
-0.05685378	12.85612377	-0.58342980	-0.05762575	12.85551686	-0.58337819
-0.14018524	12.92863912	-0.59640084	-0.14101291	12.92804972	-0.59629708
-0.14994359	12.86783347	-0.59530751	-0.15074815	12.86724335	-0.59524962
-0.03461707	12.41461982	-0.12012763	-0.03480929	12.41376085	-0.12042451
-0.17546855	12.63156017	-0.09058321	-0.17597228	12.63053456	-0.09073976
-0.02008684	12.53967506	-0.08955543	-0.02044796	12.53880729	-0.08975617
-0.32703155	12.62441640	-0.12932660	-0.32757197	12.62333883	-0.12951056
-0.31342264	12.71206929	-0.10906231	-0.31402459	12.71097786	-0.10914732
0.01631652	12.77865030	-0.63144735	0.01567637	12.77805786	-0.63142164
-0.07622150	12.78973742	-0.58064296	-0.07695114	12.78913222	-0.58062667
-0.09408066	12.76274858	-0.56059950	-0.09482235	12.76214092	-0.56060193
-0.17401394	12.80533645	-0.58334276	-0.17481038	12.80474543	-0.58333546
-0.38398127	12.99849299	-0.17343144	-0.38475274	12.99747494	-0.17319869
-0.37618283	13.04877043	-0.21909532	-0.37698100	13.04781265	-0.21881010
-0.49380725	12.99180278	-0.23007558	-0.49454870	12.99082170	-0.22981251
-0.47408361	13.03267546	-0.27098095	-0.47484741	13.03175307	-0.27067996
-0.45201157	13.06605574	-0.32117866	-0.45279595	13.06519743	-0.32084920
-0.36629877	13.08596690	-0.27817802	-0.36711842	13.08507829	-0.27786294
-0.26222277	13.03497195	-0.59015297	-0.26306097	13.03440832	-0.58992401
-0.24784460	12.98978515	-0.61518429	-0.24868156	12.98924231	-0.61500375
-0.28248825	13.07133534	-0.54964989	-0.28332674	13.07073492	-0.54937895
-0.37706405	13.06283249	-0.55825381	-0.37787822	13.06226993	-0.55795472
-0.36215543	13.03169350	-0.60318788	-0.36297143	13.03118452	-0.60293023
-0.35250374	12.99343983	-0.63710285	-0.35332487	12.99297194	-0.63689505
-0.24921412	12.94129824	-0.63110110	-0.25004729	12.94076953	-0.63096809
-0.35999494	12.95458660	-0.66196099	-0.36082403	12.95415531	-0.66179944
-0.37473687	12.91733010	-0.67616726	-0.37557500	12.91692916	-0.67605419
-0.26195750	12.89181012	-0.63572048	-0.26279281	12.89129373	-0.63563683
-0.53797771	12.88604492	-0.18971500	-0.53868083	12.88500654	-0.18956522
-0.55791022	12.76407457	-0.19555241	-0.55857691	12.76304698	-0.19554567
-0.63402601	12.80100173	-0.25304876	-0.63471790	12.80005382	-0.25298213
-0.61598860	12.89698876	-0.25201244	-0.61669844	12.89603943	-0.25182875
-0.56590567	12.65942748	-0.21306590	-0.56654702	12.65842785	-0.21318107
-0.64128066	12.71843587	-0.26513432	-0.64196044	12.71750670	-0.26516811
-0.68973058	12.78838917	-0.33513968	-0.69044163	12.78756751	-0.33508077
-0.68349156	12.84066953	-0.32920870	-0.68420754	12.83983806	-0.32908251
-0.66752345	12.90376633	-0.33062988	-0.66824444	12.90293757	-0.33042099
-0.45639381	12.64920068	-0.16513268	-0.45699856	12.64813960	-0.16527879
-0.44529400	12.74535550	-0.14592090	-0.44593411	12.74427132	-0.14595642
-0.42320873	12.86464067	-0.13729718	-0.42390166	12.86356045	-0.13719934
-0.47056935	12.93317892	-0.68709787	-0.47140256	12.93285919	-0.68694696
-0.47748862	12.90621024	-0.69777018	-0.47833194	12.90591528	-0.69766084
-0.38690554	12.88404539	-0.67810385	-0.38775275	12.88365550	-0.67803503
-0.55714798	12.93832171	-0.66713598	-0.55797581	12.93801380	-0.66694840
-0.56191637	12.91165889	-0.68199718	-0.56275517	12.91138037	-0.68185097
-0.39774757	12.86723994	-0.66774665	-0.39859862	12.86684275	-0.66769945
-0.28169466	12.84361469	-0.62797998	-0.28253371	12.84309975	-0.62794524
0.89648357	12.88894607	-0.90161485	0.89544361	12.89049667	-0.90140286
0.79619753	12.95494334	-0.88756817	0.79503375	12.95611613	-0.88738314
0.91307071	12.90310385	-0.81280417	0.91202650	12.90461438	-0.81255349
0.81765542	12.97469294	-0.78295764	0.81646203	12.97585297	-0.78273868
0.70722408	13.02946611	-0.74162636	0.70597636	13.03025882	-0.74142360
0.67728971	13.00534418	-0.87086673	0.67605506	13.00611727	-0.87071675
0.91429636	12.89898511	-0.72087974	0.91326493	12.90041783	-0.72061135
0.83497531	12.96577614	-0.67636183	0.83381552	12.96689982	-0.67611020
0.74036153	13.01756703	-0.61433975	0.73911925	13.01836051	-0.61411030
0.99957482	12.67776090	-0.98544728	0.99923836	12.68013628	-0.98526379
0.96080584	12.79814706	-0.94002482	0.96002295	12.80010767	-0.93980045
1.02293745	12.67778723	-0.87383192	1.02263183	12.68003906	-0.87356026
0.98073522	12.80720201	-0.84309592	0.97993792	12.80908036	-0.84281679
1.01423877	12.67601042	-0.76033340	1.01387338	12.67799255	-0.76003087
0.97493373	12.80620299	-0.74363865	0.97413284	12.80790556	-0.74334463
0.55717334	13.04993325	-0.82570042	0.55589533	13.05033208	-0.82557160
0.59402175	13.07566407	-0.67677937	0.59270339	13.07611366	-0.67660923
0.47029177	13.11369907	-0.59416210	0.46898449	13.11383520	-0.59398128
0.43305312	13.08708947	-0.74615388	0.43176032	13.08718972	-0.74602053
0.63418008	13.06448259	-0.53861657	0.63291477	13.06494426	-0.53840904
0.50911796	13.10460017	-0.45599507	0.50785925	13.10473111	-0.45579212
-0.38561592	13.08023873	-0.50032819	-0.38642941	13.07960263	-0.50000555
-0.46905674	13.06193066	-0.51293141	-0.46984809	13.06134287	-0.51259590
-0.44911818	13.05059305	-0.55530657	-0.44991620	13.05005759	-0.55499530
-0.39771221	13.08623364	-0.43727963	-0.39851924	13.08551900	-0.43694611
-0.49124603	13.06375754	-0.46842503	-0.49202867	13.06311102	-0.46807629
-0.57556907	13.03747257	-0.49761098	-0.57633805	13.03689130	-0.49725965
-0.53793830	13.03951229	-0.53015162	-0.53871842	13.03897025	-0.52981382
-0.50022838	13.03793715	-0.55635630	-0.50101701	13.03742209	-0.55603604
-0.42320267	13.08274346	-0.37708142	-0.42400436	13.08195559	-0.37674368
-0.50508001	13.05946483	-0.41707787	-0.50585389	13.05874648	-0.41672815
-0.52001622	13.04487639	-0.36620966	-0.52078191	13.04408923	-0.36587078
-0.56556149	13.02795908	-0.39855457	-0.56631551	13.02722169	-0.39821573
-0.57742028	13.03316861	-0.44713783	-0.57818227	13.03250998	-0.44678949
-0.02018418	13.12985544	-0.43543738	-0.02118305	13.12923380	-0.43521247
-0.11174238	13.11743051	-0.44792299	-0.11267745	13.11675408	-0.44767274
-0.02953763	13.15128580	-0.34009322	-0.03053989	13.15061335	-0.33983785
-0.13260046	13.13504404	-0.36136494	-0.13353991	13.13430033	-0.36108762
-0.23361808	13.11789872	-0.39243293	-0.23449568	13.11715096	-0.39213000
-0.20759208	13.10449762	-0.47085860	-0.20847153	13.10382633	-0.47058683
-0.03007271	13.15298685	-0.25293123	-0.03107270	13.15225493	-0.25265828
-0.14392121	13.13834463	-0.27756033	-0.14485412	13.13753280	-0.27726882
-0.25343097	13.12009330	-0.31288595	-0.25430647	13.11926976	-0.31256775
1.01500221	11.99029101	-1.06734587	1.02276828	11.99564112	-1.06938299
1.02524412	12.13245947	-1.06107751	1.02935575	12.13676717	-1.06186765
1.03270088	11.94937869	-0.96576597	1.04464082	11.95628960	-0.96891542
1.03449705	12.09108542	-0.94662916	1.03938826	12.09591072	-0.94734451
1.04324243	12.30408549	-0.92864865	1.04493744	12.30749428	-0.92867901
1.03137724	12.33828034	-1.04496958	1.03299195	12.34159052	-1.04512329
1.01969291	11.93690573	-0.85163302	1.03322807	11.94469917	-0.85620004
1.01817111	12.07437016	-0.82215642	1.02299088	12.07866610	-0.82265111
1.02918016	12.29135357	-0.80369945	1.03069081	12.29418718	-0.80359561
1.02384951	12.52251284	-1.01968053	1.02431323	12.52531014	-1.01960355
1.04247575	12.50446851	-0.90424555	1.04288546	12.50711228	-0.90408636
1.03117430	12.49779006	-0.78265583	1.03150211	12.50002084	-0.78242666
-0.64316559	12.93286976	-0.61473776	-0.64397757	12.93250732	-0.61451436
-0.64994519	12.90310170	-0.62675436	-0.65076683	12.90276266	-0.62657469
-0.70096350	12.92242432	-0.53492288	-0.70174122	12.92193534	-0.53468298
-0.71141356	12.88624453	-0.54100202	-0.71219576	12.88576735	-0.54081351
-0.65175403	12.87970500	-0.62821554	-0.65257977	12.87936945	-0.62807183
-0.70261816	12.91249892	-0.43266902	-0.70336583	12.91183741	-0.43244114
-0.71607806	12.86740685	-0.43367960	-0.71682226	12.86674652	-0.43351192
-0.71902003	12.83171609	-0.43547432	-0.71976185	12.83105914	-0.43535786
-0.29876659	13.09325921	-0.48731238	-0.29960396	13.09259656	-0.48701480
-0.31698558	13.10296959	-0.41492269	-0.31782800	13.10223627	-0.41461202
-0.34302172	13.10226205	-0.34440969	-0.34385204	13.10144714	-0.34408598
-0.59588387	12.94940714	-0.26466971	-0.59660342	12.94847583	-0.26442144
-0.51556063	12.95235929	-0.20210670	-0.51628311	12.95133915	-0.20188191
-0.64990316	12.94397758	-0.33980347	-0.65063144	12.94316184	-0.33954747
-0.62674404	12.97360305	-0.35662379	-0.62748187	12.97281096	-0.35633687
-0.57282592	12.98144767	-0.28894421	-0.57355791	12.98055195	-0.28866135
-0.40099997	12.94305193	-0.14644119	-0.40173632	12.94199529	-0.14626084
-0.45751459	12.96412654	-0.66863704	-0.45833692	12.96376842	-0.66844262
-0.44561789	12.99635493	-0.64034741	-0.44643147	12.99594399	-0.64011090
-0.52972870	12.99540475	-0.62323627	-0.53053364	12.99500965	-0.62297147
-0.54566276	12.96707317	-0.64925935	-0.54647980	12.96672790	-0.64903090
-0.65963362	12.97957756	-0.52315612	-0.66040607	12.97906172	-0.52284834
-0.68395707	12.95210365	-0.52951832	-0.68473203	12.95160346	-0.52924109
-0.62939659	12.96113288	-0.60188439	-0.63019849	12.96074305	-0.60162414
-0.60851285	12.98827879	-0.58402036	-0.60930573	12.98785124	-0.58372857
-0.62757184	13.00873868	-0.51419002	-0.62834239	13.00820000	-0.51385453
-0.58122570	13.01460189	-0.55698823	-0.58200985	13.01412003	-0.55666943
-0.51154871	13.02100431	-0.58387891	-0.51234217	13.02053656	-0.58357993
-0.68517232	12.94569631	-0.43519851	-0.68592098	12.94503771	-0.43492795
-0.66080743	12.97379787	-0.44108503	-0.66155847	12.97314615	-0.44078226
-0.59451601	13.00473586	-0.38093722	-0.59526221	13.00397575	-0.38061906
-0.62709273	13.00390125	-0.45009879	-0.62784814	13.00325889	-0.44976850
-0.54509616	13.01610016	-0.32314151	-0.54584791	13.01525149	-0.32282752
-0.44206846	13.02696989	-0.60018346	-0.44287281	13.02649423	-0.59990513
0.18010191	13.11971291	-0.18471152	0.17904885	13.11915614	-0.18448681
0.15042849	13.15837334	-0.26996470	0.14934157	13.15782931	-0.26972987
0.17809103	13.14631687	-0.28469579	0.17700140	13.14581210	-0.28447261
0.21204583	13.10645971	-0.19628907	0.21098846	13.10594412	-0.19607864
0.12999204	13.16544591	-0.36508556	0.12888943	13.16493607	-0.36485796
0.15604517	13.15417831	-0.38202135	0.15493103	13.15370103	-0.38180984
0.18264851	13.13742892	-0.29471509	0.18156003	13.13693457	-0.29449900
0.21642402	13.09807313	-0.20269362	0.21537165	13.09756592	-0.20249038
0.18926347	13.14514396	-0.29576709	0.18815948	13.14466087	-0.29554715
0.22180949	13.10458013	-0.19756387	0.22074496	13.10407875	-0.19735508
0.17005144	13.15231134	-0.39914754	0.16891983	13.15185874	-0.39894180
0.21393443	13.15820956	-0.42506028	0.21276431	13.15782593	-0.42485800
0.23560069	13.15054068	-0.31365108	0.23445465	13.15013453	-0.31343624
0.26764259	13.10796032	-0.20835749	0.26655348	13.10753646	-0.20814772
0.25583479	12.93312929	-0.06479383	0.25498026	12.93258871	-0.06468625
0.21875372	13.04956113	-0.11018433	0.21777084	13.04900228	-0.11000051
0.25490592	13.03682815	-0.12158547	0.25392978	13.03632833	-0.12141157
0.29537461	12.91988872	-0.07791925	0.29452844	12.91941152	-0.07781940
0.26513000	13.03484187	-0.12207014	0.26415089	13.03435900	-0.12189647
0.30657189	12.91800738	-0.08131255	0.30572563	12.91755030	-0.08121235
0.31031335	13.03339989	-0.12941128	0.30931972	13.03298443	-0.12923688
0.35034121	12.91028656	-0.08724648	0.34949571	12.90990133	-0.08714471
0.37624232	12.72141262	-0.09160136	0.37566926	12.72106855	-0.09161952
0.33617342	12.73501908	-0.08716748	0.33558497	12.73460693	-0.08718344
0.39436514	12.52613008	-0.12263054	0.39409961	12.52585578	-0.12278241
0.35676839	12.55014357	-0.11793913	0.35646184	12.54980476	-0.11808200
0.32478933	12.73719487	-0.08244196	0.32419711	12.73676348	-0.08245977
0.34457232	12.55291585	-0.11301946	0.34425841	12.55255625	-0.11316184
0.29888710	12.56662404	-0.09492503	0.29854412	12.56618099	-0.09506378
0.28272359	12.75452441	-0.06641508	0.28210512	12.75402114	-0.06642688
0.26524744	12.78275462	-0.91936178	0.26473061	12.78241254	-0.91935238
0.25501991	12.85299625	-0.89445932	0.25429363	12.85264894	-0.89443396
0.23598538	12.85882103	-0.83538794	0.23523954	12.85846891	-0.83535608
0.24699946	12.79799541	-0.85910729	0.24641509	12.79764412	-0.85909380
0.23949745	12.92505598	-0.84405679	0.23859062	12.92471561	-0.84400463
0.21991832	12.92342337	-0.78837325	0.21903768	12.92305875	-0.78831527
0.22649863	12.91906914	-0.77058636	0.22563428	12.91872386	-0.77053125
0.24792394	12.80385398	-0.83836558	0.24732450	12.80352652	-0.83834447
0.21978702	12.85923077	-0.82101121	0.21906037	12.85887080	-0.82098873
0.22493979	12.80189641	-0.84399871	0.22435209	12.80153095	-0.84397769
0.20895918	12.92293295	-0.77862958	0.20809530	12.92256324	-0.77857784
0.16840375	12.93507300	-0.76402415	0.16752286	12.93465279	-0.76397172
0.17630763	12.86773492	-0.80256535	0.17556387	12.86730935	-0.80253717
0.17849772	12.80410443	-0.82366189	0.17789292	12.80367447	-0.82364303
0.27041635	12.71256362	-0.94440631	0.27010764	12.71218867	-0.94438137
0.25486898	12.73677683	-0.88327907	0.25445618	12.73643350	-0.88327486
0.25661986	12.75244684	-0.86096835	0.25615209	12.75212496	-0.86095630
0.27444314	12.71597594	-0.87416205	0.27408245	12.71568458	-0.87414999
0.23398964	12.74419180	-0.87082370	0.23353949	12.74383790	-0.87081022
0.18526098	12.73648015	-0.85324119	0.18480576	12.73604981	-0.85322471
0.28302397	12.32722503	-0.16295150	0.28301097	12.32684485	-0.16321927
0.30046337	12.42376677	-0.12920927	0.30032700	12.42338078	-0.12941970
0.34829139	12.42217203	-0.14557758	0.34817671	12.42188742	-0.14576714
0.33377369	12.35275570	-0.17815354	0.33374876	12.35249733	-0.17836873
0.35228478	12.43476956	-0.15286153	0.35215487	12.43449109	-0.15304661
0.36204756	12.41519701	-0.15066589	0.36194917	12.41494072	-0.15085668
0.34816600	12.34739406	-0.18450987	0.34814489	12.34721533	-0.18466714
0.39924755	12.38200518	-0.15917735	0.39920450	12.38182860	-0.15936722
0.11919043	13.14030113	-0.47036963	0.11808995	13.13982831	-0.47017950
0.14906490	13.12703287	-0.48440161	0.14795758	13.12659400	-0.48422691
0.12258126	13.08811817	-0.57856583	0.12150836	13.08767020	-0.57842359
0.15780961	13.07285188	-0.58926019	0.15673638	13.07243749	-0.58913110
0.16105702	13.11574486	-0.49114221	0.15995275	13.11531848	-0.49097542
0.16683636	13.12216037	-0.49126467	0.16571577	13.12174351	-0.49109522
0.17684807	13.06618171	-0.58544805	0.17576962	13.06578484	-0.58532231
0.20286687	13.07164024	-0.62474127	0.20174606	13.07128362	-0.62461788
0.20215574	13.12804351	-0.52371747	0.20098928	13.12768129	-0.52355089
0.21860642	13.00110263	-0.74302258	0.21757074	13.00075445	-0.74293508
0.19727165	12.99626098	-0.69495697	0.19627111	12.99588303	-0.69486691
0.18294984	12.99934086	-0.69452218	0.18195675	12.99894677	-0.69443557
0.14470439	13.01408992	-0.68325671	0.14370219	13.01365258	-0.68316807
0.39316818	13.09056023	-0.26196184	0.39203631	13.09036960	-0.26176256
0.42869486	13.01000590	-0.17826597	0.42767882	13.00981699	-0.17809804
0.45753114	12.87929113	-0.13225967	0.45670612	12.87911331	-0.13215782
0.31092899	12.99076860	-0.86163052	0.30985480	12.99057275	-0.86155854
0.33490346	12.91262157	-0.95086263	0.33400111	12.91243915	-0.95082059
0.29292828	13.06014561	-0.74951984	0.29174602	13.05992860	-0.74940777
0.13573691	12.96068012	-0.05954078	0.13487571	12.95997307	-0.05941014
0.11373195	13.06492956	-0.10401565	0.11276694	13.06423285	-0.10381353
0.09210536	13.12849408	-0.17399383	0.09108011	13.12782731	-0.17375060
0.08695042	13.02764118	-0.62403338	0.08595669	13.02714641	-0.62392107
0.06689497	13.09304272	-0.54607653	0.06585242	13.09252627	-0.54591550
0.10609820	12.95550211	-0.67837862	0.10519243	12.95501277	-0.67830462
0.47262909	12.68418817	-0.13259200	0.47211557	12.68402233	-0.13261389
0.48270701	12.47512803	-0.16161188	0.48254636	12.47500223	-0.16178991
0.34434619	12.83164785	-1.00382490	0.34367982	12.83146137	-1.00380150
0.34566001	12.75639728	-1.03294180	0.34521153	12.75616759	-1.03290000
0.48402571	12.33777220	-0.19994797	0.48406794	12.33772844	-0.20014135
0.34486390	12.69632168	-1.05168983	0.34463357	12.69607454	-1.05164319
0.15810163	12.47088770	-0.10575981	0.15786832	12.47025533	-0.10598180
0.16371964	12.62691530	-0.07612329	0.16327515	12.62625952	-0.07624004
0.10841419	12.75438719	-0.74825807	0.10787482	12.75386687	-0.74824525
0.10850076	12.82313036	-0.72458115	0.10782425	12.82262355	-0.72455457
0.15430509	12.80617100	-0.05520901	0.15362697	12.80548119	-0.05519403
0.11051638	12.88867964	-0.70659477	0.10971612	12.88819089	-0.70654487
0.32879994	13.14330823	-0.50024192	0.32755217	13.14312859	-0.50005818
0.30271463	13.11470287	-0.62719856	0.30147272	13.11450588	-0.62705325
0.35937103	13.13504844	-0.37407141	0.35816287	13.13486662	-0.37386541
0.06305217	13.16306607	-0.34616657	0.06198869	13.16248254	-0.34592457
0.05972290	13.13933118	-0.44835014	0.05866846	13.13878997	-0.44813831
0.07452773	13.16017129	-0.25476585	0.07347228	13.15953806	-0.25451085
0.89064191	11.96909123	-0.58966098	0.89331214	11.97017227	-0.59123991
0.81676000	12.01719950	-0.47386000	0.81676000	12.01719950	-0.47386000
0.94633854	11.94442483	-0.72161193	0.95355170	11.94675021	-0.72388292
0.92733249	12.00921670	-0.72453679	0.93269969	12.01095611	-0.72624241
0.88195413	12.05410758	-0.63646017	0.88436046	12.05509471	-0.63771848
0.80855965	12.11531413	-0.53101235	0.80938617	12.11572530	-0.53156252
0.99606231	11.94694020	-0.85209592	1.00839313	11.95252432	-0.85586239
1.01134375	11.96263816	-0.96061634	1.02243332	11.96831667	-0.96347357
0.95990377	12.07395088	-0.93659044	0.96527017	12.07713097	-0.93744401
0.94793329	12.04178550	-0.82098784	0.95392538	12.04441712	-0.82255963
0.99730173	12.00233524	-1.04998449	1.00471822	12.00693774	-1.05176740
0.95417434	12.07331692	-1.13395108	0.95922401	12.07667393	-1.13493625
0.92802512	12.13459557	-1.11059179	0.93211288	12.13744818	-1.11131959
0.95357246	12.10908397	-1.03457720	0.95804266	12.11232703	-1.03545569
0.86649400	12.18836177	-1.22289330	0.86964677	12.19056376	-1.22336340
0.74564501	12.33646668	-1.27223239	0.74726436	12.33751073	-1.27241446
0.74954890	12.36451839	-1.20041026	0.75090486	12.36558869	-1.20057754
0.86374100	12.23404864	-1.16005007	0.86633978	12.23617329	-1.16044770
0.60145702	12.48326177	-1.23783168	0.60170363	12.48327912	-1.23788097
0.47071909	12.61351357	-1.15248342	0.47061568	12.61343759	-1.15242081
0.49420000	12.61570000	-1.07906000	0.49420000	12.61570000	-1.07906000
0.61447000	12.50220000	-1.16283000	0.61447000	12.50220000	-1.16283000
0.38276210	12.64699333	-1.04961750	0.38269684	12.64684670	-1.04957629
0.33197977	12.64722552	-0.95678127	0.33191240	12.64700250	-0.95674920
0.37140000	12.64100070	-0.89641000	0.37140000	12.64100070	-0.89641000
0.41679000	12.64250090	-0.98287004	0.41679000	12.64250090	-0.98287004
0.31370441	12.67894031	-0.89738410	0.31348066	12.67870585	-0.89736544
0.30953215	12.70648786	-0.86998212	0.30920088	12.70626734	-0.86997020
0.33788449	12.69445518	-0.81283001	0.33754937	12.69431119	-0.81282737
0.34719903	12.66938242	-0.84046406	0.34697509	12.66926904	-0.84047003
0.30055079	12.69376044	-0.87388599	0.30023968	12.69352637	-0.87387385
0.25744998	12.68357834	-0.84448424	0.25712218	12.68327400	-0.84447783
0.29777627	12.68082848	-0.77507073	0.29743722	12.68060757	-0.77507630
0.33675770	12.68305556	-0.81150361	0.33643879	12.68291019	-0.81150455
0.15100667	12.71886894	-0.71627197	0.15052492	12.71841042	-0.71626717
0.01898648	12.77248414	-0.57569758	0.01832481	12.77190276	-0.57567774
0.02312063	12.81016712	-0.49881400	0.02241127	12.80956026	-0.49879298
0.17501985	12.73404915	-0.64097219	0.17448784	12.73363421	-0.64097661
-0.09768989	12.81540948	-0.51293080	-0.09845606	12.81476364	-0.51291279
-0.20515108	12.84738577	-0.51687557	-0.20595308	12.84673247	-0.51683611
-0.20852004	12.91581564	-0.45646761	-0.20932867	12.91510495	-0.45636056
-0.09975679	12.87485504	-0.44275870	-0.10054448	12.87415889	-0.44269705
-0.31022568	12.86796956	-0.57675668	-0.31105709	12.86740503	-0.57669595
-0.40871884	12.87930725	-0.64454097	-0.40956393	12.87888157	-0.64447592
-0.42539006	12.90692869	-0.59271764	-0.42621886	12.90643363	-0.59260942
-0.31970810	12.92099597	-0.52164957	-0.32052369	12.92036604	-0.52152471
-0.49674944	12.88277442	-0.67265446	-0.49759670	12.88244807	-0.67257546
-0.57644057	12.87932458	-0.66092647	-0.57728249	12.87901889	-0.66082375
-0.57567305	12.88164641	-0.62553368	-0.57650269	12.88127936	-0.62542342
-0.51911173	12.89039008	-0.62440524	-0.51994354	12.88999362	-0.62430077
-0.65056116	12.87086310	-0.60940028	-0.65137977	12.87049504	-0.60926961
-0.69980247	12.85431629	-0.52992731	-0.70057975	12.85381880	-0.52979327
-0.66274130	12.87043383	-0.50160605	-0.66351440	12.86988352	-0.50146044
-0.62534002	12.87997779	-0.57838973	-0.62614659	12.87954858	-0.57825512
-0.70484227	12.82680962	-0.43478804	-0.70558462	12.82615007	-0.43468317
-0.67801778	12.77970379	-0.34509834	-0.67873078	12.77889561	-0.34505320
-0.65640533	12.78632116	-0.35798635	-0.65712374	12.78553061	-0.35793820
-0.66862991	12.83305569	-0.41813361	-0.66937099	12.83236482	-0.41802904
-0.63132330	12.70516266	-0.28202781	-0.63200572	12.70425670	-0.28207953
-0.55782827	12.64455976	-0.23340166	-0.55847463	12.64358889	-0.23353559
-0.54023401	12.70389551	-0.26459448	-0.54090419	12.70296330	-0.26466133
-0.61629423	12.74741560	-0.31444390	-0.61699393	12.74655453	-0.31444913
-0.45087425	12.63963286	-0.18599166	-0.45148269	12.63860039	-0.18614904
-0.32368359	12.61903720	-0.14999385	-0.32421625	12.61798026	-0.15017832
-0.30591995	12.67276017	-0.17877762	-0.30650007	12.67174391	-0.17890130
-0.43200286	12.69716554	-0.21576700	-0.43263838	12.69617111	-0.21585788
-0.18669741	12.51481615	-0.13658214	-0.18705642	12.51381459	-0.13683565
-0.03771521	12.39933157	-0.14390816	-0.03788288	12.39848524	-0.14421365
-0.03538601	12.46904031	-0.17495379	-0.03563641	12.46821482	-0.17520622
-0.17520918	12.57753361	-0.16537050	-0.17564131	12.57656837	-0.16556402
0.12368407	12.33934910	-0.16430542	0.12364114	12.33872158	-0.16461969
0.25226318	12.32118387	-0.18964205	0.25226206	12.32076851	-0.18992537
0.23164268	12.38083759	-0.24168603	0.23158629	12.38041619	-0.24194479
0.11387152	12.40663193	-0.20568398	0.11374424	12.40601255	-0.20595162
0.30221307	12.35558610	-0.21092249	0.30219457	12.35528210	-0.21115825
0.28748379	12.43930885	-0.28032074	0.28737443	12.43896761	-0.28053636
0.27941647	12.41150053	-0.26643560	0.27933603	12.41114865	-0.26666718
0.31367832	12.34602347	-0.22354046	0.31364861	12.34579175	-0.22374864
0.34620000	12.27620000	-0.23202000	0.34620000	12.27620000	-0.23202000
0.31974816	12.33272935	-0.29141099	0.31979677	12.33246971	-0.29164171
0.28670505	12.39773257	-0.28146870	0.28665724	12.39740166	-0.28170120
0.44425997	12.21770000	-0.27141000	0.44425997	12.21770000	-0.27141000
0.57587000	12.16340070	-0.32883000	0.57587000	12.16340070	-0.32883000
0.57033122	12.24295752	-0.38392951	0.57058510	12.24298333	-0.38418623
0.42810467	12.28591008	-0.32862690	0.42823366	12.28581118	-0.32882161
0.70622003	12.08180000	-0.39380000	0.70622003	12.08180000	-0.39380000
0.70147581	12.18144803	-0.44923356	0.70196494	12.18160205	-0.44964815
0.76594589	12.39710251	-1.04955454	0.76696426	12.39837391	-1.04972457
0.87210648	12.25056915	-1.04945469	0.87450718	12.25264384	-1.04982641
0.78541091	12.38019248	-0.86140148	0.78634448	12.38137422	-0.86154656
0.88156930	12.22838070	-0.90919448	0.88394772	12.23021752	-0.90967211
0.79858504	12.26460738	-0.67426502	0.79964387	12.26544806	-0.67460207
0.88290399	12.15399825	-0.75775503	0.88559574	12.15563776	-0.75847833
0.53358906	12.60892717	-0.90320011	0.53358073	12.60916779	-0.90322537
0.64768061	12.52383441	-0.99115235	0.64795291	12.52437758	-0.99123928
0.56525012	12.53943366	-0.69212829	0.56530309	12.53970165	-0.69225312
0.67894598	12.48047153	-0.78201361	0.67930869	12.48112204	-0.78211310
0.57152655	12.38690900	-0.51220126	0.57178193	12.38703920	-0.51246244
0.69405321	12.34118416	-0.59054157	0.69458949	12.34158835	-0.59083528
-0.21928908	12.91081373	-0.37165351	-0.22006642	12.91002677	-0.37154441
-0.11334828	12.86777543	-0.35597879	-0.11410811	12.86701975	-0.35591901
-0.24067635	12.85269272	-0.28522067	-0.24139608	12.85181375	-0.28515743
-0.13387661	12.80316415	-0.27193031	-0.13455310	12.80232319	-0.27192296
-0.01650959	12.73592328	-0.30752105	-0.01710680	12.73519334	-0.30756256
0.00646614	12.80219430	-0.40300387	0.00578527	12.80152688	-0.40299593
-0.27418868	12.76210503	-0.22257405	-0.27483994	12.76114664	-0.22260052
-0.15629997	12.68958488	-0.20986389	-0.15685753	12.68867569	-0.20995527
-0.02927032	12.60365528	-0.23091543	-0.02969148	12.60286621	-0.23106189
-0.55512316	12.91035276	-0.54318690	-0.55592448	12.90984095	-0.54303245
-0.58914073	12.90368010	-0.45145930	-0.58990575	12.90302840	-0.45128764
-0.48693713	12.92388947	-0.39012961	-0.48769675	12.92311888	-0.38995737
-0.45375646	12.93706793	-0.49568677	-0.45455416	12.93644053	-0.49551973
-0.60547669	12.83132416	-0.37253109	-0.60620921	12.83054946	-0.37244053
-0.51645126	12.82156918	-0.31399922	-0.51716734	12.82069933	-0.31393579
-0.33772340	12.93565728	-0.42782724	-0.33851344	12.93491592	-0.42767300
-0.36448127	12.90000337	-0.32924775	-0.36522839	12.89914406	-0.32912024
-0.39983767	12.80222041	-0.26078229	-0.40052620	12.80128485	-0.26075474
0.29282045	12.63913223	-0.65137578	0.29250410	12.63890138	-0.65142213
0.33459595	12.63593759	-0.67486940	0.33430343	12.63577214	-0.67490501
0.26671192	12.57192329	-0.50168583	0.26645825	12.57162338	-0.50180115
0.31308487	12.57109643	-0.51167617	0.31284170	12.57086195	-0.51178256
0.31718594	12.58910237	-0.49606892	0.31691239	12.58887065	-0.49618003
0.33554552	12.65023673	-0.66644997	0.33522804	12.65007001	-0.66648630
0.34282122	12.63276352	-0.68907262	0.34255645	12.63260873	-0.68911321
0.31968106	12.57491480	-0.51092789	0.31944214	12.57468902	-0.51104201
0.35217331	12.55531056	-0.55159242	0.35200193	12.55514475	-0.55171598
0.37231864	12.61428868	-0.73956829	0.37213774	12.61419567	-0.73960336
0.32744204	12.44034393	-0.39964107	0.32742377	12.44009085	-0.39985642
0.29486282	12.48704656	-0.37626024	0.29474081	12.48673607	-0.37644996
0.28904960	12.49113410	-0.37133510	0.28890413	12.49081642	-0.37150992
0.24157227	12.47677698	-0.35512345	0.24142915	12.47639605	-0.35531858
0.44558427	12.55428456	-0.61354638	0.44549391	12.55431217	-0.61365722
0.43863836	12.62205858	-0.81507681	0.43851663	12.62211676	-0.81508583
0.43435787	12.41218314	-0.44680239	0.43445193	12.41210158	-0.44702590
0.13715945	12.63943004	-0.40962805	0.13674354	12.63892151	-0.40971571
0.16324918	12.71005784	-0.53188442	0.16273684	12.70962631	-0.53191466
0.11892377	12.52217102	-0.29405787	0.11865683	12.52160590	-0.29424213
0.16235433	13.14469000	-0.39426270	0.16123974	13.14422317	-0.39406061
0.25829964	13.03053737	-0.12872691	0.25732823	13.03004818	-0.12855663
0.29783033	12.91650078	-0.08729186	0.29698762	12.91603295	-0.08719360
0.32731697	12.73651503	-0.09292197	0.32672620	12.73609339	-0.09294005
0.34778517	12.55722893	-0.12288120	0.34746813	12.55687907	-0.12302224
0.24007277	12.85807106	-0.81452612	0.23933282	12.85774055	-0.81449441
0.33910126	12.37485961	-0.18545509	0.33905384	12.37461628	-0.18565270
0.17505153	13.06095569	-0.58822505	0.17398404	13.06055854	-0.58810235
0.20077438	12.99106543	-0.68830509	0.19978641	12.99069311	-0.68821665
0.90440643	11.96454758	-0.57575329	0.90689311	11.96582708	-0.57720548
0.82693890	12.01980008	-0.45673409	0.82684096	12.01981704	-0.45675012
0.96431365	11.93194423	-0.71219674	0.97161971	11.93480600	-0.71419707
0.74901984	12.33521719	-1.28775981	0.75065084	12.33630185	-1.28794353
0.46104369	12.61927280	-1.16612252	0.46092699	12.61917889	-1.16606207
0.35335476	12.65750552	-1.05813360	0.35324432	12.65727055	-1.05808095
0.28723705	12.66118984	-0.96000966	0.28711530	12.66084329	-0.95997893
0.27277369	12.69137130	-0.89891476	0.27249934	12.69104572	-0.89889834
0.25619749	12.70276356	-0.88591819	0.25584185	12.70244832	-0.88589954
0.20792135	12.68853077	-0.86787854	0.20757177	12.68813783	-0.86785972
0.11945542	12.71028607	-0.75345261	0.11900325	12.70977455	-0.75344100
0.01110554	12.74365900	-0.62323291	0.01050784	12.74306879	-0.62321043
-0.19744059	12.78423171	-0.55787343	-0.19824007	12.78362338	-0.55788818
-0.30046061	12.82590358	-0.60796563	-0.30130162	12.82537294	-0.60795269
-0.48416419	12.88791138	-0.69488246	-0.48501479	12.88761722	-0.69480115
-0.56633740	12.89076542	-0.68340341	-0.56718302	12.89049255	-0.68328915
-0.71209872	12.85864650	-0.54143233	-0.71287932	12.85816916	-0.54128671
-0.18885363	12.52449754	-0.11453062	-0.18923136	12.52347654	-0.11477928
0.14142521	12.35505620	-0.13962847	0.14135483	12.35443707	-0.13992869
0.30967097	12.38339927	-0.22348911	0.30961622	12.38310983	-0.22371331
0.38347047	12.29385957	-0.19563846	0.38350776	12.29380284	-0.19573620
0.46945771	12.23734524	-0.23923510	0.46951112	12.23735064	-0.23933277
0.71435704	12.09203384	-0.37217126	0.71442037	12.09212376	-0.37227893
0.29566516	12.51425261	-0.36938570	0.29548460	12.51394007	-0.36955344
0.58338033	12.77858704	-0.54125852	0.58273070	12.77887988	-0.54119290
0.30401786	12.98919232	-0.52986767	0.30302637	12.98896206	-0.52976200
0.03321988	12.99435969	-0.26226073	0.03233503	12.99366757	-0.26211464
0.10153648	13.07706062	-0.30724423	0.10054203	13.07647604	-0.30705854
0.31887888	12.86826861	-0.29416007	0.31810063	12.86794034	-0.29410046
0.03005915	12.96711920	-0.42075415	0.02918784	12.96649836	-0.42063894
0.12334819	13.04502516	-0.41677731	0.12236217	13.04451244	-0.41662740
0.36614442	12.82362816	-0.69341072	0.36545750	12.82352345	-0.69337440
0.15779539	13.02836597	-0.17879173	0.15684796	13.02776948	-0.17862589
0.21983808	12.81476049	-0.79364573	0.21919514	12.81439968	-0.79362226
0.32963188	12.75823210	-0.53111816	0.32906482	12.75802715	-0.53111422
0.32775926	12.88685741	-0.84133812	0.32693189	12.88668966	-0.84129421
0.39464821	12.43585886	-0.24608734	0.39455181	12.43566860	-0.24628852
0.24479295	13.04657903	-0.44600889	0.24375255	13.04623115	-0.44586838
0.47653810	12.68536845	-0.66770420	0.47617852	12.68547334	-0.66771731
0.69754414	12.75141497	-0.77243075	0.69696544	12.75217738	-0.77233374
0.32720980	12.93950027	-0.19976010	0.32632604	12.93914423	-0.19965229
-0.42749560	12.90966932	-0.24400638	-0.42822569	12.90870667	-0.24385659
0.15345972	13.08097513	-0.24804183	0.15244795	13.08041528	-0.24784998
0.32306760	12.94646568	-0.68757840	0.32214522	12.94628908	-0.68749908
-0.51451863	12.90942699	-0.28432928	-0.51524630	12.90851561	-0.28415882
0.22850610	13.03116829	-0.32779191	0.22751821	13.03073882	-0.32764574
0.29052941	12.45913037	-0.20162786	0.29036401	12.45875799	-0.20183021
0.11934643	13.09839678	-0.36927884	0.11831433	13.09786374	-0.36909068
0.21012363	13.07712497	-0.48819067	0.20904247	13.07674938	-0.48804108
0.25496744	12.61222278	-0.24526961	0.25458595	12.61179547	-0.24537873
0.16779587	12.93714835	-0.50826220	0.16691887	12.93671027	-0.50818148
0.27682226	12.89094889	-0.83125801	0.27599794	12.89068310	-0.83121582
0.28377505	12.84022067	-0.83453764	0.28307537	12.83996099	-0.83450830
0.23096251	13.02181649	-0.54406097	0.22993692	13.02147971	-0.54394518
0.37622804	12.79911327	-0.19790569	0.37554144	12.79883142	-0.19787699
0.49833901	12.59233583	-0.43335945	0.49805946	12.59234444	-0.43346313
0.30509992	12.76062410	-0.88725177	0.30463724	12.76039382	-0.88723461
0.16098094	12.96443266	-0.64345151	0.16005047	12.96400474	-0.64336911
0.39171989	12.37571125	-0.22297952	0.39170168	12.37554960	-0.22317983
0.35857130	12.48360827	-0.31304968	0.35842972	12.48337200	-0.31323802
0.19518033	12.86793771	-0.18656488	0.19441697	12.86739370	-0.18650713
0.38917357	12.73025879	-0.90968957	0.38881134	12.73021308	-0.90966960
0.29664996	12.79290060	-0.84865916	0.29608129	12.79266033	-0.84863843
0.14574217	13.11339745	-0.28030013	0.14469747	13.11285007	-0.28009310
0.41520058	12.60657054	-0.24778261	0.41485069	12.60637976	-0.24787911
0.21491374	12.85979742	-0.77031435	0.21416975	12.85943472	-0.77027838
0.42773706	12.71352086	-0.82692113	0.42738117	12.71354898	-0.82690251
0.82632552	12.74848045	-0.86773568	0.82571181	12.74974919	-0.86758817
0.56508890	12.79251406	-0.92708216	0.56446856	12.79290332	-0.92703503
0.34136026	12.68578485	-0.19922329	0.34086151	12.68545669	-0.19927865
0.25133815	12.76248169	-0.18147232	0.25071979	12.76200774	-0.18148219
