0.84910787	12.73756427	-0.41901464	0.84819379	12.73793631	-0.41838935
0.81980404	12.87571962	-0.44734981	0.81861170	12.87606399	-0.44659362
0.89607964	12.83478858	-0.54573226	0.89499288	12.83534823	-0.54498683
0.92840858	12.70165715	-0.53142549	0.92758435	12.70226113	-0.53079031
0.77702215	12.96658012	-0.50741582	0.77565183	12.96689510	-0.50657583
0.85732646	12.92083405	-0.58846003	0.85608340	12.92135954	-0.58764307
0.90678409	12.87817805	-0.64889668	0.90566111	12.87884517	-0.64809923
0.94534321	12.80838060	-0.64331987	0.94435822	12.80911092	-0.64256872
0.97966743	12.67935259	-0.64452918	0.97893951	12.68013500	-0.64386926
0.71607934	12.76758269	-1.16300355	0.71558916	12.76817972	-1.16246794
0.83844795	12.71737110	-1.14115439	0.83800010	12.71820414	-1.14055729
0.80650934	12.82375976	-1.07217507	0.80578635	12.82450562	-1.07148569
0.68425557	12.86970936	-1.08893976	0.68347470	12.87024913	-1.08828577
0.93960616	12.68387125	-1.07829466	0.93916972	12.68488186	-1.07763479
0.90607577	12.79485364	-1.01946570	0.90535359	12.79577010	-1.01873162
0.86617769	12.86320999	-0.96877629	0.86527519	12.86402582	-0.96800395
0.78728347	12.90387846	-0.98409925	0.78632650	12.90455978	-0.98333780
0.66520112	12.94953150	-0.98949034	0.66415807	12.95000395	-0.98874134
0.59409374	12.83368290	-0.20659160	0.59297098	12.83331560	-0.20589067
0.57525595	12.97068958	-0.25377817	0.57383423	12.97031232	-0.25289252
0.70942135	12.92362987	-0.34692906	0.70811208	12.92365129	-0.34613560
0.73142331	12.78424601	-0.30689339	0.73041032	12.78428135	-0.30625043
0.54432198	13.05716738	-0.33788842	0.54270908	13.05681111	-0.33688435
0.67288303	13.01404887	-0.42243965	0.67138442	13.01406709	-0.42154255
0.46585415	12.88201776	-1.06227429	0.46504694	12.88215135	-1.06169188
0.59241170	12.82812656	-1.13520666	0.59178128	12.82850560	-1.13465276
0.56121190	12.92044146	-1.06254193	0.56030649	12.92075690	-1.06188043
0.43690628	12.96439450	-0.98734463	0.43583363	12.96442564	-0.98663212
0.54057943	12.99490864	-0.96062293	0.53940308	12.99512125	-0.95984219
0.41566679	13.03369049	-0.88436110	0.41433849	13.03360451	-0.88351877
-0.01701360	12.98402846	-0.06194770	-0.01849985	12.98169135	-0.06041016
-0.14621629	12.99461845	-0.08278716	-0.14788884	12.99185746	-0.08087585
-0.14975797	13.06845120	-0.12766896	-0.15179763	13.06582049	-0.12525471
-0.02372669	13.07150864	-0.10484050	-0.02546661	13.06924421	-0.10296577
-0.26538436	12.99571878	-0.11943430	-0.26714998	12.99273879	-0.11756049
-0.26684846	13.05780595	-0.16688901	-0.26882050	13.05502678	-0.16470871
-0.26811225	13.10003622	-0.23191139	-0.27015970	13.09758941	-0.22956292
-0.15311305	13.11647811	-0.19225801	-0.15559893	13.11418627	-0.18937326
-0.02933686	13.12602271	-0.16992002	-0.03131844	13.12392576	-0.16779283
0.02818448	12.97487930	-0.58710703	0.02666132	12.97408413	-0.58580017
0.01285453	13.03712186	-0.56089734	0.01118576	13.03625642	-0.55936746
-0.06804297	13.03933196	-0.54937907	-0.06972016	13.03845546	-0.54757008
-0.05365238	12.98324416	-0.56593518	-0.05522477	12.98242177	-0.56441320
-0.00696235	13.09073736	-0.51255951	-0.00874115	13.08972896	-0.51075330
-0.08989321	13.08516244	-0.51286285	-0.09167149	13.08412307	-0.51079496
-0.18299483	13.07823008	-0.52911939	-0.18469426	13.07721789	-0.52702449
-0.16019099	13.03769742	-0.56569676	-0.16183834	13.03685670	-0.56381856
-0.14535236	12.98664190	-0.58389127	-0.14693033	12.98587382	-0.58227229
0.98708973	12.29020877	-0.67113739	0.98707636	12.29094683	-0.67074173
0.96675053	12.07117462	-0.68742500	0.96704962	12.07184351	-0.68723051
0.91388378	12.09755423	-0.55221207	0.91398243	12.09796365	-0.55205709
0.92832942	12.30454066	-0.53615640	0.92820734	12.30504306	-0.53584904
0.83578208	12.14700681	-0.43107346	0.83578342	12.14716769	-0.43096383
0.84285384	12.32935771	-0.41092631	0.84268119	12.32963816	-0.41067369
0.97966674	12.38195383	-1.14046512	0.97995983	12.38309612	-1.13997582
0.88475028	12.44228392	-1.20958095	0.88498153	12.44325596	-1.20915418
0.88067006	12.28276051	-1.23465660	0.88131473	12.28375634	-1.23436160
0.97275891	12.19059156	-1.15607786	0.97349443	12.19173766	-1.15573934
0.75735791	12.51797175	-1.23866226	0.75739849	12.51856164	-1.23835077
0.75411356	12.39779895	-1.27024798	0.75453797	12.39843403	-1.27003704
0.86875312	12.17802558	-1.24271349	0.86964879	12.17901959	-1.24253182
0.95419923	12.05590476	-1.15447677	0.95517922	12.05703090	-1.15430294
0.99255711	12.49931271	-0.65613036	0.99217913	12.50009195	-0.65560880
0.93582670	12.51500260	-0.52976471	0.93536621	12.51558824	-0.52929261
0.85153553	12.54310590	-0.40785479	0.85100652	12.54345863	-0.40741977
0.86760484	12.58872864	-1.18263579	0.86745125	12.58962227	-1.18213672
0.96669816	12.54636203	-1.11665495	0.96659512	12.54746179	-1.11607185
0.74227517	12.64584144	-1.20770143	0.74202970	12.64643790	-1.20725894
0.59947507	12.41982381	-0.22528315	0.59921283	12.41964607	-0.22506500
0.59900868	12.63440827	-0.20222919	0.59829543	12.63411047	-0.20177693
0.73249812	12.58528349	-0.29664825	0.73188621	12.58533821	-0.29622302
0.72679546	12.37105020	-0.30803457	0.72658009	12.37110096	-0.30781989
0.46836097	12.70523702	-1.15027332	0.46814681	12.70537746	-1.15007673
0.61191840	12.61539477	-1.21906683	0.61184090	12.61558925	-1.21888967
0.60824083	12.71990448	-1.18522035	0.60795942	12.72024534	-1.18489964
0.47288284	12.78915792	-1.11616314	0.47240784	12.78930084	-1.11578134
0.58648343	12.17476583	-0.30176684	0.58648049	12.17472739	-0.30174514
0.59701564	12.28062939	-0.26230806	0.59696858	12.28053287	-0.26220165
0.72310519	12.21628796	-0.33752279	0.72307844	12.21632179	-0.33742208
0.60098234	12.48717468	-1.25187508	0.60113407	12.48730286	-1.25189835
0.60696042	12.53463749	-1.24349944	0.60701636	12.53479820	-1.24346069
0.46252621	12.64944577	-1.16614540	0.46243369	12.64954289	-1.16603158
-0.00729469	12.70682771	-0.06370813	-0.00816286	12.70464975	-0.06306112
-0.15659436	12.77396708	-0.07050352	-0.15765759	12.77128147	-0.06963631
-0.14742361	12.89642224	-0.06611379	-0.14878849	12.89365049	-0.06468536
-0.00845128	12.86083908	-0.05159313	-0.00964049	12.85854186	-0.05048219
-0.29318919	12.82409525	-0.09487096	-0.29444066	12.82103669	-0.09384519
-0.27520369	12.91910779	-0.09722015	-0.27670596	12.91604459	-0.09573694
0.02461801	12.84545005	-0.61734687	0.02338382	12.84469292	-0.61642724
0.03058766	12.91086182	-0.60423749	0.02920476	12.91010083	-0.60314396
-0.05053790	12.92143841	-0.57613943	-0.05198293	12.92062769	-0.57488258
-0.05861291	12.85658774	-0.58080196	-0.05995077	12.85577855	-0.57975338
-0.14198975	12.92940219	-0.59290167	-0.14346768	12.92868366	-0.59153272
-0.15165791	12.86852296	-0.59248519	-0.15307109	12.86778909	-0.59135772
-0.03495726	12.41157167	-0.12016903	-0.03518398	12.40952354	-0.12018368
-0.17676163	12.62731207	-0.08991220	-0.17748848	12.62473229	-0.08951134
-0.02098708	12.53657432	-0.08892995	-0.02148925	12.53449524	-0.08867563
-0.32835094	12.61931550	-0.12940099	-0.32906999	12.61638852	-0.12919817
-0.31532773	12.70668255	-0.10837970	-0.31629129	12.70367912	-0.10784865
0.01479305	12.77916419	-0.62957128	0.01368549	12.77841324	-0.62878841
-0.07795327	12.79013343	-0.57860534	-0.07922051	12.78930962	-0.57773145
-0.09585289	12.76297851	-0.55876849	-0.09712699	12.76211645	-0.55795750
-0.17569275	12.80584321	-0.58123100	-0.17704428	12.80506102	-0.58032568
-0.38753207	12.99297009	-0.16943656	-0.38924341	12.98994008	-0.16768219
-0.37981693	13.04386407	-0.21438374	-0.38162590	13.04108506	-0.21237865
-0.49692056	12.98648094	-0.22674770	-0.49851592	12.98345931	-0.22509592
-0.47723230	13.02806612	-0.26699771	-0.47889962	13.02529921	-0.26512397
-0.45507407	13.06223686	-0.31664965	-0.45679322	13.05978118	-0.31459309
-0.36983554	13.08196189	-0.27294796	-0.37168778	13.07948838	-0.27077287
-0.26413136	13.03562699	-0.58541444	-0.26574526	13.03484874	-0.58349060
-0.24954636	12.99076445	-0.61103221	-0.25110417	12.99012178	-0.60933380
-0.28464443	13.07140553	-0.54443829	-0.28630600	13.07040000	-0.54232807
-0.37908616	13.06278613	-0.55354887	-0.38071212	13.06177943	-0.55146689
-0.36384430	13.03237006	-0.59889271	-0.36542138	13.03164131	-0.59697713
-0.35389582	12.99462018	-0.63331603	-0.35542013	12.99410772	-0.63161629
-0.25074060	12.94244474	-0.62761873	-0.25224772	12.94188051	-0.62615552
-0.36118735	12.95605193	-0.65870817	-0.36268454	12.95568813	-0.65722814
-0.37564791	12.91894812	-0.67350333	-0.37710420	12.91869009	-0.67226038
-0.26331163	12.89295376	-0.63289953	-0.26476156	12.89242000	-0.63168025
-0.54078718	12.88012341	-0.18819178	-0.54214387	12.87677820	-0.18712138
-0.56012307	12.75832295	-0.19576885	-0.56115653	12.75497018	-0.19535128
-0.63616222	12.79577399	-0.25330921	-0.63723893	12.79250501	-0.25278169
-0.61853070	12.89174822	-0.25079554	-0.61985422	12.88852758	-0.24969076
-0.56771135	12.65405176	-0.21453694	-0.56843436	12.65078927	-0.21463910
-0.64313186	12.71348077	-0.26654279	-0.64394449	12.71024928	-0.26650743
-0.69154246	12.78432315	-0.33588183	-0.69247940	12.78135354	-0.33550533
-0.68541814	12.83643829	-0.32918602	-0.68650581	12.83346727	-0.32846166
-0.66963528	12.89952315	-0.32959216	-0.67088204	12.89661767	-0.32844975
-0.45806719	12.64359877	-0.16602180	-0.45883283	12.64039547	-0.16596485
-0.44748057	12.73947574	-0.14569166	-0.44852228	12.73622406	-0.14519381
-0.42599711	12.85864785	-0.13543013	-0.42732980	12.85540532	-0.13435703
-0.47118386	12.93457734	-0.68481509	-0.47267427	12.93439971	-0.68350055
-0.47785001	12.90767550	-0.69591136	-0.47931975	12.90757340	-0.69478518
-0.38763401	12.88562322	-0.67594298	-0.38907890	12.88538542	-0.67490914
-0.55783777	12.93906959	-0.66532408	-0.55931374	12.93873203	-0.66402719
-0.56244145	12.91265748	-0.68066397	-0.56391388	12.91244912	-0.67955959
-0.39850442	12.86864269	-0.66583855	-0.39995384	12.86835450	-0.66490135
-0.28301801	12.84461047	-0.62581944	-0.28443023	12.84402713	-0.62483243
0.89662409	12.88654895	-0.90004755	0.89561519	12.88738112	-0.89923418
0.79633328	12.95323912	-0.88594187	0.79518619	12.95388314	-0.88511031
0.91294974	12.90088173	-0.81128939	0.91186307	12.90167007	-0.81045932
0.81749881	12.97309890	-0.78139007	0.81624479	12.97370885	-0.78053142
0.70674912	13.02836936	-0.73997193	0.70533898	13.02872931	-0.73907646
0.67725699	13.00424477	-0.86919034	0.67598452	13.00465073	-0.86834080
0.91392077	12.89698800	-0.71941758	0.91279319	12.89771814	-0.71859747
0.83449564	12.96429390	-0.67486312	0.83320466	12.96484914	-0.67400800
0.73966191	13.01652175	-0.61273483	0.73822178	13.01685039	-0.61184557
0.99917548	12.67339909	-0.98348420	0.99867760	12.67447859	-0.98276711
0.96087367	12.79488150	-0.93834922	0.96008226	12.79586187	-0.93757627
1.02207351	12.67384759	-0.87216756	1.02149410	12.67488397	-0.87144892
0.98049138	12.80422861	-0.84156298	0.97961663	12.80516981	-0.84078116
1.01325373	12.67276628	-0.75890301	1.01260398	12.67368633	-0.75821233
0.97443697	12.80368217	-0.74220861	0.97351081	12.80453478	-0.74143870
0.55683745	13.04932232	-0.82393922	0.55542625	13.04946068	-0.82305360
0.59326935	13.07496408	-0.67493634	0.59170708	13.07506022	-0.67398831
0.46907208	13.11315263	-0.59200272	0.46736822	13.11292440	-0.59093960
0.43224143	13.08672839	-0.74414881	0.43067156	13.08657863	-0.74316491
0.63309168	13.06374898	-0.53680459	0.63150136	13.06379803	-0.53585277
0.50764587	13.10397011	-0.45383785	0.50593824	13.10367586	-0.45277531
-0.38793014	13.07933331	-0.49538623	-0.38960031	13.07797391	-0.49321518
-0.47119594	13.06087228	-0.50864686	-0.47282595	13.05950499	-0.50655618
-0.45103749	13.05022306	-0.55110039	-0.45264360	13.04914377	-0.54906555
-0.40030956	13.08434246	-0.43227734	-0.40201338	13.08261253	-0.43008750
-0.49353829	13.06199515	-0.46419419	-0.49517554	13.06032540	-0.46209348
-0.57751492	13.03581255	-0.49419957	-0.57911573	13.03420275	-0.49220752
-0.53980586	13.03843023	-0.52654864	-0.54140783	13.03708816	-0.52455170
-0.50200135	13.03736488	-0.55258794	-0.50359618	13.03625286	-0.55060565
-0.42607069	13.07988706	-0.37220950	-0.42779619	13.07777803	-0.37005138
-0.50752833	13.05693184	-0.41292924	-0.50915913	13.05491904	-0.41086560
-0.52262134	13.04152807	-0.36230467	-0.52424843	13.03919787	-0.36033882
-0.56788361	13.02494499	-0.39514125	-0.56945749	13.02271150	-0.39323339
-0.57955903	13.03080506	-0.44374589	-0.58114131	13.02886328	-0.44179357
-0.02312775	13.12878924	-0.42986274	-0.02503906	13.12750162	-0.42781175
-0.11468881	13.11643283	-0.44155538	-0.11655788	13.11508477	-0.43925091
-0.03290915	13.14934109	-0.33410249	-0.03492882	13.14776258	-0.33189666
-0.13619201	13.13290701	-0.35427143	-0.13821621	13.13117626	-0.35172968
-0.23664192	13.11592577	-0.38625376	-0.23846559	13.11419931	-0.38389250
-0.21025263	13.10365254	-0.46490025	-0.21202357	13.10233115	-0.46264569
-0.03381658	13.15007770	-0.24679827	-0.03590726	13.14818716	-0.24454386
-0.14821939	13.13515331	-0.26984771	-0.15040880	13.13306921	-0.26711253
-0.25701232	13.11705339	-0.30662393	-0.25895499	13.11495372	-0.30422776
0.99194050	11.97686854	-1.05821637	0.99287207	11.97795828	-1.05808261
1.01407456	12.12188157	-1.05597886	1.01479421	12.12301425	-1.05565586
0.99431425	11.93181959	-0.95290085	0.99511731	11.93279811	-0.95282989
1.01981280	12.07854623	-0.94184540	1.02042883	12.07957044	-0.94156656
1.03834823	12.29638850	-0.92605913	1.03856867	12.29746420	-0.92557899
1.02714403	12.33109514	-1.04190435	1.02742599	12.33225356	-1.04140123
0.97550876	11.91510492	-0.83395827	0.97618278	11.91594831	-0.83391976
1.00300108	12.06314233	-0.81849978	1.00348099	12.06401722	-0.81826886
1.02442799	12.28517504	-0.80180759	1.02454009	12.28609665	-0.80136820
1.02202920	12.51694061	-1.01737436	1.02189474	12.51808179	-1.01675489
1.04053348	12.49937669	-0.90226005	1.04033190	12.50046038	-0.90165710
1.02912297	12.49377909	-0.78105502	1.02884067	12.49473134	-0.78048680
-0.64415938	12.93285682	-0.61340007	-0.64565189	12.93206130	-0.61205572
-0.65085468	12.90328100	-0.62590203	-0.65231937	12.90257779	-0.62475660
-0.70226362	12.92116894	-0.53389152	-0.70364797	12.91958480	-0.53253321
-0.71260094	12.88510271	-0.54054299	-0.71390909	12.88354128	-0.53941582
-0.65263865	12.87993031	-0.62773480	-0.65406825	12.87923683	-0.62674960
-0.70431599	12.90975735	-0.43167931	-0.70559729	12.90739882	-0.43044672
-0.71764817	12.86474464	-0.43343204	-0.71878561	12.86234635	-0.43246908
-0.72046003	12.82912627	-0.43581478	-0.72148227	12.82672958	-0.43508834
-0.30123529	13.09242124	-0.48181673	-0.30293884	13.09107950	-0.47959471
-0.31980525	13.10104042	-0.40929439	-0.32156331	13.09930937	-0.40702591
-0.34623358	13.09928684	-0.33888882	-0.34805126	13.09716650	-0.33664138
-0.59857944	12.94437916	-0.26253186	-0.60002558	12.94128861	-0.26110770
-0.51861683	12.94660104	-0.19946507	-0.52013865	12.94337673	-0.19803392
-0.65211707	12.93988340	-0.33809240	-0.65347413	12.93708896	-0.33671177
-0.62900519	12.96980288	-0.35434747	-0.63044813	12.96717705	-0.35278710
-0.57554154	12.97681762	-0.28619499	-0.57704578	12.97393148	-0.28457881
-0.40424016	12.93716119	-0.14332944	-0.40579268	12.93398615	-0.14185084
-0.45840814	12.96534167	-0.66582238	-0.45992189	12.96503835	-0.66430059
-0.44689420	12.99723725	-0.63695814	-0.44843685	12.99673152	-0.63523880
-0.53092216	12.99561964	-0.62034285	-0.53246200	12.99495105	-0.61864438
-0.54657644	12.96756909	-0.64689718	-0.54808875	12.96708141	-0.64538932
-0.66117319	12.97814842	-0.52104734	-0.66267445	12.97657412	-0.51935985
-0.68537702	12.95076846	-0.52795775	-0.68682451	12.94918943	-0.52642887
-0.63051320	12.96090434	-0.60002187	-0.63202371	12.96000840	-0.59849384
-0.60981132	12.98778276	-0.58159387	-0.61134604	12.98675958	-0.57989129
-0.62929206	13.00721076	-0.51144987	-0.63085042	13.00562859	-0.50959270
-0.58281522	13.01376977	-0.55399452	-0.58438811	13.01257198	-0.55213515
-0.51310784	13.02078872	-0.58045022	-0.51467399	13.01985563	-0.57857878
-0.68695949	12.94297418	-0.43362284	-0.68833252	12.94067849	-0.43218012
-0.66266233	12.97115881	-0.43897236	-0.66410706	12.96896572	-0.43735266
-0.59681173	13.00137795	-0.37802234	-0.59832870	12.99896748	-0.37626501
-0.62905074	13.00144252	-0.44735753	-0.63056812	12.99939459	-0.44555706
-0.54783153	13.01206365	-0.31975255	-0.54940602	13.00943497	-0.31795300
-0.44366877	13.02729589	-0.59633079	-0.44524405	13.02651246	-0.59442576
0.17755701	13.11762787	-0.18080002	0.17578325	13.11615505	-0.17922730
0.14761098	13.15662051	-0.26562178	0.14568891	13.15524574	-0.26390903
0.17543635	13.14478156	-0.28059933	0.17355891	13.14350838	-0.27897768
0.20964940	13.10461252	-0.19267721	0.20791759	13.10324608	-0.19120331
0.12723450	13.16422188	-0.36053475	0.12529763	13.16302485	-0.35875251
0.15346268	13.15313112	-0.37784396	0.15156534	13.15202482	-0.37617959
0.18007865	13.13597620	-0.29074276	0.17822981	13.13473749	-0.28916341
0.21407410	13.09629961	-0.19919020	0.21235885	13.09496276	-0.19775139
0.18671783	13.14370276	-0.29179847	0.18486517	13.14248186	-0.29021597
0.21947581	13.10279016	-0.19405257	0.21775790	13.10145673	-0.19260607
0.16758492	13.15137425	-0.39518493	0.16570268	13.15032682	-0.39358749
0.21162162	13.15739136	-0.42145877	0.20974014	13.15646500	-0.41996079
0.23318730	13.14929051	-0.31007029	0.23132697	13.14820510	-0.30858410
0.26537924	13.10636223	-0.20508556	0.26364884	13.10515750	-0.20370937
0.25402220	12.93089580	-0.06233641	0.25272500	12.92939950	-0.06130399
0.21657397	13.04730734	-0.10686349	0.21499835	13.04580123	-0.10550991
0.25277690	13.03481909	-0.11849154	0.25122498	13.03342873	-0.11721411
0.29360783	12.91796540	-0.07558595	0.29233013	12.91662498	-0.07460494
0.26304416	13.03290653	-0.11905626	0.26149919	13.03154602	-0.11779902
0.30482310	12.91618270	-0.07902256	0.30355080	12.91488633	-0.07805229
0.30827660	13.03170294	-0.12662280	0.30673580	13.03047339	-0.12543337
0.34863966	12.90869332	-0.08507528	0.34738056	12.90753013	-0.08415103
0.37484769	12.72010236	-0.09002495	0.37396470	12.71906602	-0.08943514
0.33473663	12.73355008	-0.08548436	0.33382969	12.73240050	-0.08485563
0.39318997	12.52518870	-0.12141810	0.39269152	12.52435194	-0.12111189
0.35557312	12.54903927	-0.11668627	0.35502439	12.54808253	-0.11635186
0.32333710	12.73563050	-0.08074413	0.32242359	12.73443634	-0.08010863
0.34336913	12.55173885	-0.11177927	0.34281417	12.55073331	-0.11144006
0.29767009	12.56514227	-0.09371306	0.29709026	12.56396310	-0.09335907
0.28125112	12.75266461	-0.06470134	0.28031107	12.75130972	-0.06403745
0.26490133	12.78304693	-0.91843447	0.26428168	12.78270206	-0.91801514
0.25454673	12.85327297	-0.89322649	0.25367260	12.85289395	-0.89265220
0.23524472	12.85914984	-0.83400737	0.23427584	12.85872514	-0.83337967
0.24630644	12.79832369	-0.85796706	0.24553004	12.79791591	-0.85746452
0.23885380	12.92533430	-0.84254502	0.23773920	12.92490930	-0.84181320
0.21898376	12.92372905	-0.78667899	0.21781577	12.92325181	-0.78589663
0.22546088	12.91935869	-0.76880556	0.22428043	12.91889108	-0.76800884
0.24713008	12.80420551	-0.83713203	0.24630285	12.80381428	-0.83659139
0.21885242	12.85964887	-0.81942761	0.21784070	12.85922522	-0.81874485
0.22410324	12.80233971	-0.84266653	0.22326866	12.80193045	-0.84209023
0.20789116	12.92329878	-0.77677230	0.20669887	12.92282440	-0.77595179
0.16724100	12.93549051	-0.76198866	0.16599726	12.93495749	-0.76110352
0.17527950	12.86821204	-0.80086717	0.17422478	12.86771457	-0.80013758
0.17757881	12.80463393	-0.82223586	0.17669675	12.80415290	-0.82162618
0.27022751	12.71290039	-0.94372802	0.26986499	12.71256053	-0.94341457
0.25431104	12.73712045	-0.88237883	0.25374773	12.73674874	-0.88199613
0.25591211	12.75279443	-0.85992609	0.25524866	12.75242739	-0.85948097
0.27385598	12.71628184	-0.87328440	0.27333321	12.71595325	-0.87291536
0.23324598	12.74463525	-0.86973782	0.23258778	12.74425262	-0.86927948
0.18441455	12.73705220	-0.85203790	0.18371788	12.73660785	-0.85153894
0.28279900	12.32598222	-0.16272451	0.28280428	12.32497596	-0.16278437
0.29957635	12.42250519	-0.12842317	0.29928366	12.42147610	-0.12828912
0.34739325	12.42125652	-0.14469658	0.34711257	12.42044074	-0.14453988
0.33328223	12.35193756	-0.17759130	0.33319531	12.35120044	-0.17754351
0.35134572	12.43390588	-0.15192737	0.35103949	12.43310707	-0.15175285
0.36114783	12.41438923	-0.14975193	0.36088500	12.41363753	-0.14959300
0.34755274	12.34668098	-0.18384706	0.34741516	12.34608423	-0.18373774
0.39842537	12.38137407	-0.15825388	0.39824727	12.38078735	-0.15810257
0.11669103	13.13977697	-0.46604170	0.11481943	13.13881676	-0.46436601
0.14674880	13.12657395	-0.48048905	0.14492511	13.12567790	-0.47892652
0.12049599	13.08811721	-0.57497608	0.11876448	13.08736247	-0.57352551
0.15586993	13.07284454	-0.58604331	0.15419020	13.07213936	-0.58471226
0.15883138	13.11530865	-0.48744977	0.15703643	13.11443670	-0.48595430
0.16464527	13.12168110	-0.48762605	0.16284313	13.12081036	-0.48613511
0.17499065	13.06610275	-0.58244119	0.17333256	13.06540445	-0.58117903
0.20125012	13.07157560	-0.62198580	0.19961588	13.07094869	-0.62079668
0.20015146	13.12764677	-0.52044325	0.19834613	13.12687694	-0.51906022
0.21746769	13.00125427	-0.74093008	0.21607606	13.00074062	-0.73998953
0.19589161	12.99641175	-0.69264726	0.19446711	12.99584188	-0.69164584
0.18150862	12.99956188	-0.69208331	0.18006823	12.99898348	-0.69104457
0.14313349	13.01437163	-0.68052909	0.14163540	13.01374335	-0.67939058
0.39119690	13.08950649	-0.25939161	0.38950964	13.08870263	-0.25822924
0.42686997	13.00888200	-0.17600919	0.42536746	13.00805144	-0.17498807
0.45594987	12.87822751	-0.13037783	0.45474012	12.87743055	-0.12956708
0.31041725	12.99080672	-0.85995413	0.30916068	12.99051027	-0.85914860
0.33474163	12.91277702	-0.94951122	0.33375187	12.91259776	-0.94886672
0.29194122	13.06007530	-0.74744003	0.29043076	13.05966642	-0.74646346
0.13376272	12.95764026	-0.05652144	0.13240604	12.95574850	-0.05529045
0.11135830	13.06191698	-0.10008618	0.10973153	13.06004984	-0.09852866
0.08924932	13.12582591	-0.16938058	0.08741073	13.12408248	-0.16759462
0.08508880	13.02786577	-0.62070460	0.08350555	13.02713156	-0.61937488
0.06459413	13.09300355	-0.54190011	0.06282871	13.09214258	-0.54028684
0.10460646	12.95589957	-0.67585565	0.10322843	12.95524653	-0.67480342
0.47129095	12.68331804	-0.13112883	0.47047785	12.68261563	-0.13061045
0.48159569	12.47458588	-0.16033543	0.48122139	12.47406474	-0.16006268
0.34440648	12.83187725	-1.00287362	0.34373129	12.83175627	-1.00242412
0.34576608	12.75671843	-1.03225161	0.34533082	12.75659662	-1.03191430
0.48328654	12.33746806	-0.19898789	0.48320729	12.33716085	-0.19887495
0.34499045	12.69670727	-1.05133673	0.34478498	12.69659525	-1.05113865
0.15722285	12.46872687	-0.10517323	0.15684555	12.46717222	-0.10503360
0.16244017	12.62460326	-0.07487729	0.16175027	12.62296883	-0.07444231
0.10724228	12.75501898	-0.74673766	0.10635904	12.75443050	-0.74611532
0.10724676	12.82367563	-0.72278558	0.10619202	12.82306656	-0.72203787
0.15265786	12.80346572	-0.05311992	0.15160717	12.80168371	-0.05228985
0.10913556	12.88915226	-0.70451411	0.10790880	12.88853379	-0.70363290
0.32698537	13.14276475	-0.49749284	0.32515864	13.14216145	-0.49624901
0.30128739	13.11443760	-0.62468970	0.29957551	13.11393874	-0.62354734
0.35735963	13.13423155	-0.37128923	0.35554540	13.13351664	-0.37003583
0.06001413	13.16148217	-0.34096309	0.05804337	13.16009975	-0.33900072
0.05699822	13.13858218	-0.44339207	0.05510604	13.13747787	-0.44152407
0.07143109	13.15789366	-0.24971371	0.06946416	13.15628673	-0.24778106
0.88254917	11.96720169	-0.58444351	0.88283341	11.96761179	-0.58447018
0.81676000	12.01719950	-0.47386000	0.81676000	12.01719950	-0.47386000
0.92330975	11.93971249	-0.71320260	0.92380365	11.94034944	-0.71320795
0.91052240	12.00620426	-0.71797159	0.91094264	12.00683385	-0.71791958
0.87457679	12.05280247	-0.63155052	0.87482579	12.05327158	-0.63148805
0.80597318	12.11500627	-0.52849938	0.80606177	12.11523698	-0.52840800
0.95684477	11.93245109	-0.83747531	0.95750425	11.93327707	-0.83744220
0.97622982	11.94866128	-0.94883418	0.97700921	11.94961608	-0.94876747
0.94381179	12.06660738	-0.93195846	0.94442632	12.06750212	-0.93179749
0.92938978	12.03609859	-0.81439845	0.92989687	12.03686631	-0.81428805
0.97546116	11.99110184	-1.04192393	0.97634815	11.99215329	-1.04180076
0.94084134	12.06583234	-1.12874846	0.94176558	12.06690896	-1.12858206
0.91746884	12.12844230	-1.10627794	0.91824731	12.12944194	-1.10607517
0.94123264	12.10162881	-1.02972710	0.94194335	12.10260432	-1.02951792
0.86009653	12.18376691	-1.21983151	0.86094549	12.18471983	-1.21965381
0.74335595	12.33416585	-1.27056078	0.74394916	12.33478458	-1.27040952
0.74704198	12.36243771	-1.19876230	0.74747587	12.36302153	-1.19856944
0.85794163	12.22960462	-1.15706218	0.85860263	12.23049661	-1.15683253
0.60141566	12.48324615	-1.23776005	0.60156234	12.48336005	-1.23778847
0.47102082	12.61386085	-1.15258482	0.47098358	12.61392111	-1.15252560
0.49420000	12.61570000	-1.07906000	0.49420000	12.61570000	-1.07906000
0.61447000	12.50220000	-1.16283000	0.61447000	12.50220000	-1.16283000
0.38281558	12.64728741	-1.04954172	0.38275941	12.64724433	-1.04946133
0.33181861	12.64749162	-0.95649861	0.33170946	12.64731845	-0.95636408
0.37140000	12.64100070	-0.89641000	0.37140000	12.64100070	-0.89641000
0.41679000	12.64250090	-0.98287004	0.41679000	12.64250090	-0.98287004
0.31338828	12.67912599	-0.89678749	0.31307868	12.67886516	-0.89653406
0.30895476	12.70670229	-0.86918851	0.30846378	12.70643368	-0.86885745
0.33700054	12.69461807	-0.81196505	0.33642036	12.69439557	-0.81161765
0.34656553	12.66948925	-0.83989622	0.34616629	12.66931794	-0.83967495
0.29989975	12.69399855	-0.87303329	0.29941021	12.69371607	-0.87268877
0.25661335	12.68400792	-0.84351616	0.25605986	12.68367762	-0.84313224
0.29676489	12.68112985	-0.77408228	0.29614826	12.68083044	-0.77370231
0.33580199	12.68323101	-0.81059901	0.33522547	12.68300771	-0.81024478
0.14979810	12.71940999	-0.71491408	0.14896647	12.71886213	-0.71436531
0.01736367	12.77281189	-0.57386607	0.01621736	12.77201047	-0.57309791
0.02149517	12.80996191	-0.49674086	0.02030793	12.80897946	-0.49589117
0.17364220	12.73438853	-0.63953714	0.17271254	12.73381160	-0.63896261
-0.09943286	12.81523524	-0.51067348	-0.10074586	12.81422431	-0.50974746
-0.20691946	12.84714654	-0.51435621	-0.20830303	12.84607448	-0.51331215
-0.21046668	12.91487052	-0.45311186	-0.21190116	12.91350685	-0.45175013
-0.10159174	12.87403860	-0.43996772	-0.10293140	12.87276620	-0.43884712
-0.31170364	12.86828006	-0.57441002	-0.31313742	12.86743127	-0.57334181
-0.40962483	12.88032967	-0.64255454	-0.41107254	12.87988441	-0.64156042
-0.42663798	12.90720007	-0.59043505	-0.42809909	12.90639803	-0.58927435
-0.32142852	12.92060074	-0.51866674	-0.32288812	12.91944342	-0.51732794
-0.49721092	12.88382176	-0.67125028	-0.49867412	12.88353666	-0.67030062
-0.57705566	12.88004028	-0.66024645	-0.57851006	12.87968298	-0.65936670
-0.57649999	12.88180394	-0.62469044	-0.57792979	12.88116472	-0.62377754
-0.51994568	12.89064910	-0.62301169	-0.52139066	12.89000158	-0.62201083
-0.65149581	12.87081911	-0.60900760	-0.65288039	12.86997797	-0.60808430
-0.70089342	12.85305289	-0.52984360	-0.70207831	12.85142972	-0.52895535
-0.66404808	12.86880101	-0.50114328	-0.66527256	12.86706290	-0.50020697
-0.62639841	12.87948081	-0.57773191	-0.62775861	12.87842406	-0.57678219
-0.70627678	12.82422074	-0.43514208	-0.70728543	12.82185870	-0.43445281
-0.67975410	12.77579435	-0.34589734	-0.68065554	12.77291438	-0.34555620
-0.65808870	12.78259568	-0.35860047	-0.65899862	12.77985276	-0.35819329
-0.67015765	12.83020216	-0.41820899	-0.67119499	12.82783532	-0.41749048
-0.63305246	12.70046299	-0.28353210	-0.63380290	12.69735563	-0.28356109
-0.55959439	12.63948509	-0.23498963	-0.56027533	12.63632979	-0.23514662
-0.54188424	12.69913336	-0.26540192	-0.54266571	12.69618773	-0.26525893
-0.61796093	12.74311728	-0.31531561	-0.61880597	12.74024089	-0.31506838
-0.45241797	12.63429643	-0.18694021	-0.45312452	12.63119537	-0.18691398
-0.32489168	12.61409863	-0.15007213	-0.32558105	12.61123780	-0.14987703
-0.30731157	12.66811649	-0.17842098	-0.30811150	12.66539052	-0.17803366
-0.43360672	12.69219002	-0.21596845	-0.43444361	12.68928345	-0.21565732
-0.18726253	12.51088414	-0.13655430	-0.18769467	12.50841613	-0.13642087
-0.03793659	12.39639112	-0.14404311	-0.03812603	12.39438457	-0.14408727
-0.03588205	12.46629461	-0.17475790	-0.03620804	12.46436303	-0.17466021
-0.17602272	12.57380488	-0.16503151	-0.17659014	12.57143034	-0.16476447
0.12356950	12.33723102	-0.16445986	0.12355089	12.33570399	-0.16458774
0.25214127	12.31989316	-0.18954318	0.25216995	12.31883344	-0.18963634
0.23118158	12.37972593	-0.24134000	0.23103408	12.37870659	-0.24133832
0.11343673	12.40474326	-0.20552192	0.11324085	12.40328115	-0.20551925
0.30178379	12.35473636	-0.21045192	0.30169985	12.35393512	-0.21043331
0.28659147	12.43862790	-0.27956645	0.28626603	12.43783363	-0.27944538
0.27870012	12.41074436	-0.26581046	0.27845146	12.40991183	-0.26573550
0.31304105	12.34535508	-0.22290306	0.31285921	12.34474025	-0.22284685
0.34620000	12.27620000	-0.23202000	0.34620000	12.27620000	-0.23202000
0.31896014	12.33228143	-0.29086747	0.31881416	12.33173380	-0.29089694
0.28584755	12.39707714	-0.28080379	0.28558892	12.39632221	-0.28074202
0.44425997	12.21770000	-0.27141000	0.44425997	12.21770000	-0.27141000
0.57587000	12.16340070	-0.32883000	0.57587000	12.16340070	-0.32883000
0.56928741	12.24299763	-0.38284842	0.56928212	12.24292722	-0.38280653
0.42740015	12.28577835	-0.32796245	0.42737113	12.28552711	-0.32795674
0.70622003	12.08180000	-0.39380000	0.70622003	12.08180000	-0.39380000
0.69981957	12.18155325	-0.44740334	0.69985302	12.18162743	-0.44733948
0.76332097	12.39486903	-1.04772837	0.76349244	12.39549204	-1.04746035
0.86596595	12.24647077	-1.04656813	0.86643255	12.24731374	-1.04631434
0.78232116	12.37831351	-0.85955800	0.78230981	12.37887064	-0.85926135
0.87484838	12.22496943	-0.90614352	0.87517732	12.22572789	-0.90590395
0.79508109	12.26358898	-0.67204521	0.79511029	12.26400855	-0.67184186
0.87465301	12.15095986	-0.75413670	0.87492352	12.15157952	-0.75396436
0.53252347	12.60876290	-0.90227290	0.53218255	12.60890579	-0.90199429
0.64632620	12.52307282	-0.99008405	0.64616876	12.52337659	-0.98986342
0.56355102	12.53926583	-0.69075073	0.56311148	12.53935299	-0.69044180
0.67681964	12.47968869	-0.78053755	0.67654605	12.48001175	-0.78022702
0.56984997	12.38689767	-0.51073559	0.56964451	12.38687280	-0.51057116
0.69172452	12.34096033	-0.58871291	0.69159120	12.34116276	-0.58851928
-0.22136056	12.90878528	-0.36831500	-0.22273486	12.90703929	-0.36694253
-0.11518373	12.86625166	-0.35322549	-0.11646379	12.86471105	-0.35209498
-0.24268936	12.84951798	-0.28270522	-0.24392935	12.84736083	-0.28158725
-0.13560072	12.80060286	-0.26976238	-0.13671540	12.79868227	-0.26883879
-0.01795633	12.73419938	-0.30588882	-0.01892379	12.73264994	-0.30520851
0.00486264	12.80133860	-0.40087464	0.00372643	12.80010414	-0.40001079
-0.27593720	12.75804944	-0.22122462	-0.27695698	12.75556114	-0.22047638
-0.15755642	12.68638060	-0.20868828	-0.15838232	12.68420444	-0.20811382
-0.03027270	12.60134281	-0.23002383	-0.03091112	12.59956989	-0.22964568
-0.55645977	12.90939598	-0.54163204	-0.55787211	12.90816264	-0.54049067
-0.59076352	12.90135401	-0.45007298	-0.59204946	12.89940466	-0.44893712
-0.48894880	12.92098974	-0.38783197	-0.49030644	12.91885000	-0.38653739
-0.45547528	12.93581772	-0.49309742	-0.45692268	12.93436939	-0.49174408
-0.60718742	12.82783252	-0.37226065	-0.60824447	12.82533680	-0.37153546
-0.51835809	12.81750406	-0.31325779	-0.51944051	12.81488792	-0.31249913
-0.33975076	12.93387908	-0.42466816	-0.34118991	12.93218592	-0.42324147
-0.36663341	12.89673073	-0.32670606	-0.36797035	12.89449512	-0.32545528
-0.40179359	12.79789838	-0.25957491	-0.40289103	12.79527531	-0.25875696
0.29143505	12.63932574	-0.65023332	0.29074075	12.63893069	-0.64984866
0.33318980	12.63608374	-0.67374852	0.33251853	12.63576459	-0.67338280
0.26539420	12.57176134	-0.50059265	0.26478327	12.57117623	-0.50027592
0.31176439	12.57099683	-0.51057764	0.31115704	12.57049981	-0.51026298
0.31585302	12.58895551	-0.49494643	0.31521659	12.58845138	-0.49461778
0.33417479	12.65036606	-0.66534122	0.33347818	12.65003858	-0.66496293
0.34146833	12.63290246	-0.68800040	0.34082827	12.63259841	-0.68764798
0.31833605	12.57479842	-0.50983158	0.31773235	12.57431501	-0.50952188
0.35079598	12.55528670	-0.55049470	0.35025048	12.55490816	-0.55020576
0.37104789	12.61439845	-0.73856762	0.37050730	12.61417366	-0.73824705
0.32623159	12.43999755	-0.39872044	0.32590068	12.43943513	-0.39858937
0.29368773	12.48660349	-0.37531122	0.29326201	12.48592669	-0.37511828
0.28794465	12.49068472	-0.37043741	0.28751003	12.48998510	-0.37023925
0.24056111	12.47617507	-0.35433844	0.24015918	12.47536348	-0.35416878
0.44405599	12.55420632	-0.61236891	0.44354020	12.55403796	-0.61206813
0.43751229	12.62208076	-0.81414374	0.43706029	12.62204349	-0.81383784
0.43300676	12.41205957	-0.44576515	0.43274871	12.41177493	-0.44564552
0.13587362	12.63888376	-0.40840268	0.13511740	12.63793168	-0.40795395
0.16181640	12.70994990	-0.53047537	0.16089983	12.70921131	-0.52992475
0.11803514	12.52087383	-0.29334248	0.11755190	12.51963721	-0.29311804
0.15986898	13.14373168	-0.39026827	0.15799411	13.14265959	-0.38866102
0.25618520	13.02859727	-0.12569524	0.25464222	13.02723284	-0.12443654
0.29607294	12.91466215	-0.08498485	0.29480067	12.91335131	-0.08401268
0.32586808	12.73501984	-0.09123721	0.32495545	12.73385721	-0.09060434
0.34657161	12.55610406	-0.12164705	0.34600623	12.55512642	-0.12130345
0.23920590	12.85840198	-0.81306325	0.23820886	12.85798639	-0.81241327
0.33843738	12.37411925	-0.18474230	0.33827183	12.37342363	-0.18464242
0.17321213	13.06093080	-0.58522257	0.17156246	13.06024093	-0.58396277
0.19937522	12.99122813	-0.68599826	0.19795591	12.99066339	-0.68499910
0.89684677	11.96192548	-0.57098387	0.89711881	11.96233672	-0.57100109
0.82718279	12.01970497	-0.45666138	0.82716554	12.01970214	-0.45666073
0.94074696	11.92546138	-0.70458600	0.94124622	11.92610861	-0.70458440
0.74688264	12.33279344	-1.28605635	0.74750283	12.33343349	-1.28590365
0.46138392	12.61970390	-1.16620823	0.46133819	12.61978204	-1.16614171
0.35343005	12.65791943	-1.05799256	0.35333076	12.65782507	-1.05786606
0.28708380	12.66155267	-0.95963273	0.28692407	12.66126809	-0.95944518
0.27239009	12.69169739	-0.89823194	0.27201333	12.69136249	-0.89793335
0.25546621	12.70309369	-0.88486916	0.25490860	12.70275378	-0.88446253
0.20705585	12.68909562	-0.86681927	0.20647785	12.68870487	-0.86639026
0.11832086	12.71092013	-0.75208868	0.11753835	12.71034819	-0.75153741
0.00960384	12.74416359	-0.62150851	0.00853404	12.74341414	-0.62076456
-0.19921618	12.78445978	-0.55601817	-0.20056504	12.78358168	-0.55517969
-0.30186965	12.82661062	-0.60610422	-0.30328464	12.82593164	-0.60521950
-0.48442225	12.88927813	-0.69330516	-0.48588660	12.88915576	-0.69231272
-0.56682121	12.89182452	-0.68250314	-0.56829448	12.89163869	-0.68155124
-0.71314850	12.85751905	-0.54133176	-0.71435647	12.85594232	-0.54039015
-0.18952442	12.52043274	-0.11446783	-0.18999052	12.51790778	-0.11431855
0.14115886	12.35290940	-0.13965357	0.14108288	12.35138004	-0.13974357
0.30900903	12.38264977	-0.22283515	0.30881420	12.38190464	-0.22276791
0.38310683	12.29347075	-0.19505003	0.38308003	12.29319457	-0.19495227
0.46919371	12.23712920	-0.23870242	0.46921522	12.23700458	-0.23861691
0.71407762	12.09183550	-0.37178355	0.71406915	12.09184310	-0.37178172
0.29448888	12.51379388	-0.36840861	0.29400608	12.51310479	-0.36817644
0.58215247	12.77822416	-0.53986707	0.58116591	12.77822141	-0.53928436
0.30239467	12.98891750	-0.52760603	0.30090539	12.98834924	-0.52662067
0.03061368	12.99244660	-0.25841955	0.02898848	12.99087876	-0.25693367
0.09890405	13.07550595	-0.30319660	0.09713319	13.07414759	-0.30160670
0.31720243	12.86745045	-0.29219344	0.31597080	12.86659072	-0.29138412
0.02793637	12.96633910	-0.41732031	0.02642321	12.96516711	-0.41598255
0.12113070	13.04432124	-0.41327470	0.11947069	13.04328066	-0.41187109
0.36495525	12.82366943	-0.69192171	0.36392007	12.82338963	-0.69128847
0.15553688	13.02633107	-0.17541555	0.15395309	13.02483542	-0.17405243
0.21888102	12.81517887	-0.79223832	0.21795531	12.81473895	-0.79163033
0.32815120	12.75812737	-0.52963555	0.32716305	12.75765276	-0.52905703
0.32708950	12.88694197	-0.83989614	0.32605108	12.88667700	-0.83923508
0.39370811	12.43539701	-0.24510936	0.39341071	12.43486943	-0.24494712
0.24284094	13.04603797	-0.44319903	0.24120786	13.04523627	-0.44200419
0.47516049	12.68526932	-0.66642628	0.47440659	12.68518372	-0.66597647
0.69678804	12.75041862	-0.77110592	0.69598843	12.75079336	-0.77054137
0.32539621	12.93827716	-0.19750352	0.32403199	12.93725526	-0.19654013
-0.43012744	12.90490339	-0.24157475	-0.43152346	12.90210568	-0.24030279
0.15099700	13.07923723	-0.24427866	0.14927382	13.07785214	-0.24277449
0.32181599	12.94647373	-0.68569739	0.32050600	12.94609871	-0.68485984
-0.51696062	12.90490704	-0.28235044	-0.51831641	12.90212427	-0.28112431
0.22637318	13.03015505	-0.32479748	0.22476520	13.02911707	-0.32355710
0.28959079	12.45815997	-0.20077443	0.28922300	12.45723453	-0.20060754
0.11683727	13.09730733	-0.36521667	0.11504682	13.09613015	-0.36361938
0.20811290	13.07669868	-0.48510715	0.20641557	13.07589766	-0.48380984
0.25369545	12.61126787	-0.24402436	0.25300889	12.61027567	-0.24362033
0.16599745	12.93702767	-0.50579476	0.16457085	12.93625557	-0.50477396
0.27607412	12.89114073	-0.82977380	0.27501862	12.89077942	-0.82908925
0.28301703	12.84044406	-0.83321811	0.28209360	12.84010125	-0.83262611
0.22920926	13.02164914	-0.54145795	0.22763793	13.02098667	-0.54034569
0.37468504	12.79817125	-0.19612906	0.37361799	12.79732373	-0.19542070
0.49700360	12.59219945	-0.43206798	0.49638308	12.59196933	-0.43171985
0.30460838	12.76083316	-0.88633711	0.30400591	12.76056499	-0.88593526
0.15943466	12.96460020	-0.64104789	0.15802043	12.96395485	-0.64003166
0.39097484	12.37529325	-0.22213301	0.39081910	12.37483113	-0.22202549
0.35748196	12.48316733	-0.31204530	0.35707447	12.48257208	-0.31184587
0.19333861	12.86629586	-0.18430451	0.19209564	12.86496936	-0.18337925
0.38884537	12.73030976	-0.90901124	0.38838672	12.73023340	-0.90871483
0.29592182	12.79312003	-0.84753914	0.29514483	12.79281151	-0.84704743
0.14311720	13.11176895	-0.27625953	0.14129879	13.11042550	-0.27465786
0.41388264	12.60593155	-0.24644521	0.41321945	12.60530333	-0.24604239
0.21386681	12.86016962	-0.76871269	0.21280814	12.85970145	-0.76801396
0.42683382	12.71353804	-0.82590166	0.42621220	12.71347256	-0.82549808
0.82592959	12.74654374	-0.86630935	0.82518623	12.74719153	-0.86568364
0.56480703	12.79208150	-0.92585392	0.56408316	12.79231657	-0.92533051
0.33996230	12.68483357	-0.19770031	0.33912861	12.68394383	-0.19716877
0.24979227	12.76110293	-0.17966881	0.24879423	12.75993121	-0.17897367
