0.86827047	12.72729790	-0.42821615	0.86986853	12.72629549	-0.42890696
0.84463619	12.86604189	-0.45769842	0.84671167	12.86508070	-0.45843382
0.91726814	12.82190719	-0.55680367	0.91898980	12.82071578	-0.55763456
0.94426978	12.68805411	-0.54159793	0.94554061	12.68681209	-0.54239700
0.80497070	12.95799204	-0.51826217	0.80729239	12.95713910	-0.51899286
0.88142025	12.90889146	-0.59992145	0.88337906	12.90778608	-0.60074573
0.92777031	12.86412517	-0.66055715	0.92944712	12.86286908	-0.66142161
0.96350815	12.79315958	-0.65481873	0.96494635	12.79180676	-0.65569792
0.99288482	12.66338599	-0.65532550	0.99390709	12.66197724	-0.65618480
0.72303676	12.75896781	-1.16941047	0.72351701	12.75832759	-1.16981757
0.84455113	12.70447805	-1.14931503	0.84494670	12.70346894	-1.14989174
0.81749361	12.81179871	-1.08103246	0.81828373	12.81084819	-1.08163047
0.69619091	12.86160097	-1.09619041	0.69705959	12.86098040	-1.09661714
0.94568121	12.66738963	-1.08807372	0.94606755	12.66605989	-1.08880427
0.91719380	12.77956933	-1.02980562	0.91799219	12.77832555	-1.03055297
0.88067802	12.84928178	-0.97924958	0.88175688	12.84813822	-0.97998669
0.80279197	12.89232646	-0.99375817	0.80395254	12.89138230	-0.99439713
0.68217325	12.94185423	-0.99783079	0.68345444	12.94123812	-0.99831610
0.62141074	12.83494602	-0.21350294	0.62384200	12.83478870	-0.21386122
0.60889551	12.97251301	-0.26205370	0.61185852	12.97240292	-0.26245088
0.73857996	12.91883315	-0.35628558	0.74108821	12.91822950	-0.35687385
0.75447671	12.77905274	-0.31493760	0.75647279	12.77841967	-0.31547539
0.58121822	13.05959432	-0.34701125	0.58441756	13.05957103	-0.34741764
0.70532355	13.01019634	-0.43248676	0.70807851	13.00969541	-0.43307984
0.47840672	12.88127420	-1.06644751	0.47933656	12.88126359	-1.06655696
0.60171345	12.82329520	-1.14037470	0.60237790	12.82296578	-1.14062208
0.57543923	12.91629929	-1.06865922	0.57649743	12.91600444	-1.06894398
0.45485647	12.96514569	-0.99262027	0.45624216	12.96523522	-0.99277178
0.56034513	12.99195299	-0.96796757	0.56187153	12.99172183	-0.96831296
0.43935276	13.03622894	-0.89072692	0.44123662	13.03644537	-0.89091894
0.02258732	13.02079825	-0.06588602	0.02634813	13.02346182	-0.06528400
-0.10559257	13.03808341	-0.08639635	-0.10175271	13.04140698	-0.08556080
-0.10552264	13.11103563	-0.13382704	-0.10137631	13.11436415	-0.13300291
0.01993913	13.10796675	-0.11087367	0.02407654	13.11065006	-0.11028406
-0.22495246	13.04432112	-0.12128760	-0.22112180	13.04828462	-0.12022483
-0.22395907	13.10510881	-0.17048019	-0.21988895	13.10907036	-0.16942427
-0.22440537	13.14549271	-0.23649603	-0.22022960	13.14946126	-0.23544126
-0.10632552	13.15725047	-0.20054249	-0.10205204	13.16058128	-0.19972712
0.01665363	13.16144123	-0.17746364	0.02095802	13.16414198	-0.17688677
0.05898783	12.99936585	-0.58968949	0.06162395	13.00164815	-0.58913680
0.04782644	13.06303811	-0.56490512	0.05086073	13.06541792	-0.56436650
-0.03292132	13.06851905	-0.55348618	-0.02979130	13.07135361	-0.55278556
-0.02157294	13.01154142	-0.56850173	-0.01878867	13.01429272	-0.56780321
0.03163618	13.11825959	-0.51799007	0.03507320	13.12076807	-0.51744127
-0.05185834	13.11612967	-0.51819070	-0.04839759	13.11908996	-0.51747030
-0.14607220	13.11229609	-0.53326296	-0.14262394	13.11579950	-0.53236951
-0.12564300	13.07003464	-0.56885363	-0.12249877	13.07340472	-0.56799288
-0.11332015	13.01807184	-0.58577403	-0.11050389	13.02135495	-0.58492250
0.98624175	12.27547376	-0.67922503	0.98606360	12.27419027	-0.67993911
0.95914602	12.05781725	-0.69320320	0.95837605	12.05665898	-0.69374764
0.91098936	12.08858782	-0.55687543	0.91067619	12.08779277	-0.55732207
0.93023495	12.29342258	-0.54274752	0.93032834	12.29242772	-0.54333602
0.83582438	12.14272464	-0.43413269	0.83580930	12.14232673	-0.43442772
0.84662005	12.32191741	-0.41610698	0.84691314	12.32121786	-0.41656593
0.97321271	12.36382307	-1.14896229	0.97255253	12.36236199	-1.14965423
0.87959981	12.42763592	-1.21661210	0.87907574	12.42648786	-1.21716561
0.86849046	12.26822041	-1.24066146	0.86736189	12.26709255	-1.24116557
0.95860086	12.17279324	-1.16327605	0.95726964	12.17136526	-1.16389156
0.75587968	12.50958591	-1.24341722	0.75570460	12.50895724	-1.24377730
0.74614078	12.38918696	-1.27430558	0.74541368	12.38855736	-1.27463421
0.85220970	12.16388304	-1.24768568	0.85070446	12.16280232	-1.24813439
0.93510676	12.03882541	-1.15996841	0.93334982	12.03746708	-1.16048411
0.99894966	12.48356554	-0.66563254	0.99939224	12.48218307	-0.66642804
0.94454413	12.50203047	-0.53833129	0.94521326	12.50085824	-0.53904787
0.86263245	12.53353064	-0.41518046	0.86354260	12.53261128	-0.41577576
0.86884635	12.57514644	-1.19009124	0.86885308	12.57408706	-1.19064926
0.96701152	12.52872949	-1.12596261	0.96691845	12.52731078	-1.12668596
0.74506514	12.63742495	-1.21356816	0.74521339	12.63680369	-1.21397583
0.60669972	12.41971562	-0.22805236	0.60734832	12.41957793	-0.22824226
0.61683297	12.63512949	-0.20688407	0.61841776	12.63497826	-0.20714561
0.74655306	12.58044386	-0.30259409	0.74775968	12.57988357	-0.30303072
0.73226567	12.36738083	-0.31171111	0.73273838	12.36697551	-0.31201218
0.47129313	12.70445618	-1.15165159	0.47149515	12.70445382	-1.15168566
0.61282637	12.61319050	-1.22110685	0.61288034	12.61305756	-1.22123644
0.61210276	12.71569174	-1.18849072	0.61236676	12.71541462	-1.18866900
0.48008252	12.78818538	-1.11874844	0.48060726	12.78815812	-1.11880457
0.58672347	12.17486701	-0.30209883	0.58674535	12.17485423	-0.30212091
0.59908473	12.28026402	-0.26397764	0.59927997	12.28015776	-0.26410356
0.72431735	12.21394097	-0.33961886	0.72442242	12.21368910	-0.33980286
0.59816307	12.48608297	-1.25160370	0.59791847	12.48604289	-1.25158227
0.60577163	12.53293302	-1.24384982	0.60566287	12.53283926	-1.24386609
0.46357333	12.64915156	-1.16697507	0.46363568	12.64918070	-1.16700082
0.01810359	12.74214658	-0.06155950	0.02045441	12.74479404	-0.06089360
-0.12715860	12.81781850	-0.06763389	-0.12444244	12.82123079	-0.06673608
-0.11176336	12.94019531	-0.06686742	-0.10840218	12.94354103	-0.06600622
0.02491332	12.89702792	-0.05279724	0.02805824	12.89966870	-0.05217958
-0.26103074	12.87457441	-0.09121295	-0.25805946	12.87871734	-0.09008315
-0.23842161	12.96875561	-0.09658326	-0.23495176	12.97278405	-0.09549193
0.04794185	12.86927325	-0.61683165	0.04985758	12.87154556	-0.61617279
0.05764481	12.93472438	-0.60525112	0.05990991	12.93698042	-0.60465915
-0.02182324	12.94936742	-0.57699075	-0.01939596	12.95209812	-0.57626165
-0.03315415	12.88474022	-0.58008304	-0.03107963	12.88752452	-0.57930294
-0.11271886	12.96049729	-0.59328763	-0.11023560	12.96377107	-0.59242101
-0.12515267	12.90005292	-0.59110183	-0.12301021	12.90339707	-0.59019209
-0.02636619	12.44729224	-0.11303131	-0.02552459	12.45014342	-0.11222968
-0.15519121	12.67142114	-0.08355379	-0.15324958	12.67497489	-0.08259233
-0.00487032	12.57174901	-0.08386585	-0.00337811	12.57449511	-0.08313451
-0.30680799	12.67040570	-0.12008848	-0.30498168	12.67479537	-0.11889491
-0.28905921	12.75778243	-0.10121439	-0.28673633	12.76207154	-0.10004438
0.03438547	12.80315573	-0.62740833	0.03594358	12.80547579	-0.62665725
-0.05547469	12.81909344	-0.57598507	-0.05375366	12.82201186	-0.57511205
-0.07407996	12.79311805	-0.55522385	-0.07248110	12.79616828	-0.55429756
-0.15153842	12.83856853	-0.57782431	-0.14972666	12.84207674	-0.57685238
-0.34823419	13.04566690	-0.16914474	-0.34446437	13.05031953	-0.16785567
-0.33898363	13.09482825	-0.21566105	-0.33502538	13.09943900	-0.21438690
-0.45934746	13.04227754	-0.22469665	-0.45567526	13.04757093	-0.22318807
-0.43846849	13.08165560	-0.26640767	-0.43465628	13.08683942	-0.26493938
-0.41565055	13.11336934	-0.31730748	-0.41175813	13.11842890	-0.31588324
-0.32830887	13.13072631	-0.27532762	-0.32426226	13.13528222	-0.27407892
-0.23024753	13.07128604	-0.58741727	-0.22710483	13.07528222	-0.58635079
-0.21790667	13.02521637	-0.61190682	-0.21507569	13.02913849	-0.61086278
-0.24860362	13.10896910	-0.54725767	-0.24517242	13.11307428	-0.54615910
-0.34374541	13.10346723	-0.55498980	-0.34034465	13.10815186	-0.55370486
-0.33054696	13.07105440	-0.59956533	-0.32741100	13.07567417	-0.59830928
-0.32265404	13.03186064	-0.63291542	-0.31980006	13.03644900	-0.63168292
-0.22134415	12.97653691	-0.62705875	-0.21881913	12.98047920	-0.62600910
-0.33182888	12.99273146	-0.65698911	-0.32924784	12.99739012	-0.65575280
-0.34800472	12.95557493	-0.67029513	-0.34565713	12.96035122	-0.66905262
-0.23597793	12.92735852	-0.63068937	-0.23374124	12.93139493	-0.62962099
-0.50709155	12.93891813	-0.18214220	-0.50392858	12.94447737	-0.18056159
-0.53179456	12.81761270	-0.18559879	-0.52932406	12.82331607	-0.18400838
-0.60701015	12.85609013	-0.24301406	-0.60443090	12.86226230	-0.24126649
-0.58538972	12.95135997	-0.24391927	-0.58226603	12.95740983	-0.24218647
-0.54398269	12.71289009	-0.20110966	-0.54213984	12.71867840	-0.19954255
-0.61753681	12.77362701	-0.25326621	-0.61544205	12.77985519	-0.25155366
-0.66387394	12.84363363	-0.32438385	-0.66153014	12.85018411	-0.32251993
-0.65570875	12.89579644	-0.31948042	-0.65304994	12.90229961	-0.31762104
-0.63750134	12.95826239	-0.32222891	-0.63448486	12.96465808	-0.32039362
-0.43469326	12.69965356	-0.15444329	-0.43282747	12.70477903	-0.15304469
-0.41958415	12.79564880	-0.13696171	-0.41714115	12.80068444	-0.13556666
-0.39260773	12.91407423	-0.13052043	-0.38949020	12.91896437	-0.12915450
-0.44329404	12.97431566	-0.68064343	-0.44085221	12.97964866	-0.67921667
-0.45123451	12.94735682	-0.69072683	-0.44896229	12.95274191	-0.68929811
-0.36133510	12.92256935	-0.67141279	-0.35918024	12.92743313	-0.67016601
-0.52940466	12.98241308	-0.65995988	-0.52686968	12.98824270	-0.65836692
-0.53519429	12.95561137	-0.67425348	-0.53283678	12.96147542	-0.67265854
-0.37265377	12.90631688	-0.66058479	-0.37057793	12.91124786	-0.65932588
-0.25738677	12.87990775	-0.62185308	-0.25541769	12.88407944	-0.62075354
0.91343173	12.87174919	-0.91141740	0.91470464	12.87050913	-0.91223376
0.81593232	12.94170769	-0.89668899	0.81744158	12.94073421	-0.89740919
0.93201627	12.88588947	-0.82311927	0.93349648	12.88460316	-0.82397892
0.83995710	12.96128222	-0.79283510	0.84172451	12.96025251	-0.79362043
0.73306288	13.02093274	-0.75064535	0.73517597	13.02024931	-0.75130691
0.69943838	12.99692374	-0.87901177	0.70116961	12.99629624	-0.87960248
0.93433890	12.88231359	-0.73132025	0.93594893	12.88102610	-0.73219576
0.85878374	12.95255256	-0.68646898	0.86073539	12.95149218	-0.68727900
0.76780759	13.00868099	-0.62372014	0.77010951	13.00792751	-0.62442772
1.00648509	12.65493088	-0.99456321	1.00696580	12.65340590	-0.99541306
0.97344276	12.77779675	-0.94975176	0.97436190	12.77637501	-0.95060104
1.03123963	12.65514983	-0.88365950	1.03188043	12.65357171	-0.88455885
0.99513100	12.78686005	-0.85345027	0.99623279	12.78538486	-0.85435157
1.02430430	12.65508257	-0.77021207	1.02512138	12.65355628	-0.77111092
0.99077996	12.78703154	-0.75401181	0.99204359	12.78558695	-0.75491623
0.58242534	13.04688554	-0.83274136	0.58446388	13.04665411	-0.83318446
0.62345911	13.07233317	-0.68487041	0.62592241	13.07204040	-0.68540463
0.50391565	13.11670500	-0.60115827	0.50682410	13.11691123	-0.60151310
0.46213728	13.09021426	-0.75215161	0.46457702	13.09048095	-0.75243124
0.66572846	13.06067771	-0.54705287	0.66845229	13.06029461	-0.54762883
0.54485430	13.10701190	-0.46320624	0.54802543	13.10710476	-0.46359613
-0.35087529	13.12219518	-0.49724869	-0.34726691	13.12690666	-0.49594944
-0.43529882	13.10626000	-0.50888908	-0.43179061	13.11148875	-0.50742933
-0.41629063	13.09352893	-0.55121418	-0.41293365	13.09865364	-0.54979413
-0.36199122	13.12965665	-0.43418241	-0.35822651	13.13442149	-0.43286186
-0.45691099	13.10963135	-0.46426471	-0.45329980	13.11497861	-0.46275977
-0.54261751	13.08550462	-0.49236986	-0.53918690	13.09137734	-0.49070443
-0.50528147	13.08571053	-0.52523232	-0.50191344	13.09136677	-0.52364059
-0.46792071	13.08248887	-0.55169341	-0.46462201	13.08792540	-0.55017522
-0.38682660	13.12807518	-0.37371041	-0.38295962	13.13297687	-0.37234124
-0.47027893	13.10675779	-0.41273441	-0.46658888	13.11217114	-0.41120232
-0.48514439	13.09360607	-0.36152211	-0.48143257	13.09909775	-0.35995946
-0.53179241	13.07765388	-0.39325147	-0.52822526	13.08343272	-0.39160050
-0.54399459	13.08226817	-0.44181635	-0.54049128	13.08813493	-0.44014501
0.01945582	13.15875257	-0.43654104	0.02329300	13.16137236	-0.43597951
-0.07379803	13.15019505	-0.44786676	-0.07001390	13.15330778	-0.44711625
0.01238783	13.18140679	-0.34181675	0.01652345	13.18409923	-0.34125354
-0.09265772	13.16964585	-0.36149785	-0.08860922	13.17288200	-0.36071552
-0.19545763	13.15599437	-0.39122868	-0.19150584	13.15979613	-0.39023462
-0.17102295	13.14049572	-0.46958893	-0.16730087	13.14415454	-0.46864769
0.01271889	13.18407287	-0.25493836	0.01701202	13.18678005	-0.25436929
-0.10281715	13.17433690	-0.27776804	-0.09859187	13.17764114	-0.27696483
-0.21410548	13.15998774	-0.31163638	-0.20998896	13.16390102	-0.31060485
0.97236974	11.95911022	-1.06363905	0.97052080	11.95766589	-1.06414909
0.99958771	12.10324259	-1.06339742	0.99819997	12.10171198	-1.06404780
0.97577586	11.91484056	-0.95774092	0.97399509	11.91343358	-0.95821040
1.00642696	12.06060638	-0.94892645	1.00511409	12.05910519	-0.94956372
1.03278952	12.27750002	-0.93517255	1.03217766	12.27591572	-0.93594877
1.02064667	12.31180348	-1.05103507	1.01996274	12.31021609	-1.05179599
0.95915921	11.89987356	-0.83798129	0.95758759	11.89858838	-0.83837868
0.99180366	12.04692472	-0.82495762	0.99068819	12.04554360	-0.82555299
1.02086869	12.26790448	-0.81055723	1.02043553	12.26642760	-0.81131919
1.02292549	12.49771010	-1.02762005	1.02286896	12.49612611	-1.02843727
1.04278819	12.48018359	-0.91270678	1.04284903	12.47857333	-0.91355971
1.03324800	12.47585618	-0.79123198	1.03347857	12.47432028	-0.79207792
-0.61490309	12.98020553	-0.60674654	-0.61228723	12.98655624	-0.60498621
-0.62271206	12.95028669	-0.61801214	-0.62028891	12.95669236	-0.61625147
-0.67217234	12.97350945	-0.52645866	-0.66944640	12.98016149	-0.52457461
-0.68384536	12.93749686	-0.53162327	-0.68133592	12.94422025	-0.52973090
-0.62524051	12.92689604	-0.61893405	-0.62295461	12.93331828	-0.61717844
-0.67316588	12.96601518	-0.42408316	-0.67030185	12.97264614	-0.42218870
-0.68822942	12.92139782	-0.42413746	-0.68561975	12.92811414	-0.42221732
-0.69244748	12.88578108	-0.42523678	-0.69004076	12.89252024	-0.42330693
-0.26321444	13.13241443	-0.48509795	-0.25954013	13.13660377	-0.48397430
-0.27998175	13.14380416	-0.41268727	-0.27611744	13.14809252	-0.41153544
-0.30523349	13.14516617	-0.34200001	-0.30122863	13.14959341	-0.34079623
-0.56350388	13.00277202	-0.25774218	-0.56010807	13.00869891	-0.25603789
-0.48232374	13.00415610	-0.19588652	-0.47881223	13.00957566	-0.19433763
-0.61852045	12.99767195	-0.33228384	-0.61529572	13.00395627	-0.33047926
-0.59445235	13.02616473	-0.34982464	-0.59109813	13.03230966	-0.34806254
-0.53950131	13.03350331	-0.28278271	-0.53597901	13.03929702	-0.28111927
-0.36723418	12.99136101	-0.14113992	-0.36371078	12.99611558	-0.13981404
-0.42899867	13.00521911	-0.66290709	-0.42634958	13.01046038	-0.66149389
-0.41568766	13.03759048	-0.63529072	-0.41280203	13.04274302	-0.63389119
-0.49960947	13.03950801	-0.61747218	-0.49667274	13.04515549	-0.61591319
-0.51678569	13.01114985	-0.64277150	-0.51405653	13.01690430	-0.64119158
-0.62888224	13.02964379	-0.51620688	-0.62581355	13.03603959	-0.51439197
-0.65414674	13.00277165	-0.52181506	-0.65124358	13.00931773	-0.51995799
-0.60012851	13.00842638	-0.59464050	-0.59732624	13.01468065	-0.59289867
-0.57818106	13.03539696	-0.57753215	-0.57519166	13.04151083	-0.57582126
-0.59574576	13.05799429	-0.50804287	-0.59249927	13.06418988	-0.50628390
-0.54971101	13.06150121	-0.55124963	-0.54652614	13.06743621	-0.54958302
-0.48013256	13.06535190	-0.57878467	-0.47698025	13.07087146	-0.57725017
-0.65462869	12.99856506	-0.42742527	-0.65158213	13.00508729	-0.42556076
-0.62938952	13.02572777	-0.43406970	-0.62619756	13.03210224	-0.43224813
-0.56138024	13.05573687	-0.37497146	-0.55790387	13.06168944	-0.37326791
-0.59473321	13.05451762	-0.44388846	-0.59139177	13.06068887	-0.44212623
-0.51080075	13.06653903	-0.31778166	-0.50716038	13.07217161	-0.31617054
-0.41062564	13.06887258	-0.59574435	-0.40748908	13.07397745	-0.59434103
0.22216185	13.14164533	-0.18882843	0.22627194	13.14330919	-0.18863364
0.19426041	13.18127665	-0.27458499	0.19846191	13.18307311	-0.27437639
0.22127148	13.16776949	-0.28975290	0.22536806	13.16942750	-0.28960270
0.25329525	13.12670336	-0.20054136	0.25729113	13.12820857	-0.20040260
0.17557742	13.19062635	-0.37071797	0.17974875	13.19258804	-0.37053694
0.20258242	13.17954489	-0.38848318	0.20670967	13.18142136	-0.38837584
0.22564035	13.15893820	-0.30000545	0.22967949	13.16058422	-0.29987317
0.25718811	13.11805053	-0.20689886	0.26112462	13.11953538	-0.20676551
0.23255787	13.16620421	-0.30101587	0.23662207	13.16781201	-0.30088925
0.26293370	13.12427801	-0.20186423	0.26690558	13.12573581	-0.20174062
0.22249826	13.17830531	-0.40823174	0.22676986	13.18012172	-0.40823993
0.25938947	13.17795198	-0.43130856	0.26335154	13.17943770	-0.43128334
0.28006244	13.16918245	-0.31877402	0.28412043	13.17056461	-0.31872195
0.30869074	13.12507952	-0.21301208	0.31262545	13.12630843	-0.21296862
0.28964107	12.95193380	-0.06706767	0.29298114	12.95326056	-0.06691928
0.25802829	13.07007164	-0.11370043	0.26189402	13.07156284	-0.11353733
0.29327076	13.05523577	-0.12528012	0.29702872	13.05655118	-0.12517402
0.32822362	12.93644564	-0.08047090	0.33145452	12.93757712	-0.08038367
0.30333709	13.05267725	-0.12582073	0.30707435	13.05394384	-0.12572901
0.33925852	12.93392430	-0.08396925	0.34246691	12.93500267	-0.08389912
0.34820003	13.04878145	-0.13349281	0.35188611	13.04982098	-0.13347694
0.38243125	12.92383429	-0.09034846	0.38556678	12.92470852	-0.09034810
0.39902887	12.73315906	-0.09305467	0.40125389	12.73392037	-0.09302766
0.35979101	12.74888809	-0.08827793	0.36210619	12.74982874	-0.08819039
0.40722707	12.53564889	-0.12274381	0.40850614	12.53629574	-0.12270268
0.37103020	12.56174104	-0.11772946	0.37244017	12.56256189	-0.11763335
0.34864047	12.75172545	-0.08343775	0.35097640	12.75271956	-0.08333358
0.35913103	12.56520989	-0.11268636	0.36056676	12.56608851	-0.11257289
0.31450496	12.58158850	-0.09407127	0.31604567	12.58269344	-0.09388830
0.30775581	12.77146973	-0.06700284	0.31021764	12.77267168	-0.06683690
0.27562873	12.79125291	-0.91841976	0.27647602	12.79198444	-0.91815692
0.26982760	12.86242058	-0.89443204	0.27103670	12.86323477	-0.89420606
0.25247538	12.86981391	-0.83526423	0.25384910	12.87078302	-0.83500917
0.25983931	12.80820637	-0.85821829	0.26090019	12.80910011	-0.85793419
0.25900819	12.93578054	-0.84485303	0.26063957	12.93671891	-0.84465965
0.24074053	12.93579096	-0.78900598	0.24252266	12.93687878	-0.78877489
0.24756989	12.93133424	-0.77137992	0.24937935	12.93241691	-0.77116193
0.26155111	12.81416511	-0.83768878	0.26268241	12.81507714	-0.83741411
0.23684309	12.87110261	-0.82085015	0.23827037	12.87217238	-0.82057189
0.23846581	12.81324451	-0.84298830	0.23958391	12.81426001	-0.84266147
0.23016809	12.93594856	-0.77924496	0.23199126	12.93711121	-0.77899897
0.19070364	12.95034151	-0.76426816	0.19263906	12.95172438	-0.76395403
0.19435164	12.88207946	-0.80183843	0.19588108	12.88337914	-0.80147693
0.19272276	12.81808869	-0.82190723	0.19391873	12.81935599	-0.82148463
0.27645709	12.72107436	-0.94308823	0.27695501	12.72180515	-0.94282158
0.26378640	12.74622705	-0.88161471	0.26452438	12.74705394	-0.88129618
0.26698789	12.76204549	-0.85963331	0.26784467	12.76289471	-0.85932919
0.28242417	12.72444316	-0.87271208	0.28308446	12.72518923	-0.87242294
0.24381220	12.75482402	-0.86898509	0.24461637	12.75577266	-0.86861867
0.19523481	12.74977357	-0.85046028	0.19605709	12.75097930	-0.84997176
0.28507585	12.34145810	-0.16002262	0.28538408	12.34261583	-0.15974839
0.30875392	12.43729981	-0.12748096	0.30961263	12.43834328	-0.12728733
0.35596232	12.43241875	-0.14464943	0.35676276	12.43318275	-0.14454221
0.33718992	12.36273965	-0.17661871	0.33761029	12.36353036	-0.17647983
0.36043701	12.44482264	-0.15202999	0.36128020	12.44556807	-0.15192801
0.36916453	12.42451900	-0.14990734	0.36991526	12.42520669	-0.14982191
0.35194718	12.35525737	-0.18411884	0.35237922	12.35586590	-0.18407559
0.40438863	12.38870585	-0.15891443	0.40495849	12.38917831	-0.15889472
0.16024684	13.16375222	-0.47402844	0.16401518	13.16569204	-0.47377494
0.18887080	13.14858631	-0.48838212	0.19250190	13.15035451	-0.48818350
0.15731571	13.10863604	-0.58091487	0.16048981	13.11044311	-0.58062589
0.19113633	13.09109055	-0.59182550	0.19416531	13.09268996	-0.59159577
0.19976453	13.13634944	-0.49503827	0.20329447	13.13804237	-0.49485066
0.20592389	13.14249384	-0.49545584	0.20947559	13.14416054	-0.49529076
0.20979166	13.08346756	-0.58813236	0.21276865	13.08496986	-0.58793355
0.23495573	13.08705857	-0.62768326	0.23781762	13.08839857	-0.62753866
0.24014268	13.14529890	-0.52824199	0.24356935	13.14673396	-0.52814687
0.24430961	13.01415861	-0.74485392	0.24653464	13.01530528	-0.74468459
0.22398715	13.01102073	-0.69654075	0.22633978	13.01231941	-0.69632584
0.21001231	13.01483114	-0.69603858	0.21240429	13.01620403	-0.69580318
0.17298162	13.03169763	-0.68451923	0.17550312	13.03327859	-0.68422497
0.43207648	13.10019563	-0.26737837	0.43571027	13.10081471	-0.26753686
0.46439464	13.01871418	-0.18319534	0.46778164	13.01921055	-0.18336336
0.48718559	12.88685171	-0.13626127	0.49002952	12.88724412	-0.13642067
0.33310353	12.99793984	-0.86443334	0.33492719	12.99856032	-0.86442795
0.35151391	12.91761926	-0.95271168	0.35282159	12.91805372	-0.95266836
0.32111027	13.06948439	-0.75326679	0.32351841	13.07028054	-0.75329143
0.17137844	12.98592842	-0.06100056	0.17493459	12.98784351	-0.06066078
0.15402162	13.09094638	-0.10662343	0.15804045	13.09295362	-0.10628279
0.13469502	13.15481432	-0.17737039	0.13892414	13.15691031	-0.17702578
0.11748807	13.04922452	-0.62477449	0.12026141	13.05117578	-0.62437169
0.10290205	13.11701831	-0.54761457	0.10623531	13.11914425	-0.54720990
0.13158955	12.97513601	-0.67808272	0.13384944	12.97692632	-0.67765979
0.49272475	12.69065488	-0.13493870	0.49467412	12.69098914	-0.13504922
0.49224932	12.47989116	-0.16235441	0.49321881	12.48014903	-0.16241617
0.35549746	12.83558118	-1.00459170	0.35634780	12.83592667	-1.00450316
0.35270341	12.76057053	-1.03331132	0.35322686	12.76093384	-1.03321917
0.48659358	12.34040510	-0.20009607	0.48691724	12.34054976	-0.20015373
0.34798931	12.70054663	-1.05164018	0.34820724	12.70091800	-1.05154781
0.16931000	12.49319869	-0.10199348	0.17043917	12.49501491	-0.10155098
0.18291734	12.64958192	-0.07380950	0.18481170	12.65136881	-0.07341492
0.12209953	12.77284764	-0.74480907	0.12326894	12.77455979	-0.74419370
0.12626762	12.84192170	-0.72228137	0.12780537	12.84365485	-0.72174336
0.18244053	12.83012929	-0.05482699	0.18522923	12.83196186	-0.05446882
0.13208299	12.90762972	-0.70538812	0.13396186	12.90937232	-0.70491837
0.36747374	13.15390951	-0.50624112	0.37090515	13.15473443	-0.50637899
0.33654928	13.12514403	-0.63219347	0.33951549	13.12600957	-0.63228139
0.39958493	13.14542892	-0.37975892	0.40324144	13.14617371	-0.37990109
0.10694269	13.18988747	-0.34998324	0.11111307	13.19213602	-0.34963449
0.10030489	13.16462419	-0.45078307	0.10412825	13.16683353	-0.45039117
0.11837095	13.18690037	-0.25852064	0.12265231	13.18908521	-0.25817088
0.87565559	11.95880816	-0.58570140	0.87499230	11.95808104	-0.58583545
0.81676000	12.01719950	-0.47386000	0.81676000	12.01719950	-0.47386000
0.91110668	11.92756209	-0.71585065	0.90993314	11.92651904	-0.71611533
0.90019630	11.99425747	-0.72121626	0.89918570	11.99323108	-0.72152685
0.86828494	12.04326386	-0.63438911	0.86765619	12.04243457	-0.63466228
0.80355768	12.10969512	-0.53122853	0.80330118	12.10921322	-0.53148947
0.94099657	11.91776100	-0.84122420	0.93947119	11.91652483	-0.84159191
0.95836248	11.93229972	-0.95345492	0.95664446	11.93094734	-0.95390207
0.93032752	12.05135002	-0.93723810	0.92900868	12.05008822	-0.93772290
0.91752931	12.02228859	-0.81868832	0.91636253	12.02112031	-0.81908646
0.95678510	11.97403143	-1.04711884	0.95501443	11.97264433	-1.04761016
0.92270051	12.04941028	-1.13407305	0.92102136	12.04810074	-1.13457389
0.90216477	12.11303296	-1.11178686	0.90072718	12.11180123	-1.11228587
0.92671070	12.08580260	-1.03545815	0.92531919	12.08451681	-1.03597513
0.84429105	12.17011556	-1.22470480	0.84284564	12.16906819	-1.22514441
0.73247574	12.32600313	-1.27428295	0.73149212	12.32541836	-1.27459445
0.73875654	12.35417727	-1.20269839	0.73798942	12.35356412	-1.20302250
0.84525424	12.21629384	-1.16234364	0.84406858	12.21525497	-1.16280217
0.59870799	12.48227783	-1.23743872	0.59847026	12.48224318	-1.23741455
0.47123340	12.61384234	-1.15295296	0.47123385	12.61388040	-1.15295980
0.49420000	12.61570000	-1.07906000	0.49420000	12.61570000	-1.07906000
0.61447000	12.50220000	-1.16283000	0.61447000	12.50220000	-1.16283000
0.38337858	12.64922002	-1.04962608	0.38340673	12.64941774	-1.04958348
0.33350180	12.65229859	-0.95598752	0.33363244	12.65274736	-0.95584248
0.37140000	12.64100070	-0.89641000	0.37140000	12.64100070	-0.89641000
0.41679000	12.64250090	-0.98287004	0.41679000	12.64250090	-0.98287004
0.31882388	12.68523600	-0.89633701	0.31925945	12.68578004	-0.89612954
0.31703323	12.71308756	-0.86912570	0.31765325	12.71366454	-0.86891437
0.34632559	12.70037183	-0.81259689	0.34702284	12.70089982	-0.81245116
0.35344010	12.67372725	-0.83992451	0.35397104	12.67411021	-0.83979095
0.30733522	12.70078188	-0.87267212	0.30789012	12.70140219	-0.87241909
0.26478260	12.69332507	-0.84224486	0.26538160	12.69421038	-0.84186767
0.30671977	12.68937715	-0.77375437	0.30747137	12.69015337	-0.77348013
0.34468010	12.68904808	-0.81109030	0.34532882	12.68958760	-0.81092386
0.16356438	12.73562062	-0.71304481	0.16463241	12.73716192	-0.71248806
0.03804248	12.79761600	-0.57173143	0.03967621	12.79998672	-0.57099410
0.04541381	12.83633125	-0.49576144	0.04739876	12.83872120	-0.49509723
0.19010590	12.75061692	-0.63863784	0.19141183	12.75211966	-0.63817111
-0.07453273	12.84676813	-0.50837922	-0.07254971	12.84984523	-0.50751056
-0.17992881	12.88301283	-0.51164202	-0.17774955	12.88670621	-0.51064632
-0.17954882	12.95249505	-0.45248871	-0.17685160	12.95618898	-0.45150297
-0.07261546	12.90742083	-0.43934174	-0.07014530	12.91051230	-0.43852418
-0.28431229	12.90618220	-0.57077688	-0.28210262	12.91051137	-0.56963189
-0.38288425	12.91928472	-0.63758730	-0.38069388	12.92425485	-0.63629704
-0.39793268	12.94852744	-0.58619315	-0.39548752	12.95355753	-0.58485117
-0.29116345	12.96055943	-0.51655774	-0.28853375	12.96491395	-0.51538465
-0.47091994	12.92498810	-0.66497689	-0.46873236	12.93047853	-0.66351628
-0.55036987	12.92403415	-0.65242323	-0.54816296	12.92998975	-0.65080549
-0.54914059	12.92699157	-0.61707533	-0.54685865	12.93293902	-0.61545711
-0.49242303	12.93416604	-0.61668433	-0.49010242	12.93977174	-0.61517242
-0.62413450	12.91843894	-0.59997029	-0.62186415	12.92484938	-0.59821573
-0.67320793	12.90545853	-0.51993415	-0.67085905	12.91211761	-0.51806819
-0.63532589	12.92107013	-0.49235205	-0.63284814	12.92750055	-0.49054902
-0.59832240	12.92763602	-0.56946442	-0.59594970	12.93387591	-0.56774709
-0.67843716	12.88041560	-0.42455847	-0.67606162	12.88707420	-0.42265733
-0.65258211	12.83433997	-0.33425889	-0.65031077	12.84082903	-0.33242210
-0.63084131	12.83994550	-0.34743589	-0.62856440	12.84631128	-0.34564090
-0.64186521	12.88579086	-0.40829934	-0.63943362	12.89223667	-0.40647272
-0.60829912	12.75964008	-0.26997565	-0.60631054	12.76582600	-0.26829019
-0.53671475	12.69733713	-0.22125880	-0.53499659	12.70309391	-0.21971229
-0.51720534	12.75546363	-0.25375266	-0.51520887	12.76111464	-0.25221008
-0.59190679	12.80064951	-0.30345508	-0.58975979	12.80676197	-0.30176474
-0.42976754	12.68951728	-0.17522449	-0.42799796	12.69462171	-0.17383573
-0.30402157	12.66464683	-0.14078275	-0.30225706	12.66901861	-0.13958854
-0.28417318	12.71723207	-0.17051391	-0.28218753	12.72149609	-0.16934763
-0.40901474	12.74581064	-0.20622788	-0.40697617	12.75080393	-0.20485411
-0.17296243	12.55481030	-0.12821603	-0.17166182	12.55844541	-0.12719870
-0.03063781	12.43197410	-0.13663916	-0.02991077	12.43483993	-0.13582221
-0.02508442	12.50118948	-0.16835295	-0.02407261	12.50401768	-0.16756158
-0.15870863	12.61661464	-0.15782596	-0.15715701	12.62017180	-0.15683919
0.12676416	12.36320863	-0.15876601	0.12715283	12.36524004	-0.15821509
0.25363812	12.33711611	-0.18605530	0.25387706	12.33844467	-0.18571594
0.23594630	12.39746252	-0.23822385	0.23641588	12.39886738	-0.23786940
0.12016055	12.43050359	-0.20065451	0.12081414	12.43255487	-0.20010297
0.30535442	12.36750307	-0.20867198	0.30573323	12.36847763	-0.20845262
0.29452831	12.45228221	-0.27795676	0.29523143	12.45334862	-0.27769484
0.28513391	12.42498282	-0.26382868	0.28572170	12.42609885	-0.26355525
0.31776601	12.35517124	-0.22194410	0.31820609	12.35591377	-0.22179115
0.34620000	12.27620000	-0.23202000	0.34620000	12.27620000	-0.23202000
0.32253757	12.34187297	-0.28864824	0.32285469	12.34262903	-0.28840692
0.29217805	12.41014591	-0.27883968	0.29274240	12.41117174	-0.27857296
0.44425997	12.21770000	-0.27141000	0.44425997	12.21770000	-0.27141000
0.57587000	12.16340070	-0.32883000	0.57587000	12.16340070	-0.32883000
0.56967085	12.24335829	-0.38359498	0.56969275	12.24335133	-0.38365605
0.42846032	12.28982313	-0.32739558	0.42855456	12.29013044	-0.32732727
0.70622003	12.08180000	-0.39380000	0.70622003	12.08180000	-0.39380000
0.69911052	12.17901478	-0.44906331	0.69902409	12.17876004	-0.44921747
0.75908938	12.38521302	-1.05231203	0.75863757	12.38445678	-1.05267507
0.85628089	12.23311456	-1.05207068	0.85533411	12.23204578	-1.05254476
0.78099113	12.36873797	-0.86463519	0.78076263	12.36794864	-0.86504287
0.86726672	12.21202400	-0.91152440	0.86648680	12.21095706	-0.91199395
0.79331006	12.25531409	-0.67632842	0.79306331	12.25459860	-0.67670123
0.86774989	12.13935393	-0.75867824	0.86703622	12.13836535	-0.75908858
0.53719507	12.60677569	-0.90494578	0.53749478	12.60663409	-0.90507257
0.64778725	12.51836139	-0.99301514	0.64782677	12.51799808	-0.99321448
0.57051669	12.53800889	-0.69374962	0.57100803	12.53790812	-0.69390205
0.68035757	12.47404943	-0.78473356	0.68054707	12.47358229	-0.78502772
0.57349156	12.38689016	-0.51255789	0.57374633	12.38686149	-0.51266801
0.69346536	12.33652546	-0.59197552	0.69353781	12.33612494	-0.59223667
-0.18955948	12.94905561	-0.36761144	-0.18670531	12.95281000	-0.36660781
-0.08534022	12.90187212	-0.35257182	-0.08271844	12.90504945	-0.35174082
-0.21245416	12.89295304	-0.28024498	-0.20973003	12.89682932	-0.27919412
-0.10791231	12.83911284	-0.26750052	-0.10544481	12.84240882	-0.26662568
0.00525834	12.76592245	-0.30362094	0.00729039	12.76859025	-0.30291082
0.03003159	12.83029724	-0.40004908	0.03219784	12.83280603	-0.39938642
-0.24904887	12.80464096	-0.21596664	-0.24668042	12.80871195	-0.21485304
-0.13491056	12.72719189	-0.20383822	-0.13289371	12.73062596	-0.20290397
-0.01292201	12.63494567	-0.22555358	-0.01137029	12.63770742	-0.22479622
-0.52681440	12.95681295	-0.53557998	-0.52422028	12.96260546	-0.53398521
-0.56018032	12.95312395	-0.44357446	-0.55743541	12.95909080	-0.44190229
-0.45674245	12.97128014	-0.38357061	-0.45378217	12.97660160	-0.38208570
-0.42414608	12.98143113	-0.48954353	-0.42133605	12.98658225	-0.48813001
-0.57844027	12.88295505	-0.36327413	-0.57594329	12.88900909	-0.36157090
-0.48931780	12.87137657	-0.30548319	-0.48677199	12.87687511	-0.30394901
-0.30757384	12.97736956	-0.42289842	-0.30466597	12.98180582	-0.42168420
-0.33468655	12.94431676	-0.32358764	-0.33176393	12.94889463	-0.32231929
-0.37317137	12.84885226	-0.25331572	-0.37064201	12.85364947	-0.25198355
0.30315084	12.64986800	-0.64978204	0.30404788	12.65083811	-0.64948642
0.34417925	12.64434483	-0.67386732	0.34500542	12.64509954	-0.67364552
0.27651703	12.58529611	-0.49959960	0.27739641	12.58647793	-0.49927653
0.32263448	12.58202679	-0.51022736	0.32348040	12.58297740	-0.50998844
0.32787792	12.59989623	-0.49480956	0.32884205	12.60082648	-0.49458525
0.34602520	12.65870131	-0.66565516	0.34693612	12.65945725	-0.66545185
0.35219550	12.64069627	-0.68817175	0.35301155	12.64140706	-0.68796912
0.32951832	12.58543233	-0.50953425	0.33040635	12.58634372	-0.50930448
0.36040784	12.56401867	-0.55037120	0.36114957	12.56477914	-0.55017816
0.37981402	12.62057524	-0.73895883	0.38046693	12.62115185	-0.73880339
0.33313906	12.45074237	-0.39739710	0.33370907	12.45161818	-0.39716108
0.30286937	12.49937737	-0.37405582	0.30364156	12.50041083	-0.37378892
0.29714584	12.50394610	-0.36916443	0.29790828	12.50502640	-0.36889487
0.24930287	12.49214532	-0.35215623	0.25004192	12.49346719	-0.35179623
0.45271922	12.55829145	-0.61367670	0.45336476	12.55865127	-0.61364022
0.44425723	12.62409787	-0.81579803	0.44472807	12.62430818	-0.81578799
0.43800841	12.41726172	-0.44573231	0.43839740	12.41767495	-0.44565519
0.15200673	12.66015713	-0.40653088	0.15336911	12.66198998	-0.40602458
0.17943055	12.72851720	-0.52954543	0.18086594	12.73017475	-0.52908190
0.12994654	12.54487987	-0.28989095	0.13099545	12.54686488	-0.28935137
0.20882459	13.16984147	-0.40079068	0.21288930	13.17168891	-0.40069367
0.29623785	13.04870901	-0.13238566	0.29994686	13.05000697	-0.13228147
0.33038981	12.93282279	-0.08983646	0.33358458	12.93394050	-0.08975090
0.35096685	12.75078077	-0.09393137	0.35328169	12.75176018	-0.09383045
0.36236606	12.56928975	-0.12259495	0.36380252	12.57015204	-0.12248530
0.25706925	12.86910717	-0.81456771	0.25849320	12.87008423	-0.81432500
0.34387812	12.38428455	-0.18432314	0.34440699	12.38501921	-0.18421108
0.20767542	13.07828964	-0.59078996	0.21062379	13.07979748	-0.59058312
0.22742360	13.00575417	-0.68991180	0.22977049	13.00704345	-0.68970050
0.89023588	11.95339706	-0.57252457	0.88960101	11.95265670	-0.57268779
0.82766910	12.01971143	-0.45674290	0.82771661	12.01971274	-0.45675272
0.92834899	11.91291758	-0.70751801	0.92715827	11.91183930	-0.70781137
0.73558188	12.32443554	-1.28983525	0.73456340	12.32383825	-1.29015155
0.46166858	12.61960868	-1.16653950	0.46167205	12.61964812	-1.16653679
0.35467426	12.66121774	-1.05800501	0.35475342	12.66154036	-1.05792407
0.28976254	12.66876159	-0.95860189	0.28997934	12.66941802	-0.95836759
0.27875874	12.69995101	-0.89726926	0.27926114	12.70069614	-0.89698247
0.26335403	12.71209350	-0.88393824	0.26392187	12.71292466	-0.88358019
0.21499870	12.70051766	-0.86472222	0.21557093	12.70160666	-0.86422730
0.13069927	12.72813023	-0.74945162	0.13165182	12.72978535	-0.74880807
0.02763179	12.76845257	-0.61853630	0.02903021	12.77082018	-0.61773303
-0.17545288	12.81881339	-0.55165851	-0.17372083	12.82247762	-0.55064726
-0.27656741	12.86320414	-0.60125691	-0.27466706	12.86749281	-0.60013302
-0.45847359	12.92930830	-0.68740559	-0.45629809	12.93473520	-0.68597251
-0.54023006	12.93479734	-0.67521417	-0.53799555	12.94069285	-0.67361566
-0.68546779	12.90991231	-0.53140748	-0.68311144	12.91664576	-0.52952105
-0.17425770	12.56478065	-0.10620386	-0.17287457	12.56842865	-0.10519043
0.14575103	12.37810078	-0.13451598	0.14625746	12.38003682	-0.13400554
0.31459386	12.39455334	-0.22149722	0.31512302	12.39545512	-0.22129713
0.38430639	12.29685369	-0.19615315	0.38443047	12.29706573	-0.19621989
0.46928895	12.23842737	-0.23981433	0.46931327	12.23850013	-0.23989088
0.71431421	12.09148233	-0.37183258	0.71433651	12.09144868	-0.37183749
0.30491534	12.52670136	-0.36741449	0.30579326	12.52774036	-0.36715480
0.60143876	12.77705292	-0.54571728	0.60301629	12.77688243	-0.54603113
0.33370034	13.00071706	-0.53318777	0.33634835	13.00165362	-0.53317286
0.06842459	13.02307625	-0.26279506	0.07183621	13.02548641	-0.26228584
0.14125534	13.10277241	-0.31034611	0.14501131	13.10484484	-0.31002669
0.34598094	12.88129615	-0.29618166	0.34853458	12.88225222	-0.29611039
0.06183270	12.99460212	-0.42029482	0.06480230	12.99699139	-0.41974944
0.15995072	13.06875410	-0.41896027	0.16331331	13.07069035	-0.41864607
0.38392842	12.82997898	-0.69539183	0.38544589	12.83051669	-0.69538471
0.19538754	13.05151922	-0.18143754	0.19905744	13.05330571	-0.18116792
0.23523313	12.82704012	-0.79278937	0.23652898	12.82814093	-0.79246771
0.34774673	12.76848314	-0.53169270	0.34936856	12.76933766	-0.53155944
0.34531399	12.89324257	-0.84319660	0.34675225	12.89379135	-0.84315246
0.40156437	12.44308954	-0.24514875	0.40226965	12.44363057	-0.24505547
0.27968490	13.06252270	-0.44958365	0.28285782	13.06379342	-0.44949377
0.48840770	12.68744242	-0.66965853	0.48943452	12.68762635	-0.66974707
0.71017269	12.74328915	-0.77816567	0.71118416	12.74267123	-0.77863077
0.35924266	12.95319496	-0.20281106	0.36231138	12.95414442	-0.20278512
-0.39630942	12.95761240	-0.23787306	-0.39314894	12.96253815	-0.23649328
0.19332399	13.10415361	-0.25164299	0.19715057	13.10595552	-0.25140625
0.34714070	12.95500995	-0.69044900	0.34922175	12.95573234	-0.69044655
-0.48378182	12.95969547	-0.27736101	-0.48067900	12.96515061	-0.27581954
0.26409492	13.04949922	-0.33117520	0.26744510	13.05090351	-0.33104376
0.29955620	12.47269314	-0.19968043	0.30046317	12.47376776	-0.19945053
0.16063605	13.12338190	-0.37303809	0.16442166	13.12536858	-0.37277303
0.24616237	13.09463323	-0.49186116	0.24942651	13.09605972	-0.49173213
0.27073543	12.62821456	-0.24385431	0.27224953	12.62949490	-0.24357774
0.19580579	12.95612986	-0.50883197	0.19834468	12.95775678	-0.50851492
0.29493434	12.89998790	-0.83234120	0.29644000	12.90077374	-0.83219859
0.29925510	12.84882451	-0.83500825	0.30053599	12.84957334	-0.83483956
0.26235728	13.03695478	-0.54682705	0.26517778	13.03822796	-0.54669624
0.40122114	12.80996798	-0.20003281	0.40361002	12.81070007	-0.20002969
0.50972386	12.59529683	-0.43466861	0.51077356	12.59548440	-0.43475437
0.31496323	12.76724780	-0.88684571	0.31577103	12.76782068	-0.88665540
0.18747176	12.98182248	-0.64412980	0.18982327	12.98335821	-0.64381977
0.39580434	12.38176570	-0.22209719	0.39625816	12.38221800	-0.22202672
0.36693202	12.49301303	-0.31176699	0.36775053	12.49375961	-0.31161075
0.22441290	12.88857950	-0.18726766	0.22724218	12.89018783	-0.18698992
0.39657297	12.73226275	-0.91023095	0.39716726	12.73243662	-0.91018536
0.30932432	12.80059559	-0.84865419	0.31036834	12.80126612	-0.84847507
0.18732934	13.13683540	-0.28453228	0.19128473	13.13867557	-0.28430930
0.43017675	12.61450614	-0.24852139	0.43162106	12.61505115	-0.24850619
0.23314007	12.87264319	-0.77008925	0.23469048	12.87379035	-0.76980034
0.43685214	12.71555333	-0.82847071	0.43759655	12.71574264	-0.82850801
0.83787571	12.73484335	-0.87503233	0.83875710	12.73385886	-0.87565748
0.57601906	12.78821390	-0.93095172	0.57683705	12.78790474	-0.93120667
0.36107158	12.69803729	-0.19980161	0.36297190	12.69892706	-0.19970134
0.27527962	12.77985949	-0.18169618	0.27759378	12.78118253	-0.18147577
