0.85041778	12.73766978	-0.42124488	0.85038421	12.73770029	-0.42125385
0.82145696	12.87583745	-0.45015884	0.82141585	12.87586629	-0.45017371
0.89759718	12.83451084	-0.54837336	0.89756264	12.83454136	-0.54838439
0.92964159	12.70134594	-0.53354897	0.92961467	12.70137799	-0.53355399
0.77886900	12.96660498	-0.51065009	0.77882439	12.96662977	-0.51067017
0.85899667	12.92051189	-0.59147324	0.85895830	12.92053930	-0.59148911
0.90832576	12.87761019	-0.65173190	0.90829243	12.87763886	-0.65174484
0.94673964	12.80776523	-0.64587952	0.94671054	12.80779612	-0.64588833
0.98081190	12.67869295	-0.64662042	0.98079054	12.67872510	-0.64662301
0.71626422	12.76558942	-1.16547724	0.71624727	12.76558014	-1.16549734
0.83895656	12.71553741	-1.14345384	0.83894644	12.71554160	-1.14346610
0.80724805	12.82208083	-1.07505462	0.80722855	12.82208555	-1.07507488
0.68473858	12.86783931	-1.09214768	0.68471253	12.86783105	-1.09217834
0.94029105	12.68208014	-1.08051855	0.94028305	12.68209407	-1.08052490
0.90700227	12.79325490	-1.02212850	0.90698487	12.79326951	-1.02214134
0.86730754	12.86176867	-0.97172128	0.86728443	12.86178290	-0.97173895
0.78840319	12.90248941	-0.98728593	0.78837771	12.90249833	-0.98730979
0.66624692	12.94812237	-0.99298820	0.66621681	12.94812135	-0.99302094
0.59563307	12.83511058	-0.20940979	0.59558310	12.83513204	-0.20943200
0.57720304	12.97205922	-0.25731162	0.57714608	12.97207859	-0.25733896
0.71122168	12.92431796	-0.35002404	0.71117280	12.92434311	-0.35004434
0.73283297	12.78495414	-0.30936173	0.73279141	12.78498101	-0.30937662
0.54652903	13.05830947	-0.34190165	0.54647030	13.05832460	-0.34193334
0.67492189	13.01457367	-0.42600515	0.67487039	13.01459452	-0.42603044
0.46652406	12.87936046	-1.06593073	0.46649993	12.87931961	-1.06597749
0.59239153	12.82569288	-1.13863950	0.59236434	12.82566630	-1.13867943
0.56184731	12.91825759	-1.06611741	0.56181796	12.91823388	-1.06615743
0.43811053	12.96274206	-0.99114462	0.43808252	12.96271639	-0.99119012
0.54178895	12.99368452	-0.96444944	0.54175552	12.99367551	-0.96448996
0.41723103	13.03286465	-0.88834560	0.41719536	13.03285130	-0.88839014
-0.01452322	12.98956108	-0.06776497	-0.01459636	12.98954477	-0.06782459
-0.14293622	13.00110614	-0.08976924	-0.14300978	13.00107950	-0.08983785
-0.14551130	13.07443529	-0.13646043	-0.14558737	13.07440709	-0.13653118
-0.02072367	13.07679240	-0.11187662	-0.02080059	13.07677414	-0.11193906
-0.26170264	13.00254643	-0.12602212	-0.26177467	13.00250960	-0.12609948
-0.26273865	13.06387365	-0.17456521	-0.26281194	13.06383535	-0.17464420
-0.26403799	13.10497459	-0.24015791	-0.26410987	13.10493445	-0.24023798
-0.14757856	13.12123249	-0.20272238	-0.14765363	13.12120230	-0.20279444
-0.02577696	13.13068930	-0.17785011	-0.02585362	13.13066873	-0.17791418
0.03043705	12.97489745	-0.59221469	0.03039704	12.97487043	-0.59226958
0.01532836	13.03732147	-0.56679827	0.01528264	13.03729405	-0.56685599
-0.06562774	13.03925957	-0.55623211	-0.06567353	13.03922617	-0.55629554
-0.05138292	12.98304846	-0.57176875	-0.05142382	12.98301566	-0.57182962
-0.00429997	13.09137947	-0.51949655	-0.00435232	13.09135190	-0.51955718
-0.08722650	13.08559568	-0.52060791	-0.08727793	13.08556165	-0.52067422
-0.18072039	13.07829013	-0.53672427	-0.18076956	13.07824873	-0.53679745
-0.15807117	13.03725358	-0.57255666	-0.15811482	13.03721285	-0.57262711
-0.14333732	12.98604044	-0.58990093	-0.14337614	12.98600015	-0.58996887
0.98754179	12.28950216	-0.67191200	0.98754385	12.28953053	-0.67189997
0.96682955	12.07050572	-0.68757050	0.96684446	12.07053161	-0.68755469
0.91400180	12.09725376	-0.55238312	0.91400607	12.09727480	-0.55237130
0.92877227	12.30423498	-0.53687549	0.92876720	12.30426139	-0.53686693
0.83588152	12.14702862	-0.43133726	0.83587796	12.14704280	-0.43133166
0.84323260	12.32940371	-0.41164987	0.84322182	12.32942685	-0.41164586
0.97962901	12.37999703	-1.14164393	0.97964015	12.38001119	-1.14163545
0.88466655	12.44031611	-1.21074163	0.88467557	12.44032147	-1.21073717
0.88010593	12.28078841	-1.23530469	0.88012343	12.28079319	-1.23529440
0.97229616	12.18867773	-1.15669336	0.97231812	12.18869147	-1.15667925
0.75739583	12.51636259	-1.23967366	0.75739982	12.51635816	-1.23967454
0.75376849	12.39614453	-1.27074063	0.75378265	12.39613968	-1.27073480
0.86791864	12.17608055	-1.24297979	0.86794181	12.17608474	-1.24296625
0.95352210	12.05407113	-1.15457223	0.95355150	12.05408428	-1.15455466
0.99338814	12.49864396	-0.65754108	0.99337820	12.49867542	-0.65753565
0.93666638	12.51468069	-0.53115318	0.93665043	12.51471117	-0.53115046
0.85238175	12.54319059	-0.40929190	0.85235972	12.54321928	-0.40929373
0.86794247	12.58682318	-1.18428566	0.86794245	12.58682750	-1.18428879
0.96706328	12.54443222	-1.11836495	0.96706459	12.54444627	-1.11836353
0.74255132	12.64388425	-1.20949908	0.74254750	12.64387460	-1.20950952
0.59983189	12.42065608	-0.22625339	0.59981163	12.42067361	-0.22626166
0.60000745	12.63563908	-0.20409169	0.59997095	12.63565978	-0.20410719
0.73338751	12.58587548	-0.29823375	0.73335869	12.58590083	-0.29824199
0.72713390	12.37147243	-0.30886560	0.72711800	12.37149247	-0.30886810
0.46906561	12.69656856	-1.15365991	0.46907094	12.69642402	-1.15371467
0.61173075	12.61295666	-1.22014070	0.61172687	12.61292208	-1.22015203
0.60782943	12.71807673	-1.18694630	0.60781166	12.71805871	-1.18696256
0.47248595	12.78557307	-1.12003682	0.47245901	12.78551468	-1.12009415
0.58652609	12.17496483	-0.30188685	0.58652491	12.17496887	-0.30188789
0.59711209	12.28115356	-0.26281841	0.59710261	12.28116616	-0.26282184
0.72320366	12.21656104	-0.33794446	0.72319664	12.21657478	-0.33794457
0.60143436	12.48581373	-1.25251580	0.60145300	12.48579468	-1.25252847
0.60740116	12.53287926	-1.24453074	0.60741500	12.53285505	-1.24454798
0.46397567	12.63795375	-1.16987340	0.46399892	12.63775921	-1.16993973
-0.00585452	12.71176521	-0.06637102	-0.00590690	12.71175026	-0.06642118
-0.15458327	12.78011332	-0.07372797	-0.15464143	12.78008676	-0.07379090
-0.14481814	12.90292980	-0.07137226	-0.14488556	12.90290369	-0.07143812
-0.00647336	12.86618267	-0.05587096	-0.00653788	12.86616767	-0.05592640
-0.29057780	12.83105889	-0.09835064	-0.29063902	12.83102096	-0.09842544
-0.27209673	12.92617057	-0.10233467	-0.27216470	12.92613374	-0.10241078
0.02650949	12.84534856	-0.62109926	0.02647954	12.84532020	-0.62115019
0.03263879	12.91077441	-0.60859586	0.03260408	12.91074703	-0.60864855
-0.04844777	12.92123811	-0.58101428	-0.04848393	12.92120508	-0.58107310
-0.05665083	12.85642563	-0.58493261	-0.05668207	12.85639161	-0.58499000
-0.14012388	12.92873231	-0.59804399	-0.14015798	12.92869186	-0.59811006
-0.14981383	12.86792751	-0.59680057	-0.14984385	12.86788621	-0.59686548
-0.03490018	12.41595868	-0.12048608	-0.03492703	12.41594016	-0.12052719
-0.17548139	12.63297019	-0.09144083	-0.17552709	12.63294191	-0.09150026
-0.02029259	12.54111522	-0.09018094	-0.02033048	12.54109877	-0.09022595
-0.32692399	12.62557933	-0.13010300	-0.32696688	12.62553800	-0.13017462
-0.31332621	12.71332040	-0.11007355	-0.31337757	12.71328056	-0.11014678
0.01657397	12.77901522	-0.63280761	0.01654907	12.77898554	-0.63285700
-0.07598211	12.79001740	-0.58199721	-0.07600876	12.78998176	-0.58205390
-0.09380090	12.76303511	-0.56189471	-0.09382671	12.76299858	-0.56195178
-0.17381621	12.80542892	-0.58467217	-0.17384248	12.80538600	-0.58473699
-0.38400092	12.99946953	-0.17522134	-0.38406990	12.99942191	-0.17530824
-0.37624538	13.04961012	-0.22103921	-0.37631486	13.04956184	-0.22112672
-0.49384814	12.99250154	-0.23178238	-0.49391303	12.99244361	-0.23187796
-0.47417520	13.03325592	-0.27282151	-0.47424004	13.03319861	-0.27291643
-0.45214857	13.06649690	-0.32312990	-0.45221211	13.06644010	-0.32322383
-0.36640327	13.08662917	-0.28022992	-0.36647118	13.08658016	-0.28031753
-0.26237714	13.03483706	-0.59205257	-0.26241841	13.03478801	-0.59213093
-0.24795482	12.98961024	-0.61695706	-0.24799094	12.98956152	-0.61703316
-0.28266736	13.07128242	-0.55165255	-0.28271432	13.07123295	-0.55173337
-0.37731185	13.06259620	-0.56019735	-0.37735712	13.06253962	-0.56028544
-0.36239959	13.03133870	-0.60503356	-0.36243903	13.03128215	-0.60511981
-0.35273128	12.99299376	-0.63882743	-0.35276511	12.99293709	-0.63891208
-0.24927710	12.94108747	-0.63273190	-0.24930848	12.94103815	-0.63280689
-0.36018732	12.95405227	-0.66355479	-0.36021641	12.95399439	-0.66363917
-0.37490545	12.91672033	-0.67762193	-0.37493054	12.91666102	-0.67770671
-0.26196845	12.89157091	-0.63720264	-0.26199576	12.89152043	-0.63727731
-0.53792029	12.88682768	-0.19105712	-0.53798005	12.88676718	-0.19115396
-0.55777652	12.76480613	-0.19649888	-0.55782595	12.76474390	-0.19659466
-0.63394711	12.80147102	-0.25402072	-0.63399489	12.80140096	-0.25412401
-0.61597758	12.89748379	-0.25331111	-0.61603340	12.89741520	-0.25341490
-0.56570239	12.66007630	-0.21369054	-0.56574187	12.66001311	-0.21378480
-0.64115221	12.71884791	-0.26583414	-0.64119204	12.71877707	-0.26593649
-0.68970250	12.78851609	-0.33599692	-0.68974235	12.78843933	-0.33610489
-0.68349550	12.84082771	-0.33024789	-0.68354035	12.84075161	-0.33035634
-0.66758033	12.90393707	-0.33189937	-0.66763035	12.90386225	-0.33200772
-0.45619038	12.65012618	-0.16585153	-0.45623297	12.65007312	-0.16593557
-0.44515337	12.74636067	-0.14692707	-0.44520510	12.74630907	-0.14701246
-0.42314171	12.86569030	-0.13866950	-0.42320335	12.86564071	-0.13875609
-0.47081683	12.93233479	-0.68852170	-0.47084168	12.93226866	-0.68861482
-0.47771234	12.90531428	-0.69908732	-0.47773427	12.90524742	-0.69918056
-0.38703064	12.88340912	-0.67943650	-0.38705316	12.88334884	-0.67952153
-0.55740765	12.93740845	-0.66851788	-0.55743416	12.93733622	-0.66861822
-0.56215524	12.91068375	-0.68327459	-0.56217844	12.91061087	-0.68337492
-0.39783290	12.86661649	-0.66901789	-0.39785514	12.86655572	-0.66910337
-0.28163498	12.84336991	-0.62931386	-0.28165948	12.84331815	-0.62938878
0.89795605	12.88529087	-0.90306062	0.89793008	12.88531022	-0.90307714
0.79774957	12.95209058	-0.88929899	0.79771854	12.95210378	-0.88932284
0.91440673	12.89989136	-0.81430190	0.91437732	12.89991540	-0.81431724
0.81909580	12.97224998	-0.78474703	0.81906050	12.97226889	-0.78476905
0.70857192	13.02784083	-0.74360712	0.70853233	13.02785445	-0.74363463
0.67881772	13.00331567	-0.87281964	0.67878334	13.00332239	-0.87285018
0.91544066	12.89622917	-0.72235704	0.91540854	12.89625633	-0.72237116
0.83619567	12.96375931	-0.67810600	0.83615767	12.96378297	-0.67812533
0.74154504	13.01628703	-0.61624148	0.74150122	13.01630643	-0.61626583
1.00005372	12.67176057	-0.98577386	1.00004463	12.67178218	-0.98577782
0.96199408	12.79342959	-0.94102073	0.96197543	12.79345138	-0.94103102
1.02306061	12.67252813	-0.87439098	1.02304769	12.67255573	-0.87439317
0.98175461	12.80305317	-0.84420584	0.98173274	12.80308005	-0.84421474
1.01431773	12.67179495	-0.76104168	1.01430091	12.67182592	-0.76104342
0.97577239	12.80278948	-0.74478583	0.97574712	12.80281924	-0.74479406
0.55859388	13.04866560	-0.82784784	0.55855565	13.04866597	-0.82788475
0.59531132	13.07474782	-0.67889840	0.59526637	13.07475609	-0.67893208
0.47137315	13.11342826	-0.59634105	0.47132307	13.11343159	-0.59637934
0.43430357	13.08647953	-0.74833672	0.43426116	13.08647539	-0.74837764
0.63520800	13.06392849	-0.54065036	0.63515822	13.06394324	-0.54068005
0.50995844	13.10468751	-0.45811730	0.50990232	13.10469695	-0.45815273
-0.38584053	13.08017762	-0.50233240	-0.38589157	13.08012176	-0.50242147
-0.46931607	13.06170009	-0.51483440	-0.46936469	13.06163754	-0.51492971
-0.44938998	13.05024902	-0.55717369	-0.44943441	13.05018710	-0.55726722
-0.39790646	13.08636336	-0.43930859	-0.39796282	13.08630802	-0.43939866
-0.49148371	13.06365090	-0.47032942	-0.49153594	13.06358756	-0.47042654
-0.57583022	13.03715020	-0.49936576	-0.57587815	13.03707953	-0.49946927
-0.53821216	13.03912608	-0.53193296	-0.53825770	13.03905775	-0.53203343
-0.50050942	13.03751128	-0.55815483	-0.50055276	13.03744547	-0.55825217
-0.42336906	13.08303509	-0.37909529	-0.42342962	13.08297920	-0.37918729
-0.50528578	13.05951847	-0.41896855	-0.50534162	13.05945514	-0.41906666
-0.52017949	13.04508427	-0.36805072	-0.52023812	13.04502091	-0.36814973
-0.56574233	13.02800383	-0.40030677	-0.56579728	13.02793606	-0.40040914
-0.57764252	13.03302352	-0.44888941	-0.57769403	13.03295374	-0.44899292
-0.02006242	13.13039416	-0.43762066	-0.02012262	13.13036736	-0.43768359
-0.11172270	13.11788402	-0.45009108	-0.11178116	13.11785006	-0.45016009
-0.02946803	13.15203266	-0.34233773	-0.02953567	13.15200760	-0.34240223
-0.13260416	13.13569889	-0.36359249	-0.13266959	13.13566561	-0.36366351
-0.23370415	13.11836551	-0.39461032	-0.23376622	13.11832372	-0.39468830
-0.20767941	13.10476638	-0.47297726	-0.20773499	13.10472459	-0.47305305
-0.03002401	13.15396639	-0.25519772	-0.03009738	13.15394345	-0.25526248
-0.14394095	13.13921800	-0.27980271	-0.14401216	13.13918602	-0.27987483
-0.25350916	13.12077030	-0.31507621	-0.25357697	13.12072899	-0.31515582
0.99145464	11.97528485	-1.05811165	0.99148825	11.97530387	-1.05809232
1.01378664	12.12021377	-1.05643925	1.01381116	12.12023379	-1.05642250
0.99389185	11.93054132	-0.95264052	0.99392741	11.93056365	-0.95262087
1.01972004	12.07719694	-0.94212550	1.01974501	12.07722103	-0.94210750
1.03862361	12.29495729	-0.92703014	1.03863505	12.29498271	-0.92701729
1.02725728	12.32933942	-1.04302090	1.02726943	12.32936002	-1.04300978
0.97514369	11.91415681	-0.83369874	0.97517648	11.91418029	-0.83368027
1.00301973	12.06212791	-0.81868243	1.00304169	12.06215395	-0.81866489
1.02482212	12.28411906	-0.80263985	1.02483022	12.28414732	-0.80262642
1.02254853	12.51520683	-1.01908309	1.02254953	12.51522826	-1.01907909
1.04117157	12.49794733	-0.90385778	1.04117013	12.49797407	-0.90385183
1.02986588	12.49273194	-0.78254582	1.02986075	12.49276211	-0.78253928
-0.64339909	12.93203376	-0.61605854	-0.64342909	12.93195511	-0.61616568
-0.65015443	12.90221384	-0.62796035	-0.65018089	12.90213434	-0.62806757
-0.70115697	12.92181830	-0.53619156	-0.70119211	12.92173576	-0.53630323
-0.71157644	12.88560372	-0.54213261	-0.71160785	12.88552002	-0.54224453
-0.65194031	12.87881008	-0.62933385	-0.65196459	12.87873035	-0.62944084
-0.70274326	12.91226665	-0.43391633	-0.70278586	12.91218633	-0.43402797
-0.71617466	12.86715732	-0.43476318	-0.71621318	12.86707574	-0.43487507
-0.71909290	12.83145339	-0.43642847	-0.71912804	12.83137148	-0.43653992
-0.29893932	13.09336528	-0.48938184	-0.29899256	13.09331620	-0.48946441
-0.31713242	13.10326158	-0.41702158	-0.31719161	13.10321295	-0.41710577
-0.34315256	13.10274771	-0.34651141	-0.34321691	13.10269880	-0.34659762
-0.59592072	12.94987961	-0.26615690	-0.59597982	12.94981239	-0.26626014
-0.51555642	12.95312591	-0.20367454	-0.51562049	12.95306692	-0.20377104
-0.64999148	12.94413411	-0.34121646	-0.65004419	12.94406059	-0.34132420
-0.62685825	12.97372460	-0.35815006	-0.62691213	12.97365267	-0.35825647
-0.57290434	12.98186087	-0.29055432	-0.57296402	12.98179502	-0.29065629
-0.40098398	12.94409486	-0.14806338	-0.40105083	12.94404675	-0.14815016
-0.45778221	12.96337081	-0.67018459	-0.45781092	12.96330602	-0.67027719
-0.44589591	12.99572199	-0.64201997	-0.44592939	12.99565859	-0.64211218
-0.53002188	12.99469190	-0.62484663	-0.53005643	12.99462256	-0.62494573
-0.54594058	12.96624328	-0.65075689	-0.54597087	12.96617223	-0.65085675
-0.65986912	12.97905962	-0.52465430	-0.65991025	12.97898120	-0.52476361
-0.68417393	12.95153610	-0.53090312	-0.68421213	12.95145529	-0.53101393
-0.62965304	12.96036138	-0.60331681	-0.62968643	12.96028418	-0.60342334
-0.60878486	12.98760082	-0.58556666	-0.60882193	12.98752571	-0.58567194
-0.62782598	13.00829293	-0.51581129	-0.62787025	13.00821745	-0.51591850
-0.58150376	13.01405848	-0.55864772	-0.58154512	13.01398612	-0.55875128
-0.51183673	13.02046349	-0.58560398	-0.51187646	13.02039626	-0.58570198
-0.68532597	12.94547371	-0.43657322	-0.68537124	12.94539487	-0.43668405
-0.66098662	12.97358005	-0.44257551	-0.66103384	12.97350324	-0.44268481
-0.59466922	13.00481016	-0.38258993	-0.59472369	13.00474036	-0.38269427
-0.62730145	13.00368824	-0.45171495	-0.62735038	13.00361413	-0.45182201
-0.54521330	13.01642938	-0.32487721	-0.54527304	13.01636498	-0.32497766
-0.44234563	13.02648647	-0.60196910	-0.44238470	13.02642411	-0.60206161
0.18026630	13.12088344	-0.18685821	0.18019229	13.12087771	-0.18690929
0.15061687	13.15932477	-0.27219725	0.15054500	13.15931463	-0.27225082
0.17831243	13.14723148	-0.28689347	0.17824253	13.14722298	-0.28694509
0.21224308	13.10760153	-0.19839299	0.21217098	13.10759786	-0.19844190
0.13022468	13.16615957	-0.36732835	0.13015804	13.16614552	-0.36738313
0.15632964	13.15486080	-0.38422674	0.15626492	13.15484824	-0.38427960
0.18288824	13.13832214	-0.29689074	0.18281968	13.13831371	-0.29694185
0.21662955	13.09919623	-0.20478112	0.21655853	13.09919273	-0.20482954
0.18951760	13.14602767	-0.29796335	0.18944866	13.14601967	-0.29801431
0.22202098	13.10571079	-0.19966120	0.22194931	13.10570779	-0.19970954
0.17038538	13.15295109	-0.40134697	0.17032188	13.15293910	-0.40139893
0.21436028	13.15876367	-0.42727606	0.21429795	13.15875408	-0.42732572
0.23593117	13.15135254	-0.31585902	0.23586328	13.15134729	-0.31590752
0.26790066	13.10904628	-0.21046053	0.26782971	13.10904611	-0.21050647
0.25589330	12.93464145	-0.06641249	0.25582637	12.93464480	-0.06645437
0.21887379	13.05093682	-0.11214136	0.21880073	13.05093599	-0.11218849
0.25504128	13.03815803	-0.12349430	0.25497009	13.03815950	-0.12353904
0.29543129	12.92136134	-0.07948478	0.29536641	12.92136714	-0.07952393
0.26527010	13.03616874	-0.12397156	0.26519928	13.03617090	-0.12401571
0.30663051	12.91946767	-0.08287167	0.30656615	12.91947413	-0.08291019
0.31047622	13.03470778	-0.13129185	0.31040630	13.03471292	-0.13133347
0.35041166	12.91170529	-0.08876966	0.35034853	12.91171460	-0.08880572
0.37608157	12.72280028	-0.09249655	0.37603238	12.72281124	-0.09252514
0.33602398	12.73646469	-0.08811926	0.33597329	12.73647308	-0.08815025
0.39387886	12.52731670	-0.12284984	0.39384571	12.52732774	-0.12287044
0.35634206	12.55139549	-0.11825242	0.35630667	12.55140418	-0.11827569
0.32464322	12.73866060	-0.08340378	0.32459194	12.73866838	-0.08343540
0.34416140	12.55419411	-0.11335757	0.34412538	12.55420221	-0.11338152
0.29851281	12.56798665	-0.09535388	0.29847450	12.56799236	-0.09538090
0.28260115	12.75604748	-0.06746304	0.28254739	12.75605286	-0.06749766
0.26572186	12.78261285	-0.92060962	0.26570654	12.78259317	-0.92064074
0.25569620	12.85280356	-0.89601629	0.25567441	12.85278306	-0.89605374
0.23660732	12.85883207	-0.83691870	0.23658351	12.85881451	-0.83695710
0.24742884	12.79796644	-0.86040401	0.24740985	12.79794821	-0.86043794
0.24032700	12.92500534	-0.84580282	0.24029906	12.92498760	-0.84584418
0.22061823	12.92351333	-0.79006050	0.22058870	12.92349619	-0.79010199
0.22714975	12.91916030	-0.77223662	0.22711997	12.91914404	-0.77227772
0.24836585	12.80386260	-0.83967321	0.24834634	12.80384591	-0.83970767
0.22034626	12.85925353	-0.82248920	0.22032227	12.85923502	-0.82252866
0.22537582	12.80190889	-0.84531696	0.22535712	12.80188978	-0.84535324
0.20960185	12.92302198	-0.78028718	0.20957221	12.92300414	-0.78032947
0.16902668	12.93519137	-0.76571490	0.16899582	12.93517083	-0.76575989
0.17685394	12.86782724	-0.80407644	0.17682904	12.86780608	-0.80411843
0.17892743	12.80418003	-0.82500886	0.17890779	12.80415808	-0.82504812
0.27077549	12.71223966	-0.94544528	0.27076803	12.71221489	-0.94547018
0.25519562	12.73673925	-0.88440069	0.25518314	12.73672077	-0.88443045
0.25695448	12.75242668	-0.86211965	0.25693978	12.75240973	-0.86215078
0.27470838	12.71595825	-0.87517049	0.27469730	12.71594289	-0.87519751
0.23431862	12.74416308	-0.87197566	0.23430538	12.74414372	-0.87200832
0.18559291	12.73651432	-0.85442561	0.18557961	12.73649144	-0.85446179
0.28247380	12.32822015	-0.16283792	0.28245656	12.32822205	-0.16285433
0.29994634	12.42489851	-0.12926483	0.29992055	12.42490303	-0.12928502
0.34773230	12.42318895	-0.14558316	0.34770812	12.42319607	-0.14560054
0.33321588	12.35358472	-0.17804213	0.33319867	12.35358894	-0.17805605
0.35173247	12.43578244	-0.15288593	0.35170785	12.43578949	-0.15290373
0.36145557	12.41618501	-0.15063068	0.36143254	12.41619289	-0.15064713
0.34768090	12.34805537	-0.18443662	0.34766665	12.34806035	-0.18444855
0.39860326	12.38286728	-0.15902769	0.39858371	12.38287734	-0.15904089
0.11950246	13.14078600	-0.47252286	0.11944382	13.14076858	-0.47257739
0.14943070	13.12749794	-0.48651793	0.14937380	13.12748237	-0.48657029
0.12301060	13.08842488	-0.58058708	0.12296157	13.08840516	-0.58063966
0.15829355	13.07315035	-0.59124064	0.15824604	13.07313299	-0.59129071
0.16145077	13.11620155	-0.49323314	0.16139503	13.11618670	-0.49328447
0.16725191	13.12260868	-0.49337416	0.16719573	13.12259425	-0.49342532
0.17736032	13.06647902	-0.58741478	0.17731302	13.06646320	-0.58746350
0.20353371	13.07185499	-0.62673038	0.20348783	13.07184025	-0.62677783
0.20269374	13.12840142	-0.52584459	0.20263902	13.12838868	-0.52589382
0.21942135	13.00118361	-0.74488128	0.21938538	13.00116730	-0.74492569
0.19793431	12.99644047	-0.69678885	0.19789664	12.99642383	-0.69683418
0.18356844	12.99952591	-0.69634582	0.18353064	12.99950817	-0.69639213
0.14527972	13.01429323	-0.68510557	0.14524056	13.01427286	-0.68515452
0.39358020	13.09141524	-0.26400290	0.39351448	13.09142229	-0.26404193
0.42897520	13.01107552	-0.18007580	0.42891080	13.01108734	-0.18011089
0.45762179	12.88045549	-0.13364895	0.45756426	12.88047053	-0.13367876
0.31200244	12.99036239	-0.86362378	0.31197022	12.99034703	-0.86366675
0.33596024	12.91168788	-0.95291449	0.33593579	12.91166333	-0.95295807
0.29397557	13.06005328	-0.75154187	0.29393587	13.06004174	-0.75158539
0.13578897	12.96222175	-0.06126446	0.13571875	12.96221659	-0.06131407
0.11382230	13.06633597	-0.10603309	0.11374687	13.06632776	-0.10608682
0.09221017	13.12970887	-0.17617861	0.09213427	13.12969703	-0.17623521
0.08739040	13.02791171	-0.62592015	0.08734785	13.02788839	-0.62597298
0.06721410	13.09340996	-0.54812391	0.06716310	13.09338693	-0.54818008
0.10661486	12.95575031	-0.68011653	0.10657943	12.95572709	-0.68016582
0.47241773	12.68533145	-0.13331413	0.47237398	12.68534730	-0.13333673
0.48210651	12.47609162	-0.16157354	0.48207944	12.47610628	-0.16158855
0.34519474	12.83051558	-1.00558467	0.34517810	12.83048659	-1.00562164
0.34599364	12.75535481	-1.03454067	0.34597898	12.75532391	-1.03457228
0.48335879	12.33840135	-0.19957725	0.48334538	12.33841317	-0.19958484
0.34536601	12.69495275	-1.05267871	0.34536491	12.69491514	-1.05269749
0.15773408	12.47224514	-0.10607641	0.15770265	12.47224058	-0.10610767
0.16348576	12.62840173	-0.07684257	0.16344114	12.62839862	-0.07687945
0.10871082	12.75461962	-0.74952297	0.10869179	12.75459422	-0.74956513
0.10888795	12.82337216	-0.72599753	0.10886326	12.82334768	-0.72604208
0.15425402	12.80773715	-0.05646779	0.15419494	12.80773381	-0.05651153
0.11098008	12.88891213	-0.70817547	0.11095051	12.88888841	-0.70822231
0.32951526	13.14359157	-0.50241910	0.32945853	13.14358807	-0.50246267
0.30360842	13.11477767	-0.62929390	0.30355978	13.11476989	-0.62933806
0.35992860	13.13561484	-0.37623398	0.35986586	13.13561658	-0.37627594
0.06320819	13.16381786	-0.34842245	0.06314034	13.16379943	-0.34848132
0.05993627	13.13985680	-0.45052912	0.05987631	13.13983557	-0.45058734
0.07465657	13.16116885	-0.25702653	0.07458323	13.16115357	-0.25708488
0.88242657	11.96687646	-0.58436663	0.88244157	11.96689474	-0.58435851
0.81676000	12.01719950	-0.47386000	0.81676000	12.01719950	-0.47386000
0.92304727	11.93911955	-0.71304903	0.92307267	11.93914188	-0.71303482
0.91043082	12.00560881	-0.71796042	0.91045175	12.00563056	-0.71794749
0.87461661	12.05240287	-0.63162845	0.87462871	12.05242264	-0.63161896
0.80607858	12.11487803	-0.52868063	0.80608157	12.11489179	-0.52867427
0.95651452	11.93153312	-0.83725600	0.95654616	11.93155530	-0.83723858
0.97584712	11.94742554	-0.94861219	0.97588133	11.94744672	-0.94859333
0.94370790	12.06541937	-0.93209206	0.94373338	12.06543911	-0.93207598
0.92933288	12.03524653	-0.81446650	0.92935643	12.03526809	-0.81445210
0.97503017	11.98958535	-1.04183425	0.97506258	11.98960372	-1.04181544
0.94025449	12.06409403	-1.12884210	0.94028303	12.06410722	-1.12882493
0.91704086	12.12679249	-1.10653043	0.91706560	12.12680485	-1.10651524
0.94098163	12.10015538	-1.02996691	0.94100689	12.10017184	-1.02995114
0.85935665	12.18190465	-1.22008987	0.85937932	12.18190913	-1.22007651
0.74274005	12.33255857	-1.27085183	0.74275568	12.33255364	-1.27084366
0.74667281	12.36100125	-1.19914218	0.74668537	12.36099960	-1.19913455
0.85750422	12.22791091	-1.15748703	0.85752371	12.22791759	-1.15747517
0.60191833	12.48189320	-1.23828826	0.60193691	12.48187387	-1.23829903
0.47263441	12.60087175	-1.15695317	0.47266201	12.60064815	-1.15703394
0.49420000	12.61570000	-1.07906000	0.49420000	12.61570000	-1.07906000
0.61447000	12.50220000	-1.16283000	0.61447000	12.50220000	-1.16283000
0.38342886	12.64503415	-1.05045151	0.38343822	12.64499201	-1.05046673
0.33235543	12.64688874	-0.95715378	0.33235971	12.64687090	-0.95716244
0.37140000	12.64100070	-0.89641000	0.37140000	12.64100070	-0.89641000
0.41679000	12.64250090	-0.98287004	0.41679000	12.64250090	-0.98287004
0.31390585	12.67890492	-0.89814238	0.31389938	12.67889240	-0.89816131
0.30975979	12.70647657	-0.87088104	0.30974917	12.70646527	-0.87090430
0.33804067	12.69446019	-0.81363310	0.33802852	12.69445301	-0.81365486
0.34720088	12.66940728	-0.84105217	0.34719053	12.66940228	-0.84106836
0.30078505	12.69374416	-0.87478938	0.30077609	12.69373178	-0.87481345
0.25764068	12.68356538	-0.84544338	0.25763060	12.68354857	-0.84547208
0.29787964	12.68089723	-0.77594914	0.29786622	12.68088620	-0.77597528
0.33690764	12.68305880	-0.81229670	0.33689666	12.68305149	-0.81231870
0.15122680	12.71913842	-0.71742462	0.15120866	12.71911699	-0.71746308
0.01923178	12.77291581	-0.57704014	0.01920482	12.77288768	-0.57708933
0.02333797	12.81073585	-0.50021518	0.02330426	12.81071024	-0.50026542
0.17520325	12.73440449	-0.64211671	0.17518084	12.73438671	-0.64215455
-0.09745713	12.81579998	-0.51433753	-0.09748985	12.81576488	-0.51439651
-0.20498163	12.84759739	-0.51829835	-0.20501563	12.84755436	-0.51836681
-0.20843439	12.91618363	-0.45807973	-0.20847714	12.91614206	-0.45815041
-0.09958569	12.87540254	-0.44430549	-0.09962687	12.87536946	-0.44436664
-0.31017218	12.86782202	-0.57814216	-0.31020230	12.86776970	-0.57822006
-0.40880660	12.87874337	-0.64584264	-0.40883143	12.87868238	-0.64592934
-0.42548237	12.90650951	-0.59411138	-0.42551316	12.90644855	-0.59419994
-0.31971230	12.92099532	-0.52320165	-0.31975021	12.92094382	-0.52328150
-0.49691832	12.88194064	-0.67387511	-0.49694045	12.88187280	-0.67396947
-0.57662809	12.87840720	-0.66208027	-0.57665022	12.87833347	-0.66218121
-0.57583703	12.88086119	-0.62670519	-0.57586216	12.88078808	-0.62680600
-0.51925799	12.88969876	-0.62564972	-0.51928438	12.88963011	-0.62574594
-0.65072844	12.87003912	-0.61049123	-0.65075340	12.86995979	-0.61059796
-0.69993300	12.85372762	-0.53094904	-0.69996232	12.85364516	-0.53105942
-0.66286157	12.86999120	-0.50271862	-0.66289487	12.86991282	-0.50282612
-0.62549282	12.87929990	-0.57953541	-0.62552112	12.87922334	-0.57964018
-0.70490938	12.82656404	-0.43573709	-0.70494416	12.82648343	-0.43584722
-0.67799056	12.77980889	-0.34593901	-0.67802883	12.77973292	-0.34604579
-0.65639004	12.78640473	-0.35886796	-0.65642781	12.78633033	-0.35897301
-0.66868619	12.83291023	-0.41914190	-0.66872297	12.83283327	-0.41924900
-0.63120007	12.70553043	-0.28269853	-0.63123728	12.70546008	-0.28279974
-0.55763032	12.64515300	-0.23399164	-0.55766680	12.64509006	-0.23408493
-0.54010908	12.70441907	-0.26537628	-0.54014760	12.70435674	-0.26546919
-0.61622420	12.74769344	-0.31525802	-0.61626223	12.74762354	-0.31535872
-0.45067092	12.64050065	-0.18668932	-0.45071094	12.64044748	-0.18677263
-0.32358327	12.62015214	-0.15076572	-0.32362414	12.62011032	-0.15083683
-0.30582974	12.67382498	-0.17969818	-0.30587247	12.67378357	-0.17976958
-0.43186869	12.69797055	-0.21665094	-0.43191074	12.69791817	-0.21673390
-0.18678068	12.51609186	-0.13718673	-0.18681410	12.51606121	-0.13724252
-0.03799701	12.40061882	-0.14424219	-0.03802116	12.40059910	-0.14428285
-0.03560877	12.47027152	-0.17544070	-0.03563598	12.47025076	-0.17548398
-0.17525206	12.57876061	-0.16612129	-0.17528815	12.57872967	-0.16617864
0.12325316	12.34052355	-0.16438759	0.12323472	12.34051439	-0.16441520
0.25175446	12.32215735	-0.18954329	0.25173920	12.32215595	-0.18956141
0.23122376	12.38175740	-0.24172107	0.23120770	12.38175218	-0.24174352
0.11352761	12.40774837	-0.20590946	0.11350708	12.40773684	-0.20594063
0.30170287	12.35641588	-0.21083978	0.30168729	12.35641635	-0.21085593
0.28705985	12.44013206	-0.28039074	0.28704142	12.44012911	-0.28041199
0.27898876	12.41234222	-0.26645589	0.27897181	12.41233913	-0.26647646
0.31327626	12.34661684	-0.22338524	0.31326380	12.34661607	-0.22339866
0.34620000	12.27620000	-0.23202000	0.34620000	12.27620000	-0.23202000
0.31922323	12.33328262	-0.29111952	0.31921390	12.33327838	-0.29113116
0.28622989	12.39848600	-0.28141278	0.28621459	12.39848182	-0.28143116
0.44425997	12.21770000	-0.27141000	0.44425997	12.21770000	-0.27141000
0.57587000	12.16340070	-0.32883000	0.57587000	12.16340070	-0.32883000
0.56939302	12.24324929	-0.38314268	0.56938864	12.24325556	-0.38314488
0.42748735	12.28627333	-0.32820857	0.42748133	12.28627447	-0.32821476
0.70622003	12.08180000	-0.39380000	0.70622003	12.08180000	-0.39380000
0.69993179	12.18164938	-0.44767622	0.69993013	12.18166035	-0.44767484
0.76347048	12.39363384	-1.04845601	0.76347906	12.39364006	-1.04845181
0.86589044	12.24503836	-1.04709731	0.86590737	12.24504993	-1.04708668
0.78287729	12.37745883	-0.86038262	0.78288312	12.37747219	-0.86037885
0.87503604	12.22388585	-0.90665294	0.87505109	12.22390265	-0.90664262
0.79548225	12.26314708	-0.67260069	0.79548610	12.26316423	-0.67259543
0.87485451	12.15026313	-0.75446096	0.87486857	12.15028335	-0.75445061
0.53326630	12.60827527	-0.90351535	0.53326186	12.60827649	-0.90352555
0.64698698	12.52251101	-0.99086827	0.64698992	12.52251635	-0.99087051
0.56450047	12.53900436	-0.69210466	0.56449119	12.53901007	-0.69211588
0.67762218	12.47914808	-0.78167442	0.67761953	12.47915812	-0.78167857
0.57037871	12.38701030	-0.51154674	0.57037073	12.38701794	-0.51155373
0.69223919	12.34079172	-0.58943946	0.69223589	12.34080464	-0.58944042
-0.21923074	12.91140519	-0.37326044	-0.21927868	12.91136507	-0.37333173
-0.11323645	12.86852484	-0.35750126	-0.11328217	12.86849302	-0.35756340
-0.24061842	12.85351791	-0.28666795	-0.24066783	12.85347852	-0.28673927
-0.13381607	12.80413220	-0.27327086	-0.13386246	12.80410127	-0.27333261
-0.01646686	12.73688941	-0.30868895	-0.01650580	12.73686590	-0.30874009
0.00659635	12.80296157	-0.40436266	0.00655802	12.80293733	-0.40441401
-0.27411747	12.76308516	-0.22375668	-0.27416407	12.76304489	-0.22382809
-0.15629209	12.69070748	-0.21089855	-0.15633367	12.69067665	-0.21095840
-0.02937484	12.60479102	-0.23171832	-0.02940851	12.60476881	-0.23176603
-0.55525763	12.90989711	-0.54449971	-0.55529170	12.90982721	-0.54459909
-0.58924382	12.90351066	-0.45275919	-0.58928425	12.90343979	-0.45286102
-0.48699413	12.92406840	-0.39160104	-0.48704127	12.92400730	-0.39169453
-0.45384606	12.93693435	-0.49719039	-0.45388642	12.93687345	-0.49728168
-0.60549598	12.83141663	-0.37360639	-0.60553642	12.83134619	-0.37370792
-0.51642590	12.82196290	-0.31514897	-0.51647020	12.82190126	-0.31524248
-0.33772893	12.93592479	-0.42944048	-0.33777468	12.93587424	-0.42952191
-0.36446233	12.90055081	-0.33076022	-0.36451239	12.90050069	-0.33084275
-0.39977676	12.80292898	-0.26199547	-0.39982377	12.80287792	-0.26207833
0.29273798	12.63932552	-0.65213147	0.29272175	12.63931523	-0.65215913
0.33451178	12.63605575	-0.67557799	0.33449707	12.63604828	-0.67560296
0.26650199	12.57237980	-0.50220049	0.26648431	12.57237041	-0.50222855
0.31288464	12.57151612	-0.51214388	0.31286743	12.57150985	-0.51216940
0.31696290	12.58953803	-0.49658347	0.31694357	12.58953237	-0.49660907
0.33546309	12.65036536	-0.66719221	0.33544663	12.65035803	-0.66721724
0.34268077	12.63283627	-0.68976344	0.34266606	12.63282885	-0.68978722
0.31941558	12.57531811	-0.51138743	0.31939781	12.57531217	-0.51141228
0.35182875	12.55559514	-0.55196338	0.35181376	12.55559030	-0.55198587
0.37209989	12.61421220	-0.74018536	0.37208819	12.61420545	-0.74020621
0.32685654	12.44089903	-0.39960570	0.32684262	12.44089471	-0.39962456
0.29441996	12.48772761	-0.37642549	0.29440204	12.48772265	-0.37644837
0.28868844	12.49184084	-0.37154188	0.28867039	12.49183598	-0.37156568
0.24121243	12.47751404	-0.35533848	0.24119490	12.47750600	-0.35536427
0.44508701	12.55425608	-0.61382126	0.44507408	12.55425634	-0.61383903
0.43846026	12.62174938	-0.81558447	0.43845281	12.62174663	-0.81559920
0.43355545	12.41251645	-0.44653669	0.43354466	12.41251740	-0.44654933
0.13708489	12.64017266	-0.41045011	0.13705846	12.64015699	-0.41048826
0.16333285	12.71054611	-0.53292856	0.16330725	12.71052953	-0.53296696
0.11869113	12.52311938	-0.29454247	0.11866740	12.52310528	-0.29457780
0.16266637	13.14534866	-0.39644379	0.16260308	13.14533626	-0.39649598
0.25843568	13.03185056	-0.13061451	0.25836548	13.03185206	-0.13065890
0.29789308	12.91794893	-0.08884927	0.29782909	12.91795460	-0.08888817
0.32717329	12.73794612	-0.09388194	0.32712273	12.73795371	-0.09391341
0.34737692	12.55848109	-0.12323408	0.34734118	12.55848898	-0.12325802
0.24065244	12.85809989	-0.81602705	0.24062809	12.85808341	-0.81606536
0.33856881	12.37566988	-0.18538425	0.33855090	12.37567405	-0.18539900
0.17557671	13.06127258	-0.59018684	0.17552990	13.06125655	-0.59023555
0.20141137	12.99125827	-0.69011940	0.20137379	12.99124206	-0.69016445
0.89671619	11.96159631	-0.57090064	0.89673073	11.96161533	-0.57089179
0.82718418	12.01972660	-0.45666812	0.82718300	12.01972721	-0.45666807
0.94045716	11.92484321	-0.70441082	0.94048316	11.92486673	-0.70439561
0.74620905	12.33113958	-1.28635449	0.74622502	12.33113426	-1.28634628
0.46297608	12.60758231	-1.17025503	0.46300377	12.60737551	-1.17033004
0.35418892	12.65549684	-1.05898613	0.35419890	12.65544932	-1.05900227
0.28770077	12.66072636	-0.96053824	0.28770405	12.66070034	-0.96055146
0.27301855	12.69127122	-0.89983636	0.27301077	12.69125239	-0.89986008
0.25647586	12.70268953	-0.88691620	0.25646752	12.70267192	-0.88694547
0.20816409	12.68852275	-0.86891724	0.20815519	12.68850108	-0.86895002
0.11968905	12.71051474	-0.75461357	0.11967342	12.71048973	-0.75465348
0.01134762	12.74402534	-0.62453518	0.01132486	12.74399530	-0.62458393
-0.19719192	12.78434681	-0.55913641	-0.19721867	12.78430301	-0.55920239
-0.30035260	12.82568441	-0.60923140	-0.30037755	12.82563190	-0.60930739
-0.48435887	12.88701543	-0.69612706	-0.48437969	12.88694813	-0.69622051
-0.56655261	12.88977945	-0.68460088	-0.56657398	12.88970616	-0.68470123
-0.71224011	12.85800348	-0.54246045	-0.71226885	12.85791959	-0.54257196
-0.18892688	12.52582243	-0.11515090	-0.18896262	12.52579245	-0.11520729
0.14097811	12.35627713	-0.13972101	0.14095698	12.35627024	-0.13974818
0.30919792	12.38419174	-0.22342086	0.30918134	12.38419200	-0.22343769
0.38316321	12.29420304	-0.19542724	0.38315874	12.29420888	-0.19543113
0.46915389	12.23751866	-0.23901090	0.46915078	12.23752372	-0.23901377
0.71410390	12.09189641	-0.37183335	0.71410319	12.09189881	-0.37183386
0.29529708	12.51495143	-0.36965382	0.29527710	12.51494709	-0.36967796
0.58366066	12.77837155	-0.54227070	0.58363048	12.77838336	-0.54229057
0.30454648	12.98954341	-0.53163286	0.30450154	12.98953783	-0.53167285
0.03333170	12.99538805	-0.26410826	0.03327098	12.99536966	-0.26416439
0.10171933	13.07794888	-0.30928210	0.10165551	13.07793430	-0.30933630
0.31903357	12.86920274	-0.29555322	0.31898480	12.86920406	-0.29558866
0.03025240	12.96779283	-0.42253427	0.03020314	12.96777008	-0.42258928
0.12361882	13.04568672	-0.41872776	0.12356390	13.04567091	-0.41877937
0.36656216	12.82371461	-0.69466333	0.36653590	12.82371090	-0.69469351
0.15792441	13.02958285	-0.18070575	0.15785672	13.02957579	-0.18075556
0.22028039	12.81485844	-0.79500456	0.22025840	12.81484081	-0.79504188
0.32974179	12.75861740	-0.53218262	0.32971245	12.75861293	-0.53221317
0.32851200	12.88666919	-0.84296026	0.32848629	12.88665853	-0.84299706
0.39412422	12.43659440	-0.24601439	0.39410408	12.43659931	-0.24603059
0.24522440	13.04713549	-0.44794215	0.24517111	13.04712772	-0.44798696
0.47646832	12.68519220	-0.66839015	0.47644973	12.68519467	-0.66840978
0.69805092	12.74987604	-0.77336719	0.69803157	12.74988942	-0.77338259
0.32738357	12.94064059	-0.20136914	0.32732461	12.94064506	-0.20140681
-0.42747372	12.91040057	-0.24551256	-0.42753093	12.91034769	-0.24560054
0.15364203	13.08200736	-0.25008300	0.15357455	13.08199811	-0.25013437
0.32371506	12.94653951	-0.68924107	0.32368026	12.94653227	-0.68927843
-0.51452795	12.90992434	-0.28575609	-0.51458208	12.90986349	-0.28585147
0.22878111	13.03201962	-0.32968098	0.22872233	13.03201373	-0.32972638
0.29010176	12.46013558	-0.20175908	0.29007757	12.46013607	-0.20178127
0.11958079	13.09913616	-0.37136033	0.11951920	13.09912129	-0.37141387
0.21057827	13.07759612	-0.49019681	0.21052508	13.07758485	-0.49024428
0.25473506	12.61326320	-0.24589628	0.25470182	12.61326039	-0.24592686
0.16813350	12.93767060	-0.50993450	0.16809131	12.93765559	-0.50998010
0.27753671	12.89088287	-0.83288250	0.27751065	12.89086882	-0.83292100
0.28433534	12.84018206	-0.83596878	0.28431283	12.84016862	-0.83600376
0.23147202	13.02219424	-0.54592744	0.23142561	13.02218314	-0.54597216
0.37623049	12.80019688	-0.19905244	0.37618182	12.80020448	-0.19908323
0.49802275	12.59271291	-0.43366465	0.49799972	12.59272057	-0.43368188
0.30546894	12.76059792	-0.88835459	0.30545438	12.76058606	-0.88838186
0.16150664	12.96472292	-0.64520523	0.16146895	12.96470463	-0.64525178
0.39113610	12.37637459	-0.22278773	0.39112012	12.37638013	-0.22280041
0.35811237	12.48433039	-0.31314521	0.35809179	12.48433145	-0.31316508
0.19523787	12.86915086	-0.18800900	0.19518269	12.86914627	-0.18805192
0.38946012	12.73028135	-0.91051189	0.38944840	12.73027993	-0.91053047
0.29706950	12.79286345	-0.84988918	0.29705100	12.79285096	-0.84991983
0.14593894	13.11433788	-0.28242233	0.14587103	13.11432719	-0.28247497
0.41488327	12.60744192	-0.24823807	0.41485049	12.60744959	-0.24826023
0.21543903	12.85992093	-0.77179951	0.21541328	12.85990367	-0.77183916
0.42791804	12.71332910	-0.82771529	0.42790527	12.71332794	-0.82773444
0.82709686	12.74563415	-0.86861488	0.82708022	12.74565187	-0.86862646
0.56579495	12.79132400	-0.92839425	0.56577762	12.79132491	-0.92841952
0.34118033	12.68686778	-0.20000094	0.34113956	12.68687247	-0.20002959
0.25127605	12.76369427	-0.18256407	0.25122844	12.76369367	-0.18260021
