0.86471925	12.72847164	-0.42655474	0.86585173	12.72773927	-0.42704350
0.83959589	12.86704630	-0.45570447	0.84106032	12.86634451	-0.45622222
0.91340715	12.82372361	-0.55462577	0.91464172	12.82285767	-0.55520786
0.94177481	12.69002760	-0.53972923	0.94269352	12.68912274	-0.54029249
0.79917272	12.95872296	-0.51612786	0.80081413	12.95809742	-0.51664272
0.87683553	12.91050679	-0.59761261	0.87823911	12.90970313	-0.59819011
0.92405448	12.86623861	-0.65823965	0.92526690	12.86532484	-0.65884585
0.96050695	12.79552701	-0.65259122	0.96155231	12.79454314	-0.65320816
0.99101896	12.66586829	-0.65338166	0.99176988	12.66484086	-0.65398723
0.72238957	12.76017287	-1.16857795	0.72277015	12.75969312	-1.16887955
0.84409192	12.70652099	-1.14815471	0.84441256	12.70577553	-1.14857195
0.81621309	12.81363002	-1.07968368	0.81682185	12.81292952	-1.08011771
0.69478373	12.86268373	-1.09523320	0.69545278	12.86222129	-1.09555386
0.94524921	12.67009886	-1.08659134	0.94556287	12.66912262	-1.08711421
0.91586048	12.78200893	-1.02810052	0.91647216	12.78109731	-1.02863337
0.87868220	12.85144696	-0.97742096	0.87949363	12.85061023	-0.97794651
0.80058574	12.89404614	-0.99211692	0.80145761	12.89335321	-0.99257859
0.67972836	12.94278282	-0.99654572	0.68069021	12.94232597	-0.99690674
0.61498792	12.83315236	-0.21266774	0.61664911	12.83301162	-0.21293979
0.60074601	12.97048456	-0.26112919	0.60277903	12.97037739	-0.26143343
0.73203966	12.91862293	-0.35467609	0.73378240	12.91817248	-0.35509768
0.74957379	12.77897546	-0.31363117	0.75095926	12.77850298	-0.31401794
0.57225472	13.05738889	-0.34594158	0.57445956	13.05734368	-0.34625625
0.69797173	13.00969631	-0.43073855	0.69989313	13.00931857	-0.43116476
0.47693205	12.88088922	-1.06648382	0.47764405	12.88086907	-1.06660060
0.60082518	12.82374793	-1.13997352	0.60134561	12.82349481	-1.14017472
0.57363334	12.91657487	-1.06804237	0.57443959	12.91634945	-1.06827237
0.45215427	12.96424909	-0.99241487	0.45318505	12.96429965	-0.99256379
0.55726814	12.99179317	-0.96704374	0.55840074	12.99161271	-0.96731631
0.43521862	13.03453780	-0.89034030	0.43659277	13.03467126	-0.89052093
0.01244638	13.01099013	-0.07109322	0.01496095	13.01286281	-0.07091523
-0.11436954	13.02845550	-0.09461930	-0.11174765	13.03085216	-0.09439531
-0.11305038	13.10108236	-0.14369322	-0.11013690	13.10346422	-0.14354104
0.00987618	13.09810600	-0.11675043	0.01270140	13.09998815	-0.11661214
-0.23243706	13.03494712	-0.13070687	-0.22977793	13.03784225	-0.13038306
-0.23044225	13.09537025	-0.18087574	-0.22755003	13.09824112	-0.18059400
-0.22950843	13.13506667	-0.24753209	-0.22647692	13.13790671	-0.24727743
-0.11176398	13.14622384	-0.21209476	-0.10866793	13.14855864	-0.21200822
0.00744805	13.15136939	-0.18392808	0.01045010	13.15324786	-0.18382303
0.05345458	12.98775013	-0.59479451	0.05531888	12.98918880	-0.59463763
0.04127672	13.05090012	-0.57055600	0.04342081	13.05240641	-0.57043537
-0.03864545	13.05499288	-0.56165143	-0.03640319	13.05680860	-0.56150997
-0.02705802	12.99808490	-0.57553989	-0.02507788	12.99983356	-0.57535519
0.02454816	13.10639507	-0.52489411	0.02698936	13.10801879	-0.52481688
-0.05771478	13.10283080	-0.52753779	-0.05521982	13.10476127	-0.52742975
-0.15169970	13.09862073	-0.54316654	-0.14920321	13.10095793	-0.54297021
-0.13106852	13.05595624	-0.57799118	-0.12879808	13.05817071	-0.57778517
-0.11852116	13.00385042	-0.59399310	-0.11649742	13.00598788	-0.59375449
0.98746541	12.27765085	-0.67812677	0.98736021	12.27670121	-0.67863941
0.96158204	12.05965436	-0.69251828	0.96105217	12.05878836	-0.69291566
0.91238685	12.08960896	-0.55629034	0.91217873	12.08901157	-0.55661198
0.93088273	12.29483371	-0.54184220	0.93096539	12.29409534	-0.54226349
0.83660217	12.14293649	-0.43380282	0.83660165	12.14263583	-0.43401303
0.84679870	12.32257144	-0.41538577	0.84701435	12.32204963	-0.41571379
0.97515497	12.36692351	-1.14797347	0.97471106	12.36585361	-1.14847399
0.88109859	12.43008668	-1.21583186	0.88074739	12.42924355	-1.21623485
0.87142908	12.27063642	-1.24010540	0.87064749	12.26980873	-1.24047810
0.96213387	12.17580466	-1.16256987	0.96121449	12.17476204	-1.16302688
0.75639727	12.51089490	-1.24282272	0.75628683	12.51042777	-1.24308457
0.74796453	12.39053908	-1.27387169	0.74745982	12.39006847	-1.27411573
0.85611540	12.16619726	-1.24734823	0.85506781	12.16540629	-1.24768875
0.93973928	12.04167280	-1.15959186	0.93851532	12.04068380	-1.15999251
0.99863275	12.48599556	-0.66410741	0.99897091	12.48498223	-0.66467138
0.94370535	12.50384358	-0.53689373	0.94419836	12.50298249	-0.53740080
0.86112640	12.53461760	-0.41395949	0.86177645	12.53394136	-0.41438230
0.86917861	12.57732988	-1.18909907	0.86921218	12.57654770	-1.18950166
0.96764695	12.53169016	-1.12468784	0.96761301	12.53064930	-1.12520769
0.74506621	12.63863742	-1.21285629	0.74520085	12.63817167	-1.21315502
0.60574950	12.41870458	-0.22778343	0.60618672	12.41858606	-0.22793133
0.61297616	12.63360771	-0.20646181	0.61405236	12.63347151	-0.20666742
0.74407706	12.58031140	-0.30174200	0.74491641	12.57988754	-0.30206176
0.73195710	12.36718237	-0.31123373	0.73228862	12.36687282	-0.31145306
0.47111608	12.70440143	-1.15172524	0.47128030	12.70439464	-1.15176422
0.61280238	12.61346017	-1.22080363	0.61285275	12.61335840	-1.22089805
0.61179293	12.71615969	-1.18811931	0.61200619	12.71594610	-1.18825514
0.47938309	12.78810390	-1.11890109	0.47979230	12.78807735	-1.11896923
0.58685881	12.17462207	-0.30199976	0.58687551	12.17460969	-0.30201399
0.59934824	12.27962711	-0.26382273	0.59948199	12.27953888	-0.26391767
0.72484113	12.21369738	-0.33940324	0.72492024	12.21350279	-0.33953539
0.59876171	12.48616635	-1.25164074	0.59859118	12.48613412	-1.25162740
0.60605931	12.53312842	-1.24379126	0.60598750	12.53305749	-1.24380387
0.46360762	12.64907315	-1.16702512	0.46366423	12.64909355	-1.16705313
0.01041152	12.73231570	-0.06571199	0.01189622	12.73416246	-0.06542083
-0.13556499	12.80757509	-0.07368766	-0.13381988	12.81002235	-0.07332000
-0.12065623	12.93042256	-0.07393497	-0.11842014	12.93283297	-0.07364308
0.01562290	12.88724527	-0.05728347	0.01767819	12.88909580	-0.05705865
-0.26906317	12.86480272	-0.09880363	-0.26710315	12.86783303	-0.09835660
-0.24642406	12.95932766	-0.10500284	-0.24407216	12.96227798	-0.10461927
0.04409655	12.85800261	-0.62148148	0.04544754	12.85943301	-0.62121585
0.05291288	12.92337795	-0.61002482	0.05451336	12.92479932	-0.60981982
-0.02691752	12.93613064	-0.58314049	-0.02520754	12.93786573	-0.58289681
-0.03761735	12.87156522	-0.58584716	-0.03616434	12.87333633	-0.58554676
-0.11775013	12.94622004	-0.60072925	-0.11598058	12.94834289	-0.60044568
-0.12985849	12.88584479	-0.59808662	-0.12835215	12.88802329	-0.59774662
-0.02967211	12.43705861	-0.11693368	-0.02924452	12.43903906	-0.11651690
-0.16230329	12.66066704	-0.08913919	-0.16112873	12.66320405	-0.08869723
-0.01028125	12.56177718	-0.08782835	-0.00940113	12.56368841	-0.08747061
-0.31425755	12.65998035	-0.12682552	-0.31316395	12.66318234	-0.12628307
-0.29683209	12.74756975	-0.10818045	-0.29536661	12.75069928	-0.10767699
0.03161221	12.79183606	-0.63222463	0.03271512	12.79329529	-0.63189097
-0.05926501	12.80580349	-0.58161443	-0.05807326	12.80766900	-0.58124208
-0.07780279	12.77969921	-0.56096187	-0.07671364	12.78166277	-0.56055793
-0.15613421	12.82448870	-0.58451422	-0.15489109	12.82679785	-0.58410887
-0.35483300	13.03631325	-0.17908331	-0.35218634	13.03972749	-0.17864247
-0.34494340	13.08514415	-0.22615673	-0.34211798	13.08850463	-0.22574878
-0.46550877	13.03287804	-0.23461135	-0.46291528	13.03675707	-0.23404266
-0.44431845	13.07183914	-0.27673122	-0.44159258	13.07561835	-0.27620100
-0.42114555	13.10293264	-0.32789013	-0.41833111	13.10659165	-0.32739761
-0.33369672	13.12034781	-0.28617380	-0.33076869	13.12363378	-0.28579579
-0.23538618	13.05704288	-0.59697698	-0.23309612	13.05972494	-0.59666272
-0.22299717	13.01069361	-0.62085435	-0.22094281	13.01330281	-0.62052544
-0.25380259	13.09521504	-0.55734291	-0.25129734	13.09800687	-0.55703054
-0.34877320	13.09011836	-0.56520014	-0.34627390	13.09335926	-0.56478487
-0.33552880	13.05719023	-0.60938366	-0.33322418	13.06035049	-0.60896925
-0.32764867	13.01766666	-0.64230023	-0.32555841	13.02077643	-0.64187760
-0.22637060	12.96189104	-0.63546244	-0.22454928	12.96450484	-0.63510281
-0.33681274	12.97846683	-0.66606563	-0.33492732	12.98161167	-0.66561539
-0.35311067	12.94141430	-0.67914189	-0.35140970	12.94463469	-0.67866016
-0.24102789	12.91278104	-0.63871745	-0.23943562	12.91546267	-0.63831639
-0.51395406	12.92989373	-0.19126226	-0.51178393	12.93398507	-0.19062209
-0.53901347	12.80851651	-0.19400911	-0.53737970	12.81271384	-0.19333853
-0.61390595	12.84706764	-0.25176313	-0.61215327	12.85159960	-0.25102727
-0.59193413	12.94235533	-0.25326017	-0.58976053	12.94679554	-0.25254623
-0.55136923	12.70371819	-0.20916756	-0.55021183	12.70797529	-0.20849140
-0.62454017	12.76443136	-0.26183972	-0.62316030	12.76900742	-0.26111413
-0.67060123	12.83444694	-0.33304598	-0.66898123	12.83923634	-0.33225375
-0.66226399	12.88666364	-0.32850645	-0.66040746	12.89141848	-0.32771620
-0.64377466	12.94907012	-0.33169574	-0.64163752	12.95374516	-0.33092658
-0.44236650	12.69005911	-0.16191700	-0.44121280	12.69382521	-0.16131120
-0.42713355	12.78616358	-0.14481156	-0.42554877	12.78986738	-0.14422511
-0.39999965	12.90478958	-0.13910766	-0.39789688	12.90839170	-0.13856563
-0.44849085	12.96052106	-0.68986858	-0.44669549	12.96419011	-0.68930813
-0.45654090	12.93355808	-0.69972363	-0.45487768	12.93725888	-0.69914346
-0.36655907	12.90857622	-0.68009009	-0.36501372	12.91186098	-0.67957998
-0.53473624	12.96935372	-0.66940250	-0.53287186	12.97344759	-0.66877385
-0.54065287	12.94241768	-0.68339073	-0.53892833	12.94653889	-0.68275137
-0.37794239	12.89246451	-0.66923468	-0.37646472	12.89580916	-0.66870696
-0.26255372	12.86558711	-0.62960994	-0.26117252	12.86837675	-0.62916440
0.91090286	12.87406907	-0.90931143	0.91184944	12.87316547	-0.90988870
0.81278134	12.94331540	-0.89470308	0.81389561	12.94260268	-0.89521766
0.92886517	12.88827825	-0.82082827	0.92995150	12.88734210	-0.82143307
0.83602400	12.96291853	-0.79058605	0.83731227	12.96216700	-0.79114164
0.72805056	13.02150685	-0.74865126	0.72957403	13.02100271	-0.74912581
0.69569405	12.99759449	-0.87729134	0.69696427	12.99712907	-0.87772215
0.93083563	12.88459411	-0.72895334	0.93200808	12.88365794	-0.72956826
0.85424772	12.95412554	-0.68414624	0.85565435	12.95335247	-0.68471671
0.76219826	13.00925646	-0.62158502	0.76384103	13.00870039	-0.62208787
1.00588215	12.65799287	-0.99282370	1.00626342	12.65687685	-0.99342847
0.97182623	12.78057424	-0.94777131	0.97252138	12.77953707	-0.94837328
1.03030622	12.65825299	-0.88174585	1.03079904	12.65710031	-0.88238316
0.99302292	12.78971704	-0.85126848	0.99384369	12.78864315	-0.85190484
1.02294261	12.65798986	-0.76823993	1.02355471	12.65687728	-0.76887372
0.98823295	12.78973117	-0.75179104	0.98916222	12.78868063	-0.75242680
0.57777747	13.04632958	-0.83143847	0.57925758	13.04614533	-0.83177624
0.61739944	13.07158519	-0.68320023	0.61915847	13.07135333	-0.68359393
0.49631247	13.11404865	-0.60021674	0.49836064	13.11415877	-0.60050709
0.45627127	13.08773793	-0.75151255	0.45801930	13.08789213	-0.75175676
0.65865681	13.05995590	-0.54529408	0.66057621	13.05965861	-0.54571192
0.53612793	13.10452234	-0.46219101	0.53833296	13.10455544	-0.46249964
-0.35599294	13.10946487	-0.50770746	-0.35334820	13.11276240	-0.50729027
-0.44038149	13.09404598	-0.51936858	-0.43780434	13.09774012	-0.51885855
-0.42131370	13.08075725	-0.56153328	-0.41884269	13.08434604	-0.56104035
-0.36717871	13.11767740	-0.44473184	-0.36442772	13.12104890	-0.44430304
-0.46206336	13.09800888	-0.47481299	-0.45941717	13.10181964	-0.47427659
-0.54777672	13.07428294	-0.50283104	-0.54525778	13.07848747	-0.50219696
-0.51034158	13.07388035	-0.53563237	-0.50786415	13.07789834	-0.53504076
-0.47294133	13.07007939	-0.56200488	-0.47051266	13.07391196	-0.56145414
-0.39207061	13.11689144	-0.38434892	-0.38925555	13.12039991	-0.38389292
-0.47558964	13.09575459	-0.42327937	-0.47289796	13.09964352	-0.42272401
-0.49063548	13.08318836	-0.37196849	-0.48794648	13.08715949	-0.37138945
-0.53729065	13.06725943	-0.40360026	-0.53470021	13.07143664	-0.40296566
-0.54934635	13.07153408	-0.45224498	-0.54678714	13.07576022	-0.45160312
0.01186190	13.14734501	-0.44431928	0.01459655	13.14908426	-0.44426627
-0.07967522	13.13733624	-0.45839213	-0.07693502	13.13941087	-0.45830852
0.00490653	13.17066340	-0.34962474	0.00786984	13.17249243	-0.34957857
-0.09727315	13.15725577	-0.37335049	-0.09429808	13.15945339	-0.37329388
-0.20081870	13.14375432	-0.40182264	-0.19793799	13.14638965	-0.40158909
-0.17661697	13.12745150	-0.47994463	-0.17391240	13.12994032	-0.47973463
0.00483302	13.17374344	-0.26203654	0.00788977	13.17561023	-0.26196158
-0.10455349	13.16157727	-0.29052870	-0.10136237	13.16382257	-0.29048867
-0.21842226	13.14835369	-0.32240718	-0.21539289	13.15109888	-0.32215779
0.97709988	11.96204910	-1.06321381	0.97581304	11.96098265	-1.06361969
1.00331177	12.10636799	-1.06263902	1.00235455	12.10524453	-1.06312349
0.98017548	11.91758222	-0.95736561	0.97893830	11.91653837	-0.95773759
1.01001745	12.06352353	-0.94817922	1.00911113	12.06241462	-0.94865362
1.03485747	12.28062479	-0.93404916	1.03444930	12.27945969	-0.93460902
1.02276588	12.31507832	-1.04995384	1.02230734	12.31391455	-1.05050329
0.96310308	11.90225828	-0.83775373	0.96200511	11.90130373	-0.83806777
0.99500317	12.04943277	-0.82426150	0.99423282	12.04840798	-0.82470123
1.02260614	12.27066054	-0.80941932	1.02232245	12.26957124	-0.80996738
1.02356255	12.50095320	-1.02618393	1.02355566	12.49979321	-1.02676848
1.04325638	12.48337140	-0.91115771	1.04333203	12.48219115	-0.91176533
1.03337210	12.47878127	-0.78966231	1.03356519	12.47765619	-0.79026257
-0.62041376	12.96865756	-0.61637152	-0.61850279	12.97319297	-0.61564468
-0.62841753	12.93874014	-0.62739819	-0.62666037	12.94331585	-0.62665806
-0.67787420	12.96284240	-0.53611667	-0.67590414	12.96767255	-0.53530937
-0.68972310	12.92682817	-0.54103377	-0.68792906	12.93171915	-0.54020460
-0.63111633	12.91535235	-0.62810798	-0.62947099	12.91994325	-0.62736172
-0.67923921	12.95616157	-0.43367199	-0.67718191	12.96100338	-0.43285977
-0.69445417	12.91153239	-0.43339929	-0.69260246	12.91644904	-0.43256229
-0.69874483	12.87586869	-0.43421207	-0.69705942	12.88080763	-0.43336781
-0.26849374	13.11938841	-0.49550991	-0.26581083	13.12228169	-0.49519298
-0.28527107	13.13168757	-0.42335292	-0.28244932	13.13469536	-0.42302638
-0.31034638	13.13387946	-0.35272973	-0.30742775	13.13702995	-0.35237589
-0.56974815	12.99364555	-0.26744820	-0.56735630	12.99798954	-0.26675693
-0.48878503	12.99504894	-0.20547742	-0.48633703	12.99903308	-0.20487359
-0.62458686	12.98831126	-0.34205410	-0.62228436	12.99289878	-0.34131063
-0.60034915	13.01655159	-0.35979218	-0.59794035	13.02102694	-0.35907750
-0.54552864	13.02409723	-0.29273367	-0.54302218	13.02833087	-0.29207385
-0.37431090	12.98217134	-0.15045637	-0.37187963	12.98567275	-0.14996763
-0.43407942	12.99146203	-0.67238877	-0.43212567	12.99507062	-0.67185384
-0.42068653	13.02399801	-0.64508888	-0.41855979	13.02755399	-0.64457833
-0.50468796	13.02670491	-0.62743504	-0.50252034	13.03066580	-0.62684667
-0.52196338	12.99820909	-0.65250487	-0.51995010	13.00224354	-0.65189246
-0.63430243	13.01884686	-0.52626927	-0.63205995	13.02346163	-0.52552543
-0.65970530	12.99206903	-0.53168375	-0.65759337	12.99680840	-0.53090444
-0.60546572	12.99682997	-0.60448897	-0.60340868	13.00129026	-0.60378284
-0.58337571	13.02374135	-0.58757746	-0.58117603	13.02809470	-0.58689981
-0.60102591	13.04704073	-0.51832540	-0.59864581	13.05149595	-0.51762531
-0.55482692	13.04983302	-0.56149302	-0.55248283	13.05405491	-0.56084983
-0.48516411	13.05277413	-0.58896189	-0.48284091	13.05665711	-0.58839705
-0.66052603	12.98861269	-0.43724618	-0.65832196	12.99336458	-0.43646069
-0.63511766	13.01560023	-0.44408166	-0.63279642	13.02022960	-0.44332969
-0.56704782	13.04570297	-0.38515888	-0.56453366	13.05002106	-0.38448670
-0.60024926	13.04410705	-0.45412183	-0.59781116	13.04856899	-0.45341645
-0.51655299	13.05667702	-0.32799308	-0.51393896	13.06077472	-0.32737605
-0.41560149	13.05560809	-0.60579990	-0.41329028	13.05915453	-0.60530608
0.21112807	13.13300889	-0.19083058	0.21393446	13.13410807	-0.19082783
0.18293206	13.17191392	-0.27677717	0.18582164	13.17309198	-0.27678307
0.20979606	13.15862913	-0.29118805	0.21260237	13.15970122	-0.29120522
0.24229604	13.11842869	-0.20211623	0.24501833	13.11941153	-0.20213428
0.16235353	13.17856655	-0.37241754	0.16517452	13.17978358	-0.37243433
0.18751949	13.16615458	-0.38880946	0.19024618	13.16726839	-0.38883519
0.21384718	13.14943769	-0.30103559	0.21659893	13.15049053	-0.30105260
0.24628397	13.10980004	-0.20838818	0.24896399	13.11076630	-0.20840672
0.22065145	13.15691724	-0.30213470	0.22342166	13.15794856	-0.30215814
0.25184901	13.11616925	-0.20330770	0.25455193	13.11711957	-0.20333106
0.20107951	13.16364762	-0.40567011	0.20375371	13.16470833	-0.40570166
0.24463715	13.16792878	-0.43130873	0.24726284	13.16884097	-0.43137381
0.26680353	13.16056714	-0.31983404	0.26953212	13.16144431	-0.31990082
0.29760942	13.11784374	-0.21406667	0.30028825	13.11864387	-0.21413132
0.27997082	12.94497283	-0.06850525	0.28218833	12.94586151	-0.06849522
0.24718992	13.06220344	-0.11536554	0.24979450	13.06319452	-0.11536233
0.28274738	13.04802801	-0.12659805	0.28528251	13.04889750	-0.12662050
0.31895014	12.92997942	-0.08154340	0.32110047	12.93072545	-0.08156001
0.29282576	13.04565895	-0.12702862	0.29534687	13.04649540	-0.12705847
0.33007238	12.92762002	-0.08494653	0.33221086	12.92832869	-0.08497277
0.33781640	13.04247466	-0.13429698	0.34030589	13.04315519	-0.13436338
0.37349319	12.91821926	-0.09099848	0.37558734	12.91878681	-0.09106330
0.39264906	12.72823592	-0.09370502	0.39411523	12.72872964	-0.09374407
0.35309795	12.74332854	-0.08918281	0.35462045	12.74394507	-0.08918774
0.40373045	12.53164430	-0.12330712	0.40455347	12.53206618	-0.12332516
0.36703393	12.55707863	-0.11852599	0.36793945	12.55761923	-0.11851366
0.34179985	12.74599659	-0.08441439	0.34333294	12.74665123	-0.08440942
0.35496937	12.56036334	-0.11355374	0.35588919	12.56094498	-0.11353162
0.30986236	12.57603949	-0.09531070	0.31084107	12.57678085	-0.09525230
0.30040799	12.76514949	-0.06832529	0.30201668	12.76595301	-0.06828948
0.27413125	12.78825913	-0.91991815	0.27475670	12.78874984	-0.91979559
0.26753198	12.85886657	-0.89584761	0.26842038	12.85940910	-0.89576206
0.24984714	12.86525054	-0.83694719	0.25084879	12.86588408	-0.83685344
0.25802048	12.80408779	-0.85997566	0.25880309	12.80467166	-0.85985261
0.25565064	12.93141760	-0.84622473	0.25683282	12.93203465	-0.84617141
0.23700491	12.93048295	-0.79073890	0.23828509	12.93118690	-0.79067323
0.24377710	12.92591387	-0.77312659	0.24507660	12.92660875	-0.77307349
0.25960081	12.80974143	-0.83951655	0.26043393	12.81032963	-0.83940652
0.23414699	12.86586699	-0.82285636	0.23518838	12.86655488	-0.82276028
0.23660427	12.80833169	-0.84516811	0.23743288	12.80898533	-0.84503418
0.22637245	12.93020197	-0.78120226	0.22768187	12.93094744	-0.78113728
0.18664054	12.94360396	-0.76669681	0.18802405	12.94448821	-0.76660324
0.19140780	12.87582663	-0.80432043	0.19251657	12.87665856	-0.80418412
0.19078395	12.81199068	-0.82458467	0.19166090	12.81280079	-0.82440100
0.27568023	12.71833560	-0.94476102	0.27604879	12.71883012	-0.94462992
0.26277093	12.74250849	-0.88352654	0.26332029	12.74304836	-0.88337116
0.26580759	12.75800627	-0.86158272	0.26644576	12.75855447	-0.86144487
0.28164854	12.72094863	-0.87457845	0.28214310	12.72143046	-0.87444308
0.24288327	12.75029632	-0.87128743	0.24348892	12.75090576	-0.87111841
0.19448517	12.74399734	-0.85345104	0.19510238	12.74476694	-0.85322137
0.28465859	12.33611468	-0.16119519	0.28478251	12.33688569	-0.16106417
0.30634617	12.43224403	-0.12855724	0.30686211	12.43294044	-0.12847964
0.35394041	12.42834903	-0.14535350	0.35443312	12.42885586	-0.14532372
0.33651122	12.35877644	-0.17734909	0.33673934	12.35929766	-0.17729372
0.35832533	12.44077134	-0.15273017	0.35885039	12.44126450	-0.15270348
0.36738515	12.42073106	-0.15051915	0.36784938	12.42118613	-0.15050086
0.35116337	12.35210562	-0.18441241	0.35142201	12.35251262	-0.18441372
0.40330148	12.38581607	-0.15922978	0.40365239	12.38612737	-0.15924801
0.14976227	13.15242424	-0.47736999	0.15235636	13.15363312	-0.47738554
0.17863184	13.13808528	-0.49079386	0.18112789	13.13918400	-0.49081626
0.14978830	13.09902061	-0.58426966	0.15202152	13.10016328	-0.58425332
0.18400583	13.08264389	-0.59444892	0.18614029	13.08365942	-0.59444855
0.18997590	13.12636685	-0.49719230	0.19240749	13.12742164	-0.49721282
0.19585378	13.13270650	-0.49726385	0.19829545	13.13374696	-0.49728851
0.20260182	13.07551583	-0.59033200	0.20469609	13.07647208	-0.59033713
0.22797938	13.08001100	-0.62938506	0.22999582	13.08086808	-0.62940860
0.23068018	13.13723061	-0.52937944	0.23305126	13.13814254	-0.52943054
0.23922532	13.00839760	-0.74635641	0.24080866	13.00913471	-0.74633927
0.21863671	13.00434787	-0.69849252	0.22030413	13.00517514	-0.69846079
0.20462722	13.00779516	-0.69824263	0.20632415	13.00866759	-0.69820846
0.16735700	13.02371287	-0.68732876	0.16914387	13.02471753	-0.68727795
0.42171535	13.09557795	-0.26749283	0.42419847	13.09597266	-0.26766761
0.45481457	13.01440202	-0.18321663	0.45711291	13.01470956	-0.18338853
0.47923890	12.88299478	-0.13622249	0.48115539	12.88323188	-0.13637856
0.32913470	12.99484001	-0.86485501	0.33045806	12.99524868	-0.86491468
0.34902135	12.91560427	-0.95331703	0.34999100	12.91589366	-0.95334493
0.31532297	13.06526309	-0.75363155	0.31703849	13.06578027	-0.75371975
0.16105417	12.97751415	-0.06362070	0.16340992	12.97883236	-0.06352568
0.14306935	13.08209314	-0.10975874	0.14578044	13.08347080	-0.10969124
0.12412434	13.14545960	-0.18091015	0.12703302	13.14688631	-0.18086059
0.11131270	13.03923695	-0.62888201	0.11327190	13.04047223	-0.62880064
0.09510475	13.10578577	-0.55252100	0.09744623	13.10712888	-0.55247643
0.12665554	12.96616578	-0.68159068	0.12825646	12.96729922	-0.68146085
0.48746245	12.68726748	-0.13498802	0.48876176	12.68746501	-0.13510351
0.49002589	12.47734604	-0.16250346	0.49065928	12.47750048	-0.16257728
0.35402296	12.83421147	-1.00530227	0.35466276	12.83444586	-1.00528648
0.35189683	12.75941092	-1.03413338	0.35229597	12.75966278	-1.03411133
0.48642359	12.33879075	-0.20013810	0.48662993	12.33887723	-0.20019456
0.34776005	12.69948421	-1.05238113	0.34793140	12.69974246	-1.05234799
0.16560670	12.48571512	-0.10430560	0.16627222	12.48695970	-0.10408917
0.17687339	12.64199378	-0.07621042	0.17806817	12.64321906	-0.07604158
0.12052090	12.76453239	-0.74861504	0.12137547	12.76561109	-0.74833117
0.12347441	12.83343248	-0.72583697	0.12457918	12.83452710	-0.72561006
0.17398444	12.82210947	-0.05738291	0.17579942	12.82336845	-0.05726073
0.12828362	12.89901117	-0.70879082	0.12962565	12.90011291	-0.70861669
0.35746714	13.14869707	-0.50601985	0.35983601	13.14922463	-0.50618325
0.32887676	13.12013069	-0.63232881	0.33096395	13.12068440	-0.63246526
0.38891972	13.14033738	-0.37998587	0.39142889	13.14081076	-0.38016006
0.09630496	13.17899805	-0.35428519	0.09920373	13.18047779	-0.35426889
0.09112449	13.15374211	-0.45632255	0.09380469	13.15517681	-0.45631143
0.10797539	13.17683390	-0.26245310	0.11094854	13.17829832	-0.26242106
0.87727998	11.95989342	-0.58575832	0.87681477	11.95934455	-0.58585486
0.81676000	12.01719950	-0.47386000	0.81676000	12.01719950	-0.47386000
0.91411864	11.92931936	-0.71584147	0.91330055	11.92853455	-0.71604495
0.90303640	11.99595737	-0.72109098	0.90233559	11.99518504	-0.72132498
0.87032599	12.04447619	-0.63426073	0.86989288	12.04384935	-0.63446213
0.80484135	12.11013031	-0.53105157	0.80467149	12.10976420	-0.53124298
0.94487491	11.92007171	-0.84105753	0.94381085	11.91915209	-0.84134919
0.96265834	11.93494306	-0.95312566	0.96146556	11.93393816	-0.95348028
0.93393037	12.05375346	-0.93680931	0.93301998	12.05281368	-0.93717706
0.92079023	12.02439438	-0.81841968	0.91998262	12.02352124	-0.81872056
0.96134751	11.97683718	-1.04673821	0.96011696	11.97581091	-1.04712735
0.92715031	12.05211139	-1.13371868	0.92598218	12.05115428	-1.13410645
0.90600182	12.11551948	-1.11137311	0.90500681	12.11461343	-1.11175168
0.93046365	12.08834557	-1.03499231	0.92950288	12.08739348	-1.03538333
0.84806958	12.17231464	-1.22437610	0.84706392	12.17154563	-1.22470904
0.73495148	12.32722939	-1.27392519	0.73426723	12.32678839	-1.27416339
0.74080850	12.35540519	-1.20232917	0.74027648	12.35494451	-1.20257177
0.84844592	12.21840414	-1.16192357	0.84762442	12.21763655	-1.16226538
0.59930122	12.48234041	-1.23749284	0.59913545	12.48231183	-1.23747753
0.47132714	12.61375480	-1.15302406	0.47133497	12.61378223	-1.15303571
0.49420000	12.61570000	-1.07906000	0.49420000	12.61570000	-1.07906000
0.61447000	12.50220000	-1.16283000	0.61447000	12.50220000	-1.16283000
0.38347080	12.64867969	-1.04999387	0.38349985	12.64881748	-1.04997993
0.33342902	12.65059434	-0.95703124	0.33352755	12.65089386	-0.95696283
0.37140000	12.64100070	-0.89641000	0.37140000	12.64100070	-0.89641000
0.41679000	12.64250090	-0.98287004	0.41679000	12.64250090	-0.98287004
0.31818903	12.68292240	-0.89774482	0.31850900	12.68328222	-0.89764641
0.31627998	12.71035416	-0.87058275	0.31674435	12.71072676	-0.87049054
0.34563508	12.69740200	-0.81377956	0.34616149	12.69772749	-0.81373292
0.35276471	12.67162136	-0.84082317	0.35315867	12.67186054	-0.84076762
0.30699174	12.69787882	-0.87443061	0.30741489	12.69827745	-0.87431800
0.26460510	12.68888530	-0.84465000	0.26506384	12.68944187	-0.84447158
0.30605085	12.68515514	-0.77565297	0.30661317	12.68563208	-0.77553564
0.34429192	12.68603166	-0.81245852	0.34478919	12.68636294	-0.81240252
0.16229243	12.72788854	-0.71652721	0.16307651	12.72885301	-0.71627038
0.03488993	12.78597974	-0.57648430	0.03603488	12.78747194	-0.57615820
0.04079178	12.82472526	-0.50026985	0.04215683	12.82625032	-0.49999341
0.18802459	12.74279478	-0.64170304	0.18896383	12.74373166	-0.64150072
-0.07945054	12.83347906	-0.51438916	-0.07809808	12.83548501	-0.51403544
-0.18541698	12.86930624	-0.51902783	-0.18391554	12.87179098	-0.51863670
-0.18564884	12.93932990	-0.46045732	-0.18376299	12.94184722	-0.46011276
-0.07892949	12.89440327	-0.44549187	-0.07724113	12.89645128	-0.44518310
-0.28982898	12.89235729	-0.57887541	-0.28827436	12.89530413	-0.57842044
-0.38832455	12.90560166	-0.64626424	-0.38675941	12.90900214	-0.64573303
-0.40353243	12.93528856	-0.59510591	-0.40177837	12.93877967	-0.59457391
-0.29691164	12.94719245	-0.52512550	-0.29504434	12.95019709	-0.52468966
-0.47645447	12.91156084	-0.67379342	-0.47487310	12.91536765	-0.67318796
-0.55617064	12.91124902	-0.66123843	-0.55457776	12.91545688	-0.66057593
-0.55499127	12.91464843	-0.62600350	-0.55335031	12.91885811	-0.62533692
-0.49811985	12.92137361	-0.62562353	-0.49644837	12.92530253	-0.62500405
-0.63008583	12.90705859	-0.60907923	-0.62846068	12.91164860	-0.60832910
-0.67920923	12.89481258	-0.52907938	-0.67755262	12.89965612	-0.52825659
-0.64143704	12.91051419	-0.50148660	-0.63967340	12.91517431	-0.50071323
-0.60426522	12.91625463	-0.57858564	-0.60256571	12.92072158	-0.57786277
-0.68476207	12.87047231	-0.43346093	-0.68310067	12.87534450	-0.43263444
-0.65931092	12.82505803	-0.34286689	-0.65774188	12.82979760	-0.34208701
-0.63754295	12.83049750	-0.35605055	-0.63596492	12.83513994	-0.35529120
-0.64826538	12.87590781	-0.41718708	-0.64655933	12.88060509	-0.41640429
-0.61524325	12.75037577	-0.27851816	-0.61393736	12.75491393	-0.27780290
-0.54399578	12.68805570	-0.22923102	-0.54292853	12.69228305	-0.22856117
-0.52430168	12.74599849	-0.26182652	-0.52299772	12.75013277	-0.26116654
-0.59877166	12.79123614	-0.31196430	-0.59731894	12.79570322	-0.31124933
-0.43740004	12.67986088	-0.18264320	-0.43630837	12.68360413	-0.18204002
-0.31125198	12.65415254	-0.14742695	-0.31019458	12.65733370	-0.14688024
-0.29146571	12.70662926	-0.17714094	-0.29022358	12.70971425	-0.17662405
-0.41637465	12.73593791	-0.21372887	-0.41506238	12.73958570	-0.21314021
-0.17833184	12.54369411	-0.13356528	-0.17760568	12.54627332	-0.13306202
-0.03348174	12.42164007	-0.14051086	-0.03312744	12.42362650	-0.14008282
-0.02870268	12.49084760	-0.17227329	-0.02813610	12.49280131	-0.17186683
-0.16458672	12.60554180	-0.16310128	-0.16366598	12.60805687	-0.16262349
0.12571775	12.35506660	-0.16126862	0.12587316	12.35645373	-0.16097236
0.25347485	12.33116607	-0.18749589	0.25355116	12.33205315	-0.18732469
0.23507152	12.39110929	-0.23986296	0.23533216	12.39204305	-0.23968265
0.11829706	12.42217917	-0.20324392	0.11865181	12.42357233	-0.20295649
0.30482752	12.36280452	-0.20969268	0.30503119	12.36344650	-0.20959103
0.29308646	12.44692404	-0.27935509	0.29353302	12.44761524	-0.27923353
0.28400700	12.41952181	-0.26521543	0.28436734	12.42025081	-0.26508369
0.31685593	12.35158852	-0.22276792	0.31712124	12.35207645	-0.22270030
0.34620000	12.27620000	-0.23202000	0.34620000	12.27620000	-0.23202000
0.32217018	12.33813748	-0.28995653	0.32236470	12.33862455	-0.28982854
0.29109995	12.40510345	-0.28024102	0.29145276	12.40576985	-0.28011171
0.44425997	12.21770000	-0.27141000	0.44425997	12.21770000	-0.27141000
0.57587000	12.16340070	-0.32883000	0.57587000	12.16340070	-0.32883000
0.57036326	12.24240488	-0.38376675	0.57038178	12.24237419	-0.38382101
0.42887069	12.28783080	-0.32794227	0.42892932	12.28801523	-0.32791478
0.70622003	12.08180000	-0.39380000	0.70622003	12.08180000	-0.39380000
0.70005344	12.17877247	-0.44903679	0.69999969	12.17856922	-0.44915242
0.76062900	12.38653731	-1.05197151	0.76032785	12.38596911	-1.05224218
0.85902735	12.23515729	-1.05161987	0.85837828	12.23436300	-1.05197146
0.78228978	12.36981865	-0.86426187	0.78215373	12.36922139	-0.86456692
0.86976518	12.21389292	-0.91106731	0.86923543	12.21309448	-0.91141470
0.79477806	12.25606316	-0.67601215	0.79462363	12.25551653	-0.67628877
0.87016848	12.14088647	-0.75831921	0.86968115	12.14014188	-0.75862259
0.53713213	12.60633375	-0.90508050	0.53737282	12.60620521	-0.90519595
0.64821941	12.51871531	-0.99290983	0.64826899	12.51843353	-0.99306540
0.57030222	12.53677098	-0.69392075	0.57067827	12.53665263	-0.69406017
0.68077806	12.47412866	-0.78455447	0.68094164	12.47375888	-0.78478469
0.57384102	12.38542193	-0.51280063	0.57403398	12.38535601	-0.51290313
0.69424830	12.33631397	-0.59184473	0.69431870	12.33599194	-0.59204534
-0.19577579	12.93690255	-0.37555649	-0.19378128	12.93951375	-0.37520082
-0.09230424	12.88932621	-0.35854916	-0.09052744	12.89147620	-0.35822905
-0.21940391	12.88158014	-0.28756675	-0.21755531	12.88432354	-0.28715641
-0.11489122	12.82746095	-0.27335367	-0.11325344	12.82974199	-0.27299308
-0.00047391	12.75492496	-0.30791552	0.00086749	12.75671701	-0.30759884
0.02451156	12.81865684	-0.40449450	0.02597783	12.82029160	-0.40422007
-0.25628970	12.79373722	-0.22284359	-0.25473674	12.79665618	-0.22237461
-0.14155497	12.71594434	-0.20931462	-0.14027242	12.71835296	-0.20889325
-0.01781351	12.62434753	-0.22964423	-0.01684137	12.62623450	-0.22927780
-0.53265555	12.94511248	-0.54480686	-0.53078885	12.94923588	-0.54415953
-0.56628651	12.94253337	-0.45282945	-0.56431999	12.94683924	-0.45214141
-0.46286795	12.96047813	-0.39276590	-0.46076235	12.96431087	-0.39217980
-0.42995994	12.96930257	-0.49876586	-0.42794240	12.97295128	-0.49822028
-0.58498135	12.87312304	-0.37203605	-0.58323234	12.87752450	-0.37132134
-0.49604085	12.86145520	-0.31398229	-0.49428524	12.86545693	-0.31334635
-0.31355366	12.96514945	-0.43160766	-0.31149304	12.96826940	-0.43115645
-0.34112760	12.93325391	-0.33203761	-0.33909179	12.93653464	-0.33154331
-0.38012256	12.83859673	-0.26123195	-0.37841424	12.84207851	-0.26068233
0.30219241	12.64442141	-0.65184814	0.30285059	12.64501332	-0.65172598
0.34353186	12.63988727	-0.67558117	0.34414809	12.64034135	-0.67550005
0.27537948	12.57898284	-0.50159929	0.27600197	12.57972149	-0.50146083
0.32164895	12.57663529	-0.51184817	0.32225378	12.57722031	-0.51175452
0.32636818	12.59459948	-0.49638709	0.32704907	12.59517409	-0.49630311
0.34497709	12.65421832	-0.66726266	0.34564730	12.65467400	-0.66719150
0.35137353	12.63649111	-0.68977919	0.35197767	12.63692070	-0.68970540
0.32825611	12.58023249	-0.51112211	0.32888653	12.58079363	-0.51103327
0.35963761	12.55939761	-0.55184545	0.36017369	12.55985539	-0.55177610
0.37928059	12.61701795	-0.74038980	0.37976813	12.61736032	-0.74034116
0.33243110	12.44599758	-0.39883728	0.33281625	12.44654686	-0.39872957
0.30153231	12.49395940	-0.37563562	0.30205064	12.49461699	-0.37551679
0.29586584	12.49830054	-0.37070101	0.29637659	12.49898673	-0.37058066
0.24799954	12.48567904	-0.35405072	0.24848481	12.48653212	-0.35387798
0.45222283	12.55522083	-0.61456638	0.45270140	12.55540812	-0.61459177
0.44398642	12.62216375	-0.81662141	0.44434898	12.62226662	-0.81666072
0.43795621	12.41426127	-0.44654989	0.43823192	12.41449639	-0.44653346
0.14895629	12.65141498	-0.40949361	0.14987863	12.65259947	-0.40926267
0.17661488	12.72012492	-0.53247210	0.17761977	12.72117276	-0.53227200
0.12723648	12.53634544	-0.29265209	0.12790234	12.53766778	-0.29238512
0.19323411	13.15629917	-0.40078172	0.19589835	13.15738543	-0.40080518
0.28588055	13.04154006	-0.13365776	0.28838495	13.04239761	-0.13368180
0.32126845	12.92637117	-0.09088609	0.32339754	12.92710711	-0.09090396
0.34426965	12.74509315	-0.09489774	0.34579151	12.74573642	-0.09489488
0.35826801	12.56447444	-0.12345505	0.35919179	12.56504246	-0.12343495
0.25434358	12.86430311	-0.81629370	0.25538046	12.86493481	-0.81621269
0.34282430	12.38048765	-0.18497823	0.34313907	12.38097304	-0.18494092
0.20064702	13.07028634	-0.59310511	0.20272411	13.07124424	-0.59310731
0.22208884	12.99905811	-0.69185997	0.22375362	12.99987794	-0.69183119
0.89174778	11.95447736	-0.57249470	0.89130042	11.95391969	-0.57261070
0.82755837	12.01966470	-0.45670177	0.82759161	12.01966506	-0.45670734
0.93134217	11.91471787	-0.70742490	0.93051138	11.91390804	-0.70764879
0.73811537	12.32570773	-1.28946734	0.73740733	12.32525840	-1.28970931
0.46178995	12.61951378	-1.16664255	0.46180196	12.61954278	-1.16664928
0.35470054	12.66032502	-1.05862740	0.35476929	12.66055015	-1.05859674
0.28953499	12.66637406	-0.96007065	0.28969646	12.66681758	-0.95995090
0.27814760	12.69673245	-0.89909023	0.27852109	12.69722247	-0.89894587
0.26321713	12.70805575	-0.88626862	0.26366245	12.70858223	-0.88609942
0.21511557	12.69522891	-0.86780217	0.21555962	12.69592106	-0.86756441
0.12983907	12.72006865	-0.75339801	0.13054415	12.72110856	-0.75309194
0.02542376	12.75691755	-0.62360522	0.02641954	12.75840270	-0.62323806
-0.18021346	12.80484163	-0.55850583	-0.17904491	12.80728407	-0.55807070
-0.28181883	12.84910527	-0.60904020	-0.28049973	12.85199882	-0.60857072
-0.46387146	12.91561592	-0.69627089	-0.46228869	12.91935117	-0.69567528
-0.54585143	12.92164912	-0.68411243	-0.54422788	12.92579781	-0.68346464
-0.69140649	12.89920833	-0.54063397	-0.68974312	12.90411064	-0.53979505
-0.17998981	12.55372271	-0.11162422	-0.17921388	12.55631760	-0.11112657
0.14425157	12.37028645	-0.13690353	0.14448588	12.37161098	-0.13663239
0.31357366	12.39007646	-0.22254364	0.31389160	12.39066733	-0.22245395
0.38427055	12.29555695	-0.19602057	0.38434616	12.29570336	-0.19607263
0.46958545	12.23775819	-0.23949891	0.46960070	12.23780466	-0.23955123
0.71435139	12.09144054	-0.37181932	0.71436792	12.09141349	-0.37182094
0.30326439	12.52119104	-0.36897352	0.30385536	12.52185169	-0.36886129
0.59809878	12.77568031	-0.54520599	0.59922559	12.77551861	-0.54545504
0.32706495	12.99496779	-0.53401149	0.32892000	12.99555184	-0.53408604
0.06012757	13.01177855	-0.26727418	0.06246986	13.01337342	-0.26713169
0.13109064	13.09169237	-0.31324747	0.13366237	13.09303007	-0.31319343
0.33940071	12.87530316	-0.29720535	0.34114607	12.87590527	-0.29723269
0.05453920	12.98243472	-0.42521464	0.05658753	12.98396650	-0.42505667
0.15044808	13.05736260	-0.42197918	0.15274392	13.05856855	-0.42192425
0.38097981	12.82646011	-0.69613474	0.38208036	12.82678487	-0.69619467
0.18544534	13.04240091	-0.18370577	0.18793155	13.04358155	-0.18365249
0.23294290	12.82155765	-0.79496215	0.23389005	12.82225891	-0.79483526
0.34440120	12.76314274	-0.53303741	0.34554809	12.76366278	-0.53302061
0.34251962	12.89029929	-0.84391663	0.34357498	12.89065365	-0.84394956
0.40021221	12.43974432	-0.24588163	0.40066986	12.44008586	-0.24585757
0.27098277	13.05488384	-0.45082313	0.27317230	13.05567818	-0.45086545
0.48681069	12.68508135	-0.67010061	0.48756475	12.68515713	-0.67020968
0.70848616	12.74376777	-0.77722832	0.70923879	12.74330027	-0.77757454
0.35088390	12.94717754	-0.20359387	0.35296387	12.94778430	-0.20364936
-0.40298385	12.94771137	-0.24678819	-0.40079293	12.95130287	-0.24624937
0.18285382	13.09446535	-0.25375144	0.18546285	13.09563679	-0.25372322
0.34245950	12.95073716	-0.69117968	0.34394794	12.95118981	-0.69125206
-0.49025282	12.94996645	-0.28652456	-0.48808219	12.95394539	-0.28590597
0.25520463	13.04106421	-0.33258247	0.25750670	13.04194893	-0.33259716
0.29724578	12.46733771	-0.20095249	0.29781363	12.46804461	-0.20085226
0.14903807	13.11159994	-0.37555455	0.15160094	13.11284430	-0.37552821
0.23720652	13.08621270	-0.49337253	0.23946293	13.08710468	-0.49340403
0.26677400	12.62165093	-0.24556591	0.26777234	12.62248318	-0.24545452
0.18982002	12.94706326	-0.51164351	0.19159263	12.94807913	-0.51156493
0.29195838	12.89609056	-0.83353751	0.29305648	12.89660214	-0.83351490
0.29687977	12.84509949	-0.83632843	0.29782011	12.84558512	-0.83628297
0.25532993	13.02968549	-0.54841894	0.25730526	13.03048499	-0.54844225
0.39483018	12.80492304	-0.20068351	0.39644275	12.80538355	-0.20074242
0.50782413	12.59275598	-0.43495872	0.50856195	12.59283646	-0.43505576
0.31362178	12.76458847	-0.88815524	0.31422088	12.76496438	-0.88807862
0.18220495	12.97375098	-0.64684275	0.18386800	12.97471871	-0.64676715
0.39517941	12.37902733	-0.22265069	0.39546419	12.37931735	-0.22263427
0.36535669	12.48869157	-0.31283676	0.36590041	12.48916114	-0.31278011
0.21673051	12.88037192	-0.18936837	0.21863052	12.88143125	-0.18928978
0.39561629	12.73118883	-0.91080301	0.39606025	12.73129588	-0.91080557
0.30756014	12.79728062	-0.84998085	0.30833311	12.79771396	-0.84992009
0.17643294	13.12686386	-0.28654022	0.17914002	13.12805319	-0.28652475
0.42662152	12.61059892	-0.24908335	0.42758922	12.61093435	-0.24912078
0.23011657	12.86688350	-0.77218751	0.23123801	12.86761559	-0.77208832
0.43589225	12.71380888	-0.82897220	0.43645447	12.71390690	-0.82904260
0.83643629	12.73645474	-0.87367304	0.83710160	12.73572712	-0.87412424
0.57481583	12.78826272	-0.93060785	0.57544019	12.78802168	-0.93081760
0.35600767	12.69268293	-0.20077024	0.35727421	12.69325327	-0.20076477
0.26890779	12.77283910	-0.18334365	0.27044767	12.77370650	-0.18328082
