0.85144562	12.73689192	-0.42048187	0.85184341	12.73689474	-0.42063215
0.82257873	12.87510355	-0.44914451	0.82296428	12.87511969	-0.44930875
0.89858121	12.83372023	-0.54747376	0.89888920	12.83368704	-0.54766508
0.93049135	12.70050857	-0.53290648	0.93079833	12.70046312	-0.53308786
0.78002594	12.96596794	-0.50941954	0.78036929	12.96597803	-0.50957437
0.86004263	12.91981053	-0.59037012	0.86032692	12.91978062	-0.59055391
0.90926553	12.87688470	-0.65072817	0.90950940	12.87683686	-0.65092334
0.94759177	12.80697618	-0.64504368	0.94783385	12.80691763	-0.64524577
0.98148470	12.67786125	-0.64605892	0.98171716	12.67779231	-0.64625782
0.71707262	12.76636955	-1.16420074	0.71706373	12.76632672	-1.16425596
0.83938986	12.71575562	-1.14251152	0.83938259	12.71568546	-1.14261371
0.80800850	12.82226600	-1.07371494	0.80803877	12.82219975	-1.07381273
0.68584271	12.86856038	-1.09037287	0.68586160	12.86850955	-1.09041219
0.94057888	12.68195674	-1.07980638	0.94059372	12.68186641	-1.07995415
0.90760654	12.79307127	-1.02111617	0.90765837	12.79298898	-1.02126006
0.86807417	12.86158117	-0.97049176	0.86814720	12.86150713	-0.97062888
0.78925846	12.90246845	-0.98579828	0.78932016	12.90239950	-0.98590079
0.66730549	12.94845951	-0.99114603	0.66736136	12.94840226	-0.99119145
0.59698367	12.83467148	-0.20822166	0.59756938	12.83484251	-0.20822911
0.57853142	12.97159463	-0.25598988	0.57904588	12.97173652	-0.25604246
0.71245894	12.92371158	-0.34886947	0.71291630	12.92379400	-0.34898981
0.73404347	12.78432848	-0.30841776	0.73454371	12.78441205	-0.30851463
0.54781421	13.05789555	-0.34042340	0.54824970	13.05799867	-0.34047712
0.67614900	13.01403890	-0.42465397	0.67654027	13.01409589	-0.42476941
0.46748424	12.88153603	-1.06353022	0.46749949	12.88150931	-1.06346496
0.59370624	12.82726519	-1.13641722	0.59370770	12.82723803	-1.13641169
0.56302389	12.91964968	-1.06397859	0.56304580	12.91961234	-1.06396529
0.43901447	12.96401383	-0.98887986	0.43905782	12.96397271	-0.98880495
0.54289641	12.99423102	-0.96232954	0.54295643	12.99417908	-0.96231498
0.41825582	13.03338461	-0.88619715	0.41834920	13.03332568	-0.88611773
-0.01337287	12.98926756	-0.06609771	-0.01286597	12.98936648	-0.06582394
-0.14181456	13.00079681	-0.08810283	-0.14133986	13.00080941	-0.08779616
-0.14437259	13.07415714	-0.13474228	-0.14394582	13.07414406	-0.13446506
-0.01956569	13.07650462	-0.11015813	-0.01911345	13.07656610	-0.10992528
-0.26059816	13.00227341	-0.12438400	-0.26014956	13.00220450	-0.12405550
-0.26161130	13.06363984	-0.17287013	-0.26120293	13.06354762	-0.17256192
-0.26288548	13.10480229	-0.23841839	-0.26251392	13.10468460	-0.23811969
-0.14642349	13.12099843	-0.20096677	-0.14603557	13.12095412	-0.20070527
-0.02461359	13.13043049	-0.17608957	-0.02420538	13.13045336	-0.17587465
0.03146346	12.97485568	-0.59049319	0.03175846	12.97473474	-0.59019904
0.01640092	13.03727383	-0.56504573	0.01669266	13.03715821	-0.56477311
-0.06451629	13.03923088	-0.55448453	-0.06420927	13.03909186	-0.55418719
-0.05030856	12.98301876	-0.57005703	-0.04999107	12.98287805	-0.56974216
-0.00318624	13.09130999	-0.51771864	-0.00289123	13.09120432	-0.51746366
-0.08608817	13.08555346	-0.51883857	-0.08578708	13.08541796	-0.51855592
-0.17954934	13.07833281	-0.53498981	-0.17924354	13.07816386	-0.53468321
-0.15692312	13.03730288	-0.57085074	-0.15660926	13.03713281	-0.57053683
-0.14222610	12.98608377	-0.58822710	-0.14189821	12.98591214	-0.58790183
0.98757736	12.28880296	-0.67201341	0.98768813	12.28870725	-0.67214882
0.96653403	12.06989186	-0.68787638	0.96654835	12.06979324	-0.68797101
0.91398290	12.09669561	-0.55257700	0.91403887	12.09661462	-0.55265910
0.92908237	12.30352392	-0.53686978	0.92927599	12.30344396	-0.53698701
0.83611162	12.14658333	-0.43133660	0.83623359	12.14652067	-0.43138956
0.84379565	12.32874812	-0.41147501	0.84408203	12.32869257	-0.41154925
0.97937476	12.37993333	-1.14162279	0.97931138	12.37982436	-1.14176012
0.88445982	12.44052970	-1.21060408	0.88438953	12.44044156	-1.21070648
0.87973702	12.28102382	-1.23542057	0.87961709	12.28093213	-1.23551320
0.97179248	12.18863060	-1.15692576	0.97167687	12.18852127	-1.15704454
0.75730065	12.51685696	-1.23938368	0.75725731	12.51681132	-1.23944389
0.75340901	12.39663954	-1.27078039	0.75331354	12.39658559	-1.27083204
0.86743344	12.17632290	-1.24323618	0.86728092	12.17623217	-1.24331650
0.95282256	12.05403457	-1.15496637	0.95267032	12.05393024	-1.15506927
0.99374612	12.49782590	-0.65735106	0.99393186	12.49773771	-0.65753135
0.93726320	12.51388267	-0.53085623	0.93753710	12.51382565	-0.53101048
0.85323066	12.54244934	-0.40881430	0.85361504	12.54243274	-0.40891793
0.86798759	12.58704634	-1.18379568	0.86795674	12.58697125	-1.18390145
0.96707094	12.54434288	-1.11802206	0.96704866	12.54424182	-1.11816964
0.74278478	12.64466298	-1.20870348	0.74275409	12.64462037	-1.20876260
0.60111450	12.42024390	-0.22537712	0.60173480	12.42029701	-0.22522189
0.60133484	12.63523090	-0.20309254	0.60196731	12.63537527	-0.20303171
0.73452390	12.58526800	-0.29748253	0.73504728	12.58531898	-0.29749512
0.72800853	12.37089349	-0.30839207	0.72842897	12.37087184	-0.30838105
0.46877293	12.70488606	-1.15071003	0.46875591	12.70489166	-1.15069402
0.61203278	12.61498650	-1.21943957	0.61200709	12.61497921	-1.21945368
0.60878707	12.71918296	-1.18592669	0.60876668	12.71916781	-1.18594125
0.47384111	12.78877173	-1.11700830	0.47383986	12.78876608	-1.11696950
0.58660324	12.17476633	-0.30181496	0.58664986	12.17473703	-0.30181942
0.59781595	12.28071792	-0.26236248	0.59816436	12.28067897	-0.26229221
0.72362900	12.21608438	-0.33770574	0.72384106	12.21602737	-0.33771124
0.60068113	12.48687594	-1.25182015	0.60063615	12.48686897	-1.25181451
0.60682589	12.53427907	-1.24357357	0.60679212	12.53426968	-1.24357458
0.46268656	12.64918163	-1.16638180	0.46266817	12.64918693	-1.16637184
-0.00467211	12.71154837	-0.06474533	-0.00402869	12.71168598	-0.06428759
-0.15348964	12.77980970	-0.07218791	-0.15291394	12.77984222	-0.07176310
-0.14370976	12.90261266	-0.06976245	-0.14318718	12.90263871	-0.06940607
-0.00530952	12.86591845	-0.05426124	-0.00473774	12.86604212	-0.05392316
-0.28951441	12.83077311	-0.09687717	-0.28898742	12.83071119	-0.09647522
-0.27101616	12.92588327	-0.10076954	-0.27053020	12.92582360	-0.10040969
0.02743543	12.84531692	-0.61943380	0.02774217	12.84518176	-0.61907649
0.03361995	12.91073802	-0.60689829	0.03392333	12.91060980	-0.60657441
-0.04741650	12.92120383	-0.57933459	-0.04708659	12.92105620	-0.57899472
-0.05564813	12.85639406	-0.58328858	-0.05529688	12.85623975	-0.58291863
-0.13904681	12.92877682	-0.59640723	-0.13869911	12.92860370	-0.59606321
-0.14878967	12.86798227	-0.59521291	-0.14842525	12.86780671	-0.59485065
-0.03338223	12.41578145	-0.11850504	-0.03253065	12.41586871	-0.11771791
-0.17433567	12.63268633	-0.08995162	-0.17367956	12.63271323	-0.08940870
-0.01893239	12.54096688	-0.08840600	-0.01816735	12.54110233	-0.08776634
-0.32583431	12.62531176	-0.12886305	-0.32520767	12.62522796	-0.12836001
-0.31226116	12.71303690	-0.10873388	-0.31168184	12.71296305	-0.10827980
0.01744504	12.77900462	-0.63119069	0.01775558	12.77886456	-0.63080490
-0.07502999	12.79000418	-0.58042167	-0.07466169	12.78984398	-0.58002451
-0.09287983	12.76301882	-0.56036012	-0.09249801	12.76285881	-0.55994964
-0.17284868	12.80550148	-0.58315918	-0.17246117	12.80532170	-0.58278269
-0.38290486	12.99929438	-0.17364294	-0.38248045	12.99914958	-0.17329899
-0.37512252	13.04948123	-0.21939890	-0.37473082	13.04932008	-0.21906975
-0.49275673	12.99242610	-0.23025532	-0.49235224	12.99221217	-0.22989416
-0.47305400	13.03322564	-0.27123494	-0.47267513	13.03300409	-0.27088834
-0.45099644	13.06651363	-0.32149292	-0.45064358	13.06628366	-0.32115657
-0.36524939	13.08655630	-0.27854888	-0.36488724	13.08637834	-0.27822999
-0.26119807	13.03499561	-0.59037756	-0.26088021	13.03479379	-0.59004421
-0.24681116	12.98977815	-0.61531793	-0.24647757	12.98958064	-0.61497887
-0.28146673	13.07142108	-0.54994947	-0.28115861	13.07121476	-0.54962240
-0.37609571	13.06285274	-0.55853317	-0.37579003	13.06261020	-0.55819269
-0.36119361	13.03163244	-0.60339953	-0.36087955	13.03139813	-0.60305542
-0.35155781	12.99331261	-0.63723421	-0.35122074	12.99309234	-0.63688976
-0.24817370	12.94127234	-0.63113881	-0.24782255	12.94107539	-0.63079417
-0.35905512	12.95441040	-0.66200974	-0.35870341	12.95419286	-0.66166920
-0.37381391	12.91711355	-0.67612703	-0.37343925	12.91690191	-0.67579776
-0.26091241	12.89177782	-0.63566149	-0.26053760	12.89158080	-0.63531820
-0.53688210	12.88672416	-0.18968976	-0.53642424	12.88651097	-0.18928930
-0.55674571	12.76473805	-0.19528260	-0.55623653	12.76451809	-0.19483953
-0.63289094	12.80145501	-0.25286326	-0.63241808	12.80119157	-0.25241743
-0.61492192	12.89746245	-0.25198784	-0.61448608	12.89720371	-0.25158038
-0.56467739	12.66005996	-0.21254751	-0.56413221	12.65983795	-0.21206879
-0.64005226	12.71885755	-0.26480278	-0.63954856	12.71858473	-0.26433960
-0.68858451	12.78860009	-0.33494514	-0.68814517	12.78830310	-0.33447393
-0.68241516	12.84091499	-0.32907706	-0.68198488	12.84061804	-0.32862769
-0.66648934	12.90404341	-0.33058314	-0.66608171	12.90374598	-0.33017282
-0.45517016	12.64999963	-0.16462335	-0.45459042	12.64983611	-0.16414805
-0.44411793	12.74618797	-0.14563012	-0.44357791	12.74603271	-0.14519150
-0.42209646	12.86550104	-0.13724773	-0.42160872	12.86535901	-0.13685361
-0.46969357	12.93294216	-0.68709723	-0.46933397	12.93267559	-0.68675420
-0.47662960	12.90595591	-0.69771857	-0.47624942	12.90569672	-0.69738664
-0.38598156	12.88382106	-0.67798502	-0.38559069	12.88360997	-0.67766665
-0.55629901	12.93819146	-0.66715528	-0.55594254	12.93780510	-0.66678536
-0.56109549	12.91151916	-0.68197673	-0.56071485	12.91112907	-0.68160794
-0.39681102	12.86703308	-0.66759067	-0.39641541	12.86681832	-0.66727775
-0.28063227	12.84359696	-0.62782728	-0.28024085	12.84339763	-0.62748726
0.89875362	12.88489878	-0.90186889	0.89885895	12.88482664	-0.90203261
0.79869830	12.95189104	-0.88781127	0.79880892	12.95182767	-0.88793288
0.91525259	12.89933122	-0.81317282	0.91540568	12.89926662	-0.81335683
0.82010987	12.97182794	-0.78334321	0.82027715	12.97177459	-0.78349082
0.70961063	13.02752000	-0.74205734	0.70978983	13.02747706	-0.74216832
0.67982995	13.00327142	-0.87110105	0.67994224	13.00321286	-0.87117259
0.91635843	12.89555816	-0.72128394	0.91656128	12.89550073	-0.72147720
0.83723315	12.96317473	-0.67684431	0.83746353	12.96313623	-0.67701378
0.74269566	13.01579113	-0.61482730	0.74296629	13.01577257	-0.61496041
1.00033590	12.67136750	-0.98512849	1.00038541	12.67126554	-0.98530569
0.96258377	12.79298549	-0.94009378	0.96266896	12.79289740	-0.94027012
1.02346613	12.67189539	-0.87382079	1.02356706	12.67179867	-0.87401989
0.98240604	12.80241885	-0.84333595	0.98253791	12.80233890	-0.84353464
1.01484532	12.67102181	-0.76049986	1.01500933	12.67093283	-0.76070707
0.97651427	12.80205034	-0.74396120	0.97670084	12.80198114	-0.74416733
0.55964025	13.04874893	-0.82594456	0.55976985	13.04869633	-0.82595996
0.59644943	13.07452216	-0.67715535	0.59667253	13.07449555	-0.67720725
0.47250309	13.11320929	-0.59459447	0.47276318	13.11319478	-0.59459514
0.43535133	13.08650794	-0.74643459	0.43552243	13.08645392	-0.74638901
0.63640431	13.06353045	-0.53910633	0.63671474	13.06354589	-0.53919763
0.51118563	13.10435655	-0.45650085	0.51153718	13.10440286	-0.45653816
-0.38463332	13.08036975	-0.50064963	-0.38432355	13.08012484	-0.50031356
-0.46810968	13.06201976	-0.51319400	-0.46780248	13.06172625	-0.51285042
-0.44817650	13.05060699	-0.55554809	-0.44787082	13.05032071	-0.55519940
-0.39671061	13.08648526	-0.43762137	-0.39639267	13.08624539	-0.43728968
-0.49029154	13.06392124	-0.46869009	-0.48997674	13.06362585	-0.46835040
-0.57464874	13.03756858	-0.49778349	-0.57433091	13.03721047	-0.49744072
-0.53701748	13.03956302	-0.53033781	-0.53670702	13.03921735	-0.52999320
-0.49930255	13.03794378	-0.55655078	-0.49899517	13.03762172	-0.55620216
-0.42219425	13.08310238	-0.37742329	-0.42186000	13.08286701	-0.37709100
-0.50410777	13.05971835	-0.41734031	-0.50377920	13.05942938	-0.41700056
-0.51903201	13.04521534	-0.36645082	-0.51868461	13.04494010	-0.36610735
-0.56459616	13.02821294	-0.39873268	-0.56425108	13.02790609	-0.39838695
-0.57648350	13.03334455	-0.44731175	-0.57615102	13.03300614	-0.44696772
-0.01891894	13.13027383	-0.43582980	-0.01860624	13.13018892	-0.43559088
-0.11056919	13.11780633	-0.44831153	-0.11025954	13.11768266	-0.44803978
-0.02829599	13.15187074	-0.34055176	-0.02795235	13.15182160	-0.34032937
-0.13143808	13.13557094	-0.36180730	-0.13110526	13.13546917	-0.36154232
-0.23252190	13.11831430	-0.39284109	-0.23219638	13.11815653	-0.39253900
-0.20649810	13.10477380	-0.47122195	-0.20618888	13.10460859	-0.47091913
-0.02885392	13.15375099	-0.25341623	-0.02847977	13.15373674	-0.25320143
-0.14277539	13.13903553	-0.27802633	-0.14241741	13.13896126	-0.27776712
-0.25234016	13.12066131	-0.31331576	-0.25199485	13.12052053	-0.31301864
0.99064579	11.97504706	-1.05860017	0.99051040	11.97494054	-1.05871209
1.01320034	12.11994818	-1.05676786	1.01310436	12.11983501	-1.05689599
0.99310072	11.93016881	-0.95315042	0.99298983	11.93006412	-0.95326133
1.01912827	12.07677106	-0.94251212	1.01905930	12.07665968	-0.94263869
1.03834787	12.29446661	-0.92716208	1.03834802	12.29435240	-0.92731826
1.02696268	12.32904962	-1.04308155	1.02692430	12.32893526	-1.04323397
0.97445717	11.91368623	-0.83415859	0.97437732	11.91359521	-0.83425768
1.00252795	12.06158832	-0.81905444	1.00249975	12.06148374	-0.81917089
1.02465518	12.28347755	-0.80279931	1.02470493	12.28336427	-0.80295100
1.02254412	12.51485654	-1.01881425	1.02255154	12.51474716	-1.01898567
1.04124689	12.49737727	-0.90366566	1.04130525	12.49726898	-0.90385293
1.03005803	12.49200300	-0.78238671	1.03017530	12.49190285	-0.78257815
-0.64233974	12.93287217	-0.61470825	-0.64195843	12.93237387	-0.61432686
-0.64914864	12.90310879	-0.62668569	-0.64873741	12.90258893	-0.62628832
-0.70011271	12.92251318	-0.53483531	-0.69972065	12.92203133	-0.53445918
-0.71058525	12.88634050	-0.54086727	-0.71016538	12.88584303	-0.54046551
-0.65097575	12.87971706	-0.62811837	-0.65054056	12.87919418	-0.62770994
-0.70167784	12.91263411	-0.43258200	-0.70129038	12.91227235	-0.43218404
-0.71511537	12.86752046	-0.43352698	-0.71472739	12.86717084	-0.43309413
-0.71804734	12.83182301	-0.43529093	-0.71766122	12.83147690	-0.43482117
-0.29773494	13.09345762	-0.48766332	-0.29742566	13.09325270	-0.48734177
-0.31594038	13.10329919	-0.41530331	-0.31561698	13.10310274	-0.41498683
-0.34197507	13.10272540	-0.34480125	-0.34163620	13.10253492	-0.34448776
-0.59484902	12.94987677	-0.26473505	-0.59443796	12.94961889	-0.26435120
-0.51449432	12.95302692	-0.20220973	-0.51406765	12.95281586	-0.20183396
-0.64889618	12.94426190	-0.33982607	-0.64850350	12.94396001	-0.33943738
-0.62576069	12.97388360	-0.35669862	-0.62538102	12.97357688	-0.35632681
-0.57180867	12.98189444	-0.28906564	-0.57141598	12.98163237	-0.28869727
-0.39991411	12.94390453	-0.14654610	-0.39946161	12.94376629	-0.14618044
-0.45661910	12.96392120	-0.66869613	-0.45627896	12.96365525	-0.66834765
-0.44470706	12.99620601	-0.64047432	-0.44438228	12.99593485	-0.64012144
-0.52884260	12.99531006	-0.62334826	-0.52851767	12.99495714	-0.62299036
-0.54479489	12.96695142	-0.64932093	-0.54445616	12.96658002	-0.64895806
-0.65875206	12.97965421	-0.52317248	-0.65839940	12.97921667	-0.52282342
-0.68309255	12.95218893	-0.52948112	-0.68272049	12.95172484	-0.52912040
-0.62854535	12.96112938	-0.60189610	-0.62818889	12.96065989	-0.60152990
-0.60764134	12.98828183	-0.58408444	-0.60730479	12.98784760	-0.58373010
-0.62667920	13.00882481	-0.51427659	-0.62634305	13.00841591	-0.51393423
-0.58033310	13.01462825	-0.55711135	-0.58001011	13.01423382	-0.55676369
-0.51063848	13.02096758	-0.58404056	-0.51032444	13.02063044	-0.58368507
-0.68423928	12.94584228	-0.43516389	-0.68386525	12.94547827	-0.43478962
-0.65987517	12.97395023	-0.44110228	-0.65951544	12.97358649	-0.44074642
-0.59354467	13.00500011	-0.38106927	-0.59318584	13.00469185	-0.38071312
-0.62616646	13.00406107	-0.45018836	-0.62582196	13.00370013	-0.44984247
-0.54409733	13.01650325	-0.32333054	-0.54372635	13.01623634	-0.32297648
-0.44113891	13.02690185	-0.60037669	-0.44082709	13.02661886	-0.60002238
0.18147476	13.12063829	-0.18514609	0.18191963	13.12074048	-0.18501913
0.15179784	13.15910150	-0.27045321	0.15218499	13.15915822	-0.27031388
0.17949863	13.14701223	-0.28516258	0.17988951	13.14707525	-0.28503186
0.21346494	13.10736308	-0.19669705	0.21391521	13.10747279	-0.19658043
0.13139206	13.16597158	-0.36556464	0.13173234	13.16597860	-0.36541429
0.15749448	13.15467292	-0.38247024	0.15783341	13.15468321	-0.38232654
0.18407631	13.13810568	-0.29516387	0.18446767	13.13816654	-0.29503193
0.21785130	13.09895923	-0.20309174	0.21830181	13.09906786	-0.20297295
0.19071222	13.14580799	-0.29623837	0.19110310	13.14587006	-0.29611275
0.22325625	13.10547308	-0.19797192	0.22370975	13.10558534	-0.19786007
0.17154805	13.15276745	-0.39959235	0.17188215	13.15277402	-0.39945552
0.21551913	13.15857788	-0.42552815	0.21584172	13.15858234	-0.42541688
0.23714670	13.15112851	-0.31414415	0.23753602	13.15119407	-0.31404806
0.26914830	13.10879173	-0.20879806	0.26960285	13.10891503	-0.20871053
0.25715297	12.93438294	-0.06485561	0.25774117	12.93460755	-0.06467240
0.22011868	13.05066739	-0.11049596	0.22062811	13.05083254	-0.11035562
0.25629810	13.03789366	-0.12187562	0.25681293	13.03806365	-0.12174817
0.29670653	12.92111355	-0.07793950	0.29730469	12.92135228	-0.07776425
0.26653648	13.03590217	-0.12235872	0.26705527	13.03607459	-0.12223589
0.30792317	12.91921807	-0.08133555	0.30852507	12.91945604	-0.08116626
0.31176139	13.03442511	-0.12970709	0.31228728	13.03461446	-0.12960730
0.35172973	12.91144785	-0.08726894	0.35234165	12.91169414	-0.08712498
0.37748576	12.72265805	-0.09102038	0.37819012	12.72293926	-0.09076566
0.33739484	12.73632542	-0.08660057	0.33808445	12.73659938	-0.08632457
0.39556634	12.52742407	-0.12129470	0.39643006	12.52776175	-0.12086674
0.35792915	12.55146185	-0.11663285	0.35875023	12.55178102	-0.11618609
0.32599976	12.73853165	-0.08187276	0.32668442	12.73880878	-0.08158798
0.34573100	12.55425698	-0.11172844	0.34654782	12.55457598	-0.11127502
0.30000885	12.56804046	-0.09368272	0.30080150	12.56836105	-0.09321086
0.28392193	12.75588879	-0.06591658	0.28459507	12.75615626	-0.06562372
0.26622371	12.78316600	-0.91928531	0.26629037	12.78312681	-0.91910194
0.25637322	12.85332503	-0.89440893	0.25646134	12.85326665	-0.89420956
0.23731949	12.85907504	-0.83531214	0.23744388	12.85899759	-0.83509535
0.24805333	12.79831201	-0.85898647	0.24816345	12.79823961	-0.85877617
0.24110263	12.92527226	-0.84406669	0.24121685	12.92519235	-0.84386165
0.22140624	12.92365562	-0.78839239	0.22155409	12.92356942	-0.78817783
0.22794430	12.91926130	-0.77058605	0.22810331	12.91917315	-0.77037534
0.24898922	12.80409592	-0.83824263	0.24911227	12.80401611	-0.83803170
0.22106822	12.85943966	-0.82089223	0.22119774	12.85934474	-0.82065655
0.22597839	12.80217670	-0.84385454	0.22609483	12.80208720	-0.84362029
0.21039333	12.92313313	-0.77862681	0.21054539	12.92303746	-0.77840483
0.16984274	12.93529518	-0.76402593	0.17000530	12.93518680	-0.76378093
0.17758722	12.86799703	-0.80245219	0.17772911	12.86788571	-0.80218942
0.17956560	12.80441662	-0.82348416	0.17970511	12.80430566	-0.82321269
0.27102443	12.71310824	-0.94440984	0.27106358	12.71309638	-0.94426130
0.25563359	12.73715157	-0.88316375	0.25573078	12.73709145	-0.88296741
0.25746711	12.75272501	-0.86083135	0.25757973	12.75265081	-0.86062750
0.27511180	12.71626090	-0.87405319	0.27521334	12.71620250	-0.87387294
0.23480073	12.74451049	-0.87066229	0.23490745	12.74442324	-0.87043662
0.18610752	12.73685195	-0.85304451	0.18623976	12.73674728	-0.85277352
0.28463615	12.32848435	-0.16016249	0.28576925	12.32883930	-0.15906405
0.30182495	12.42516099	-0.12706529	0.30280743	12.42553965	-0.12626334
0.34992365	12.42353692	-0.14334472	0.35101782	12.42392982	-0.14254350
0.33580220	12.35396895	-0.17483964	0.33708185	12.35434318	-0.17357912
0.35388986	12.43606687	-0.15072847	0.35496210	12.43642795	-0.14997567
0.36378394	12.41650461	-0.14846259	0.36492663	12.41687687	-0.14769920
0.35337578	12.34956279	-0.17922511	0.35594908	12.35043585	-0.17714492
0.40132858	12.38319971	-0.15685491	0.40262345	12.38355960	-0.15608631
0.12063945	13.14065341	-0.47074825	0.12093964	13.14061013	-0.47057569
0.15055750	13.12736582	-0.48475260	0.15085646	13.12732621	-0.48458815
0.12407962	13.08836061	-0.57882282	0.12434151	13.08827564	-0.57862041
0.15934440	13.07308386	-0.58949070	0.15960277	13.07300712	-0.58929828
0.16257055	13.11606950	-0.49147596	0.16286944	13.11603053	-0.49131221
0.16837412	13.12247461	-0.49161384	0.16867171	13.12243764	-0.49145602
0.17840669	13.06640402	-0.58567035	0.17866850	13.06633530	-0.58548494
0.20455851	13.07180370	-0.62496976	0.20479492	13.07173166	-0.62479679
0.20380842	13.12827464	-0.52407900	0.20409142	13.12823255	-0.52393880
0.22029351	13.00126240	-0.74313546	0.22046310	13.00117481	-0.74294079
0.19883886	12.99646124	-0.69506973	0.19903998	12.99637484	-0.69486470
0.18447777	12.99954549	-0.69462692	0.18467873	12.99945328	-0.69441447
0.14621541	13.01431140	-0.68337018	0.14642349	13.01420861	-0.68314168
0.39486374	13.09111472	-0.26241239	0.39532129	13.09124764	-0.26238411
0.43030369	13.01074475	-0.17857758	0.43084134	13.01093175	-0.17853840
0.45900608	12.88015554	-0.13224366	0.45962973	12.88038703	-0.13215520
0.31288602	12.99072492	-0.86170330	0.31298841	12.99065414	-0.86155580
0.33672508	12.91267824	-0.95086912	0.33678850	12.91263532	-0.95072935
0.29490886	13.06012673	-0.74971037	0.29506945	13.06005715	-0.74957651
0.13699969	12.96195122	-0.05964032	0.13755123	12.96212329	-0.05941364
0.11502057	13.06606279	-0.10434269	0.11550466	13.06618859	-0.10415872
0.09339773	13.12945410	-0.17444379	0.09382709	13.12952902	-0.17427890
0.08839720	13.02789588	-0.62417516	0.08864833	13.02778698	-0.62392810
0.06830680	13.09334256	-0.54635239	0.06858654	13.09325276	-0.54612826
0.10752469	12.95576940	-0.67840287	0.10775119	12.95565026	-0.67813208
0.47387303	12.68514612	-0.13198828	0.47458933	12.68540418	-0.13179657
0.48378360	12.47603256	-0.16032447	0.48461573	12.47627046	-0.16002605
0.34576333	12.83181972	-1.00382541	0.34579261	12.83179980	-1.00371140
0.34664563	12.75675570	-1.03298687	0.34665399	12.75676550	-1.03289701
0.48482820	12.33800057	-0.19850854	0.48553467	12.33799889	-0.19819174
0.34540453	12.69677284	-1.05178849	0.34538988	12.69679576	-1.05172805
0.15923963	12.47218159	-0.10414629	0.16007055	12.47240636	-0.10345931
0.16481753	12.62831354	-0.07517116	0.16553835	12.62855297	-0.07469520
0.10941098	12.75474841	-0.74799740	0.10962605	12.75461939	-0.74765764
0.10967025	12.82344415	-0.72438484	0.10989092	12.82331418	-0.72406274
0.15548856	12.80753650	-0.05488658	0.15611361	12.80774816	-0.05457045
0.11182976	12.88895476	-0.70650791	0.11205472	12.88882825	-0.70621398
0.33066791	13.14339885	-0.50068432	0.33096740	13.14339950	-0.50062366
0.30467209	13.11468244	-0.62750089	0.30490314	13.11463396	-0.62739970
0.36115831	13.13534670	-0.37457816	0.36153583	13.13540857	-0.37454671
0.06437708	13.16363760	-0.34664551	0.06472063	13.16362503	-0.34646509
0.06107611	13.13973052	-0.44874714	0.06138387	13.13967352	-0.44854695
0.07583215	13.16093892	-0.25526184	0.07621380	13.16096883	-0.25509423
0.88209584	11.96642745	-0.58452236	0.88206300	11.96637252	-0.58458369
0.81676000	12.01719950	-0.47386000	0.81676000	12.01719950	-0.47386000
0.92253253	11.93861214	-0.71336122	0.92248815	11.93853680	-0.71344344
0.91000382	12.00510853	-0.71822038	0.90998592	12.00503395	-0.71830006
0.87438603	12.05191992	-0.63178643	0.87439917	12.05185928	-0.63185693
0.80608806	12.11454118	-0.52871011	0.80615190	12.11451037	-0.52874398
0.95584591	11.93108863	-0.83767824	0.95577110	11.93100227	-0.83777402
0.97508252	11.94707074	-0.94908740	0.97497766	11.94697113	-0.94919251
0.94311169	12.06508074	-0.93242573	0.94304408	12.06498910	-0.93252494
0.92881605	12.03480483	-0.81476100	0.92878010	12.03472564	-0.81485242
0.97425268	11.98935245	-1.04229589	0.97412673	11.98925058	-1.04240259
0.93957202	12.06404060	-1.12922267	0.93943278	12.06394150	-1.12932088
0.91645465	12.12674640	-1.10683439	0.91634184	12.12665450	-1.10692737
0.94037619	12.09996129	-1.03028771	0.94028381	12.09986778	-1.03038592
0.85887126	12.18212773	-1.22034400	0.85872955	12.18204166	-1.22042137
0.74240488	12.33303855	-1.27098001	0.74228807	12.33298597	-1.27102604
0.74640987	12.36135348	-1.19926038	0.74632647	12.36130290	-1.19930801
0.85706617	12.22804125	-1.15768170	0.85696081	12.22795948	-1.15776233
0.60114446	12.48298076	-1.23769838	0.60110278	12.48297490	-1.23769240
0.47107672	12.61368548	-1.15269875	0.47105961	12.61368948	-1.15268881
0.49420000	12.61570000	-1.07906000	0.49420000	12.61570000	-1.07906000
0.61447000	12.50220000	-1.16283000	0.61447000	12.50220000	-1.16283000
0.38294713	12.64728116	-1.04972598	0.38293410	12.64729327	-1.04969903
0.33210441	12.64756187	-0.95684755	0.33211734	12.64757028	-0.95679013
0.37140000	12.64100070	-0.89641000	0.37140000	12.64100070	-0.89641000
0.41679000	12.64250090	-0.98287004	0.41679000	12.64250090	-0.98287004
0.31412467	12.67922316	-0.89735077	0.31418873	12.67920294	-0.89723086
0.31014207	12.70668841	-0.86988170	0.31023877	12.70664441	-0.86973361
0.33849226	12.69446641	-0.81264266	0.33862980	12.69440504	-0.81249002
0.34758951	12.66940558	-0.84031749	0.34769495	12.66936147	-0.84020040
0.30113642	12.69398446	-0.87378254	0.30123874	12.69394020	-0.87362816
0.25808027	12.68382088	-0.84429319	0.25821715	12.68374027	-0.84407555
0.29841162	12.68093534	-0.77482525	0.29859139	12.68086593	-0.77462267
0.33734066	12.68306684	-0.81130847	0.33748527	12.68300487	-0.81115208
0.15193131	12.71919368	-0.71597205	0.15217358	12.71907986	-0.71564783
0.02015023	12.77283469	-0.57542087	0.02050228	12.77270444	-0.57503097
0.02434553	12.81060486	-0.49855787	0.02473912	12.81050231	-0.49817724
0.17599976	12.73433119	-0.64062296	0.17629202	12.73423212	-0.64030289
-0.09648690	12.81574980	-0.51274872	-0.09610262	12.81560900	-0.51235911
-0.20398800	12.84763534	-0.51675626	-0.20360334	12.84746404	-0.51638817
-0.20736940	12.91616181	-0.45647701	-0.20698189	12.91599650	-0.45611604
-0.09854095	12.87530058	-0.44267202	-0.09813852	12.87517837	-0.44230387
-0.30916353	12.86802775	-0.57665092	-0.30877696	12.86781813	-0.57630724
-0.40778799	12.87915427	-0.64442401	-0.40739320	12.87892218	-0.64409928
-0.42444760	12.90688318	-0.59267984	-0.42405951	12.90662445	-0.59233339
-0.31864768	12.92114758	-0.52165971	-0.31827187	12.92093209	-0.52130334
-0.49590609	12.88258646	-0.67256948	-0.49549785	12.88229280	-0.67223396
-0.57565016	12.87923885	-0.66086364	-0.57522291	12.87882498	-0.66048674
-0.57485463	12.88159999	-0.62547069	-0.57442913	12.88118932	-0.62508565
-0.51824813	12.89030617	-0.62434178	-0.51784166	12.88996632	-0.62398309
-0.64977452	12.87089312	-0.60929458	-0.64933291	12.87038107	-0.60887968
-0.69897755	12.85441987	-0.52978113	-0.69854318	12.85394286	-0.52934361
-0.66186047	12.87054574	-0.50149690	-0.66144362	12.87012316	-0.50107428
-0.62451344	12.88001425	-0.57830950	-0.62408431	12.87955709	-0.57790089
-0.70386214	12.82692555	-0.43461118	-0.70347404	12.82658282	-0.43414026
-0.67686433	12.77991270	-0.34489008	-0.67642438	12.77961614	-0.34442025
-0.65527342	12.78654556	-0.35779042	-0.65483735	12.78624851	-0.35732935
-0.66762851	12.83321788	-0.41798493	-0.66722740	12.83288460	-0.41753180
-0.63006973	12.70555679	-0.28166698	-0.62956207	12.70528432	-0.28120278
-0.55658874	12.64514598	-0.23283837	-0.55604244	12.64491957	-0.23235308
-0.53902473	12.70442613	-0.26419495	-0.53850514	12.70419512	-0.26373221
-0.61510179	12.74777249	-0.31416479	-0.61462728	12.74749878	-0.31370881
-0.44965342	12.64038959	-0.18546128	-0.44907258	12.64022033	-0.18498138
-0.32246725	12.61988325	-0.14951227	-0.32183521	12.61978244	-0.14900047
-0.30471021	12.67357970	-0.17837427	-0.30410786	12.67346854	-0.17789698
-0.43080790	12.69786424	-0.21537619	-0.43025449	12.69768944	-0.21491640
-0.18545866	12.51576809	-0.13566792	-0.18471451	12.51574853	-0.13499490
-0.03642626	12.40037851	-0.14220993	-0.03555805	12.40043072	-0.14139810
-0.03411392	12.46998480	-0.17356746	-0.03330913	12.47000478	-0.17284142
-0.17397653	12.57844485	-0.16460607	-0.17328211	12.57839990	-0.16400210
0.12508134	12.34034128	-0.16207711	0.12607676	12.34046719	-0.16113304
0.25387602	12.32224576	-0.18692554	0.25499013	12.32250234	-0.18583593
0.23316420	12.38157565	-0.23940841	0.23415536	12.38166686	-0.23851331
0.11524897	12.40747733	-0.20379954	0.11615993	12.40753287	-0.20297847
0.30414891	12.35649519	-0.20791864	0.30536178	12.35671481	-0.20677520
0.28848328	12.44007309	-0.27828243	0.28921966	12.44021196	-0.27752976
0.28066493	12.41225192	-0.26418082	0.28152214	12.41238046	-0.26333829
0.31586328	12.34680952	-0.21976262	0.31713934	12.34703796	-0.21832464
0.34620000	12.27620000	-0.23202000	0.34620000	12.27620000	-0.23202000
0.32032463	12.33363977	-0.28896670	0.32091323	12.33390974	-0.28811726
0.28752803	12.39850898	-0.27906542	0.28821351	12.39867626	-0.27818012
0.44425997	12.21770000	-0.27141000	0.44425997	12.21770000	-0.27141000
0.57587000	12.16340070	-0.32883000	0.57587000	12.16340070	-0.32883000
0.56976052	12.24318887	-0.38267706	0.56996616	12.24325065	-0.38254981
0.42808729	12.28641150	-0.32724038	0.42840289	12.28654757	-0.32689181
0.70622003	12.08180000	-0.39380000	0.70622003	12.08180000	-0.39380000
0.70014015	12.18139371	-0.44747818	0.70027915	12.18139762	-0.44745665
0.76326326	12.39366525	-1.04837808	0.76323971	12.39360524	-1.04842655
0.86548513	12.24496287	-1.04722684	0.86542554	12.24488521	-1.04730906
0.78272586	12.37720173	-0.86023849	0.78277160	12.37714835	-0.86028673
0.87467387	12.22359110	-0.90675302	0.87466296	12.22351717	-0.90683422
0.79547400	12.26274782	-0.67247737	0.79557257	12.26270924	-0.67250888
0.87455935	12.14982100	-0.75457360	0.87458436	12.14975675	-0.75464264
0.53342834	12.60827130	-0.90290143	0.53348581	12.60823774	-0.90287378
0.64684866	12.52238184	-0.99060066	0.64687199	12.52234824	-0.99061055
0.56486220	12.53882116	-0.69131494	0.56504140	12.53880651	-0.69123272
0.67774267	12.47891659	-0.78119244	0.67784909	12.47888323	-0.78118807
0.57083696	12.38682872	-0.51080379	0.57109793	12.38686052	-0.51065024
0.69247012	12.34049267	-0.58903655	0.69264022	12.34048908	-0.58900585
-0.21813312	12.91131377	-0.37166325	-0.21771114	12.91116532	-0.37129632
-0.11213788	12.86836367	-0.35587928	-0.11168697	12.86826178	-0.35550621
-0.23951867	12.85335779	-0.28512719	-0.23904190	12.85323171	-0.28473307
-0.13270214	12.80391590	-0.27169495	-0.13219202	12.80384239	-0.27128372
-0.01532936	12.73663521	-0.30705359	-0.01479311	12.73658355	-0.30660998
0.00767428	12.80277732	-0.40270155	0.00812880	12.80270411	-0.40230481
-0.27300948	12.76287232	-0.22231714	-0.27246653	12.76275337	-0.22188149
-0.15510145	12.69044757	-0.20935473	-0.15449344	12.69039271	-0.20885603
-0.02808684	12.60450365	-0.23001581	-0.02742220	12.60448539	-0.22944412
-0.55423195	12.91040593	-0.54316781	-0.55382986	12.91003842	-0.54278645
-0.58818606	12.90385435	-0.45142901	-0.58778981	12.90351339	-0.45103415
-0.48590759	12.92421044	-0.39016223	-0.48550632	12.92394482	-0.38978274
-0.45277436	12.93720603	-0.49572964	-0.45239401	12.93692521	-0.49536287
-0.60441161	12.83159397	-0.37239875	-0.60398417	12.83129772	-0.37196411
-0.51533785	12.82202107	-0.31385455	-0.51487987	12.82177636	-0.31343131
-0.33664136	12.93598300	-0.42788356	-0.33625067	12.93577198	-0.42751781
-0.36337728	12.90051307	-0.32924942	-0.36294426	12.90031682	-0.32886622
-0.39869501	12.80284805	-0.26060809	-0.39819833	12.80266669	-0.26018568
0.29340214	12.63923625	-0.65083104	0.29367518	12.63916976	-0.65054873
0.33510151	12.63597081	-0.67438045	0.33535105	12.63591245	-0.67413798
0.26739795	12.57219904	-0.50064744	0.26781794	12.57217044	-0.50021981
0.31374968	12.57135520	-0.51065064	0.31415677	12.57134899	-0.51026194
0.31783698	12.58936910	-0.49510025	0.31824416	12.58936785	-0.49472391
0.33608008	12.65027270	-0.66598580	0.33632784	12.65021797	-0.66575404
0.34324132	12.63277682	-0.68861500	0.34346711	12.63272238	-0.68839355
0.32023549	12.57516775	-0.50991371	0.32062169	12.57516650	-0.50953312
0.35253410	12.55546076	-0.55062857	0.35287115	12.55544735	-0.55029868
0.37255793	12.61419006	-0.73917136	0.37273981	12.61413858	-0.73899025
0.32772726	12.44086131	-0.39792638	0.32819089	12.44095588	-0.39736600
0.29545423	12.48762583	-0.37467693	0.29598608	12.48770286	-0.37411156
0.28981289	12.49168690	-0.36974903	0.29038852	12.49174834	-0.36917265
0.24244015	12.47730740	-0.35344229	0.24306741	12.47733262	-0.35279585
0.44565187	12.55410395	-0.61271289	0.44592178	12.55409526	-0.61249705
0.43873712	12.62174305	-0.81482930	0.43884539	12.62170989	-0.81474502
0.43421180	12.41250659	-0.44529919	0.43456576	12.41259953	-0.44492923
0.13817823	12.63997890	-0.40879394	0.13869174	12.63994699	-0.40832863
0.16424770	12.71037138	-0.53137192	0.16462779	12.71028996	-0.53100600
0.12006628	12.52283901	-0.29269097	0.12076551	12.52283634	-0.29205787
0.16382654	13.14516509	-0.39468911	0.16416364	13.14517151	-0.39454385
0.25969562	13.03159008	-0.12899770	0.26021259	13.03175834	-0.12886800
0.29917520	12.91770411	-0.08730526	0.29977211	12.91793616	-0.08712905
0.32853139	12.73780802	-0.09235456	0.32921533	12.73807648	-0.09207026
0.34892331	12.55852612	-0.12160750	0.34972536	12.55883239	-0.12115973
0.24137830	12.85826956	-0.81443316	0.24151651	12.85818554	-0.81421695
0.34130568	12.37604996	-0.18228834	0.34262570	12.37641108	-0.18109041
0.17662089	13.06120244	-0.58844614	0.17688253	13.06113111	-0.58825798
0.20231745	12.99126639	-0.68840991	0.20252400	12.99118157	-0.68820602
0.89639461	11.96112468	-0.57107318	0.89636044	11.96106425	-0.57113736
0.82721899	12.01968583	-0.45666821	0.82722687	12.01967712	-0.45667349
0.93993122	11.92431079	-0.70475047	0.93988259	11.92422945	-0.70483615
0.74586995	12.33163473	-1.28648035	0.74574694	12.33157977	-1.28652766
0.46145280	12.61948148	-1.16633711	0.46143323	12.61948536	-1.16632462
0.35364798	12.65797397	-1.05828270	0.35363223	12.65799315	-1.05823670
0.28747332	12.66173451	-0.96007190	0.28749212	12.66173836	-0.95996837
0.27330076	12.69179001	-0.89887350	0.27337873	12.69175397	-0.89871427
0.25681260	12.70306442	-0.88575550	0.25692375	12.70298372	-0.88554693
0.20858732	12.68888203	-0.86768164	0.20871561	12.68878283	-0.86742719
0.12033033	12.71066505	-0.75317382	0.12054954	12.71054040	-0.75283345
0.01220545	12.74400051	-0.62295662	0.01252770	12.74385877	-0.62256080
-0.19625977	12.78442044	-0.55766489	-0.19587025	12.78424323	-0.55728726
-0.29937937	12.82591554	-0.60777362	-0.29898552	12.82571175	-0.60744047
-0.48331752	12.88766968	-0.69479852	-0.48291999	12.88740560	-0.69447314
-0.56554183	12.89063368	-0.68335624	-0.56513441	12.89023850	-0.68298756
-0.71129207	12.85875260	-0.54127499	-0.71085344	12.85825249	-0.54084740
-0.18764988	12.52552127	-0.11365846	-0.18691462	12.52552567	-0.11300016
0.14275876	12.35619280	-0.13745549	0.14373011	12.35638207	-0.13654108
0.31145134	12.38420739	-0.22060948	0.31256435	12.38439362	-0.21953039
0.38416396	12.29371254	-0.19493846	0.38462578	12.29363165	-0.19481945
0.46953633	12.23717809	-0.23869472	0.46971014	12.23710621	-0.23863005
0.71412157	12.09178603	-0.37179590	0.71413404	12.09177220	-0.37180185
0.29639663	12.51481341	-0.36792964	0.29695115	12.51488188	-0.36739646
0.58453250	12.77800253	-0.54112073	0.58484990	12.77801166	-0.54109330
0.30558998	12.98936266	-0.52998948	0.30589957	12.98934311	-0.52984871
0.03447824	12.99516716	-0.26241798	0.03491834	12.99517789	-0.26215451
0.10287786	13.07774128	-0.30755852	0.10327392	13.07776139	-0.30736049
0.32021381	12.86899077	-0.29401756	0.32071095	12.86910547	-0.29382077
0.03134087	12.96763242	-0.42083297	0.03172070	12.96756709	-0.42054208
0.12473626	13.04551825	-0.41701100	0.12509507	13.04549576	-0.41679872
0.36731490	12.82357504	-0.69327268	0.36752827	12.82352018	-0.69312702
0.15912832	13.02934470	-0.17903303	0.15960584	13.02945122	-0.17884625
0.22097369	12.81500141	-0.79349506	0.22113352	12.81490756	-0.79325467
0.33059926	12.75841343	-0.53077917	0.33093341	12.75839448	-0.53056008
0.32927343	12.88683325	-0.84128870	0.32939364	12.88676582	-0.84113497
0.39554714	12.43651599	-0.24436106	0.39626063	12.43665848	-0.24383057
0.24633794	13.04695149	-0.44625485	0.24668320	13.04695616	-0.44610683
0.47705370	12.68498243	-0.66733051	0.47726972	12.68495085	-0.66722352
0.69864768	12.74952638	-0.77234360	0.69880003	12.74947957	-0.77238835
0.32863302	12.94038911	-0.19982291	0.32916383	12.94055113	-0.19967573
-0.42640008	12.91030999	-0.24403735	-0.42595712	12.91011959	-0.24365511
0.15482752	13.08178225	-0.24837653	0.15525374	13.08185048	-0.24821065
0.32458633	12.94646655	-0.68763661	0.32479400	12.94640837	-0.68749851
-0.51345265	12.90992907	-0.28434219	-0.51302380	12.90969243	-0.28395314
0.22995143	13.03181869	-0.32801160	0.23036700	13.03188005	-0.32785271
0.29175072	12.46011795	-0.19968353	0.29260215	12.46032373	-0.19896103
0.12072925	13.09895153	-0.36962302	0.12109137	13.09895168	-0.36943756
0.21168150	13.07744268	-0.48847382	0.21199503	13.07741796	-0.48831862
0.25602121	12.61311306	-0.24422943	0.25666698	12.61324280	-0.24377812
0.16916682	12.93751859	-0.50827229	0.16950802	12.93746431	-0.50802784
0.27829076	12.89106484	-0.83122477	0.27841493	12.89098943	-0.83104117
0.28502402	12.84036025	-0.83445670	0.28514715	12.84028828	-0.83427405
0.23252199	13.02205825	-0.54422788	0.23281798	13.02201532	-0.54405609
0.37755255	12.79998144	-0.19757890	0.37815846	12.80016657	-0.19737713
0.49894351	12.59249075	-0.43254113	0.49937102	12.59255260	-0.43236189
0.30595186	12.76082729	-0.88717056	0.30603664	12.76078081	-0.88701841
0.16244505	12.96469345	-0.64350643	0.16269291	12.96460284	-0.64327126
0.39308784	12.37642615	-0.22080464	0.39402139	12.37660434	-0.22009351
0.35936553	12.48421653	-0.31148195	0.35999907	12.48432861	-0.31097081
0.19645386	12.86893338	-0.18642551	0.19700443	12.86906051	-0.18616737
0.38986789	12.73020856	-0.90963598	0.38993298	12.73017952	-0.90955951
0.29766769	12.79305062	-0.84855732	0.29778063	12.79298484	-0.84838665
0.14711845	13.11411962	-0.28069531	0.14751836	13.11417073	-0.28053638
0.41614459	12.60730073	-0.24685866	0.41677028	12.60747524	-0.24656765
0.21619378	12.86001930	-0.77020728	0.21636461	12.85992407	-0.76997104
0.42833528	12.71324014	-0.82675779	0.42844768	12.71318923	-0.82667140
0.82759464	12.74521373	-0.86771329	0.82770335	12.74514942	-0.86781907
0.56640535	12.79141032	-0.92699484	0.56647293	12.79135952	-0.92698067
0.34251649	12.68672038	-0.19847548	0.34316655	12.68690847	-0.19815852
0.25254948	12.76352427	-0.18097612	0.25316096	12.76369327	-0.18066177
