0.85043663	12.73653917	-0.41967211	0.85013115	12.73658676	-0.41941963
0.82131345	12.87469624	-0.44811825	0.82086478	12.87472620	-0.44780148
0.89747516	12.83365643	-0.54648504	0.89706412	12.83379664	-0.54618167
0.92963937	12.70050748	-0.53212105	0.92936346	12.70066944	-0.53187834
0.77862253	12.96557272	-0.50825594	0.77807197	12.96558731	-0.50788924
0.85879728	12.91973101	-0.58925451	0.85829798	12.91985529	-0.58890868
0.90817266	12.87701161	-0.64966165	0.90772870	12.87721142	-0.64933298
0.94662999	12.80717060	-0.64407656	0.94625760	12.80740043	-0.64377725
0.98076540	12.67811201	-0.64526891	0.98051743	12.67836396	-0.64502350
0.71672646	12.76686897	-1.16354245	0.71652355	12.76710808	-1.16330771
0.83906250	12.71641511	-1.14181382	0.83888050	12.71674240	-1.14157211
0.80743701	12.82280940	-1.07284634	0.80714008	12.82309299	-1.07254821
0.68523610	12.86895860	-1.08952499	0.68491096	12.86915828	-1.08922228
0.94024175	12.68270301	-1.07905790	0.94006962	12.68309288	-1.07880524
0.90701643	12.79370615	-1.02019684	0.90672532	12.79405224	-1.01989615
0.86729369	12.86209971	-0.96948037	0.86691897	12.86239932	-0.96915055
0.78842996	12.90289175	-0.98478728	0.78802432	12.90313329	-0.98444588
0.66639805	12.94871672	-0.99012844	0.66594973	12.94886849	-0.98977069
0.59562651	12.83324390	-0.20730683	0.59524695	12.83294296	-0.20697513
0.57700224	12.97017639	-0.25482358	0.57645993	12.96985485	-0.25443075
0.71104787	12.92283139	-0.34777797	0.71055401	12.92270454	-0.34743327
0.73284904	12.78346330	-0.30755823	0.73251010	12.78334863	-0.30727863
0.54617574	13.05655712	-0.33911068	0.54551947	13.05622908	-0.33866728
0.67461153	13.01322236	-0.42342119	0.67400433	13.01308723	-0.42302450
0.46681366	12.88158230	-1.06279152	0.46646797	12.88160037	-1.06250010
0.59324607	12.82758384	-1.13572711	0.59298716	12.82772803	-1.13546791
0.56227302	12.91984535	-1.06310072	0.56188535	12.91994219	-1.06277761
0.43803445	12.96386185	-0.98792629	0.43755285	12.96380280	-0.98755773
0.54182425	12.99420888	-0.96125285	0.54130213	12.99422539	-0.96086030
0.41695781	13.03296172	-0.88504512	0.41635136	13.03280481	-0.88460591
-0.01477197	12.98690174	-0.06494558	-0.01530193	12.98584556	-0.06438326
-0.14316241	12.99859882	-0.08700169	-0.14370066	12.99745260	-0.08641130
-0.14564433	13.07205168	-0.13353570	-0.14623249	13.07092665	-0.13290668
-0.02091672	13.07424251	-0.10888376	-0.02152169	13.07320127	-0.10827730
-0.26190375	13.00029140	-0.12335314	-0.26244414	12.99908960	-0.12274049
-0.26283273	13.06175238	-0.17174888	-0.26340933	13.06058106	-0.17110253
-0.26402431	13.10303028	-0.23724577	-0.26462352	13.10189794	-0.23657524
-0.14762546	13.11899728	-0.19970931	-0.14824889	13.11790469	-0.19905927
-0.02591267	13.12830411	-0.17476032	-0.02656827	13.12729554	-0.17412929
0.03013752	12.97295015	-0.58932934	0.02953882	12.97208039	-0.58877284
0.01512224	13.03540981	-0.56387022	0.01448288	13.03453634	-0.56330327
-0.06566997	13.03746151	-0.55332518	-0.06628504	13.03653256	-0.55273309
-0.05152808	12.98123051	-0.56896196	-0.05211420	12.98031340	-0.56839780
-0.00444881	13.08943037	-0.51646435	-0.00512423	13.08852975	-0.51586612
-0.08720474	13.08380328	-0.51763177	-0.08784342	13.08285619	-0.51701635
-0.18053539	13.07682876	-0.53388770	-0.18113657	13.07587359	-0.53326651
-0.15794196	13.03578005	-0.56978458	-0.15852999	13.03483761	-0.56918787
-0.14333164	12.98452654	-0.58721862	-0.14391026	12.98358514	-0.58664462
0.98755589	12.28908722	-0.67176735	0.98762025	12.28932173	-0.67165708
0.96681246	12.07013441	-0.68787401	0.96699395	12.07034035	-0.68783478
0.91414018	12.09674192	-0.55255952	0.91424608	12.09684179	-0.55252659
0.92894831	12.30357159	-0.53664445	0.92898685	12.30370057	-0.53655709
0.83617321	12.14647828	-0.43129640	0.83625176	12.14648107	-0.43126854
0.84353766	12.32856484	-0.41126466	0.84357057	12.32859284	-0.41118265
0.97961395	12.38078387	-1.14125716	0.97974236	12.38122128	-1.14110747
0.88467295	12.44130816	-1.21025900	0.88477156	12.44168787	-1.21012031
0.88022338	12.28181130	-1.23527725	0.88047948	12.28219381	-1.23519852
0.97232088	12.18945687	-1.15679742	0.97261721	12.18988786	-1.15671966
0.75736719	12.51737732	-1.23909279	0.75738327	12.51761362	-1.23898005
0.75376044	12.39721018	-1.27065471	0.75393037	12.39746249	-1.27058921
0.86805671	12.17710181	-1.24323070	0.86839805	12.17747642	-1.24319386
0.95350741	12.05482624	-1.15502599	0.95389669	12.05523726	-1.15501078
0.99336224	12.49810396	-0.65682733	0.99327086	12.49835395	-0.65665602
0.93675808	12.51391638	-0.53035169	0.93665118	12.51407575	-0.53018877
0.85256016	12.54216989	-0.40832990	0.85244062	12.54221749	-0.40816350
0.86790401	12.58776448	-1.18327496	0.86784521	12.58811454	-1.18308994
0.96700517	12.54517355	-1.11743761	0.96696973	12.54559729	-1.11723183
0.74263957	12.64517891	-1.20822428	0.74254178	12.64541957	-1.20804745
0.60022991	12.41939088	-0.22531924	0.60024581	12.41920161	-0.22518771
0.60018928	12.63396984	-0.20257915	0.60000615	12.63370939	-0.20235275
0.73360535	12.58452837	-0.29701934	0.73346320	12.58442814	-0.29682829
0.72753488	12.37042839	-0.30821754	0.72756253	12.37034522	-0.30812198
0.46864480	12.70506667	-1.15048646	0.46855780	12.70513062	-1.15039652
0.61201305	12.61520257	-1.21922186	0.61197933	12.61528900	-1.21914216
0.60861583	12.71950607	-1.18551959	0.60850016	12.71964786	-1.18537238
0.47348045	12.78891594	-1.11655256	0.47327963	12.78896815	-1.11636961
0.58657502	12.17464788	-0.30175200	0.58659197	12.17460209	-0.30173590
0.59747373	12.28028730	-0.26233254	0.59754882	12.28016042	-0.26227034
0.72355257	12.21581947	-0.33762597	0.72362992	12.21575224	-0.33758346
0.60082905	12.48706367	-1.25184932	0.60089138	12.48711984	-1.25185778
0.60690510	12.53448626	-1.24351975	0.60692579	12.53455730	-1.24349995
0.46265085	12.64934152	-1.16627416	0.46261158	12.64939296	-1.16622497
-0.00608247	12.70911052	-0.06416753	-0.00637567	12.70807281	-0.06375150
-0.15494717	12.77754896	-0.07148261	-0.15532631	12.77638259	-0.07101491
-0.14511669	12.90036258	-0.06882188	-0.14558032	12.89920206	-0.06828416
-0.00673051	12.86351134	-0.05335091	-0.00715539	12.86246083	-0.05285657
-0.29098206	12.82876281	-0.09613202	-0.29142006	12.82752625	-0.09562620
-0.27239648	12.92386074	-0.09986768	-0.27288869	12.92263763	-0.09930009
0.02617512	12.84351309	-0.61860372	0.02569418	12.84267856	-0.61814822
0.03229141	12.90884441	-0.60585933	0.03173957	12.90798454	-0.60534096
-0.04869736	12.91940335	-0.57830716	-0.04925217	12.91848752	-0.57777158
-0.05698571	12.85460568	-0.58237982	-0.05750180	12.85368585	-0.58187559
-0.14023508	12.92720937	-0.59546326	-0.14079127	12.92626597	-0.59491278
-0.15007907	12.86642707	-0.59434751	-0.15061469	12.86547795	-0.59381746
-0.03480900	12.41346463	-0.11883904	-0.03479339	12.41243846	-0.11857067
-0.17582674	12.63048352	-0.08948767	-0.17608195	12.62931956	-0.08909951
-0.02036080	12.53856154	-0.08833587	-0.02048535	12.53753790	-0.08800106
-0.32746650	12.62344768	-0.12834626	-0.32777660	12.62221494	-0.12796412
-0.31382466	12.71109580	-0.10814935	-0.31419276	12.70985565	-0.10771609
0.01627022	12.77726364	-0.63052253	0.01586651	12.77644773	-0.63012426
-0.07639971	12.78824974	-0.57957015	-0.07686888	12.78732770	-0.57909959
-0.09427695	12.76127536	-0.55951682	-0.09472802	12.76033287	-0.55906022
-0.17425625	12.80398297	-0.58236918	-0.17477746	12.80302434	-0.58186131
-0.38414903	12.99758730	-0.17273473	-0.38468362	12.99636862	-0.17211961
-0.37628128	13.04784346	-0.21840575	-0.37683784	13.04666082	-0.21775703
-0.49392915	12.99099519	-0.22944583	-0.49445007	12.98978012	-0.22882590
-0.47415311	13.03184708	-0.27034831	-0.47468833	13.03067346	-0.26969930
-0.45202187	13.06519620	-0.32053567	-0.45256941	13.06406397	-0.31986673
-0.36632401	13.08502061	-0.27749710	-0.36689942	13.08388101	-0.27683013
-0.26211306	13.03378392	-0.58940031	-0.26267504	13.03283956	-0.58878772
-0.24778312	12.98856849	-0.61440868	-0.24834108	12.98763500	-0.61382095
-0.28235710	13.07019814	-0.54892578	-0.28292242	13.06923466	-0.54829094
-0.37694348	13.06192979	-0.55756406	-0.37748399	13.06098851	-0.55691299
-0.36204823	13.03079303	-0.60249323	-0.36258146	13.02988359	-0.60186717
-0.35242226	12.99256397	-0.63641949	-0.35295577	12.99167910	-0.63582536
-0.24922459	12.94008924	-0.63031564	-0.24977486	12.93916184	-0.62975129
-0.35997323	12.95375778	-0.66130215	-0.36050679	12.95289469	-0.66073627
-0.37477248	12.91658973	-0.67556938	-0.37530625	12.91574851	-0.67503865
-0.26205688	12.89064861	-0.63495460	-0.26259977	12.88972947	-0.63441997
-0.53823852	12.88528925	-0.18911126	-0.53873009	12.88404004	-0.18857753
-0.55824225	12.76333532	-0.19497991	-0.55870433	12.76209961	-0.19454280
-0.63429877	12.80032536	-0.25254022	-0.63478506	12.79914589	-0.25207681
-0.61620793	12.89630870	-0.25146111	-0.61670610	12.89511874	-0.25091755
-0.56626857	12.65871737	-0.21256296	-0.56671821	12.65750854	-0.21219772
-0.64154031	12.71774973	-0.26471898	-0.64201573	12.71658513	-0.26433854
-0.68994807	12.78776793	-0.33465960	-0.69045728	12.78669429	-0.33420693
-0.68370784	12.84005725	-0.32870779	-0.68421703	12.83896851	-0.32821373
-0.66769267	12.90315804	-0.33010360	-0.66819919	12.90206198	-0.32955187
-0.45684583	12.64834973	-0.16440802	-0.45724291	12.64710845	-0.16403088
-0.44569115	12.74451434	-0.14518595	-0.44611936	12.74325552	-0.14474620
-0.42351490	12.86378529	-0.13658196	-0.42398651	12.86252811	-0.13605615
-0.47060756	12.93255270	-0.68650538	-0.47113607	12.93176195	-0.68595156
-0.47755182	12.90559291	-0.69719724	-0.47809524	12.90481044	-0.69666096
-0.38700927	12.88335749	-0.67756435	-0.38754638	12.88252512	-0.67706488
-0.55718850	12.93775533	-0.66657206	-0.55770901	12.93704239	-0.66602712
-0.56198262	12.91109503	-0.68144311	-0.56251836	12.91040215	-0.68092545
-0.39790837	12.86657979	-0.66723776	-0.39845036	12.86574458	-0.66675464
-0.28191396	12.84252708	-0.62725206	-0.28245620	12.84161308	-0.62674941
0.89785245	12.88537650	-0.90079563	0.89743485	12.88567353	-0.90045145
0.79765266	12.95218199	-0.88668147	0.79716386	12.95238818	-0.88630503
0.91424716	12.89970622	-0.81206623	0.91379826	12.89997996	-0.81171662
0.81892781	12.97201059	-0.78216257	0.81839818	12.97219365	-0.78177869
0.70823694	13.02739386	-0.74081175	0.70762119	13.02744392	-0.74039996
0.67864184	13.00332484	-0.86992295	0.67808668	13.00341554	-0.86951892
0.91528447	12.89580728	-0.72018824	0.91482877	12.89604377	-0.71984560
0.83597101	12.96320045	-0.67566465	0.83543458	12.96334655	-0.67529027
0.74124876	13.01550273	-0.61358509	0.74063997	13.01552456	-0.61318228
0.99992100	12.67209430	-0.98431636	0.99973204	12.67250010	-0.98404621
0.96190682	12.79361223	-0.93912669	0.96159084	12.79397633	-0.93882015
1.02294973	12.67252148	-0.87299625	1.02273825	12.67290150	-0.87273067
0.98161485	12.80294911	-0.84234190	0.98126800	12.80329235	-0.84203279
1.01423516	12.67147810	-0.75968868	1.01400455	12.67180051	-0.75943413
0.97564238	12.80243284	-0.74297631	0.97528441	12.80272812	-0.74267344
0.55827183	13.04847957	-0.82471157	0.55763915	13.04842221	-0.82427568
0.59489065	13.07402711	-0.67584528	0.59420474	13.07392446	-0.67539365
0.47076823	13.11218498	-0.59316978	0.47000571	13.11187207	-0.59266386
0.43376956	13.08578387	-0.74509304	0.43305483	13.08553338	-0.74459845
0.63478444	13.06285409	-0.53779667	0.63410406	13.06272703	-0.53736162
0.50943651	13.10314884	-0.45510702	0.50869622	13.10282142	-0.45462578
-0.38550764	13.07931044	-0.49964373	-0.38605832	13.07832328	-0.49897791
-0.46898497	13.06115400	-0.51226456	-0.46951077	13.06020617	-0.51159085
-0.44903345	13.04981315	-0.55462744	-0.44955553	13.04889753	-0.55397029
-0.39763637	13.08530912	-0.43660602	-0.39818843	13.08427265	-0.43593192
-0.49119406	13.06299182	-0.46777312	-0.49172095	13.06200660	-0.46709273
-0.57556180	13.03685027	-0.49699135	-0.57606720	13.03593484	-0.49631568
-0.53791152	13.03885402	-0.52951408	-0.53841832	13.03795969	-0.52884489
-0.50018133	13.03724559	-0.55569947	-0.50068846	13.03635750	-0.55503982
-0.42316352	13.08184629	-0.37642174	-0.42372112	13.08076227	-0.37574694
-0.50505409	13.05869902	-0.41643766	-0.50558221	13.05766836	-0.41575951
-0.52003449	13.04412438	-0.36558270	-0.52056403	13.04304612	-0.36491405
-0.56559696	13.02728325	-0.39793749	-0.56611286	13.02624461	-0.39727079
-0.57743099	13.03252113	-0.44652357	-0.57794630	13.03154449	-0.44585059
-0.02017167	13.12836799	-0.43454479	-0.02086254	13.12743651	-0.43392946
-0.11169328	13.11603947	-0.44707974	-0.11234419	13.11506120	-0.44644693
-0.02953582	13.14995623	-0.33925237	-0.03022177	13.14900738	-0.33862962
-0.13258672	13.13376149	-0.36054983	-0.13324019	13.13274560	-0.35990102
-0.23356419	13.11673111	-0.39166905	-0.23417703	13.11569449	-0.39100775
-0.20749861	13.10325214	-0.47007869	-0.20810902	13.10226146	-0.46943576
-0.03012322	13.15174884	-0.25208093	-0.03080149	13.15076850	-0.25144639
-0.14393556	13.13713859	-0.27675426	-0.14458056	13.13608288	-0.27609684
-0.25343008	13.11899728	-0.31213252	-0.25404396	13.11791256	-0.31145937
0.99132763	11.97575614	-1.05870853	0.99173560	11.97616438	-1.05871610
1.01371981	12.12069937	-1.05668553	1.01402541	12.12112261	-1.05662167
0.99371024	11.93074460	-0.95329879	0.99408642	11.93110749	-0.95332450
1.01959223	12.07737881	-0.94247458	1.01987350	12.07775199	-0.94242313
1.03851571	12.29512881	-0.92685677	1.03864249	12.29552193	-0.92672245
1.02718111	12.32984858	-1.04273546	1.02731701	12.33028516	-1.04258814
0.97498478	11.91411493	-0.83433038	0.97532338	11.91441256	-0.83436073
1.00291552	12.06202904	-0.81904022	1.00316121	12.06233324	-0.81899911
1.02473370	12.28397018	-0.80252837	1.02483343	12.28429176	-0.80240803
1.02243245	12.51564704	-1.01821353	1.02239420	12.51607913	-1.01800159
1.04106629	12.49805003	-0.90308083	1.04101717	12.49844947	-0.90288155
1.02978432	12.49250333	-0.78182962	1.02971520	12.49283954	-0.78164500
-0.64325091	12.93242083	-0.61420336	-0.64379103	12.93178507	-0.61365847
-0.65005976	12.90267745	-0.62624566	-0.65062247	12.90208470	-0.62575606
-0.70108183	12.92194885	-0.53438341	-0.70162771	12.92119490	-0.53382417
-0.71156300	12.88578728	-0.54049747	-0.71213004	12.88506393	-0.54000911
-0.65189383	12.87928412	-0.62772327	-0.65247523	12.87869968	-0.62727526
-0.70275914	12.91193558	-0.43215472	-0.70328417	12.91098902	-0.43160545
-0.71623822	12.86683349	-0.43318374	-0.71677155	12.86589321	-0.43269009
-0.71919712	12.83113671	-0.43499101	-0.71974439	12.83020809	-0.43454968
-0.29864720	13.09216375	-0.48660172	-0.29921944	13.09116485	-0.48595073
-0.31691031	13.10192297	-0.41423111	-0.31749407	13.10088239	-0.41357052
-0.34298876	13.10126543	-0.34372482	-0.34356992	13.10017232	-0.34305315
-0.59604756	12.94871786	-0.26409232	-0.59654742	12.94753669	-0.26349764
-0.51573805	12.95157904	-0.20148577	-0.51624471	12.95033903	-0.20089516
-0.65003946	12.94336106	-0.33926110	-0.65054568	12.94226829	-0.33867237
-0.62685431	12.97297293	-0.35606300	-0.62736412	12.97189407	-0.35544802
-0.57294743	12.98074498	-0.28834626	-0.57345754	12.97958987	-0.28772594
-0.40123938	12.94217510	-0.14573260	-0.40174644	12.94093104	-0.14515181
-0.45751660	12.96346979	-0.66801393	-0.45803676	12.96265325	-0.66743392
-0.44557763	12.99565020	-0.63969297	-0.44609281	12.99480645	-0.63909096
-0.52971354	12.99479520	-0.62261941	-0.53022157	12.99400442	-0.62200561
-0.54567378	12.96649386	-0.64867292	-0.54618565	12.96574763	-0.64809135
-0.65969777	12.97905702	-0.52258143	-0.66021611	12.97824340	-0.52194337
-0.68404968	12.95161158	-0.52896077	-0.68458214	12.95083308	-0.52835833
-0.62945037	12.96065132	-0.60133075	-0.62997088	12.95996576	-0.60074081
-0.60854042	12.98775077	-0.58344092	-0.60905020	12.98700520	-0.58281414
-0.62760278	13.00818090	-0.51359496	-0.62811446	13.00732910	-0.51293081
-0.58123117	13.01401808	-0.55638326	-0.58173948	13.01320161	-0.55573064
-0.51151279	13.02034749	-0.58323591	-0.51201891	13.01949945	-0.58259611
-0.68528726	12.94512864	-0.43466130	-0.68580401	12.94417937	-0.43406550
-0.66089632	12.97322052	-0.44052305	-0.66140597	12.97226893	-0.43989056
-0.59458631	13.00408248	-0.38034593	-0.59509969	13.00302649	-0.37969968
-0.62714365	13.00330513	-0.44951050	-0.62765335	13.00235460	-0.44885157
-0.54517035	13.01537016	-0.32253315	-0.54569472	13.01424783	-0.32188701
-0.44199685	13.02621578	-0.59950559	-0.44251329	13.02534117	-0.59887394
0.18001815	13.11848785	-0.18379787	0.17933913	13.11766972	-0.18322814
0.15036552	13.15706168	-0.26909689	0.14964208	13.15623890	-0.26851584
0.17803958	13.14497833	-0.28380004	0.17731811	13.14418224	-0.28322660
0.21197599	13.10520045	-0.19536338	0.21130233	13.10441541	-0.19481377
0.12996304	13.16397803	-0.36420479	0.12921048	13.16315537	-0.36361479
0.15601299	13.15267143	-0.38109622	0.15525843	13.15187196	-0.38051637
0.18259595	13.13607196	-0.29380239	0.18187903	13.13528157	-0.29323367
0.21635497	13.09680359	-0.20176570	0.21568823	13.09602455	-0.20122307
0.18921978	13.14378854	-0.29487013	0.18848930	13.14300485	-0.29429966
0.22173478	13.10331182	-0.19663835	0.22105738	13.10253699	-0.19609394
0.17002247	13.15077631	-0.39820813	0.16925968	13.14999139	-0.39763418
0.21391365	13.15662806	-0.42413099	0.21312694	13.15589035	-0.42356760
0.23559037	13.14916564	-0.31276127	0.23484519	13.14844378	-0.31221019
0.26760733	13.10671056	-0.20745144	0.26692363	13.10599699	-0.20692368
0.25573408	12.93206048	-0.06374847	0.25526002	12.93129615	-0.06328032
0.21866763	13.04842105	-0.10920880	0.21807085	13.04762685	-0.10867851
0.25484222	13.03568773	-0.12061266	0.25425674	13.03493870	-0.12009935
0.29528654	12.91880830	-0.07686908	0.29482557	12.91808937	-0.07641728
0.26507393	13.03370971	-0.12110122	0.26448769	13.03297363	-0.12059210
0.30649273	12.91693275	-0.08026902	0.30603333	12.91622777	-0.07982040
0.31027180	13.03226983	-0.12845075	0.30968651	13.03158586	-0.12795738
0.35029375	12.90921933	-0.08621003	0.34984169	12.90856681	-0.08577579
0.37612483	12.72046309	-0.09046000	0.37586546	12.71987332	-0.09012431
0.33603376	12.73406741	-0.08600956	0.33575785	12.73342649	-0.08565651
0.39411856	12.52529993	-0.12136375	0.39404584	12.52480369	-0.12113415
0.35653011	12.54929027	-0.11665970	0.35643263	12.54873978	-0.11640936
0.32463882	12.73623974	-0.08128383	0.32435946	12.73558493	-0.08092749
0.34433772	12.55205881	-0.11174468	0.34423743	12.55148896	-0.11148865
0.29864891	12.56573049	-0.09366212	0.29853231	12.56508917	-0.09338706
0.28255980	12.75354538	-0.06527510	0.28226211	12.75282917	-0.06490264
0.26563112	12.78254289	-0.91884785	0.26536369	12.78228633	-0.91862504
0.25552225	12.85259620	-0.89374566	0.25514117	12.85229105	-0.89343614
0.23637367	12.85815006	-0.83461147	0.23596124	12.85777290	-0.83427464
0.24729908	12.79746036	-0.85847253	0.24697752	12.79712293	-0.85820523
0.24000204	12.92438155	-0.84315356	0.23950512	12.92400295	-0.84274737
0.22023118	12.92255492	-0.78741700	0.21971332	12.92209651	-0.78698506
0.22675717	12.91812869	-0.76960063	0.22623853	12.91766259	-0.76916576
0.24818129	12.80321932	-0.83768600	0.24784022	12.80286719	-0.83740054
0.22006809	12.85847078	-0.82014483	0.21963662	12.85806965	-0.81977806
0.22515848	12.80123667	-0.84326572	0.22481673	12.80086435	-0.84296072
0.20918800	12.92200148	-0.77760804	0.20865790	12.92152429	-0.77715605
0.16859119	12.93403371	-0.76293085	0.16803774	12.93348501	-0.76244424
0.17653396	12.86689046	-0.80166574	0.17607905	12.86641182	-0.80126801
0.17871864	12.80334201	-0.82288074	0.17836137	12.80289416	-0.82255468
0.27067635	12.71254689	-0.94412752	0.27052163	12.71232345	-0.94398017
0.25509938	12.73639092	-0.88280425	0.25487662	12.73609822	-0.88260208
0.25683551	12.75190927	-0.86040187	0.25657207	12.75159807	-0.86017202
0.27462033	12.71554339	-0.87371164	0.27441773	12.71527176	-0.87352904
0.23416772	12.74364308	-0.87022458	0.23391163	12.74331517	-0.86999084
0.18546831	12.73582233	-0.85258442	0.18521015	12.73542008	-0.85233179
0.28292829	12.32631834	-0.16174988	0.28309086	12.32574875	-0.16160775
0.30022666	12.42289191	-0.12798921	0.30024619	12.42231803	-0.12779845
0.34803459	12.42135924	-0.14438018	0.34805213	12.42087514	-0.14420500
0.33359601	12.35196448	-0.17704890	0.33369489	12.35152171	-0.17691991
0.35201405	12.43396585	-0.15165151	0.35201682	12.43348785	-0.15147161
0.36177615	12.41441009	-0.14946546	0.36179868	12.41395289	-0.14929683
0.34793439	12.34659259	-0.18352187	0.34797576	12.34621445	-0.18338787
0.39898307	12.38128579	-0.15799893	0.39903677	12.38090653	-0.15784818
0.11919839	13.13870381	-0.46939779	0.11845688	13.13788636	-0.46881502
0.14906497	13.12539145	-0.48339180	0.14832161	13.12459169	-0.48281440
0.12264472	13.08638905	-0.57745314	0.12192982	13.08557904	-0.57686283
0.15784073	13.07113369	-0.58810008	0.15712301	13.07036412	-0.58751942
0.16105086	13.11408601	-0.49011271	0.16031181	13.11329788	-0.48953931
0.16682324	13.12050958	-0.49024117	0.16607295	13.11972668	-0.48967052
0.17684507	13.06448401	-0.58427566	0.17612276	13.06373806	-0.58370172
0.20291818	13.07005998	-0.62354668	0.20217480	13.06938435	-0.62297156
0.20215720	13.12635671	-0.52267536	0.20137760	13.12562223	-0.52210661
0.21884097	12.99995429	-0.74188930	0.21820016	12.99942730	-0.74137603
0.19737891	12.99490653	-0.69378500	0.19673478	12.99429378	-0.69325319
0.18303487	12.99795911	-0.69330524	0.18238535	12.99732258	-0.69276036
0.14478350	13.01260722	-0.68201681	0.14412253	13.01190528	-0.68145123
0.39323312	13.08928684	-0.26107287	0.39255156	13.08873999	-0.26058571
0.42875219	13.00883340	-0.17735457	0.42817787	13.00830607	-0.17690514
0.45755969	12.87821747	-0.13126072	0.45713633	12.87771873	-0.13086873
0.31163000	12.99001249	-0.86062630	0.31105308	12.98971938	-0.86019098
0.33580188	12.91227154	-0.95005724	0.33536542	12.91209605	-0.94971503
0.29332524	13.05906449	-0.74839500	0.29261429	13.05864766	-0.74788003
0.13556909	12.95959531	-0.05849712	0.13506309	12.95869737	-0.05798101
0.11359540	13.06378434	-0.10304624	0.11298866	13.06287719	-0.10248047
0.09201179	13.12728606	-0.17308077	0.09133841	13.12638499	-0.17248437
0.08702565	13.02602380	-0.62286616	0.08637435	13.02521421	-0.62228240
0.06696371	13.09140727	-0.54504682	0.06626746	13.09055777	-0.54445541
0.10616771	12.95404163	-0.67718419	0.10557316	12.95330175	-0.67664532
0.47254177	12.68324243	-0.13148364	0.47232247	12.68279365	-0.13119392
0.48243409	12.47441081	-0.16033156	0.48241164	12.47405652	-0.16014264
0.34515033	12.83159244	-1.00328515	0.34485263	12.83148916	-1.00305162
0.34624837	12.75659646	-1.03262801	0.34605282	12.75652280	-1.03246726
0.48375539	12.33720966	-0.19885885	0.48383198	12.33696776	-0.19875999
0.34521837	12.69665855	-1.05159963	0.34512136	12.69660484	-1.05151057
0.15786218	12.46989993	-0.10448937	0.15782782	12.46910075	-0.10423204
0.16346956	12.62593896	-0.07491580	0.16328350	12.62511503	-0.07458249
0.10857087	12.75336939	-0.74748255	0.10825360	12.75276675	-0.74716499
0.10863474	12.82199326	-0.72366661	0.10822212	12.82135219	-0.72327507
0.15409257	12.80515746	-0.05409374	0.15373322	12.80429357	-0.05366444
0.11063410	12.88741935	-0.70555972	0.11013077	12.88674514	-0.70509942
0.32887724	13.14178995	-0.49925573	0.32806904	13.14123432	-0.49871944
0.30291255	13.11329154	-0.62605534	0.30212232	13.11277719	-0.62550346
0.35945010	13.13361901	-0.37317168	0.35868755	13.13305807	-0.37265832
0.06302773	13.16167377	-0.34530826	0.06229954	13.16079677	-0.34470258
0.05974055	13.13778909	-0.44743081	0.05902149	13.13692080	-0.44683407
0.07447329	13.15887005	-0.25389449	0.07376626	13.15797248	-0.25328572
0.88229818	11.96649086	-0.58463780	0.88242731	11.96661156	-0.58467095
0.81676000	12.01719950	-0.47386000	0.81676000	12.01719950	-0.47386000
0.92293350	11.93883825	-0.71353474	0.92317833	11.93903825	-0.71357091
0.91036237	12.00532897	-0.71833318	0.91058629	12.00552542	-0.71834982
0.87464003	12.05201252	-0.63185324	0.87479567	12.05214778	-0.63185957
0.80623163	12.11446005	-0.52874436	0.80633246	12.11449986	-0.52872818
0.95636523	11.93150191	-0.83784600	0.95669672	11.93178924	-0.83787920
0.97567515	11.94762579	-0.94923239	0.97603971	11.94797540	-0.94925735
0.94358061	12.06558026	-0.93246396	0.94386452	12.06589791	-0.93244840
0.92922189	12.03515544	-0.81483046	0.92947908	12.03541630	-0.81483060
0.97490469	11.99002497	-1.04240493	0.97529495	11.99041495	-1.04241406
0.94022286	12.06478512	-1.12928171	0.94059575	12.06517844	-1.12926732
0.91701242	12.12743371	-1.10683474	0.91733412	12.12780353	-1.10680249
0.94089863	12.10058224	-1.03029433	0.94120665	12.10093976	-1.03026415
0.85946806	12.18286915	-1.22033928	0.85979634	12.18322890	-1.22030314
0.74286044	12.33360150	-1.27094467	0.74309744	12.33384286	-1.27090483
0.74676087	12.36183709	-1.19917479	0.74693959	12.36206276	-1.19911923
0.85755410	12.22870458	-1.15762470	0.85782370	12.22904117	-1.15757270
0.60128152	12.48314168	-1.23773496	0.60133996	12.48319236	-1.23774581
0.47106917	12.61379640	-1.15265415	0.47105212	12.61382904	-1.15262743
0.49420000	12.61570000	-1.07906000	0.49420000	12.61570000	-1.07906000
0.61447000	12.50220000	-1.16283000	0.61447000	12.50220000	-1.16283000
0.38290319	12.64725800	-1.04966450	0.38287462	12.64724182	-1.04963159
0.33199713	12.64725517	-0.95678078	0.33195174	12.64713617	-0.95673488
0.37140000	12.64100070	-0.89641000	0.37140000	12.64100070	-0.89641000
0.41679000	12.64250090	-0.98287004	0.41679000	12.64250090	-0.98287004
0.31381714	12.67871100	-0.89715189	0.31368937	12.67851934	-0.89703969
0.30968488	12.70609683	-0.86957937	0.30949641	12.70586858	-0.86941784
0.33797664	12.69383521	-0.81233960	0.33777519	12.69358632	-0.81216856
0.34722197	12.66893957	-0.84013543	0.34707835	12.66875658	-0.84002351
0.30070901	12.69336158	-0.87347949	0.30053113	12.69312599	-0.87331721
0.25761204	12.68298971	-0.84397399	0.25742781	12.68267788	-0.84379431
0.29786255	12.68010846	-0.77453802	0.29766320	12.67978621	-0.77435747
0.33684198	12.68242567	-0.81101873	0.33664966	12.68217451	-0.81085017
0.15113783	12.71782461	-0.71555282	0.15086195	12.71724671	-0.71527725
0.01889128	12.77097443	-0.57474719	0.01848018	12.77011325	-0.57434235
0.02287749	12.80855425	-0.49770976	0.02240024	12.80763200	-0.49724663
0.17505993	12.73283317	-0.64014677	0.17474496	12.73220899	-0.63983950
-0.09794024	12.81396367	-0.51188951	-0.09843249	12.81299386	-0.51139825
-0.20541310	12.84611858	-0.51599292	-0.20594510	12.84512638	-0.51547249
-0.20869539	12.91456317	-0.45559512	-0.20923967	12.91354615	-0.45504658
-0.09998053	12.87344590	-0.44174041	-0.10050467	12.87245569	-0.44122051
-0.31044298	12.86693333	-0.57606365	-0.31099259	12.86598628	-0.57554924
-0.40885088	12.87860868	-0.64400085	-0.40939555	12.87775152	-0.64350279
-0.42550308	12.90617065	-0.59212968	-0.42605202	12.90527063	-0.59160395
-0.31984883	12.91995166	-0.52092688	-0.32039622	12.91896911	-0.52037570
-0.49684805	12.88215552	-0.67209980	-0.49740739	12.88137189	-0.67158685
-0.57656474	12.87877369	-0.66038848	-0.57714565	12.87808664	-0.65991047
-0.57580878	12.88109419	-0.62500513	-0.57638899	12.88036885	-0.62452736
-0.51923346	12.88976881	-0.62385785	-0.51979417	12.88897220	-0.62334979
-0.65071385	12.87042841	-0.60891512	-0.65130086	12.86981141	-0.60848054
-0.69997240	12.85384117	-0.52946461	-0.70055416	12.85309272	-0.52904878
-0.66290853	12.86989767	-0.50110421	-0.66347430	12.86905751	-0.50063517
-0.62549162	12.87947640	-0.57788517	-0.62607173	12.87875611	-0.57742097
-0.70502261	12.82622448	-0.43430163	-0.70557102	12.82528832	-0.43386502
-0.67823017	12.77908486	-0.34461810	-0.67874079	12.77802033	-0.34417456
-0.65661693	12.78570259	-0.35749418	-0.65713267	12.78464650	-0.35705075
-0.66881881	12.83246033	-0.41763081	-0.66935890	12.83148337	-0.41717519
-0.63155169	12.70448830	-0.28162090	-0.63202255	12.70334334	-0.28125498
-0.55815104	12.64386535	-0.23291352	-0.55860627	12.64267572	-0.23255626
-0.54050241	12.70317292	-0.26402496	-0.54096063	12.70200378	-0.26362555
-0.61652266	12.74676113	-0.31396274	-0.61701426	12.74564742	-0.31355214
-0.45130328	12.63878173	-0.18526396	-0.45170132	12.63755900	-0.18489126
-0.32410419	12.61804650	-0.14899740	-0.32440989	12.61682683	-0.14861402
-0.30628901	12.67173372	-0.17781826	-0.30663803	12.67053920	-0.17740167
-0.43235745	12.69630147	-0.21499318	-0.43277129	12.69509851	-0.21457897
-0.18700234	12.51368290	-0.13536252	-0.18713337	12.51253467	-0.13502636
-0.03789239	12.39816366	-0.14261089	-0.03785933	12.39714405	-0.14234990
-0.03561998	12.46786911	-0.17368997	-0.03567726	12.46686958	-0.17338743
-0.17552643	12.57638522	-0.16419625	-0.17573192	12.57525928	-0.16382572
0.12356100	12.33828380	-0.16301972	0.12368527	12.33746688	-0.16281443
0.25217168	12.32025078	-0.18842325	0.25233267	12.31964710	-0.18827466
0.23143168	12.37991378	-0.24043985	0.23147516	12.37930479	-0.24025372
0.11367177	12.40556073	-0.20440504	0.11369452	12.40475405	-0.20416656
0.30200823	12.35478144	-0.20977218	0.30208910	12.35429844	-0.20963390
0.28717720	12.43850783	-0.27911021	0.28714077	12.43800331	-0.27892905
0.27914165	12.41068764	-0.26521566	0.27913875	12.41016904	-0.26504231
0.31337227	12.34535925	-0.22249817	0.31337602	12.34499307	-0.22237886
0.34620000	12.27620000	-0.23202000	0.34620000	12.27620000	-0.23202000
0.31930366	12.33230041	-0.29052128	0.31931556	12.33197645	-0.29047022
0.28633521	12.39703328	-0.28033955	0.28632105	12.39657129	-0.28020005
0.44425997	12.21770000	-0.27141000	0.44425997	12.21770000	-0.27141000
0.57587000	12.16340070	-0.32883000	0.57587000	12.16340070	-0.32883000
0.56965168	12.24268972	-0.38285492	0.56972663	12.24259039	-0.38282918
0.42772838	12.28562854	-0.32779253	0.42779232	12.28544975	-0.32775330
0.70622003	12.08180000	-0.39380000	0.70622003	12.08180000	-0.39380000
0.70016689	12.18109775	-0.44752526	0.70025766	12.18106014	-0.44750512
0.76340714	12.39406013	-1.04822506	0.76349735	12.39427916	-1.04814371
0.86583672	12.24550965	-1.04714077	0.86604577	12.24581529	-1.04707980
0.78271036	12.37739194	-0.86008065	0.78275059	12.37755591	-0.85999334
0.87492988	12.22397540	-0.90667933	0.87510376	12.22423327	-0.90662429
0.79550819	12.26273120	-0.67243151	0.79559248	12.26282741	-0.67237710
0.87479699	12.15002083	-0.75456826	0.87496834	12.15021314	-0.75453621
0.53313785	12.60816640	-0.90267408	0.53302250	12.60815492	-0.90256163
0.64671980	12.52248966	-0.99043872	0.64667570	12.52257270	-0.99036270
0.56443637	12.53839982	-0.69111954	0.56432016	12.53830845	-0.69098674
0.67749402	12.47882973	-0.78098946	0.67743295	12.47887461	-0.78087606
0.57054205	12.38623990	-0.51087138	0.57055095	12.38610937	-0.51078758
0.69232905	12.34020171	-0.58899012	0.69235537	12.34019151	-0.58892071
-0.21947676	12.90962626	-0.37077477	-0.22000069	12.90857210	-0.37022590
-0.11358710	12.86647997	-0.35496426	-0.11409070	12.86546540	-0.35444530
-0.24092111	12.85157669	-0.28431456	-0.24139487	12.85047024	-0.28379151
-0.13414118	12.80195407	-0.27089892	-0.13456967	12.80089701	-0.27041167
-0.01676358	12.73463473	-0.30636316	-0.01712845	12.73367768	-0.30592217
0.00618207	12.80067613	-0.40185530	0.00572301	12.79971895	-0.40138254
-0.27449592	12.76103390	-0.22165164	-0.27490945	12.75987607	-0.22118318
-0.15660230	12.68842028	-0.20878804	-0.15692481	12.68732678	-0.20836170
-0.02953603	12.60245875	-0.22970901	-0.02974975	12.60147916	-0.22933800
-0.55525825	12.90973614	-0.54263343	-0.55581912	12.90887948	-0.54211134
-0.58928933	12.90304605	-0.45090646	-0.58982735	12.90207632	-0.45037777
-0.48708677	12.92309929	-0.38950758	-0.48761064	12.92202873	-0.38895142
-0.45387264	12.93626450	-0.49506694	-0.45441723	12.93528571	-0.49450933
-0.60568487	12.83067861	-0.37198685	-0.60620554	12.82961869	-0.37151401
-0.51668177	12.82081916	-0.31337547	-0.51717435	12.81968679	-0.31289562
-0.33786498	12.93463046	-0.42708521	-0.33840140	12.93358309	-0.42651556
-0.36467395	12.89901527	-0.32849846	-0.36518200	12.89789547	-0.32794763
-0.40010875	12.80130525	-0.26001405	-0.40056651	12.80013991	-0.25952820
0.29268992	12.63812330	-0.65063946	0.29248228	12.63768776	-0.65043507
0.33447045	12.63500883	-0.67417475	0.33426896	12.63464221	-0.67399223
0.26650024	12.57083250	-0.50062681	0.26634314	12.57030369	-0.50039489
0.31289880	12.57009914	-0.51062076	0.31274420	12.56964251	-0.51039980
0.31693708	12.58810990	-0.49505695	0.31676088	12.58765200	-0.49483639
0.33540149	12.64928891	-0.66575650	0.33518498	12.64891631	-0.66556466
0.34263053	12.63185649	-0.68842514	0.34243347	12.63150828	-0.68825153
0.31939368	12.57394341	-0.50992358	0.31923046	12.57349986	-0.50971739
0.35182802	12.55437742	-0.55063130	0.35168843	12.55399081	-0.55045238
0.37206228	12.61341904	-0.73900918	0.37189661	12.61313217	-0.73886388
0.32693944	12.43961044	-0.39850788	0.32689392	12.43920181	-0.39836823
0.29448325	12.48622871	-0.37508967	0.29440225	12.48574696	-0.37490177
0.28875607	12.49025008	-0.37012232	0.28867248	12.48974047	-0.36991195
0.24127669	12.47584390	-0.35391447	0.24120479	12.47527639	-0.35370349
0.44507619	12.55329910	-0.61262635	0.44494676	12.55304720	-0.61246857
0.43834555	12.62131590	-0.81463680	0.43819839	12.62117302	-0.81451503
0.43369896	12.41156611	-0.44568405	0.43368646	12.41130877	-0.44558632
0.13695875	12.63818102	-0.40848391	0.13671300	12.63742960	-0.40815049
0.16311139	12.70859798	-0.53089924	0.16278731	12.70786655	-0.53056533
0.11867722	12.52106729	-0.29280948	0.11855525	12.52029996	-0.29252140
0.16232284	13.14316208	-0.39331486	0.16157099	13.14236846	-0.39273967
0.25823637	13.02939719	-0.12774638	0.25765503	13.02865541	-0.12723646
0.29775108	12.91542294	-0.08624494	0.29729169	12.91471218	-0.08579548
0.32716688	12.73555535	-0.09177131	0.32688631	12.73490822	-0.09141881
0.34754600	12.55637015	-0.12161370	0.34744004	12.55581010	-0.12135710
0.24039395	12.85730862	-0.81371368	0.23997197	12.85691573	-0.81336720
0.33886952	12.37409039	-0.18434368	0.33891911	12.37366429	-0.18420016
0.17508207	13.05926225	-0.58705329	0.17436767	13.05851244	-0.58647972
0.20086727	12.98969980	-0.68712738	0.20022788	12.98908426	-0.68659706
0.89658015	11.96118473	-0.57117910	0.89670058	11.96130399	-0.57120688
0.82720261	12.01967907	-0.45665522	0.82719648	12.01967331	-0.45665310
0.94033080	11.92454248	-0.70492007	0.94057465	11.92474617	-0.70495106
0.74634384	12.33222290	-1.28644406	0.74659022	12.33247150	-1.28640351
0.46144443	12.61962459	-1.16628707	0.46142522	12.61966640	-1.16625822
0.35355903	12.65789472	-1.05818632	0.35350805	12.65785456	-1.05813242
0.28732408	12.66127581	-0.95995078	0.28725903	12.66109417	-0.95987680
0.27294501	12.69112244	-0.89861743	0.27279419	12.69087301	-0.89848134
0.25632807	12.70218965	-0.88531896	0.25614493	12.70187375	-0.88511105
0.20809275	12.68791793	-0.86728886	0.20789726	12.68756275	-0.86708942
0.11961447	12.70931519	-0.75276744	0.11935702	12.70873593	-0.75249791
0.01103825	12.74226967	-0.62238929	0.01066802	12.74144953	-0.62202023
-0.19775012	12.78294313	-0.55692581	-0.19827347	12.78197071	-0.55642942
-0.30075908	12.82487155	-0.60728321	-0.30130921	12.82395142	-0.60679857
-0.48424002	12.88729074	-0.69431980	-0.48479206	12.88651012	-0.69379591
-0.56643117	12.89020539	-0.68285646	-0.56699106	12.88952146	-0.68236083
-0.71226634	12.85819985	-0.54097399	-0.71284829	12.85748907	-0.54055746
-0.18917130	12.52338604	-0.11332463	-0.18931424	12.52222471	-0.11298542
0.14129354	12.35401744	-0.13835897	0.14140329	12.35321596	-0.13815473
0.30941050	12.38263408	-0.22233298	0.30943345	12.38217708	-0.22218809
0.38325336	12.29337233	-0.19496877	0.38328128	12.29317805	-0.19489720
0.46933401	12.23699249	-0.23863281	0.46938288	12.23688718	-0.23856838
0.71412704	12.09175080	-0.37177402	0.71413217	12.09173952	-0.37177059
0.29535235	12.51337978	-0.36822177	0.29524813	12.51288214	-0.36801449
0.58351916	12.77729338	-0.54045203	0.58316712	12.77713296	-0.54018281
0.30405054	12.98772508	-0.52880731	0.30341436	12.98714305	-0.52833271
0.03306854	12.99308271	-0.26123812	0.03249178	12.99214895	-0.26068148
0.10145413	13.07568747	-0.30628002	0.10079679	13.07482247	-0.30571302
0.31886126	12.86706437	-0.29307592	0.31842109	12.86644743	-0.29265612
0.02989709	12.96557023	-0.41964573	0.02930387	12.96464163	-0.41908803
0.12326833	13.04346010	-0.41573325	0.12260774	13.04261777	-0.41517646
0.36629711	12.82266995	-0.69257863	0.36588942	12.82233841	-0.69225973
0.15768086	13.02717576	-0.17778661	0.15708973	13.02634235	-0.17724839
0.22007024	12.81395374	-0.79287188	0.21969730	12.81352364	-0.79254804
0.32956722	12.75705376	-0.53022202	0.32921810	12.75656526	-0.52992002
0.32827000	12.88615465	-0.84048984	0.32782426	12.88588294	-0.84014068
0.39437031	12.43522335	-0.24488208	0.39436016	12.43486831	-0.24472575
0.24475207	13.04497376	-0.44495149	0.24406716	13.04426016	-0.44442658
0.47632843	12.68430408	-0.66692358	0.47606931	12.68409377	-0.66671488
0.69792277	12.74946707	-0.77168474	0.69762395	12.74953086	-0.77144284
0.32719682	12.93834297	-0.19873011	0.32669459	12.93770560	-0.19828074
-0.42770856	12.90878198	-0.24331080	-0.42821005	12.90758992	-0.24275318
0.15337167	13.07968100	-0.24708401	0.15271738	13.07885324	-0.24652827
0.32326468	12.94537759	-0.68660824	0.32269880	12.94496887	-0.68618346
-0.51471038	12.90865934	-0.28370751	-0.51521394	12.90749194	-0.28315600
0.22846866	13.02979219	-0.32677584	0.22784324	13.02905809	-0.32626225
0.29025757	12.45828713	-0.20038505	0.29021858	12.45773746	-0.20018079
0.11929202	13.09691604	-0.36831459	0.11859954	13.09607387	-0.36774458
0.21009589	13.07544819	-0.48713249	0.20938055	13.07470308	-0.48658458
0.25473303	12.61124380	-0.24406843	0.25454239	12.61061061	-0.24377337
0.16757264	12.93516201	-0.50678304	0.16695567	12.93427925	-0.50618249
0.27725388	12.89022775	-0.83040973	0.27679706	12.88988468	-0.83004254
0.28412015	12.83956682	-0.83379731	0.28372945	12.83924674	-0.83348535
0.23093493	13.02015563	-0.54289239	0.23025359	13.01945017	-0.54235587
0.37617911	12.79803324	-0.19681009	0.37582358	12.79747319	-0.19643816
0.49808972	12.59149292	-0.43230126	0.49792644	12.59122980	-0.43210983
0.30537006	12.76026279	-0.88675655	0.30512058	12.76003512	-0.88654942
0.16100965	12.96284765	-0.64217239	0.16039714	12.96211772	-0.64161843
0.39146736	12.37515922	-0.22187009	0.39151688	12.37484984	-0.22174676
0.35825201	12.48285236	-0.31184638	0.35818858	12.48243556	-0.31166548
0.19504083	12.86684729	-0.18545707	0.19460070	12.86608201	-0.18499997
0.38943896	12.72995787	-0.90932539	0.38925212	12.72986172	-0.90918038
0.29691332	12.79234028	-0.84803086	0.29659288	12.79205718	-0.84777456
0.14567013	13.11206531	-0.27937651	0.14498352	13.11123694	-0.27880857
0.41497723	12.60571217	-0.24661854	0.41481090	12.60528521	-0.24637046
0.21514134	12.85889214	-0.76945037	0.21469969	12.85842550	-0.76907710
0.42778223	12.71281135	-0.82635746	0.42755297	12.71265961	-0.82616797
0.82694007	12.74549653	-0.86695883	0.82665722	12.74570374	-0.86670246
0.56578810	12.79141297	-0.92637231	0.56550017	12.79144504	-0.92612866
0.34118951	12.68481092	-0.19804648	0.34094043	12.68424665	-0.19772746
0.25117529	12.76145433	-0.18032818	0.25084303	12.76076253	-0.17994591
