0.84334421	12.73971585	-0.41584240	0.84284817	12.73998485	-0.41562497
0.81141411	12.87755009	-0.44363858	0.81074708	12.87779547	-0.44340072
0.88875918	12.83821440	-0.54185165	0.88818752	12.83855097	-0.54158950
0.92355766	12.70547436	-0.52807951	0.92314661	12.70583705	-0.52783429
0.76691479	12.96789373	-0.50335748	0.76614980	12.96809722	-0.50311383
0.84846935	12.92384279	-0.58426095	0.84780715	12.92414573	-0.58399369
0.89909579	12.88228979	-0.64468470	0.89851849	12.88265584	-0.64440736
0.93894878	12.81304228	-0.63933633	0.93845463	12.81344590	-0.63905999
0.97550519	12.68441621	-0.64105848	0.97515886	12.68484717	-0.64079688
0.71305759	12.77084630	-1.16041460	0.71285443	12.77106410	-1.16026348
0.83579941	12.72230501	-1.13821431	0.83561909	12.72264566	-1.13801853
0.80194615	12.82804794	-1.06867926	0.80163141	12.82835552	-1.06846778
0.67919709	12.87240409	-1.08568957	0.67885488	12.87259919	-1.08551869
0.93711570	12.69011937	-1.07501768	0.93693802	12.69056300	-1.07478164
0.90158962	12.80038113	-1.01567413	0.90127325	12.80078333	-1.01542503
0.86030587	12.86798187	-0.96472386	0.85989611	12.86834100	-0.96447338
0.78086269	12.90765134	-0.98012358	0.78042159	12.90794123	-0.97989421
0.65801026	12.95159454	-0.98566182	0.65752554	12.95176763	-0.98546667
0.58613841	12.83086442	-0.20358624	0.58543245	12.83082203	-0.20344152
0.56425779	12.96731770	-0.25058585	0.56335675	12.96724095	-0.25042990
0.69974240	12.92322546	-0.34347955	0.69895920	12.92333450	-0.34327923
0.72462929	12.78412111	-0.30388061	0.72403288	12.78425198	-0.30369904
0.53142079	13.05320318	-0.33446328	0.53041659	13.05308525	-0.33430150
0.66132287	13.01311913	-0.41867155	0.66043577	13.01318626	-0.41846315
0.46045739	12.88142074	-1.05977919	0.46010079	12.88139779	-1.05968962
0.58848346	12.82968689	-1.13273697	0.58821830	12.82979265	-1.13262112
0.55506423	12.92129791	-1.05938723	0.55465575	12.92137279	-1.05924741
0.42905378	12.96251661	-0.98409177	0.42853929	12.96243289	-0.98397706
0.53200902	12.99456763	-0.95674471	0.53144172	12.99459221	-0.95657628
0.40537254	13.03010775	-0.88049030	0.40469492	13.02994714	-0.88035462
-0.02817003	12.96931218	-0.06080616	-0.02920399	12.96829378	-0.06086684
-0.15677922	12.97783056	-0.08273451	-0.15782696	12.97657705	-0.08284338
-0.16111794	13.05122498	-0.12920223	-0.16228721	13.04995690	-0.12932001
-0.03650895	13.05653294	-0.10462809	-0.03768577	13.05549541	-0.10469880
-0.27551307	12.97657673	-0.11890572	-0.27654996	12.97509093	-0.11905961
-0.27801188	13.03803567	-0.16726135	-0.27914948	13.03653811	-0.16742360
-0.28030175	13.07930739	-0.23273610	-0.28149904	13.07779609	-0.23290473
-0.16432118	13.09815924	-0.19533922	-0.16555567	13.09687837	-0.19546189
-0.04290135	13.11050139	-0.17046526	-0.04415355	13.10944465	-0.17054166
0.01722397	12.95691255	-0.58519820	0.01642036	12.95597164	-0.58523592
0.00065349	13.01898819	-0.55971476	-0.00026988	13.01801417	-0.55975850
-0.08043237	13.01900678	-0.54918793	-0.08138127	13.01787697	-0.54926965
-0.06484323	12.96321608	-0.56490742	-0.06567843	12.96212046	-0.56498112
-0.02041544	13.07226627	-0.51215617	-0.02146264	13.07123848	-0.51220634
-0.10315308	13.06471571	-0.51340492	-0.10420505	13.06353758	-0.51349685
-0.19646456	13.05540709	-0.52949539	-0.19751176	13.05403420	-0.52961894
-0.17287634	13.01501382	-0.56547183	-0.17382972	13.01369255	-0.56558282
-0.15695168	12.96423552	-0.58300675	-0.15779295	12.96295295	-0.58311100
0.98869628	12.29497501	-0.66905204	0.98875330	12.29538062	-0.66884619
0.97071743	12.07545729	-0.68620381	0.97095688	12.07582642	-0.68605174
0.91604413	12.09989638	-0.55128101	0.91614958	12.10013336	-0.55116277
0.92925316	12.30758243	-0.53450151	0.92924380	12.30788115	-0.53433612
0.83712148	12.14755530	-0.43047889	0.83715198	12.14766045	-0.43040456
0.84340445	12.33075837	-0.40948647	0.84335256	12.33095191	-0.40935518
0.98231296	12.38913892	-1.13820578	0.98248927	12.38964278	-1.13799214
0.88667423	12.44817598	-1.20763300	0.88680763	12.44857828	-1.20745772
0.88547774	12.28873920	-1.23329725	0.88581556	12.28914748	-1.23314224
0.97859647	12.19773688	-1.15452887	0.97899748	12.19823912	-1.15434216
0.75772149	12.52137993	-1.23717658	0.75775104	12.52160225	-1.23705954
0.75707790	12.40146528	-1.26922902	0.75729199	12.40170159	-1.26912431
0.87529964	12.18388378	-1.24178934	0.87576633	12.18428499	-1.24165785
0.96195923	12.06281825	-1.15354267	0.96250270	12.06330469	-1.15339342
0.99127828	12.50437237	-0.65341351	0.99112993	12.50480320	-0.65317947
0.93406116	12.51871596	-0.52721421	0.93385976	12.51906733	-0.52700255
0.84928638	12.54518894	-0.40545152	0.84903099	12.54544531	-0.40526879
0.86693517	12.59407445	-1.18025345	0.86688932	12.59443957	-1.18007309
0.96653917	12.55322323	-1.11383957	0.96652251	12.55370599	-1.11361273
0.74097115	12.64915650	-1.20562532	0.74088617	12.64937349	-1.20548550
0.59946791	12.41793905	-0.22352197	0.59934965	12.41792981	-0.22343493
0.59505730	12.63196508	-0.19985160	0.59463993	12.63194028	-0.19973794
0.72957967	12.58512731	-0.29421400	0.72925583	12.58525039	-0.29406243
0.72709678	12.37072226	-0.30662915	0.72701206	12.37080959	-0.30652979
0.46704342	12.70555211	-1.14958971	0.46695736	12.70555908	-1.14956383
0.61137519	12.61638793	-1.21819233	0.61134275	12.61644300	-1.21814328
0.60649254	12.72158460	-1.18376667	0.60637728	12.72168727	-1.18369215
0.46976586	12.78928902	-1.11475262	0.46955890	12.78929256	-1.11470259
0.58677073	12.17422184	-0.30157050	0.58677457	12.17421246	-0.30156255
0.59817467	12.27930287	-0.26139757	0.59817305	12.27929792	-0.26134629
0.72434799	12.21582572	-0.33687422	0.72435789	12.21587416	-0.33682013
0.60195777	12.48774245	-1.25198299	0.60203032	12.48776817	-1.25198784
0.60728145	12.53541796	-1.24330626	0.60730820	12.53545887	-1.24329662
0.46201419	12.64961882	-1.16575701	0.46198318	12.64961579	-1.16574083
-0.01263591	12.69184244	-0.06058706	-0.01317914	12.69085621	-0.06062989
-0.16307021	12.75650861	-0.06748623	-0.16371785	12.75524733	-0.06757519
-0.15629072	12.87954526	-0.06469217	-0.15716573	12.87829569	-0.06479238
-0.01707242	12.84611970	-0.04939508	-0.01788978	12.84512268	-0.04944355
-0.30028436	12.80431704	-0.09178557	-0.30100477	12.80278736	-0.09192188
-0.28407369	12.89987803	-0.09545653	-0.28497430	12.89837942	-0.09560255
0.01672395	12.82796215	-0.61537875	0.01616270	12.82704470	-0.61544402
0.02101194	12.89302491	-0.60200429	0.02032976	12.89209912	-0.60204696
-0.06042443	12.90155464	-0.57440999	-0.06113833	12.90047270	-0.57448398
-0.06712170	12.83666871	-0.57878496	-0.06771423	12.83557826	-0.57887101
-0.15242631	12.90707329	-0.59137518	-0.15315228	12.90580303	-0.59147915
-0.16068169	12.84610715	-0.59045019	-0.16128271	12.84482259	-0.59056247
-0.03416523	12.39571489	-0.11622441	-0.03419476	12.39468673	-0.11627510
-0.18035076	12.60894367	-0.08579895	-0.18072929	12.60764494	-0.08588392
-0.02282040	12.52107158	-0.08523243	-0.02306810	12.52006456	-0.08527654
-0.33174624	12.59811528	-0.12431178	-0.33206808	12.59651247	-0.12444657
-0.32023035	12.68608087	-0.10392130	-0.32072420	12.68450670	-0.10405123
0.00872814	12.76175572	-0.62794045	0.00829307	12.76083239	-0.62803015
-0.08482298	12.76995543	-0.57637477	-0.08528845	12.76882952	-0.57647840
-0.10201386	12.74245278	-0.55647295	-0.10242841	12.74128737	-0.55658615
-0.18327817	12.78308417	-0.57865919	-0.18375339	12.78175143	-0.57878309
-0.39767277	12.97085248	-0.16799695	-0.39868608	12.96911309	-0.16818663
-0.39111678	13.02132619	-0.21366318	-0.39221439	13.01959009	-0.21386060
-0.50731406	12.96159534	-0.22442567	-0.50829508	12.95962304	-0.22464824
-0.48862622	13.00293848	-0.26536068	-0.48967707	13.00099372	-0.26558683
-0.46741600	13.03684160	-0.31559694	-0.46851862	13.03492939	-0.31582349
-0.38217897	13.05876241	-0.27275871	-0.38333108	13.05703466	-0.27295754
-0.27716670	13.01038853	-0.58488399	-0.27811845	13.00884080	-0.58503554
-0.26173759	12.96560308	-0.60996791	-0.26258489	12.96408883	-0.61010992
-0.29825282	13.04621559	-0.54433657	-0.29929359	13.04462463	-0.54449994
-0.39271502	13.03547985	-0.55276648	-0.39374324	13.03366946	-0.55296471
-0.37715282	13.00474175	-0.59772962	-0.37810397	13.00295634	-0.59791563
-0.36667050	12.96676819	-0.63167844	-0.36752723	12.96499861	-0.63185050
-0.26197495	12.91714358	-0.62592609	-0.26271370	12.91562955	-0.62606413
-0.37327520	12.92779462	-0.65655655	-0.37403608	12.92600408	-0.65672245
-0.38719952	12.89022417	-0.67076133	-0.38787061	12.88839379	-0.67091877
-0.27357277	12.86740658	-0.63060583	-0.27420356	12.86586480	-0.63074241
-0.54890799	12.85478841	-0.18400354	-0.54968515	12.85273442	-0.18421232
-0.56596986	12.73235839	-0.18987920	-0.56649821	12.73026016	-0.19007435
-0.64303958	12.76754156	-0.24713675	-0.64361962	12.76527173	-0.24735237
-0.62725315	12.86395291	-0.24608350	-0.62802941	12.86172175	-0.24631530
-0.57152633	12.62755179	-0.20748272	-0.57183022	12.62542999	-0.20767958
-0.64837771	12.68480303	-0.25930446	-0.64878601	12.68251585	-0.25950436
-0.69861842	12.75369101	-0.32905937	-0.69914543	12.75128317	-0.32927921
-0.69358380	12.80611896	-0.32309924	-0.69421677	12.80372550	-0.32332955
-0.67909315	12.86958899	-0.32454214	-0.67985828	12.86722578	-0.32479000
-0.46171400	12.61987206	-0.15980713	-0.46203353	12.61799237	-0.15998006
-0.45288070	12.71625607	-0.14051349	-0.45340294	12.71440336	-0.14068202
-0.43363477	12.83605518	-0.13184419	-0.43439698	12.83424723	-0.13202148
-0.48350199	12.90371505	-0.68141204	-0.48420264	12.90162778	-0.68160068
-0.48982345	12.87658722	-0.69206401	-0.49045275	12.87447705	-0.69224181
-0.39858825	12.85667416	-0.67270183	-0.39917975	12.85481343	-0.67285078
-0.57016013	12.90680644	-0.66121866	-0.57087485	12.90449431	-0.66142821
-0.57434431	12.88004201	-0.67605945	-0.57498732	12.87770772	-0.67625402
-0.40898997	12.83959885	-0.66235314	-0.40954311	12.83771377	-0.66249870
-0.29214588	12.81877081	-0.62291818	-0.29267271	12.81718581	-0.62305385
0.88992033	12.89151158	-0.89572113	0.88944674	12.89189562	-0.89544921
0.78834996	12.95664881	-0.88153114	0.78779590	12.95693309	-0.88127701
0.90550904	12.90573859	-0.80687756	0.90497441	12.90612829	-0.80659588
0.80858889	12.97637790	-0.77683558	0.80795788	12.97666965	-0.77656607
0.69608205	13.02939908	-0.73556323	0.69533881	13.02955301	-0.73532363
0.66802544	13.00558664	-0.86481210	0.66739534	13.00573937	-0.86458472
0.90620616	12.90150848	-0.71504009	0.90563951	12.90189048	-0.71475669
0.82516293	12.96735522	-0.67043319	0.82448610	12.96764838	-0.67016309
0.72884400	13.01751328	-0.60837843	0.72806104	13.01768402	-0.60813212
0.99639583	12.68020999	-0.97983935	0.99618852	12.68070927	-0.97957057
0.95595121	12.80096509	-0.93429660	0.95559764	12.80141969	-0.93402024
1.01883411	12.68054543	-0.86845801	1.01858249	12.68105379	-0.86817848
0.97495710	12.81024284	-0.83739698	0.97454979	12.81070720	-0.83710944
1.00959876	12.67880471	-0.75527083	1.00930345	12.67928563	-0.75499574
0.96850388	12.80920066	-0.73811196	0.96805493	12.80964591	-0.73782734
0.54605363	13.04803595	-0.81966149	0.54532543	13.04803269	-0.81946720
0.58115395	13.07333931	-0.67055947	0.58030671	13.07333922	-0.67034708
0.45518743	13.10788096	-0.58790657	0.45421252	13.10767579	-0.58773769
0.41971284	13.08181520	-0.73996181	0.41886518	13.08160844	-0.73980429
0.62062386	13.06231249	-0.53269241	0.61971730	13.06233647	-0.53248003
0.49365483	13.09921748	-0.45011062	0.49262644	13.09905037	-0.44994365
-0.40158454	13.05263941	-0.49483685	-0.40266275	13.05082465	-0.49504250
-0.48463716	13.03239172	-0.50726218	-0.48567844	13.03037744	-0.50749926
-0.46450689	13.02154311	-0.54966779	-0.46551377	13.01956110	-0.54989259
-0.41373867	13.05832275	-0.43178942	-0.41484855	13.05649723	-0.43200183
-0.50679570	13.03368365	-0.46271782	-0.50785189	13.03163559	-0.46296357
-0.59055561	13.00545602	-0.49168621	-0.59154929	13.00320383	-0.49195780
-0.55303270	13.00838384	-0.52431318	-0.55402212	13.00620190	-0.52457164
-0.51533278	13.00769555	-0.55060694	-0.51631331	13.00559034	-0.55085136
-0.43907526	13.05421305	-0.37155228	-0.44019367	13.05234769	-0.37177244
-0.52044592	13.02904968	-0.41135513	-0.52150892	13.02699065	-0.41160409
-0.53496007	13.01410211	-0.36046504	-0.53600596	13.01202817	-0.36071434
-0.58014667	12.99614245	-0.39268968	-0.58114932	12.99396115	-0.39295296
-0.59221448	13.00108986	-0.44122882	-0.59321186	12.99885931	-0.44149898
-0.03722079	13.11071311	-0.43025953	-0.03837572	13.10965035	-0.43032241
-0.12845631	13.09622961	-0.44279032	-0.12959692	13.09500054	-0.44289422
-0.04709101	13.13211083	-0.33498637	-0.04832149	13.13103365	-0.33505942
-0.14976007	13.11339983	-0.35621841	-0.15096470	13.11213455	-0.35633387
-0.25035151	13.09384056	-0.38721430	-0.25152493	13.09236819	-0.38736976
-0.22403635	13.08106793	-0.46564962	-0.22515673	13.07964101	-0.46578923
-0.04771165	13.13386824	-0.24779834	-0.04897868	13.13279649	-0.24787650
-0.16114272	13.11643850	-0.27238984	-0.16238380	13.11515695	-0.27251190
-0.27018569	13.09557389	-0.30763081	-0.27138817	13.09407202	-0.30779588
1.00021204	11.98392077	-1.05741447	1.00076950	11.98442048	-1.05726291
1.02031500	12.12919930	-1.05444570	1.02073516	12.12972468	-1.05425301
1.00220053	11.93838601	-0.95231873	1.00272683	11.93886570	-0.95218270
1.02588296	12.08535758	-0.94040715	1.02628147	12.08586424	-0.94022203
1.04123624	12.30344346	-0.92374098	1.04140876	12.30397125	-0.92351056
1.03008767	12.33858085	-1.03954217	1.03027503	12.33911985	-1.03931195
0.98258094	11.92078376	-0.83368085	0.98304629	11.92121929	-0.83357408
1.00838398	12.06898688	-0.81720306	1.00872639	12.06944478	-0.81703352
1.02681152	12.29126642	-0.79958174	1.02693707	12.29174672	-0.79935941
1.02188919	12.52425466	-1.01435385	1.02186390	12.52478423	-1.01410257
1.04018182	12.50642495	-0.89925467	1.04012858	12.50695457	-0.89899827
1.02837289	12.50005904	-0.77816482	1.02827806	12.50055341	-0.77791458
-0.65594243	12.89936483	-0.60863874	-0.65664948	12.89685506	-0.60887780
-0.66205330	12.86945411	-0.62064493	-0.66268262	12.86691245	-0.62086070
-0.71335304	12.88752538	-0.52870548	-0.71406678	12.88495686	-0.52896896
-0.72297943	12.85110954	-0.53476975	-0.72360577	12.84851056	-0.53500666
-0.66332336	12.84602076	-0.62210584	-0.66389499	12.84347324	-0.62230253
-0.71458166	12.87754984	-0.42645874	-0.71532047	12.87506075	-0.42671690
-0.72701750	12.83215796	-0.42743884	-0.72766288	12.82964192	-0.42768182
-0.72915888	12.79640274	-0.42921179	-0.72972721	12.79387868	-0.42943626
-0.31499741	13.06769680	-0.48198034	-0.31610224	13.06607665	-0.48215376
-0.33339194	13.07695022	-0.40956928	-0.33453535	13.07530032	-0.40975011
-0.35934818	13.07561530	-0.33902762	-0.36051348	13.07392440	-0.33922056
-0.60839694	12.91684601	-0.25876810	-0.60927814	12.91465265	-0.25900975
-0.52807920	12.92163189	-0.19642013	-0.52898870	12.91962127	-0.19664035
-0.66241782	12.91020346	-0.33374778	-0.66326296	12.90787248	-0.33400284
-0.63997621	12.94036596	-0.35061540	-0.64087602	12.93807583	-0.35087304
-0.58614235	12.94943219	-0.28309276	-0.58708178	12.94727792	-0.28333862
-0.41332618	12.91499589	-0.14099864	-0.41423965	12.91322925	-0.14118446
-0.47112461	12.93495436	-0.66298054	-0.47190570	12.93290846	-0.66317909
-0.45990916	12.96744639	-0.63472028	-0.46077350	12.96544078	-0.63492466
-0.54398016	12.96450088	-0.61739167	-0.54484360	12.96228641	-0.61762476
-0.55930098	12.93581294	-0.64337700	-0.56008951	12.93354254	-0.64360116
-0.67332291	12.94563178	-0.51702748	-0.67417501	12.94316809	-0.51731091
-0.69702369	12.91759915	-0.52333541	-0.69780839	12.91507365	-0.52361218
-0.64280801	12.92793357	-0.59581261	-0.64359024	12.92547320	-0.59606694
-0.62252107	12.95554797	-0.57799836	-0.62337422	12.95315466	-0.57826121
-0.64192216	12.97552920	-0.50813582	-0.64284327	12.97314478	-0.50841965
-0.59579775	12.98248874	-0.55103434	-0.59672091	12.98018189	-0.55129875
-0.52631483	12.99051326	-0.57809439	-0.52725009	12.98836682	-0.57833440
-0.69790659	12.91114589	-0.42902578	-0.69871796	12.90869181	-0.42929755
-0.67420382	12.93980630	-0.43497045	-0.67507550	12.93740018	-0.43524990
-0.60852330	12.97224844	-0.37500251	-0.60948184	12.97001494	-0.37526408
-0.64120875	12.97068466	-0.44406348	-0.64214215	12.96834400	-0.44434254
-0.55929090	12.98473747	-0.31734719	-0.56028949	12.98262860	-0.31759506
-0.45698641	12.99812166	-0.59455705	-0.45793028	12.99613993	-0.59477041
0.16324403	13.10586325	-0.17956052	0.16202718	13.10516956	-0.17955298
0.13261847	13.14364091	-0.26481286	0.13136412	13.14288609	-0.26481568
0.16059216	13.13226276	-0.27952074	0.15936759	13.13155639	-0.27951236
0.19553151	13.09337199	-0.19111457	0.19434655	13.09273268	-0.19109008
0.11202701	13.15002888	-0.35989121	0.11079779	13.14923280	-0.35989811
0.13835573	13.13938831	-0.37676724	0.13715662	13.13863970	-0.37676024
0.16537542	13.12347481	-0.28952236	0.16417232	13.12277677	-0.28951051
0.20012111	13.08508771	-0.19751597	0.19895384	13.08445620	-0.19748895
0.17179864	13.13135556	-0.29057595	0.17058410	13.13066807	-0.29056151
0.20534375	13.09173439	-0.19238481	0.20416501	13.09111181	-0.19235649
0.15240981	13.13783449	-0.39385143	0.15122447	13.13710960	-0.39383687
0.19616794	13.14476683	-0.41966894	0.19498857	13.14411379	-0.41963152
0.21805615	13.13794135	-0.30842800	0.21684714	13.13733053	-0.30838999
0.25113139	13.09629458	-0.20318297	0.24995461	13.09574508	-0.20313606
0.24366777	12.92135533	-0.05974657	0.24273647	12.92080557	-0.05970483
0.20366478	13.03677168	-0.10505946	0.20254504	13.03615054	-0.10503537
0.24017538	13.02496979	-0.11646822	0.23908384	13.02440923	-0.11642927
0.28353492	12.90910493	-0.07292286	0.28263112	12.90862176	-0.07286786
0.25046399	13.02324657	-0.11695815	0.24937939	13.02270297	-0.11691594
0.29477774	12.90751022	-0.07632783	0.29387855	12.90704484	-0.07626954
0.29570130	13.02292342	-0.12430237	0.29462395	13.02245392	-0.12424400
0.33877437	12.90085160	-0.08228814	0.33789218	12.90045399	-0.08221558
0.36913665	12.71293003	-0.08717985	0.36856243	12.71258485	-0.08710911
0.32871433	12.72557482	-0.08269381	0.32811660	12.72516904	-0.08263444
0.39155551	12.51887973	-0.11888485	0.39129198	12.51858904	-0.11882064
0.35344482	12.54187979	-0.11407357	0.35314423	12.54152817	-0.11401909
0.31728825	12.72745150	-0.07795151	0.31668752	12.72702750	-0.07789514
0.34120550	12.54431283	-0.10913626	0.34090050	12.54394187	-0.10908418
0.29526348	12.55670858	-0.09091558	0.29493699	12.55626058	-0.09087305
0.27482522	12.74364305	-0.06183418	0.27419217	12.74314869	-0.06178820
0.26064512	12.77736560	-0.91733091	0.26036247	12.77705208	-0.91735199
0.24833134	12.84650772	-0.89129207	0.24791828	12.84614546	-0.89128429
0.22846661	12.85078453	-0.83194580	0.22800700	12.85035260	-0.83194030
0.24123564	12.79084878	-0.85654561	0.24088776	12.79045681	-0.85656241
0.23042490	12.91701652	-0.83978042	0.22986648	12.91658734	-0.83974908
0.21015137	12.91395954	-0.78392301	0.20955661	12.91346446	-0.78389833
0.21661292	12.90948976	-0.76603626	0.21601213	12.90899402	-0.76600784
0.24174330	12.79639019	-0.83556388	0.24137275	12.79598750	-0.83557534
0.21180801	12.85045566	-0.81721190	0.21133271	12.84998054	-0.81720683
0.21869183	12.79386435	-0.84107440	0.21832492	12.79342223	-0.84109425
0.19888974	12.91298620	-0.77394162	0.19828355	12.91246280	-0.77391742
0.15780243	12.92359443	-0.75904418	0.15716705	12.92298601	-0.75902856
0.16782488	12.85737446	-0.79864377	0.16732347	12.85681069	-0.79865567
0.17201521	12.79432537	-0.82066629	0.17163508	12.79378537	-0.82070465
0.26783199	12.70782586	-0.94342114	0.26767659	12.70753193	-0.94346197
0.25100523	12.73058973	-0.88171931	0.25077542	12.73023723	-0.88176485
0.25201981	12.74577917	-0.85895445	0.25174850	12.74541182	-0.85898721
0.27099409	12.71025078	-0.87272870	0.27079262	12.70993231	-0.87276877
0.22956270	12.73702399	-0.86885824	0.22930929	12.73662140	-0.86890372
0.18093296	12.72760820	-0.85129402	0.18068721	12.72710728	-0.85136352
0.28530015	12.31789206	-0.16047035	0.28537549	12.31746248	-0.16045478
0.29984117	12.41468286	-0.12600547	0.29972872	12.41427361	-0.12597213
0.34757454	12.41473725	-0.14245030	0.34746353	12.41442051	-0.14240496
0.33474919	12.34571072	-0.17563029	0.33475559	12.34540353	-0.17559574
0.35126474	12.42743930	-0.14967608	0.35113674	12.42712749	-0.14962970
0.36142772	12.40821922	-0.14757091	0.36132740	12.40792756	-0.14752264
0.34826115	12.34135692	-0.18186232	0.34823192	12.34110207	-0.18180978
0.39923716	12.37634740	-0.15621759	0.39918125	12.37612909	-0.15616209
0.10196989	13.12451623	-0.46502497	0.10082915	13.12370303	-0.46502564
0.13218721	13.11189560	-0.47892937	0.13107925	13.11113542	-0.47891409
0.10696370	13.07229023	-0.57280362	0.10596819	13.07149069	-0.57278858
0.14251640	13.05802360	-0.58336394	0.14155400	13.05729120	-0.58332956
0.14446409	13.10088563	-0.48562215	0.14338026	13.10014748	-0.48559985
0.15006135	13.10746337	-0.48575459	0.14896790	13.10673450	-0.48573050
0.16165647	13.05189335	-0.57953591	0.16070621	13.05119579	-0.57949361
0.18775381	13.05857737	-0.61867469	0.18681936	13.05794164	-0.61861531
0.18529656	13.11424648	-0.51801474	0.18421668	13.11357926	-0.51796836
0.20630415	12.99047184	-0.73754629	0.20555750	12.98993439	-0.73749464
0.18455995	12.98414931	-0.68935580	0.18378673	12.98354604	-0.68931188
0.17005409	12.98674702	-0.68874210	0.16927096	12.98611582	-0.68869769
0.13135240	13.00013302	-0.67732226	0.13053627	12.99942497	-0.67728776
0.37731423	13.08205724	-0.25664769	0.37620347	13.08170823	-0.25654617
0.41483562	13.00239228	-0.17315514	0.41382865	13.00210386	-0.17305003
0.44680931	12.87251477	-0.12741029	0.44599724	12.87227823	-0.12730397
0.30060414	12.98454220	-0.85656999	0.29996132	12.98422788	-0.85648593
0.32759486	12.90871092	-0.94691416	0.32712358	12.90849699	-0.94685444
0.27947456	13.05176130	-0.74365908	0.27864753	13.05135353	-0.74356190
0.12279378	12.94586967	-0.05441096	0.12180894	12.94511593	-0.05441231
0.09821079	13.04947989	-0.09886354	0.09705612	13.04867810	-0.09887970
0.07500834	13.11244443	-0.16884743	0.07376548	13.11159563	-0.16887575
0.07307489	13.01146416	-0.61832914	0.07220635	13.01062618	-0.61832991
0.05111613	13.07600781	-0.54059998	0.05009229	13.07511211	-0.54061555
0.09429123	12.94061531	-0.67294064	0.09357589	12.93984266	-0.67293897
0.46642434	12.67821567	-0.12842108	0.46591955	12.67801832	-0.12832821
0.48083812	12.47033366	-0.15816417	0.48064840	12.47017978	-0.15809162
0.33963976	12.82916405	-1.00127978	0.33932908	12.82900901	-1.00125333
0.34274748	12.75447891	-1.03132502	0.34255445	12.75433457	-1.03131453
0.48441786	12.33441322	-0.19761719	0.48440212	12.33431074	-0.19756737
0.34360886	12.69478989	-1.05098835	0.34352733	12.69465613	-1.05099423
0.15677499	12.45740476	-0.10196529	0.15661206	12.45672622	-0.10196529
0.15880830	12.61327388	-0.07182554	0.15839138	12.61259223	-0.07181834
0.10267733	12.74156207	-0.74559454	0.10234097	12.74086100	-0.74567452
0.10066263	12.80971637	-0.72095224	0.10019646	12.80899494	-0.72100270
0.14512739	12.79199974	-0.05038207	0.14440727	12.79128815	-0.05037357
0.10075610	12.87477429	-0.70209334	0.10017180	12.87403642	-0.70211612
0.31172888	13.13329490	-0.49440433	0.31062757	13.13284792	-0.49430225
0.28688703	13.10486261	-0.62098438	0.28589863	13.10440708	-0.62087641
0.34243092	13.12558384	-0.36857487	0.34129087	13.12517545	-0.36847726
0.04516833	13.14607648	-0.34103108	0.04392933	13.14516219	-0.34106687
0.04250387	13.12209781	-0.44309840	0.04134656	13.12117774	-0.44312729
0.05668815	13.14356608	-0.24961761	0.05541841	13.14267952	-0.24965252
0.88540750	11.96972830	-0.58482912	0.88560894	11.96995877	-0.58480931
0.81676000	12.01719950	-0.47386000	0.81676000	12.01719950	-0.47386000
0.92863370	11.94389053	-0.71339960	0.92898975	11.94424135	-0.71334068
0.91540145	12.01025440	-0.71786200	0.91571359	12.01059616	-0.71778473
0.87792773	12.05567184	-0.63141548	0.87812857	12.05593493	-0.63134939
0.80798487	12.11618366	-0.52807273	0.80807944	12.11632471	-0.52800535
0.96377150	11.93794575	-0.83730285	0.96422596	11.93836882	-0.83720466
0.98389392	11.95498902	-0.94831667	0.98440460	11.95545373	-0.94818842
0.94996712	12.07235169	-0.93113204	0.95037183	12.07278535	-0.93099457
0.93498006	12.04111267	-0.81394032	0.93533974	12.04150919	-0.81383287
0.98342585	11.99785232	-1.04118365	0.98396159	11.99833456	-1.04103937
0.94830800	12.07244244	-1.12785698	0.94882714	12.07290932	-1.12771303
0.92391010	12.13458132	-1.10528407	0.92435135	12.13501642	-1.10513858
0.94760022	12.10776835	-1.02871353	0.94802742	12.10821415	-1.02856339
0.86642683	12.18940095	-1.21893309	0.86687481	12.18978774	-1.21880455
0.74754616	12.33768429	-1.26974913	0.74784846	12.33791143	-1.26965035
0.75035304	12.36580320	-1.19784825	0.75058371	12.36603107	-1.19774625
0.86320847	12.23494030	-1.15600968	0.86357083	12.23531366	-1.15587192
0.60238339	12.48375241	-1.23789813	0.60245517	12.48377563	-1.23790455
0.47085953	12.61391284	-1.15239366	0.47085257	12.61390589	-1.15238637
0.49420000	12.61570000	-1.07906000	0.49420000	12.61570000	-1.07906000
0.61447000	12.50220000	-1.16283000	0.61447000	12.50220000	-1.16283000
0.38255703	12.64636163	-1.04944673	0.38254486	12.64629330	-1.04945057
0.33130237	12.64461361	-0.95672334	0.33127146	12.64444453	-0.95675423
0.37140000	12.64100070	-0.89641000	0.37140000	12.64100070	-0.89641000
0.41679000	12.64250090	-0.98287004	0.41679000	12.64250090	-0.98287004
0.31154861	12.67492688	-0.89662650	0.31142429	12.67469832	-0.89665980
0.30627754	12.70179514	-0.86859333	0.30608684	12.70154172	-0.86861672
0.33425955	12.68950352	-0.81102083	0.33404548	12.68926126	-0.81102122
0.34449322	12.66576187	-0.83939481	0.34433422	12.66558396	-0.83940576
0.29763679	12.68887611	-0.87262948	0.29747117	12.68860890	-0.87266454
0.25446086	12.67685679	-0.84320904	0.25429220	12.67648670	-0.84326898
0.29413459	12.67424983	-0.77342519	0.29391819	12.67391416	-0.77345627
0.33339584	12.67806274	-0.80977925	0.33320070	12.67781828	-0.80978535
0.14601363	12.70694913	-0.71393283	0.14571747	12.70631435	-0.71400533
0.01120239	12.75504336	-0.57206007	0.01075461	12.75410309	-0.57214512
0.01374489	12.79211093	-0.49432501	0.01318767	12.79115703	-0.49438290
0.16893751	12.72181275	-0.63801611	0.16856953	12.72118589	-0.63805990
-0.10705685	12.79475533	-0.50842500	-0.10759086	12.79357654	-0.50852705
-0.21539675	12.82418283	-0.51200738	-0.21597552	12.82278078	-0.51213166
-0.22047490	12.89242418	-0.45140789	-0.22122273	12.89101387	-0.45153146
-0.11070978	12.85398253	-0.43784019	-0.11139039	12.85279211	-0.43792734
-0.32118241	12.84233559	-0.57159172	-0.32177261	12.84069042	-0.57173398
-0.42020703	12.85136755	-0.63908594	-0.42079383	12.84946363	-0.63923818
-0.43743110	12.87852103	-0.58720390	-0.43809689	12.87659311	-0.58737091
-0.33188928	12.89502820	-0.51640228	-0.33261798	12.89336711	-0.51655653
-0.50845912	12.85269864	-0.66690515	-0.50903459	12.85055087	-0.66707491
-0.58807378	12.84737682	-0.65496131	-0.58863609	12.84501468	-0.65513902
-0.58727873	12.84971026	-0.61958776	-0.58786041	12.84737426	-0.61976865
-0.53088767	12.85977718	-0.61861169	-0.53149695	12.85759403	-0.61879084
-0.66189189	12.83720034	-0.60330007	-0.66245073	12.83467268	-0.60349076
-0.71062330	12.81945258	-0.52372522	-0.71118265	12.81689059	-0.52392915
-0.67388092	12.83642734	-0.49549812	-0.67449355	12.83397582	-0.49571033
-0.63682620	12.84688126	-0.57234900	-0.63742177	12.84445045	-0.57254405
-0.71486944	12.79182490	-0.42856858	-0.71542823	12.78933251	-0.42878665
-0.68672906	12.74528849	-0.33905905	-0.68723586	12.74290273	-0.33927458
-0.66530837	12.75242005	-0.35199570	-0.66582364	12.75007428	-0.35220606
-0.67876263	12.79890043	-0.41203828	-0.67934305	12.79649560	-0.41225154
-0.63814586	12.67178603	-0.27624104	-0.63852446	12.66951745	-0.27643729
-0.56314832	12.61290074	-0.22785498	-0.56341386	12.61079581	-0.22805203
-0.54702717	12.67266818	-0.25901918	-0.54741298	12.67059735	-0.25920792
-0.62419722	12.71442424	-0.30862924	-0.62465128	12.71217802	-0.30882950
-0.45600883	12.61046618	-0.18069080	-0.45629951	12.60859689	-0.18086353
-0.32829944	12.59286230	-0.14499839	-0.32860596	12.59126601	-0.14513400
-0.31189804	12.64705320	-0.17370460	-0.31229432	12.64549038	-0.17383489
-0.43857254	12.66845924	-0.21043974	-0.43897619	12.66662790	-0.21060580
-0.18874921	12.49202217	-0.13210303	-0.18891845	12.49070713	-0.13219618
-0.03691852	12.38042960	-0.14006100	-0.03691788	12.37939786	-0.14011443
-0.03647630	12.45030064	-0.17087811	-0.03658587	12.44927127	-0.17093162
-0.17888061	12.55509167	-0.16072330	-0.17914616	12.55379536	-0.16081385
0.12588414	12.32506344	-0.16116456	0.12596642	12.32432712	-0.16119651
0.25469655	12.31102123	-0.18714552	0.25479322	12.31053469	-0.18714168
0.23203822	12.37036515	-0.23869513	0.23203264	12.36984372	-0.23869367
0.11405598	12.39225503	-0.20217725	0.11402781	12.39150419	-0.20220017
0.30312415	12.34768955	-0.20837581	0.30313965	12.34732221	-0.20835468
0.28610731	12.43085031	-0.27742123	0.28599629	12.43044228	-0.27741089
0.27875802	12.40279428	-0.26357508	0.27869113	12.40237254	-0.26356606
0.31322975	12.34003890	-0.22121245	0.31318360	12.33975903	-0.22118827
0.34620000	12.27620000	-0.23202000	0.34620000	12.27620000	-0.23202000
0.31938133	12.32728098	-0.29022882	0.31935910	12.32700459	-0.29025343
0.28577901	12.38994224	-0.27907603	0.28570545	12.38955827	-0.27907503
0.44425997	12.21770000	-0.27141000	0.44425997	12.21770000	-0.27141000
0.57587000	12.16340070	-0.32883000	0.57587000	12.16340070	-0.32883000
0.57067950	12.24179605	-0.38237311	0.57071661	12.24177808	-0.38234318
0.42861206	12.28313802	-0.32737065	0.42864023	12.28301734	-0.32736322
0.70622003	12.08180000	-0.39380000	0.70622003	12.08180000	-0.39380000
0.70150003	12.18145845	-0.44701744	0.70155816	12.18151980	-0.44697342
0.76537577	12.39829720	-1.04659409	0.76550496	12.39855586	-1.04648054
0.87031175	12.25153428	-1.04542719	0.87059868	12.25190552	-1.04528630
0.78371729	12.38120314	-0.85828303	0.78378424	12.38145724	-0.85815768
0.87871134	12.22953836	-0.90505608	0.87895122	12.22989796	-0.90492001
0.79712254	12.26569959	-0.67105612	0.79721352	12.26592028	-0.67094750
0.87847177	12.15472785	-0.75332742	0.87869802	12.15505112	-0.75321168
0.53118004	12.60831874	-0.90127454	0.53107279	12.60834112	-0.90121570
0.64616467	12.52427472	-0.98923733	0.64614149	12.52438875	-0.98916954
0.56216259	12.53766292	-0.68944096	0.56201995	12.53765400	-0.68936897
0.67645775	12.48050730	-0.77921177	0.67639736	12.48063746	-0.77911061
0.57034130	12.38506164	-0.50969046	0.57030497	12.38503644	-0.50963344
0.69263818	12.34122373	-0.58770278	0.69264120	12.34132998	-0.58761755
-0.23114730	12.88717981	-0.36655213	-0.23192514	12.88575628	-0.36667818
-0.12424360	12.84668707	-0.35096561	-0.12495145	12.84547526	-0.35105274
-0.25109344	12.82856779	-0.28008665	-0.25179533	12.82711491	-0.28021363
-0.14312989	12.78166315	-0.26695172	-0.14375578	12.78042447	-0.26704008
-0.02417014	12.71746927	-0.30279644	-0.02467742	12.71645650	-0.30284981
-0.00299568	12.78375630	-0.39822479	-0.00358669	12.78277257	-0.39827527
-0.28238698	12.73717941	-0.21744936	-0.28293864	12.73567301	-0.21757492
-0.16278889	12.66760522	-0.20501168	-0.16323485	12.66633594	-0.20509850
-0.03374513	12.58507162	-0.22648414	-0.03406180	12.58404786	-0.22653841
-0.56722953	12.87886375	-0.53732828	-0.56791352	12.87663445	-0.53752766
-0.60095065	12.87136378	-0.44555348	-0.60166585	12.86911461	-0.44576881
-0.49910116	12.89391719	-0.38450529	-0.49988757	12.89191857	-0.38470626
-0.46636683	12.90791288	-0.49011219	-0.46713590	12.90595058	-0.49030137
-0.61547401	12.79861490	-0.36663857	-0.61607498	12.79637071	-0.36684316
-0.52612104	12.79090549	-0.30836531	-0.52673067	12.78886991	-0.30855401
-0.35017495	12.90920751	-0.42253724	-0.35097329	12.90752528	-0.42270316
-0.37600735	12.87290657	-0.32390879	-0.37677429	12.87118931	-0.32407773
-0.40898285	12.77429300	-0.25542306	-0.40958300	12.77251753	-0.25558658
0.28870612	12.63071502	-0.64918754	0.28846440	12.63030300	-0.64921146
0.33070949	12.62893634	-0.67280221	0.33048341	12.62860510	-0.67281420
0.26336012	12.56215638	-0.49869833	0.26315373	12.56167871	-0.49870502
0.30981890	12.56278438	-0.50869039	0.30961575	12.56239086	-0.50868298
0.31328642	12.58087925	-0.49313286	0.31304383	12.58049131	-0.49312288
0.33120312	12.64314850	-0.66428336	0.33094756	12.64281434	-0.66428890
0.33883889	12.62608211	-0.68715333	0.33861025	12.62576578	-0.68716542
0.31604970	12.56690461	-0.50814916	0.31582912	12.56652616	-0.50814323
0.34904123	12.54830071	-0.54908578	0.34885964	12.54797720	-0.54907964
0.36893974	12.60866271	-0.73794343	0.36875571	12.60840208	-0.73795174
0.32578809	12.43329800	-0.39727804	0.32568891	12.43295857	-0.39727888
0.29254794	12.47873992	-0.37340369	0.29239428	12.47833629	-0.37339897
0.28691734	12.48239228	-0.36822503	0.28677266	12.48197036	-0.36821510
0.23967167	12.46671406	-0.35207050	0.23954399	12.46620982	-0.35207690
0.44246343	12.54967376	-0.61103307	0.44229396	12.54949571	-0.61099692
0.43571875	12.61909833	-0.81346777	0.43557019	12.61898263	-0.81344239
0.43312611	12.40797919	-0.44465248	0.43306444	12.40780458	-0.44463083
0.13196431	12.62545715	-0.40577238	0.13163165	12.62473612	-0.40579827
0.15681394	12.69637107	-0.52833727	0.15642386	12.69568759	-0.52836655
0.11615375	12.50802611	-0.29024435	0.11596091	12.50727941	-0.29026631
0.14489882	13.13002978	-0.38896879	0.14372271	13.12929227	-0.38895762
0.24373605	13.01877331	-0.12361333	0.24265969	13.01821845	-0.12357351
0.28607458	12.90580194	-0.08231265	0.28517991	12.90532248	-0.08225728
0.31981312	12.72687793	-0.08844836	0.31921442	12.72645911	-0.08839298
0.34430978	12.54874744	-0.11900763	0.34400095	12.54838132	-0.11895509
0.23227502	12.84978732	-0.81092239	0.23180198	12.84934890	-0.81091244
0.33919853	12.36812661	-0.18271362	0.33915737	12.36783311	-0.18267297
0.16005061	13.04662333	-0.58230864	0.15910997	13.04592396	-0.58226594
0.18813019	12.97896764	-0.68270001	0.18736136	12.97836788	-0.68265488
0.89951574	11.96443604	-0.57124299	0.89970703	11.96466768	-0.57121514
0.82701845	12.01961864	-0.45663681	0.82700491	12.01961686	-0.45663563
0.94606219	11.92972370	-0.70465829	0.94642130	11.93008316	-0.70459133
0.75119905	12.33642413	-1.28522671	0.75151251	12.33665702	-1.28512618
0.46119190	12.61979496	-1.16602715	0.46118283	12.61978831	-1.16602169
0.35285979	12.65632589	-1.05786767	0.35283020	12.65621245	-1.05787698
0.28617252	12.65731582	-0.95983993	0.28611588	12.65706453	-0.95988779
0.27028810	12.68611233	-0.89807593	0.27014429	12.68580551	-0.89812513
0.25299411	12.69658270	-0.88444201	0.25281516	12.69625016	-0.88450164
0.20500500	12.68068364	-0.86664001	0.20484817	12.68023763	-0.86672379
0.11501251	12.69800916	-0.75141925	0.11475574	12.69733702	-0.75151483
0.00443162	12.72662875	-0.62011660	0.00405820	12.72569554	-0.62022060
-0.20613663	12.76133279	-0.55322730	-0.20656901	12.75994870	-0.55335625
-0.31042550	12.80057686	-0.60290328	-0.31091438	12.79895097	-0.60303769
-0.49605507	12.85813409	-0.68916243	-0.49663771	12.85600781	-0.68933270
-0.57828402	12.85905196	-0.67745313	-0.57887022	12.85670468	-0.67763534
-0.72303458	12.82350191	-0.53520621	-0.72359679	12.82090042	-0.53541599
-0.19112005	12.50158604	-0.11001403	-0.19131117	12.50026597	-0.11010666
0.14324090	12.34118226	-0.13645506	0.14328771	12.34047465	-0.13647830
0.30943524	12.37596576	-0.22086204	0.30938626	12.37562035	-0.22084063
0.38354979	12.29083106	-0.19405571	0.38354993	12.29071656	-0.19401773
0.46996268	12.23570839	-0.23778971	0.46998376	12.23565760	-0.23775185
0.71413609	12.09174685	-0.37177032	0.71413223	12.09175344	-0.37176986
0.29294314	12.50570319	-0.36635242	0.29275759	12.50529222	-0.36634337
0.57601104	12.77598692	-0.53723769	0.57551719	12.77596628	-0.53710690
0.29081880	12.97879072	-0.52454693	0.28997740	12.97832207	-0.52447066
0.01933895	12.97685657	-0.25709878	0.01836494	12.97591202	-0.25713803
0.08571635	13.06107796	-0.30205771	0.08461778	13.06024283	-0.30207288
0.30852294	12.85832530	-0.28933749	0.30778725	12.85788539	-0.28927537
0.01675074	12.94912692	-0.41547708	0.01588276	12.94817077	-0.41551356
0.10829617	13.02930147	-0.41145868	0.10729703	13.02850235	-0.41145906
0.35821416	12.81734710	-0.68957203	0.35772224	12.81706624	-0.68951020
0.14316671	13.01407101	-0.17362932	0.14210612	13.01334504	-0.17362396
0.21291705	12.80572594	-0.79046798	0.21250105	12.80524465	-0.79048329
0.32222713	12.74956372	-0.52755682	0.32175066	12.74917069	-0.52752520
0.31976774	12.88124867	-0.83726465	0.31927061	12.88097201	-0.83720440
0.39341986	12.43038854	-0.24324722	0.39329868	12.43015791	-0.24321160
0.22981460	13.03388640	-0.44054299	0.22883430	13.03329401	-0.44048906
0.47118154	12.68143300	-0.66468444	0.47086207	12.68130101	-0.66461602
0.69215441	12.75164354	-0.76832401	0.69180384	12.75180705	-0.76815682
0.31502041	12.92956879	-0.19475300	0.31413206	12.92913231	-0.19468482
-0.43912394	12.88104450	-0.23853584	-0.43993734	12.87921178	-0.23872297
0.13755798	13.06639201	-0.24286766	0.13643328	13.06565031	-0.24286513
0.31195384	12.93856183	-0.68271994	0.31126518	12.93819202	-0.68264394
-0.52617167	12.87877349	-0.27865664	-0.52696717	12.87674760	-0.27886432
0.21393677	13.01843291	-0.32258670	0.21293406	13.01782141	-0.32254883
0.28892004	12.45019192	-0.19839747	0.28876804	12.44977276	-0.19837431
0.10301770	13.08269615	-0.36404153	0.10190650	13.08188740	-0.36404839
0.19446573	13.06347011	-0.48263349	0.19345161	13.06281815	-0.48258981
0.25016672	12.60161743	-0.24137656	0.24980828	12.60110634	-0.24135592
0.15511001	12.92144260	-0.50190521	0.15432798	12.92070725	-0.50186470
0.26847581	12.88380682	-0.82725513	0.26796314	12.88343676	-0.82721848
0.27670886	12.83355056	-0.83119059	0.27627753	12.83320320	-0.83116990
0.21675500	13.00891126	-0.53830918	0.21586025	13.00830634	-0.53825034
0.36736355	12.79065629	-0.19328151	0.36670111	12.79030789	-0.19320618
0.49427268	12.58835736	-0.43014560	0.49399468	12.58823061	-0.43007363
0.30070861	12.75590234	-0.88525495	0.30044126	12.75564523	-0.88526274
0.14873306	12.95042815	-0.63765325	0.14798477	12.94973635	-0.63762221
0.39170539	12.37097110	-0.22049986	0.39166315	12.37077543	-0.22046481
0.35644591	12.47682899	-0.31007733	0.35628339	12.47652360	-0.31005097
0.18448963	12.85495572	-0.18158712	0.18370925	12.85430857	-0.18156481
0.38594059	12.72825521	-0.90806987	0.38573806	12.72815986	-0.90805183
0.29090503	12.78703069	-0.84600934	0.29055798	12.78672333	-0.84600385
0.12904696	13.09855160	-0.27512170	0.12787659	13.09779176	-0.27512253
0.41058117	12.60017585	-0.24405248	0.41022394	12.59992153	-0.24398870
0.20657607	12.85011538	-0.76652471	0.20607293	12.84960677	-0.76652306
0.42352094	12.71045143	-0.82444151	0.42327353	12.71033174	-0.82439112
0.82155926	12.75012166	-0.86311443	0.82123684	12.75042133	-0.86290538
0.56052078	12.79237545	-0.92347008	0.56021969	12.79244511	-0.92335433
0.33490878	12.67697304	-0.19500967	0.33441849	12.67658569	-0.19495496
0.24312667	12.75116909	-0.17692137	0.24251416	12.75062891	-0.17688742
