0.84354517	12.74038193	-0.41552464	0.84312924	12.74061029	-0.41530484
0.81276591	12.87840551	-0.44343676	0.81221164	12.87862144	-0.44318593
0.88938391	12.83854442	-0.54176676	0.88887168	12.83884340	-0.54150947
0.92316180	12.70568069	-0.52781900	0.92278034	12.70600070	-0.52758818
0.76892405	12.96903474	-0.50321160	0.76827442	12.96922568	-0.50293876
0.84971411	12.92432389	-0.58425954	0.84911973	12.92459913	-0.58398510
0.89981193	12.88243097	-0.64467337	0.89927538	12.88276608	-0.64439817
0.93914762	12.81302386	-0.63923645	0.93868034	12.81339064	-0.63897148
0.97495956	12.68435677	-0.64075681	0.97461854	12.68474998	-0.64051413
0.71280231	12.77103482	-1.15995484	0.71255384	12.77128432	-1.15976279
0.83542387	12.72220981	-1.13772243	0.83519564	12.72256861	-1.13750489
0.80174968	12.82808839	-1.06830668	0.80138987	12.82841118	-1.06805855
0.67907937	12.87275906	-1.08525990	0.67868729	12.87297901	-1.08502679
0.93662647	12.68983621	-1.07449022	0.93640435	12.69028497	-1.07424782
0.90135763	12.80023427	-1.01534848	0.90100215	12.80064168	-1.01508315
0.86038025	12.86796743	-0.96453724	0.85993838	12.86832914	-0.96426279
0.78111261	12.90783014	-0.97993164	0.78063912	12.90812726	-0.97966113
0.65841792	12.95218015	-0.98540522	0.65789679	12.95237222	-0.98514142
0.58819551	12.83325288	-0.20277631	0.58771929	12.83320954	-0.20254361
0.56773987	12.97017651	-0.24937684	0.56710058	12.97011986	-0.24910469
0.70210115	12.92485165	-0.34295693	0.70150303	12.92494810	-0.34270647
0.72567981	12.78550334	-0.30339615	0.72523469	12.78560631	-0.30317912
0.53554776	13.05655978	-0.33307102	0.53479257	13.05648523	-0.33276896
0.66437371	13.01512793	-0.41810546	0.66366670	13.01520350	-0.41782787
0.46037761	12.88251814	-1.05888368	0.45996592	12.88253388	-1.05867830
0.58814521	12.83022072	-1.13204486	0.58782450	12.83036282	-1.13185154
0.55516601	12.92208487	-1.05884321	0.55470662	12.92219212	-1.05861140
0.42977775	12.96426109	-0.98333391	0.42922994	12.96422379	-0.98308332
0.53290161	12.99595461	-0.95637510	0.53230785	12.99601423	-0.95610160
0.40702528	13.03292301	-0.87973810	0.40634697	13.03282912	-0.87944417
-0.02346116	12.97698248	-0.05142942	-0.02403464	12.97617510	-0.05080010
-0.15457550	12.98720383	-0.06816302	-0.15524415	12.98623730	-0.06731506
-0.16196290	13.06268488	-0.10910778	-0.16287325	13.06176510	-0.10808622
-0.03168657	13.06460785	-0.09324498	-0.03241926	13.06379775	-0.09255300
-0.27443100	12.98599069	-0.10510672	-0.27514427	12.98481089	-0.10421955
-0.27685227	13.04905027	-0.15216587	-0.27769375	13.04790748	-0.15124836
-0.27777489	13.09123862	-0.21738575	-0.27867857	13.09010596	-0.21646879
-0.16239417	13.10883860	-0.17737007	-0.16332842	13.10788268	-0.17642460
-0.03838308	13.11908495	-0.15803522	-0.03924038	13.11827191	-0.15731525
0.01865496	12.97035284	-0.57841738	0.01786479	12.96977908	-0.57789210
0.00263747	13.03230832	-0.55149311	0.00175807	13.03169872	-0.55091835
-0.07848946	13.03410355	-0.53845813	-0.07940799	13.03339519	-0.53777773
-0.06350630	12.97823837	-0.55565961	-0.06434024	12.97756318	-0.55502877
-0.01753271	13.08556074	-0.50237257	-0.01848055	13.08489639	-0.50173875
-0.10059197	13.07953380	-0.50122188	-0.10156490	13.07877359	-0.50048665
-0.19381936	13.07184711	-0.51629284	-0.19480985	13.07094885	-0.51547241
-0.17088166	13.03176840	-0.55346084	-0.17183363	13.03092413	-0.55268174
-0.15561343	12.98099100	-0.57226929	-0.15649435	12.98018477	-0.57153278
0.98665206	12.29517873	-0.66836588	0.98665952	12.29555707	-0.66819394
0.96852469	12.07589101	-0.68556714	0.96870830	12.07624619	-0.68545491
0.91428644	12.10060994	-0.55077761	0.91435237	12.10083344	-0.55069578
0.92720985	12.30814295	-0.53389847	0.92717000	12.30841401	-0.53376315
0.83546246	12.14840854	-0.43005394	0.83547353	12.14850513	-0.43000173
0.84139796	12.33163714	-0.40902944	0.84133687	12.33180596	-0.40891964
0.98109120	12.38868924	-1.13730159	0.98120346	12.38918990	-1.13710527
0.88586810	12.44791349	-1.20684753	0.88594924	12.44832608	-1.20667695
0.88418333	12.28848133	-1.23244966	0.88444432	12.28889465	-1.23231263
0.97677164	12.19731909	-1.15351465	0.97708481	12.19781391	-1.15335881
0.75747595	12.52137939	-1.23675590	0.75747806	12.52162457	-1.23663525
0.75645829	12.40144495	-1.26874591	0.75662469	12.40170442	-1.26865044
0.87361427	12.18367874	-1.24090735	0.87398231	12.18408029	-1.24079597
0.95973722	12.06246507	-1.15251297	0.96018268	12.06293987	-1.15239459
0.98988361	12.50437320	-0.65287691	0.98971232	12.50476623	-0.65267151
0.93264910	12.51902223	-0.52680607	0.93244497	12.51933541	-0.52662113
0.84803842	12.54581700	-0.40510193	0.84781183	12.54603203	-0.40493269
0.86641576	12.59393364	-1.17966575	0.86632475	12.59431694	-1.17947892
0.96574828	12.55285109	-1.11313026	0.96567999	12.55333598	-1.11290776
0.74057702	12.64928060	-1.20510676	0.74044866	12.64952886	-1.20494480
0.59765066	12.41964237	-0.22336860	0.59757565	12.41961558	-0.22325826
0.59509397	12.63406746	-0.19924301	0.59482227	12.63403124	-0.19906774
0.72874684	12.58650722	-0.29381898	0.72849904	12.58660079	-0.29364911
0.72511053	12.37203884	-0.30632965	0.72503832	12.37210546	-0.30623345
0.46687216	12.70590798	-1.14915257	0.46676043	12.70594153	-1.14908748
0.61138357	12.61649139	-1.21809636	0.61133712	12.61656635	-1.21803573
0.60634462	12.72185758	-1.18343662	0.60619839	12.72199321	-1.18332774
0.46958197	12.78979259	-1.11394399	0.46933387	12.78982376	-1.11381433
0.58634751	12.17464968	-0.30161558	0.58634830	12.17463857	-0.30160778
0.59633175	12.28057280	-0.26126995	0.59633063	12.28055617	-0.26121198
0.72255967	12.21695460	-0.33660605	0.72255992	12.21699411	-0.33656035
0.60184916	12.48788225	-1.25200057	0.60190836	12.48792717	-1.25200881
0.60725900	12.53554187	-1.24330887	0.60727453	12.53560186	-1.24329654
0.46188544	12.64988146	-1.16550715	0.46183716	12.64989864	-1.16546891
-0.01027821	12.69981140	-0.05600865	-0.01047688	12.69903120	-0.05554403
-0.16042637	12.76550031	-0.06011872	-0.16069927	12.76450885	-0.05947815
-0.15352979	12.88835990	-0.05372167	-0.15400843	12.88737907	-0.05298233
-0.01333810	12.85382844	-0.04219845	-0.01373694	12.85303557	-0.04163694
-0.29807332	12.81372121	-0.08272563	-0.29843677	12.81250441	-0.08194637
-0.28202221	12.90890463	-0.08401499	-0.28255871	12.90770312	-0.08318556
0.01676166	12.84123997	-0.60980247	0.01616227	12.84069803	-0.60936312
0.02183820	12.90652405	-0.59616522	0.02114134	12.90597042	-0.59568489
-0.05961760	12.91659728	-0.56644454	-0.06035237	12.91594141	-0.56585899
-0.06702672	12.85188363	-0.57149544	-0.06767153	12.85123000	-0.57093922
-0.15169568	12.92390684	-0.58166404	-0.15249341	12.92311547	-0.58095930
-0.16058540	12.86302401	-0.58160327	-0.16127806	12.86222244	-0.58092182
-0.03573990	12.40469669	-0.11461731	-0.03563925	12.40390421	-0.11428530
-0.17894348	12.61866117	-0.08089435	-0.17902910	12.61765391	-0.08032601
-0.02257097	12.52960535	-0.08248832	-0.02259465	12.52881828	-0.08209669
-0.33049021	12.60879737	-0.11896694	-0.33056249	12.60755510	-0.11825713
-0.31848951	12.69617528	-0.09718332	-0.31867354	12.69494098	-0.09644411
0.00772064	12.77507016	-0.62242999	0.00721385	12.77453502	-0.62202959
-0.08561493	12.78540032	-0.56948391	-0.08615945	12.78472685	-0.56894976
-0.10302496	12.75805972	-0.54956232	-0.10350921	12.75735115	-0.54902606
-0.18378007	12.80010765	-0.57048008	-0.18436210	12.79926462	-0.56980343
-0.39577902	12.98178201	-0.15520590	-0.39648088	12.98041961	-0.15427311
-0.38894899	13.03329456	-0.19992384	-0.38975598	13.03196342	-0.19897895
-0.50493613	12.97411028	-0.21218120	-0.50564033	12.97259133	-0.21119447
-0.48603599	13.01627468	-0.25220717	-0.48683112	13.01479875	-0.25121553
-0.46456128	13.05117266	-0.30164636	-0.46543574	13.04975110	-0.30065023
-0.37935243	13.07183272	-0.25823702	-0.38023842	13.07053834	-0.25727862
-0.27508208	13.02877354	-0.57198865	-0.27606144	13.02776254	-0.57112246
-0.26021461	12.98425142	-0.59807988	-0.26113963	12.98327435	-0.59724253
-0.29563938	13.06404255	-0.53055164	-0.29664771	13.06298163	-0.52965557
-0.39010922	13.05436865	-0.53887878	-0.39111783	13.05314120	-0.53791692
-0.37492287	13.02443584	-0.58455745	-0.37591318	13.02324482	-0.58361367
-0.36487476	12.98704460	-0.61935051	-0.36583112	12.98587548	-0.61842325
-0.26102696	12.93604738	-0.61497259	-0.26188536	12.93507418	-0.61415033
-0.37198528	12.94858804	-0.64499380	-0.37289418	12.94740905	-0.64406763
-0.38620294	12.91143847	-0.65995876	-0.38706450	12.91023001	-0.65902489
-0.27308111	12.88653437	-0.62049770	-0.27386262	12.88554072	-0.61967959
-0.54686734	12.86670442	-0.17394950	-0.54736799	12.86511143	-0.17296492
-0.56438740	12.74459618	-0.18237964	-0.56469908	12.74298330	-0.18141075
-0.64138522	12.78128552	-0.23889775	-0.64179568	12.77956147	-0.23786113
-0.62518413	12.87755826	-0.23574309	-0.62574663	12.87585517	-0.23469860
-0.57035389	12.64026237	-0.20201475	-0.57051046	12.63864148	-0.20106199
-0.64705107	12.69888345	-0.25279570	-0.64734504	12.69715436	-0.25175211
-0.69709966	12.76951762	-0.32111820	-0.69754883	12.76772250	-0.32004356
-0.69183397	12.82177988	-0.31398251	-0.69236173	12.81998918	-0.31290750
-0.67703825	12.88521402	-0.31397833	-0.67767156	12.88344523	-0.31289950
-0.46051290	12.63124709	-0.15436866	-0.46062698	12.62979833	-0.15352134
-0.45127800	12.72716950	-0.13326534	-0.45152855	12.72572483	-0.13239934
-0.43154761	12.84652936	-0.12218025	-0.43198483	12.84510123	-0.12128891
-0.48221292	12.92620379	-0.67023784	-0.48310135	12.92483363	-0.66923863
-0.48877825	12.89936511	-0.68148866	-0.48963199	12.89798420	-0.68048944
-0.39789947	12.87801926	-0.66257768	-0.39870841	12.87678720	-0.66163829
-0.56873144	12.92968455	-0.64991839	-0.56961095	12.92817543	-0.64886022
-0.57318200	12.90330181	-0.66536523	-0.57402967	12.90178547	-0.66430751
-0.40846998	12.86086765	-0.65250558	-0.40924057	12.85961426	-0.65155897
-0.29210127	12.83792819	-0.61356961	-0.29279180	12.83689608	-0.61274804
0.89021967	12.89145990	-0.89564224	0.88972909	12.89183726	-0.89535482
0.78905536	12.95704852	-0.88150630	0.78849173	12.95733592	-0.88121425
0.90610950	12.90565992	-0.80686858	0.90558316	12.90603177	-0.80657930
0.80967848	12.97681547	-0.77690541	0.80906805	12.97710038	-0.77660880
0.69800968	13.03067518	-0.73544402	0.69731327	13.03084167	-0.73514509
0.66918271	13.00662644	-0.86472628	0.66855150	13.00679708	-0.86443176
0.90688315	12.90152286	-0.71506760	0.90634208	12.90187851	-0.71478290
0.82653289	12.96786228	-0.67046473	0.82590822	12.96813923	-0.67017530
0.73090599	13.01883911	-0.60828270	0.73020665	13.01901190	-0.60799039
0.99579360	12.67985924	-0.97932236	0.99554543	12.68035081	-0.97905574
0.95576303	12.80069127	-0.93402192	0.95537905	12.80113717	-0.93374168
1.01819316	12.68015547	-0.86800974	1.01791103	12.68064102	-0.86774261
0.97490751	12.80991850	-0.83721234	0.97448802	12.81036026	-0.83692945
1.00898699	12.67848592	-0.75491676	1.00867846	12.67893232	-0.75466031
0.96856772	12.80895481	-0.73797216	0.96812636	12.80936828	-0.73769652
0.54789657	13.05010324	-0.81932258	0.54718811	13.05013969	-0.81901997
0.58372033	13.07582102	-0.67019601	0.58294845	13.07586196	-0.66988390
0.45888382	13.11235546	-0.58668842	0.45803640	13.11224250	-0.58634637
0.42244317	13.08590372	-0.73900730	0.42164978	13.08578964	-0.73867493
0.62372468	13.06470802	-0.53219330	0.62295369	13.06476315	-0.53189301
0.49791948	13.10328582	-0.44868647	0.49709121	13.10319210	-0.44835967
-0.39868554	13.07040958	-0.48054592	-0.39968220	13.06915404	-0.47957618
-0.48190176	13.05104041	-0.49324515	-0.48288039	13.04964428	-0.49222401
-0.46194926	13.04096454	-0.53592856	-0.46293753	13.03961293	-0.53492207
-0.41064565	13.07487029	-0.41733616	-0.41160932	13.07357753	-0.41635890
-0.50397134	13.05151165	-0.44865051	-0.50492740	13.05006471	-0.44761962
-0.58801118	13.02450376	-0.47809731	-0.58894756	13.02292364	-0.47702243
-0.55051604	13.02792385	-0.51069834	-0.55147282	13.02641662	-0.50964241
-0.51287601	13.02756736	-0.53705313	-0.51384483	13.02613148	-0.53601845
-0.43603080	13.06963058	-0.35717841	-0.43695943	13.06827580	-0.35619061
-0.51756892	13.04582413	-0.39740449	-0.51848983	13.04434002	-0.39637233
-0.53220667	13.02983083	-0.34688908	-0.53307583	13.02830840	-0.34585661
-0.57750653	13.01283364	-0.37938855	-0.57837060	13.01124426	-0.37833252
-0.58961821	13.01899307	-0.42775252	-0.59051967	13.01739633	-0.42668292
-0.03364742	13.12316222	-0.41892433	-0.03462404	13.12244388	-0.41824170
-0.12523253	13.11020385	-0.42911871	-0.12621675	13.10937423	-0.42832806
-0.04316085	13.14325835	-0.32253493	-0.04413514	13.14249266	-0.32181558
-0.14641878	13.12614713	-0.34092760	-0.14739861	13.12525467	-0.34008016
-0.24680711	13.10818670	-0.37231547	-0.24777643	13.10715199	-0.37143166
-0.22088457	13.09662413	-0.45149866	-0.22187786	13.09565719	-0.45064394
-0.04351068	13.14362549	-0.23494155	-0.04444638	13.14282822	-0.23421026
-0.15809883	13.12782115	-0.25565723	-0.15906009	13.12687930	-0.25475736
-0.26681023	13.10862437	-0.29228694	-0.26775106	13.10753001	-0.29137822
0.99770511	11.98357958	-1.05633443	0.99819668	11.98408205	-1.05622304
1.01813745	12.12879358	-1.05341191	1.01847171	12.12931097	-1.05325697
0.99968199	11.93818304	-0.95125143	1.00017650	11.93866708	-0.95115863
1.02350041	12.08512014	-0.93943998	1.02382220	12.08561938	-0.93929424
1.03934349	12.30311421	-0.92282856	1.03944584	12.30362529	-0.92262854
1.02848976	12.33810498	-1.03858835	1.02860755	12.33863192	-1.03838305
0.98009265	11.92075133	-0.83270223	0.98053901	11.92117445	-0.83263358
1.00593141	12.06899822	-0.81634866	1.00620601	12.06944277	-0.81621941
1.02478419	12.29115176	-0.79877705	1.02484721	12.29160831	-0.79858859
1.02085010	12.52379970	-1.01360103	1.02077204	12.52431903	-1.01336301
1.03891912	12.50603657	-0.89856104	1.03881658	12.50654570	-0.89832712
1.02701925	12.49976674	-0.77754993	1.02688599	12.50022964	-0.77732780
-0.65444297	12.92173364	-0.59731817	-0.65527646	12.92006211	-0.59623087
-0.66081656	12.89217579	-0.61001481	-0.66160588	12.89049390	-0.60893157
-0.71168613	12.90832623	-0.51751590	-0.71245986	12.90654937	-0.51641312
-0.72157569	12.87214025	-0.52441786	-0.72229415	12.87034629	-0.52332088
-0.66226482	12.86879255	-0.61202965	-0.66301589	12.86710768	-0.61095138
-0.71268655	12.89579941	-0.41559151	-0.71339036	12.89399314	-0.41449227
-0.72533265	12.85048803	-0.41760050	-0.72596572	12.84865918	-0.41650877
-0.72764955	12.81479943	-0.42025168	-0.72822864	12.81296650	-0.41916617
-0.31193059	13.08447829	-0.46759956	-0.31293049	13.08336891	-0.46668209
-0.33005929	13.09243212	-0.39481525	-0.33102929	13.09126553	-0.39387789
-0.35612548	13.08986752	-0.32419780	-0.35706213	13.08863637	-0.32324527
-0.60612808	12.93063231	-0.24729701	-0.60678517	12.92896107	-0.24625388
-0.52585000	12.93365823	-0.18500876	-0.52646969	12.93209864	-0.18401960
-0.66018965	12.92596130	-0.32229504	-0.66089151	12.92422156	-0.32121337
-0.63763257	12.95640411	-0.33851963	-0.63838932	12.95470521	-0.33744332
-0.58373343	12.96366956	-0.27091791	-0.58445905	12.96204028	-0.26988088
-0.41135761	12.92540710	-0.12959332	-0.41194232	12.92400642	-0.12868326
-0.46954104	12.95693335	-0.65112445	-0.47046611	12.95558343	-0.65012967
-0.45801356	12.98869909	-0.62215891	-0.45897166	12.98736643	-0.62116588
-0.54199915	12.98613092	-0.60480391	-0.54294310	12.98465974	-0.60375575
-0.55761869	12.95817429	-0.63141350	-0.55853320	12.95668148	-0.63035880
-0.67124508	12.96586401	-0.50459625	-0.67210459	12.96415221	-0.50349461
-0.69514510	12.93815426	-0.51149021	-0.69596355	12.93640358	-0.51038458
-0.64104929	12.94986827	-0.58385717	-0.64192462	12.94822021	-0.58276954
-0.62051135	12.97689083	-0.56545190	-0.62142189	12.97527657	-0.56436920
-0.63962765	12.99533683	-0.49509623	-0.64052818	12.99367612	-0.49400315
-0.59352939	13.00297940	-0.53793385	-0.59446505	13.00140668	-0.53685965
-0.52404903	13.01109702	-0.56491871	-0.52500969	13.00964839	-0.56387948
-0.69582844	12.92936644	-0.41740424	-0.69658753	12.92759003	-0.41630341
-0.67196805	12.95803555	-0.42271940	-0.67277534	12.95630160	-0.42162197
-0.60601577	12.98868226	-0.36221513	-0.60683478	12.98704147	-0.36114868
-0.63880574	12.98894761	-0.43117401	-0.63966519	12.98727140	-0.43008548
-0.55672791	12.99962259	-0.30442646	-0.55752889	12.99804787	-0.30339264
-0.45474189	13.01845544	-0.58134573	-0.45572258	13.01712656	-0.58035077
0.16922447	13.11288994	-0.17274185	0.16842409	13.11236790	-0.17226105
0.13810861	13.15175635	-0.25697091	0.13720346	13.15120911	-0.25645127
0.16592969	13.14020014	-0.27250131	0.16503661	13.13969183	-0.27201453
0.20133384	13.10015885	-0.18510608	0.20054750	13.09967991	-0.18465530
0.11697748	13.15945107	-0.35166888	0.11601642	13.15889785	-0.35113059
0.14321696	13.14865705	-0.36947720	0.14227170	13.14814364	-0.36897053
0.17057890	13.13148901	-0.28277186	0.16969456	13.13099013	-0.28229333
0.20576949	13.09190367	-0.19171125	0.20499065	13.09143127	-0.19126618
0.17714224	13.13928478	-0.28390868	0.17624910	13.13879381	-0.28343466
0.21116498	13.09843665	-0.18662153	0.21038114	13.09797050	-0.18617967
0.15728725	13.14707508	-0.38710380	0.15634594	13.14658382	-0.38661411
0.20118829	13.15356397	-0.41399086	0.20024401	13.15312955	-0.41353741
0.22341291	13.14534319	-0.30274499	0.22251177	13.14491001	-0.30230389
0.25691638	13.10248199	-0.19814667	0.25612445	13.10207229	-0.19773286
0.24855893	12.92647208	-0.05597899	0.24806120	12.92602052	-0.05560293
0.20955337	13.04275527	-0.09954052	0.20888602	13.04226885	-0.09910759
0.24576637	13.03059567	-0.11164592	0.24510625	13.03015402	-0.11124094
0.28808937	12.91402917	-0.06974964	0.28759369	12.91363298	-0.06940555
0.25603428	13.02877442	-0.11232880	0.25537650	13.02834552	-0.11193161
0.29925622	12.91235861	-0.07328733	0.29875746	12.91197685	-0.07294942
0.30119130	13.02802531	-0.12042075	0.30052922	13.02765353	-0.12005383
0.34304228	12.90531979	-0.07970290	0.34254464	12.90498933	-0.07938519
0.37100214	12.71702595	-0.08576822	0.37071094	12.71672930	-0.08551798
0.33086968	12.73005567	-0.08093900	0.33057196	12.72971387	-0.08067222
0.39094354	12.52241494	-0.11835022	0.39083489	12.52215338	-0.11816915
0.35319793	12.54587522	-0.11331841	0.35307424	12.54557107	-0.11312025
0.31952702	12.73201133	-0.07611597	0.31923394	12.73165492	-0.07584448
0.34104439	12.54841492	-0.10833039	0.34092429	12.54809465	-0.10812744
0.29543163	12.56124947	-0.08985658	0.29531651	12.56086678	-0.08962808
0.27747441	12.74852805	-0.05963025	0.27717843	12.74811402	-0.05933066
0.26065594	12.78072326	-0.91556530	0.26033856	12.78050573	-0.91540950
0.24865463	12.85071191	-0.88946315	0.24820652	12.85046471	-0.88924681
0.22877008	12.85637011	-0.82979979	0.22827645	12.85609169	-0.82955586
0.24102401	12.79574599	-0.85446036	0.24062960	12.79549356	-0.85426453
0.23142076	12.92248650	-0.83791768	0.23084609	12.92220278	-0.83764561
0.21129160	12.92070906	-0.78167399	0.21068852	12.92039387	-0.78137895
0.21771564	12.91645814	-0.76371446	0.21710697	12.91614829	-0.76341177
0.24151013	12.80177208	-0.83333194	0.24109088	12.80152291	-0.83311748
0.21206738	12.85695484	-0.81471729	0.21154838	12.85666649	-0.81444135
0.21833133	12.79980798	-0.83848691	0.21790382	12.79954392	-0.83825184
0.20000533	12.92029028	-0.77145116	0.19938441	12.91996491	-0.77113400
0.15903441	12.93211512	-0.75610912	0.15838431	12.93174014	-0.75575791
0.16819304	12.86506503	-0.79569277	0.16764769	12.86472121	-0.79539090
0.17153303	12.80169868	-0.81762060	0.17108627	12.80137777	-0.81736304
0.26760563	12.71062163	-0.94145515	0.26741587	12.71041421	-0.94134286
0.25037491	12.73484672	-0.87956691	0.25009105	12.73462420	-0.87942137
0.25129670	12.75056101	-0.85666899	0.25096298	12.75033663	-0.85649400
0.27015676	12.71430672	-0.87053100	0.26989536	12.71411153	-0.87038873
0.22855458	12.74233379	-0.86621975	0.22822093	12.74209703	-0.86603353
0.17948516	12.73441271	-0.84796736	0.17914221	12.73412566	-0.84775549
0.28225775	12.32248644	-0.16060118	0.28236871	12.32212922	-0.16049142
0.29838502	12.41890309	-0.12568527	0.29838627	12.41855272	-0.12552517
0.34601283	12.41831223	-0.14221997	0.34599305	12.41803384	-0.14207571
0.33237201	12.34918755	-0.17562043	0.33241460	12.34892460	-0.17551381
0.34977894	12.43104900	-0.14937672	0.34974174	12.43077812	-0.14922897
0.35975279	12.41164064	-0.14736620	0.35973043	12.41138227	-0.14722713
0.34657551	12.34420475	-0.18205080	0.34657579	12.34398047	-0.18194223
0.39730489	12.37917840	-0.15618305	0.39730195	12.37897268	-0.15606174
0.10604323	13.13527357	-0.45737774	0.10507692	13.13473800	-0.45684211
0.13620927	13.12237057	-0.47235655	0.13526687	13.12187687	-0.47185742
0.10996952	13.08400108	-0.56694088	0.10905670	13.08350545	-0.56644741
0.14558728	13.06904514	-0.57862919	0.14470613	13.06859478	-0.57817408
0.14841671	13.11123930	-0.47956966	0.14749337	13.11076261	-0.47908802
0.15419122	13.11762908	-0.47981652	0.15326432	13.11715627	-0.47934064
0.16489327	13.06241320	-0.57537397	0.16403363	13.06198233	-0.57494145
0.19118792	13.06814987	-0.61534827	0.19034106	13.06775592	-0.61493907
0.18955547	13.12398649	-0.51319776	0.18863005	13.12356211	-0.51275418
0.20856850	12.99816084	-0.73530726	0.20785003	12.99782372	-0.73496433
0.18685826	12.99311764	-0.68662055	0.18612158	12.99274801	-0.68625391
0.17228025	12.99616526	-0.68575202	0.17152561	12.99578105	-0.68536526
0.13353595	13.01063227	-0.67356342	0.13274421	13.01020092	-0.67313699
0.38247968	13.08709316	-0.25369826	0.38169347	13.08684084	-0.25335366
0.41947854	13.00663189	-0.17078925	0.41881777	13.00640680	-0.17047621
0.45011974	12.87613643	-0.12580271	0.44962274	12.87593629	-0.12553034
0.30218914	12.98875341	-0.85531125	0.30154372	12.98854371	-0.85502422
0.32812369	12.91138357	-0.94564359	0.32761829	12.91123996	-0.94541084
0.28240522	13.05760552	-0.74208768	0.28163003	13.05734125	-0.74175172
0.12811479	12.95196879	-0.04855257	0.12759565	12.95136084	-0.04807948
0.10417297	13.05621148	-0.09122786	0.10348959	13.05558165	-0.09070005
0.08077279	13.12018935	-0.15982550	0.07995520	13.11954603	-0.15925200
0.07517528	13.02359931	-0.61268060	0.07434027	13.02308294	-0.61218962
0.05400293	13.08835935	-0.53291748	0.05306971	13.08779101	-0.53236253
0.09578750	12.95196753	-0.66883643	0.09507781	12.95150191	-0.66841645
0.46738960	12.68140620	-0.12755214	0.46710627	12.68122726	-0.12734121
0.47957063	12.47297389	-0.15779922	0.47948147	12.47282111	-0.15765178
0.33977084	12.83084684	-1.00009764	0.33942149	12.83074170	-0.99993759
0.34268001	12.75567180	-1.03004823	0.34245154	12.75557013	-1.02992682
0.48245237	12.33646007	-0.19755258	0.48245592	12.33635717	-0.19747228
0.34345025	12.69575497	-1.04996620	0.34333922	12.69566281	-1.04989367
0.15597690	12.46354488	-0.10095027	0.15598301	12.46299754	-0.10070062
0.16000507	12.61925552	-0.06957173	0.15986271	12.61869661	-0.06925443
0.10121069	12.75159037	-0.74142642	0.10078271	12.75118426	-0.74113749
0.10025457	12.82007523	-0.71692045	0.09973109	12.81964935	-0.71658679
0.14852059	12.79796649	-0.04635371	0.14818598	12.79738460	-0.04594909
0.10117277	12.88544900	-0.69811176	0.10055362	12.88500908	-0.69773676
0.31648025	13.14027342	-0.49134408	0.31556892	13.13998948	-0.49096181
0.29087509	13.11187067	-0.61873728	0.29000055	13.11158249	-0.61836264
0.34745273	13.13173380	-0.36519144	0.34657257	13.13145947	-0.36481804
0.04978314	13.15613043	-0.33099994	0.04881580	13.15548567	-0.33038739
0.04642568	13.13354796	-0.43373594	0.04545082	13.13293256	-0.43313536
0.06192893	13.15234565	-0.23974586	0.06101616	13.15169335	-0.23914124
0.88438745	11.97010859	-0.58422277	0.88455897	11.97033189	-0.58422975
0.81676000	12.01719950	-0.47386000	0.81676000	12.01719950	-0.47386000
0.92657706	11.94414452	-0.71251250	0.92690228	11.94447364	-0.71248360
0.91318646	12.01055072	-0.71699743	0.91345268	12.01086983	-0.71695331
0.87602386	12.05615036	-0.63066997	0.87617586	12.05639868	-0.63063446
0.80624758	12.11684944	-0.52754043	0.80630419	12.11698049	-0.52749161
0.96126917	11.93792161	-0.83630798	0.96169819	11.93832556	-0.83624734
0.98137996	11.95480959	-0.94726982	0.98185274	11.95527156	-0.94718221
0.94754090	12.07228362	-0.93018289	0.94787145	12.07270525	-0.93007898
0.93254322	12.04118839	-0.81300119	0.93284296	12.04156376	-0.81292884
0.98093050	11.99756053	-1.04012462	0.98139793	11.99804056	-1.04001822
0.94607237	12.07214776	-1.12684853	0.94649652	12.07260484	-1.12673412
0.92181814	12.13437326	-1.10432122	0.92217102	12.13480420	-1.10420329
0.94532284	12.10758756	-1.02773797	0.94566563	12.10802818	-1.02761978
0.86471205	12.18923899	-1.21806605	0.86506496	12.18962839	-1.21795699
0.74662717	12.33772408	-1.26923616	0.74686373	12.33797541	-1.26914915
0.74938931	12.36587121	-1.19730252	0.74956621	12.36611785	-1.19720980
0.86153108	12.23484012	-1.15515317	0.86181155	12.23521863	-1.15503545
0.60223871	12.48388290	-1.23790466	0.60229576	12.48392390	-1.23791397
0.47077044	12.61410990	-1.15224406	0.47075153	12.61411701	-1.15222304
0.49420000	12.61570000	-1.07906000	0.49420000	12.61570000	-1.07906000
0.61447000	12.50220000	-1.16283000	0.61447000	12.50220000	-1.16283000
0.38234827	12.64686801	-1.04895039	0.38231729	12.64682397	-1.04891935
0.33094419	12.64633394	-0.95543640	0.33088644	12.64622256	-0.95538722
0.37140000	12.64100070	-0.89641000	0.37140000	12.64100070	-0.89641000
0.41679000	12.64250090	-0.98287004	0.41679000	12.64250090	-0.98287004
0.31117606	12.67748717	-0.89489566	0.31101897	12.67733478	-0.89480180
0.30553907	12.70503890	-0.86677857	0.30529658	12.70487730	-0.86665226
0.33301590	12.69335461	-0.80939961	0.33273892	12.69321216	-0.80925935
0.34382654	12.66848460	-0.83823945	0.34363252	12.66837629	-0.83815234
0.29643205	12.69226496	-0.87044293	0.29619359	12.69209662	-0.87031051
0.25265003	12.68214685	-0.84039533	0.25238489	12.68194047	-0.84024054
0.29252587	12.67954382	-0.77104842	0.29223611	12.67935579	-0.77089012
0.33178750	12.68196025	-0.80792576	0.33151394	12.68181689	-0.80778215
0.14417861	12.71636595	-0.71009747	0.14379135	12.71600145	-0.70984086
0.01036225	12.76866063	-0.56662766	0.00986461	12.76811005	-0.56622118
0.01438857	12.80550740	-0.48909117	0.01386208	12.80492541	-0.48864943
0.16759124	12.73142676	-0.63457603	0.16716384	12.73106288	-0.63430202
-0.10676760	12.80988559	-0.50096657	-0.10729736	12.80914077	-0.50038781
-0.21481364	12.84064787	-0.50289685	-0.21540654	12.83972284	-0.50216672
-0.21864033	12.90801840	-0.44101060	-0.21931634	12.90707029	-0.44024713
-0.10921595	12.86827642	-0.42952733	-0.10981356	12.86749787	-0.42890080
-0.32059844	12.86091195	-0.56174562	-0.32128513	12.85981415	-0.56089286
-0.41948154	12.87227572	-0.62904176	-0.42025231	12.87100484	-0.62809069
-0.43625907	12.89855377	-0.57656108	-0.43703576	12.89725093	-0.57560117
-0.33037305	12.91273521	-0.50551194	-0.33111034	12.91160882	-0.50464407
-0.50759333	12.87510778	-0.65684820	-0.50839014	12.87369526	-0.65584028
-0.58713073	12.87028798	-0.64500226	-0.58790940	12.86874271	-0.64394619
-0.58622425	12.87179271	-0.60957303	-0.58698148	12.87024232	-0.60852164
-0.52981933	12.88132822	-0.60838518	-0.53059146	12.87987619	-0.60736447
-0.66083413	12.85951324	-0.59343837	-0.66156145	12.85782750	-0.59236453
-0.70935863	12.84014049	-0.51418897	-0.71002489	12.83836376	-0.51310768
-0.67242336	12.85617385	-0.48565017	-0.67309777	12.85445273	-0.48457919
-0.63559988	12.86824216	-0.56232229	-0.63632793	12.86659678	-0.56125702
-0.71337907	12.81012792	-0.41973987	-0.71395017	12.80831917	-0.41866217
-0.68525277	12.76128272	-0.33129835	-0.68569673	12.75950798	-0.33023256
-0.66381661	12.76860864	-0.34408887	-0.66427971	12.76687022	-0.34303750
-0.67720148	12.81660720	-0.40307486	-0.67777283	12.81485710	-0.40201439
-0.63687745	12.68617472	-0.26998581	-0.63716729	12.68446279	-0.26895060
-0.56204452	12.62598177	-0.22265891	-0.56219134	12.62437901	-0.22171722
-0.54570157	12.68627905	-0.25268328	-0.54597826	12.68471196	-0.25174311
-0.62278975	12.72944588	-0.30150153	-0.62316766	12.72776243	-0.30048213
-0.45482311	12.62218542	-0.17540800	-0.45493997	12.62075211	-0.17456884
-0.32718624	12.60381603	-0.13974379	-0.32727067	12.60259020	-0.13904217
-0.31052249	12.65836325	-0.16770393	-0.31070694	12.65717649	-0.16699206
-0.43717992	12.68068406	-0.20408195	-0.43741441	12.67928719	-0.20324409
-0.18884799	12.50250198	-0.12861056	-0.18883674	12.50150808	-0.12810307
-0.03883669	12.38966308	-0.13857649	-0.03873565	12.38887906	-0.13825178
-0.03763850	12.45984179	-0.16875716	-0.03763937	12.45907801	-0.16839757
-0.17846782	12.56584088	-0.15661278	-0.17855310	12.56487651	-0.15608201
0.12292216	12.33216946	-0.16093302	0.12304901	12.33160128	-0.16073651
0.25145990	12.31628850	-0.18722395	0.25156948	12.31590325	-0.18710522
0.22955502	12.37631747	-0.23839999	0.22955758	12.37593628	-0.23823948
0.11189773	12.39988650	-0.20137865	0.11191957	12.39932933	-0.20114114
0.30061231	12.35190255	-0.20826652	0.30064300	12.35161497	-0.20815127
0.28429365	12.43593708	-0.27669276	0.28420789	12.43564684	-0.27653714
0.27668968	12.40792109	-0.26305402	0.27663843	12.40761681	-0.26290576
0.31179876	12.34303702	-0.22103773	0.31177595	12.34281807	-0.22093523
0.34620000	12.27620000	-0.23202000	0.34620000	12.27620000	-0.23202000
0.31764676	12.33065277	-0.28939711	0.31761889	12.33046894	-0.28933498
0.28394475	12.39456161	-0.27837593	0.28388629	12.39429255	-0.27824931
0.44425997	12.21770000	-0.27141000	0.44425997	12.21770000	-0.27141000
0.57587000	12.16340070	-0.32883000	0.57587000	12.16340070	-0.32883000
0.56880132	12.24321890	-0.38205099	0.56881300	12.24321605	-0.38201089
0.42677365	12.28524022	-0.32701762	0.42678230	12.28516385	-0.32697372
0.70622003	12.08180000	-0.39380000	0.70622003	12.08180000	-0.39380000
0.69967423	12.18249811	-0.44661738	0.69970380	12.18255830	-0.44657954
0.76404178	12.39860264	-1.04584192	0.76411321	12.39887471	-1.04572637
0.86844698	12.25155745	-1.04454938	0.86865687	12.25193064	-1.04442670
0.78183105	12.38186324	-0.85741859	0.78183021	12.38212371	-0.85728973
0.87654931	12.22974602	-0.90420138	0.87671394	12.23010009	-0.90408600
0.79484708	12.26657526	-0.67031206	0.79487693	12.26679249	-0.67021354
0.87611055	12.15516376	-0.75253649	0.87627052	12.15547528	-0.75244743
0.53013177	12.60967566	-0.90041051	0.52997231	12.60973023	-0.90029886
0.64511347	12.52491042	-0.98859377	0.64504284	12.52504313	-0.98850373
0.56036437	12.54016432	-0.68843318	0.56016572	12.54020533	-0.68829997
0.67467691	12.48187547	-0.77833328	0.67455392	12.48202733	-0.77820283
0.56803450	12.38746379	-0.50899109	0.56795712	12.38747699	-0.50889683
0.69040496	12.34269695	-0.58702302	0.69035762	12.34281333	-0.58692887
-0.22847549	12.90163784	-0.35597631	-0.22909726	12.90065429	-0.35520353
-0.12244856	12.86051946	-0.34215352	-0.12301788	12.85971568	-0.34149727
-0.24891640	12.84162607	-0.27076284	-0.24942137	12.84058155	-0.27001257
-0.14142807	12.79420818	-0.25917123	-0.14186644	12.79334552	-0.25853473
-0.02332037	12.72884048	-0.29793074	-0.02369785	12.72815308	-0.29746215
-0.00180623	12.79652819	-0.39274794	-0.00230405	12.79590019	-0.39227390
-0.28070144	12.74914718	-0.20984634	-0.28104593	12.74802745	-0.20911706
-0.16155715	12.67912812	-0.19924664	-0.16181226	12.67820947	-0.19866513
-0.03375969	12.59537983	-0.22302325	-0.03394790	12.59464968	-0.22260497
-0.56571201	12.89887577	-0.52664331	-0.56646857	12.89734747	-0.52560759
-0.59914250	12.88943250	-0.43501055	-0.59984285	12.88782348	-0.43397038
-0.49697373	12.90999457	-0.37358089	-0.49766096	12.90854227	-0.37260948
-0.46450969	12.92612483	-0.47882412	-0.46527138	12.92475667	-0.47785235
-0.61381397	12.81490788	-0.35774307	-0.61435805	12.81325466	-0.35672160
-0.52439440	12.80544476	-0.29967619	-0.52488602	12.80392304	-0.29872709
-0.34798587	12.92526514	-0.41130207	-0.34869089	12.92408700	-0.41042927
-0.37370297	12.88714524	-0.31361106	-0.37430345	12.88589362	-0.31275087
-0.40723309	12.78725773	-0.24704131	-0.40765843	12.78592189	-0.24619690
0.28668671	12.63752378	-0.64667633	0.28637320	12.63729336	-0.64648705
0.32855007	12.63462591	-0.67053650	0.32824430	12.63444164	-0.67036618
0.26106189	12.56960610	-0.49671202	0.26080488	12.56932334	-0.49650055
0.30743552	12.56917060	-0.50701986	0.30717918	12.56893688	-0.50682524
0.31148969	12.58712935	-0.49142221	0.31121853	12.58689734	-0.49122896
0.32944815	12.64888795	-0.66211727	0.32912928	12.64870025	-0.66194467
0.33705415	12.63148043	-0.68499261	0.33675960	12.63130424	-0.68483329
0.31412375	12.57305901	-0.50642615	0.31386555	12.57283516	-0.50624178
0.34686657	12.55396891	-0.54738169	0.34663130	12.55378735	-0.54721578
0.36728289	12.61336083	-0.73589042	0.36703417	12.61322335	-0.73575011
0.32369525	12.43824940	-0.39613434	0.32357854	12.43803656	-0.39600242
0.29068158	12.48432571	-0.37218285	0.29052894	12.48406079	-0.37201476
0.28477680	12.48830768	-0.36713860	0.28462226	12.48802873	-0.36695896
0.23753305	12.47340677	-0.35077937	0.23739408	12.47307462	-0.35058617
0.44036687	12.55389251	-0.60961981	0.44014134	12.55381408	-0.60946965
0.43436451	12.62201226	-0.81187910	0.43415377	12.62197174	-0.81175306
0.43083178	12.41150334	-0.44380816	0.43073708	12.41140844	-0.44370987
0.13103615	12.63529751	-0.40292044	0.13072344	12.63484214	-0.40260910
0.15594378	12.70681408	-0.52509700	0.15553596	12.70641077	-0.52479417
0.11474646	12.51667765	-0.28841877	0.11458929	12.51616603	-0.28813532
0.14964915	13.13936015	-0.38207408	0.14871605	13.13885889	-0.38157910
0.24914494	13.02443388	-0.11890231	0.24848723	13.02399914	-0.11850076
0.29048296	12.91078202	-0.07918554	0.28998382	12.91039113	-0.07884393
0.32196120	12.73147420	-0.08662310	0.32165979	12.73112437	-0.08635243
0.34412995	12.55288057	-0.11818475	0.34399968	12.55256852	-0.11798281
0.23255997	12.85574622	-0.80867125	0.23205199	12.85547102	-0.80841511
0.33726322	12.37150581	-0.18263527	0.33726500	12.37125805	-0.18251536
0.16315064	13.05726440	-0.57814011	0.16229515	13.05683500	-0.57770659
0.19036476	12.98797270	-0.67996673	0.18963104	12.98760660	-0.67960043
0.89861956	11.96485963	-0.57070008	0.89878281	11.96508720	-0.57070066
0.82706128	12.01970842	-0.45665641	0.82705132	12.01970804	-0.45665661
0.94408814	11.93000094	-0.70383421	0.94441992	11.93034320	-0.70379672
0.75031016	12.33644706	-1.28471204	0.75055568	12.33670455	-1.28462343
0.46107193	12.62003323	-1.16583855	0.46104863	12.62004369	-1.16581635
0.35263189	12.65711526	-1.05705744	0.35257718	12.65703651	-1.05700907
0.28581710	12.65965584	-0.95815656	0.28573083	12.65948105	-0.95809017
0.26963503	12.68962185	-0.89599570	0.26944203	12.68942467	-0.89588701
0.25132945	12.70119079	-0.88170238	0.25105517	12.70099466	-0.88154190
0.20284732	12.68683458	-0.86316016	0.20257043	12.68658673	-0.86298191
0.11290468	12.70769236	-0.74714690	0.11253804	12.70730878	-0.74688833
0.00279392	12.74017920	-0.61443113	0.00232748	12.73964450	-0.61404151
-0.20668675	12.77829195	-0.54510714	-0.20720137	12.77739532	-0.54441237
-0.31051487	12.81958876	-0.59380389	-0.31115407	12.81851759	-0.59296787
-0.49518917	12.88090613	-0.67899292	-0.49601232	12.87951364	-0.67799107
-0.57730823	12.88238210	-0.66723412	-0.57812161	12.88085709	-0.66617751
-0.72179439	12.84455188	-0.52551815	-0.72247349	12.84275850	-0.52443078
-0.19095720	12.51182332	-0.10640869	-0.19093728	12.51081396	-0.10589179
0.14060436	12.34782230	-0.13616070	0.14072483	12.34726463	-0.13596440
0.30749471	12.37998518	-0.22053773	0.30747412	12.37971817	-0.22041370
0.38268964	12.29227712	-0.19404713	0.38269127	12.29216851	-0.19399060
0.46909494	12.23661985	-0.23808543	0.46911126	12.23657048	-0.23804514
0.71397570	12.09193113	-0.37175480	0.71397264	12.09193864	-0.37175632
0.29119161	12.51145201	-0.36507986	0.29101525	12.51117983	-0.36489852
0.57603875	12.77878969	-0.53640555	0.57558233	12.77880949	-0.53619342
0.29353275	12.98644359	-0.52203564	0.29280209	12.98615612	-0.52169629
0.02205304	12.98708257	-0.24843121	0.02133249	12.98641693	-0.24784258
0.08965055	13.07054802	-0.29414523	0.08882044	13.06996135	-0.29360436
0.31063180	12.86456023	-0.28702407	0.31009915	12.86425051	-0.28672017
0.01924784	12.96144682	-0.40810937	0.01852110	12.96082625	-0.40756186
0.11180683	13.03988790	-0.40506054	0.11099167	13.03936279	-0.40456900
0.35825692	12.82221888	-0.68790687	0.35775102	12.82205064	-0.68766640
0.14795699	13.02149965	-0.16742460	0.14727004	13.02095880	-0.16695270
0.21266255	12.81249585	-0.78785037	0.21219817	12.81220548	-0.78760105
0.32201462	12.75626078	-0.52538388	0.32156084	12.75602955	-0.52513978
0.32021834	12.88517682	-0.83582720	0.31969374	12.88499575	-0.83558180
0.39172172	12.43373741	-0.24273283	0.39164592	12.43355986	-0.24260290
0.23353650	13.04270689	-0.43660753	0.23273588	13.04232838	-0.43621069
0.47012909	12.68511878	-0.66330297	0.46977500	12.68506660	-0.66312091
0.69154821	12.75279460	-0.76777772	0.69116812	12.75296873	-0.76756767
0.31866412	12.93508431	-0.19196238	0.31808173	12.93475447	-0.19163488
-0.43699456	12.89361188	-0.22801028	-0.43757158	12.89221474	-0.22710118
0.14234643	13.07446364	-0.23600996	0.14155599	13.07392616	-0.23551757
0.31355049	12.94442068	-0.68082909	0.31289085	12.94419191	-0.68053076
-0.52407929	12.89261051	-0.26809705	-0.52468409	12.89108011	-0.26712166
0.21773848	13.02631332	-0.31790212	0.21698254	13.02588960	-0.31749102
0.28758029	12.45500189	-0.19775960	0.28751061	12.45467780	-0.19759043
0.10714645	13.09258761	-0.35651234	0.10627124	13.09203530	-0.35598781
0.19826029	13.07310753	-0.47807989	0.19740535	13.07269446	-0.47765433
0.24998237	12.60796009	-0.23970141	0.24974738	12.60759319	-0.23945390
0.15748548	12.93347230	-0.49909011	0.15679485	12.93304190	-0.49869231
0.26906312	12.88877400	-0.82543699	0.26852465	12.88853330	-0.82517924
0.27683653	12.83823125	-0.82933463	0.27636896	12.83800786	-0.82910832
0.21981684	13.01849892	-0.53508025	0.21903019	13.01813157	-0.53469291
0.36927091	12.79556623	-0.19155315	0.36884104	12.79529886	-0.19128387
0.49298486	12.59177586	-0.42925448	0.49272664	12.59170540	-0.42909346
0.30048390	12.75907532	-0.88358045	0.30017907	12.75890527	-0.88342815
0.15061249	12.96106539	-0.63454933	0.14989823	12.96065263	-0.63415960
0.38971322	12.37375208	-0.22022455	0.38969636	12.37359166	-0.22012043
0.35474639	12.48126686	-0.30921755	0.35461394	12.48105374	-0.30906400
0.18725884	12.86205928	-0.17762718	0.18676020	12.86157971	-0.17723470
0.38572701	12.72976837	-0.90709145	0.38549713	12.72970994	-0.90698200
0.29066037	12.79115652	-0.84422759	0.29026876	12.79095940	-0.84403906
0.13387353	13.10698259	-0.26775387	0.13301995	13.10643840	-0.26724448
0.41029285	12.60408990	-0.24308055	0.41005975	12.60389531	-0.24288639
0.20687404	12.85731754	-0.76387586	0.20633853	12.85700681	-0.76359424
0.42262722	12.71315509	-0.82323402	0.42232800	12.71309736	-0.82307701
0.82104369	12.75047461	-0.86269561	0.82068702	12.75077366	-0.86246498
0.55999162	12.79343978	-0.92274450	0.55963860	12.79353158	-0.92255129
0.33569407	12.68202649	-0.19350010	0.33538811	12.68173219	-0.19325580
0.24491106	12.75737316	-0.17429355	0.24453700	12.75696588	-0.17397853
