0.84962011	12.73701181	-0.41995900	0.84982401	12.73683130	-0.42007135
0.82127446	12.87521731	-0.44862637	0.82164969	12.87505176	-0.44875353
0.89719970	12.83390914	-0.54682342	0.89744980	12.83369252	-0.54696822
0.92873067	12.70072815	-0.53221918	0.92883192	12.70049915	-0.53234864
0.77912580	12.96623141	-0.50894153	0.77958881	12.96610949	-0.50906753
0.85898070	12.92004570	-0.58977073	0.85931396	12.91985664	-0.58991591
0.90813753	12.87710945	-0.65004591	0.90838530	12.87688166	-0.65019618
0.94628624	12.80720310	-0.64428824	0.94645998	12.80695075	-0.64443352
0.97997705	12.67815535	-0.64522790	0.98003440	12.67789599	-0.64535744
0.71675144	12.76675306	-1.16375701	0.71677209	12.76668657	-1.16378325
0.83903255	12.71619388	-1.14186847	0.83903248	12.71604599	-1.14192430
0.80743644	12.82268816	-1.07312563	0.80749239	12.82255297	-1.07318409
0.68529541	12.86898882	-1.08999410	0.68535608	12.86892840	-1.09001681
0.94009074	12.68243050	-1.07896173	0.94008045	12.68221153	-1.07904201
0.90695489	12.79351276	-1.02035821	0.90701316	12.79331323	-1.02044686
0.86737723	12.86199061	-0.96983636	0.86748803	12.86180955	-0.96993425
0.78865562	12.90291597	-0.98528185	0.78878789	12.90278348	-0.98535874
0.66671213	12.94896117	-0.99082269	0.66685597	12.94890599	-0.99086493
0.59560057	12.83461941	-0.20804686	0.59614074	12.83463656	-0.20805742
0.57810105	12.97178337	-0.25548384	0.57886962	12.97183843	-0.25547206
0.71150760	12.92376421	-0.34841092	0.71206583	12.92368162	-0.34848719
0.73234339	12.78431280	-0.30807105	0.73270014	12.78420824	-0.30814590
0.54792884	13.05843506	-0.33980956	0.54879075	13.05855154	-0.33978274
0.67569520	13.01437282	-0.42417537	0.67634547	13.01434844	-0.42424644
0.46688565	12.88199023	-1.06336860	0.46693669	12.88205642	-1.06329850
0.59317975	12.82764304	-1.13613571	0.59319827	12.82764195	-1.13611813
0.56246194	12.92009870	-1.06375786	0.56254667	12.92010762	-1.06374573
0.43851764	12.96473865	-0.98879573	0.43867772	12.96485403	-0.98873124
0.54238972	12.99493723	-0.96218015	0.54258726	12.99498527	-0.96218167
0.41786384	13.03460206	-0.88611716	0.41815850	13.03480272	-0.88605313
-0.01130268	12.99204586	-0.06266483	-0.00987880	12.99316599	-0.06176401
-0.13948180	13.00487371	-0.08294819	-0.13797444	13.00638715	-0.08168374
-0.14145836	13.07905442	-0.12806589	-0.13974624	13.08069169	-0.12659800
-0.01658907	13.07989931	-0.10534384	-0.01491877	13.08111422	-0.10425929
-0.25847738	13.00812467	-0.11754211	-0.25697740	13.01014024	-0.11589753
-0.25925554	13.07039974	-0.16437176	-0.25762751	13.07255397	-0.16249307
-0.26082616	13.11327416	-0.22848211	-0.25918705	13.11567989	-0.22640664
-0.14342412	13.12727851	-0.19318046	-0.14166355	13.12910895	-0.19156933
-0.02138509	13.13486374	-0.17031183	-0.01963285	13.13623125	-0.16910917
0.03002595	12.98319741	-0.58796512	0.03043590	12.98484306	-0.58724582
0.01578326	13.04581582	-0.56167981	0.01643806	13.04752277	-0.56086252
-0.06566460	13.05144490	-0.54907625	-0.06501360	13.05382390	-0.54787293
-0.05234083	12.99482088	-0.56603102	-0.05194848	12.99711005	-0.56501172
-0.00263054	13.09989697	-0.51313216	-0.00164618	13.10168014	-0.51214976
-0.08637407	13.09758500	-0.51215864	-0.08545649	13.10000114	-0.51077610
-0.18178037	13.09511033	-0.52549181	-0.18108428	13.09840584	-0.52362513
-0.15981314	13.05439592	-0.56312714	-0.15936770	13.05765779	-0.56150885
-0.14561415	13.00319218	-0.58273871	-0.14539984	13.00641621	-0.58140849
0.98613359	12.28936523	-0.67127976	0.98591801	12.28916065	-0.67137047
0.96560961	12.07060212	-0.68737610	0.96533634	12.07044561	-0.68743972
0.91296916	12.09735465	-0.55216827	0.91277727	12.09727019	-0.55223003
0.92726731	12.30409333	-0.53629588	0.92708366	12.30395275	-0.53637501
0.83485137	12.14719994	-0.43106518	0.83470352	12.14718795	-0.43110721
0.84163670	12.32930981	-0.41115099	0.84147776	12.32923240	-0.41122233
0.97911764	12.38050386	-1.14073728	0.97890380	12.38024001	-1.14080804
0.88439287	12.44104347	-1.20992207	0.88423063	12.44084155	-1.20997709
0.87976915	12.28158785	-1.23484387	0.87946913	12.28137896	-1.23489506
0.97163405	12.18927767	-1.15618636	0.97127684	12.18901767	-1.15624777
0.75734400	12.51720601	-1.23900259	0.75728928	12.51711732	-1.23904252
0.75356158	12.39705117	-1.27049671	0.75337503	12.39695194	-1.27054411
0.86747996	12.17690320	-1.24273564	0.86708671	12.17670289	-1.24278263
0.95272688	12.05471215	-1.15436506	0.95227071	12.05447177	-1.15440205
0.99215196	12.49823940	-0.65649727	0.99206386	12.49799480	-0.65660575
0.93527944	12.51423123	-0.53021281	0.93521413	12.51402994	-0.53032263
0.85089168	12.54270000	-0.40845006	0.85086750	12.54254357	-0.40855071
0.86777993	12.58752214	-1.18312912	0.86772177	12.58735750	-1.18318461
0.96671612	12.54486517	-1.11713119	0.96661690	12.54461995	-1.11720862
0.74260284	12.64504469	-1.20826311	0.74257840	12.64497615	-1.20829876
0.59787778	12.42070271	-0.22605106	0.59775218	12.42075309	-0.22610706
0.59876589	12.63531263	-0.20329629	0.59895244	12.63533582	-0.20332302
0.73186562	12.58549486	-0.29751636	0.73191133	12.58542758	-0.29759616
0.72537752	12.37146343	-0.30848133	0.72523394	12.37145279	-0.30854212
0.46863569	12.70497381	-1.15059535	0.46863445	12.70500225	-1.15056931
0.61206921	12.61510685	-1.21935689	0.61207034	12.61510647	-1.21937506
0.60865546	12.71943544	-1.18573877	0.60866368	12.71942990	-1.18574444
0.47343538	12.78894271	-1.11681502	0.47344817	12.78897343	-1.11675782
0.58623066	12.17505605	-0.30182397	0.58619710	12.17508310	-0.30183021
0.59565640	12.28135909	-0.26266922	0.59549997	12.28141210	-0.26270205
0.72196399	12.21675377	-0.33769945	0.72181378	12.21677746	-0.33773554
0.60081392	12.48702027	-1.25188339	0.60076339	12.48704642	-1.25189630
0.60692843	12.53441384	-1.24357418	0.60690734	12.53442653	-1.24358472
0.46265337	12.64923885	-1.16632668	0.46264851	12.64926835	-1.16631576
-0.00618718	12.71447865	-0.06503725	-0.00570263	12.71562077	-0.06462217
-0.15393078	12.78406572	-0.07086355	-0.15322065	12.78560672	-0.07012493
-0.14256015	12.90654549	-0.06639761	-0.14138675	12.90803702	-0.06537505
-0.00482223	12.86852840	-0.05266880	-0.00381471	12.86961849	-0.05201659
-0.28917285	12.83668447	-0.09367279	-0.28827071	12.83873463	-0.09255016
-0.26963411	12.93151012	-0.09558827	-0.26838396	12.93350068	-0.09417368
0.02454947	12.85370046	-0.61820690	0.02454290	12.85534327	-0.61759580
0.03132681	12.91908125	-0.60517016	0.03149835	12.92071799	-0.60453159
-0.05017174	12.93292815	-0.57668871	-0.05002234	12.93519918	-0.57582868
-0.05956821	12.86868078	-0.58175504	-0.05970821	12.87105250	-0.58100088
-0.14309355	12.94609531	-0.59239995	-0.14312137	12.94933892	-0.59124650
-0.15387012	12.88582943	-0.59317847	-0.15419464	12.88918853	-0.59224315
-0.03803469	12.41966203	-0.12159770	-0.03838227	12.42101109	-0.12143777
-0.17657228	12.63762309	-0.09063848	-0.17637119	12.63931859	-0.09019501
-0.02235020	12.54444267	-0.09033300	-0.02235477	12.54570551	-0.09007914
-0.32789121	12.63217263	-0.12891709	-0.32776965	12.63444225	-0.12843431
-0.31329952	12.71944375	-0.10754138	-0.31286468	12.72159994	-0.10677644
0.01361508	12.78771786	-0.63038795	0.01338571	12.78941515	-0.62978924
-0.08063027	12.80339264	-0.58045625	-0.08115893	12.80599439	-0.57981851
-0.09995153	12.77711581	-0.56120099	-0.10076941	12.77990943	-0.56061141
-0.17940022	12.82407906	-0.58338779	-0.18008234	12.82763568	-0.58268160
-0.38148823	13.00728326	-0.16518322	-0.38009229	13.00991170	-0.16316007
-0.37382475	13.05853626	-0.20942056	-0.37235061	13.06132328	-0.20718203
-0.49250493	13.00228407	-0.22025392	-0.49126942	13.00551795	-0.21780793
-0.47308193	13.04414987	-0.26007257	-0.47182334	13.04751200	-0.25748658
-0.45146772	13.07888462	-0.30916382	-0.45023735	13.08239690	-0.30645232
-0.36427868	13.09723453	-0.26717290	-0.36281090	13.10023571	-0.26476419
-0.26654106	13.05990378	-0.57852027	-0.26638498	13.06445250	-0.57619934
-0.25187541	13.01439937	-0.60583166	-0.25186713	13.01887879	-0.60381060
-0.28779459	13.09845707	-0.53718697	-0.28758939	13.10330424	-0.53471891
-0.38094623	13.08489473	-0.54577844	-0.38059590	13.08951180	-0.54313470
-0.36605695	13.05562671	-0.59198758	-0.36587929	13.06044102	-0.58953979
-0.35623734	13.01882811	-0.62744456	-0.35622531	13.02379944	-0.62521972
-0.25329309	12.96616151	-0.62416159	-0.25347191	12.97070163	-0.62244743
-0.36411081	12.98081514	-0.65384671	-0.36431561	12.98594205	-0.65180696
-0.37871523	12.94409133	-0.66958913	-0.37907719	12.94935804	-0.66771864
-0.26614388	12.91697257	-0.63103019	-0.26650437	12.92159675	-0.62957254
-0.53679619	12.89578383	-0.18245926	-0.53586094	12.89900214	-0.18038642
-0.55735322	12.77398438	-0.19105751	-0.55690624	12.77729856	-0.18950995
-0.63371266	12.81207252	-0.24706296	-0.63329310	12.81594078	-0.24507092
-0.61556537	12.90800400	-0.24366191	-0.61477066	12.91180675	-0.24125427
-0.56586753	12.66977038	-0.21075507	-0.56587404	12.67321848	-0.20975102
-0.64112356	12.72982479	-0.26112495	-0.64105202	12.73377183	-0.25959691
-0.68987958	12.80108400	-0.32905457	-0.68977785	12.80559424	-0.32690287
-0.68373332	12.85322405	-0.32178511	-0.68339594	12.85767803	-0.31937814
-0.66794207	12.91635072	-0.32160607	-0.66736381	12.92075459	-0.31895725
-0.45664868	12.65813760	-0.16360421	-0.45654748	12.66094373	-0.16287355
-0.44475238	12.75401711	-0.14268338	-0.44425324	12.75673100	-0.14151833
-0.42170037	12.87310327	-0.13172045	-0.42073150	12.87573796	-0.13010599
-0.47459166	12.95873007	-0.67878250	-0.47496471	12.96427363	-0.67652461
-0.48121393	12.93195290	-0.69030357	-0.48169390	12.93758397	-0.68815328
-0.39063425	12.91071145	-0.67286221	-0.39110960	12.91602911	-0.67114121
-0.56081477	12.96139077	-0.65773052	-0.56112711	12.96695680	-0.65518768
-0.56531088	12.93499695	-0.67337352	-0.56571854	12.94063042	-0.67094069
-0.40142326	12.89341184	-0.66310733	-0.40194546	12.89871930	-0.66145417
-0.28621821	12.86846287	-0.62542190	-0.28676717	12.87313137	-0.62421310
0.89799537	12.88527263	-0.90117636	0.89815079	12.88506480	-0.90129648
0.79803552	12.95235093	-0.88732131	0.79824767	12.95221532	-0.88742725
0.91442756	12.89961882	-0.81246157	0.91463895	12.89939074	-0.81259932
0.81937362	12.97221496	-0.78283265	0.81965494	12.97205895	-0.78296315
0.70915758	13.02811668	-0.74162082	0.70955444	13.02806392	-0.74171236
0.67928349	13.00390583	-0.87077298	0.67955196	13.00386469	-0.87084523
0.91535556	12.89580682	-0.72059433	0.91558912	12.89557402	-0.72074430
0.83639605	12.96349121	-0.67627519	0.83673315	12.96332286	-0.67641362
0.74198031	13.01627062	-0.61438779	0.74242345	13.01619259	-0.61449953
0.99962739	12.67185154	-0.98417081	0.99961778	12.67158705	-0.98427223
0.96178428	12.79339617	-0.93924132	0.96186133	12.79314916	-0.93935049
1.02248979	12.67230633	-0.87282697	1.02249427	12.67202033	-0.87294209
0.98145024	12.80273995	-0.84246317	0.98156436	12.80246908	-0.84259004
1.01361432	12.67136061	-0.75956271	1.01364302	12.67107768	-0.75968846
0.97538756	12.80230249	-0.74311324	0.97553158	12.80203282	-0.74325040
0.55924754	13.04966804	-0.82571540	0.55960350	13.04974544	-0.82573959
0.59606250	13.07544010	-0.67686922	0.59656050	13.07551536	-0.67692187
0.47255055	13.11480274	-0.59403620	0.47323342	13.11507744	-0.59397723
0.43517145	13.08823927	-0.74610540	0.43566282	13.08852729	-0.74604148
0.63607292	13.06422556	-0.53868885	0.63668598	13.06426596	-0.53874999
0.51139745	13.10545794	-0.45584184	0.51221572	13.10566197	-0.45579286
-0.38810680	13.09978174	-0.48731789	-0.38745986	13.10407393	-0.48459025
-0.47207309	13.08115455	-0.50000501	-0.47155357	13.08574595	-0.49714809
-0.45286696	13.07163811	-0.54279936	-0.45253667	13.07640400	-0.54003787
-0.39914445	13.10292290	-0.42437020	-0.39825384	13.10685583	-0.42163711
-0.49352745	13.08116515	-0.45543236	-0.49283666	13.08558301	-0.45251455
-0.57844291	13.05533292	-0.48499299	-0.57793805	13.06017518	-0.48194316
-0.54124084	13.05874774	-0.51764364	-0.54084680	13.06363280	-0.51470085
-0.50387585	13.05845691	-0.54410720	-0.50357816	13.06336175	-0.54128340
-0.42330399	13.09718392	-0.36445765	-0.42219149	13.10085955	-0.36171359
-0.50656383	13.07497369	-0.40429525	-0.50570737	13.07916596	-0.40137145
-0.52064402	13.05884818	-0.35409257	-0.51965747	13.06284561	-0.35122884
-0.56697841	13.04275296	-0.38658703	-0.56616596	13.04708227	-0.38364524
-0.57947231	13.04935508	-0.43478242	-0.57880517	13.05395891	-0.43176048
-0.01730315	13.13822202	-0.43022913	-0.01601300	13.13999102	-0.42909953
-0.10972327	13.12868736	-0.44070770	-0.10850407	13.13103599	-0.43918192
-0.02585001	13.15890104	-0.33438173	-0.02431016	13.16060376	-0.33315685
-0.12945110	13.14493310	-0.35373479	-0.12795546	13.14713433	-0.35212000
-0.23183598	13.13076352	-0.38177909	-0.23049905	13.13364950	-0.37962066
-0.20721382	13.11983553	-0.46064966	-0.20618163	13.12298879	-0.45860044
-0.02582536	13.15951977	-0.24718448	-0.02412366	13.16106904	-0.24593418
-0.14015828	13.14684397	-0.26981486	-0.13848543	13.14887396	-0.26815697
-0.25083632	13.13097106	-0.30267000	-0.24930682	13.13362008	-0.30052373
0.99049968	11.97579576	-1.05802724	0.99006649	11.97555852	-1.05806185
1.01284801	12.12062803	-1.05599544	1.01248116	12.12036441	-1.05605896
0.99285204	11.93088607	-0.95263134	0.99249670	11.93066128	-0.95265382
1.01857784	12.07744865	-0.94178437	1.01823113	12.07720492	-0.94184249
1.03753363	12.29506329	-0.92620575	1.03728035	12.29479027	-0.92628782
1.02645369	12.32962971	-1.04211549	1.02621156	12.32934771	-1.04219402
0.97403872	11.91434133	-0.83371169	0.97371108	11.91413410	-0.83372243
1.00173693	12.06225247	-0.81840881	1.00141221	12.06203633	-0.81846347
1.02353244	12.28405988	-0.80192280	1.02329079	12.28381195	-0.80200939
1.02194295	12.51537795	-1.01780146	1.02182788	12.51509770	-1.01789079
1.04031008	12.49787558	-0.90263619	1.04018983	12.49758879	-0.90273690
1.02880656	12.49242797	-0.78141119	1.02869890	12.49214929	-0.78151742
-0.64620573	12.95324491	-0.60507592	-0.64635172	12.95875858	-0.60226426
-0.65272387	12.92371911	-0.61797996	-0.65297164	12.92927582	-0.61526128
-0.70325587	12.93985911	-0.52519825	-0.70320363	12.94521350	-0.52229963
-0.71338501	12.90369415	-0.53233563	-0.71345443	12.90909285	-0.52954560
-0.65427178	12.90033308	-0.62013835	-0.65457249	12.90589405	-0.61750915
-0.70400114	12.92715000	-0.42319081	-0.70369708	12.93215275	-0.42035183
-0.71709491	12.88188692	-0.42544698	-0.71698424	12.88696942	-0.42275540
-0.71973662	12.84620817	-0.42827832	-0.71979360	12.85131768	-0.42571153
-0.30099040	13.11327542	-0.47421737	-0.30025834	13.11729812	-0.47165476
-0.31682164	13.11863249	-0.40252283	-0.31570515	13.12214691	-0.40001881
-0.34180119	13.11519169	-0.33281673	-0.34046274	13.11838492	-0.33035415
-0.59550205	12.96070690	-0.25508132	-0.59453959	12.96449786	-0.25246810
-0.51416810	12.96223702	-0.19327382	-0.51299947	12.96542090	-0.19095586
-0.65050828	12.95688943	-0.32979035	-0.64980383	12.96126279	-0.32699913
-0.62757000	12.98703182	-0.34595191	-0.62680237	12.99139211	-0.34308802
-0.57262817	12.99331071	-0.27860362	-0.57162276	12.99713483	-0.27590044
-0.39884113	12.95154792	-0.13928710	-0.39759265	12.95415550	-0.13742255
-0.46172354	12.98927848	-0.65934025	-0.46194840	12.99468224	-0.65696886
-0.44975330	13.02064379	-0.62989684	-0.44978729	13.02585361	-0.62740661
-0.53369587	13.01773559	-0.61213714	-0.53372212	13.02305525	-0.60941434
-0.54954946	12.98990123	-0.63900184	-0.54973310	12.99537680	-0.63636392
-0.66236144	12.99719804	-0.51193332	-0.66210849	13.00240197	-0.50890440
-0.68648514	12.96959528	-0.51897622	-0.68632849	12.97488497	-0.51599684
-0.63268010	12.98132736	-0.59141997	-0.63272384	12.98676967	-0.58853817
-0.61196753	13.00825145	-0.57280387	-0.61188635	13.01356955	-0.56987432
-0.63040473	13.02642957	-0.50224643	-0.63003444	13.03149693	-0.49917583
-0.58464998	13.03410551	-0.54505480	-0.58441504	13.03923406	-0.54208621
-0.51538629	13.04234967	-0.57207340	-0.51521959	13.04742906	-0.56929188
-0.68684718	12.96058686	-0.42485625	-0.68643425	12.96552970	-0.42192689
-0.66274929	12.98909597	-0.43008302	-0.66226153	12.99397201	-0.42710295
-0.59567112	13.01891113	-0.36953513	-0.59487486	13.02326617	-0.36661286
-0.62922738	13.01972119	-0.43839175	-0.62866676	13.02450899	-0.43536227
-0.54515444	13.02883978	-0.31194035	-0.54412739	13.03272167	-0.30914904
-0.44605775	13.04976357	-0.58856910	-0.44590151	13.05475099	-0.58594054
0.18399828	13.12295418	-0.18219554	0.18552463	13.12373506	-0.18158683
0.15452085	13.16244833	-0.26687219	0.15606843	13.16338507	-0.26618231
0.18187315	13.15014915	-0.28207013	0.18332676	13.15101645	-0.28147339
0.21560763	13.10943409	-0.19419906	0.21703085	13.11013557	-0.19368085
0.13373840	13.17051600	-0.36172486	0.13515684	13.17161594	-0.36100527
0.15947150	13.15889563	-0.37925729	0.16078813	13.15990748	-0.37864349
0.18623712	13.14126418	-0.29226387	0.18762992	13.14212460	-0.29169297
0.21982342	13.10104616	-0.20073316	0.22120031	13.10174475	-0.20023653
0.19291983	13.14892023	-0.29334228	0.19432305	13.14976782	-0.29278183
0.22530006	13.10748342	-0.19559995	0.22669291	13.10816665	-0.19510997
0.17334929	13.15689078	-0.39670975	0.17460470	13.15786402	-0.39614950
0.21714876	13.16224062	-0.42314611	0.21834755	13.16309194	-0.42268227
0.23910206	13.15387454	-0.31177732	0.24043703	13.15461348	-0.31132357
0.27102166	13.11050250	-0.20674353	0.27237488	13.11108990	-0.20633031
0.25775110	12.93505156	-0.06395097	0.25882621	12.93553692	-0.06362257
0.22198501	13.05205807	-0.10836293	0.22337266	13.05267521	-0.10786782
0.25786714	13.03908009	-0.12005173	0.25917477	13.03962799	-0.11963170
0.29698977	12.92167058	-0.07726068	0.29798785	12.92208726	-0.07698803
0.26803862	13.03703429	-0.12061602	0.26932753	13.03756614	-0.12021617
0.30812768	12.91975364	-0.08069740	0.30911057	12.92015642	-0.08043984
0.31306850	13.03525977	-0.12828690	0.31431062	13.03569263	-0.12796697
0.35172284	12.91178941	-0.08675952	0.35265580	12.91211423	-0.08655184
0.37553502	12.72285687	-0.09156853	0.37599069	12.72313910	-0.09147688
0.33567394	12.73669326	-0.08705605	0.33617823	12.73703860	-0.08692473
0.39180643	12.52760679	-0.12277188	0.39181972	12.52788396	-0.12276702
0.35443319	12.55183475	-0.11811874	0.35449739	12.55217280	-0.11808657
0.32431787	12.73890253	-0.08233600	0.32483270	12.73926362	-0.08219514
0.34226951	12.55465826	-0.11322873	0.34233927	12.55501511	-0.11319201
0.29669219	12.56859739	-0.09522446	0.29679752	12.56903492	-0.09516211
0.28253362	12.75642960	-0.06631973	0.28311837	12.75686747	-0.06614491
0.26547470	12.78445116	-0.91921506	0.26551077	12.78476331	-0.91901075
0.25552392	12.85510835	-0.89434948	0.25561629	12.85549824	-0.89413266
0.23622063	12.86165961	-0.83520292	0.23632066	12.86219269	-0.83495162
0.24685754	12.80043142	-0.85886892	0.24688224	12.80089266	-0.85862701
0.24037489	12.92779018	-0.84391801	0.24056900	12.92829522	-0.84368157
0.22061153	12.92681682	-0.78801599	0.22084571	12.92744107	-0.78773346
0.22709446	12.92254208	-0.77014424	0.22733577	12.92318386	-0.76985992
0.24767905	12.80655922	-0.83803706	0.24770939	12.80707051	-0.83778164
0.21992068	12.86256102	-0.82065939	0.22002103	12.86318697	-0.82037307
0.22460983	12.80490910	-0.84355041	0.22462460	12.80548113	-0.84325307
0.20959297	12.92674107	-0.77813509	0.20983272	12.92744112	-0.77782613
0.16905457	12.93975195	-0.76334291	0.16931972	12.94061181	-0.76297415
0.17645260	12.87194490	-0.80204358	0.17657723	12.87271816	-0.80170083
0.17804782	12.80814080	-0.82309269	0.17806036	12.80889060	-0.82273982
0.27047574	12.71398065	-0.94413162	0.27047118	12.71424914	-0.94391981
0.25443791	12.73888589	-0.88297514	0.25439797	12.73928670	-0.88272879
0.25607230	12.75480005	-0.86056555	0.25603217	12.75525285	-0.86030836
0.27380822	12.71792822	-0.87374022	0.27374341	12.71830961	-0.87349928
0.23326342	12.74686375	-0.87028603	0.23318669	12.74738116	-0.86998778
0.18418172	12.74012919	-0.85245914	0.18406011	12.74082022	-0.85208213
0.27916792	12.32936670	-0.16373793	0.27876750	12.32987547	-0.16374627
0.29733149	12.42564779	-0.12969884	0.29716317	12.42607800	-0.12968632
0.34524559	12.42377898	-0.14586444	0.34508786	12.42411416	-0.14585987
0.33049155	12.35426694	-0.17849392	0.33021127	12.35461313	-0.17848946
0.34931592	12.43638697	-0.15310489	0.34917623	12.43671734	-0.15309525
0.35899785	12.41677608	-0.15087474	0.35883494	12.41708953	-0.15087190
0.34565052	12.34858916	-0.18482890	0.34547776	12.34885646	-0.18484957
0.39624353	12.38340805	-0.15925408	0.39605722	12.38365562	-0.15926935
0.12204817	13.14633934	-0.46730722	0.12320392	13.14756608	-0.46662245
0.15172242	13.13250259	-0.48194192	0.15279843	13.13360644	-0.48136060
0.12442801	13.09441278	-0.57631009	0.12524252	13.09563421	-0.57573708
0.15952815	13.07833838	-0.58754565	0.16027324	13.07939546	-0.58707395
0.16355185	13.12097665	-0.48894646	0.16457288	13.12203050	-0.48840969
0.16942839	13.12726402	-0.48913081	0.17046025	13.12829677	-0.48860786
0.17853303	13.07118647	-0.58404250	0.17925361	13.07215660	-0.58361995
0.20467158	13.07610053	-0.62371333	0.20534376	13.07696400	-0.62335991
0.20469921	13.13256897	-0.52213120	0.20565245	13.13348055	-0.52170904
0.21990201	13.00477776	-0.74255553	0.22030704	13.00547047	-0.74227013
0.19837599	13.00054961	-0.69419347	0.19882148	13.00135513	-0.69385378
0.18406405	13.00398431	-0.69357495	0.18452471	13.00485097	-0.69320099
0.14588540	13.01955977	-0.68193064	0.14639146	13.02058535	-0.68148267
0.39586096	13.09220100	-0.26129709	0.39698289	13.09254692	-0.26109763
0.43069896	13.01122191	-0.17782912	0.43171434	13.01146579	-0.17767932
0.45829487	12.88026116	-0.13202512	0.45904872	12.88043657	-0.13193270
0.31244220	12.99256757	-0.86162731	0.31271633	12.99292668	-0.86148184
0.33604476	12.91375904	-0.95080349	0.33617133	12.91398700	-0.95066515
0.29486018	13.06263824	-0.74934081	0.29535138	13.06312890	-0.74916634
0.13834660	12.96328246	-0.05782785	0.13959247	12.96400793	-0.05728507
0.11755145	13.06805106	-0.10118019	0.11909222	13.06888589	-0.10045863
0.09638275	13.13255060	-0.17034551	0.09803887	13.13355308	-0.16949578
0.08801592	13.03461837	-0.62183955	0.08860144	13.03595212	-0.62123058
0.06873120	13.10051784	-0.54289444	0.06962283	13.10198054	-0.54214409
0.10652787	12.96182437	-0.67711507	0.10687738	12.96301303	-0.67661815
0.47146103	12.68513791	-0.13252055	0.47178680	12.68528673	-0.13249513
0.48000921	12.47627499	-0.16140049	0.47994621	12.47643686	-0.16141760
0.34520517	12.83241354	-1.00371028	0.34525535	12.83256417	-1.00358342
0.34625217	12.75699202	-1.03276107	0.34626615	12.75710653	-1.03263299
0.48151427	12.33887234	-0.19958009	0.48133642	12.33902214	-0.19960431
0.34525733	12.69685533	-1.05157856	0.34524944	12.69695517	-1.05147395
0.15520799	12.47389221	-0.10669707	0.15508762	12.47465376	-0.10661889
0.16225551	12.62976072	-0.07650217	0.16252090	12.63048299	-0.07633318
0.10689083	12.76028904	-0.74731689	0.10678389	12.76137591	-0.74684240
0.10765045	12.82917449	-0.72364218	0.10768170	12.83029356	-0.72317472
0.15498747	12.80874999	-0.05462195	0.15577028	12.80943790	-0.05427881
0.11009965	12.89488263	-0.70554895	0.11024523	12.89603862	-0.70507132
0.33148255	13.14596339	-0.49950141	0.33242303	13.14651658	-0.49927463
0.30499821	13.11755207	-0.62670687	0.30571965	13.11812699	-0.62650406
0.36221414	13.13730223	-0.37321521	0.36330229	13.13777718	-0.37297778
0.06691565	13.16908313	-0.34184116	0.06842155	13.17041447	-0.34090990
0.06270530	13.14637069	-0.44419103	0.06395323	13.14782957	-0.44328812
0.07884547	13.16513046	-0.25056511	0.08049215	13.16628696	-0.24964007
0.88193499	11.96684080	-0.58419870	0.88177830	11.96674506	-0.58418538
0.81676000	12.01719950	-0.47386000	0.81676000	12.01719950	-0.47386000
0.92210023	11.93914512	-0.71293145	0.92182715	11.93897668	-0.71291783
0.90930795	12.00562990	-0.71774899	0.90902287	12.00546240	-0.71775761
0.87357758	12.05238382	-0.63135030	0.87334163	12.05226278	-0.63136755
0.80502867	12.11490540	-0.52845895	0.80483886	12.11485186	-0.52849010
0.95538416	11.93169617	-0.83722281	0.95505446	11.93148695	-0.83723045
0.97478603	11.94774670	-0.94858572	0.97443103	11.94752209	-0.94860550
0.94254524	12.06566698	-0.93185977	0.94220120	12.06544951	-0.93189380
0.92810350	12.03532022	-0.81422074	0.92778211	12.03511728	-0.81424238
0.97404387	11.99005585	-1.04174007	0.97362328	11.98982396	-1.04176781
0.93940940	12.06469407	-1.12864187	0.93897086	12.06446529	-1.12867476
0.91620318	12.12735659	-1.10625809	0.91581902	12.12714357	-1.10629380
0.93997136	12.10057133	-1.02969223	0.93960362	12.10035154	-1.02973275
0.85886111	12.18269839	-1.21985825	0.85847887	12.18250752	-1.21990304
0.74256503	12.33347002	-1.27076891	0.74230399	12.33337967	-1.27081239
0.74637887	12.36174310	-1.19898444	0.74616070	12.36164919	-1.19902908
0.85689531	12.22858844	-1.15717183	0.85656460	12.22840432	-1.15721683
0.60124805	12.48310775	-1.23775877	0.60119422	12.48313147	-1.23776915
0.47108370	12.61372615	-1.15267796	0.47107692	12.61375070	-1.15267141
0.49420000	12.61570000	-1.07906000	0.49420000	12.61570000	-1.07906000
0.61447000	12.50220000	-1.16283000	0.61447000	12.50220000	-1.16283000
0.38289118	12.64732047	-1.04961755	0.38287281	12.64737554	-1.04956791
0.33182056	12.64802923	-0.95651552	0.33179030	12.64819383	-0.95638570
0.37140000	12.64100070	-0.89641000	0.37140000	12.64100070	-0.89641000
0.41679000	12.64250090	-0.98287004	0.41679000	12.64250090	-0.98287004
0.31339788	12.68012740	-0.89706055	0.31337205	12.68036495	-0.89688278
0.30893827	12.70799925	-0.86963152	0.30888276	12.70829168	-0.86943995
0.33679945	12.69624575	-0.81249077	0.33670845	12.69658054	-0.81233279
0.34644857	12.67064081	-0.84027154	0.34640322	12.67087536	-0.84016011
0.29965699	12.69533585	-0.87332525	0.29954433	12.69564501	-0.87309212
0.25608355	12.68623943	-0.84374259	0.25591570	12.68674866	-0.84344084
0.29626564	12.68344427	-0.77448890	0.29613161	12.68393277	-0.77424524
0.33541136	12.68487422	-0.81103023	0.33527697	12.68521416	-0.81084822
0.14902377	12.72414732	-0.71540797	0.14885553	12.72512313	-0.71497750
0.01552792	12.78178630	-0.57481061	0.01520619	12.78355547	-0.57423888
0.02093143	12.81829376	-0.49791199	0.02090043	12.81991877	-0.49737502
0.17298065	12.73921809	-0.64029376	0.17285313	12.74019199	-0.63991867
-0.10196053	12.82855380	-0.51263974	-0.10235154	12.83116342	-0.51200235
-0.20901442	12.86486323	-0.51520843	-0.20930560	12.86831805	-0.51426739
-0.21036176	12.93114421	-0.45267930	-0.21012918	12.93429901	-0.45148667
-0.10143512	12.88585030	-0.44099667	-0.10126866	12.88815073	-0.44021639
-0.31379986	12.89072809	-0.57281541	-0.31410129	12.89521752	-0.57140992
-0.41204161	12.90441385	-0.63918111	-0.41244049	12.90960873	-0.63742978
-0.42829486	12.92984649	-0.58594577	-0.42845118	12.93478800	-0.58399700
-0.32222444	12.94179967	-0.51551084	-0.32214545	12.94603997	-0.51382890
-0.49977849	12.90723307	-0.66572298	-0.50023498	12.91276158	-0.66363291
-0.57908432	12.90173259	-0.65320139	-0.57948879	12.90729574	-0.65086700
-0.57823563	12.90314637	-0.61786471	-0.57854737	12.90856494	-0.61551917
-0.52188253	12.91286363	-0.61707136	-0.52218163	12.91818170	-0.61488651
-0.65286136	12.89097047	-0.60161182	-0.65313964	12.89645425	-0.59903064
-0.70136675	12.87158132	-0.52231550	-0.70153423	12.87690406	-0.51967654
-0.66433329	12.88733483	-0.49369135	-0.66435584	12.89244730	-0.49113773
-0.62755629	12.89950198	-0.57046657	-0.62773319	12.90482171	-0.56795337
-0.70554189	12.84142776	-0.42779355	-0.70561408	12.84647998	-0.42530014
-0.67822566	12.79267159	-0.33929851	-0.67818757	12.79719053	-0.33723325
-0.65670513	12.79965437	-0.35216227	-0.65667781	12.80415178	-0.35012723
-0.66934288	12.84766154	-0.41110831	-0.66931868	12.85248737	-0.40874041
-0.63128952	12.71691764	-0.27838457	-0.63130780	12.72092362	-0.27695782
-0.55791944	12.65527112	-0.23142418	-0.55803352	12.65881327	-0.23053379
-0.54029095	12.71524396	-0.26160178	-0.54025118	12.71885567	-0.26039734
-0.61636932	12.75994158	-0.30988629	-0.61633978	12.76406885	-0.30823513
-0.45127662	12.64889373	-0.18469506	-0.45124964	12.65177941	-0.18402527
-0.32466889	12.62696867	-0.14965180	-0.32457909	12.62926946	-0.14917435
-0.30651329	12.68102060	-0.17795463	-0.30630578	12.68335803	-0.17733873
-0.43227313	12.70701046	-0.21350218	-0.43210658	12.70997068	-0.21256323
-0.18905920	12.52132613	-0.13750024	-0.18920342	12.52313597	-0.13722820
-0.04122182	12.40451111	-0.14545262	-0.04161843	12.40588559	-0.14529652
-0.03825338	12.47440529	-0.17611858	-0.03847889	12.47578870	-0.17590740
-0.17701008	12.58424209	-0.16589081	-0.17700544	12.58606193	-0.16552830
0.11971456	12.34297110	-0.16576461	0.11925053	12.34388714	-0.16572112
0.24840519	12.32370152	-0.19056173	0.24796855	12.32430412	-0.19055863
0.22844129	12.38370448	-0.24251824	0.22811904	12.38436920	-0.24248168
0.11059080	12.41054666	-0.20689369	0.11026882	12.41151108	-0.20680527
0.29898348	12.35749734	-0.21139074	0.29867624	12.35793271	-0.21137330
0.28474735	12.44156430	-0.28063244	0.28455599	12.44205798	-0.28056974
0.27653323	12.41381395	-0.26687075	0.27629324	12.41432834	-0.26682294
0.31141090	12.34712297	-0.22375470	0.31125104	12.34741229	-0.22373166
0.34620000	12.27620000	-0.23202000	0.34620000	12.27620000	-0.23202000
0.31741947	12.33403696	-0.29118580	0.31722676	12.33435424	-0.29110124
0.28402999	12.39967620	-0.28166035	0.28382825	12.40012366	-0.28159417
0.44425997	12.21770000	-0.27141000	0.44425997	12.21770000	-0.27141000
0.57587000	12.16340070	-0.32883000	0.57587000	12.16340070	-0.32883000
0.56802548	12.24347842	-0.38308623	0.56783794	12.24354157	-0.38310143
0.42600984	12.28674518	-0.32827816	0.42581791	12.28690847	-0.32826280
0.70622003	12.08180000	-0.39380000	0.70622003	12.08180000	-0.39380000
0.69870089	12.18173774	-0.44750727	0.69851570	12.18173670	-0.44753332
0.76275497	12.39414503	-1.04797655	0.76256318	12.39403616	-1.04800831
0.86500683	12.24549806	-1.04667821	0.86470799	12.24531812	-1.04672122
0.78160978	12.37772660	-0.85978650	0.78139729	12.37762290	-0.85981881
0.87383402	12.22411229	-0.90621803	0.87354240	12.22393610	-0.90626325
0.79396750	12.26323621	-0.67219291	0.79371925	12.26314854	-0.67223536
0.87347530	12.15033077	-0.75412200	0.87318133	12.15017707	-0.75416415
0.53248301	12.60893973	-0.90268758	0.53240334	12.60899921	-0.90265778
0.64618790	12.52281023	-0.99034625	0.64609210	12.52279062	-0.99034823
0.56296194	12.53978411	-0.69136200	0.56282060	12.53989511	-0.69134637
0.67628320	12.47956093	-0.78095971	0.67612031	12.47954938	-0.78097334
0.56853439	12.38756444	-0.51124640	0.56831808	12.38767513	-0.51125619
0.69059678	12.34101687	-0.58903276	0.69037956	12.34101111	-0.58906470
-0.21979143	12.92273575	-0.36770067	-0.21927565	12.92544036	-0.36649613
-0.11402916	12.87706045	-0.35400734	-0.11363268	12.87915380	-0.35320082
-0.24074501	12.86263467	-0.28214079	-0.24019480	12.86508694	-0.28106239
-0.13436844	12.81130598	-0.27056166	-0.13395026	12.81325449	-0.26984785
-0.01783485	12.74251516	-0.30717292	-0.01764868	12.74402491	-0.30671589
0.00508160	12.80947298	-0.40221960	0.00525877	12.81101223	-0.40170408
-0.27433381	12.77099288	-0.22068877	-0.27393725	12.77335293	-0.21982516
-0.15724418	12.69690853	-0.20940714	-0.15700879	12.69878406	-0.20885344
-0.03116598	12.60952162	-0.23133770	-0.03113959	12.61095303	-0.23100439
-0.55742300	12.92969343	-0.53485187	-0.55742828	12.93469732	-0.53247278
-0.59062462	12.91986562	-0.44312293	-0.59040033	12.92453640	-0.44069425
-0.48790114	12.93867347	-0.38221983	-0.48742249	12.94266608	-0.38006875
-0.45591637	12.95579185	-0.48753132	-0.45571920	12.96026108	-0.48537350
-0.60603768	12.84528173	-0.36599798	-0.60586623	12.84964861	-0.36389387
-0.51661002	12.83424238	-0.30844011	-0.51628489	12.83798497	-0.30669070
-0.33922398	12.95168240	-0.42111077	-0.33883364	12.95532500	-0.41935134
-0.36478396	12.91240713	-0.32341658	-0.36419628	12.91557379	-0.32178050
-0.39992611	12.81300277	-0.25667477	-0.39950333	12.81602933	-0.25533656
0.29059368	12.64242857	-0.65089560	0.29042108	12.64305828	-0.65066334
0.33236084	12.63852796	-0.67438128	0.33217912	12.63902308	-0.67418685
0.26402787	12.57543911	-0.50153818	0.26381356	12.57614980	-0.50135361
0.31037497	12.57401201	-0.51159824	0.31015153	12.57458574	-0.51145957
0.31477665	12.59189400	-0.49594118	0.31462756	12.59245098	-0.49580725
0.33356472	12.65283840	-0.66601236	0.33343307	12.65333640	-0.66582760
0.34086334	12.63516514	-0.68859582	0.34072515	12.63562602	-0.68841269
0.31721886	12.57764712	-0.51075273	0.31705335	12.57819051	-0.51061180
0.34961856	12.55775033	-0.55129075	0.34942107	12.55823141	-0.55116107
0.37052647	12.61627005	-0.73904018	0.37039455	12.61666223	-0.73887657
0.32471176	12.44241363	-0.39945806	0.32451046	12.44285514	-0.39936439
0.29222683	12.48954024	-0.37629414	0.29205827	12.49006002	-0.37619179
0.28627396	12.49386772	-0.37154087	0.28606389	12.49442588	-0.37144832
0.23878530	12.47999249	-0.35537246	0.23856536	12.48067972	-0.35524848
0.44313588	12.55576078	-0.61307422	0.44296226	12.55606741	-0.61299560
0.43730222	12.62302735	-0.81450183	0.43720137	12.62324189	-0.81439394
0.43153691	12.41347607	-0.44635467	0.43131899	12.41373497	-0.44631452
0.13491833	12.64462559	-0.40960767	0.13484650	12.64570518	-0.40932415
0.16115003	12.71531115	-0.53151001	0.16107081	12.71635834	-0.53118167
0.11635316	12.52670516	-0.29466543	0.11620089	12.52774421	-0.29448396
0.16557774	13.14935491	-0.39174093	0.16683040	13.15034468	-0.39116392
0.26113941	13.03282634	-0.12724378	0.26241548	13.03337545	-0.12683412
0.29936390	12.91832307	-0.08665980	0.30033844	12.91874578	-0.08639341
0.32681160	12.73825276	-0.09282583	0.32731873	12.73861664	-0.09268771
0.34550308	12.55898564	-0.12307966	0.34557574	12.55934135	-0.12304487
0.24019581	12.86108761	-0.81424698	0.24030125	12.86165288	-0.81398920
0.33617075	12.37633076	-0.18574841	0.33595997	12.37665429	-0.18574449
0.17666872	13.06605965	-0.58679378	0.17737191	13.06704079	-0.58636401
0.20179346	12.99535200	-0.68751335	0.20223260	12.99615639	-0.68717163
0.89629138	11.96159223	-0.57076553	0.89614805	11.96150469	-0.57075852
0.82720580	12.01977154	-0.45665876	0.82721617	12.01978190	-0.45666109
0.93956502	11.92489461	-0.70434209	0.93929895	11.92473129	-0.70433167
0.74606949	12.33207577	-1.28626671	0.74580200	12.33198081	-1.28631079
0.46144824	12.61953584	-1.16631431	0.46143947	12.61956672	-1.16630442
0.35356425	12.65803046	-1.05811361	0.35354534	12.65811615	-1.05803058
0.28713329	12.66238242	-0.95976976	0.28710566	12.66260968	-0.95959089
0.27232323	12.69309677	-0.89859995	0.27227052	12.69343320	-0.89837735
0.25502532	12.70484711	-0.88511906	0.25486047	12.70530367	-0.88482529
0.20641844	12.69173939	-0.86688384	0.20620528	12.69235901	-0.86650240
0.11743722	12.71589555	-0.75240270	0.11724060	12.71693465	-0.75192098
0.00758140	12.75307282	-0.62218028	0.00720998	12.75483507	-0.62155599
-0.20356767	12.80304053	-0.55877248	-0.20437563	12.80668401	-0.55813370
-0.30504927	12.84999412	-0.60603641	-0.30565086	12.85463439	-0.60487960
-0.48751577	12.91340542	-0.68796045	-0.48803307	12.91903050	-0.68587511
-0.56932198	12.91401835	-0.67536932	-0.56977480	12.91966645	-0.67302080
-0.71376225	12.87606797	-0.53364046	-0.71394173	12.88147149	-0.53094644
-0.19108806	12.53087181	-0.11538365	-0.19120016	12.53266105	-0.11510555
0.13753107	12.35839681	-0.14097814	0.13711805	12.35924980	-0.14093882
0.30685316	12.38514774	-0.22378861	0.30663501	12.38554362	-0.22375694
0.38233513	12.29458525	-0.19530814	0.38225120	12.29471574	-0.19531110
0.46855231	12.23781074	-0.23903478	0.46847513	12.23788650	-0.23906685
0.71400570	12.09192858	-0.37177488	0.71399743	12.09193812	-0.37177552
0.29308729	12.51685344	-0.36947579	0.29293732	12.51738799	-0.36937238
0.58278615	12.77890298	-0.54107234	0.58295112	12.77900106	-0.54108801
0.30498610	12.99223655	-0.52931029	0.30554466	12.99283777	-0.52908597
0.03499325	13.00007222	-0.25964580	0.03602726	13.00137895	-0.25889017
0.10429855	13.08210090	-0.30445980	0.10551927	13.08322397	-0.30376268
0.31915318	12.87062525	-0.29388686	0.31972486	12.87109639	-0.29370679
0.03052648	12.97429806	-0.41853415	0.03118139	12.97579669	-0.41783990
0.12505907	13.05065600	-0.41469869	0.12596516	13.05180990	-0.41412371
0.36574896	12.82565380	-0.69309062	0.36587124	12.82603190	-0.69294826
0.16050465	13.03186921	-0.17684414	0.16174646	13.03270075	-0.17629187
0.21941429	12.81830420	-0.79320344	0.21945442	12.81895990	-0.79290367
0.32843662	12.76107908	-0.53082840	0.32854551	12.76163170	-0.53065069
0.32828217	12.88856865	-0.84119984	0.32841801	12.88889886	-0.84105025
0.39199873	12.43731056	-0.24604412	0.39185323	12.43758670	-0.24602503
0.24656115	13.05028342	-0.44491963	0.24739275	13.05103184	-0.44457532
0.47515711	12.68648022	-0.66724172	0.47513468	12.68671805	-0.66716761
0.69732466	12.75014283	-0.77199913	0.69736796	12.75009449	-0.77204277
0.32852980	12.94153198	-0.19925481	0.32939431	12.94196176	-0.19903531
-0.42669134	12.92031460	-0.23730174	-0.42582088	12.92336607	-0.23546615
0.15651744	13.08488830	-0.24568240	0.15781960	13.08578852	-0.24508313
0.32378366	12.94895869	-0.68720899	0.32413171	12.94943545	-0.68702344
-0.51428642	12.92137412	-0.27660106	-0.51353782	12.92495457	-0.27446039
0.23053894	13.03465386	-0.32648771	0.23152257	13.03539463	-0.32609797
0.28780029	12.46128269	-0.20202798	0.28766979	12.46175719	-0.20198476
0.12208155	13.10366743	-0.36651004	0.12326003	13.10479094	-0.36584224
0.21215012	13.08145652	-0.48676257	0.21302263	13.08232484	-0.48635416
0.25308956	12.61515821	-0.24548117	0.25317818	12.61578373	-0.24534895
0.16779887	12.94246000	-0.50726578	0.16822595	12.94349380	-0.50686192
0.27732821	12.89331221	-0.83106078	0.27747902	12.89375762	-0.83085331
0.28386583	12.84246536	-0.83430657	0.28394863	12.84288690	-0.83410025
0.23218377	13.02598112	-0.54311094	0.23281374	13.02679083	-0.54277792
0.37606021	12.80087098	-0.19774599	0.37657549	12.80121505	-0.19762772
0.49624674	12.59346442	-0.43309374	0.49619666	12.59365726	-0.43308371
0.30498953	12.76214438	-0.88699186	0.30500144	12.76243072	-0.88680807
0.16145981	12.96960216	-0.64243155	0.16184888	12.97058265	-0.64201802
0.38900507	12.37702318	-0.22293069	0.38880831	12.37726455	-0.22292167
0.35594255	12.48552780	-0.31304511	0.35580087	12.48591011	-0.31298843
0.19584404	12.87127292	-0.18596667	0.19658071	12.87203575	-0.18563964
0.38912515	12.73086220	-0.90948686	0.38913362	12.73098169	-0.90939430
0.29644357	12.79486131	-0.84839972	0.29647115	12.79522987	-0.84820533
0.14910850	13.11762495	-0.27760400	0.15047514	13.11858440	-0.27696099
0.41338715	12.60804213	-0.24773667	0.41349779	12.60832078	-0.24769548
0.21482074	12.86355832	-0.76984961	0.21493835	12.86425382	-0.76954559
0.42699350	12.71448092	-0.82654356	0.42695718	12.71467541	-0.82645074
0.82655174	12.74566519	-0.86713458	0.82658535	12.74552091	-0.86720704
0.56546780	12.79204184	-0.92672202	0.56548417	12.79206253	-0.92670314
0.34023483	12.68781625	-0.19922505	0.34052966	12.68822945	-0.19912567
0.25093257	12.76520598	-0.18130839	0.25141209	12.76580570	-0.18110238
