0.86713288	12.72612593	-0.42727296	0.86969400	12.72448851	-0.42834162
0.84241072	12.86517324	-0.45540411	0.84559224	12.86364057	-0.45643481
0.91294317	12.82290395	-0.55509706	0.91541440	12.82114831	-0.55632431
0.94109121	12.68907439	-0.54113604	0.94297392	12.68722875	-0.54241787
0.80080237	12.95770908	-0.51451104	0.80418873	12.95638974	-0.51540846
0.87575431	12.91012766	-0.59699696	0.87846995	12.90852930	-0.59811046
0.92175669	12.86660904	-0.65807041	0.92401131	12.86486645	-0.65928479
0.95820250	12.79585533	-0.65317962	0.96015024	12.79397452	-0.65449233
0.98901346	12.66632073	-0.65482967	0.99043715	12.66436041	-0.65621163
0.71692058	12.76446370	-1.16545747	0.71722361	12.76390284	-1.16579856
0.83888726	12.71109009	-1.14623156	0.83910180	12.71003812	-1.14693034
0.80972861	12.81757522	-1.07658808	0.81041137	12.81655726	-1.07720081
0.68730067	12.86620530	-1.09038475	0.68801413	12.86561397	-1.09059481
0.94055862	12.67457073	-1.08563516	0.94081663	12.67306069	-1.08664971
0.91005440	12.78601148	-1.02631719	0.91080915	12.78458766	-1.02726202
0.87236975	12.85483381	-0.97508190	0.87347223	12.85350213	-0.97594447
0.79369548	12.89716349	-0.98858852	0.79485808	12.89608639	-0.98920181
0.67173144	12.94543474	-0.99103947	0.67297509	12.94477388	-0.99125573
0.62814924	12.82856591	-0.20815719	0.63261497	12.82783281	-0.20835628
0.61422376	12.96670768	-0.25497672	0.61932649	12.96609323	-0.25511784
0.73977917	12.91564988	-0.35243427	0.74387777	12.91448885	-0.35311814
0.75690428	12.77521080	-0.31249913	0.76036135	12.77394217	-0.31320807
0.58315588	13.05484969	-0.33818690	0.58831692	13.05444868	-0.33819780
0.70375275	13.00797128	-0.42701050	0.70798424	13.00704344	-0.42756109
0.46862023	12.88274084	-1.05808334	0.46935786	12.88286437	-1.05754955
0.59364266	12.82718717	-1.13448233	0.59409115	12.82699480	-1.13438940
0.56508290	12.91921150	-1.06106945	0.56597680	12.91900443	-1.06088865
0.44340149	12.96553796	-0.98232141	0.44471799	12.96573180	-0.98168681
0.54858838	12.99361090	-0.95885042	0.55010385	12.99340140	-0.95863429
0.42697574	13.03559903	-0.87857524	0.42899799	13.03589533	-0.87785224
0.05364600	13.01177549	-0.02449224	0.06190224	13.01474546	-0.02063150
-0.07052846	13.03382067	-0.03139733	-0.06183232	13.03789831	-0.02624672
-0.06974036	13.10890153	-0.07614606	-0.06066712	13.11306168	-0.07091178
0.05170547	13.10114660	-0.06628326	0.06045159	13.10423527	-0.06230664
-0.18783834	13.04839268	-0.05034111	-0.17892417	13.05372305	-0.04378820
-0.18767368	13.11183717	-0.09661458	-0.17855548	13.11727664	-0.08994880
-0.19163362	13.15588624	-0.16041003	-0.18267970	13.16150767	-0.15363181
-0.07467284	13.15791110	-0.14108313	-0.06576723	13.16222633	-0.13575377
0.04484853	13.15753672	-0.13121200	0.05351315	13.16080587	-0.12715592
0.04711733	13.00144771	-0.55531704	0.05052148	13.00476104	-0.55169518
0.03811821	13.06452336	-0.52796745	0.04222363	13.06790647	-0.52422273
-0.04268682	13.07532068	-0.50675769	-0.03836103	13.07961524	-0.50205390
-0.03507682	13.01829060	-0.52479258	-0.03145376	13.02251633	-0.52023226
0.02765676	13.11977121	-0.47796596	0.03271490	13.12326250	-0.47406311
-0.05535461	13.12300430	-0.46767733	-0.05015196	13.12740028	-0.46277037
-0.15134580	13.12851552	-0.46934100	-0.14613351	13.13410552	-0.46320495
-0.13918838	13.08559743	-0.50881552	-0.13493982	13.09106817	-0.50288210
-0.13292028	13.03386563	-0.52883404	-0.12947430	13.03931660	-0.52303307
0.98525526	12.27808389	-0.68085871	0.98501694	12.27625722	-0.68218495
0.95933800	12.06032677	-0.69592523	0.95824285	12.05867930	-0.69707082
0.91082885	12.08933876	-0.55940632	0.91040384	12.08810549	-0.56036691
0.92972331	12.29424346	-0.54479816	0.92997121	12.29271566	-0.54594838
0.83639569	12.14226984	-0.43617443	0.83651081	12.14156009	-0.43684315
0.84712511	12.32109957	-0.41795152	0.84778926	12.31989833	-0.41886476
0.97269191	12.37125300	-1.14891352	0.97165032	12.36952953	-1.15008092
0.87887905	12.43457810	-1.21615216	0.87802220	12.43331502	-1.21704526
0.86973472	12.27517645	-1.24187129	0.86805828	12.27393368	-1.24282501
0.96020724	12.18002155	-1.16487796	0.95825653	12.17832079	-1.16607216
0.75474209	12.51460511	-1.24264961	0.75438953	12.51401819	-1.24318642
0.74659340	12.39448689	-1.27501556	0.74548277	12.39391202	-1.27562582
0.85461369	12.17075408	-1.25000876	0.85240329	12.16956846	-1.25095558
0.93803259	12.04582756	-1.16303158	0.93548268	12.04420621	-1.16417119
0.99659017	12.48630920	-0.66642212	0.99722722	12.48435709	-0.66781243
0.94290200	12.50307141	-0.53939979	0.94397859	12.50131219	-0.54067396
0.86237997	12.53235099	-0.41587367	0.86397190	12.53081425	-0.41691214
0.86561324	12.58213506	-1.18846874	0.86540039	12.58102782	-1.18926524
0.96407080	12.53629516	-1.12467594	0.96374116	12.53466430	-1.12578184
0.74105858	12.64294788	-1.21126481	0.74099376	12.64241735	-1.21174471
0.60987674	12.41514366	-0.22739208	0.61139932	12.41451110	-0.22761645
0.62223781	12.62912226	-0.20372874	0.62537373	12.62839771	-0.20391214
0.74838251	12.57685233	-0.30179035	0.75063541	12.57568242	-0.30243393
0.73395110	12.36470527	-0.31262350	0.73502853	12.36381187	-0.31318753
0.46802251	12.70610691	-1.14897846	0.46809370	12.70625264	-1.14881140
0.61107378	12.61534352	-1.21997559	0.61101778	12.61530663	-1.22008871
0.60809437	12.71942678	-1.18580992	0.60820469	12.71929135	-1.18587536
0.47370235	12.78981407	-1.11340121	0.47405759	12.78992328	-1.11304051
0.58712364	12.17414135	-0.30213348	0.58721889	12.17404302	-0.30217569
0.60108143	12.27736859	-0.26423369	0.60170547	12.27691548	-0.26444963
0.72561865	12.21231061	-0.34091823	0.72601291	12.21173324	-0.34133205
0.59799298	12.48778057	-1.25196164	0.59758203	12.48785401	-1.25195824
0.60510883	12.53474837	-1.24355780	0.60487728	12.53474709	-1.24356121
0.46183466	12.65027709	-1.16541374	0.46179983	12.65042864	-1.16532791
0.03719415	12.73326640	-0.03086762	0.04279315	12.73631028	-0.02732975
-0.10277351	12.81265364	-0.02064490	-0.09618234	12.81691971	-0.01559459
-0.08025548	12.93513109	-0.01563075	-0.07238606	12.93924235	-0.01055933
0.05114454	12.88704722	-0.01614767	0.05827924	12.88997169	-0.01244650
-0.23181258	12.87760773	-0.02577114	-0.22442389	12.88324105	-0.01912648
-0.20361036	12.97160543	-0.02780237	-0.19525999	12.97700265	-0.02121936
0.03431222	12.87353119	-0.58568626	0.03660968	12.87699755	-0.58207631
0.04380943	12.93777723	-0.57283752	0.04657915	12.94113903	-0.56924745
-0.03752831	12.95728057	-0.53529131	-0.03450422	12.96157666	-0.53077597
-0.05201680	12.89505408	-0.53930661	-0.04963910	12.89957729	-0.53470928
-0.13724945	12.97784120	-0.53828402	-0.13450637	12.98342750	-0.53249980
-0.15300880	12.91985470	-0.53775610	-0.15088351	12.92570577	-0.53192602
-0.01855566	12.44258772	-0.08951119	-0.01591577	12.44625207	-0.08596499
-0.13979094	12.66879485	-0.04234017	-0.13483589	12.67347516	-0.03731258
0.00683634	12.56535656	-0.05734761	0.01071557	12.56873164	-0.05382097
-0.29557672	12.67856811	-0.06434427	-0.29082839	12.68501148	-0.05759637
-0.26968391	12.76300213	-0.04074635	-0.26373725	12.76906103	-0.03402561
0.02018184	12.80899008	-0.59750399	0.02193505	12.81263741	-0.59383550
-0.07752939	12.83308306	-0.53585696	-0.07578470	12.83801571	-0.53111406
-0.09784388	12.80916630	-0.51485085	-0.09628962	12.81439794	-0.50997388
-0.18370012	12.86239773	-0.52399768	-0.18217438	12.86873178	-0.51792404
-0.31107205	13.06129849	-0.07900513	-0.30205804	13.06808371	-0.07081454
-0.30300154	13.11389824	-0.12326452	-0.29388030	13.12076868	-0.11503769
-0.42284297	13.07171593	-0.11303411	-0.41377852	13.07999035	-0.10315189
-0.40446537	13.11349745	-0.15522278	-0.39543929	13.12169899	-0.14549108
-0.38621415	13.14689285	-0.20767211	-0.37747147	13.15501158	-0.19812573
-0.29693419	13.15266679	-0.18289577	-0.28806635	13.15960195	-0.17471110
-0.24779413	13.09996614	-0.50935780	-0.24355040	13.10693166	-0.50185855
-0.24455421	13.05442722	-0.53691529	-0.24125579	13.06143912	-0.52952605
-0.25566961	13.13725873	-0.46556039	-0.25037153	13.14422936	-0.45791262
-0.35095895	13.14613805	-0.45410812	-0.34543502	13.15447359	-0.44495085
-0.34979403	13.11532970	-0.50141822	-0.34537287	13.12378907	-0.49230119
-0.35540917	13.07773584	-0.53652925	-0.35212923	13.08640623	-0.52736273
-0.25604871	13.00794761	-0.55283980	-0.25358869	13.01519911	-0.54536130
-0.37471261	13.04325204	-0.55958490	-0.37229814	13.05235845	-0.55017717
-0.40140148	13.01151854	-0.56997297	-0.39974990	13.02117100	-0.56018368
-0.27842596	12.96253810	-0.55564521	-0.27669793	12.97019169	-0.54793828
-0.47549871	12.96911768	-0.07030359	-0.46718936	12.97794746	-0.05991487
-0.51439294	12.85216024	-0.08165865	-0.50784093	12.86161475	-0.07113616
-0.59292345	12.90629778	-0.11890712	-0.58617852	12.91715115	-0.10683577
-0.55911547	12.99877866	-0.11257385	-0.55090290	13.00908561	-0.10067115
-0.54088343	12.75219593	-0.10584483	-0.53607712	12.76217361	-0.09528778
-0.61547182	12.82728799	-0.13761138	-0.61020198	12.83857666	-0.12544808
-0.66450810	12.91372870	-0.18865195	-0.65881522	12.92615364	-0.17528091
-0.64832582	12.96359760	-0.17758046	-0.64163894	12.97568481	-0.16429909
-0.62126673	13.02389876	-0.17571472	-0.61358598	13.03553897	-0.16262145
-0.42602492	12.72129899	-0.07899666	-0.42108877	12.72947778	-0.07036445
-0.39930929	12.81377228	-0.05490397	-0.39288572	12.82148740	-0.04629777
-0.36049662	12.92949937	-0.04229814	-0.35249515	12.93669909	-0.03380265
-0.49785390	13.05182550	-0.55698674	-0.49570119	13.06319318	-0.54541665
-0.51501388	13.02931325	-0.56482171	-0.51342991	13.04111499	-0.55295250
-0.42058695	12.98252797	-0.56930526	-0.41940636	12.99257436	-0.55927016
-0.57645027	13.08614345	-0.51047757	-0.57317874	13.09910392	-0.49730251
-0.59146267	13.06342289	-0.52160423	-0.58878799	13.07672966	-0.50816449
-0.43162424	12.96767076	-0.55761970	-0.43046561	12.97786806	-0.54747993
-0.30376151	12.91895976	-0.54533843	-0.30248202	12.92702344	-0.53738817
0.90504867	12.87696872	-0.90752218	0.90645880	12.87546416	-0.90853541
0.80641545	12.94576487	-0.89138292	0.80809801	12.94458691	-0.89211193
0.92425570	12.89021986	-0.81964491	0.92604650	12.88857301	-0.82076757
0.83112120	12.96447356	-0.78811139	0.83326871	12.96314256	-0.78899747
0.72376497	13.02244895	-0.74415365	0.72639037	13.02152593	-0.74469502
0.68877100	12.99943094	-0.87184921	0.69069763	12.99866635	-0.87220647
0.92730874	12.88565491	-0.72838890	0.92937300	12.88393058	-0.72958241
0.85147787	12.95476007	-0.68246775	0.85403903	12.95330598	-0.68346518
0.76065077	13.00923418	-0.61839241	0.76376045	13.00812715	-0.61911158
1.00134389	12.66183110	-0.99242159	1.00176771	12.65999283	-0.99365711
0.96642369	12.78402961	-0.94675811	0.96738942	12.78231582	-0.94791487
1.02612418	12.66108148	-0.88209283	1.02681994	12.65908846	-0.88345845
0.98845971	12.79222380	-0.85097223	0.98975505	12.79035865	-0.85225792
1.01980662	12.65947702	-0.76928989	1.02084276	12.65744554	-0.77070342
0.98484417	12.79117832	-0.75201526	0.98646287	12.78926656	-0.75334284
0.57101519	13.04737939	-0.82327816	0.57335317	13.04706927	-0.82320056
0.61410457	13.07206915	-0.67626239	0.61726715	13.07160491	-0.67641284
0.49596911	13.11457388	-0.58862389	0.49990652	13.11470721	-0.58819091
0.45080491	13.08917762	-0.73901698	0.45376349	13.08949131	-0.73837836
0.65999549	13.05952699	-0.53988311	0.66384360	13.05885623	-0.54024509
0.54181549	13.10367077	-0.45238840	0.54653557	13.10354832	-0.45218664
-0.34701058	13.16170175	-0.39568542	-0.34050073	13.16980995	-0.38660199
-0.43137965	13.16309011	-0.38906719	-0.42467485	13.17259560	-0.37858567
-0.42137137	13.15050288	-0.43548920	-0.41547232	13.15997057	-0.42519159
-0.34698569	13.16587239	-0.33167346	-0.33953492	13.17380181	-0.32264052
-0.44478833	13.16567630	-0.34028713	-0.43734792	13.17522569	-0.32960425
-0.53488013	13.16228938	-0.34699727	-0.52747980	13.17338568	-0.33467494
-0.50367262	13.15948139	-0.38808815	-0.49691322	13.17023807	-0.37630507
-0.47242609	13.15056492	-0.42370924	-0.46634540	13.16086470	-0.41251897
-0.36443359	13.16278795	-0.26788691	-0.35627377	13.17078201	-0.25862896
-0.45075081	13.15970158	-0.28745552	-0.44266782	13.16914542	-0.27672109
-0.46042246	13.14293196	-0.23505940	-0.45192262	13.15232500	-0.22422177
-0.51097102	13.13733545	-0.25558858	-0.50269242	13.14754771	-0.24387537
-0.52998440	13.15208268	-0.29856760	-0.52210683	13.16285274	-0.28641042
0.02385647	13.16015298	-0.39357658	0.03008497	13.16373092	-0.38954187
-0.06781089	13.15641144	-0.39371829	-0.06148595	13.16088877	-0.38861710
0.02608810	13.18179824	-0.29605703	0.03342311	13.18534930	-0.29193099
-0.07693803	13.17475399	-0.30430958	-0.06952902	13.17926266	-0.29905069
-0.17940811	13.17100578	-0.31905586	-0.17199704	13.17674272	-0.31247567
-0.16569964	13.15684203	-0.40137924	-0.15937052	13.16254720	-0.39501068
0.03458901	13.18272664	-0.20839291	0.04275120	13.18616430	-0.20428473
-0.07819764	13.17764976	-0.21851411	-0.06988758	13.18210079	-0.21316817
-0.18891074	13.17360274	-0.23639836	-0.18059248	13.17934525	-0.22965680
0.97527939	11.96550217	-1.06719878	0.97266455	11.96370229	-1.06840681
1.00117905	12.10986022	-1.06552207	0.99917328	12.10795574	-1.06682709
0.97839538	11.92027706	-0.96163478	0.97592572	11.91847269	-0.96280450
1.00763833	12.06617774	-0.95144804	1.00576257	12.06424493	-0.95276059
1.03203960	12.28336984	-0.93602855	1.03110065	12.28133506	-0.93741438
1.02007316	12.31874527	-1.05142145	1.01901075	12.31678916	-1.05274259
0.96138528	11.90397459	-0.84200844	0.95921986	11.90226302	-0.84306545
0.99256654	12.05112050	-0.82770166	0.99098569	12.04926814	-0.82895197
1.01993553	12.27214552	-0.81188398	1.01928314	12.27014899	-0.81327584
1.02001968	12.50483665	-1.02671327	1.01976954	12.50291272	-1.02800826
1.03989877	12.48630464	-0.91249517	1.03985670	12.48426202	-0.91390510
1.03060582	12.48039188	-0.79162131	1.03086851	12.47834257	-0.79306383
-0.65210726	13.10049651	-0.44420827	-0.64763750	13.11469806	-0.42983235
-0.66815157	13.07418787	-0.45605869	-0.66438277	13.08874035	-0.44156462
-0.69219589	13.08544038	-0.35696212	-0.68644198	13.09955728	-0.34209231
-0.71197221	13.05266551	-0.36427627	-0.70694277	13.06717835	-0.34924677
-0.67535794	13.05079130	-0.45887555	-0.67204267	13.06543449	-0.44438156
-0.67341576	13.05606816	-0.26212293	-0.66656049	13.06915162	-0.24787406
-0.69564241	13.01337763	-0.26550636	-0.68958738	13.02687243	-0.25108195
-0.70575077	12.97890538	-0.27195158	-0.70040562	12.99262458	-0.25755010
-0.25830914	13.15899525	-0.40122399	-0.25190113	13.16586950	-0.39353807
-0.26538617	13.16875555	-0.32646211	-0.25802143	13.17559574	-0.31867841
-0.28047379	13.16858169	-0.25183687	-0.27218206	13.17544467	-0.24383752
-0.53230554	13.04903711	-0.12475224	-0.52352587	13.05898744	-0.11307468
-0.44514738	13.03294167	-0.08319726	-0.43615392	13.04139966	-0.07308192
-0.59822838	13.06208897	-0.18488894	-0.59006669	13.07339773	-0.17201169
-0.57340170	13.08982385	-0.20377514	-0.56508204	13.10082173	-0.19119547
-0.50895359	13.08038622	-0.15122088	-0.50012447	13.09012514	-0.13979816
-0.33053780	13.00632441	-0.05146958	-0.32179659	13.01323615	-0.04316090
-0.47262220	13.07606944	-0.54307370	-0.46974501	13.08683491	-0.53193420
-0.44671451	13.10260923	-0.51944671	-0.44294717	13.11281598	-0.50875288
-0.52473729	13.12582113	-0.47981200	-0.52008174	13.13744647	-0.46762401
-0.55248494	13.10716918	-0.50057752	-0.54855749	13.11948442	-0.48790439
-0.63550948	13.13063136	-0.35126495	-0.62880050	13.14366126	-0.33717382
-0.66722187	13.11012674	-0.35324601	-0.66094223	13.12376134	-0.33868982
-0.62860529	13.12348502	-0.43310716	-0.62345910	13.13717700	-0.41899390
-0.59544057	13.13798328	-0.42128596	-0.58967596	13.15079535	-0.40778901
-0.59586317	13.15025207	-0.34967336	-0.58878921	13.16256291	-0.33623313
-0.55646696	13.15099353	-0.40247997	-0.55009609	13.16288717	-0.38970666
-0.49237049	13.14057134	-0.44758714	-0.48685011	13.15136705	-0.43604114
-0.64983794	13.08606455	-0.26556265	-0.64251044	13.09875584	-0.25156958
-0.62117431	13.11002621	-0.27461716	-0.61356502	13.12226834	-0.26100525
-0.54033008	13.11773027	-0.23280189	-0.53200598	13.12832680	-0.22066196
-0.58406776	13.13445493	-0.29000396	-0.57631234	13.14616328	-0.27694691
-0.48255416	13.11397591	-0.18889322	-0.47381225	13.12349268	-0.17779213
-0.42783760	13.12922244	-0.48124284	-0.42297542	13.13894793	-0.47085376
0.24114002	13.13327280	-0.16114521	0.24883904	13.13497156	-0.15895345
0.20770823	13.17445665	-0.24425004	0.21509466	13.17644621	-0.24181939
0.23217362	13.16064366	-0.26149926	0.23923049	13.16243842	-0.25929314
0.26979066	13.11796658	-0.17540375	0.27715753	13.11944252	-0.17345207
0.17952621	13.18357042	-0.33783277	0.18620026	13.18580180	-0.33520369
0.20247654	13.17039364	-0.35744044	0.20881917	13.17242407	-0.35504053
0.23482525	13.15150031	-0.27197294	0.24169169	13.15327507	-0.26979684
0.27268453	13.10935647	-0.18217905	0.27990114	13.11080828	-0.18025481
0.24150681	13.15893301	-0.27348174	0.24838919	13.16066508	-0.27135452
0.27851977	13.11559116	-0.17737678	0.28579364	13.11700993	-0.17548851
0.21438622	13.16771300	-0.37591568	0.22051335	13.16965372	-0.37363102
0.25583692	13.17130328	-0.40528604	0.26170146	13.17295909	-0.40334565
0.28518744	13.16183385	-0.29505064	0.29181260	13.16326741	-0.29327456
0.32255851	13.11677774	-0.19140807	0.32965276	13.11791210	-0.18984149
0.31068886	12.94061425	-0.04713829	0.31758031	12.94167440	-0.04548803
0.27959784	13.06002484	-0.08942508	0.28720979	13.06138652	-0.08750978
0.31286949	13.04535287	-0.10350451	0.32017775	13.04648116	-0.10184403
0.34713743	12.92543729	-0.06329093	0.35370488	12.92625066	-0.06193209
0.32233517	13.04292394	-0.10466421	0.32956989	13.04399344	-0.10306903
0.35748632	12.92311851	-0.06733255	0.36397018	12.92387099	-0.06603773
0.36558391	13.03909163	-0.11525634	0.37262182	13.03986064	-0.11398372
0.39929527	12.91334517	-0.07581085	0.40556873	12.91383031	-0.07477862
0.41190647	12.72300298	-0.08269085	0.41664755	12.72335003	-0.08184028
0.37379733	12.73840761	-0.07611937	0.37875683	12.73899150	-0.07504333
0.41515117	12.52715294	-0.11624975	0.41816017	12.52742697	-0.11559477
0.37984664	12.55292663	-0.10972285	0.38312757	12.55343931	-0.10886019
0.36319196	12.74099361	-0.07082938	0.36823257	12.74163842	-0.06969581
0.36835002	12.55616602	-0.10426232	0.37171282	12.55674653	-0.10333778
0.32521383	12.57192445	-0.08353421	0.32887239	12.57278867	-0.08232014
0.32429942	12.76031990	-0.05215091	0.32968369	12.76122656	-0.05073944
0.26834939	12.78948671	-0.90809678	0.26916906	12.79047663	-0.90678149
0.26019301	12.86059902	-0.88144770	0.26141165	12.86170090	-0.87997370
0.24221981	12.86835853	-0.82051759	0.24367562	12.86968797	-0.81885200
0.25082274	12.80679773	-0.84561233	0.25188364	12.80803601	-0.84406880
0.24794583	12.93396049	-0.82919346	0.24970630	12.93521797	-0.82755944
0.22992696	12.93421133	-0.77166737	0.23194696	12.93568500	-0.76984929
0.23680288	12.92995311	-0.75382100	0.23887630	12.93142677	-0.75200924
0.25204901	12.81334017	-0.82417519	0.25319594	12.81463905	-0.82257586
0.22576777	12.87061418	-0.80402661	0.22725642	12.87214968	-0.80215378
0.22831716	12.81294732	-0.82777054	0.22940971	12.81444540	-0.82594876
0.21884663	12.93501586	-0.76042787	0.22089681	12.93663250	-0.75846665
0.17898218	12.94992850	-0.74267127	0.18118595	12.95187816	-0.74038047
0.18297778	12.88186573	-0.78252568	0.18460561	12.88373621	-0.78032544
0.18219558	12.81836070	-0.80426909	0.18338827	12.82024121	-0.80209994
0.27156816	12.71929730	-0.93481736	0.27200496	12.72030096	-0.93367726
0.25654739	12.74521164	-0.87116807	0.25722581	12.74639015	-0.86974169
0.25857554	12.76132531	-0.84783260	0.25936847	12.76254978	-0.84632277
0.27540503	12.72372038	-0.86272343	0.27598383	12.72479946	-0.86139108
0.23471204	12.75467733	-0.85584576	0.23538019	12.75609885	-0.85412640
0.18551107	12.75044145	-0.83450981	0.18619273	12.75228772	-0.83237454
0.28965246	12.33481205	-0.15503546	0.29097077	12.33597393	-0.15396916
0.31560945	12.42925837	-0.12050125	0.31794229	12.43015896	-0.11948184
0.36181240	12.42521089	-0.13912491	0.36393389	12.42574546	-0.13839393
0.34116180	12.35697626	-0.17245159	0.34252284	12.35766059	-0.17174526
0.36609662	12.43780327	-0.14634735	0.36825926	12.43832496	-0.14561689
0.37451508	12.41766089	-0.14477786	0.37650655	12.41809797	-0.14412002
0.35494289	12.35028335	-0.18022258	0.35614909	12.35076562	-0.17972363
0.40900177	12.38245003	-0.15511437	0.41060797	12.38259211	-0.15468641
0.15762331	13.15974705	-0.44259536	0.16320783	13.16215955	-0.43984630
0.18504650	13.14425073	-0.45948295	0.19034101	13.14642145	-0.45699168
0.14899210	13.10717739	-0.55176361	0.15329410	13.10958943	-0.54903370
0.18257395	13.08931381	-0.56561005	0.18663836	13.09142908	-0.56318279
0.19563050	13.13212649	-0.46734775	0.20075862	13.13420553	-0.46495779
0.20170723	13.13815006	-0.46798701	0.20686434	13.14018282	-0.46564759
0.20155024	13.08126637	-0.56357699	0.20556956	13.08322325	-0.56132306
0.22568010	13.08491320	-0.60499647	0.22944468	13.08665507	-0.60295688
0.23436668	13.14188259	-0.50351937	0.23922381	13.14366063	-0.50148162
0.23311381	13.01242548	-0.72550908	0.23576790	13.01395637	-0.72364482
0.21344657	13.00936018	-0.67544480	0.21635713	13.01109622	-0.67338169
0.19900175	13.01348856	-0.67355797	0.20193703	13.01534813	-0.67135690
0.16161680	13.03085369	-0.65905683	0.16472523	13.03302565	-0.65653613
0.43958454	13.09348419	-0.25306221	0.44578560	13.09387460	-0.25229750
0.47546233	13.01064852	-0.17114863	0.48161265	13.01076410	-0.17057481
0.49891475	12.87808608	-0.12656434	0.50437643	12.87799712	-0.12612219
0.32113015	12.99622096	-0.85009750	0.32309525	12.99702795	-0.84887479
0.34076096	12.91667196	-0.94103048	0.34202968	12.91728206	-0.93996517
0.30968225	13.06720866	-0.73654530	0.31257525	13.06820819	-0.73520161
0.19677907	12.97464365	-0.03233220	0.20431362	12.97650489	-0.02976528
0.18024988	13.08124356	-0.07429723	0.18841727	13.08330715	-0.07154331
0.15797913	13.14768675	-0.14214077	0.16616489	13.15001800	-0.13918471
0.10685766	13.04893994	-0.59439168	0.11044952	13.05163714	-0.59133907
0.09604523	13.11619847	-0.51388635	0.10071942	13.11907195	-0.51064805
0.12031970	12.97545663	-0.65152671	0.12311363	12.97799535	-0.64868947
0.50212553	12.68209757	-0.12822522	0.50616607	12.68192575	-0.12787835
0.49800366	12.47291500	-0.15842539	0.50030421	12.47270458	-0.15816920
0.34729621	12.83507359	-0.99597382	0.34803290	12.83558904	-0.99509483
0.34685909	12.75998187	-1.02658233	0.34725302	12.76053158	-1.02586349
0.48967378	12.33594843	-0.19879401	0.49065825	12.33573108	-0.19873838
0.34462452	12.70006796	-1.04717413	0.34470876	12.70063962	-1.04664600
0.17888050	12.48498325	-0.08769374	0.18192594	12.48697684	-0.08561771
0.19733832	12.63955978	-0.05599298	0.20184371	12.64136076	-0.05384610
0.11114521	12.77466938	-0.72317197	0.11235656	12.77724581	-0.72038970
0.11479440	12.84329748	-0.69892018	0.11651870	12.84586038	-0.69612384
0.20347069	12.81842076	-0.03137257	0.20968185	12.82015557	-0.02901883
0.11962321	12.90885436	-0.68026627	0.12179408	12.91140871	-0.67744717
0.36230931	13.15035854	-0.48824502	0.36723310	13.15128066	-0.48708956
0.32734822	13.12236775	-0.61407786	0.33125795	13.12340711	-0.61276688
0.40077894	13.14044462	-0.36326114	0.40651992	13.14113678	-0.36227241
0.11609068	13.18619288	-0.31215525	0.12313693	13.18895823	-0.30892151
0.10143102	13.16330054	-0.41438538	0.10738010	13.16619874	-0.41108204
0.13601196	13.18150888	-0.22133895	0.14382654	13.18406440	-0.21821931
0.87610561	11.95998145	-0.58860789	0.87514149	11.95890564	-0.58911601
0.81676000	12.01719950	-0.47386000	0.81676000	12.01719950	-0.47386000
0.91245782	11.93004046	-0.71962405	0.91082172	11.92857894	-0.72043684
0.90101727	11.99662134	-0.72451611	0.89959695	11.99517346	-0.72535588
0.86842796	12.04452311	-0.63716528	0.86753309	12.04328921	-0.63788475
0.80350227	12.10958284	-0.53309364	0.80317654	12.10879081	-0.53368957
0.94307089	11.92171365	-0.84518331	0.94096345	11.92006370	-0.84618679
0.96079546	11.93752465	-0.95729061	0.95840605	11.93578627	-0.95841380
0.93156189	12.05613497	-0.94021402	0.92968366	12.05450752	-0.94130356
0.91850428	12.02580284	-0.82185144	0.91685797	12.02422657	-0.82282452
0.95944274	11.98012109	-1.05065225	0.95693724	11.97838666	-1.05181766
0.92533855	12.05603696	-1.13711365	0.92290283	12.05446755	-1.13822203
0.90400467	12.11922641	-1.11430411	0.90191316	12.11775570	-1.11536362
0.92826974	12.09148007	-1.03806904	0.92626530	12.08988293	-1.03917785
0.84646031	12.17668020	-1.22701030	0.84433643	12.17552918	-1.22793894
0.73357189	12.33118889	-1.27565490	0.73209918	12.33067693	-1.27629425
0.73925484	12.35871614	-1.20366272	0.73809470	12.35810478	-1.20428533
0.84654454	12.22229155	-1.16413829	0.84479418	12.22111380	-1.16506117
0.59856544	12.48379204	-1.23783804	0.59816911	12.48385900	-1.23783324
0.47025079	12.61454800	-1.15194701	0.47017424	12.61467473	-1.15187632
0.49420000	12.61570000	-1.07906000	0.49420000	12.61570000	-1.07906000
0.61447000	12.50220000	-1.16283000	0.61447000	12.50220000	-1.16283000
0.38204949	12.64912219	-1.04762688	0.38198937	12.64943936	-1.04739056
0.33153314	12.65170194	-0.95207626	0.33159810	12.65236211	-0.95151065
0.37140000	12.64100070	-0.89641000	0.37140000	12.64100070	-0.89641000
0.41679000	12.64250090	-0.98287004	0.41679000	12.64250090	-0.98287004
0.31469918	12.68405809	-0.88972721	0.31510554	12.68480565	-0.88882339
0.31073875	12.71210934	-0.86085549	0.31130269	12.71291274	-0.85980021
0.33923797	12.69995579	-0.80453663	0.33990128	12.70069825	-0.80360548
0.34871631	12.67324751	-0.83453106	0.34926284	12.67377299	-0.83383808
0.30035072	12.69992742	-0.86357619	0.30076590	12.70080939	-0.86238762
0.25671842	12.69382385	-0.83068685	0.25717404	12.69518201	-0.82909807
0.29916600	12.68960715	-0.76339479	0.29992175	12.69074719	-0.76207708
0.33711476	12.68875068	-0.80264038	0.33767546	12.68952067	-0.80164564
0.15339280	12.73700396	-0.69411614	0.15453240	12.73930607	-0.69164544
0.02360921	12.80365986	-0.54198330	0.02554908	12.80736814	-0.53833430
0.03600785	12.83892637	-0.46539082	0.03881517	12.84241409	-0.46182220
0.18028246	12.75146467	-0.62010065	0.18184786	12.75365526	-0.61780049
-0.09160893	12.85886753	-0.46662226	-0.08907136	12.86384713	-0.46174931
-0.20065124	12.90375105	-0.45328029	-0.19782370	12.91003134	-0.44695530
-0.18806296	12.96896810	-0.39111191	-0.18379581	12.97489589	-0.38480565
-0.07992472	12.91477156	-0.39474096	-0.07607351	12.91942914	-0.38986737
-0.31950677	12.94436236	-0.49007562	-0.31715364	12.95244041	-0.48189085
-0.43635191	12.98085880	-0.53245408	-0.43466311	12.99104163	-0.52220290
-0.43676570	13.00779006	-0.47968725	-0.43388444	13.01773296	-0.46947551
-0.31078095	12.99443249	-0.43403790	-0.30697259	13.00215705	-0.42590599
-0.53413363	13.01224970	-0.53512457	-0.53242980	13.02439568	-0.52295055
-0.61078858	13.03938905	-0.49384576	-0.60823305	13.05313621	-0.48003891
-0.60261424	13.04222913	-0.45800299	-0.59961269	13.05583250	-0.44427773
-0.54280149	13.02442698	-0.48317048	-0.54014124	13.03662182	-0.47086936
-0.67247155	13.03921000	-0.44235364	-0.66909833	13.05367909	-0.42800169
-0.70504897	13.01684711	-0.36133023	-0.70060090	13.03120670	-0.34667867
-0.65994086	13.02091750	-0.34044777	-0.65505821	13.03431999	-0.32653723
-0.64079832	13.03797386	-0.41652845	-0.63703890	13.05165822	-0.40267891
-0.69291826	12.97161728	-0.27527198	-0.68775497	12.98512763	-0.26113099
-0.65658900	12.90477763	-0.20165052	-0.65125410	12.91713946	-0.18844632
-0.63723307	12.90992845	-0.21776250	-0.63207961	12.92205793	-0.20487178
-0.65355743	12.96877316	-0.26666148	-0.64828923	12.98151888	-0.25321947
-0.61091126	12.81486757	-0.15719687	-0.60615795	12.82618659	-0.14515254
-0.53894650	12.73881399	-0.12843546	-0.53470713	12.74886723	-0.11794244
-0.51855622	12.79825362	-0.15715989	-0.51396641	12.80815209	-0.14674228
-0.59596421	12.85885169	-0.18755446	-0.59107810	12.87009949	-0.17559252
-0.42514101	12.71317959	-0.10123083	-0.42063689	12.72144345	-0.09263003
-0.29490906	12.67391082	-0.08532745	-0.29042143	12.68040222	-0.07858769
-0.27550806	12.72735041	-0.11314714	-0.27080494	12.73370033	-0.10646770
-0.40373620	12.77059493	-0.12903275	-0.39890722	12.77867948	-0.12051363
-0.16475738	12.55509275	-0.09092165	-0.16126006	12.56011436	-0.08590919
-0.02437387	12.42817081	-0.11329804	-0.02203786	12.43191931	-0.10972282
-0.01943216	12.49831263	-0.14276394	-0.01676113	12.50206035	-0.13911365
-0.15107991	12.61796603	-0.11845482	-0.14730167	12.62293156	-0.11341793
0.13154776	12.35757092	-0.14629082	0.13312030	12.36006292	-0.14402927
0.25705602	12.33145994	-0.17992964	0.25818005	12.33293942	-0.17862861
0.23763558	12.39356746	-0.22943917	0.23893449	12.39528492	-0.22790889
0.12373632	12.42631227	-0.18542871	0.12557418	12.42891426	-0.18300733
0.30811849	12.36268044	-0.20341935	0.30932468	12.36371191	-0.20246582
0.29577910	12.44838164	-0.27023495	0.29733151	12.44963864	-0.26903211
0.28642986	12.42102093	-0.25637960	0.28782377	12.42234109	-0.25515355
0.31964173	12.35158519	-0.21750251	0.32076786	12.35241860	-0.21676487
0.34620000	12.27620000	-0.23202000	0.34620000	12.27620000	-0.23202000
0.32321898	12.33985587	-0.28502870	0.32402204	12.34084645	-0.28424390
0.29337140	12.40682780	-0.27236791	0.29468044	12.40809500	-0.27126138
0.44425997	12.21770000	-0.27141000	0.44425997	12.21770000	-0.27141000
0.57587000	12.16340070	-0.32883000	0.57587000	12.16340070	-0.32883000
0.57011070	12.24175570	-0.38406561	0.57031194	12.24159691	-0.38418151
0.42910157	12.28808355	-0.32627325	0.42946722	12.28839710	-0.32602095
0.70622003	12.08180000	-0.39380000	0.70622003	12.08180000	-0.39380000
0.69947186	12.17785746	-0.45045945	0.69947382	12.17733999	-0.45082708
0.75821528	12.38941485	-1.05246085	0.75748442	12.38854691	-1.05307603
0.85661486	12.23835290	-1.05364550	0.85519946	12.23706970	-1.05457442
0.77895657	12.37168841	-0.86480090	0.77852739	12.37067329	-0.86549039
0.86700658	12.21608198	-0.91336399	0.86584131	12.21470886	-0.91430874
0.79215361	12.25651738	-0.67779481	0.79179546	12.25546965	-0.67853092
0.86750673	12.14187882	-0.76098121	0.86647155	12.14050703	-0.76187137
0.53292748	12.60796325	-0.90200399	0.53312950	12.60782066	-0.90196711
0.64517712	12.52068770	-0.99200111	0.64507916	12.52029450	-0.99224344
0.56607518	12.53814438	-0.69102131	0.56664085	12.53797104	-0.69102668
0.67670971	12.47555909	-0.78351774	0.67683091	12.47493283	-0.78389275
0.57206850	12.38566875	-0.51167093	0.57253958	12.38549579	-0.51174506
0.69187330	12.33638221	-0.59251323	0.69200534	12.33572444	-0.59297487
-0.18730635	12.96225531	-0.30605436	-0.18211024	12.96799134	-0.29979516
-0.08479314	12.90750655	-0.30628195	-0.08015601	12.91212484	-0.30132696
-0.20351231	12.90359697	-0.21875730	-0.19796804	12.90933638	-0.21241623
-0.10106226	12.84247029	-0.22182936	-0.09616157	12.84710239	-0.21681407
0.00724439	12.76594868	-0.27147717	0.01104961	12.76960697	-0.26768410
0.02689198	12.83070939	-0.36841249	0.03043592	12.83419610	-0.36476330
-0.23983330	12.81478831	-0.15620558	-0.23464969	12.82082964	-0.14967574
-0.12746101	12.72971656	-0.16070192	-0.12308234	12.73453527	-0.15563022
-0.00841009	12.63342139	-0.19632688	-0.00507415	12.63713421	-0.19257113
-0.55435205	13.04377489	-0.39907068	-0.54990544	13.05568418	-0.38671870
-0.57007113	13.02905505	-0.30784480	-0.56440286	13.04059034	-0.29548246
-0.45400826	13.01882834	-0.27270131	-0.44786755	13.02816033	-0.26241442
-0.43845112	13.03577732	-0.38037917	-0.43360568	13.04533073	-0.37019489
-0.58332118	12.94818537	-0.23722087	-0.57785675	12.95951822	-0.22508456
-0.48697068	12.91597535	-0.20041640	-0.48138169	12.92555593	-0.19001795
-0.31023911	13.00647935	-0.33912962	-0.30500684	13.01390327	-0.33104664
-0.32613857	12.96898261	-0.23938951	-0.32010601	12.97630341	-0.23123487
-0.36482902	12.87407652	-0.17141197	-0.35922500	12.88178804	-0.16303209
0.29564247	12.65003519	-0.63836095	0.29669361	12.65142891	-0.63690267
0.33657682	12.64408249	-0.66433866	0.33748435	12.64514843	-0.66315446
0.27127095	12.58482162	-0.48744915	0.27255645	12.58646023	-0.48584548
0.31710614	12.58093098	-0.50023396	0.31829983	12.58220709	-0.49893438
0.32331378	12.59853914	-0.48496800	0.32474722	12.59976392	-0.48371892
0.33886212	12.65829619	-0.65614205	0.33992471	12.65934926	-0.65499305
0.34526489	12.64026370	-0.67935013	0.34618045	12.64125575	-0.67825973
0.32479436	12.58424160	-0.50006961	0.32608726	12.58545591	-0.49884530
0.35536869	12.56310234	-0.54222080	0.35638914	12.56412127	-0.54117222
0.37359970	12.62048197	-0.73155997	0.37428545	12.62130340	-0.73067017
0.33220096	12.44862966	-0.39086524	0.33329469	12.44975168	-0.38985347
0.30213019	12.49665794	-0.36543379	0.30358735	12.49795021	-0.36418366
0.29565803	12.50129224	-0.35998845	0.29707736	12.50264318	-0.35866915
0.24803361	12.49013100	-0.34101458	0.24945916	12.49186340	-0.33937881
0.44784633	12.55784011	-0.60812691	0.44867823	12.55830683	-0.60757070
0.43882940	12.62463053	-0.81068654	0.43924511	12.62496622	-0.81025186
0.43673325	12.41556336	-0.44262705	0.43746624	12.41602965	-0.44218500
0.14892544	12.65971286	-0.38644402	0.15120642	12.66223176	-0.38390460
0.17228932	12.72910575	-0.50998264	0.17431396	12.73146302	-0.50758905
0.13032375	12.54315614	-0.27158278	0.13245735	12.54580820	-0.26903461
0.20680485	13.16047748	-0.37042844	0.21294180	13.16247020	-0.36808378
0.31501040	13.03900077	-0.11088260	0.32218893	13.04011990	-0.10923977
0.34844340	12.92207832	-0.07283630	0.35489402	12.92289036	-0.07148757
0.36483960	12.74037938	-0.08144094	0.36978901	12.74102499	-0.08031445
0.37116349	12.56055341	-0.11422901	0.37448559	12.56113280	-0.11331531
0.24659529	12.86801442	-0.79928175	0.24812099	12.86937443	-0.79759301
0.34767473	12.37883236	-0.17966513	0.34916339	12.37946251	-0.17897786
0.19927286	13.07623407	-0.56613828	0.20324175	13.07821070	-0.56386371
0.21695617	13.00409523	-0.66888639	0.21987105	13.00581874	-0.66683858
0.89066863	11.95460395	-0.57546873	0.88974419	11.95350842	-0.57602332
0.82775633	12.01974944	-0.45686094	0.82783725	12.01974806	-0.45688811
0.92976075	11.91549040	-0.71131768	0.92810166	11.91398157	-0.71217694
0.73675901	12.32982439	-1.29123044	0.73523480	12.32930867	-1.29188055
0.46047564	12.62050173	-1.16536116	0.46038951	12.62064960	-1.16526235
0.35262035	12.66077593	-1.05477884	0.35258533	12.66126778	-1.05437690
0.28707212	12.66738789	-0.95283636	0.28722040	12.66831171	-0.95196345
0.27343055	12.69883619	-0.88898338	0.27386922	12.69989506	-0.88779758
0.25444934	12.71216224	-0.87211945	0.25477141	12.71343993	-0.87051832
0.20579957	12.70141529	-0.85050402	0.20612917	12.70312173	-0.84850815
0.12027587	12.73005133	-0.72923221	0.12120570	12.73256164	-0.72651886
0.01274353	12.77544855	-0.58863632	0.01425884	12.77924097	-0.58488683
-0.20570822	12.84348048	-0.49657044	-0.20408649	12.85004314	-0.49031497
-0.32035203	12.90353185	-0.52276900	-0.31891479	12.91177326	-0.51464456
-0.52603046	13.01423810	-0.56032188	-0.52466531	13.02629202	-0.54829226
-0.60219544	13.04652196	-0.51910696	-0.59984059	13.06010394	-0.50543006
-0.71858429	13.02545223	-0.36847615	-0.71410526	13.04010457	-0.35352520
-0.16435965	12.56415780	-0.06854671	-0.16059048	12.56913172	-0.06352387
0.15190033	12.37142336	-0.12255450	0.15376125	12.37370637	-0.12043166
0.31711826	12.38995257	-0.21591265	0.31849896	12.39090968	-0.21498775
0.38547179	12.29388430	-0.19484350	0.38585211	12.29393229	-0.19482872
0.47031504	12.23674631	-0.23913629	0.47049920	12.23667977	-0.23918659
0.71450651	12.09149074	-0.37207710	0.71456714	12.09143068	-0.37210960
0.30411626	12.52380146	-0.35821343	0.30574612	12.52507709	-0.35693213
0.59720659	12.77552937	-0.54084270	0.59948611	12.77513368	-0.54093989
0.32797098	12.99752298	-0.51669399	0.33173509	12.99862853	-0.51535510
0.08083419	13.01851673	-0.22675052	0.08718618	13.02147201	-0.22328310
0.15030452	13.09663138	-0.27767232	0.15681124	13.09905422	-0.27479765
0.35126616	12.87439495	-0.28234379	0.35579693	12.87525369	-0.28114495
0.06086456	12.99298834	-0.38610163	0.06561153	12.99616690	-0.38257880
0.15928422	13.06397248	-0.39004488	0.16452115	13.06634535	-0.38734542
0.37525788	12.82839841	-0.68427278	0.37708596	12.82905924	-0.68332517
0.21262552	13.04306601	-0.15385366	0.21964564	13.04494015	-0.15146584
0.22505892	12.82669571	-0.77689299	0.22644204	12.82828229	-0.77502997
0.34274524	12.76648869	-0.51969337	0.34508826	12.76755602	-0.51847487
0.33485622	12.89176521	-0.83088189	0.33637731	12.89248054	-0.82976380
0.40442792	12.43861538	-0.24046414	0.40606793	12.43903261	-0.23984635
0.27780511	13.05773064	-0.42881801	0.28262942	13.05918542	-0.42708497
0.48208596	12.68675216	-0.66324654	0.48334815	12.68694431	-0.66284606
0.70351839	12.74501260	-0.77452575	0.70468064	12.74418721	-0.77498026
0.37029688	12.94464582	-0.18755945	0.37600457	12.94537548	-0.18640184
-0.37361751	12.98176257	-0.14427663	-0.36621742	12.98943725	-0.13544119
0.20646819	13.09648943	-0.22274947	0.21336329	13.09844679	-0.22032142
0.33768097	12.95299446	-0.67595158	0.34027100	12.95389356	-0.67475272
-0.46491186	12.99840920	-0.16530105	-0.45755034	13.00747304	-0.15495056
0.26973893	13.04245858	-0.30922181	0.27538990	13.04393660	-0.30738302
0.30405674	12.46675797	-0.19177397	0.30621797	12.46786331	-0.19062132
0.16365896	13.11707811	-0.34149706	0.16975943	13.11940490	-0.33876963
0.24218083	13.09047009	-0.46849147	0.24696188	13.09218823	-0.46649747
0.27534345	12.62273759	-0.23103873	0.27841098	12.62414990	-0.22947456
0.18944514	12.95410031	-0.48588669	0.19308268	12.95624410	-0.48353367
0.28425060	12.89837104	-0.81809535	0.28586124	12.89942184	-0.81666238
0.28939218	12.84742074	-0.82214967	0.29073029	12.84843355	-0.82078082
0.25573110	13.03413832	-0.52606064	0.25967660	13.03573898	-0.52420726
0.40948812	12.80200523	-0.18887567	0.41404463	12.80246417	-0.18800292
0.50818570	12.59233769	-0.43037374	0.50994121	12.59235989	-0.43012110
0.30789840	12.76604086	-0.87748801	0.30869029	12.76682065	-0.87637748
0.17744178	12.98061301	-0.62083234	0.18045763	12.98270232	-0.61844505
0.39869768	12.37758086	-0.21858736	0.39993262	12.37786869	-0.21810228
0.36805035	12.48920976	-0.30528079	0.36973278	12.48998846	-0.30440418
0.23671875	12.88076480	-0.16564502	0.24225248	12.88244839	-0.16354583
0.39141905	12.73188097	-0.90471702	0.39200779	12.73211372	-0.90417617
0.30050436	12.79940149	-0.83761662	0.30155247	12.80031809	-0.83637997
0.19854366	13.12978396	-0.25437257	0.20545676	13.13182733	-0.25188341
0.43505471	12.60850762	-0.24144848	0.43797442	12.60882637	-0.24081798
0.22237852	12.87200497	-0.75280732	0.22410400	12.87362589	-0.75089097
0.43005186	12.71533800	-0.82188147	0.43078579	12.71558839	-0.82138584
0.83137530	12.73866741	-0.87204850	0.83233544	12.73743763	-0.87282826
0.56823558	12.78997742	-0.92519532	0.56897938	12.78963223	-0.92512659
0.36840237	12.69072404	-0.18912188	0.37220465	12.69144840	-0.18808295
0.28539950	12.77183966	-0.16554025	0.29004271	12.77312811	-0.16390441
