0.85122565	12.73681602	-0.42048750	0.85159433	12.73671639	-0.42068869
0.82236513	12.87501690	-0.44910367	0.82268363	12.87492556	-0.44925754
0.89845041	12.83372035	-0.54743265	0.89873632	12.83363845	-0.54762332
0.93036303	12.70051255	-0.53290135	0.93068171	12.70041927	-0.53313388
0.77984952	12.96590593	-0.50935685	0.78011674	12.96582474	-0.50946729
0.85993053	12.91981467	-0.59031341	0.86017897	12.91974642	-0.59046435
0.90918327	12.87691715	-0.65068894	0.90941194	12.87685568	-0.65086508
0.94751404	12.80701917	-0.64501569	0.94775621	12.80695142	-0.64522489
0.98141378	12.67791011	-0.64605058	0.98167386	12.67782973	-0.64630036
0.71709520	12.76641417	-1.16426533	0.71710079	12.76640690	-1.16436038
0.83942531	12.71583118	-1.14257225	0.83944734	12.71582513	-1.14272890
0.80803222	12.82234283	-1.07377091	0.80808430	12.82232846	-1.07390388
0.68587396	12.86862462	-1.09045499	0.68591772	12.86861268	-1.09053179
0.94061828	12.68204928	-1.07985347	0.94067415	12.68203239	-1.08006185
0.90763224	12.79315954	-1.02115540	0.90771259	12.79313980	-1.02133438
0.86809286	12.86166571	-0.97052280	0.86818857	12.86164261	-0.97067034
0.78928292	12.90255406	-0.98583668	0.78936304	12.90252976	-0.98594751
0.66733956	12.94853964	-0.99120463	0.66741169	12.94851443	-0.99125981
0.59656277	12.83424405	-0.20831067	0.59701087	12.83406732	-0.20837690
0.57818429	12.97122780	-0.25595798	0.57853560	12.97104332	-0.25596905
0.71217037	12.92349089	-0.34882392	0.71251293	12.92337052	-0.34892040
0.73371378	12.78409367	-0.30844295	0.73413041	12.78397037	-0.30858487
0.54753992	13.05761398	-0.34035009	0.54781742	13.05743373	-0.34031806
0.67592155	13.01387535	-0.42457313	0.67619454	13.01375965	-0.42462141
0.46753908	12.88160259	-1.06365829	0.46759317	12.88159348	-1.06365012
0.59373323	12.82730448	-1.13651769	0.59375749	12.82729591	-1.13656266
0.56307220	12.91971580	-1.06407543	0.56312438	12.91970212	-1.06409536
0.43907203	12.96410579	-0.98900107	0.43914256	12.96408272	-0.98896145
0.54294520	12.99432352	-0.96240806	0.54302252	12.99429038	-0.96240106
0.41829219	13.03350770	-0.88630381	0.41838844	13.03345705	-0.88623603
-0.01363218	12.98863025	-0.06625230	-0.01325149	12.98791406	-0.06602034
-0.14204219	13.00028819	-0.08824838	-0.14166329	12.99949594	-0.08796866
-0.14456563	13.07372590	-0.13478186	-0.14422962	13.07297913	-0.13444536
-0.01978694	13.07595409	-0.11017879	-0.01946797	13.07527387	-0.10988084
-0.26080774	13.00192019	-0.12451548	-0.26042722	13.00110002	-0.12421064
-0.26179390	13.06335704	-0.17292543	-0.26144523	13.06259046	-0.17256316
-0.26305499	13.10460805	-0.23842900	-0.26273107	13.10391000	-0.23802885
-0.14659834	13.12067099	-0.20094233	-0.14629653	13.11998316	-0.20057122
-0.02480824	13.13000255	-0.17603489	-0.02453129	13.12937425	-0.17570228
0.03128394	12.97501581	-0.59070829	0.03149686	12.97468418	-0.59049675
0.01622458	13.03740218	-0.56517509	0.01641843	13.03704741	-0.56492764
-0.06471222	13.03938653	-0.55460677	-0.06448513	13.03899075	-0.55432276
-0.05051679	12.98319105	-0.57025770	-0.05028043	12.98280844	-0.57001735
-0.00335582	13.09138114	-0.51776810	-0.00315727	13.09099236	-0.51747693
-0.08627254	13.08566788	-0.51889158	-0.08604845	13.08524163	-0.51857105
-0.17975440	13.07851055	-0.53504653	-0.17950043	13.07808687	-0.53471743
-0.15714313	13.03752559	-0.57096229	-0.15689300	13.03712593	-0.57067431
-0.14246128	12.98632853	-0.58840994	-0.14221026	12.98593777	-0.58816060
0.98762271	12.28884796	-0.67209476	0.98784507	12.28870894	-0.67238578
0.96660147	12.06990397	-0.68796074	0.96673694	12.06974457	-0.68825126
0.91402556	12.09669939	-0.55266073	0.91416600	12.09652757	-0.55290866
0.92905364	12.30353669	-0.53695454	0.92933965	12.30337551	-0.53723096
0.83610785	12.14658603	-0.43143467	0.83631694	12.14644810	-0.43162909
0.84367357	12.32872193	-0.41160097	0.84403533	12.32856081	-0.41184745
0.97946465	12.38001983	-1.14168918	0.97949694	12.38001070	-1.14195441
0.88453357	12.44061306	-1.21067432	0.88453348	12.44062181	-1.21088496
0.87982866	12.28110057	-1.23549299	0.87982949	12.28112581	-1.23573817
0.97189579	12.18869414	-1.15699803	0.97193467	12.18870305	-1.15730246
0.75732425	12.51690159	-1.23942952	0.75729568	12.51690947	-1.23954790
0.75346315	12.39670012	-1.27083992	0.75343397	12.39673148	-1.27099068
0.86751927	12.17638944	-1.24329915	0.86752942	12.17642791	-1.24357229
0.95288849	12.05407468	-1.15502489	0.95294617	12.05409402	-1.15537260
0.99373071	12.49788793	-0.65737770	0.99399364	12.49778092	-0.65765653
0.93716796	12.51388234	-0.53090420	0.93750002	12.51376257	-0.53116912
0.85303157	12.54238423	-0.40891398	0.85344802	12.54226257	-0.40915335
0.86803218	12.58712433	-1.18385560	0.86803802	12.58712608	-1.18403618
0.96713408	12.54443852	-1.11807799	0.96717554	12.54442659	-1.11831731
0.74280917	12.64470963	-1.20877449	0.74279766	12.64471559	-1.20889746
0.60057757	12.42000350	-0.22587224	0.60117873	12.41984357	-0.22603664
0.60084848	12.63484223	-0.20335975	0.60139903	12.63467681	-0.20349339
0.73416086	12.58507548	-0.29769149	0.73465915	12.58494150	-0.29788619
0.72773132	12.37080767	-0.30863285	0.72818895	12.37064492	-0.30884143
0.46878875	12.70488160	-1.15074240	0.46878196	12.70488175	-1.15074365
0.61202711	12.61498988	-1.21946299	0.61199456	12.61499048	-1.21948839
0.60879636	12.71919640	-1.18597759	0.60877930	12.71919361	-1.18601878
0.47387277	12.78879170	-1.11709015	0.47389477	12.78879356	-1.11709372
0.58658925	12.17479577	-0.30183894	0.58666703	12.17476253	-0.30186627
0.59755327	12.28066430	-0.26264328	0.59794148	12.28051540	-0.26277925
0.72353905	12.21607577	-0.33785502	0.72382728	12.21593219	-0.33801548
0.60068375	12.48687915	-1.25182386	0.60064949	12.48688527	-1.25183264
0.60682091	12.53428118	-1.24357696	0.60678475	12.53428114	-1.24358094
0.46269049	12.64917531	-1.16639298	0.46267612	12.64917166	-1.16638970
-0.00505975	12.71079647	-0.06538791	-0.00448859	12.71002989	-0.06532325
-0.15380557	12.77925810	-0.07267323	-0.15330043	12.77841716	-0.07256309
-0.14398104	12.90207002	-0.07005427	-0.14354650	12.90125224	-0.06984612
-0.00563843	12.86522575	-0.05460816	-0.00518045	12.86449433	-0.05445768
-0.28980308	12.83038911	-0.09723000	-0.28933302	12.82951373	-0.09708097
-0.27125826	12.92549607	-0.10100062	-0.27083817	12.92464257	-0.10076315
0.02724416	12.84551881	-0.61982492	0.02749470	12.84519890	-0.61967056
0.03343198	12.91092239	-0.60720730	0.03366318	12.91060042	-0.60702718
-0.04763645	12.92139439	-0.57962370	-0.04738414	12.92101500	-0.57942401
-0.05589440	12.85659824	-0.58366791	-0.05561638	12.85621927	-0.58350485
-0.13930142	12.92903526	-0.59667042	-0.13903736	12.92865097	-0.59646353
-0.14906003	12.86824340	-0.59555716	-0.14878694	12.86785962	-0.59539921
-0.03387595	12.41491025	-0.12000910	-0.03282057	12.41399010	-0.12004801
-0.17470388	12.63214437	-0.09067583	-0.17406475	12.63127285	-0.09066744
-0.01939109	12.54009464	-0.08950899	-0.01857723	12.53924062	-0.08952667
-0.32625551	12.62501382	-0.12940847	-0.32567019	12.62416078	-0.12946711
-0.31261981	12.71269716	-0.10920442	-0.31208514	12.71181700	-0.10917579
0.01724819	12.77921798	-0.63166041	0.01752009	12.77889893	-0.63153724
-0.07529768	12.79021169	-0.58087904	-0.07499992	12.78983072	-0.58076870
-0.09316289	12.76321359	-0.56084384	-0.09286487	12.76281282	-0.56076417
-0.17314486	12.80575521	-0.58357448	-0.17286074	12.80536279	-0.58347882
-0.38310500	12.99911012	-0.17376061	-0.38271501	12.99830271	-0.17345368
-0.37530411	13.04934373	-0.21946717	-0.37493772	13.04860134	-0.21910151
-0.49294726	12.99244988	-0.23037458	-0.49255244	12.99166600	-0.23004159
-0.47323810	13.03325641	-0.27132614	-0.47286200	13.03254172	-0.27094572
-0.45118238	13.06657642	-0.32155710	-0.45082525	13.06592812	-0.32114644
-0.36542593	13.08648311	-0.27857800	-0.36508520	13.08580750	-0.27818110
-0.26144231	13.03528729	-0.59048646	-0.26116767	13.03490153	-0.59017091
-0.24706692	12.99010111	-0.61548651	-0.24680027	12.98973499	-0.61521533
-0.28169789	13.07166448	-0.55001279	-0.28141006	13.07124914	-0.54965804
-0.37635474	13.06311804	-0.55861507	-0.37603889	13.06274828	-0.55823671
-0.36147098	13.03194375	-0.60351684	-0.36116670	13.03161083	-0.60317626
-0.35183770	12.99366594	-0.63739041	-0.35155762	12.99335689	-0.63709301
-0.24844195	12.94161877	-0.63136930	-0.24818076	12.94126528	-0.63114108
-0.35933695	12.95479084	-0.66220539	-0.35907545	12.95451153	-0.66194958
-0.37409228	12.91750674	-0.67635761	-0.37385457	12.91724791	-0.67613629
-0.26119254	12.89213424	-0.63595375	-0.26093696	12.89178905	-0.63577098
-0.53713626	12.88678167	-0.18987271	-0.53670340	12.88591285	-0.18968192
-0.55712822	12.76483609	-0.19552760	-0.55663101	12.76396296	-0.19552790
-0.63327517	12.80173401	-0.25300008	-0.63279975	12.80092172	-0.25294513
-0.61519369	12.89769713	-0.25212555	-0.61476556	12.89690433	-0.25189673
-0.56521219	12.66018751	-0.21287000	-0.56463005	12.65933491	-0.21301541
-0.64059139	12.71916933	-0.26494109	-0.64004224	12.71835599	-0.26504546
-0.68905750	12.78900519	-0.33501636	-0.68858600	12.78834527	-0.33497444
-0.68279039	12.84129176	-0.32918104	-0.68235912	12.84062835	-0.32902718
-0.66680397	12.90437359	-0.33072501	-0.66639080	12.90373062	-0.33044641
-0.45564811	12.64990854	-0.16506354	-0.45508563	12.64904770	-0.16517709
-0.44448153	12.74605392	-0.14599267	-0.44397896	12.74516995	-0.14597913
-0.42236050	12.86531879	-0.13751084	-0.42191462	12.86444330	-0.13734342
-0.46998586	12.93321434	-0.68726458	-0.46972997	12.93307302	-0.68701640
-0.47690366	12.90621488	-0.69788501	-0.47667231	12.90609040	-0.69766517
-0.38625359	12.88421252	-0.67824690	-0.38603471	12.88396491	-0.67805856
-0.55657742	12.93831144	-0.66728472	-0.55632470	12.93830592	-0.66701896
-0.56134555	12.91161323	-0.68209462	-0.56112425	12.91163994	-0.68186429
-0.39707906	12.86740950	-0.66786695	-0.39686507	12.86715793	-0.66769521
-0.28092331	12.84394579	-0.62817946	-0.28067452	12.84360008	-0.62804273
0.89876062	12.88498071	-0.90187623	0.89888568	12.88494991	-0.90203412
0.79870519	12.95196967	-0.88782518	0.79882162	12.95193678	-0.88793626
0.91523672	12.89939980	-0.81315089	0.91539315	12.89936237	-0.81331475
0.82008143	12.97189088	-0.78332490	0.82023498	12.97185098	-0.78344236
0.70957511	13.02757266	-0.74201744	0.70972260	13.02752058	-0.74207529
0.67984006	13.00335208	-0.87111961	0.67994986	13.00331258	-0.87116977
0.91630627	12.89561132	-0.72125193	0.91650155	12.89556158	-0.72142333
0.83715782	12.96320460	-0.67679927	0.83735706	12.96314969	-0.67692898
0.74258458	13.01579143	-0.61477281	0.74279854	13.01572358	-0.61485108
1.00037592	12.67146887	-0.98516736	1.00047933	12.67143774	-0.98540816
0.96260147	12.79308017	-0.94011638	0.96271900	12.79305275	-0.94031942
1.02348273	12.67199143	-0.87383705	1.02363442	12.67194211	-0.87408979
0.98240219	12.80250086	-0.84333467	0.98256191	12.80246169	-0.84354430
1.01482285	12.67110198	-0.76049623	1.01502946	12.67103581	-0.76075062
0.97647134	12.80211398	-0.74394524	0.97667157	12.80206014	-0.74416054
0.55964386	13.04883389	-0.82597288	0.55975805	13.04877946	-0.82595816
0.59637421	13.07454744	-0.67713268	0.59653574	13.07447104	-0.67712793
0.47239405	13.11319974	-0.59455824	0.47255913	13.11306646	-0.59448283
0.43532493	13.08660106	-0.74647102	0.43544935	13.08650232	-0.74638879
0.63625126	13.06346137	-0.53903594	0.63646647	13.06336234	-0.53905094
0.51098778	13.10420713	-0.45642316	0.51120425	13.10404646	-0.45636310
-0.38486754	13.08057846	-0.50071083	-0.38454702	13.08014614	-0.50030929
-0.46837161	13.06223135	-0.51330309	-0.46803339	13.06187393	-0.51288485
-0.44845411	13.05084837	-0.55565861	-0.44812355	13.05053345	-0.55527114
-0.39692551	13.08663390	-0.43767711	-0.39659074	13.08612816	-0.43726077
-0.49053630	13.06411467	-0.46879994	-0.49018941	13.06370267	-0.46836200
-0.57492247	13.03777041	-0.49793749	-0.57457354	13.03746742	-0.49748801
-0.53730013	13.03976758	-0.53048760	-0.53695573	13.03949451	-0.53006032
-0.49959418	13.03816682	-0.55669681	-0.49925413	13.03789831	-0.55629704
-0.42239025	13.08320092	-0.37747679	-0.42205075	13.08262460	-0.37705662
-0.50433983	13.05989034	-0.41744743	-0.50398352	13.05940497	-0.41700655
-0.51924414	13.04537019	-0.36656041	-0.51888096	13.04480507	-0.36613280
-0.56483469	13.02842277	-0.39888188	-0.56446861	13.02791669	-0.39844302
-0.57673586	13.03354865	-0.44746347	-0.57638664	13.03315230	-0.44701389
-0.01909127	13.13023839	-0.43581131	-0.01888181	13.12979265	-0.43549076
-0.11074407	13.11782845	-0.44831188	-0.11050955	13.11734635	-0.44796168
-0.02848017	13.15169378	-0.34048588	-0.02824847	13.15118602	-0.34014857
-0.13161342	13.13547172	-0.36177748	-0.13136122	13.13491671	-0.36140520
-0.23270217	13.11831602	-0.39284706	-0.23241634	13.11776246	-0.39245022
-0.20669222	13.10487393	-0.47124402	-0.20642354	13.10439554	-0.47087720
-0.02904116	13.15344691	-0.25333830	-0.02879203	13.15287906	-0.25299667
-0.14294657	13.13882046	-0.27798337	-0.14267062	13.13819663	-0.27760217
-0.25251170	13.12056408	-0.31331151	-0.25220985	13.11993893	-0.31290361
0.99069506	11.97506500	-1.05865048	0.99082091	11.97505444	-1.05905091
1.01330434	12.11999486	-1.05683771	1.01338573	12.11997156	-1.05717467
0.99312339	11.93017115	-0.95321165	0.99329920	11.93011190	-0.95361958
1.01923364	12.07680474	-0.94257662	1.01935444	12.07673552	-0.94291802
1.03844618	12.29453749	-0.92723253	1.03857148	12.29446901	-0.92754029
1.02706314	12.32913128	-1.04315146	1.02714243	12.32909450	-1.04344935
0.97446719	11.91369035	-0.83422981	0.97466231	11.91359050	-0.83460384
1.00262520	12.06160982	-0.81912334	1.00277172	12.06149836	-0.81945327
1.02473567	12.28354703	-0.80286830	1.02490907	12.28343610	-0.80317150
1.02261578	12.51495370	-1.01886710	1.02270728	12.51492107	-1.01913893
1.04130012	12.49747014	-0.90370522	1.04144525	12.49741082	-0.90399072
1.03008595	12.49208233	-0.78241305	1.03028715	12.49199888	-0.78270093
-0.64258702	12.93290855	-0.61486590	-0.64235389	12.93295760	-0.61455533
-0.64936565	12.90311164	-0.62682437	-0.64917053	12.90320210	-0.62656516
-0.70036794	12.92260894	-0.53502881	-0.70012282	12.92252935	-0.53468401
-0.71081963	12.88641117	-0.54103715	-0.71060911	12.88636058	-0.54075986
-0.65117132	12.87971050	-0.62823999	-0.65100241	12.87980859	-0.62802314
-0.70196997	12.91290392	-0.43275569	-0.70164245	12.91252676	-0.43242513
-0.71544702	12.86781069	-0.43368153	-0.71511852	12.86743215	-0.43343137
-0.71839997	12.83211346	-0.43540642	-0.71807699	12.83174020	-0.43524106
-0.29795107	13.09362297	-0.48769748	-0.29764900	13.09315304	-0.48731609
-0.31613958	13.10337292	-0.41532053	-0.31583127	13.10283854	-0.41492546
-0.34215783	13.10272277	-0.34481774	-0.34183248	13.10211491	-0.34441184
-0.59507686	12.95008014	-0.26487589	-0.59466323	12.94932290	-0.26455190
-0.51469800	12.95305795	-0.20235106	-0.51428671	12.95222211	-0.20206729
-0.64917106	12.94456266	-0.33996806	-0.64877373	12.94394454	-0.33962677
-0.62600604	12.97414939	-0.35684477	-0.62562954	12.97357120	-0.35646125
-0.57202740	12.98206677	-0.28920591	-0.57162950	12.98136729	-0.28884008
-0.40013369	12.94369591	-0.14672880	-0.39971973	12.94285068	-0.14647384
-0.45692448	12.96420601	-0.66885982	-0.45664200	12.96402837	-0.66857822
-0.44500885	12.99649246	-0.64062100	-0.44470547	12.99627341	-0.64030938
-0.52914378	12.99550085	-0.62348898	-0.52883886	12.99537488	-0.62314667
-0.54508680	12.96710988	-0.64946330	-0.54480797	12.96705222	-0.64915590
-0.65902562	12.97979975	-0.52337440	-0.65872674	12.97964041	-0.52295052
-0.68335692	12.95230517	-0.52968167	-0.68308470	12.95219181	-0.52929194
-0.62881723	12.96120676	-0.60206728	-0.62854994	12.96120047	-0.60171112
-0.60792554	12.98840029	-0.58425689	-0.60762776	12.98832333	-0.58386613
-0.62695120	13.00898863	-0.51446307	-0.62663000	13.00877896	-0.51401649
-0.58062016	13.01478882	-0.55727314	-0.58029623	13.01462191	-0.55685860
-0.51093786	13.02118458	-0.58418547	-0.51061093	13.02097380	-0.58381092
-0.68451928	12.94609590	-0.43535087	-0.68418388	12.94572147	-0.43496690
-0.66015138	12.97418597	-0.44129718	-0.65980739	12.97381655	-0.44087697
-0.59378600	13.00523573	-0.38121853	-0.59341587	13.00470097	-0.38080046
-0.62643224	13.00427243	-0.45036893	-0.62608626	13.00391196	-0.44992806
-0.54430308	13.01666307	-0.32345250	-0.54392894	13.01602472	-0.32305177
-0.44143072	13.02717174	-0.60050193	-0.44111143	13.02690637	-0.60015296
0.18123078	13.12012973	-0.18509559	0.18149340	13.11966619	-0.18487657
0.15158413	13.15873821	-0.27033439	0.15180004	13.15830026	-0.27007372
0.17927420	13.14666534	-0.28506282	0.17949211	13.14625479	-0.28482605
0.21320794	13.10686463	-0.19667104	0.21347325	13.10643162	-0.19647384
0.13119869	13.16577398	-0.36545434	0.13139503	13.16537657	-0.36518504
0.15729516	13.15449531	-0.38238252	0.15748882	13.15412169	-0.38213957
0.18384898	13.13777417	-0.29508256	0.18407077	13.13737180	-0.29485221
0.21759151	13.09847169	-0.20307931	0.21785938	13.09804561	-0.20288641
0.19048104	13.14547797	-0.29614247	0.19069641	13.14508039	-0.29591199
0.22298785	13.10497408	-0.19794885	0.22325177	13.10455193	-0.19776028
0.17135031	13.15261104	-0.39951469	0.17153754	13.15225406	-0.39928216
0.21533106	13.15844406	-0.42544502	0.21550552	13.15812761	-0.42523064
0.23691070	13.15081800	-0.31405533	0.23712352	13.15046228	-0.31384229
0.26887788	13.10831313	-0.20875700	0.26914122	13.10792563	-0.20857898
0.25681047	12.93366800	-0.06503812	0.25721256	12.93318467	-0.06491881
0.21982764	13.05004271	-0.11053612	0.22014958	13.04956268	-0.11035707
0.25599734	13.03727903	-0.12192653	0.25632263	13.03683381	-0.12176307
0.29635144	12.92041515	-0.07813493	0.29675674	12.91997050	-0.07803034
0.26622995	13.03529205	-0.12241069	0.26655995	13.03485750	-0.12225268
0.30755520	12.91852472	-0.08152750	0.30796364	12.91809436	-0.08142762
0.31144185	13.03383369	-0.12974876	0.31176866	13.03343615	-0.12961048
0.35134354	12.91076476	-0.08744709	0.35175838	12.91037581	-0.08737167
0.37692931	12.72188920	-0.09149119	0.37748310	12.72154084	-0.09150339
0.33686927	12.73555403	-0.08707565	0.33741027	12.73516719	-0.08706347
0.39479126	12.52654888	-0.12219724	0.39552836	12.52627970	-0.12228358
0.35722799	12.55059096	-0.11753900	0.35793326	12.55025758	-0.11760218
0.32547997	12.73774481	-0.08235336	0.32602063	12.73734152	-0.08233807
0.34503727	12.55337148	-0.11262985	0.34573815	12.55301655	-0.11268687
0.29937926	12.56707499	-0.09459675	0.30008173	12.56662556	-0.09462988
0.28344346	12.75509282	-0.06638798	0.28396627	12.75463154	-0.06635834
0.26623295	12.78329120	-0.91950866	0.26631924	12.78326231	-0.91944206
0.25638494	12.85348411	-0.89464906	0.25649252	12.85343336	-0.89456415
0.23730136	12.85927243	-0.83557222	0.23743610	12.85918497	-0.83548111
0.24803436	12.79848400	-0.85924549	0.24816216	12.79841369	-0.85916936
0.24111480	12.92547215	-0.84429439	0.24123642	12.92538632	-0.84418033
0.22138649	12.92385660	-0.78861687	0.22152714	12.92373522	-0.78849347
0.22791194	12.91945644	-0.77080887	0.22805919	12.91932606	-0.77068940
0.24896063	12.80427678	-0.83850567	0.24909438	12.80419226	-0.83843058
0.22104419	12.85966066	-0.82116681	0.22118393	12.85955193	-0.82106986
0.22595815	12.80237096	-0.84414028	0.22609073	12.80227860	-0.84406109
0.21036660	12.92334818	-0.77885339	0.21050807	12.92321484	-0.77872391
0.16980598	12.93552646	-0.76426191	0.16994882	12.93536431	-0.76411253
0.17755667	12.86823827	-0.80274474	0.17770065	12.86810411	-0.80262766
0.17952860	12.80464529	-0.82380766	0.17967445	12.80452180	-0.82370938
0.27103794	12.71319790	-0.94458884	0.27109132	12.71319354	-0.94454829
0.25561055	12.73729320	-0.88340898	0.25571529	12.73724693	-0.88335378
0.25743920	12.75288684	-0.86109018	0.25756280	12.75281896	-0.86103161
0.27508506	12.71639611	-0.87428392	0.27519444	12.71634131	-0.87424229
0.23477574	12.74468197	-0.87094302	0.23489524	12.74460788	-0.87087947
0.18606199	12.73705621	-0.85337424	0.18620113	12.73695033	-0.85329727
0.28652010	12.32681206	-0.16360339	0.29028898	12.32578787	-0.16474654
0.30114418	12.42389337	-0.12888889	0.30226495	12.42328473	-0.12909427
0.34881708	12.42252102	-0.14520385	0.34980252	12.42223961	-0.14538885
0.33537680	12.35305738	-0.17818540	0.33737633	12.35285259	-0.17875958
0.35276191	12.43515072	-0.15244769	0.35368661	12.43489808	-0.15259672
0.36250121	12.41555727	-0.15023692	0.36344571	12.41531227	-0.15039385
0.34854729	12.34769316	-0.18424035	0.34938414	12.34765188	-0.18445006
0.39956646	12.38223956	-0.15867867	0.40043838	12.38199075	-0.15882562
0.12046422	13.14062085	-0.47070849	0.12063542	13.14027609	-0.47045798
0.15038407	13.12733991	-0.48473444	0.15055312	13.12701614	-0.48450591
0.12394007	13.08846064	-0.57887654	0.12409224	13.08816968	-0.57864932
0.15921357	13.07318162	-0.58956276	0.15936772	13.07291343	-0.58935694
0.16239745	13.11604671	-0.49147329	0.16256894	13.11573191	-0.49125528
0.16820253	13.12244852	-0.49160138	0.16837028	13.12213728	-0.49138399
0.17827838	13.06648905	-0.58575169	0.17843784	13.06622997	-0.58555699
0.20445892	13.07190746	-0.62505137	0.20460458	13.07168191	-0.62486373
0.20365549	13.12827350	-0.52406947	0.20381205	13.12799650	-0.52386365
0.22026386	13.00144196	-0.74329980	0.22039694	13.00128560	-0.74314767
0.19877245	12.99662182	-0.69523279	0.19892157	12.99643164	-0.69507231
0.18440949	12.99971631	-0.69478745	0.18455504	12.99951979	-0.69461704
0.14613512	13.01449612	-0.68352394	0.14627726	13.01427437	-0.68333139
0.39457630	13.09071515	-0.26236706	0.39484740	13.09042948	-0.26224721
0.42995129	13.01023433	-0.17860362	0.43029085	13.00993890	-0.17852738
0.45856041	12.87956018	-0.13240874	0.45900040	12.87928284	-0.13239243
0.31291400	12.99088482	-0.86186289	0.31301823	12.99080983	-0.86175949
0.33676308	12.91279141	-0.95104651	0.33685224	12.91275804	-0.95098030
0.29489702	13.06026600	-0.74980739	0.29501541	13.06013990	-0.74966932
0.13668973	12.96123932	-0.05981526	0.13708023	12.96064792	-0.05965187
0.11476134	13.06543845	-0.10437200	0.11508031	13.06486008	-0.10414005
0.09317230	13.12896140	-0.17438063	0.09343629	13.12841520	-0.17410346
0.08826822	13.02805511	-0.62431448	0.08842887	13.02777220	-0.62409673
0.06814945	13.09342300	-0.54639650	0.06831693	13.09308948	-0.54613921
0.10742259	12.95597610	-0.67863616	0.10759169	12.95573163	-0.67845701
0.47327993	12.68450023	-0.13242374	0.47385353	12.68426843	-0.13248842
0.48296014	12.47539004	-0.16104573	0.48365754	12.47518215	-0.16116159
0.34580542	12.83189364	-1.00397134	0.34586247	12.83188519	-1.00392806
0.34668621	12.75679471	-1.03310948	0.34672096	12.75680862	-1.03308793
0.48403525	12.33782778	-0.19935305	0.48464846	12.33762517	-0.19951725
0.34543900	12.69679065	-1.05186374	0.34544448	12.69681049	-1.05184759
0.15874294	12.47118876	-0.10549191	0.15968025	12.47044805	-0.10556039
0.16432403	12.62742919	-0.07599027	0.16498113	12.62680505	-0.07598881
0.10930775	12.75498870	-0.74841208	0.10951464	12.75479290	-0.74831238
0.10956779	12.82368395	-0.72475818	0.10976853	12.82347326	-0.72463383
0.15509169	12.80675629	-0.05530061	0.15558214	12.80616050	-0.05522005
0.11172365	12.88918350	-0.70681635	0.11191141	12.88895710	-0.70666763
0.33050815	13.14332467	-0.50062853	0.33067737	13.14310207	-0.50046777
0.30458313	13.11474090	-0.62751798	0.30472323	13.11456469	-0.62736085
0.36093060	13.13511525	-0.37449278	0.36114333	13.13485600	-0.37434597
0.06418860	13.16343432	-0.34654874	0.06439807	13.16298795	-0.34624477
0.06090456	13.13968168	-0.44870770	0.06109241	13.13929478	-0.44841637
0.07563233	13.16058940	-0.25515743	0.07585870	13.16008627	-0.25485756
0.88212361	11.96642692	-0.58459682	0.88214154	11.96630502	-0.58483843
0.81676000	12.01719950	-0.47386000	0.81676000	12.01719950	-0.47386000
0.92256188	11.93862044	-0.71344964	0.92268946	11.93848948	-0.71378645
0.91005870	12.00512572	-0.71831094	0.91019629	12.00498814	-0.71862759
0.87444719	12.05192864	-0.63187864	0.87456351	12.05179094	-0.63214095
0.80613758	12.11451167	-0.52882327	0.80629516	12.11438938	-0.52900937
0.95586976	11.93110562	-0.83775034	0.95606120	11.93099862	-0.83812305
0.97511723	11.94708615	-0.94914928	0.97528777	11.94701877	-0.94954441
0.94321489	12.06512408	-0.93249439	0.94334749	12.06504320	-0.93282353
0.92890008	12.03483211	-0.81484005	0.92905214	12.03472119	-0.81517346
0.97431221	11.98938106	-1.04234814	0.97443808	11.98935591	-1.04273350
0.93964701	12.06408734	-1.12928300	0.93971216	12.06409250	-1.12962068
0.91655378	12.12680649	-1.10690269	0.91661787	12.12679579	-1.10720669
0.94048315	12.10001041	-1.03035701	0.94057803	12.09997014	-1.03067125
0.85896307	12.18219839	-1.22040853	0.85897941	12.18222657	-1.22067597
0.74247849	12.33309784	-1.27104008	0.74246298	12.33313149	-1.27121183
0.74648728	12.36140792	-1.19932486	0.74649379	12.36141391	-1.19948267
0.85716898	12.22811085	-1.15775730	0.85720183	12.22811108	-1.15800464
0.60115103	12.48298412	-1.23770389	0.60112364	12.48298846	-1.23771346
0.47107924	12.61368068	-1.15270252	0.47106552	12.61367735	-1.15269401
0.49420000	12.61570000	-1.07906000	0.49420000	12.61570000	-1.07906000
0.61447000	12.50220000	-1.16283000	0.61447000	12.50220000	-1.16283000
0.38296283	12.64728968	-1.04975555	0.38296038	12.64729845	-1.04974681
0.33211162	12.64760100	-0.95691701	0.33213415	12.64760300	-0.95691054
0.37140000	12.64100070	-0.89641000	0.37140000	12.64100070	-0.89641000
0.41679000	12.64250090	-0.98287004	0.41679000	12.64250090	-0.98287004
0.31411315	12.67930696	-0.89750513	0.31417877	12.67928519	-0.89748770
0.31012086	12.70680249	-0.87008006	0.31022900	12.70675497	-0.87005424
0.33844952	12.69458718	-0.81287334	0.33860549	12.69450057	-0.81286447
0.34755365	12.66949397	-0.84048347	0.34766647	12.66943429	-0.84047183
0.30111838	12.69410450	-0.87399399	0.30122973	12.69405932	-0.87397761
0.25802672	12.68397869	-0.84457772	0.25817380	12.68389104	-0.84454810
0.29833350	12.68107224	-0.77512063	0.29852014	12.68096128	-0.77511131
0.33729708	12.68318913	-0.81154742	0.33746064	12.68310051	-0.81154448
0.15180209	12.71940075	-0.71639695	0.15203731	12.71920694	-0.71632618
0.01991415	12.77300341	-0.57590919	0.02021734	12.77265091	-0.57579365
0.02407451	12.81066583	-0.49900886	0.02439728	12.81026470	-0.49887042
0.17582859	12.73449087	-0.64106557	0.17610108	12.73426564	-0.64099932
-0.09676040	12.81587707	-0.51318074	-0.09646371	12.81544100	-0.51305380
-0.20426801	12.84781108	-0.51712189	-0.20397972	12.84735656	-0.51697975
-0.20763322	12.91625347	-0.45675057	-0.20732899	12.91574314	-0.45653987
-0.09881238	12.87532358	-0.44302410	-0.09849543	12.87483295	-0.44284810
-0.30943821	12.86831354	-0.57695990	-0.30917967	12.86792717	-0.57679783
-0.40804224	12.87949530	-0.64466950	-0.40782343	12.87923245	-0.64448686
-0.42469974	12.90716904	-0.59288621	-0.42445895	12.90686791	-0.59267910
-0.31891836	12.92136760	-0.52190595	-0.31863367	12.92092885	-0.52168508
-0.49613746	12.88281108	-0.67272464	-0.49593953	12.88269456	-0.67253346
-0.57585096	12.87930875	-0.66096318	-0.57567540	12.87933675	-0.66077658
-0.57506870	12.88170487	-0.62558306	-0.57488257	12.88167162	-0.62539413
-0.51848413	12.89049930	-0.62449374	-0.51827444	12.89036661	-0.62429643
-0.64997205	12.87090819	-0.60941111	-0.64980409	12.87096687	-0.60921214
-0.69920722	12.85450830	-0.52990394	-0.69901118	12.85442044	-0.52971463
-0.66212593	12.87069775	-0.50163088	-0.66188430	12.87050001	-0.50142757
-0.62473688	12.88010156	-0.57842815	-0.62454178	12.88005346	-0.57822731
-0.70422185	12.82721010	-0.43471933	-0.70389629	12.82683134	-0.43457781
-0.67735683	12.78030008	-0.34497139	-0.67688391	12.77966420	-0.34495019
-0.65574994	12.78688865	-0.35788735	-0.65529620	12.78629012	-0.35786392
-0.66799294	12.83349512	-0.41810268	-0.66764843	12.83306512	-0.41797079
-0.63065839	12.70586520	-0.28182448	-0.63009295	12.70508589	-0.28194926
-0.55717372	12.64529052	-0.23319082	-0.55655732	12.64446044	-0.23334314
-0.53955497	12.70455809	-0.26449734	-0.53900357	12.70380227	-0.26458170
-0.61562687	12.74804943	-0.31432588	-0.61511901	12.74735780	-0.31437360
-0.45016278	12.64031579	-0.18591150	-0.44958441	12.63948187	-0.18603537
-0.32290940	12.61962432	-0.15007362	-0.32231683	12.61878264	-0.15012807
-0.30514957	12.67333671	-0.17888602	-0.30457776	12.67252582	-0.17889145
-0.43127235	12.69779370	-0.21579181	-0.43072615	12.69700686	-0.21583328
-0.18595290	12.51535469	-0.13664191	-0.18517344	12.51447408	-0.13667508
-0.03695622	12.39961949	-0.14378546	-0.03587733	12.39870782	-0.14381977
-0.03463702	12.46935825	-0.17486054	-0.03371079	12.46849147	-0.17487613
-0.17443819	12.57807328	-0.16544461	-0.17374277	12.57722988	-0.16544361
0.12491389	12.33934669	-0.16414880	0.12652710	12.33838954	-0.16440579
0.25539581	12.32094775	-0.19014306	0.25879957	12.32005515	-0.19114069
0.23245750	12.38101765	-0.24124663	0.23361079	12.38045509	-0.24133022
0.11473681	12.40679551	-0.20536667	0.11589286	12.40599487	-0.20541255
0.30365086	12.35594184	-0.21109504	0.30546271	12.35570489	-0.21177866
0.28789304	12.43972112	-0.27992292	0.28863060	12.43945982	-0.28005868
0.27994325	12.41188969	-0.26601142	0.28079951	12.41158352	-0.26614039
0.31411227	12.34641059	-0.22322442	0.31491274	12.34636535	-0.22345136
0.34620000	12.27620000	-0.23202000	0.34620000	12.27620000	-0.23202000
0.31983273	12.33301874	-0.29102781	0.32043139	12.33281506	-0.29127211
0.28705124	12.39816045	-0.28114470	0.28781010	12.39794830	-0.28138178
0.44425997	12.21770000	-0.27141000	0.44425997	12.21770000	-0.27141000
0.57587000	12.16340070	-0.32883000	0.57587000	12.16340070	-0.32883000
0.56970798	12.24298060	-0.38305253	0.57001181	12.24286095	-0.38318250
0.42790418	12.28604656	-0.32811222	0.42829889	12.28590177	-0.32826394
0.70622003	12.08180000	-0.39380000	0.70622003	12.08180000	-0.39380000
0.70013165	12.18130064	-0.44766431	0.70036175	12.18118218	-0.44781595
0.76334754	12.39372962	-1.04847084	0.76342191	12.39370731	-1.04863849
0.86559240	12.24502488	-1.04731229	0.86566997	12.24499329	-1.04755908
0.78281676	12.37724670	-0.86036598	0.78298518	12.37718206	-0.86056515
0.87478114	12.22364115	-0.90685142	0.87491808	12.22356954	-0.90711193
0.79554095	12.26274143	-0.67264949	0.79576676	12.26262536	-0.67287478
0.87464920	12.14983843	-0.75468756	0.87481581	12.14972259	-0.75495577
0.53345326	12.60832296	-0.90301774	0.53356326	12.60828166	-0.90308145
0.64689961	12.52243398	-0.99069062	0.64698874	12.52241087	-0.99078423
0.56485948	12.53883637	-0.69159195	0.56512451	12.53875643	-0.69171405
0.67779740	12.47894578	-0.78136946	0.67800976	12.47887655	-0.78152370
0.57078566	12.38671298	-0.51125853	0.57115991	12.38659001	-0.51142516
0.69249316	12.34043311	-0.58928959	0.69278757	12.34032065	-0.58948108
-0.21841235	12.91128213	-0.37194114	-0.21805909	12.91069862	-0.37172720
-0.11243951	12.86825709	-0.35623586	-0.11206994	12.86769171	-0.35605862
-0.23982949	12.85321197	-0.28547687	-0.23941219	12.85253909	-0.28530312
-0.13303875	12.80368390	-0.27214084	-0.13259444	12.80302949	-0.27200101
-0.01570175	12.73641371	-0.30762446	-0.01523339	12.73581960	-0.30751502
0.00736140	12.80269818	-0.40317142	0.00773634	12.80221544	-0.40303323
-0.27338275	12.76265813	-0.22275692	-0.27288153	12.76189986	-0.22267067
-0.15551225	12.69011148	-0.20999162	-0.15494003	12.68935796	-0.20992496
-0.02854592	12.60409530	-0.23088221	-0.02789301	12.60336965	-0.23082996
-0.55447981	12.91058082	-0.54331269	-0.55423640	12.91036727	-0.54308605
-0.58847873	12.90406113	-0.45158539	-0.58817227	12.90368527	-0.45135360
-0.48619560	12.92436449	-0.39035139	-0.48584074	12.92382265	-0.39011271
-0.45304258	12.93741805	-0.49591000	-0.45275079	12.93702281	-0.49566715
-0.60480364	12.83184954	-0.37255126	-0.60440250	12.83129553	-0.37244753
-0.51572734	12.82214213	-0.31408861	-0.51528560	12.82148333	-0.31399846
-0.33691079	12.93609292	-0.42811361	-0.33658316	12.93555714	-0.42786905
-0.36366054	12.90051644	-0.32951394	-0.36327533	12.89987293	-0.32929951
-0.39905956	12.80279061	-0.26094953	-0.39858945	12.80207084	-0.26084912
0.29326614	12.63934700	-0.65130423	0.29355051	12.63918207	-0.65132145
0.33500085	12.63606925	-0.67478058	0.33526717	12.63593291	-0.67481031
0.26712575	12.57220685	-0.50145243	0.26756506	12.57197840	-0.50149413
0.31350609	12.57134296	-0.51140890	0.31393978	12.57116004	-0.51147833
0.31759305	12.58934564	-0.49583531	0.31802214	12.58915538	-0.49589319
0.33597831	12.65037100	-0.66638491	0.33624446	12.65023317	-0.66640990
0.34316156	12.63287875	-0.68899152	0.34341591	12.63275032	-0.68902231
0.32002078	12.57515038	-0.51066964	0.32044097	12.57496843	-0.51073579
0.35237885	12.55546565	-0.55130021	0.35276930	12.55530481	-0.55138066
0.37250550	12.61428806	-0.73948182	0.37272401	12.61417771	-0.73952071
0.32746631	12.44065532	-0.39918122	0.32801162	12.44046808	-0.39933426
0.29508671	12.48742188	-0.37585223	0.29565011	12.48718872	-0.37595445
0.28937729	12.49150694	-0.37095778	0.28996826	12.49126259	-0.37106963
0.24193453	12.47715883	-0.35478911	0.24256707	12.47685038	-0.35489375
0.44556429	12.55410620	-0.61320589	0.44590114	12.55398755	-0.61330662
0.43872977	12.62181001	-0.81501369	0.43888500	12.62174150	-0.81506934
0.43407337	12.41227152	-0.44620794	0.43453742	12.41211636	-0.44638144
0.13778979	12.63988115	-0.40953634	0.13825906	12.63949456	-0.40949257
0.16399923	12.71044092	-0.53191555	0.16434770	12.71014259	-0.53185630
0.11954860	12.52250770	-0.29380962	0.12027050	12.52192902	-0.29380333
0.16362714	13.14500383	-0.39462250	0.16381946	13.14463968	-0.39438912
0.25938800	13.03098558	-0.12905667	0.25971675	13.03054718	-0.12889758
0.29881328	12.91701754	-0.08750487	0.29922020	12.91658330	-0.08740298
0.32801620	12.73704349	-0.09283825	0.32855040	12.73665035	-0.09282837
0.34825187	12.55767575	-0.12249948	0.34894481	12.55732897	-0.12255538
0.24134773	12.85846767	-0.81469433	0.24149236	12.85836642	-0.81460411
0.33979100	12.37530329	-0.18521795	0.34091634	12.37522683	-0.18552787
0.17648619	13.06128458	-0.58853016	0.17664796	13.06102579	-0.58833664
0.20224576	12.99142147	-0.68857437	0.20239971	12.99123070	-0.68841674
0.89641675	11.96112083	-0.57114574	0.89642359	11.96099432	-0.57138723
0.82721136	12.01969513	-0.45666537	0.82721779	12.01968865	-0.45667069
0.93995286	11.92431186	-0.70483682	0.94007121	11.92417984	-0.70516866
0.74594115	12.33169559	-1.28654046	0.74592122	12.33173774	-1.28671513
0.46145461	12.61947522	-1.16634097	0.46143922	12.61947117	-1.16633161
0.35367065	12.65798733	-1.05833334	0.35367065	12.65800131	-1.05831806
0.28748198	12.66179633	-0.96018991	0.28751052	12.66179907	-0.96016296
0.27328520	12.69189994	-0.89906884	0.27336685	12.69187127	-0.89902864
0.25678596	12.70319914	-0.88601434	0.25690090	12.70313242	-0.88596928
0.20853614	12.68906827	-0.86799143	0.20867242	12.68897289	-0.86793896
0.12021981	12.71089441	-0.75359860	0.12043483	12.71070711	-0.75351820
0.01199440	12.74421295	-0.62346412	0.01228871	12.74388224	-0.62336170
-0.19656231	12.78465176	-0.55809734	-0.19627713	12.78423706	-0.55802691
-0.29967031	12.82624070	-0.60814194	-0.29942197	12.82588118	-0.60802142
-0.48356715	12.88791368	-0.69496159	-0.48335836	12.88779511	-0.69476046
-0.56575999	12.89071296	-0.68346040	-0.56556852	12.89075120	-0.68325860
-0.71150791	12.85881103	-0.54141375	-0.71132443	12.85876707	-0.54120064
-0.18811967	12.52505723	-0.11460331	-0.18736343	12.52417517	-0.11464366
0.14273153	12.35495176	-0.13952041	0.14442126	12.35390328	-0.13982805
0.31034359	12.38380641	-0.22330956	0.31139799	12.38362863	-0.22368327
0.38345474	12.29386480	-0.19536648	0.38377212	12.29374904	-0.19551675
0.46933479	12.23726386	-0.23889115	0.46951411	12.23718223	-0.23894266
0.71412785	12.09180507	-0.37181077	0.71415753	12.09179694	-0.37183350
0.29599083	12.51461657	-0.36903581	0.29655967	12.51437365	-0.36912873
0.58439388	12.77796353	-0.54128997	0.58470283	12.77786991	-0.54137467
0.30542753	12.98934291	-0.53011393	0.30565363	12.98912902	-0.53000233
0.03421862	12.99484051	-0.26257472	0.03454200	12.99430231	-0.26235336
0.10265090	13.07746027	-0.30758632	0.10291008	13.07700536	-0.30734947
0.31988220	12.86862817	-0.29428627	0.32025527	12.86832718	-0.29422187
0.03110761	12.96756223	-0.42104803	0.03139244	12.96711970	-0.42083991
0.12452324	13.04540756	-0.41709735	0.12476167	13.04503323	-0.41688731
0.36724364	12.82367995	-0.69349847	0.36745335	12.82356674	-0.69347104
0.15885046	13.02883039	-0.17912081	0.15917179	13.02833994	-0.17893120
0.22092370	12.81520431	-0.79379350	0.22108586	12.81508306	-0.79370855
0.33042305	12.75841622	-0.53114137	0.33073051	12.75822960	-0.53112984
0.32926939	12.88698053	-0.84148887	0.32940124	12.88690949	-0.84142264
0.39496717	12.43615254	-0.24562850	0.39569574	12.43597008	-0.24581354
0.24613857	13.04683951	-0.44632663	0.24636567	13.04655508	-0.44616912
0.47700755	12.68503863	-0.66758641	0.47726255	12.68494312	-0.66764819
0.69864089	12.74958775	-0.77244992	0.69883470	12.74953621	-0.77257370
0.32829320	12.93989218	-0.19998604	0.32865646	12.93954441	-0.19989245
-0.42666029	12.91026885	-0.24426249	-0.42624971	12.90951570	-0.24403937
0.15458071	13.08137940	-0.24838728	0.15484861	13.08092729	-0.24816798
0.32451788	12.94657240	-0.68778657	0.32468962	12.94643786	-0.68769802
-0.51372673	12.91003483	-0.28453057	-0.51331845	12.90932325	-0.28430180
0.22969888	13.03152403	-0.32809518	0.22997290	13.03117282	-0.32793222
0.29103798	12.45948836	-0.20121800	0.29186899	12.45910759	-0.20132100
0.12052039	13.09876460	-0.36962343	0.12074826	13.09836156	-0.36938297
0.21150563	13.07740040	-0.48851621	0.21170035	13.07711251	-0.48833369
0.25551464	12.61266307	-0.24503807	0.25608510	12.61227961	-0.24503890
0.16896105	12.93753934	-0.50850623	0.16921584	12.93724232	-0.50835909
0.27828254	12.89123942	-0.83144460	0.27841435	12.89115408	-0.83135665
0.28500470	12.84052707	-0.83468835	0.28514116	12.84044732	-0.83461746
0.23236407	13.02207980	-0.54434311	0.23256723	13.02183312	-0.54418936
0.37710343	12.79947321	-0.19792102	0.37756802	12.79918046	-0.19790087
0.49869369	12.59233359	-0.43298693	0.49913865	12.59220483	-0.43309769
0.30594220	12.76094843	-0.88736903	0.30604341	12.76090357	-0.88732424
0.16232410	12.96483606	-0.64370925	0.16250803	12.96459911	-0.64354936
0.39202377	12.37592717	-0.22253816	0.39282452	12.37572275	-0.22274932
0.35889122	12.48394679	-0.31262803	0.35954580	12.48374985	-0.31277011
0.19609636	12.86841516	-0.18672812	0.19651352	12.86795122	-0.18662216
0.38986638	12.73027424	-0.90975520	0.38994637	12.73024903	-0.90974658
0.29764763	12.79320128	-0.84877838	0.29777748	12.79313205	-0.84872304
0.14688924	13.11377514	-0.28065665	0.14712989	13.11333982	-0.28041999
0.41566475	12.60685732	-0.24747481	0.41622120	12.60663910	-0.24754528
0.21613982	12.86022417	-0.77048622	0.21630240	12.86008813	-0.77038601
0.42832536	12.71333770	-0.82693061	0.42847181	12.71327279	-0.82695194
0.82761542	12.74528953	-0.86777637	0.82777110	12.74525121	-0.86793790
0.56642929	12.79149104	-0.92710901	0.56653286	12.79145558	-0.92715874
0.34201286	12.68617860	-0.19904891	0.34255304	12.68586067	-0.19905349
0.25211238	12.76295323	-0.18145701	0.25260352	12.76253090	-0.18140717
