0.85120502	12.73667913	-0.42030530	0.85195674	12.73637145	-0.42041626
0.82248957	12.87490158	-0.44894254	0.82339213	12.87462848	-0.44905538
0.89843898	12.83357967	-0.54729302	0.89912089	12.83324722	-0.54747683
0.93023688	12.70036785	-0.53274688	0.93078085	12.70000721	-0.53293365
0.78003039	12.96582547	-0.50920319	0.78095499	12.96561102	-0.50928661
0.85997444	12.91969492	-0.59018100	0.86070225	12.91940249	-0.59033425
0.90915379	12.87678659	-0.65055007	0.90974722	12.87645440	-0.65073533
0.94743040	12.80687182	-0.64487110	0.94795852	12.80650621	-0.64508164
0.98125876	12.67777054	-0.64589700	0.98167502	12.67739524	-0.64611619
0.71696825	12.76647174	-1.16405738	0.71702089	12.76637601	-1.16404522
0.83928917	12.71584974	-1.14236612	0.83933613	12.71566892	-1.14243011
0.80787213	12.82234261	-1.07354516	0.80801548	12.82215841	-1.07358358
0.68568988	12.86865118	-1.09020651	0.68583181	12.86854187	-1.09013773
0.94046940	12.68203002	-1.07964924	0.94054098	12.68177273	-1.07978292
0.90747032	12.79312783	-1.02094421	0.90764466	12.79287690	-1.02107063
0.86794238	12.86161767	-0.97031370	0.86818906	12.86137680	-0.97041470
0.78913494	12.90252430	-0.98562826	0.78938838	12.90232259	-0.98566610
0.66716577	12.94853667	-0.99097517	0.66743779	12.94840745	-0.99090098
0.59688090	12.83432769	-0.20802142	0.59818319	12.83429401	-0.20784197
0.57870371	12.97136647	-0.25566828	0.58014432	12.97137307	-0.25547485
0.71248010	12.92345145	-0.34862463	0.71365065	12.92329007	-0.34861807
0.73384076	12.78402522	-0.30822130	0.73485823	12.78381769	-0.30821125
0.54809890	13.05778817	-0.34005547	0.54951051	13.05783771	-0.33983265
0.67628617	13.01388026	-0.42438107	0.67745594	13.01377426	-0.42434852
0.46728878	12.88163000	-1.06333168	0.46742284	12.88165733	-1.06305374
0.59354218	12.82736545	-1.13625488	0.59362765	12.82733287	-1.13610988
0.56284292	12.91974361	-1.06380062	0.56302013	12.91970062	-1.06362603
0.43886184	12.96413132	-0.98865324	0.43913596	12.96417165	-0.98833831
0.54276658	12.99433496	-0.96213088	0.54309231	12.99428431	-0.96194091
0.41817612	13.03355692	-0.88593724	0.41863965	13.03362421	-0.88558251
-0.01288154	12.99016850	-0.06508277	-0.01092802	12.99120451	-0.06369803
-0.14152091	13.00198370	-0.08694484	-0.13965744	13.00318111	-0.08529857
-0.14405893	13.07539809	-0.13359917	-0.14222150	13.07660005	-0.13199227
-0.01901591	13.07746663	-0.10913584	-0.01704274	13.07849216	-0.10779028
-0.26046568	13.00358021	-0.12332195	-0.25869440	13.00486220	-0.12152354
-0.26145739	13.06494803	-0.17183860	-0.25972091	13.06620418	-0.17009033
-0.26272781	13.10607530	-0.23742580	-0.26105722	13.10728562	-0.23570170
-0.14607324	13.12226019	-0.19988641	-0.14429109	13.12342747	-0.19832236
-0.02403347	13.13142388	-0.17507595	-0.02211567	13.13242507	-0.17374932
0.03151942	12.97584346	-0.58962087	0.03246250	12.97657042	-0.58840472
0.01659640	13.03828413	-0.56412174	0.01768395	13.03904841	-0.56288061
-0.06433590	13.04027121	-0.55345550	-0.06319760	13.04113998	-0.55202473
-0.05020694	12.98405131	-0.56898680	-0.04916874	12.98489670	-0.56754853
-0.00288578	13.09232613	-0.51676210	-0.00162239	13.09313902	-0.51548482
-0.08585487	13.08661143	-0.51785556	-0.08460321	13.08751878	-0.51642498
-0.17936050	13.07932151	-0.53396455	-0.17810563	13.08031661	-0.53235560
-0.15673883	13.03824632	-0.56975170	-0.15558775	13.03918909	-0.56815280
-0.14206184	12.98699616	-0.58706930	-0.14096080	12.98790205	-0.58547102
0.98732300	12.28878614	-0.67194811	0.98735230	12.28844560	-0.67212638
0.96634951	12.06990649	-0.68786713	0.96619524	12.06959034	-0.68799969
0.91380927	12.09670770	-0.55257280	0.91376842	12.09647161	-0.55269604
0.92876088	12.30349522	-0.53680475	0.92890367	12.30319408	-0.53695608
0.83590098	12.14661895	-0.43131779	0.83596389	12.14646285	-0.43138595
0.84338013	12.32870612	-0.41143353	0.84362648	12.32845489	-0.41152898
0.97931513	12.38001755	-1.14151080	0.97919378	12.37974841	-1.14164153
0.88443172	12.44063115	-1.21051160	0.88433007	12.44044201	-1.21059985
0.87974134	12.28113085	-1.23537267	0.87954165	12.28096864	-1.23546897
0.97177190	12.18873144	-1.15685766	0.97152236	12.18847916	-1.15699454
0.75729277	12.51694628	-1.23932124	0.75725183	12.51685534	-1.23936801
0.75342635	12.39673709	-1.27076046	0.75330415	12.39665557	-1.27082060
0.86748323	12.17643036	-1.24322471	0.86719040	12.17629183	-1.24332697
0.95288685	12.05412801	-1.15494587	0.95245259	12.05392615	-1.15506895
0.99348368	12.49777122	-0.65722190	0.99371128	12.49739288	-0.65743005
0.93693094	12.51378017	-0.53075004	0.93727910	12.51343524	-0.53093036
0.85280843	12.54227666	-0.40873352	0.85331193	12.54197311	-0.40883902
0.86792427	12.58715130	-1.18368152	0.86790714	12.58697181	-1.18377022
0.96698900	12.54442872	-1.11788755	0.96696845	12.54416195	-1.11802904
0.74271533	12.64476746	-1.20859874	0.74271172	12.64468042	-1.20861944
0.60017823	12.42004485	-0.22561600	0.60069030	12.41991033	-0.22549250
0.60082273	12.63488913	-0.20305481	0.60179716	12.63480330	-0.20287673
0.73399509	12.58501630	-0.29744705	0.73470530	12.58479609	-0.29741475
0.72740516	12.37082456	-0.30842732	0.72777368	12.37062885	-0.30842346
0.46870280	12.70493720	-1.15062856	0.46871331	12.70499145	-1.15055053
0.61201970	12.61504030	-1.21939937	0.61201817	12.61504015	-1.21939273
0.60872201	12.71927044	-1.18583915	0.60873718	12.71925327	-1.18578466
0.47369997	12.78882607	-1.11685937	0.47376503	12.78886932	-1.11667399
0.58651564	12.17480534	-0.30180686	0.58653938	12.17476595	-0.30180806
0.59722924	12.28073066	-0.26248007	0.59744398	12.28060675	-0.26244365
0.72329304	12.21612698	-0.33771265	0.72343628	12.21598477	-0.33772638
0.60069320	12.48693107	-1.25183279	0.60065161	12.48692205	-1.25182915
0.60683082	12.53433348	-1.24356386	0.60681341	12.53432028	-1.24355834
0.46264940	12.64923011	-1.16633244	0.46264744	12.64927920	-1.16629966
-0.00465591	12.71224860	-0.06406250	-0.00308425	12.71318114	-0.06262804
-0.15341065	12.78095246	-0.07106110	-0.15175206	12.78216178	-0.06927048
-0.14350230	12.90379246	-0.06858916	-0.14170602	12.90501168	-0.06686522
-0.00500214	12.86671934	-0.05330323	-0.00318952	12.86771131	-0.05188040
-0.28950205	12.83206789	-0.09576425	-0.28784706	12.83340415	-0.09380838
-0.27093813	12.92718521	-0.09967728	-0.26920508	12.92849709	-0.09781369
0.02729065	12.84634796	-0.61867039	0.02802607	12.84707373	-0.61742615
0.03357217	12.91173541	-0.60607291	0.03441370	12.91245231	-0.60485061
-0.04740352	12.92225590	-0.57823313	-0.04645198	12.92310065	-0.57677144
-0.05572838	12.85746286	-0.58216301	-0.05485964	12.85831221	-0.58066531
-0.13888996	12.92967632	-0.59512776	-0.13783258	12.93057555	-0.59347160
-0.14867992	12.86886137	-0.59383285	-0.14766278	12.86978444	-0.59214405
-0.03445189	12.41658137	-0.11868479	-0.03351614	12.41749815	-0.11722156
-0.17450535	12.63383436	-0.08899738	-0.17307860	12.63503952	-0.08714392
-0.01947751	12.54164489	-0.08817832	-0.01824698	12.54256434	-0.08671656
-0.32595240	12.62658624	-0.12777482	-0.32457769	12.62793102	-0.12556616
-0.31229225	12.71431546	-0.10763015	-0.31075870	12.71566235	-0.10553092
0.01719135	12.78004524	-0.63044393	0.01782360	12.78078313	-0.62916401
-0.07510585	12.79103668	-0.57917276	-0.07425967	12.79187996	-0.57758776
-0.09287457	12.76402906	-0.55896505	-0.09200063	12.76490435	-0.55731102
-0.17271106	12.80631854	-0.58154514	-0.17169319	12.80725225	-0.57984825
-0.38289878	13.00051687	-0.17276103	-0.38122699	13.00182076	-0.17087158
-0.37510834	13.05066074	-0.21855361	-0.37347007	13.05188790	-0.21671678
-0.49286922	12.99343072	-0.22959815	-0.49129048	12.99472200	-0.22764783
-0.47315071	13.03425628	-0.27056942	-0.47161902	13.03547688	-0.26869334
-0.45105856	13.06752674	-0.32082627	-0.44956905	13.06867744	-0.31899076
-0.36520728	13.08769181	-0.27772717	-0.36362792	13.08885716	-0.27593764
-0.26097354	13.03575202	-0.58934434	-0.25976676	13.03677785	-0.58762546
-0.24653129	12.99047588	-0.61418418	-0.24534249	12.99148106	-0.61246264
-0.28126854	13.07226067	-0.54899204	-0.27999580	13.07330303	-0.54727333
-0.37590030	13.06353624	-0.55773495	-0.37464597	13.06457072	-0.55596018
-0.36090323	13.03222686	-0.60253130	-0.35967072	13.03330376	-0.60077860
-0.35115728	12.99382249	-0.63627618	-0.34987749	12.99491671	-0.63454198
-0.24787978	12.94190604	-0.62991181	-0.24670237	12.94290864	-0.62820199
-0.35859572	12.95479876	-0.66094968	-0.35729931	12.95590098	-0.65923120
-0.37325688	12.91739001	-0.67495977	-0.37188761	12.91853250	-0.67328661
-0.26058430	12.89230484	-0.63428188	-0.25939119	12.89329210	-0.63255498
-0.53693004	12.88760587	-0.18912894	-0.53533542	12.88902290	-0.18700284
-0.55659334	12.76551078	-0.19486707	-0.55508125	12.76692527	-0.19245603
-0.63266042	12.80199809	-0.25265280	-0.63114803	12.80332170	-0.25023033
-0.61491210	12.89807174	-0.25165421	-0.61336808	12.89937282	-0.24950075
-0.56424642	12.66079413	-0.21231918	-0.56291105	12.66219875	-0.20960866
-0.63947503	12.71934932	-0.26475938	-0.63812927	12.72068060	-0.26210263
-0.68818033	12.78897805	-0.33480465	-0.68672839	12.79012488	-0.33222003
-0.68215747	12.84131228	-0.32890012	-0.68064303	12.84245553	-0.32654376
-0.66637633	12.90447107	-0.33037970	-0.66485411	12.90556469	-0.32825194
-0.45500372	12.65101820	-0.16392962	-0.45357522	12.65243284	-0.16145044
-0.44409419	12.74728451	-0.14481659	-0.44254954	12.74868554	-0.14255450
-0.42214708	12.86666461	-0.13636719	-0.42051575	12.86804734	-0.13431246
-0.46894828	12.93305731	-0.68631837	-0.46756623	12.93410874	-0.68455148
-0.47573041	12.90601923	-0.69691350	-0.47424015	12.90708503	-0.69516154
-0.38536735	12.88400392	-0.67670304	-0.38395041	12.88515437	-0.67506593
-0.55562266	12.93825720	-0.66673089	-0.55423059	12.93884122	-0.66487911
-0.56031487	12.91157116	-0.68153531	-0.55877763	12.91212292	-0.67969101
-0.39621209	12.86723505	-0.66623209	-0.39479727	12.86838801	-0.66460479
-0.28029774	12.84405667	-0.62628306	-0.27909855	12.84505043	-0.62456888
0.89863626	12.88490536	-0.90168972	0.89896934	12.88462735	-0.90182756
0.79860091	12.95192248	-0.88763689	0.79900043	12.95170773	-0.88770156
0.91514990	12.89929224	-0.81299085	0.91559646	12.89898641	-0.81315303
0.82004037	12.97181488	-0.78316686	0.82057673	12.97157848	-0.78326303
0.70962511	13.02753776	-0.74183795	0.71028156	13.02738194	-0.74185312
0.67975799	13.00333364	-0.87091362	0.68021222	13.00319862	-0.87087665
0.91625116	12.89548647	-0.72110912	0.91678107	12.89515947	-0.72128770
0.83718197	12.96310869	-0.67665517	0.83784540	12.96285151	-0.67677974
0.74270198	13.01573879	-0.61460690	0.74351942	13.01555983	-0.61465716
1.00020270	12.67140886	-0.98496197	1.00032869	12.67108988	-0.98513685
0.96243728	12.79300583	-0.93991874	0.96267515	12.79270476	-0.94010527
1.02329687	12.67188955	-0.87364804	1.02350239	12.67153196	-0.87386153
0.98225352	12.80238188	-0.84315956	0.98258432	12.80203838	-0.84337251
1.01464773	12.67096948	-0.76033103	1.01495019	12.67058446	-0.76056289
0.97635834	12.80197331	-0.74378317	0.97678673	12.80160923	-0.74400434
0.55961892	13.04885937	-0.82572108	0.56018213	13.04881850	-0.82556589
0.59650922	13.07459303	-0.67690964	0.59731770	13.07455236	-0.67679305
0.47270367	13.11339670	-0.59423284	0.47372486	13.11350907	-0.59392989
0.43541838	13.08675634	-0.74612551	0.43615511	13.08686947	-0.74578379
0.63653574	13.06349958	-0.53883230	0.63755794	13.06343815	-0.53876519
0.51146958	13.10440966	-0.45611509	0.51273651	13.10450340	-0.45585908
-0.38450122	13.08118916	-0.49988552	-0.38318832	13.08220971	-0.49810156
-0.46798906	13.06263901	-0.51262687	-0.46672580	13.06354475	-0.51083502
-0.44798029	13.05117738	-0.55491453	-0.44675565	13.05210066	-0.55308153
-0.39664153	13.08741747	-0.43686943	-0.39527646	13.08845080	-0.43508800
-0.49022546	13.06459641	-0.46816591	-0.48890867	13.06550639	-0.46637648
-0.57454723	13.03801373	-0.49747092	-0.57327696	13.03873117	-0.49568086
-0.53685403	13.04001076	-0.52993786	-0.53562445	13.04074463	-0.52814736
-0.49909009	13.03841926	-0.55605071	-0.49789004	13.03924639	-0.55425407
-0.42219380	13.08409533	-0.37671895	-0.42076424	13.08518187	-0.37491588
-0.50410835	13.06049454	-0.41682664	-0.50273032	13.06145423	-0.41502627
-0.51908552	13.04601310	-0.36593156	-0.51763346	13.04705836	-0.36408942
-0.56462128	13.02886154	-0.39832398	-0.56321296	13.02982759	-0.39650021
-0.57645697	13.03389740	-0.44696628	-0.57510526	13.03471436	-0.44516183
-0.01853396	13.13131572	-0.43487244	-0.01708012	13.13218953	-0.43356076
-0.11029597	13.11890774	-0.44734344	-0.10890158	13.11986010	-0.44589237
-0.02780922	13.15289358	-0.33956382	-0.02615703	13.15381400	-0.33825100
-0.13108492	13.13680643	-0.36078250	-0.12950590	13.13788652	-0.35928128
-0.23231794	13.11947896	-0.39186392	-0.23085311	13.12055526	-0.39019359
-0.20628928	13.10583411	-0.47023585	-0.20494695	13.10686068	-0.46859554
-0.02828489	13.15476204	-0.25241593	-0.02647118	13.15574420	-0.25109603
-0.14241570	13.14029698	-0.27698126	-0.14071520	13.14143818	-0.27544997
-0.25215042	13.12188460	-0.31234825	-0.25057393	13.12302012	-0.31065796
0.99070491	11.97513203	-1.05857134	0.99020029	11.97487173	-1.05875441
1.01314524	12.12002374	-1.05670150	1.01286907	12.11971881	-1.05685289
0.99313664	11.93022982	-0.95312966	0.99266706	11.92990469	-0.95333156
1.01902372	12.07681435	-0.94245830	1.01874433	12.07646650	-0.94261798
1.03818622	12.29449632	-0.92705666	1.03808821	12.29414390	-0.92722838
1.02685673	12.32910133	-1.04296843	1.02673640	12.32878067	-1.04312779
0.97444072	11.91370016	-0.83415548	0.97402550	11.91339314	-0.83430278
1.00237032	12.06160668	-0.81901767	1.00213257	12.06125883	-0.81916813
1.02444375	12.28348092	-0.80271220	1.02439374	12.28311276	-0.80289692
1.02242927	12.51490564	-1.01867082	1.02243419	12.51458174	-1.01885051
1.04107705	12.49739422	-0.90352466	1.04113319	12.49703571	-0.90374016
1.02984587	12.49197497	-0.78225242	1.02997602	12.49159532	-0.78247978
-0.64180113	12.93294952	-0.61452942	-0.64035395	12.93314379	-0.61255996
-0.64854561	12.90317099	-0.62647879	-0.64699257	12.90329121	-0.62445160
-0.69973028	12.92262085	-0.53478777	-0.69816985	12.92282538	-0.53278697
-0.71013073	12.88643316	-0.54078186	-0.70846814	12.88657061	-0.53866470
-0.65033916	12.87978306	-0.62787918	-0.64869013	12.87989544	-0.62582243
-0.70147089	12.91288906	-0.43249313	-0.69995086	12.91353476	-0.43043514
-0.71477297	12.86772723	-0.43343364	-0.71321291	12.86835702	-0.43121388
-0.71757834	12.83201808	-0.43519689	-0.71599954	12.83263108	-0.43279527
-0.29757578	13.09441401	-0.48676387	-0.29625376	13.09546201	-0.48503135
-0.31580755	13.10432962	-0.41444050	-0.31437956	13.10540324	-0.41271093
-0.34190342	13.10382821	-0.34397248	-0.34040585	13.10494123	-0.34222351
-0.59494620	12.95055215	-0.26433691	-0.59339592	12.95179422	-0.26232373
-0.51462253	12.95399341	-0.20160894	-0.51302395	12.95535614	-0.19959447
-0.64887078	12.94473536	-0.33958626	-0.64736810	12.94579520	-0.33757111
-0.62578643	12.97441703	-0.35640012	-0.62429086	12.97543747	-0.35446291
-0.57190660	12.98263253	-0.28861123	-0.57037835	12.98380913	-0.28667777
-0.39994766	12.94510835	-0.14566586	-0.39827715	12.94644843	-0.14372070
-0.45600568	12.96413290	-0.66793632	-0.45470607	12.96518819	-0.66617013
-0.44427313	12.99652377	-0.63972455	-0.44303370	12.99754918	-0.63793397
-0.52840833	12.99551605	-0.62290668	-0.52716411	12.99622795	-0.62108198
-0.54423022	12.96706012	-0.64889558	-0.54293479	12.96771196	-0.64706031
-0.65851145	12.97986035	-0.52308760	-0.65712240	12.98026308	-0.52124435
-0.68278447	12.95233524	-0.52943011	-0.68131482	12.95262781	-0.52751469
-0.62808414	12.96123566	-0.60171333	-0.62672243	12.96153284	-0.59981766
-0.60726500	12.98844592	-0.58385652	-0.60595479	12.98885838	-0.58200984
-0.62650665	13.00911889	-0.51411747	-0.62516597	13.00962309	-0.51231995
-0.58007657	13.01490669	-0.55682401	-0.57880950	13.01545816	-0.55502168
-0.51036007	13.02133971	-0.58356061	-0.50914160	13.02210834	-0.58173920
-0.68410217	12.94613477	-0.43506582	-0.68264150	12.94679621	-0.43311293
-0.65978286	12.97429135	-0.44096535	-0.65837959	12.97497610	-0.43908734
-0.59357702	13.00559523	-0.38071863	-0.59213984	13.00657776	-0.37885336
-0.62610318	13.00447285	-0.44997861	-0.62473547	13.00518866	-0.44815428
-0.54418450	13.01728602	-0.32282639	-0.54269382	13.01840558	-0.32094289
-0.44085007	13.02735597	-0.59969277	-0.43963684	13.02831399	-0.59787483
0.18221299	13.12110968	-0.18429694	0.18415707	13.12175687	-0.18337209
0.15249380	13.15976111	-0.26958124	0.15433499	13.16041784	-0.26862739
0.18015047	13.14762181	-0.28431632	0.18195267	13.14822522	-0.28342294
0.21416172	13.10775139	-0.19591044	0.21605342	13.10833711	-0.19504724
0.13195562	13.16671164	-0.36471377	0.13362823	13.16736152	-0.36373853
0.15804010	13.15537488	-0.38165519	0.15965103	13.15597915	-0.38073905
0.18470567	13.13870787	-0.29433004	0.18647093	13.13930217	-0.29344481
0.21852264	13.09934443	-0.20231973	0.22038735	13.09992324	-0.20146148
0.19135408	13.14639509	-0.29540819	0.19313312	13.14698015	-0.29454020
0.22395608	13.10584209	-0.19719925	0.22583397	13.10641251	-0.19635186
0.17208741	13.15344880	-0.39881794	0.17365338	13.15401976	-0.39792476
0.21604398	13.15915939	-0.42481044	0.21756081	13.15966305	-0.42402376
0.23775350	13.15157732	-0.31340688	0.23947401	13.15208278	-0.31263626
0.26980502	13.10905318	-0.20810517	0.27166653	13.10954296	-0.20736132
0.25761110	12.93445123	-0.06427041	0.25947348	12.93498445	-0.06344257
0.22080669	13.05093788	-0.10973260	0.22276906	13.05153774	-0.10885399
0.25692942	13.03807379	-0.12118180	0.25884690	13.03860803	-0.12038439
0.29711188	12.92106417	-0.07745086	0.29892397	12.92152133	-0.07671084
0.26716643	13.03605811	-0.12168019	0.26908350	13.03657526	-0.12090242
0.30830165	12.91915193	-0.08086510	0.31010213	12.91959112	-0.08015253
0.31235045	13.03446843	-0.12912030	0.31423415	13.03488804	-0.12844455
0.35205330	12.91128699	-0.08686372	0.35380681	12.91164130	-0.08623947
0.37726997	12.72232830	-0.09097703	0.37870301	12.72259798	-0.09040423
0.33725733	12.73608177	-0.08650938	0.33873828	12.73641970	-0.08585823
0.39454543	12.52686036	-0.12174904	0.39554501	12.52704204	-0.12127809
0.35707880	12.55102286	-0.11705832	0.35815007	12.55128139	-0.11650223
0.32588814	12.73829909	-0.08176764	0.32739454	12.73865797	-0.08109317
0.34492359	12.55384001	-0.11213017	0.34601316	12.55412799	-0.11154667
0.29933962	12.56770941	-0.09399685	0.30052137	12.56807449	-0.09329612
0.28391695	12.75576960	-0.06570520	0.28548794	12.75621926	-0.06493368
0.26602448	12.78337075	-0.91902243	0.26622476	12.78356393	-0.91847118
0.25616139	12.85361579	-0.89410867	0.25645910	12.85383463	-0.89351507
0.23707902	12.85951155	-0.83497487	0.23746922	12.85977795	-0.83432487
0.24779363	12.79864504	-0.85868087	0.24807141	12.79888459	-0.85804396
0.24094487	12.92569101	-0.84369981	0.24137678	12.92593485	-0.84305062
0.22129070	12.92416804	-0.78798743	0.22181253	12.92448052	-0.78729135
0.22783544	12.91978893	-0.77018391	0.22838179	12.92011281	-0.76949104
0.24872480	12.80447569	-0.83793002	0.24902552	12.80473921	-0.83728182
0.22081682	12.85996685	-0.82051114	0.22122189	12.86028421	-0.81979557
0.22569157	12.80260543	-0.84348896	0.22596386	12.80289602	-0.84276214
0.21027398	12.92371097	-0.77818651	0.21081592	12.92405680	-0.77745343
0.16974647	12.93598181	-0.76349884	0.17032105	12.93640618	-0.76267464
0.17736615	12.86862288	-0.80199916	0.17779865	12.86902785	-0.80118257
0.17926779	12.80498490	-0.82306234	0.17957053	12.80539428	-0.82222372
0.27086261	12.71325540	-0.94413681	0.27096364	12.71347316	-0.94365565
0.25535626	12.73740299	-0.88287600	0.25551981	12.73763015	-0.88226250
0.25716907	12.75303400	-0.86052690	0.25736266	12.75326965	-0.85989563
0.27482175	12.71650301	-0.87376116	0.27495524	12.71670462	-0.87318797
0.23444597	12.74484488	-0.87029994	0.23458261	12.74512198	-0.86958222
0.18571681	12.73732727	-0.85258736	0.18585356	12.73771828	-0.85171816
0.28247331	12.32810761	-0.16205195	0.28309842	12.32850818	-0.16140592
0.30036298	12.42466564	-0.12828148	0.30120966	12.42501822	-0.12767337
0.34809685	12.42288924	-0.14469660	0.34884872	12.42313191	-0.14422976
0.33332263	12.35339341	-0.17733427	0.33386987	12.35368044	-0.17689876
0.35211910	12.43548680	-0.15197356	0.35286745	12.43572130	-0.15150776
0.36179352	12.41586174	-0.14977742	0.36248494	12.41606169	-0.14934400
0.34782619	12.34782139	-0.18383160	0.34824450	12.34801592	-0.18351597
0.39886629	12.38248138	-0.15830841	0.39943658	12.38256085	-0.15798027
0.12107838	13.14144600	-0.46996084	0.12246820	13.14206712	-0.46897795
0.15097085	13.12810822	-0.48401533	0.15231294	13.12868425	-0.48310354
0.12435729	13.08915887	-0.57810232	0.12546208	13.08974818	-0.57714876
0.15959359	13.07381438	-0.58883961	0.16064045	13.07434262	-0.58795553
0.16296192	13.11679418	-0.49076188	0.16427216	13.11734692	-0.48986514
0.16877649	13.12318347	-0.49091180	0.17009727	13.12372913	-0.49002452
0.17864831	13.06708879	-0.58505499	0.17969759	13.06759718	-0.58421408
0.20476547	13.07242839	-0.62440533	0.20575038	13.07287661	-0.62363592
0.20418294	13.12891124	-0.52343308	0.20542345	13.12941595	-0.52261810
0.22031657	13.00182201	-0.74269708	0.22098832	13.00217317	-0.74199637
0.19889709	12.99708638	-0.69457269	0.19965650	12.99749678	-0.69380965
0.18453968	13.00022295	-0.69408449	0.18528842	13.00065964	-0.69328063
0.14629101	13.01509213	-0.68273108	0.14708070	13.01559095	-0.68184053
0.39534486	13.09116224	-0.26190858	0.39701912	13.09143901	-0.26142336
0.43068869	13.01062974	-0.17815268	0.43237568	13.01085245	-0.17770234
0.45910328	12.87987644	-0.13197817	0.46066998	12.88003818	-0.13156656
0.31280063	12.99101922	-0.86140344	0.31326410	12.99119078	-0.86089598
0.33654564	12.91285022	-0.95061529	0.33683288	12.91297570	-0.95016785
0.29499305	13.06053508	-0.74934035	0.29571337	13.06078332	-0.74878913
0.13752535	12.96240190	-0.05883758	0.13945714	12.96315240	-0.05775806
0.11567645	13.06666625	-0.10345873	0.11767585	13.06746258	-0.10238311
0.09411486	13.13017586	-0.17352053	0.09608635	13.13100716	-0.17243288
0.08852225	13.02876462	-0.62341942	0.08945978	13.02937645	-0.62237662
0.06862456	13.09424625	-0.54552222	0.06981692	13.09493559	-0.54442311
0.10749238	12.95662373	-0.67771720	0.10823017	12.95718661	-0.67671117
0.47343888	12.68470902	-0.13202499	0.47467968	12.68481176	-0.13164254
0.48260663	12.47554246	-0.16068480	0.48337298	12.47554419	-0.16038251
0.34558715	12.83192569	-1.00362044	0.34573952	12.83203023	-1.00324990
0.34649978	12.75681375	-1.03279121	0.34656780	12.75695202	-1.03248710
0.48351755	12.33798273	-0.19907985	0.48386607	12.33792180	-0.19892014
0.34531115	12.69681677	-1.05163547	0.34530405	12.69697115	-1.05143242
0.15832841	12.47234560	-0.10464488	0.15936238	12.47296029	-0.10362610
0.16450738	12.62844812	-0.07507724	0.16586876	12.62907199	-0.07404497
0.10903591	12.75555587	-0.74747144	0.10938694	12.75612621	-0.74644156
0.10940571	12.82428279	-0.72384212	0.10989326	12.82485866	-0.72282925
0.15567645	12.80782242	-0.05434088	0.15737334	12.80851244	-0.05327200
0.11168857	12.88980088	-0.70592036	0.11230992	12.89036132	-0.70492282
0.33104398	13.14377327	-0.50015994	0.33231971	13.14409253	-0.49961939
0.30490168	13.11511829	-0.62704568	0.30589812	13.11542211	-0.62647916
0.36161779	13.13557635	-0.37402413	0.36314197	13.13588223	-0.37350948
0.06494076	13.16449005	-0.34573047	0.06663675	13.16526432	-0.34462131
0.06150539	13.14061621	-0.44789407	0.06293936	13.14134787	-0.44678215
0.07649548	13.16176298	-0.25435238	0.07834648	13.16256863	-0.25326805
0.88202593	11.96638833	-0.58452525	0.88185960	11.96619386	-0.58454280
0.81676000	12.01719950	-0.47386000	0.81676000	12.01719950	-0.47386000
0.92246111	11.93858600	-0.71336839	0.92216598	11.93829795	-0.71343026
0.90987378	12.00508122	-0.71821920	0.90964223	12.00480887	-0.71829313
0.87422984	12.05189608	-0.63177509	0.87409735	12.05166922	-0.63185020
0.80591628	12.11452428	-0.52871839	0.80588431	12.11438686	-0.52877880
0.95581476	11.93108465	-0.83767982	0.95541831	11.93079649	-0.83780934
0.97509815	11.94711198	-0.94907449	0.97465270	11.94680800	-0.94925673
0.94300995	12.06509254	-0.93241067	0.94271800	12.06481244	-0.93253619
0.92868141	12.03478335	-0.81475023	0.92842006	12.03449950	-0.81484756
0.97428551	11.98941686	-1.04227753	0.97381438	11.98916902	-1.04244227
0.93961036	12.06411813	-1.12920899	0.93920355	12.06392597	-1.12932485
0.91643609	12.12681113	-1.10681713	0.91612997	12.12662036	-1.10692639
0.94031018	12.10000818	-1.03026458	0.94002135	12.09976332	-1.03038313
0.85890226	12.18222375	-1.22033585	0.85862091	12.18208924	-1.22043502
0.74243139	12.33313698	-1.27098670	0.74228253	12.33306796	-1.27107361
0.74639774	12.36143058	-1.19924912	0.74625508	12.36133746	-1.19930759
0.85703598	12.22812188	-1.15765918	0.85681368	12.22796184	-1.15775182
0.60115107	12.48302941	-1.23771172	0.60111116	12.48302197	-1.23770800
0.47105590	12.61372071	-1.15266830	0.47104280	12.61375880	-1.15264899
0.49420000	12.61570000	-1.07906000	0.49420000	12.61570000	-1.07906000
0.61447000	12.50220000	-1.16283000	0.61447000	12.50220000	-1.16283000
0.38289792	12.64730898	-1.04965127	0.38287343	12.64739909	-1.04956609
0.33201927	12.64766059	-0.95668355	0.33202753	12.64781895	-0.95646594
0.37140000	12.64100070	-0.89641000	0.37140000	12.64100070	-0.89641000
0.41679000	12.64250090	-0.98287004	0.41679000	12.64250090	-0.98287004
0.31396693	12.67936291	-0.89713729	0.31407451	12.67952049	-0.89674918
0.30990021	12.70689076	-0.86965724	0.31005146	12.70704586	-0.86919977
0.33821681	12.69475548	-0.81247919	0.33841932	12.69490163	-0.81206286
0.34741134	12.66960085	-0.84020179	0.34758483	12.66969926	-0.83989089
0.30083449	12.69418639	-0.87351004	0.30094498	12.69435430	-0.87299333
0.25770159	12.68418429	-0.84393289	0.25780143	12.68445956	-0.84324817
0.29808830	12.68134470	-0.77458924	0.29832886	12.68158786	-0.77402413
0.33702079	12.68336017	-0.81111854	0.33719883	12.68350806	-0.81067168
0.15153664	12.71994064	-0.71553228	0.15189664	12.72045002	-0.71458679
0.01997306	12.77388015	-0.57467284	0.02072779	12.77462656	-0.57338782
0.02423199	12.81167517	-0.49777989	0.02514296	12.81246974	-0.49648061
0.17566853	12.73508512	-0.64025621	0.17617938	12.73558677	-0.63936582
-0.09634809	12.81687292	-0.51138722	-0.09532718	12.81780509	-0.50972644
-0.20378164	12.84862982	-0.51526738	-0.20267027	12.84963536	-0.51349743
-0.20713793	12.91732477	-0.45514381	-0.20587634	12.91837428	-0.45335776
-0.09836607	12.87658037	-0.44122832	-0.09716865	12.87760334	-0.43944301
-0.30881555	12.86871349	-0.57524673	-0.30758218	12.86973185	-0.57349767
-0.40720411	12.87946826	-0.64320436	-0.40578023	12.88058911	-0.64153049
-0.42400427	12.90737896	-0.59163393	-0.42260044	12.90843786	-0.58987384
-0.31836437	12.92201896	-0.52045687	-0.31708619	12.92306979	-0.51866434
-0.49508706	12.88267866	-0.67178366	-0.49350613	12.88361244	-0.67000503
-0.57487947	12.87934020	-0.66043088	-0.57315610	12.87981315	-0.65856888
-0.57419531	12.88175070	-0.62499914	-0.57255600	12.88225168	-0.62307821
-0.51762472	12.89050340	-0.62365403	-0.51609925	12.89127287	-0.62181721
-0.64916269	12.87099292	-0.60902998	-0.64747876	12.87114092	-0.60693918
-0.69846729	12.85455242	-0.52962101	-0.69670442	12.85475579	-0.52734305
-0.66143350	12.87080737	-0.50126974	-0.65977588	12.87125070	-0.49910065
-0.62396514	12.88019356	-0.57798852	-0.62230776	12.88052363	-0.57593379
-0.70337880	12.82716158	-0.43448336	-0.70180440	12.82779787	-0.43206468
-0.67640458	12.78033244	-0.34474097	-0.67496918	12.78144005	-0.34214805
-0.65480449	12.78702167	-0.35761442	-0.65336278	12.78807313	-0.35507768
-0.66720065	12.83357793	-0.41777165	-0.66564121	12.83433079	-0.41542039
-0.62935579	12.70609288	-0.28161876	-0.62807211	12.70735834	-0.27893037
-0.55601809	12.64595268	-0.23264895	-0.55477743	12.64727226	-0.22987960
-0.53848426	12.70528533	-0.26380524	-0.53715683	12.70650753	-0.26127559
-0.61452630	12.74839351	-0.31398455	-0.61313945	12.74953333	-0.31144140
-0.44938506	12.64139745	-0.18476262	-0.44800873	12.64275983	-0.18227002
-0.32261838	12.62117754	-0.14844480	-0.32129674	12.62251159	-0.14624643
-0.30472390	12.67488398	-0.17728996	-0.30335358	12.67617564	-0.17515489
-0.43053907	12.69896985	-0.21457082	-0.42913232	12.70023742	-0.21226747
-0.18610023	12.51703045	-0.13490548	-0.18497319	12.51823420	-0.13305361
-0.03765631	12.40128607	-0.14245480	-0.03680514	12.40220821	-0.14098623
-0.03514785	12.47098987	-0.17354243	-0.03424777	12.47193969	-0.17206066
-0.17444683	12.57971880	-0.16376733	-0.17328457	12.58090983	-0.16192382
0.12333884	12.34085417	-0.16318424	0.12403082	12.34151898	-0.16207549
0.25168464	12.32219347	-0.18870220	0.25223815	12.32265342	-0.18796982
0.23128957	12.38195761	-0.24068821	0.23178515	12.38245574	-0.23990664
0.11372356	12.40817258	-0.20453725	0.11439758	12.40887352	-0.20342769
0.30174416	12.35637403	-0.21002687	0.30221816	12.35672880	-0.20949511
0.28726496	12.44023476	-0.27934023	0.28778944	12.44065964	-0.27871347
0.27912628	12.41245291	-0.26545927	0.27961110	12.41288289	-0.26482331
0.31334966	12.34658398	-0.22268972	0.31373423	12.34688831	-0.22228676
0.34620000	12.27620000	-0.23202000	0.34620000	12.27620000	-0.23202000
0.31923616	12.33344963	-0.29049101	0.31950450	12.33382035	-0.29010651
0.28635677	12.39862775	-0.28049735	0.28680400	12.39907257	-0.27993607
0.44425997	12.21770000	-0.27141000	0.44425997	12.21770000	-0.27141000
0.57587000	12.16340070	-0.32883000	0.57587000	12.16340070	-0.32883000
0.56939333	12.24309414	-0.38288510	0.56949560	12.24310402	-0.38282088
0.42749329	12.28628023	-0.32783248	0.42764276	12.28642581	-0.32764240
0.70622003	12.08180000	-0.39380000	0.70622003	12.08180000	-0.39380000
0.69988503	12.18135038	-0.44753189	0.69993845	12.18126397	-0.44753679
0.76316654	12.39373128	-1.04834470	0.76307474	12.39359745	-1.04838882
0.86538930	12.24501451	-1.04719621	0.86520651	12.24482077	-1.04729043
0.78252685	12.37723472	-0.86020356	0.78248657	12.37706869	-0.86024739
0.87451047	12.22360722	-0.90673093	0.87435918	12.22337795	-0.90683341
0.79521108	12.26273411	-0.67249142	0.79520134	12.26255615	-0.67254777
0.87434782	12.14980896	-0.75456730	0.87420769	12.14956339	-0.75465755
0.53326428	12.60836804	-0.90283331	0.53333107	12.60834372	-0.90272999
0.64672274	12.52244187	-0.99056355	0.64671085	12.52237553	-0.99054294
0.56455900	12.53892500	-0.69131517	0.56476117	12.53894143	-0.69115130
0.67749616	12.47896448	-0.78116441	0.67757826	12.47887527	-0.78112954
0.57040204	12.38684051	-0.51098114	0.57060008	12.38687203	-0.51083661
0.69215082	12.34047141	-0.58908747	0.69225610	12.34037745	-0.58906572
-0.21787092	12.91270250	-0.37032928	-0.21644613	12.91388005	-0.36845822
-0.11183213	12.86999905	-0.35422548	-0.11038106	12.87134424	-0.35219414
-0.23938307	12.85474430	-0.28386384	-0.23794830	12.85595342	-0.28195511
-0.13262217	12.80528353	-0.27037155	-0.13125549	12.80642376	-0.26854189
-0.01551813	12.73777126	-0.30627566	-0.01439513	12.73870300	-0.30481531
0.00757368	12.80391191	-0.40187556	0.00862600	12.80479526	-0.40048658
-0.27293528	12.76423048	-0.22114966	-0.27151765	12.76547813	-0.21915083
-0.15528266	12.69175887	-0.20833541	-0.15401353	12.69293318	-0.20652851
-0.02866793	12.60559557	-0.22956941	-0.02764835	12.60655396	-0.22808361
-0.55383169	12.91078991	-0.54262929	-0.55230784	12.91144188	-0.54068240
-0.58791956	12.90440132	-0.45099182	-0.58640719	12.90517864	-0.44894301
-0.48573348	12.92511182	-0.38943106	-0.48427934	12.92614846	-0.38746161
-0.45250566	12.93794388	-0.49489051	-0.45110840	12.93890798	-0.49301060
-0.60402997	12.83219621	-0.37203965	-0.60253335	12.83317803	-0.36976130
-0.51500099	12.82294154	-0.31325012	-0.51353759	12.82407412	-0.31103505
-0.33643890	12.93703975	-0.42678031	-0.33507436	12.93810588	-0.42491771
-0.36322426	12.90172148	-0.32820449	-0.36177846	12.90288820	-0.32626010
-0.39850064	12.80403524	-0.25967506	-0.39704368	12.80523880	-0.25758662
0.29298725	12.63976213	-0.65069974	0.29333994	12.64010946	-0.65006051
0.33471116	12.63638902	-0.67424481	0.33502350	12.63665989	-0.67369098
0.26673748	12.57278073	-0.50078410	0.26716101	12.57323857	-0.50005969
0.31311030	12.57179508	-0.51081275	0.31352141	12.57216873	-0.51017797
0.31726062	12.58979243	-0.49524479	0.31772843	12.59016440	-0.49462600
0.33572985	12.65069278	-0.66585939	0.33607991	12.65096381	-0.66532164
0.34290053	12.63317025	-0.68848915	0.34320491	12.63341779	-0.68796879
0.31966641	12.57558680	-0.51008875	0.32009850	12.57595205	-0.50948341
0.35200322	12.55584306	-0.55075378	0.35235735	12.55615016	-0.55021460
0.37225948	12.61453171	-0.73904250	0.37249747	12.61473480	-0.73859994
0.32696616	12.44108691	-0.39861635	0.32733555	12.44147709	-0.39808790
0.29462950	12.48792690	-0.37526780	0.29510787	12.48835016	-0.37463588
0.28888112	12.49203292	-0.37034001	0.28934842	12.49245375	-0.36967954
0.24137937	12.47783674	-0.35408644	0.24184325	12.47835072	-0.35332087
0.44521918	12.55433748	-0.61277806	0.44550924	12.55450665	-0.61241388
0.43851312	12.62194719	-0.81470229	0.43865123	12.62204211	-0.81444832
0.43361781	12.41255531	-0.44578047	0.43388486	12.41276043	-0.44545939
0.13760426	12.64079034	-0.40861564	0.13832068	12.64144641	-0.40756575
0.16388046	12.71120020	-0.53104549	0.16451702	12.71178351	-0.53008520
0.11905654	12.52365527	-0.29291792	0.11975659	12.52435968	-0.29180868
0.16435495	13.14586721	-0.39390037	0.16591768	13.14645451	-0.39299525
0.26029410	13.03177272	-0.12831744	0.26218981	13.03229921	-0.12751928
0.29955047	12.91766725	-0.08682652	0.30133523	12.91811662	-0.08609366
0.32840436	12.73759497	-0.09225370	0.32987520	12.73795013	-0.09158781
0.34812795	12.55813445	-0.12198669	0.34920568	12.55841558	-0.12140977
0.24114421	12.85873171	-0.81408762	0.24156225	12.85901249	-0.81343061
0.33875475	12.37548362	-0.18463533	0.33929150	12.37574911	-0.18421539
0.17684769	13.06189376	-0.58782802	0.17788356	13.06240404	-0.58698115
0.20237661	12.99189426	-0.68791267	0.20313959	12.99230746	-0.68714789
0.89633212	11.96109413	-0.57107944	0.89617099	11.96089369	-0.57110117
0.82721633	12.01970124	-0.45666429	0.82723295	12.01969397	-0.45666761
0.93987143	11.92429763	-0.70475807	0.93956587	11.92399338	-0.70482766
0.74590492	12.33173923	-1.28648713	0.74576061	12.33167462	-1.28657698
0.46142513	12.61952693	-1.16630022	0.46141614	12.61956820	-1.16627529
0.35357926	12.65801329	-1.05816599	0.35355648	12.65814810	-1.05801607
0.28735937	12.66185686	-0.95984667	0.28739124	12.66207109	-0.95950178
0.27307636	12.69199325	-0.89859852	0.27318398	12.69221871	-0.89808220
0.25637338	12.70331377	-0.88537598	0.25635599	12.70347920	-0.88464013
0.20813538	12.68928253	-0.86719033	0.20814124	12.68965160	-0.86634341
0.11990914	12.71143091	-0.75265830	0.12017690	12.71198065	-0.75162914
0.01191056	12.74505641	-0.62221739	0.01252168	12.74580464	-0.62093003
-0.19610214	12.78527132	-0.55589640	-0.19507254	12.78624273	-0.55417532
-0.29906577	12.82644065	-0.60613811	-0.29788886	12.82744897	-0.60443161
-0.48237518	12.88772546	-0.69397383	-0.48080773	12.88877143	-0.69222325
-0.56471344	12.89069266	-0.68291595	-0.56304247	12.89122636	-0.68109609
-0.71077867	12.85884222	-0.54113705	-0.70900549	12.85895610	-0.53887523
-0.18819697	12.52673062	-0.11285399	-0.18700088	12.52793383	-0.11099234
0.14116522	12.35651087	-0.13852373	0.14193739	12.35715722	-0.13746849
0.30933270	12.38415314	-0.22257038	0.30982039	12.38450101	-0.22206377
0.38315811	12.29397003	-0.19515158	0.38328220	12.29397495	-0.19508541
0.46916700	12.23733144	-0.23882755	0.46922518	12.23729081	-0.23879940
0.71410556	12.09180175	-0.37178864	0.71411337	12.09177663	-0.37178662
0.29556644	12.51512917	-0.36842994	0.29609853	12.51554167	-0.36777362
0.58433620	12.77802475	-0.54099552	0.58499228	12.77800663	-0.54082357
0.30571552	12.98980364	-0.52955744	0.30674359	12.99014765	-0.52895208
0.03494081	12.99617251	-0.26135991	0.03661265	12.99708794	-0.26002532
0.10339781	13.07856039	-0.30666295	0.10504361	13.07931239	-0.30556890
0.32024482	12.86917135	-0.29368183	0.32152140	12.86953672	-0.29302924
0.03159266	12.96869444	-0.41988056	0.03287490	12.96953292	-0.41859647
0.12509932	13.04633109	-0.41620976	0.12647922	13.04698731	-0.41517127
0.36712855	12.82388949	-0.69304971	0.36764361	12.82406057	-0.69259975
0.15969588	13.02987831	-0.17819711	0.16151227	13.03057392	-0.17718553
0.22071542	12.81552307	-0.79314374	0.22109468	12.81586259	-0.79241182
0.33039758	12.75883582	-0.53056853	0.33109265	12.75916156	-0.52997433
0.32908777	12.88709831	-0.84103375	0.32947342	12.88724247	-0.84055695
0.39442052	12.43642073	-0.24513577	0.39497819	12.43660505	-0.24472517
0.24663732	13.04747893	-0.44566708	0.24792581	13.04793408	-0.44491536
0.47680343	12.68518771	-0.66722395	0.47718019	12.68527593	-0.66693611
0.69844686	12.74956592	-0.77222984	0.69875934	12.74942335	-0.77221021
0.32889915	12.94045788	-0.19938041	0.33048078	12.94083297	-0.19873182
-0.42636719	12.91146480	-0.24315631	-0.42482825	12.91273153	-0.24117324
0.15542453	13.08240441	-0.24753551	0.15719107	13.08308345	-0.24654233
0.32456438	12.94685436	-0.68730689	0.32525715	12.94709654	-0.68678641
-0.51339117	12.91085037	-0.28369636	-0.51186728	12.91205898	-0.28165894
0.23031957	13.03228132	-0.32736974	0.23182390	13.03279051	-0.32654970
0.29048305	12.46008946	-0.20066832	0.29121588	12.46048709	-0.20002621
0.12120958	13.09974352	-0.36878693	0.12276426	13.10042393	-0.36776052
0.21200188	13.07806877	-0.48784215	0.21325603	13.07855156	-0.48703409
0.25541801	12.61336249	-0.24437152	0.25636814	12.61383250	-0.24357867
0.16924728	12.93827292	-0.50766928	0.17027624	12.93883562	-0.50674621
0.27810846	12.89142495	-0.83091629	0.27852321	12.89163829	-0.83033686
0.28479345	12.84069828	-0.83418114	0.28514627	12.84089986	-0.83361817
0.23270564	13.02265173	-0.54367697	0.23376682	13.02309508	-0.54293256
0.37741656	12.79989833	-0.19739644	0.37874087	12.80017150	-0.19683773
0.49845142	12.59249042	-0.43261380	0.49902713	12.59257962	-0.43231704
0.30573936	12.76103717	-0.88694036	0.30594382	12.76118622	-0.88646805
0.16247251	12.96543770	-0.64292820	0.16329166	12.96594749	-0.64205005
0.39132285	12.37618915	-0.22208726	0.39175565	12.37631472	-0.22175603
0.35840813	12.48430568	-0.31209255	0.35897317	12.48459332	-0.31158224
0.19661569	12.86933693	-0.18583390	0.19813515	12.86994778	-0.18486466
0.38971958	12.73030756	-0.90950154	0.38987000	12.73034905	-0.90925234
0.29742312	12.79333603	-0.84830915	0.29770140	12.79351529	-0.84778800
0.14772632	13.11479939	-0.27983900	0.14947798	13.11546674	-0.27885223
0.41557121	12.60715984	-0.24701464	0.41647365	12.60736081	-0.24655056
0.21599527	12.86057357	-0.76982889	0.21647262	12.86092630	-0.76909253
0.42811158	12.71343066	-0.82661539	0.42831304	12.71347947	-0.82634622
0.82742757	12.74522974	-0.86757591	0.82766935	12.74500434	-0.86765414
0.56621860	12.79149939	-0.92685644	0.56638690	12.79141404	-0.92671524
0.34210415	12.68668297	-0.19850064	0.34325478	12.68700742	-0.19787929
0.25241411	12.76370490	-0.18072416	0.25375981	12.76419592	-0.17989203
