0.84977992	12.74015558	-0.42572665	0.84965386	12.74037140	-0.42598128
0.82024225	12.87797891	-0.45576390	0.82006176	12.87817356	-0.45609067
0.89518792	12.83692261	-0.55523154	0.89495948	12.83713572	-0.55560988
0.92821386	12.70369854	-0.53825379	0.92806211	12.70391439	-0.53850869
0.77692109	12.96837114	-0.51603927	0.77668903	12.96853548	-0.51636881
0.85569230	12.92249368	-0.59862053	0.85540658	12.92267572	-0.59902594
0.89915473	12.87820903	-0.66551078	0.89858272	12.87831292	-0.66623492
0.94291533	12.81001739	-0.65347666	0.94263149	12.81022629	-0.65388315
0.97909242	12.68088218	-0.65129422	0.97894018	12.68109385	-0.65154020
0.71467353	12.76630504	-1.16804064	0.71452851	12.76632316	-1.16822643
0.83735457	12.71601353	-1.14654966	0.83723133	12.71606339	-1.14674004
0.80502227	12.82284255	-1.07860902	0.80483648	12.82290621	-1.07884388
0.68231142	12.86867150	-1.09498179	0.68209335	12.86869655	-1.09520715
0.93878957	12.68267618	-1.08397440	0.93868038	12.68276323	-1.08416699
0.90490542	12.79400263	-1.02620888	0.90473536	12.79409737	-1.02644978
0.86470063	12.86268802	-0.97645078	0.86448647	12.86278740	-0.97673632
0.78557751	12.90352410	-0.99143410	0.78534336	12.90361165	-0.99170687
0.66314212	12.94912759	-0.99633988	0.66287685	12.94918053	-0.99659509
0.59597375	12.83676182	-0.21229341	0.59586902	12.83690758	-0.21249821
0.57700939	12.97357875	-0.26041061	0.57685098	12.97371239	-0.26064123
0.71070626	12.92611441	-0.35413741	0.71054654	12.92628028	-0.35440363
0.73279499	12.78698464	-0.31297733	0.73268526	12.78716564	-0.31320333
0.54561122	13.05959058	-0.34497861	0.54540162	13.05969915	-0.34521943
0.67363383	13.01609597	-0.43000543	0.67341990	13.01623547	-0.43027890
0.46374915	12.88043421	-1.06720096	0.46351801	12.88037015	-1.06738537
0.59036168	12.82674630	-1.14049262	0.59016084	12.82672695	-1.14069483
0.55894312	12.91923807	-1.06831511	0.55868895	12.91922154	-1.06853096
0.43473875	12.96321254	-0.99281483	0.43446280	12.96315861	-0.99301332
0.53840175	12.99434224	-0.96692311	0.53810939	12.99434940	-0.96715228
0.41367318	13.03306597	-0.89034043	0.41336391	13.03303082	-0.89055056
-0.01390888	12.99004372	-0.06782631	-0.01402376	12.99002192	-0.06792458
-0.14244701	13.00132205	-0.08926215	-0.14256771	13.00125672	-0.08932967
-0.14536124	13.07455564	-0.13608211	-0.14551677	13.07447849	-0.13616636
-0.02047842	13.07717430	-0.11207438	-0.02063223	13.07714130	-0.11219087
-0.26137721	13.00249933	-0.12498161	-0.26150460	13.00239078	-0.12501469
-0.26273311	13.06373373	-0.17363240	-0.26289309	13.06361332	-0.17368040
-0.26439098	13.10471312	-0.23929343	-0.26458188	13.10457596	-0.23935156
-0.14781192	13.12121958	-0.20242387	-0.14800054	13.12112581	-0.20251886
-0.02593887	13.13093487	-0.17812552	-0.02612720	13.13088525	-0.17825382
0.02858507	12.97430341	-0.59247293	0.02834783	12.97417460	-0.59258200
0.01347018	13.03677819	-0.56710953	0.01321554	13.03664961	-0.56722837
-0.06736919	13.03862737	-0.55616237	-0.06762524	13.03847376	-0.55626182
-0.05310473	12.98238956	-0.57165610	-0.05334448	12.98223763	-0.57174605
-0.00602387	13.09093960	-0.51981637	-0.00628692	13.09081521	-0.51994254
-0.08887855	13.08501634	-0.52052943	-0.08914119	13.08486406	-0.52063368
-0.18237636	13.07757782	-0.53621355	-0.18264413	13.07739070	-0.53628920
-0.15983139	13.03648883	-0.57207332	-0.16009598	13.03630044	-0.57214489
-0.14510803	12.98524577	-0.58938342	-0.14536000	12.98505915	-0.58944661
0.98730012	12.29093403	-0.67380928	0.98729564	12.29109545	-0.67387551
0.96688909	12.07171744	-0.68864499	0.96693550	12.07185845	-0.68866116
0.91394141	12.09836924	-0.55338810	0.91395141	12.09848784	-0.55341167
0.92861898	12.30585505	-0.53890024	0.92860013	12.30601636	-0.53898391
0.83591641	12.14798057	-0.43246429	0.83591122	12.14806911	-0.43251025
0.84332046	12.33099275	-0.41368705	0.84330053	12.33113997	-0.41378369
0.97868261	12.38015260	-1.14391372	0.97866875	12.38022033	-1.14400635
0.88348828	12.44017298	-1.21297003	0.88345499	12.44019836	-1.21307131
0.87895085	12.28057430	-1.23710380	0.87895007	12.28059542	-1.23716921
0.97154334	12.18878524	-1.15836404	0.97157698	12.18885011	-1.15841224
0.75642544	12.51638779	-1.24141797	0.75638426	12.51638634	-1.24150992
0.75215957	12.39597791	-1.27238039	0.75212092	12.39596738	-1.27244905
0.86694440	12.17581601	-1.24438930	0.86697280	12.17583340	-1.24442790
0.95303087	12.05415981	-1.15576389	0.95310202	12.05422317	-1.15578184
0.99263770	12.50052436	-0.66066883	0.99257090	12.50071834	-0.66081597
0.93611887	12.51677680	-0.53442829	0.93604739	12.51697537	-0.53459099
0.85223939	12.54526003	-0.41249604	0.85217534	12.54544870	-0.41266688
0.86664389	12.58706981	-1.18696757	0.86657105	12.58711023	-1.18711272
0.96584684	12.54475012	-1.12128458	0.96578427	12.54482492	-1.12142884
0.74126310	12.64443527	-1.21185296	0.74117605	12.64444495	-1.21200179
0.60054478	12.42186334	-0.22792720	0.60054028	12.42196990	-0.22803278
0.60072320	12.63718339	-0.20642695	0.60067735	12.63731912	-0.20658467
0.73372529	12.58773494	-0.30103485	0.73367283	12.58790078	-0.30119958
0.72750911	12.37289212	-0.31081784	0.72749370	12.37301874	-0.31092594
0.46718669	12.70323305	-1.15196926	0.46709567	12.70314488	-1.15203212
0.61078008	12.61444765	-1.22094827	0.61071164	12.61442295	-1.22102193
0.60695584	12.71879458	-1.18866826	0.60684863	12.71878237	-1.18880462
0.47096568	12.78745690	-1.11971871	0.47079497	12.78738499	-1.11985534
0.58669799	12.17533964	-0.30219409	0.58670473	12.17536880	-0.30221313
0.59761300	12.28197417	-0.26388303	0.59762095	12.28204742	-0.26394686
0.72347908	12.21753738	-0.33920569	0.72347905	12.21762390	-0.33927292
0.59968491	12.48622831	-1.25177656	0.59964232	12.48619477	-1.25177430
0.60580517	12.53354985	-1.24385707	0.60575578	12.53351411	-1.24387095
0.46167816	12.64748491	-1.16681217	0.46162257	12.64739365	-1.16683226
-0.00470852	12.71230212	-0.06592167	-0.00473632	12.71228288	-0.06596306
-0.15363021	12.78035306	-0.07274541	-0.15367721	12.78028697	-0.07275968
-0.14406608	12.90317912	-0.07066842	-0.14415082	12.90311726	-0.07071337
-0.00556566	12.86671686	-0.05573227	-0.00563883	12.86669943	-0.05580545
-0.28984569	12.83102260	-0.09686662	-0.28991172	12.83091088	-0.09685045
-0.27153611	12.92615210	-0.10110792	-0.27163298	12.92604561	-0.10111933
0.02485746	12.84463902	-0.62108886	0.02466579	12.84450433	-0.62117187
0.03086282	12.91012730	-0.60874253	0.03064648	12.90999613	-0.60883930
-0.05009896	12.92055123	-0.58079413	-0.05031800	12.92039957	-0.58087103
-0.05819499	12.85571644	-0.58455256	-0.05839247	12.85556272	-0.58461371
-0.14184046	12.92792119	-0.59742839	-0.14207551	12.92773470	-0.59747910
-0.15143713	12.86710944	-0.59602635	-0.15164980	12.86692131	-0.59606070
-0.03350158	12.41637590	-0.11927360	-0.03345838	12.41633726	-0.11924595
-0.17435029	12.63316142	-0.09007297	-0.17435854	12.63308488	-0.09005076
-0.01896568	12.54160894	-0.08930628	-0.01895138	12.54158037	-0.08930818
-0.32598582	12.62543938	-0.12808209	-0.32600150	12.62530926	-0.12800885
-0.31245342	12.71323317	-0.10827569	-0.31248799	12.71311171	-0.10822563
0.01504622	12.77826135	-0.63262782	0.01487948	12.77812240	-0.63269742
-0.07740216	12.78930591	-0.58140373	-0.07757579	12.78914837	-0.58144616
-0.09510789	12.76235440	-0.56117128	-0.09526813	12.76219600	-0.56120360
-0.17530557	12.80461564	-0.58367800	-0.17549422	12.80442369	-0.58369074
-0.38388606	12.99915394	-0.17363762	-0.38402365	12.99899816	-0.17363009
-0.37641137	13.04922766	-0.21957516	-0.37657762	13.04906303	-0.21958295
-0.49396589	12.99193023	-0.22969583	-0.49411529	12.99173129	-0.22964884
-0.47453312	13.03264979	-0.27088967	-0.47470799	13.03244513	-0.27086032
-0.45277696	13.06583789	-0.32135189	-0.45297805	13.06562595	-0.32133887
-0.36688822	13.08615786	-0.27887714	-0.36708400	13.08598077	-0.27889788
-0.26417943	13.03393323	-0.59108252	-0.26445392	13.03370580	-0.59112187
-0.24981357	12.98867337	-0.61597121	-0.25008127	12.98844452	-0.61600308
-0.28433532	13.07043165	-0.55065494	-0.28460872	13.07020819	-0.55069763
-0.37897724	13.06165210	-0.55874849	-0.37925307	13.06139617	-0.55875786
-0.36422232	13.03033917	-0.60360139	-0.36450356	13.03007530	-0.60360653
-0.35465921	12.99195122	-0.63737906	-0.35494104	12.99168083	-0.63737628
-0.25114571	12.94011853	-0.63165369	-0.25140276	12.93988573	-0.63167223
-0.36218453	12.95296810	-0.66201374	-0.36246222	12.95268896	-0.66199710
-0.37692746	12.91561015	-0.67596416	-0.37719989	12.91532238	-0.67593111
-0.26380088	12.89058610	-0.63598301	-0.26404440	12.89034863	-0.63598426
-0.53770541	12.88626074	-0.18860998	-0.53781169	12.88606079	-0.18851929
-0.55739746	12.76420942	-0.19377429	-0.55747335	12.76400321	-0.19364516
-0.63387757	12.80067983	-0.25103764	-0.63398396	12.80044163	-0.25088735
-0.61604824	12.89671727	-0.25054593	-0.61617831	12.89648359	-0.25042823
-0.56523627	12.65944979	-0.21076201	-0.56529120	12.65923718	-0.21060383
-0.64100362	12.71803210	-0.26269705	-0.64109488	12.71778902	-0.26252178
-0.68997052	12.78753704	-0.33276495	-0.69010510	12.78726553	-0.33258839
-0.68381920	12.83986458	-0.32711367	-0.68396310	12.83959570	-0.32695414
-0.66799886	12.90299465	-0.32891641	-0.66815865	12.90272880	-0.32878104
-0.45549024	12.64972512	-0.16335060	-0.45552372	12.64955224	-0.16323404
-0.44451997	12.74600555	-0.14463668	-0.44457377	12.74583950	-0.14454699
-0.42265543	12.86538371	-0.13667858	-0.42274085	12.86522530	-0.13662514
-0.47288810	12.93117053	-0.68647280	-0.47317259	12.93084817	-0.68641035
-0.47980651	12.90413683	-0.69697784	-0.48008745	12.90380927	-0.69690430
-0.38903212	12.88229079	-0.67767987	-0.38929497	12.88199904	-0.67763266
-0.55939099	12.93621546	-0.66609535	-0.55967195	12.93587439	-0.66600446
-0.56417922	12.90947414	-0.68080301	-0.56445845	12.90912722	-0.68070169
-0.39977611	12.86550757	-0.66719069	-0.40002935	12.86521515	-0.66713509
-0.28338156	12.84238526	-0.62792616	-0.28360636	12.84214395	-0.62790824
0.89510805	12.88659505	-0.90886238	0.89487465	12.88672884	-0.90919777
0.79428246	12.95341312	-0.89428365	0.79400056	12.95352637	-0.89459741
0.91110275	12.90193950	-0.82158078	0.91083971	12.90212390	-0.82198543
0.81511474	12.97449837	-0.79092758	0.81479785	12.97467326	-0.79129553
0.70493861	13.02933290	-0.74807188	0.70462373	13.02945098	-0.74837047
0.67527649	13.00446795	-0.87667258	0.67497762	13.00454972	-0.87694695
0.91125008	12.89819716	-0.73165757	0.91093967	12.89838676	-0.73215694
0.83211784	12.96646210	-0.68484002	0.83179518	12.96667547	-0.68522693
0.73839070	13.01826602	-0.62123147	0.73809320	13.01842508	-0.62154952
0.99856077	12.67259931	-0.98954161	0.99845026	12.67272122	-0.98974325
0.95987481	12.79443620	-0.94558788	0.95970130	12.79456537	-0.94584606
1.02145033	12.67386295	-0.87836072	1.02132408	12.67402571	-0.87856854
0.97950223	12.80464991	-0.84938550	0.97931419	12.80482227	-0.84967050
1.01273561	12.67359667	-0.76530484	1.01260151	12.67378902	-0.76552733
0.97306810	12.80491997	-0.75075433	0.97284960	12.80512450	-0.75107657
0.55509289	13.04957236	-0.83078009	0.55478205	13.04961774	-0.83102274
0.59204543	13.07587718	-0.68235131	0.59173262	13.07595731	-0.68261386
0.46871161	13.11418707	-0.59903385	0.46841533	13.11422991	-0.59926599
0.43094476	13.08691972	-0.75073417	0.43062784	13.08692337	-0.75095524
0.63289826	13.06530453	-0.54433559	0.63262753	13.06541752	-0.54460253
0.50819595	13.10570400	-0.46103548	0.50793881	13.10578037	-0.46127548
-0.38727880	13.07931280	-0.50087377	-0.38754113	13.07907056	-0.50088583
-0.47076745	13.06074886	-0.51296275	-0.47102886	13.06047943	-0.51294174
-0.45101249	13.04925633	-0.55537687	-0.45128464	13.04898016	-0.55535889
-0.39907670	13.08558328	-0.43780525	-0.39931998	13.08535513	-0.43781564
-0.49274184	13.06273751	-0.46835974	-0.49298894	13.06247504	-0.46833198
-0.57717115	13.03611658	-0.49697452	-0.57742068	13.03582326	-0.49690952
-0.53970180	13.03808908	-0.52971370	-0.53996264	13.03779590	-0.52966223
-0.50211357	13.03647586	-0.55610204	-0.50238274	13.03618462	-0.55606323
-0.42427110	13.08232165	-0.37747293	-0.42449500	13.08210275	-0.37747416
-0.50631211	13.05865973	-0.41693110	-0.50654147	13.05840848	-0.41689776
-0.52096555	13.04428124	-0.36592505	-0.52117410	13.04404013	-0.36588243
-0.56663975	13.02710075	-0.39794586	-0.56685340	13.02683913	-0.39788257
-0.57875854	13.03204900	-0.44648320	-0.57899035	13.03177025	-0.44641681
-0.02146199	13.13011598	-0.43793451	-0.02171759	13.13000631	-0.43806570
-0.11310052	13.11742311	-0.44995987	-0.11335487	13.11727998	-0.45006488
-0.03044354	13.15194919	-0.34264762	-0.03068215	13.15185883	-0.34278062
-0.13361000	13.13538856	-0.36339218	-0.13384723	13.13526014	-0.36349571
-0.23477680	13.11785802	-0.39391389	-0.23501645	13.11769100	-0.39398526
-0.20908575	13.10414629	-0.47238499	-0.20934361	13.10396704	-0.47245999
-0.03059213	13.15405506	-0.25550073	-0.03080843	13.15398557	-0.25563394
-0.14456038	13.13905872	-0.27955591	-0.14477592	13.13894734	-0.27965664
-0.25422768	13.12038681	-0.31429016	-0.25444517	13.12023419	-0.31435565
0.99132956	11.97571652	-1.05914389	0.99143178	11.97581373	-1.05915201
1.01339346	12.12067913	-1.05792734	1.01345199	12.12077922	-1.05795976
0.99402300	11.93126025	-0.95355650	0.99413810	11.93137730	-0.95355965
1.01960861	12.07798904	-0.94343447	1.01967987	12.07811367	-0.94345520
1.03815527	12.29585197	-0.92906835	1.03816677	12.29598604	-0.92913779
1.02656066	12.32987463	-1.04519715	1.02656291	12.32997939	-1.04527789
0.97541972	11.91511898	-0.83454758	0.97553082	11.91524702	-0.83455170
1.00306715	12.06318675	-0.81986786	1.00313519	12.06332583	-0.81988462
1.02451231	12.28532614	-0.80457062	1.02452152	12.28547970	-0.80463377
1.02148811	12.51591688	-1.02202435	1.02143348	12.51603245	-1.02216302
1.04029297	12.49907531	-0.90680483	1.04024145	12.49922546	-0.90693971
1.02901928	12.49430652	-0.78560892	1.02896018	12.49448558	-0.78574903
-0.64514326	12.93082258	-0.61323839	-0.64540602	12.93047674	-0.61311697
-0.65192137	12.90098658	-0.62507915	-0.65218104	12.90063548	-0.62494578
-0.70252411	12.92062144	-0.53308902	-0.70275850	12.92028809	-0.53294545
-0.71292944	12.88439170	-0.53894453	-0.71315755	12.88405436	-0.53878593
-0.65368875	12.87758047	-0.62642066	-0.65394343	12.87722865	-0.62627916
-0.70363370	12.91116361	-0.43079244	-0.70383062	12.91086142	-0.43064563
-0.71700427	12.86603488	-0.43152259	-0.71719188	12.86573000	-0.43135777
-0.71988055	12.83032713	-0.43313489	-0.72006125	12.83002130	-0.43295831
-0.30036116	13.09260781	-0.48834904	-0.30062191	13.09239572	-0.48839277
-0.31825376	13.10261537	-0.41592509	-0.31849614	13.10241688	-0.41596569
-0.34395631	13.10218847	-0.34529235	-0.34417665	13.10200111	-0.34532444
-0.59612262	12.94912249	-0.26355338	-0.59627053	12.94889015	-0.26345724
-0.51549385	12.95256921	-0.20143008	-0.51562239	12.95237181	-0.20136476
-0.65051015	12.94320335	-0.33836850	-0.65068255	12.94293868	-0.33825059
-0.62749705	12.97280252	-0.35544597	-0.62768218	12.97253832	-0.35534470
-0.57325776	12.98110139	-0.28809685	-0.57342298	12.98086810	-0.28801808
-0.40066103	12.94380514	-0.14630509	-0.40077327	12.94365076	-0.14627856
-0.45980207	12.96223412	-0.66823044	-0.46008865	12.96192105	-0.66818239
-0.44782685	12.99462390	-0.64016171	-0.44811251	12.99432320	-0.64012809
-0.53186950	12.99356086	-0.62261277	-0.53215061	12.99324091	-0.62254949
-0.54787511	12.96507402	-0.64841658	-0.54815723	12.96474169	-0.64833904
-0.66125186	12.97791653	-0.52180448	-0.66149554	12.97759564	-0.52169287
-0.68555214	12.95036221	-0.52791147	-0.68579160	12.95003413	-0.52778294
-0.63136876	12.95917338	-0.60058927	-0.63163422	12.95883481	-0.60048150
-0.61045093	12.98644757	-0.58296402	-0.61071711	12.98611976	-0.58287215
-0.62920463	13.00719144	-0.51314395	-0.62945255	13.00688085	-0.51305231
-0.58308026	13.01295683	-0.55620191	-0.58334399	13.01264429	-0.55612760
-0.51353992	13.01938680	-0.58347995	-0.51381428	13.01908416	-0.58343166
-0.68627154	12.94438938	-0.43356722	-0.68647701	12.94409008	-0.43343656
-0.66199494	12.97251858	-0.43971194	-0.66220906	12.97222272	-0.43959853
-0.59545731	13.00389477	-0.38007002	-0.59565886	13.00363138	-0.37998942
-0.62838943	13.00265650	-0.44904367	-0.62861448	13.00236555	-0.44895117
-0.54577046	13.01565492	-0.32259657	-0.54595664	13.01541938	-0.32253702
-0.44413625	13.02543792	-0.60016891	-0.44441666	13.02515071	-0.60014606
0.18004357	13.12150970	-0.18807352	0.17985084	13.12152349	-0.18824703
0.14989487	13.15972352	-0.27334124	0.14966857	13.15970901	-0.27351685
0.17753375	13.14765540	-0.28814497	0.17730731	13.14764661	-0.28832357
0.21198382	13.10827004	-0.19974134	0.21179201	13.10829156	-0.19991879
0.12901989	13.16632742	-0.36839609	0.12876760	13.16628449	-0.36856838
0.15504223	13.15504512	-0.38539178	0.15478919	13.15500730	-0.38556661
0.18207323	13.13873392	-0.29814605	0.18184709	13.13872425	-0.29832339
0.21635441	13.09986168	-0.20613461	0.21616376	13.09988310	-0.20631106
0.18867786	13.14645281	-0.29926494	0.18844867	13.14644522	-0.29944516
0.22175741	13.10639939	-0.20105562	0.22156553	13.10642380	-0.20123468
0.16899779	13.15313037	-0.40256954	0.16874097	13.15309378	-0.40274621
0.21279602	13.15899461	-0.42870531	0.21253063	13.15896860	-0.42889087
0.23496898	13.15184850	-0.31739173	0.23473287	13.15185255	-0.31758169
0.26757286	13.10981441	-0.21208984	0.26737702	13.10985155	-0.21227893
0.25666665	12.93568184	-0.06766250	0.25656437	12.93574553	-0.06781237
0.21917062	13.05179446	-0.11342005	0.21901903	13.05183674	-0.11358716
0.25531616	13.03907872	-0.12492964	0.25516573	13.03913031	-0.12510185
0.29617852	12.92246126	-0.08090071	0.29607683	12.92253451	-0.08105702
0.26555442	13.03711015	-0.12545618	0.26540426	13.03716480	-0.12563009
0.30737041	12.92058534	-0.08434134	0.30726819	12.92066127	-0.08449968
0.31073195	13.03572425	-0.13300155	0.31058026	13.03579171	-0.13318461
0.35114901	12.91291072	-0.09045483	0.35104763	12.91299920	-0.09062120
0.37718318	12.72405812	-0.09391752	0.37714029	12.72415126	-0.09404951
0.33711298	12.73763458	-0.08935185	0.33706729	12.73771609	-0.08947763
0.39510547	12.52847586	-0.12388387	0.39510947	12.52856068	-0.12397621
0.35756746	12.55250320	-0.11915899	0.35756718	12.55257915	-0.11924897
0.32574290	12.73981354	-0.08458112	0.32569789	12.73989255	-0.08470492
0.34540606	12.55528864	-0.11421168	0.34540659	12.55536229	-0.11429956
0.29982350	12.56904314	-0.09602589	0.29982546	12.56910806	-0.09610709
0.28373044	12.75714991	-0.06847744	0.28368444	12.75721967	-0.06859549
0.26381314	12.78169620	-0.92143140	0.26365931	12.78158278	-0.92154186
0.25321019	12.85197797	-0.89696416	0.25300311	12.85186509	-0.89709508
0.23419167	12.85807359	-0.83783059	0.23398191	12.85797139	-0.83795921
0.24533917	12.79716775	-0.86125806	0.24516347	12.79706315	-0.86137398
0.23751628	12.92422291	-0.84685725	0.23727091	12.92411825	-0.84700152
0.21803067	12.92280114	-0.79104184	0.21779260	12.92270120	-0.79117997
0.22465834	12.91854788	-0.77323255	0.22442434	12.91845605	-0.77337007
0.24628177	12.80317374	-0.84050969	0.24610413	12.80307958	-0.84062478
0.21796574	12.85850872	-0.82334018	0.21775497	12.85840466	-0.82346436
0.22327634	12.80111283	-0.84608108	0.22309902	12.80100620	-0.84619417
0.20707424	12.92234389	-0.78122541	0.20683730	12.92224339	-0.78136058
0.16651240	12.93444560	-0.76651834	0.16627117	12.93433197	-0.76664890
0.17447497	12.86698622	-0.80479208	0.17426045	12.86686747	-0.80491178
0.17680869	12.80328735	-0.82563914	0.17662715	12.80316515	-0.82574887
0.26946885	12.71119527	-0.94594380	0.26937321	12.71106193	-0.94602335
0.25353296	12.73589946	-0.88512723	0.25340242	12.73579416	-0.88522825
0.25514028	12.75169218	-0.86288465	0.25499364	12.75159635	-0.86298926
0.27318616	12.71526113	-0.87584096	0.27306802	12.71517299	-0.87593236
0.23250777	12.74333478	-0.87266462	0.23236508	12.74322688	-0.87276702
0.18376846	12.73556860	-0.85497266	0.18362465	12.73544293	-0.85507207
0.28366599	12.32903060	-0.16286066	0.28371026	12.32907094	-0.16288490
0.30122868	12.42584438	-0.12959970	0.30125789	12.42589933	-0.12964932
0.34891358	12.42412819	-0.14614270	0.34893705	12.42418990	-0.14620164
0.33424982	12.35438548	-0.17835802	0.33428039	12.35443292	-0.17839699
0.35287673	12.43671503	-0.15349679	0.35289574	12.43677653	-0.15355968
0.36260395	12.41711493	-0.15123970	0.36262666	12.41717806	-0.15129995
0.34855234	12.34883202	-0.18480239	0.34857587	12.34888039	-0.18484074
0.39966169	12.38374206	-0.15972353	0.39968559	12.38380748	-0.15978306
0.11781876	13.14070556	-0.47350384	0.11754950	13.14063501	-0.47366732
0.14767999	13.12744857	-0.48760867	0.14741176	13.12738571	-0.48777521
0.12088569	13.08809111	-0.58149121	0.12061049	13.08799828	-0.58164345
0.15612237	13.07286096	-0.59227442	0.15585041	13.07277891	-0.59243015
0.15967788	13.11616016	-0.49435393	0.15941203	13.11610024	-0.49452029
0.16545048	13.12258636	-0.49452912	0.16518208	13.12252878	-0.49469781
0.17519582	13.06624226	-0.58851513	0.17492701	13.06616836	-0.58867314
0.20109660	13.07160143	-0.62796292	0.20081711	13.07153015	-0.62812692
0.20065438	13.12840214	-0.52716681	0.20037560	13.12835132	-0.52734263
0.21662732	13.00063475	-0.74603976	0.21635762	13.00054476	-0.74619376
0.19542842	12.99595745	-0.69782781	0.19516927	12.99586953	-0.69797542
0.18109090	12.99901309	-0.69733790	0.18083078	12.99891977	-0.69748332
0.14283236	13.01372140	-0.68597383	0.14256766	13.01361545	-0.68611511
0.39300489	13.09239224	-0.26624064	0.39280178	13.09246067	-0.26645153
0.42904758	13.01229115	-0.18237673	0.42889220	13.01238717	-0.18258061
0.45822205	12.88183877	-0.13585529	0.45811940	12.88195199	-0.13603928
0.30876348	12.98997231	-0.86505411	0.30848140	12.98989684	-0.86522630
0.33291849	12.91151059	-0.95399026	0.33267140	12.91142302	-0.95414922
0.29082642	13.05976856	-0.75313313	0.29052670	13.05970801	-0.75331331
0.13650171	12.96301532	-0.06197628	0.13639350	12.96304207	-0.06210430
0.11410625	13.06699060	-0.10683396	0.11395344	13.06700091	-0.10698008
0.09203508	13.13017822	-0.17699717	0.09184421	13.13016600	-0.17715281
0.08521241	13.02737002	-0.62654809	0.08495139	13.02725439	-0.62668054
0.06528672	13.09302870	-0.54878093	0.06501679	13.09292240	-0.54892306
0.10438040	12.95508584	-0.68068392	0.10414087	12.95496651	-0.68080599
0.47340918	12.68672247	-0.13514077	0.47336763	12.68683620	-0.13528493
0.48315921	12.47723719	-0.16287303	0.48316304	12.47733112	-0.16297080
0.34265402	12.83043897	-1.00628272	0.34246036	12.83034636	-1.00640839
0.34441309	12.75481416	-1.03480082	0.34427775	12.75469430	-1.03489270
0.48410375	12.33920321	-0.20048628	0.48411923	12.33927070	-0.20054881
0.34427280	12.69460697	-1.05267046	0.34420601	12.69447745	-1.05271502
0.15911049	12.47303613	-0.10587006	0.15913859	12.47305857	-0.10589977
0.16476573	12.62924824	-0.07700900	0.16475714	12.62927797	-0.07707292
0.10692126	12.75371884	-0.74977373	0.10676043	12.75358487	-0.74986284
0.10690367	12.82255538	-0.72635434	0.10671303	12.82242715	-0.72645393
0.15530175	12.80859522	-0.05696676	0.15524429	12.80862743	-0.05706567
0.10882475	12.88817816	-0.70863746	0.10860707	12.88805565	-0.70874751
0.32747144	13.14399357	-0.50436734	0.32719127	13.14399567	-0.50457084
0.30091145	13.11485111	-0.63107064	0.30061217	13.11482031	-0.63126313
0.35864305	13.13631155	-0.37835997	0.35839749	13.13634718	-0.37857083
0.06213545	13.16389536	-0.34917790	0.06188989	13.16383424	-0.34933493
0.05841195	13.13970037	-0.45123217	0.05814921	13.13961409	-0.45138310
0.07402835	13.16144586	-0.25782390	0.07380705	13.16140976	-0.25798268
0.88274632	11.96792237	-0.58513962	0.88280372	11.96803061	-0.58516411
0.81676000	12.01719950	-0.47386000	0.81676000	12.01719950	-0.47386000
0.92336803	11.94021573	-0.71388671	0.92345593	11.94034143	-0.71390060
0.91061834	12.00666598	-0.71888961	0.91068803	12.00678863	-0.71890921
0.87469134	12.05342764	-0.63254713	0.87473012	12.05354053	-0.63257365
0.80609683	12.11557360	-0.52945973	0.80610780	12.11564953	-0.52948525
0.95675961	11.93245857	-0.83812373	0.95686609	11.93258110	-0.83813146
0.97595643	11.94812336	-0.94954398	0.97606633	11.94823567	-0.94954995
0.94364186	12.06610275	-0.93326185	0.94371640	12.06620803	-0.93328324
0.92944087	12.03617478	-0.81552583	0.92951634	12.03629408	-0.81554710
0.97491109	11.99003142	-1.04287188	0.97500911	11.99012627	-1.04288170
0.93980624	12.06423158	-1.13003344	0.93987622	12.06429647	-1.13005242
0.91652769	12.12695096	-1.10787454	0.91658152	12.12701261	-1.10790536
0.94069220	12.10056123	-1.03125092	0.94075760	12.10064570	-1.03127727
0.85843519	12.18169407	-1.22150263	0.85846409	12.18171417	-1.22154188
0.74123760	12.33232234	-1.27238392	0.74121360	12.33230786	-1.27244260
0.74552671	12.36086244	-1.20076056	0.74550859	12.36086131	-1.20082362
0.85666899	12.22787123	-1.15906672	0.85669043	12.22790462	-1.15911757
0.60030278	12.48240832	-1.23764010	0.60026806	12.48237869	-1.23763735
0.47052179	12.61238109	-1.15268476	0.47049258	12.61231056	-1.15268264
0.49420000	12.61570000	-1.07906000	0.49420000	12.61570000	-1.07906000
0.61447000	12.50220000	-1.16283000	0.61447000	12.50220000	-1.16283000
0.38260988	12.64584485	-1.04985322	0.38259144	12.64576134	-1.04985886
0.33178617	12.64617596	-0.95726812	0.33176752	12.64608527	-0.95729017
0.37140000	12.64100070	-0.89641000	0.37140000	12.64100070	-0.89641000
0.41679000	12.64250090	-0.98287004	0.41679000	12.64250090	-0.98287004
0.31286172	12.67824549	-0.89864636	0.31278542	12.67816961	-0.89871272
0.30834647	12.70596159	-0.87154835	0.30823594	12.70589571	-0.87163250
0.33659189	12.69427042	-0.81439513	0.33647486	12.69423426	-0.81448014
0.34601297	12.66923610	-0.84169141	0.34591771	12.66920837	-0.84175938
0.29939697	12.69318021	-0.87542500	0.29929232	12.69310840	-0.87550835
0.25611948	12.68290424	-0.84609264	0.25600463	12.68281410	-0.84618438
0.29643472	12.68056496	-0.77670144	0.29631459	12.68050979	-0.77679343
0.33548829	12.68286370	-0.81304052	0.33537602	12.68282692	-0.81312465
0.14965181	12.71843533	-0.71776160	0.14950793	12.71832541	-0.71784941
0.01790203	12.77232135	-0.57684165	0.01774280	12.77219606	-0.57690891
0.02225975	12.81033022	-0.50010377	0.02210098	12.81022220	-0.50017745
0.17377944	12.73396158	-0.64256008	0.17363174	12.73387709	-0.64265203
-0.09863438	12.81520281	-0.51369721	-0.09880127	12.81505198	-0.51373908
-0.20623355	12.84687006	-0.51724393	-0.20641758	12.84668188	-0.51725698
-0.20950328	12.91556425	-0.45712583	-0.20969579	12.91538939	-0.45715438
-0.10053765	12.87494729	-0.44375829	-0.10070946	12.87481095	-0.44381092
-0.31172043	12.86689785	-0.57667381	-0.31193706	12.86665993	-0.57665288
-0.41065887	12.87765836	-0.64398599	-0.41090876	12.87736914	-0.64393022
-0.42713011	12.90548144	-0.59221885	-0.42737158	12.90520174	-0.59216673
-0.32106772	12.92015027	-0.52177365	-0.32128525	12.91992333	-0.52176522
-0.49888533	12.88077933	-0.67165447	-0.49915104	12.88045428	-0.67156733
-0.57852907	12.87721024	-0.65950900	-0.57879318	12.87686641	-0.65939272
-0.57758339	12.87969865	-0.62413561	-0.57783569	12.87936635	-0.62402113
-0.52101631	12.88857464	-0.62333512	-0.52126799	12.88825835	-0.62324348
-0.65238187	12.86882858	-0.60757264	-0.65262820	12.86848314	-0.60742906
-0.70119649	12.85253988	-0.52778185	-0.70141392	12.85220878	-0.52761732
-0.66401739	12.86886936	-0.49973126	-0.66422820	12.86855514	-0.49958545
-0.62701793	12.87814068	-0.57673783	-0.62725559	12.87781115	-0.57660639
-0.70568769	12.82545581	-0.43250048	-0.70586701	12.82515326	-0.43232774
-0.67828911	12.77883220	-0.34274418	-0.67842543	12.77856072	-0.34256985
-0.65675806	12.78544082	-0.35577620	-0.65690040	12.78517061	-0.35561187
-0.66940009	12.83186431	-0.41606900	-0.66957447	12.83157415	-0.41591196
-0.63110161	12.70470308	-0.27958104	-0.63119651	12.70445822	-0.27940629
-0.55722563	12.64450604	-0.23107070	-0.55728486	12.64429060	-0.23091193
-0.53993060	12.70374382	-0.26262639	-0.54001760	12.70352521	-0.26248872
-0.61633682	12.74684080	-0.31227049	-0.61645398	12.74659098	-0.31211254
-0.45004558	12.64007236	-0.18419380	-0.45008418	12.63989632	-0.18407700
-0.32272388	12.61997579	-0.14874560	-0.32274434	12.61984252	-0.14867245
-0.30519145	12.67361676	-0.17785500	-0.30523705	12.67348245	-0.17779879
-0.43145914	12.69751684	-0.21432944	-0.43152461	12.69733840	-0.21423332
-0.18563672	12.51617913	-0.13552195	-0.18562402	12.51609007	-0.13547322
-0.03668365	12.40097798	-0.14298201	-0.03664206	12.40093356	-0.14295058
-0.03454926	12.47056226	-0.17434573	-0.03453510	12.47051198	-0.17432937
-0.17434835	12.57880150	-0.16463892	-0.17436193	12.57871009	-0.16460610
0.12451973	12.34112783	-0.16372909	0.12456815	12.34112723	-0.16372322
0.25284597	12.32287192	-0.18941486	0.25288724	12.32289877	-0.18943158
0.23204412	12.38234713	-0.24165342	0.23206108	12.38235906	-0.24167998
0.11451730	12.40824542	-0.20535732	0.11453882	12.40823361	-0.20536331
0.30261472	12.35712044	-0.21103119	0.30263987	12.35715393	-0.21106577
0.28765907	12.44073054	-0.28070411	0.28765433	12.44075087	-0.28075473
0.27966240	12.41295005	-0.26667074	0.27966644	12.41297014	-0.26671348
0.31403613	12.34728177	-0.22358919	0.31405571	12.34731268	-0.22362079
0.34620000	12.27620000	-0.23202000	0.34620000	12.27620000	-0.23202000
0.31975987	12.33373730	-0.29125056	0.31977171	12.33375070	-0.29127614
0.28685311	12.39906933	-0.28161413	0.28685730	12.39908731	-0.28165382
0.44425997	12.21770000	-0.27141000	0.44425997	12.21770000	-0.27141000
0.57587000	12.16340070	-0.32883000	0.57587000	12.16340070	-0.32883000
0.56961309	12.24369402	-0.38381445	0.56961693	12.24373399	-0.38385414
0.42778140	12.28658986	-0.32856635	0.42778659	12.28660934	-0.32859627
0.70622003	12.08180000	-0.39380000	0.70622003	12.08180000	-0.39380000
0.70006837	12.18232131	-0.44856291	0.70007448	12.18238657	-0.44860656
0.76287218	12.39360780	-1.05015478	0.76286817	12.39363545	-1.05023039
0.86534295	12.24524525	-1.04870458	0.86536913	12.24530371	-1.04875990
0.78241953	12.37789532	-0.86205902	0.78241362	12.37796497	-0.86213453
0.87475309	12.22447135	-0.90818061	0.87478531	12.22456137	-0.90823347
0.79531826	12.26401442	-0.67401741	0.79532278	12.26411276	-0.67407760
0.87483847	12.15119322	-0.75571141	0.87487974	12.15130619	-0.75575092
0.53224004	12.60843591	-0.90487177	0.53217044	12.60844980	-0.90496552
0.64652286	12.52268004	-0.99239849	0.64650605	12.52271047	-0.99248163
0.56354161	12.53928477	-0.69373800	0.56346376	12.53931721	-0.69384787
0.67673712	12.47950898	-0.78354728	0.67668254	12.47956161	-0.78365286
0.57023600	12.38760042	-0.51278893	0.57021003	12.38765278	-0.51286850
0.69197955	12.34157896	-0.59097821	0.69195894	12.34165831	-0.59105999
-0.21988877	12.91094061	-0.37224293	-0.22005738	12.91078377	-0.37226777
-0.11375876	12.86824349	-0.35687391	-0.11390873	12.86812400	-0.35692037
-0.24077574	12.85319325	-0.28544088	-0.24090288	12.85305152	-0.28544593
-0.13381440	12.80399763	-0.27242353	-0.13392196	12.80389191	-0.27245011
-0.01647915	12.73688817	-0.30823326	-0.01657274	12.73681307	-0.30827839
0.00599166	12.80275771	-0.40414572	0.00585492	12.80266613	-0.40421201
-0.27383344	12.76283408	-0.22221509	-0.27391751	12.76269841	-0.22218904
-0.15579326	12.69067848	-0.20972444	-0.15585181	12.69058159	-0.20972017
-0.02879109	12.60495360	-0.23093497	-0.02882840	12.60489256	-0.23094873
-0.55666842	12.90883577	-0.54204450	-0.55689965	12.90853436	-0.54194812
-0.59021823	12.90251736	-0.45013141	-0.59041883	12.90223541	-0.45002315
-0.48772742	12.92326223	-0.38944060	-0.48791063	12.92302310	-0.38937662
-0.45508496	12.93601288	-0.49520675	-0.45530448	12.93575288	-0.49515584
-0.60600259	12.83049912	-0.37079653	-0.60615984	12.83023624	-0.37066389
-0.51665653	12.82123957	-0.31269334	-0.51679036	12.82101353	-0.31259328
-0.33867169	12.93521583	-0.42794738	-0.33886573	12.93500879	-0.42793895
-0.36489656	12.89997768	-0.32908120	-0.36505116	12.89978887	-0.32905615
-0.39973755	12.80243888	-0.25998971	-0.39984597	12.80225804	-0.25992960
0.29155000	12.63912975	-0.65287343	0.29143698	12.63908408	-0.65296510
0.33329625	12.63591847	-0.67647322	0.33318567	12.63588445	-0.67656934
0.26598503	12.57249382	-0.50269772	0.26590859	12.57246882	-0.50277223
0.31233407	12.57169317	-0.51283797	0.31225680	12.57168057	-0.51292033
0.31643873	12.58975873	-0.49734093	0.31635799	12.58975024	-0.49742769
0.33421977	12.65024076	-0.66811206	0.33410320	12.65020780	-0.66821016
0.34142415	12.63265741	-0.69069303	0.34131225	12.63262145	-0.69078964
0.31886929	12.57550443	-0.51212396	0.31879116	12.57549384	-0.51220852
0.35118368	12.55573009	-0.55279132	0.35110749	12.55572017	-0.55287689
0.37087727	12.61400524	-0.74115982	0.37077623	12.61397095	-0.74125374
0.32702906	12.44129683	-0.40006784	0.32700696	12.44130463	-0.40012487
0.29460420	12.48813563	-0.37686324	0.29457290	12.48814045	-0.37692505
0.28886946	12.49225479	-0.37196961	0.28883714	12.49225941	-0.37203145
0.24147422	12.47788663	-0.35552382	0.24144804	12.47788025	-0.35557287
0.44426667	12.55450469	-0.61501493	0.44418658	12.55451730	-0.61511324
0.43737418	12.62172556	-0.81659396	0.43729187	12.62171531	-0.81667811
0.43356298	12.41292071	-0.44734919	0.43353877	12.41294439	-0.44741584
0.13682517	12.64023016	-0.41050605	0.13674248	12.64018123	-0.41056767
0.16237916	12.71038006	-0.53324149	0.16225296	12.71031558	-0.53332304
0.11913936	12.52342300	-0.29426851	0.11911111	12.52339370	-0.29430070
0.16132710	13.14551840	-0.39761809	0.16107426	13.14548009	-0.39779183
0.25869423	13.03276376	-0.13205512	0.25854402	13.03281459	-0.13222670
0.29860417	12.91903396	-0.09026912	0.29850122	12.91910582	-0.09042521
0.32822554	12.73908252	-0.09506953	0.32817822	12.73915995	-0.09519364
0.34857093	12.55956140	-0.12411171	0.34856815	12.55963404	-0.12420129
0.23829977	12.85744008	-0.81694256	0.23809121	12.85734657	-0.81707014
0.33953267	12.37645979	-0.18577962	0.33955534	12.37650712	-0.18582457
0.17341785	13.06102251	-0.59126954	0.17315056	13.06094728	-0.59142619
0.19896580	12.99080696	-0.69116205	0.19871017	12.99072205	-0.69130919
0.89704935	11.96269177	-0.57169493	0.89710577	11.96280412	-0.57171863
0.82719006	12.01984342	-0.45675337	0.82718721	12.01985092	-0.45675794
0.94080768	11.92598494	-0.70524122	0.94089830	11.92611581	-0.70525212
0.74460263	12.33087622	-1.28790371	0.74457492	12.33085994	-1.28796325
0.46070406	12.61787590	-1.16632372	0.46066453	12.61778922	-1.16632178
0.35306695	12.65595925	-1.05860022	0.35303397	12.65584020	-1.05861557
0.28686336	12.65976237	-0.96079699	0.28682709	12.65963144	-0.96083530
0.27176585	12.69042104	-0.90037779	0.27167357	12.69031524	-0.90045582
0.25492431	12.70193902	-0.88755006	0.25481197	12.70184161	-0.88764274
0.20654697	12.68763532	-0.86944165	0.20642951	12.68751770	-0.86953365
0.11808899	12.70961985	-0.75482535	0.11795086	12.70948870	-0.75490832
0.00992601	12.74330036	-0.62424893	0.00977294	12.74316295	-0.62431025
-0.19854634	12.78355791	-0.55800424	-0.19871917	12.78336367	-0.55800466
-0.30199600	12.82471869	-0.60773702	-0.30220726	12.82447626	-0.60770776
-0.48642710	12.88583854	-0.69396809	-0.48670178	12.88551016	-0.69388660
-0.56856407	12.88856621	-0.68208816	-0.56883858	12.88821786	-0.68197862
-0.71356192	12.85679160	-0.53924189	-0.71378427	12.85645427	-0.53907429
-0.18770418	12.52595174	-0.11349959	-0.18768807	12.52586644	-0.11345199
0.14233357	12.35696433	-0.13917600	0.14238314	12.35697392	-0.13917719
0.31002138	12.38488913	-0.22370616	0.31003678	12.38492248	-0.22374790
0.38358961	12.29465750	-0.19587956	0.38360512	12.29469168	-0.19591066
0.46937961	12.23788217	-0.23945894	0.46938630	12.23791163	-0.23948839
0.71418226	12.09221587	-0.37208308	0.71418469	12.09223919	-0.37209798
0.29545516	12.51537749	-0.37015886	0.29541717	12.51538453	-0.37022682
0.58242200	12.77928913	-0.54487224	0.58226961	12.77936923	-0.54505444
0.30279568	12.98977766	-0.53311869	0.30256646	12.98976454	-0.53328413
0.03300664	12.99555475	-0.26439549	0.03283902	12.99550266	-0.26450808
0.10099094	13.07816410	-0.31004505	0.10078363	13.07812442	-0.31019141
0.31884374	12.86989783	-0.29694281	0.31871160	12.86993262	-0.29709087
0.02920791	12.96760277	-0.42275224	0.02901063	12.96751353	-0.42285881
0.12240253	13.04570014	-0.41952916	0.12217915	13.04564275	-0.41967314
0.36463025	12.82375436	-0.69598803	0.36444302	12.82373829	-0.69612242
0.15792716	13.03017218	-0.18163881	0.15776676	13.03017921	-0.18178723
0.21815583	12.81417451	-0.79578792	0.21796782	12.81407684	-0.79590370
0.32869712	12.75882205	-0.53332296	0.32855657	12.75881420	-0.53344452
0.32594172	12.88635686	-0.84417081	0.32571757	12.88630088	-0.84431620
0.39481607	12.43730328	-0.24678474	0.39481325	12.43735034	-0.24685458
0.24379389	13.04737692	-0.44929935	0.24356284	13.04735708	-0.44946734
0.47508853	12.68545041	-0.66992380	0.47495850	12.68546865	-0.67004623
0.69574533	12.75054726	-0.77670206	0.69556476	12.75062537	-0.77691101
0.32749550	12.94155719	-0.20297199	0.32735967	12.94161476	-0.20313829
-0.42753669	12.90989373	-0.24357762	-0.42766806	12.90970886	-0.24353366
0.15318656	13.08244741	-0.25109552	0.15299173	13.08243813	-0.25125430
0.32138551	12.94649383	-0.69064883	0.32114845	12.94646063	-0.69080468
-0.51476355	12.90924322	-0.28344661	-0.51490837	12.90902522	-0.28337009
0.22801996	13.03244851	-0.33094923	0.22782229	13.03244620	-0.33111265
0.29102922	12.46090467	-0.20213382	0.29103522	12.46094172	-0.20218991
0.11849420	13.09925674	-0.37224722	0.11826407	13.09920871	-0.37240215
0.20886616	13.07766570	-0.49145320	0.20861451	13.07762470	-0.49162051
0.25528472	12.61390210	-0.24645281	0.25524227	12.61392287	-0.24653505
0.16668650	12.93755146	-0.51073131	0.16648075	12.93748994	-0.51086158
0.27497799	12.89033257	-0.83396584	0.27475263	12.89025233	-0.83410563
0.28203980	12.83965023	-0.83697448	0.28184099	12.83957385	-0.83710196
0.22959092	13.02219075	-0.54716946	0.22934664	13.02214651	-0.54732884
0.37665366	12.80123088	-0.20062473	0.37656255	12.80130235	-0.20077239
0.49776933	12.59344318	-0.43525376	0.49769725	12.59350043	-0.43537373
0.30373611	12.76004119	-0.88914004	0.30359469	12.75997056	-0.88924014
0.15937435	12.96428193	-0.64601814	0.15913691	12.96419146	-0.64615219
0.39186748	12.37699831	-0.22339288	0.39187778	12.37704135	-0.22344697
0.35854271	12.48494734	-0.31388021	0.35852150	12.48497948	-0.31395448
0.19555157	12.86981226	-0.18881570	0.19544258	12.86982904	-0.18893746
0.38806665	12.73008124	-0.91129914	0.38795368	12.73006367	-0.91138253
0.29504491	12.79236492	-0.85080424	0.29487427	12.79229441	-0.85091780
0.14525834	13.11470100	-0.28345988	0.14504464	13.11468224	-0.28362419
0.41544784	12.60837762	-0.24952171	0.41540622	12.60844456	-0.24963316
0.21317835	12.85927868	-0.77263789	0.21297013	12.85918308	-0.77276158
0.42638920	12.71340781	-0.82880432	0.42626552	12.71340525	-0.82890294
0.82508905	12.74642778	-0.87254145	0.82492993	12.74652984	-0.87277059
0.56380393	12.79203868	-0.93043586	0.56363989	12.79207992	-0.93060400
0.34180117	12.68778276	-0.20112133	0.34174423	12.68783938	-0.20123642
0.25183062	12.76447551	-0.18342003	0.25175546	12.76450998	-0.18353254
