0.86013944	12.73009038	-0.42134756	0.86091503	12.72957792	-0.42156581
0.83313584	12.86855374	-0.44901816	0.83408262	12.86806796	-0.44919887
0.90708603	12.82695393	-0.54859923	0.90784671	12.82641068	-0.54885916
0.93717249	12.69353067	-0.53496518	0.93776678	12.69296266	-0.53526335
0.79131926	12.96023000	-0.50829660	0.79233003	12.95980599	-0.50842343
0.86932840	12.91362258	-0.59063618	0.87016056	12.91312529	-0.59084959
0.91704889	12.87048862	-0.65178889	0.91775052	12.86995246	-0.65204742
0.95442251	12.80019315	-0.64683598	0.95503716	12.79961756	-0.64713513
0.98666613	12.67088716	-0.64869017	0.98712825	12.67028890	-0.64902699
0.71830087	12.76522233	-1.16367495	0.71843009	12.76505651	-1.16373181
0.84035159	12.71309039	-1.14326830	0.84045410	12.71278092	-1.14342895
0.81056385	12.81949787	-1.07366882	0.81081400	12.81919419	-1.07379222
0.68861077	12.86722037	-1.08884984	0.68887820	12.86704599	-1.08885617
0.94175086	12.67773839	-1.08164033	0.94186727	12.67729267	-1.08189220
0.91040626	12.78890857	-1.02224732	0.91067530	12.78848348	-1.02246593
0.87202973	12.85753940	-0.97095586	0.87240412	12.85713883	-0.97113951
0.79343935	12.89926559	-0.98523213	0.79383402	12.89894113	-0.98533968
0.67190414	12.94663879	-0.98905926	0.67233209	12.94643999	-0.98904983
0.61018090	12.82914056	-0.20499194	0.61140492	12.82886470	-0.20491879
0.59378802	12.96655255	-0.25127974	0.59518926	12.96631029	-0.25115323
0.72536032	12.91763805	-0.34680018	0.72653001	12.91724937	-0.34685343
0.74495127	12.77798501	-0.30746718	0.74594369	12.77757053	-0.30755949
0.56373557	13.05400606	-0.33450500	0.56517647	13.05383065	-0.33432231
0.68976059	13.00896813	-0.42148832	0.69098271	13.00864614	-0.42148643
0.47052800	12.88280001	-1.05949482	0.47081271	12.88285346	-1.05929613
0.59564407	12.82733352	-1.13407440	0.59583357	12.82728100	-1.13400062
0.56655184	12.91964668	-1.06083770	0.56688349	12.91959297	-1.06072741
0.44413338	12.96537587	-0.98385671	0.44459437	12.96544678	-0.98361243
0.54862266	12.99394002	-0.95843656	0.54914010	12.99387873	-0.95829810
0.42585685	13.03478418	-0.88020894	0.42652785	13.03487290	-0.87992181
0.00407886	12.99224216	-0.05332663	0.00589310	12.99292095	-0.05234994
-0.12454567	13.00625539	-0.07399868	-0.12271928	13.00718920	-0.07282058
-0.12636877	13.08010740	-0.11982696	-0.12446464	13.08106487	-0.11861757
-0.00108380	13.08000897	-0.09635976	0.00083681	13.08071795	-0.09534071
-0.24378706	13.01001221	-0.10926535	-0.24199219	13.01119783	-0.10789617
-0.24425471	13.07185438	-0.15711643	-0.24241018	13.07306229	-0.15572244
-0.24549810	13.11368143	-0.22222990	-0.24366793	13.11491931	-0.22081790
-0.12824462	13.12767555	-0.18551138	-0.12634635	13.12866381	-0.18428166
-0.00585503	13.13471382	-0.16159864	-0.00392525	13.13545946	-0.16055319
0.04410973	12.98331110	-0.57784545	0.04516802	12.98409906	-0.57694609
0.03050759	13.04563991	-0.55126402	0.03171939	13.04644577	-0.55031171
-0.05065467	13.04868844	-0.54044056	-0.04942915	13.04965281	-0.53937134
-0.03753856	12.99248756	-0.55677140	-0.03644360	12.99343112	-0.55574476
0.01208550	13.09926414	-0.50328964	0.01346120	13.10008903	-0.50229290
-0.07119264	13.09489924	-0.50410797	-0.06982548	13.09589091	-0.50298771
-0.16506229	13.08916791	-0.51959592	-0.16372881	13.09035869	-0.51832745
-0.14335121	13.04825681	-0.55606541	-0.14215434	13.04941660	-0.55484738
-0.12958561	12.99706952	-0.57413343	-0.12851667	12.99820982	-0.57295813
0.98770067	12.28240736	-0.67607112	0.98768370	12.28185093	-0.67643934
0.96386387	12.06400246	-0.69189338	0.96358459	12.06349346	-0.69222317
0.91339096	12.09196463	-0.55586750	0.91330732	12.09157758	-0.55613765
0.93077093	12.29768978	-0.54021544	0.93089508	12.29721278	-0.54052510
0.83722355	12.14346894	-0.43344703	0.83729311	12.14323430	-0.43362499
0.84674164	12.32366806	-0.41389591	0.84698184	12.32328116	-0.41412959
0.97679182	12.37527695	-1.14494488	0.97652981	12.37477663	-1.14526734
0.88234852	12.43743836	-1.21293717	0.88213480	12.43707563	-1.21317776
0.87538259	12.27799309	-1.23839630	0.87493949	12.27763618	-1.23866469
0.96663325	12.18400968	-1.16085098	0.96611191	12.18351340	-1.16119198
0.75645455	12.51569342	-1.24049994	0.75637250	12.51552632	-1.24063519
0.75061817	12.39556868	-1.27249997	0.75032970	12.39540454	-1.27266591
0.86160611	12.17345614	-1.24654502	0.86101361	12.17311312	-1.24681912
0.94590265	12.04963830	-1.15917413	0.94520427	12.04916271	-1.15950590
0.99654245	12.49095676	-0.66082546	0.99677880	12.49036264	-0.66118870
0.94147846	12.50723190	-0.53378941	0.94184234	12.50668804	-0.53411047
0.85898304	12.53608031	-0.41074193	0.85948934	12.53559731	-0.41098468
0.86765242	12.58431141	-1.18535730	0.86762449	12.58398820	-1.18555783
0.96652390	12.53991846	-1.12063429	0.96646815	12.53944237	-1.12092532
0.74277903	12.64365290	-1.20911652	0.74279081	12.64349686	-1.20922258
0.60605893	12.41614448	-0.22536428	0.60652440	12.41591176	-0.22538855
0.61079109	12.63007432	-0.20149515	0.61167416	12.62980588	-0.20146875
0.74200254	12.57946904	-0.29783348	0.74268008	12.57908312	-0.29795224
0.73206994	12.36645089	-0.30949024	0.73242302	12.36614807	-0.30961547
0.46926367	12.70620789	-1.14941035	0.46931186	12.70627248	-1.14934807
0.61205904	12.61530780	-1.21917225	0.61206094	12.61530227	-1.21918595
0.60935081	12.71930542	-1.18491430	0.60941193	12.71926722	-1.18490047
0.47553282	12.78994566	-1.11430523	0.47568857	12.78999665	-1.11417177
0.58702146	12.17403110	-0.30180653	0.58705403	12.17398739	-0.30181219
0.60024557	12.27794328	-0.26275280	0.60045554	12.27777377	-0.26279423
0.72557382	12.21312330	-0.33875224	0.72572160	12.21291983	-0.33885013
0.59971236	12.48747529	-1.25187530	0.59960858	12.48750189	-1.25187544
0.60634336	12.53470788	-1.24345579	0.60629056	12.53471498	-1.24345337
0.46274210	12.65044629	-1.16575236	0.46274898	12.65051315	-1.16572290
0.00790959	12.71449392	-0.05508926	0.00919145	12.71515882	-0.05424109
-0.13979331	12.78545157	-0.06022742	-0.13837330	12.78640229	-0.05912143
-0.12793501	12.90796508	-0.05666279	-0.12627309	12.90889579	-0.05552133
0.01013134	12.86870104	-0.04291586	0.01172331	12.86936022	-0.04200036
-0.27525421	12.83882398	-0.08313767	-0.27375559	12.84005559	-0.08179127
-0.25523485	12.93360819	-0.08631600	-0.25355487	12.93480419	-0.08495974
0.03674830	12.85392420	-0.60845085	0.03751965	12.85472378	-0.60759853
0.04456737	12.91920315	-0.59514926	0.04547567	12.91998930	-0.59428093
-0.03591914	12.93074285	-0.56680748	-0.03495641	12.93168681	-0.56580976
-0.04541525	12.86607542	-0.57142279	-0.04458480	12.86704224	-0.57043824
-0.12744015	12.93981486	-0.58298621	-0.12649852	12.94095640	-0.58183862
-0.13819431	12.87912310	-0.58236419	-0.13736925	12.88028813	-0.58122892
-0.02702859	12.41989549	-0.11205201	-0.02638589	12.42065132	-0.11129896
-0.16336533	12.63890443	-0.07919281	-0.16225889	12.63990631	-0.07811965
-0.00981413	12.54445181	-0.08057428	-0.00889388	12.54515994	-0.07978162
-0.31519304	12.63431567	-0.11649622	-0.31415560	12.63563846	-0.11517940
-0.29999986	12.72162345	-0.09578889	-0.29875529	12.72290856	-0.09445472
0.02515464	12.78779287	-0.62077967	0.02578836	12.78861523	-0.61993200
-0.06596740	12.79986333	-0.56905550	-0.06526260	12.80087428	-0.56806728
-0.08397448	12.77289848	-0.54904796	-0.08329794	12.77394146	-0.54804455
-0.16311543	12.81679375	-0.57072944	-0.16239769	12.81800748	-0.56958506
-0.36669593	13.00932629	-0.15757207	-0.36496508	13.01078239	-0.15600106
-0.35855073	13.05978798	-0.20291100	-0.35678819	13.06124831	-0.20133284
-0.47727523	13.00451585	-0.21347367	-0.47562975	13.00622907	-0.21171891
-0.45728803	13.04538795	-0.25420153	-0.45562505	13.04707666	-0.25246425
-0.43513634	13.07883892	-0.30429161	-0.43348510	13.08050321	-0.30257783
-0.34860720	13.09728526	-0.26173744	-0.34686144	13.09875103	-0.26016169
-0.24788579	13.04757782	-0.57487148	-0.24672229	13.04896344	-0.57348140
-0.23434800	13.00244440	-0.60039948	-0.23331549	13.00381363	-0.59905027
-0.26731341	13.08382261	-0.53390824	-0.26601263	13.08523209	-0.53247213
-0.36220681	13.07651941	-0.54191865	-0.36093176	13.07813199	-0.54032558
-0.34809892	13.04558216	-0.58722310	-0.34695844	13.04718458	-0.58566516
-0.33920613	13.00750979	-0.62152872	-0.33819948	13.00910848	-0.62000088
-0.23654211	12.95413410	-0.61673428	-0.23563277	12.95551589	-0.61540149
-0.34741467	12.96894561	-0.64665698	-0.34652559	12.97057392	-0.64513225
-0.36272930	12.93196738	-0.66105793	-0.36194114	12.93363527	-0.65952408
-0.25000080	12.90482908	-0.62168035	-0.24920063	12.90624309	-0.62034848
-0.52257497	12.89909302	-0.17352740	-0.52108489	12.90088569	-0.17173984
-0.54424289	12.77741578	-0.17996976	-0.54302011	12.77925872	-0.17819562
-0.62025256	12.81557364	-0.23668740	-0.61904164	12.81760749	-0.23477000
-0.60094296	12.91130977	-0.23518892	-0.59952464	12.91330171	-0.23326445
-0.55379716	12.67294968	-0.19802603	-0.55282786	12.67482193	-0.19627569
-0.62867752	12.73315715	-0.24917458	-0.62766640	12.73521596	-0.24727350
-0.67670050	12.80403546	-0.31843085	-0.67564400	12.80623166	-0.31642752
-0.66975749	12.85621115	-0.31224918	-0.66857880	12.85838862	-0.31023530
-0.65300328	12.91910606	-0.31339339	-0.65169222	12.92124762	-0.31137994
-0.44421830	12.66108468	-0.15101525	-0.44318941	12.66269844	-0.14946186
-0.43158439	12.75696730	-0.13131543	-0.43032336	12.75854415	-0.12974437
-0.40767364	12.87584238	-0.12210250	-0.40615369	12.87736607	-0.12052010
-0.45848957	12.94889475	-0.67108461	-0.45767836	12.95077283	-0.66938473
-0.46580887	12.92207433	-0.68190971	-0.46507047	12.92397337	-0.68020959
-0.37532679	12.89882800	-0.66316862	-0.37461066	12.90052398	-0.66162906
-0.54482603	12.95476640	-0.65038776	-0.54396976	12.95682318	-0.64854666
-0.55002588	12.92827043	-0.66542086	-0.54924822	12.93034572	-0.66358318
-0.38630375	12.88206902	-0.65285883	-0.38560468	12.88378287	-0.65130902
-0.27034962	12.85680224	-0.61419250	-0.26963443	12.85825608	-0.61284963
0.90372054	12.88011346	-0.90260680	0.90418416	12.87965874	-0.90282500
0.80462134	12.94809202	-0.88718725	0.80516854	12.94773355	-0.88731246
0.92149217	12.89379429	-0.81404042	0.92206407	12.89329456	-0.81428033
0.82755741	12.96721482	-0.78294930	0.82823627	12.96680644	-0.78310691
0.71874678	13.02404555	-0.73987190	0.71956550	13.02375375	-0.73991250
0.68668844	13.00074360	-0.86886652	0.68731376	13.00050606	-0.86887661
0.92351276	12.88948055	-0.72229969	0.92416231	12.88895387	-0.72255498
0.84601702	12.95772453	-0.67663813	0.84680925	12.95727261	-0.67681885
0.75331073	13.01121004	-0.61303603	0.75425925	13.01085529	-0.61311541
1.00212388	12.66588783	-0.98760864	1.00229202	12.66534230	-0.98792127
0.96611025	12.78771240	-0.94183933	0.96644135	12.78719977	-0.94211483
1.02623394	12.66557939	-0.87667140	1.02648494	12.66498317	-0.87701797
0.98702776	12.79633828	-0.84536106	0.98745335	12.79577687	-0.84566683
1.01874835	12.66420137	-0.76339225	1.01909812	12.66358858	-0.76374631
0.98221107	12.79548267	-0.74600880	0.98272940	12.79490223	-0.74632094
0.56806043	13.04768871	-0.82179668	0.56881123	13.04758735	-0.82167295
0.60740892	13.07230845	-0.67305403	0.60838299	13.07214533	-0.67296538
0.48607928	13.11242135	-0.58770365	0.48726367	13.11241469	-0.58743373
0.44594232	13.08735249	-0.73981431	0.44687081	13.08742348	-0.73952228
0.64931095	13.05988694	-0.53526549	0.65045633	13.05964796	-0.53521543
0.52654943	13.10197077	-0.44987093	0.52791258	13.10188025	-0.44963906
-0.37001160	13.09356021	-0.48378615	-0.36861142	13.09516447	-0.48217437
-0.45391093	13.07625062	-0.49592145	-0.45256137	13.07804143	-0.49417678
-0.43446763	13.06502055	-0.53850995	-0.43320889	13.06678837	-0.53680268
-0.38151997	13.09920881	-0.42061153	-0.38000956	13.10081009	-0.41897932
-0.47572284	13.07799549	-0.45126194	-0.47429857	13.07981397	-0.44947937
-0.56069585	13.05283919	-0.48003359	-0.55936549	13.05485578	-0.47811942
-0.52329046	13.05470833	-0.51281889	-0.52200908	13.05665768	-0.51096691
-0.48580075	13.05294241	-0.53929880	-0.48456564	13.05482064	-0.53751051
-0.40652816	13.09556957	-0.36026039	-0.40493177	13.09719763	-0.35858787
-0.48917705	13.07347869	-0.39986429	-0.48768224	13.07530370	-0.39806061
-0.50388195	13.05871783	-0.34902618	-0.50233784	13.06055214	-0.34720313
-0.54998442	13.04255425	-0.38116388	-0.54852094	13.04450257	-0.37927076
-0.56216419	13.04820162	-0.42960389	-0.56076472	13.05019890	-0.42768862
-0.00250690	13.13744759	-0.42108681	-0.00094628	13.13827664	-0.42005533
-0.09461699	13.12667900	-0.43305468	-0.09308477	13.12769200	-0.43188477
-0.01068108	13.15808430	-0.32563560	-0.00894490	13.15889910	-0.32458078
-0.11445630	13.14379286	-0.34622652	-0.11276517	13.14481438	-0.34501775
-0.21626964	13.12834264	-0.37668831	-0.21464423	13.12958300	-0.37532145
-0.19110648	13.11527556	-0.45537341	-0.18962459	13.11649501	-0.45405263
-0.01041651	13.15897138	-0.23856093	-0.00855280	13.15975575	-0.23750288
-0.12499290	13.14649064	-0.26236584	-0.12317278	13.14750258	-0.26113659
-0.23535404	13.13013203	-0.29702206	-0.23360564	13.13138060	-0.29562144
0.98338288	11.96977422	-1.06323886	0.98264915	11.96923931	-1.06358979
1.00782236	12.11436792	-1.06122285	1.00728187	12.11380460	-1.06159834
0.98611783	11.92450121	-0.95777479	0.98541060	11.92395910	-0.95811787
1.01408524	12.07071174	-0.94711845	1.01357708	12.07013248	-0.94749851
1.03618059	12.28816872	-0.93141015	1.03595497	12.28756351	-0.93180004
1.02437350	12.32337116	-1.04702298	1.02410917	12.32279668	-1.04739272
0.96838240	11.90797491	-0.83838971	0.96776021	11.90745816	-0.83870256
0.99838755	12.05540880	-0.82348353	0.99796452	12.05484709	-0.82384636
1.02342146	12.27691082	-0.80710843	1.02328127	12.27631078	-0.80749954
1.02233635	12.50923617	-1.02209478	1.02230692	12.50866937	-1.02244166
1.04175694	12.49103267	-0.90734554	1.04179147	12.49042458	-0.90772433
1.03161162	12.48522489	-0.78613233	1.03173698	12.48460846	-0.78651684
-0.63045199	12.94977667	-0.59740078	-0.62952367	12.95200025	-0.59541861
-0.63765616	12.92016976	-0.60959218	-0.63681109	12.92241496	-0.60761036
-0.68774210	12.93933735	-0.51727989	-0.68670734	12.94164952	-0.51520398
-0.69864815	12.90330872	-0.52354763	-0.69770007	12.90564783	-0.52146870
-0.63973593	12.89680343	-0.61122041	-0.63894365	12.89905435	-0.60924466
-0.68874331	12.92879951	-0.41511454	-0.68756989	12.93106392	-0.41304088
-0.70277036	12.88387530	-0.41632212	-0.70169216	12.88616921	-0.41424578
-0.70617193	12.84823106	-0.41831699	-0.70517036	12.85053269	-0.41625021
-0.28277414	13.10540850	-0.47127194	-0.28133295	13.10682342	-0.46980256
-0.30018985	13.11471145	-0.39866906	-0.29862107	13.11613370	-0.39716767
-0.32567510	13.11379288	-0.32801222	-0.32399793	13.11523892	-0.32646793
-0.58026249	12.96354272	-0.24765952	-0.57875256	12.96549514	-0.24574732
-0.49936108	12.96518037	-0.18563608	-0.49775156	12.96692857	-0.18386024
-0.63494498	12.95916497	-0.32242572	-0.63356299	12.96127146	-0.32042506
-0.61153237	12.98862044	-0.33921043	-0.61011457	12.99068352	-0.33723662
-0.55695714	12.99543527	-0.27187389	-0.55542016	12.99734823	-0.26998791
-0.38434317	12.95395636	-0.13087229	-0.38268027	12.95543621	-0.12929488
-0.44490974	12.97956524	-0.65248102	-0.44400589	12.98140521	-0.65079043
-0.43238030	13.01144144	-0.62401326	-0.43136569	13.01324131	-0.62233068
-0.51636893	13.01122162	-0.60627064	-0.51532583	13.01319628	-0.60444993
-0.53285672	12.98325804	-0.63238069	-0.53191260	12.98528020	-0.63054601
-0.64566317	12.99598592	-0.50540338	-0.64449048	12.99820080	-0.50337260
-0.67035369	12.96880483	-0.51178776	-0.66924809	12.97107647	-0.50972787
-0.61626215	12.97780131	-0.58444129	-0.61525363	12.97998750	-0.58247035
-0.59492511	13.00460078	-0.56653193	-0.59383191	13.00673185	-0.56458440
-0.61318186	13.02475076	-0.49645469	-0.61193501	13.02689021	-0.49446525
-0.56710288	13.03043619	-0.53951393	-0.56591394	13.03249465	-0.53760034
-0.49755267	13.03633383	-0.56685970	-0.49639565	13.03824999	-0.56505911
-0.67092287	12.96181589	-0.41754461	-0.66968427	12.96404345	-0.41548544
-0.64626868	12.98968794	-0.42340667	-0.64498100	12.99186512	-0.42137584
-0.57910027	13.01954280	-0.36351952	-0.57765647	13.02154640	-0.36158693
-0.61225024	13.01948383	-0.43243286	-0.61091425	13.02159117	-0.43044553
-0.52900844	13.02996875	-0.30601117	-0.52745507	13.03183696	-0.30415782
-0.42810293	13.04169035	-0.58362664	-0.42696293	13.04346319	-0.58193882
0.20034652	13.12133079	-0.17277991	0.20220764	13.12169822	-0.17204483
0.17047240	13.16130518	-0.25712386	0.17229151	13.16175562	-0.25633441
0.19787427	13.14888694	-0.27225742	0.19964427	13.14929129	-0.27151187
0.23205684	13.10762514	-0.18485598	0.23387022	13.10793817	-0.18417294
0.14928662	13.16963153	-0.35176172	0.15098897	13.17015312	-0.35093585
0.17513234	13.15812034	-0.36895519	0.17678647	13.15859929	-0.36816882
0.20222301	13.14002306	-0.28240302	0.20396076	13.14042225	-0.28166616
0.23624253	13.09922275	-0.19139990	0.23802945	13.09953048	-0.19072644
0.20901031	13.14762104	-0.28347521	0.21075834	13.14800893	-0.28274519
0.24183822	13.10558138	-0.18628818	0.24364201	13.10587766	-0.18562012
0.18910160	13.15615694	-0.38615793	0.19072636	13.15661668	-0.38539178
0.23317094	13.16131916	-0.41232439	0.23476834	13.16170471	-0.41161610
0.25546528	13.15230501	-0.30188294	0.25718765	13.15261887	-0.30122140
0.28773326	13.10818699	-0.19769122	0.28951850	13.10840943	-0.19709068
0.27397830	12.93250412	-0.05581592	0.27564306	12.93269601	-0.05525968
0.23853763	13.04987042	-0.09953471	0.24036434	13.05014229	-0.09888093
0.27438882	13.03659015	-0.11155312	0.27616907	13.03680412	-0.11095851
0.31317662	12.91868745	-0.06953234	0.31479150	12.91881690	-0.06903850
0.28462110	13.03441927	-0.11220458	0.28639325	13.03461626	-0.11162603
0.32433057	12.91665541	-0.07310100	0.32593409	12.91676745	-0.07262301
0.32979240	13.03219762	-0.12016593	0.33154300	13.03231731	-0.11965457
0.36794838	12.90822561	-0.07970271	0.36952125	12.90826745	-0.07928690
0.39001109	12.71923089	-0.08591832	0.39122759	12.71923571	-0.08560310
0.35023578	12.73349377	-0.08080505	0.35149041	12.73356105	-0.08043176
0.40354660	12.52415436	-0.11856660	0.40435278	12.52414098	-0.11834774
0.36656994	12.54875761	-0.11321506	0.36743488	12.54880404	-0.11294117
0.33893285	12.73581570	-0.07590593	0.34020070	12.73589953	-0.07551714
0.35450409	12.55167860	-0.10813577	0.35538401	12.55174190	-0.10784628
0.30935325	12.56600383	-0.08938906	0.31028980	12.56613727	-0.08903310
0.29736430	12.75372147	-0.05922996	0.29869234	12.75387113	-0.05877721
0.26965718	12.78704551	-0.91344479	0.26995268	12.78734411	-0.91306463
0.26133155	12.85755034	-0.88746861	0.26175914	12.85787570	-0.88703086
0.24320916	12.86376475	-0.82775710	0.24371113	12.86413317	-0.82727187
0.25253407	12.80270464	-0.85236856	0.25291581	12.80305337	-0.85193151
0.24796591	12.92989633	-0.83580965	0.24855835	12.93025319	-0.83530529
0.22928460	12.92873064	-0.77940195	0.22995387	12.92913411	-0.77884996
0.23608356	12.92424054	-0.76167420	0.23677076	12.92463926	-0.76112749
0.25385051	12.80852884	-0.83148567	0.25426189	12.80888171	-0.83103786
0.22727073	12.86480603	-0.81286679	0.22779114	12.86522251	-0.81233935
0.23071337	12.80734660	-0.83651924	0.23111227	12.80775386	-0.83602334
0.21856840	12.92867609	-0.76940685	0.21925435	12.92911369	-0.76882983
0.17869178	12.94190412	-0.75385004	0.17942681	12.94242651	-0.75319780
0.18434906	12.87444416	-0.79346246	0.18491194	12.87494781	-0.79285617
0.18470913	12.81076413	-0.81527748	0.18513931	12.81126715	-0.81469965
0.27282984	12.71716775	-0.93972154	0.27298998	12.71748074	-0.93940835
0.25865022	12.74136217	-0.87738419	0.25890454	12.74169727	-0.87699306
0.26100144	12.75696016	-0.85476361	0.26130006	12.75729886	-0.85435215
0.27778272	12.71998950	-0.86881187	0.27800661	12.72028921	-0.86845490
0.23797113	12.74944129	-0.86413791	0.23823684	12.74983452	-0.86368249
0.18933605	12.74308607	-0.84546697	0.18960796	12.74358495	-0.84491774
0.28796560	12.32748555	-0.15953278	0.28834951	12.32767669	-0.15929577
0.30750852	12.42346511	-0.12500049	0.30812676	12.42360523	-0.12472756
0.35495653	12.42117855	-0.14201804	0.35553635	12.42123726	-0.14181002
0.33864142	12.35239532	-0.17527165	0.33903791	12.35249719	-0.17509729
0.35911217	12.43378200	-0.14922058	0.35970563	12.43383885	-0.14900997
0.36841771	12.41400897	-0.14730853	0.36896966	12.41404463	-0.14711957
0.35219692	12.34682661	-0.18203975	0.35254195	12.34689549	-0.18190598
0.40462613	12.38019412	-0.15651893	0.40508639	12.38015971	-0.15639031
0.13732148	13.14592358	-0.45689936	0.13883572	13.14650475	-0.45606522
0.16709184	13.13220055	-0.47091925	0.16856368	13.13272758	-0.47012078
0.13979703	13.09469744	-0.56358238	0.14110056	13.09529464	-0.56271120
0.17535496	13.07900294	-0.57351737	0.17663624	13.07953860	-0.57266149
0.17895791	13.12074977	-0.47761275	0.18040176	13.12125496	-0.47682687
0.18492943	13.12711507	-0.47776812	0.18638453	13.12761187	-0.47698948
0.19503236	13.07209065	-0.56819615	0.19632517	13.07259379	-0.56731306
0.21938690	13.07672718	-0.60983238	0.22058160	13.07717016	-0.60905479
0.22116688	13.13296962	-0.50937219	0.22261384	13.13342240	-0.50860801
0.23018459	13.00636545	-0.73295475	0.23103195	13.00677972	-0.73236050
0.21006655	13.00177029	-0.68341088	0.21099962	13.00222282	-0.68274085
0.19622668	13.00543313	-0.68274090	0.19718183	13.00592099	-0.68204927
0.15904322	13.02132857	-0.67036957	0.16006415	13.02189946	-0.66960080
0.41259826	13.08887124	-0.25345422	0.41424567	13.08890138	-0.25304730
0.44739809	13.00711409	-0.17108032	0.44900752	13.00706158	-0.17074457
0.47410786	12.87578021	-0.12653110	0.47553922	12.87567192	-0.12626915
0.32033614	12.99390363	-0.85430356	0.32098848	12.99413964	-0.85389294
0.34179738	12.91538579	-0.94480323	0.34224542	12.91557606	-0.94445663
0.30534088	13.06356878	-0.74091773	0.30624876	13.06384507	-0.74044642
0.15423681	12.96214643	-0.04878129	0.15598183	12.96254788	-0.04803754
0.13359315	13.06709194	-0.09198141	0.13547694	13.06754982	-0.09116716
0.11235744	13.13162602	-0.16105152	0.11426642	13.13215014	-0.16018323
0.10243887	13.03564604	-0.61103011	0.10357251	13.03632688	-0.61018695
0.08385707	13.10031908	-0.53197875	0.08520028	13.10101313	-0.53106953
0.11837348	12.96341247	-0.66673754	0.11926981	12.96405788	-0.66596487
0.48512944	12.68071870	-0.12852908	0.48620829	12.68059012	-0.12834859
0.49022073	12.47213708	-0.15878247	0.49086894	12.47200686	-0.15867265
0.34890023	12.83429160	-0.99915440	0.34917766	12.83446111	-0.99887808
0.34841682	12.75951258	-1.02942440	0.34857802	12.75970320	-1.02920923
0.48765512	12.33532708	-0.19848727	0.48796044	12.33520945	-0.19845756
0.34584938	12.69965014	-1.04941171	0.34589791	12.69985054	-1.04926171
0.16661814	12.47279487	-0.09938009	0.16737781	12.47318839	-0.09887615
0.17566354	12.62840899	-0.06850474	0.17675612	12.62877265	-0.06793812
0.11472667	12.76254349	-0.73892973	0.11517101	12.76319404	-0.73823638
0.11684679	12.83114453	-0.71460972	0.11744269	12.83178994	-0.71389500
0.16993946	12.80749674	-0.04603840	0.17139793	12.80786482	-0.04538331
0.12076659	12.89649752	-0.69590983	0.12150175	12.89713566	-0.69517285
0.34727140	13.14453297	-0.49019127	0.34870533	13.14473197	-0.48969134
0.31893816	13.11730162	-0.61728623	0.32013989	13.11755927	-0.61677535
0.37871107	13.13481831	-0.36455305	0.38029303	13.13493864	-0.36408659
0.08227967	13.16827516	-0.33233220	0.08401391	13.16891653	-0.33141036
0.07772952	13.14568803	-0.43446593	0.07927902	13.14637001	-0.43354521
0.09454905	13.16433626	-0.24121352	0.09640659	13.16492256	-0.24030831
0.87926499	11.96235142	-0.58651014	0.87899119	11.96201561	-0.58665793
0.81676000	12.01719950	-0.47386000	0.81676000	12.01719950	-0.47386000
0.91796373	11.93337606	-0.71662947	0.91749945	11.93292953	-0.71687163
0.90623231	11.99995047	-0.72144284	0.90584467	11.99950948	-0.72168893
0.87223439	12.04734097	-0.63446069	0.87200712	12.04696071	-0.63466690
0.80576701	12.11136425	-0.53083871	0.80570926	12.11111472	-0.53100665
0.94996830	11.92559430	-0.84169994	0.94936602	11.92509890	-0.84199668
0.96835629	11.94160988	-0.95351695	0.96767513	11.94108996	-0.95384626
0.93803451	12.05993676	-0.93639280	0.93752140	12.05945130	-0.93670951
0.92442428	12.02949689	-0.81838882	0.92397484	12.02902311	-0.81867228
0.96730705	11.98423133	-1.04676796	0.96660592	11.98371726	-1.04710713
0.93295957	12.05971694	-1.13331255	0.93229339	12.05925625	-1.13363531
0.91082528	12.12264336	-1.11058231	0.91025934	12.12221183	-1.11088866
0.93495595	12.09522490	-1.03423026	0.93441229	12.09475217	-1.03455087
0.85326023	12.17928877	-1.22358435	0.85269114	12.17895476	-1.22385301
0.73863981	12.33211667	-1.27298011	0.73825145	12.33196819	-1.27315747
0.74347040	12.35997926	-1.20110341	0.74316835	12.35980084	-1.20127490
0.85246850	12.22495219	-1.16073352	0.85200325	12.22460828	-1.16099641
0.60018304	12.48351519	-1.23776006	0.60008223	12.48353915	-1.23776013
0.47090797	12.61467521	-1.15233985	0.47089503	12.61473003	-1.15232009
0.49420000	12.61570000	-1.07906000	0.49420000	12.61570000	-1.07906000
0.61447000	12.50220000	-1.16283000	0.61447000	12.50220000	-1.16283000
0.38276052	12.64897153	-1.04875973	0.38275198	12.64908614	-1.04869688
0.33234658	12.65028862	-0.95476021	0.33237489	12.65049553	-0.95461515
0.37140000	12.64100070	-0.89641000	0.37140000	12.64100070	-0.89641000
0.41679000	12.64250090	-0.98287004	0.41679000	12.64250090	-0.98287004
0.31585323	12.68195800	-0.89373456	0.31600160	12.68217651	-0.89349128
0.31270748	12.70940842	-0.86557573	0.31292320	12.70962918	-0.86528848
0.34148426	12.69653653	-0.80882328	0.34173992	12.69671720	-0.80856879
0.35003370	12.67089140	-0.83746327	0.35023689	12.67102077	-0.83727165
0.30325619	12.69696571	-0.86918523	0.30343141	12.69720724	-0.86887329
0.26038821	12.68823672	-0.83857753	0.26058410	12.68859711	-0.83816840
0.30181085	12.68412075	-0.76991848	0.30209950	12.68439909	-0.76957173
0.34002245	12.68518314	-0.80738929	0.34025069	12.68536779	-0.80712499
0.15693465	12.72576840	-0.70793431	0.15735710	12.72633526	-0.70731734
0.02853224	12.78106016	-0.56517638	0.02922204	12.78187119	-0.56433541
0.03431707	12.81788475	-0.48799254	0.03517840	12.81865888	-0.48714904
0.18242904	12.73983873	-0.63287877	0.18297344	12.74035298	-0.63229457
-0.08621283	12.82520625	-0.50088450	-0.08536510	12.82623102	-0.49985762
-0.19300743	12.85871864	-0.50364185	-0.19210545	12.85995987	-0.50242939
-0.19479849	12.92664626	-0.44263733	-0.19367438	12.92786466	-0.44138853
-0.08664269	12.88399291	-0.43019184	-0.08558081	12.88498729	-0.42913462
-0.29811282	12.88109690	-0.56254496	-0.29726700	12.88258294	-0.56114448
-0.39692126	12.89407168	-0.62946422	-0.39616037	12.89579757	-0.62789081
-0.41281132	12.92146568	-0.57726897	-0.41191236	12.92320108	-0.57565724
-0.30642397	12.93377916	-0.50691519	-0.30538635	12.93525642	-0.50547721
-0.48511135	12.89863855	-0.65682294	-0.48438381	12.90056870	-0.65510168
-0.56471556	12.89591723	-0.64450892	-0.56397540	12.89801624	-0.64265958
-0.56362444	12.89794607	-0.60909725	-0.56282577	12.90002758	-0.60724821
-0.50697259	12.90611025	-0.60834154	-0.50615517	12.90806618	-0.60658123
-0.63849193	12.88780042	-0.59248593	-0.63768899	12.89004065	-0.59051540
-0.68732314	12.87118196	-0.51279068	-0.68642545	12.87349147	-0.51074345
-0.64986079	12.88671846	-0.48461327	-0.64888715	12.88893325	-0.48262237
-0.61292218	12.89641790	-0.56159358	-0.61205156	12.89858790	-0.55966194
-0.69204879	12.84316094	-0.41775996	-0.69105762	12.84543204	-0.41571804
-0.66517231	12.79526634	-0.32852304	-0.66415144	12.79744139	-0.32654172
-0.64357054	12.80170408	-0.34153773	-0.64255635	12.80383694	-0.33958817
-0.65562919	12.84890688	-0.40132710	-0.65460322	12.85109294	-0.39934117
-0.61901366	12.71984317	-0.26621122	-0.61806086	12.72188774	-0.26433117
-0.54606265	12.65807266	-0.21849795	-0.54516197	12.65993746	-0.21676625
-0.52788722	12.71738433	-0.24951071	-0.52691096	12.71922152	-0.24778774
-0.60366275	12.76210331	-0.29850812	-0.60266912	12.76412783	-0.29663854
-0.43898332	12.65155696	-0.17197899	-0.43801117	12.65316966	-0.17043857
-0.31214229	12.62904242	-0.13725274	-0.31114808	12.63036946	-0.13594322
-0.29373640	12.68270098	-0.16584936	-0.29268392	12.68400559	-0.16454241
-0.41952837	12.70902609	-0.20158107	-0.41848532	12.71060899	-0.20005091
-0.17719641	12.52272933	-0.12601215	-0.17638280	12.52377852	-0.12497606
-0.03068434	12.40486513	-0.13593178	-0.03010484	12.40564108	-0.13518275
-0.02742008	12.47482038	-0.16643372	-0.02675395	12.47560489	-0.16565031
-0.16485403	12.58547876	-0.15443869	-0.16396559	12.58651965	-0.15338868
0.12912269	12.34232336	-0.15874731	0.12954878	12.34281598	-0.15826380
0.25681922	12.32223018	-0.18589792	0.25715881	12.32249572	-0.18561828
0.23658525	12.38279854	-0.23708195	0.23697332	12.38313448	-0.23673185
0.12002318	12.41018464	-0.19941611	0.12052031	12.41071413	-0.19888065
0.30680996	12.35612372	-0.20757458	0.30717461	12.35630874	-0.20735105
0.29296499	12.44073129	-0.27590954	0.29342287	12.44097888	-0.27560824
0.28451823	12.41295088	-0.26217796	0.28493559	12.41320915	-0.26188077
0.31734235	12.34682218	-0.22065586	0.31766202	12.34699185	-0.22047409
0.34620000	12.27620000	-0.23202000	0.34620000	12.27620000	-0.23202000
0.32248933	12.33424101	-0.28884250	0.32273441	12.33444920	-0.28866395
0.29122752	12.39941996	-0.27757752	0.29161352	12.39967980	-0.27730930
0.44425997	12.21770000	-0.27141000	0.44425997	12.21770000	-0.27141000
0.57587000	12.16340070	-0.32883000	0.57587000	12.16340070	-0.32883000
0.57108126	12.24155249	-0.38323752	0.57117832	12.24147408	-0.38326510
0.42963968	12.28584288	-0.32721423	0.42977673	12.28588638	-0.32715144
0.70622003	12.08180000	-0.39380000	0.70622003	12.08180000	-0.39380000
0.70086451	12.17882991	-0.44869900	0.70090251	12.17865371	-0.44879456
0.76149637	12.39127981	-1.05007173	0.76131705	12.39102163	-1.05023774
0.86181768	12.24127785	-1.05024071	0.86144760	12.24089850	-1.05050379
0.78201617	12.37382599	-0.86218732	0.78193491	12.37351380	-0.86237509
0.87179296	12.21921221	-0.90985583	0.87149743	12.21879987	-0.91012245
0.79519220	12.25876136	-0.67481557	0.79513867	12.25843131	-0.67501694
0.87210301	12.14499529	-0.75764875	0.87184522	12.14457533	-0.75790110
0.53441623	12.60763667	-0.90202902	0.53451057	12.60757729	-0.90200410
0.64672296	12.52113361	-0.99093489	0.64671730	12.52100654	-0.99099241
0.56748553	12.53755720	-0.69049801	0.56770966	12.53747268	-0.69047598
0.67882673	12.47649833	-0.78179033	0.67891257	12.47629181	-0.78187962
0.57321573	12.38502937	-0.51082596	0.57340819	12.38493583	-0.51083115
0.69379127	12.33748250	-0.59025197	0.69388465	12.33725949	-0.59036667
-0.20500420	12.92102656	-0.35777477	-0.20376608	12.92223207	-0.35651139
-0.09962848	12.87626699	-0.34336882	-0.09846073	12.87725631	-0.34229153
-0.22660323	12.86251800	-0.27163253	-0.22535034	12.86373115	-0.27035725
-0.12058538	12.81128801	-0.25966442	-0.11941654	12.81228424	-0.25858127
-0.00490835	12.74245161	-0.29699597	-0.00392666	12.74324045	-0.29612230
0.01836974	12.80922608	-0.39207698	0.01934525	12.80999687	-0.39121186
-0.26097355	12.77192789	-0.20933207	-0.25980933	12.77318432	-0.20803962
-0.14438137	12.69757568	-0.19826766	-0.14334377	12.69859430	-0.19719616
-0.01937482	12.60981118	-0.22133410	-0.01853341	12.61060137	-0.22049670
-0.54207252	12.92581989	-0.52668914	-0.54108675	12.92781748	-0.52486152
-0.57548144	12.91885990	-0.43477582	-0.57436473	12.92088822	-0.43289290
-0.47256922	12.93757186	-0.37406166	-0.47131983	12.93934642	-0.37234331
-0.44001719	12.95114789	-0.47976178	-0.43890491	12.95289939	-0.47809292
-0.59216491	12.84620656	-0.35620143	-0.59108012	12.84823418	-0.35431922
-0.50285773	12.83508391	-0.29839105	-0.50170785	12.83688908	-0.29666356
-0.32349681	12.94788885	-0.41282880	-0.32228631	12.94936248	-0.41135756
-0.35001063	12.91182506	-0.31430538	-0.34872098	12.91331111	-0.31280483
-0.38621474	12.81395279	-0.24621551	-0.38502383	12.81548583	-0.24469587
0.29784621	12.64242000	-0.64587573	0.29822715	12.64273627	-0.64549788
0.33909427	12.63832349	-0.67005990	0.33943486	12.63856062	-0.66974612
0.27232724	12.57491786	-0.49602943	0.27276291	12.57526452	-0.49562872
0.31854017	12.57324828	-0.50661904	0.31895996	12.57351159	-0.50628311
0.32319273	12.59108200	-0.49101180	0.32366760	12.59133437	-0.49068014
0.34054144	12.65258535	-0.66165704	0.34092409	12.65282038	-0.66134705
0.34721291	12.63505794	-0.68450437	0.34755168	12.63528309	-0.68421021
0.32518516	12.57695177	-0.50601370	0.32562200	12.57720418	-0.50569105
0.35673059	12.55699012	-0.54722590	0.35709474	12.55719913	-0.54694858
0.37565721	12.61618888	-0.73568694	0.37592103	12.61637625	-0.73544397
0.33150877	12.44192373	-0.39571439	0.33186019	12.44215123	-0.39545819
0.30021978	12.48891042	-0.37152419	0.30066819	12.48917504	-0.37120395
0.29460002	12.49299571	-0.36644676	0.29504927	12.49326741	-0.36611371
0.24703691	12.47946023	-0.34983625	0.24747765	12.47981831	-0.34944545
0.44923398	12.55430120	-0.61042992	0.44954271	12.55437279	-0.61026812
0.44063798	12.62249906	-0.81272235	0.44080844	12.62256629	-0.81259646
0.43724029	12.41218121	-0.44428452	0.43750292	12.41225097	-0.44416242
0.14549172	12.64424953	-0.40174487	0.14615956	12.64479422	-0.40113357
0.17153486	12.71512650	-0.52389267	0.17217268	12.71564964	-0.52329835
0.12628128	12.52639859	-0.28687478	0.12687915	12.52695143	-0.28628796
0.18123898	13.14865712	-0.38126132	0.18285693	13.14912803	-0.38048656
0.27760316	13.03031034	-0.11880036	0.27935948	13.03052165	-0.11821325
0.31547936	12.91535426	-0.07897110	0.31707338	12.91548293	-0.07848157
0.34132815	12.73518997	-0.08642450	0.34257895	12.73527439	-0.08603955
0.35768267	12.55603149	-0.11800441	0.35855664	12.55609559	-0.11771681
0.24758993	12.86293216	-0.80687231	0.24811633	12.86330108	-0.80638584
0.34415077	12.37451074	-0.18239393	0.34457659	12.37460658	-0.18221303
0.19269232	13.06682449	-0.57220442	0.19395936	13.06732854	-0.57135907
0.21361630	12.99650564	-0.67708387	0.21455223	12.99695396	-0.67642816
0.89363640	11.95694591	-0.57318532	0.89337168	11.95660145	-0.57334595
0.82747234	12.01960453	-0.45670884	0.82749496	12.01959989	-0.45671410
0.93524674	11.91888920	-0.70816649	0.93477304	11.91842529	-0.70842251
0.74198448	12.33074462	-1.28851452	0.74158231	12.33059543	-1.28869471
0.46130133	12.62066664	-1.16586128	0.46128873	12.62073110	-1.16583376
0.35358561	12.66047919	-1.05662241	0.35358983	12.66065360	-1.05651357
0.28804545	12.66553771	-0.95675149	0.28810253	12.66582919	-0.95652196
0.27524995	12.69565402	-0.89418930	0.27541521	12.69596111	-0.89387115
0.25874509	12.70737828	-0.87991013	0.25889906	12.70773430	-0.87950133
0.21050224	12.69462378	-0.86080382	0.21066536	12.69508590	-0.86030089
0.12459272	12.71818478	-0.74463055	0.12495040	12.71881770	-0.74396422
0.01928578	12.75278611	-0.61280748	0.01986457	12.75362171	-0.61195879
-0.18661896	12.79577974	-0.54521225	-0.18590366	12.79702914	-0.54404250
-0.28920233	12.83916529	-0.59417141	-0.28848950	12.84064811	-0.59280572
-0.47266606	12.90381590	-0.67911005	-0.47196113	12.90572860	-0.67740640
-0.55468341	12.90743214	-0.66696648	-0.55395265	12.90951871	-0.66512970
-0.69964909	12.87572030	-0.52418710	-0.69876003	12.87806188	-0.52211686
-0.17893067	12.53225961	-0.10385019	-0.17806547	12.53330089	-0.10280645
0.14742496	12.35750720	-0.13413863	0.14791579	12.35795173	-0.13367250
0.31450715	12.38400507	-0.21996688	0.31491043	12.38418284	-0.21973805
0.38474479	12.29278268	-0.19492183	0.38485978	12.29276062	-0.19491550
0.47023419	12.23627810	-0.23862432	0.47029898	12.23623394	-0.23862670
0.71436584	12.09137481	-0.37182537	0.71438465	12.09134798	-0.37183019
0.30167849	12.51596727	-0.36444866	0.30217567	12.51622372	-0.36411590
0.59247124	12.77537490	-0.53889362	0.59317678	12.77521584	-0.53884596
0.31861091	12.99102306	-0.52099951	0.31973516	12.99126416	-0.52051629
0.05012288	12.99949107	-0.24993210	0.05165643	13.00015877	-0.24902885
0.11966388	13.08128920	-0.29463986	0.12128301	13.08184339	-0.29380509
0.33324146	12.86841907	-0.28655116	0.33445823	12.86857755	-0.28611835
0.04501691	12.97376664	-0.40846764	0.04627938	12.97449189	-0.40757129
0.13995234	13.04988205	-0.40442532	0.14135555	13.05043082	-0.40363091
0.37434731	12.82511246	-0.68792199	0.37495319	12.82526423	-0.68761642
0.17635685	13.03044894	-0.16751206	0.17805515	13.03085591	-0.16677802
0.22675972	12.82015815	-0.78591789	0.22724644	12.82057515	-0.78540549
0.33876319	12.75987949	-0.52512491	0.33948392	12.76009999	-0.52475924
0.33526879	12.88939735	-0.83514813	0.33579073	12.88959498	-0.83479241
0.40037625	12.43516582	-0.24280617	0.40085952	12.43521030	-0.24262722
0.26171888	13.04910710	-0.43488897	0.26307993	13.04943385	-0.43426738
0.48201675	12.68476302	-0.66467540	0.48244725	12.68477573	-0.66453699
0.70295053	12.74641598	-0.77200239	0.70334310	12.74615040	-0.77208254
0.34413053	12.93871519	-0.19162646	0.34560453	12.93883185	-0.19117500
-0.41218544	12.92166959	-0.22848121	-0.41073935	12.92324940	-0.22687210
0.17234752	13.08369673	-0.23607710	0.17404989	13.08413433	-0.23531762
0.33427716	12.94896938	-0.68013488	0.33510336	12.94919542	-0.67972506
-0.49953856	12.92274289	-0.26816943	-0.49815143	12.92452810	-0.26641103
0.24585425	13.03323274	-0.31707754	0.24734105	13.03355861	-0.31644579
0.29739768	12.45974029	-0.19698295	0.29799051	12.45994178	-0.19667575
0.13736736	13.10287601	-0.35647824	0.13893778	13.10341723	-0.35566052
0.22755084	13.08095665	-0.47538174	0.22892699	13.08136447	-0.47467256
0.26458116	12.61365953	-0.23890733	0.26540815	12.61393738	-0.23847512
0.18153682	12.94193652	-0.49759857	0.18261410	12.94242871	-0.49691560
0.28468710	12.89482745	-0.82404079	0.28523764	12.89512021	-0.82360395
0.29050152	12.84388918	-0.82799314	0.29096973	12.84416822	-0.82758958
0.24688901	13.02543832	-0.53251583	0.24808864	13.02581332	-0.53187312
0.39030717	12.79770407	-0.19160164	0.39151641	12.79774788	-0.19126180
0.50505674	12.59073221	-0.43049040	0.50560676	12.59068153	-0.43037777
0.30934287	12.76364671	-0.88226225	0.30963081	12.76386800	-0.88194525
0.17371583	12.97050881	-0.63233965	0.17466470	12.97103271	-0.63164233
0.39618950	12.37481410	-0.22037584	0.39656260	12.37483039	-0.22024085
0.36456971	12.48391782	-0.30905760	0.36507363	12.48405178	-0.30881630
0.21061332	12.86956858	-0.17735239	0.21199173	12.86991719	-0.17673472
0.39234714	12.73104411	-0.90686208	0.39256078	12.73110628	-0.90669738
0.30210122	12.79619032	-0.84293897	0.30247868	12.79644064	-0.84258180
0.16489156	13.11654461	-0.26785405	0.16661105	13.11700705	-0.26707163
0.42454511	12.60516337	-0.24351886	0.42534924	12.60517548	-0.24329506
0.22320784	12.86523026	-0.76198213	0.22379725	12.86565528	-0.76144244
0.43139365	12.71377850	-0.82399372	0.43166357	12.71382647	-0.82384015
0.83112564	12.74112435	-0.86846195	0.83145291	12.74074714	-0.86863558
0.56926273	12.79025158	-0.92503926	0.56953277	12.79013683	-0.92498273
0.35301929	12.68520956	-0.19331820	0.35402954	12.68531928	-0.19297215
0.26475995	12.76322557	-0.17380946	0.26594486	12.76347598	-0.17331296
