0.85290093	12.73604696	-0.42196208	0.85299229	12.73600814	-0.42202831
0.82421320	12.87429892	-0.45050943	0.82431559	12.87426277	-0.45057323
0.90021293	12.83290190	-0.54890332	0.90030698	12.83285874	-0.54897187
0.93192602	12.69961160	-0.53442309	0.93200778	12.69956433	-0.53449349
0.78179848	12.96528514	-0.51069170	0.78190623	12.96525379	-0.51075197
0.86178818	12.91909285	-0.59172602	0.86188781	12.91905429	-0.59179178
0.91089442	12.87608878	-0.65217370	0.91098468	12.87604419	-0.65224343
0.94911526	12.80610630	-0.64655038	0.94919880	12.80605729	-0.64662262
0.98278365	12.67690641	-0.64762382	0.98285378	12.67685288	-0.64769750
0.71761923	12.76584122	-1.16534156	0.71764463	12.76581235	-1.16538803
0.83996153	12.71504645	-1.14389793	0.83998680	12.71500496	-1.14395698
0.80893943	12.82165235	-1.07513139	0.80898410	12.82161535	-1.07519176
0.68681980	12.86814979	-1.09165637	0.68686643	12.86812496	-1.09170722
0.94124901	12.68106029	-1.08137471	0.94127860	12.68100710	-1.08144402
0.90862116	12.79227918	-1.02268613	0.90866985	12.79223144	-1.02275586
0.86931864	12.86089169	-0.97199797	0.86937988	12.86084938	-0.97206518
0.79053886	12.90193530	-0.98719680	0.79060170	12.90190121	-0.98725751
0.66867602	12.94814764	-0.99241608	0.66874308	12.94812616	-0.99246767
0.59844545	12.83356072	-0.20973591	0.59855579	12.83353547	-0.20979143
0.58017706	12.97066626	-0.25715393	0.58029565	12.97064555	-0.25720127
0.71410242	12.92287305	-0.35013084	0.71421347	12.92284502	-0.35018716
0.73548168	12.78341777	-0.30984157	0.73558236	12.78338719	-0.30990120
0.54962486	13.05719942	-0.34144421	0.54974771	13.05718486	-0.34148719
0.67794142	13.01335622	-0.42579082	0.67805696	13.01333283	-0.42584301
0.46859218	12.88155691	-1.06460870	0.46864344	12.88155612	-1.06464346
0.59445094	12.82694762	-1.13753966	0.59448600	12.82693092	-1.13758051
0.56421074	12.91947786	-1.06514271	0.56426691	12.91946624	-1.06518518
0.44048178	12.96421300	-0.99000373	0.44055246	12.96421907	-0.99004015
0.54446446	12.99422361	-0.96351472	0.54454135	12.99421787	-0.96355869
0.42001713	13.03376325	-0.88735504	0.42010659	13.03377623	-0.88739294
-0.01140505	12.98726488	-0.06721406	-0.01127490	12.98723938	-0.06723677
-0.13980312	12.99903872	-0.08895716	-0.13967268	12.99902438	-0.08897010
-0.14241747	13.07269154	-0.13518400	-0.14228641	13.07268581	-0.13518499
-0.01762234	13.07484892	-0.11075492	-0.01749036	13.07483314	-0.11076277
-0.25863580	13.00078267	-0.12502628	-0.25850816	13.00078091	-0.12503245
-0.25971538	13.06243982	-0.17318839	-0.25958743	13.06244670	-0.17318478
-0.26108721	13.10396275	-0.23853364	-0.26096069	13.10398065	-0.23852370
-0.14455208	13.11992486	-0.20116524	-0.14442222	13.11993052	-0.20115913
-0.02273093	13.12919790	-0.17640685	-0.02259979	13.12919412	-0.17640645
0.03298288	12.97572507	-0.59171327	0.03308418	12.97577488	-0.59173728
0.01796774	13.03803820	-0.56598374	0.01807499	13.03808648	-0.56600037
-0.06303946	13.04003712	-0.55529248	-0.06293171	13.04009109	-0.55530368
-0.04886014	12.98389849	-0.57116007	-0.04875723	12.98395319	-0.57117964
-0.00156930	13.09185056	-0.51836120	-0.00145578	13.09189444	-0.51836957
-0.08456508	13.08618616	-0.51937419	-0.08445255	13.08623678	-0.51937776
-0.17812518	13.07904518	-0.53540333	-0.17801363	13.07910464	-0.53540319
-0.15554102	13.03820286	-0.57150829	-0.15543356	13.03826582	-0.57151547
-0.14086206	12.98708147	-0.58917684	-0.14075887	12.98714554	-0.58919231
0.98823050	12.28771387	-0.67358235	0.98825610	12.28765527	-0.67365018
0.96663468	12.06881089	-0.68919008	0.96662853	12.06875387	-0.68924498
0.91427315	12.09581631	-0.55369867	0.91428182	12.09577240	-0.55374490
0.92984346	12.30255715	-0.53832647	0.92988096	12.30250807	-0.53838802
0.83659721	12.14605801	-0.43232444	0.83661984	12.14603235	-0.43236285
0.84459892	12.32794255	-0.41288469	0.84464572	12.32790451	-0.41294070
0.97929484	12.37890198	-1.14323048	0.97928063	12.37884107	-1.14329968
0.88429286	12.43970444	-1.21199798	0.88427722	12.43965578	-1.21205647
0.87915114	12.28020030	-1.23678066	0.87911043	12.28015161	-1.23683664
0.97128480	12.18758892	-1.15848763	0.97124414	12.18752789	-1.15855329
0.75716728	12.51634559	-1.24027765	0.75715878	12.51631710	-1.24031501
0.75284805	12.39616352	-1.27170396	0.75281495	12.39613540	-1.27174117
0.86664286	12.17551358	-1.24453691	0.86658822	12.17546603	-1.24458948
0.95204959	12.05302055	-1.15642633	0.95199244	12.05296169	-1.15648659
0.99478788	12.49682348	-0.65892644	0.99483902	12.49676727	-0.65899831
0.93840682	12.51290084	-0.53239580	0.93846928	12.51285059	-0.53246405
0.85443728	12.54156364	-0.41039160	0.85451108	12.54152300	-0.41045680
0.86820868	12.58628672	-1.18513454	0.86821550	12.58624236	-1.18519166
0.96738698	12.54335933	-1.11962223	0.96739612	12.54330121	-1.11969227
0.74300740	12.64416511	-1.20983400	0.74301620	12.64413738	-1.20987998
0.60170873	12.41947144	-0.22732523	0.60177434	12.41944988	-0.22738129
0.60252370	12.63416489	-0.20495188	0.60261854	12.63413959	-0.20501300
0.73567735	12.58436620	-0.29926641	0.73576106	12.58433461	-0.29933120
0.72877068	12.37019587	-0.30990921	0.72882657	12.37016768	-0.30996179
0.46898995	12.70467497	-1.15104850	0.46899950	12.70466802	-1.15105971
0.61195260	12.61477658	-1.21980711	0.61194984	12.61476713	-1.21982181
0.60901256	12.71884733	-1.18660316	0.60902332	12.71883126	-1.18662897
0.47444100	12.78865443	-1.11773790	0.47446882	12.78864984	-1.11776147
0.58678802	12.17480684	-0.30198708	0.58679725	12.17480646	-0.30199330
0.59829912	12.28035157	-0.26355366	0.59833869	12.28033693	-0.26358957
0.72418203	12.21566649	-0.33872704	0.72421370	12.21564672	-0.33876278
0.60034217	12.48675352	-1.25182144	0.60032556	12.48674817	-1.25182091
0.60658615	12.53409135	-1.24363303	0.60657533	12.53408308	-1.24363532
0.46272445	12.64899110	-1.16653338	0.46272593	12.64898521	-1.16653844
-0.00247435	12.70909424	-0.06818524	-0.00234529	12.70905637	-0.06827230
-0.15136834	12.77780179	-0.07443479	-0.15124285	12.77778073	-0.07448736
-0.14170503	12.90070219	-0.07118888	-0.14157838	12.90068349	-0.07121787
-0.00333763	12.86370628	-0.05617339	-0.00321098	12.86367521	-0.05621845
-0.28750790	12.82907199	-0.09840801	-0.28738609	12.82906549	-0.09844080
-0.26902064	12.92423546	-0.10180982	-0.26889519	12.92422961	-0.10182798
0.02878626	12.84628506	-0.62120068	0.02887345	12.84633620	-0.62123706
0.03506505	12.91167557	-0.60840889	0.03515978	12.91172654	-0.60843981
-0.04600604	12.92213028	-0.58074965	-0.04590857	12.92218539	-0.58077743
-0.05430488	12.85734016	-0.58500447	-0.05421299	12.85739573	-0.58503972
-0.13771126	12.92981910	-0.59765330	-0.13761248	12.92988382	-0.59767692
-0.14746132	12.86900782	-0.59673596	-0.14736730	12.86907257	-0.59676699
-0.03239222	12.41413487	-0.12339601	-0.03230375	12.41412380	-0.12350381
-0.17247135	12.63091569	-0.09311945	-0.17235803	12.63090336	-0.09319682
-0.01736497	12.53914080	-0.09274074	-0.01725732	12.53912533	-0.09284369
-0.32402401	12.62387134	-0.13144863	-0.32391489	12.62387404	-0.13151415
-0.31034002	12.71145546	-0.11087955	-0.31022517	12.71145337	-0.11093151
0.01868680	12.77997456	-0.63315542	0.01876619	12.78002552	-0.63319522
-0.07372124	12.79091386	-0.58237070	-0.07363456	12.79096936	-0.58241150
-0.09155863	12.76385360	-0.56238294	-0.09147346	12.76390840	-0.56242557
-0.17150633	12.80645463	-0.58492398	-0.17141614	12.80651912	-0.58496204
-0.38101799	12.99807831	-0.17407740	-0.38089374	12.99809094	-0.17407860
-0.37330614	13.04851212	-0.21960258	-0.37318181	13.04853203	-0.21959636
-0.49096514	12.99151769	-0.23055314	-0.49084484	12.99154470	-0.23055173
-0.47132732	13.03252268	-0.27136802	-0.47120669	13.03255571	-0.27136080
-0.44934970	13.06607146	-0.32150558	-0.44922950	13.06611186	-0.32149405
-0.36352477	13.08590676	-0.27858524	-0.36340123	13.08593618	-0.27857379
-0.25990119	13.03597604	-0.59088269	-0.25979401	13.03604898	-0.59088529
-0.24553218	12.99088807	-0.61607534	-0.24542875	12.99096367	-0.61608550
-0.28012602	13.07219218	-0.55023717	-0.28001512	13.07226034	-0.55023318
-0.37480389	13.06359435	-0.55870976	-0.37469339	13.06366958	-0.55870283
-0.35995917	13.03260159	-0.60375519	-0.35985198	13.03268311	-0.60375404
-0.35034397	12.99445440	-0.63779168	-0.35023984	12.99454062	-0.63779715
-0.24690397	12.94245774	-0.63213448	-0.24680425	12.94253556	-0.63215188
-0.35784817	12.95565901	-0.66274045	-0.35774731	12.95574932	-0.66275179
-0.37259559	12.91841494	-0.67701327	-0.37249701	12.91850831	-0.67703020
-0.25962924	12.89297271	-0.63687943	-0.25953263	12.89305193	-0.63690370
-0.53501635	12.88559413	-0.19043289	-0.53489877	12.88561606	-0.19044727
-0.55492341	12.76360957	-0.19662199	-0.55481104	12.76363322	-0.19665590
-0.63115298	12.80065078	-0.25382352	-0.63104083	12.80068621	-0.25384964
-0.61315640	12.89665454	-0.25253413	-0.61304089	12.89668911	-0.25254478
-0.56290999	12.65898891	-0.21447128	-0.56280230	12.65901582	-0.21452233
-0.63839669	12.71810399	-0.26614839	-0.63828772	12.71814168	-0.26618813
-0.68700689	12.78820841	-0.33581623	-0.68689720	12.78825857	-0.33584319
-0.68078203	12.84048470	-0.32974948	-0.68067078	12.84053385	-0.32976811
-0.66485550	12.90360065	-0.33102943	-0.66474233	12.90364956	-0.33103781
-0.45335062	12.64870400	-0.16684280	-0.45324264	12.64871861	-0.16689888
-0.44223976	12.74480709	-0.14731251	-0.44212643	12.74481791	-0.14735284
-0.42015432	12.86406254	-0.13831735	-0.42003453	12.86407052	-0.13833866
-0.46851153	12.93411911	-0.68770561	-0.46841128	12.93422086	-0.68771668
-0.47542525	12.90716167	-0.69842544	-0.47532677	12.90726556	-0.69844090
-0.38473490	12.88511634	-0.67901184	-0.38463827	12.88521058	-0.67903377
-0.55507432	12.93908458	-0.66756980	-0.55497254	12.93918817	-0.66757714
-0.55984355	12.91244806	-0.68248268	-0.55974356	12.91255457	-0.68249464
-0.39553446	12.86826767	-0.66867734	-0.39543872	12.86836106	-0.66870145
-0.27931863	12.84473382	-0.62924645	-0.27922500	12.84481305	-0.62927707
0.90016931	12.88416191	-0.90338706	0.90024045	12.88411698	-0.90345700
0.80024263	12.95134655	-0.88922457	0.80032125	12.95131231	-0.88928778
0.91679235	12.89856735	-0.81465246	0.91687255	12.89852179	-0.81472279
0.82178655	12.97124550	-0.78473012	0.82187572	12.97121019	-0.78479464
0.71143761	13.02717107	-0.74325190	0.71153658	13.02714914	-0.74330664
0.68149968	13.00299304	-0.87235933	0.68158531	13.00297276	-0.87241322
0.91796667	12.89477690	-0.72275024	0.91805339	12.89473154	-0.72282067
0.83898247	12.96251864	-0.67820501	0.83907959	12.96248183	-0.67827004
0.74456066	13.01529743	-0.61606312	0.74466790	13.01527162	-0.61612089
1.00121654	12.67037463	-0.98684202	1.00125618	12.67031516	-0.98691924
0.96376684	12.79210425	-0.94173285	0.96382452	12.79205093	-0.94180775
1.02451583	12.67087901	-0.87551188	1.02456589	12.67081859	-0.87559014
0.98374087	12.80150873	-0.84495033	0.98380835	12.80145456	-0.84502620
1.01602895	12.67004039	-0.76211562	1.01608896	12.66998279	-0.76219184
0.97794369	12.80114761	-0.74552612	0.97801914	12.80109515	-0.74560078
0.56146167	13.04876724	-0.82708801	0.56155703	13.04876276	-0.82713346
0.59836329	13.07435380	-0.67827493	0.59847160	13.07434426	-0.67832248
0.47448414	13.11319270	-0.59557842	0.47460137	13.11319554	-0.59561700
0.43727245	13.08678371	-0.74748654	0.43737795	13.08679431	-0.74752400
0.63830790	13.06308770	-0.54019877	0.63842311	13.06307083	-0.54024806
0.51309282	13.10397907	-0.45745758	0.51321483	13.10397269	-0.45749754
-0.38325359	13.08083197	-0.50072495	-0.38313999	13.08089845	-0.50071462
-0.46676331	13.06244157	-0.51323445	-0.46665101	13.06251392	-0.51322342
-0.44689162	13.05124180	-0.55566919	-0.44678139	13.05132021	-0.55566097
-0.39524490	13.08664023	-0.43764300	-0.39512877	13.08669716	-0.43763087
-0.48887861	13.06412811	-0.46868852	-0.48876465	13.06419401	-0.46867625
-0.57327418	13.03781544	-0.49779038	-0.57316242	13.03788960	-0.49777936
-0.53569365	13.03998258	-0.53039064	-0.53558305	13.04006077	-0.53038069
-0.49802206	13.03852112	-0.55666764	-0.49791242	13.03860231	-0.55665932
-0.42063204	13.08294894	-0.37741175	-0.42051337	13.08299725	-0.37739888
-0.50261914	13.05968727	-0.41733333	-0.50250331	13.05974522	-0.41732112
-0.51745397	13.04494485	-0.36648215	-0.51733679	13.04499503	-0.36647168
-0.56306948	13.02807135	-0.39879301	-0.56295456	13.02812859	-0.39878367
-0.57502537	13.03338526	-0.44733456	-0.57491182	13.03345098	-0.44732409
-0.01725227	13.13043827	-0.43623966	-0.01713305	13.13047279	-0.43624141
-0.10897462	13.11808846	-0.44863667	-0.10885708	13.11813097	-0.44863418
-0.02656009	13.15154910	-0.34080955	-0.02643520	13.15157120	-0.34080735
-0.12976315	13.13540042	-0.36199789	-0.12964076	13.13543129	-0.36199130
-0.23093932	13.11831112	-0.39297049	-0.23081959	13.11835252	-0.39296086
-0.20500433	13.10516369	-0.47145949	-0.20488866	13.10521546	-0.47145372
-0.02704205	13.15296258	-0.25363512	-0.02691332	13.15297151	-0.25363178
-0.14100166	13.13840184	-0.27815502	-0.14087486	13.13841999	-0.27814678
-0.25064641	13.12022856	-0.31338156	-0.25052278	13.12025819	-0.31337009
0.98992744	11.97395038	-1.06007930	0.98987201	11.97388738	-1.06014087
1.01280561	12.11880768	-1.05837359	1.01276898	12.11874192	-1.05844167
0.99245342	11.92906809	-0.95458368	0.99240266	11.92900582	-0.95464246
1.01888860	12.07560427	-0.94406218	1.01885952	12.07553848	-0.94412802
1.03862919	12.29330065	-0.92885785	1.03863067	12.29323367	-0.92893196
1.02705769	12.32791093	-1.04479187	1.02705007	12.32784455	-1.04486614
0.97396772	11.91263880	-0.83548803	0.97392664	11.91258075	-0.83554149
1.00247202	12.06044533	-0.82051356	1.00245374	12.06038263	-0.82057520
1.02513516	12.28234636	-0.80442595	1.02514826	12.28228245	-0.80449731
1.02306013	12.51377944	-1.02053252	1.02307785	12.51371565	-1.02060893
1.04194475	12.49626768	-0.90536820	1.04197277	12.49620280	-0.90544532
1.03094251	12.49092972	-0.78402250	1.03098197	12.49086797	-0.78409756
-0.64100083	12.93340310	-0.61504397	-0.64089718	12.93350061	-0.61504881
-0.64777364	12.90365426	-0.62711831	-0.64767144	12.90375426	-0.62712831
-0.69866358	12.92271351	-0.53517583	-0.69855657	12.92279735	-0.53518011
-0.70909358	12.88653475	-0.54132416	-0.70898771	12.88661985	-0.54133470
-0.64956349	12.88025850	-0.62863140	-0.64946206	12.88035879	-0.62864560
-0.70013453	12.91254954	-0.43295755	-0.70002428	12.91261564	-0.43296382
-0.71357391	12.86744689	-0.43406615	-0.71346458	12.86751315	-0.43407980
-0.71649819	12.83175287	-0.43594669	-0.71638951	12.83181936	-0.43596647
-0.29631749	13.09391082	-0.48781045	-0.29620302	13.09397044	-0.48780213
-0.31441711	13.10337288	-0.41536179	-0.31429895	13.10342211	-0.41535084
-0.34035412	13.10243584	-0.34480952	-0.34023296	13.10247505	-0.34479700
-0.59310396	12.94912698	-0.26508113	-0.59298716	12.94916303	-0.26508385
-0.51265314	12.95196992	-0.20266261	-0.51253357	12.95199313	-0.20266691
-0.64726919	12.94385186	-0.34011856	-0.64715514	12.94390185	-0.34012076
-0.62414909	12.97354322	-0.35689577	-0.62403473	12.97359537	-0.35689371
-0.57010542	12.98125471	-0.28930859	-0.56998803	12.98129398	-0.28930664
-0.39797958	12.94251920	-0.14724318	-0.39785648	12.94252765	-0.14725252
-0.45544741	12.96504450	-0.66919737	-0.45534506	12.96514248	-0.66920357
-0.44351826	12.99722413	-0.64085025	-0.44341354	12.99731663	-0.64085133
-0.52762425	12.99610398	-0.62358524	-0.52751849	12.99619823	-0.62358351
-0.54358092	12.96781187	-0.64964789	-0.54347737	12.96791155	-0.64965046
-0.65735510	12.97988343	-0.52333776	-0.65724616	12.97996445	-0.52333350
-0.68167068	12.95239848	-0.52972631	-0.68156270	12.95248109	-0.52972598
-0.62723561	12.96165389	-0.60214693	-0.62713041	12.96174850	-0.60214726
-0.60634132	12.98878526	-0.58425577	-0.60623447	12.98887577	-0.58425202
-0.62529565	13.00906038	-0.51435303	-0.62518547	13.00913894	-0.51434493
-0.57902268	13.01507866	-0.55720774	-0.57891387	13.01516325	-0.55720051
-0.50938555	13.02163916	-0.58420779	-0.50927738	13.02172559	-0.58420208
-0.68271509	12.94577036	-0.43543187	-0.68260402	12.94583658	-0.43543289
-0.65837819	12.97391047	-0.44129032	-0.65826656	12.97397722	-0.44128713
-0.59198163	13.00477381	-0.38118376	-0.59186694	13.00482900	-0.38117745
-0.62469591	13.00406989	-0.45028337	-0.62458353	13.00413742	-0.45027610
-0.54244393	13.01603022	-0.32345131	-0.54232634	13.01607417	-0.32344462
-0.43990905	13.02774791	-0.60061841	-0.43980156	13.02783339	-0.60061447
0.18328782	13.11942288	-0.18577069	0.18341746	13.11941254	-0.18578550
0.15362712	13.15833643	-0.27088206	0.15375581	13.15833890	-0.27089045
0.18131812	13.14631617	-0.28568840	0.18144579	13.14631946	-0.28570048
0.21525082	13.10619540	-0.19741427	0.21537915	13.10618531	-0.19743284
0.13318158	13.16570066	-0.36596080	0.13330692	13.16571693	-0.36596753
0.15928607	13.15446668	-0.38296939	0.15941042	13.15448337	-0.38297978
0.18589004	13.13746129	-0.29574615	0.18601698	13.13746572	-0.29575992
0.21963150	13.09782758	-0.20385632	0.21975915	13.09781829	-0.20387637
0.19253088	13.14516717	-0.29679077	0.19265836	13.14517138	-0.29680414
0.22503396	13.10431332	-0.19871222	0.22516232	13.10430317	-0.19873191
0.17334775	13.15262507	-0.40013152	0.17347164	13.15264269	-0.40014357
0.21734366	13.15849431	-0.42609420	0.21746730	13.15851110	-0.42610899
0.23897193	13.15055252	-0.31473183	0.23909974	13.15055642	-0.31474824
0.27092373	13.10768787	-0.20954981	0.27105196	13.10767717	-0.20957199
0.25884172	12.93243840	-0.06642057	0.25896456	12.93240698	-0.06646393
0.22186465	13.04904542	-0.11144998	0.22199228	13.04902324	-0.11147518
0.25802199	13.03634732	-0.12288545	0.25814857	13.03632611	-0.12291357
0.29831054	12.91929953	-0.07962099	0.29843035	12.91927085	-0.07966858
0.26825526	13.03437103	-0.12339187	0.26838180	13.03434995	-0.12342107
0.30950636	12.91745215	-0.08301361	0.30962596	12.91742446	-0.08306151
0.31345664	13.03296054	-0.13077073	0.31358267	13.03293943	-0.13080279
0.35328164	12.90975371	-0.08890186	0.35340050	12.90972656	-0.08894998
0.37877230	12.72089166	-0.09355201	0.37887880	12.72086405	-0.09362111
0.33876507	12.73451762	-0.08914417	0.33887387	12.73449008	-0.08921212
0.39619759	12.52573959	-0.12444193	0.39628480	12.52571840	-0.12451858
0.35880390	12.54973273	-0.11995463	0.35889692	12.54971051	-0.12003546
0.32739397	12.73664853	-0.08445687	0.32750316	12.73661950	-0.08452568
0.34667628	12.55245010	-0.11512044	0.34677123	12.55242597	-0.11520322
0.30123436	12.56596945	-0.09739874	0.30133677	12.56593932	-0.09749075
0.28545171	12.75382544	-0.06885353	0.28556505	12.75379195	-0.06893366
0.26712821	12.78385062	-0.92029421	0.26717346	12.78388139	-0.92031564
0.25760672	12.85411740	-0.89559053	0.25766915	12.85415164	-0.89561752
0.23865281	12.85995841	-0.83659320	0.23872284	12.85999589	-0.83662226
0.24915118	12.79913013	-0.86018250	0.24920836	12.79916557	-0.86020855
0.24263828	12.92616848	-0.84529869	0.24271749	12.92620607	-0.84532777
0.22295999	12.92456138	-0.78964009	0.22304342	12.92460068	-0.78966913
0.22949212	12.92013091	-0.77184782	0.22957640	12.92016889	-0.77187776
0.25013855	12.80489893	-0.83949941	0.25019920	12.80493332	-0.83952765
0.22245377	12.86036858	-0.82227991	0.22252683	12.86040769	-0.82231179
0.22716831	12.80303128	-0.84522263	0.22722982	12.80306827	-0.84525305
0.21196248	12.92406794	-0.77990490	0.21204738	12.92410843	-0.77993475
0.17143472	12.93630932	-0.76533023	0.17152228	12.93635423	-0.76535952
0.17901846	12.86904296	-0.80388502	0.17909479	12.86908781	-0.80391639
0.18076721	12.80542000	-0.82495223	0.18083111	12.80546346	-0.82498311
0.27159249	12.71371420	-0.94524022	0.27161989	12.71374389	-0.94525754
0.25644547	12.73786212	-0.88423040	0.25648755	12.73789424	-0.88425236
0.25841551	12.75346618	-0.86201171	0.25846479	12.75349852	-0.86203737
0.27588032	12.71689948	-0.87511020	0.27592004	12.71692807	-0.87513318
0.23576626	12.74529533	-0.87193576	0.23581509	12.74533011	-0.87196279
0.18707480	12.73776365	-0.85450067	0.18712520	12.73780425	-0.85453038
0.28453684	12.32669219	-0.16513887	0.28460588	12.32667339	-0.16522366
0.30187456	12.42332974	-0.13121913	0.30194536	12.42331083	-0.13129993
0.34964548	12.42191910	-0.14723411	0.34971538	12.42190570	-0.14730569
0.33506076	12.35252627	-0.17974033	0.33512429	12.35251684	-0.17980807
0.35371601	12.43453097	-0.15453040	0.35378864	12.43451767	-0.15460257
0.36335067	12.41501069	-0.15220506	0.36341952	12.41499917	-0.15227405
0.34908109	12.34744465	-0.18562151	0.34913114	12.34744705	-0.18567290
0.40033266	12.38186052	-0.16035641	0.40039408	12.38185090	-0.16041612
0.12238446	13.14088756	-0.47129801	0.12250430	13.14091745	-0.47130839
0.15232054	13.12762327	-0.48540327	0.15243944	13.12765217	-0.48541736
0.12579713	13.08902300	-0.57963257	0.12590890	13.08906336	-0.57964970
0.16108826	13.07372649	-0.59039215	0.16119900	13.07376428	-0.59041293
0.16433647	13.11633902	-0.49219039	0.16445449	13.11636753	-0.49220660
0.17016040	13.12272870	-0.49231331	0.17027922	13.12275647	-0.49232936
0.18016796	13.06699735	-0.58661657	0.18027860	13.06703277	-0.58663911
0.20637511	13.07244234	-0.62593364	0.20648504	13.07247723	-0.62595773
0.20564761	13.12859982	-0.52481307	0.20576645	13.12862733	-0.52483161
0.22203203	13.00209816	-0.74427513	0.22212822	13.00213604	-0.74430291
0.20054339	12.99726028	-0.69621459	0.20064162	12.99729875	-0.69624187
0.18618261	13.00038533	-0.69576764	0.18628140	13.00042563	-0.69579455
0.14791699	13.01521551	-0.68447242	0.14801773	13.01525976	-0.68449723
0.39663259	13.09021891	-0.26332116	0.39675876	13.09020779	-0.26335352
0.43195221	13.00953581	-0.17977149	0.43207532	13.00951630	-0.17981247
0.46049138	12.87875630	-0.13389385	0.46060771	12.87873228	-0.13394635
0.31456906	12.99139684	-0.86285305	0.31465530	12.99142398	-0.86288471
0.33809424	12.91314816	-0.95199005	0.33816160	12.91316760	-0.95202058
0.29678824	13.06077540	-0.75074361	0.29689104	13.06080418	-0.75077287
0.13883508	12.95990995	-0.06104592	0.13896222	12.95987903	-0.06108087
0.11688443	13.06434926	-0.10516228	0.11701501	13.06432767	-0.10518030
0.09524817	13.12818798	-0.17491640	0.09537897	13.12817918	-0.17492398
0.09004366	13.02875689	-0.62519169	0.09014806	13.02880385	-0.62521241
0.06997843	13.09395379	-0.54707243	0.07009131	13.09399592	-0.54708523
0.10911157	12.95676366	-0.67970593	0.10920622	12.95681201	-0.67973368
0.47501068	12.68368205	-0.13424913	0.47511184	12.68365780	-0.13431387
0.48423655	12.47477213	-0.16285124	0.48431444	12.47475302	-0.16291593
0.34672333	12.83214864	-1.00469009	0.34676890	12.83216336	-1.00471265
0.34729905	12.75700785	-1.03371588	0.34732868	12.75702170	-1.03373495
0.48480501	12.33752240	-0.20055824	0.48485425	12.33751021	-0.20060409
0.34573444	12.69695071	-1.05221730	0.34574767	12.69696276	-1.05222763
0.16027331	12.47005421	-0.10892845	0.16036587	12.47002336	-0.10903968
0.16745704	12.62583607	-0.08064674	0.16760252	12.62579472	-0.08079704
0.11053021	12.75581644	-0.74975622	0.11059521	12.75586511	-0.74979167
0.11097601	12.82451910	-0.72605454	0.11105216	12.82456825	-0.72608919
0.15735154	12.80523095	-0.05738195	0.15747503	12.80519308	-0.05744694
0.11326820	12.88998900	-0.70800777	0.11335342	12.89003742	-0.70803962
0.33258852	13.14341817	-0.50144522	0.33271083	13.14343100	-0.50147080
0.30660505	13.11510817	-0.62839290	0.30671979	13.11513181	-0.62842016
0.36300315	13.13494623	-0.37530895	0.36312870	13.13494825	-0.37533540
0.06614888	13.16330369	-0.34696217	0.06627449	13.16332129	-0.34696439
0.06278769	13.13990900	-0.44920370	0.06290764	13.13994036	-0.44920940
0.07766412	13.16012118	-0.25557788	0.07779345	13.16012492	-0.25558050
0.88187512	11.96574223	-0.58532564	0.88185708	11.96570698	-0.58535590
0.81676000	12.01719950	-0.47386000	0.81676000	12.01719950	-0.47386000
0.92222366	11.93769438	-0.71450804	0.92219530	11.93764530	-0.71455243
0.90989824	12.00418962	-0.71939895	0.90988017	12.00414087	-0.71944519
0.87448248	12.05109333	-0.63283742	0.87447797	12.05105150	-0.63287838
0.80644614	12.11388032	-0.52967002	0.80645807	12.11385077	-0.52970598
0.95540720	11.93008510	-0.83898683	0.95536857	11.93002946	-0.83903905
0.97449134	11.94601554	-0.95049245	0.97444354	11.94595577	-0.95054972
0.94287282	12.06409137	-0.93382652	0.94284371	12.06403573	-0.93388388
0.92869655	12.03383362	-0.81607628	0.92867502	12.03378080	-0.81612906
0.97360460	11.98829421	-1.04374621	0.97355304	11.98823356	-1.04380618
0.93888676	12.06305778	-1.13065451	0.93883423	12.06300089	-1.13071333
0.91595445	12.12581780	-1.10823810	0.91591265	12.12576418	-1.10829559
0.94001150	12.09897352	-1.03172628	0.93997595	12.09891724	-1.03178545
0.85816104	12.18133828	-1.22162463	0.85811043	12.18129208	-1.22167624
0.74173983	12.33257058	-1.27190937	0.74169844	12.33254334	-1.27194598
0.74604076	12.36085615	-1.20020442	0.74601392	12.36082786	-1.20024201
0.85662282	12.22725608	-1.15897831	0.85658664	12.22721051	-1.15903089
0.60085497	12.48286871	-1.23770204	0.60084022	12.48286390	-1.23770149
0.47106005	12.61355254	-1.15274421	0.47105886	12.61354869	-1.15274543
0.49420000	12.61570000	-1.07906000	0.49420000	12.61570000	-1.07906000
0.61447000	12.50220000	-1.16283000	0.61447000	12.50220000	-1.16283000
0.38304616	12.64733977	-1.04988699	0.38304915	12.64734492	-1.04989056
0.33231312	12.64784361	-0.95720895	0.33232215	12.64785939	-0.95721650
0.37140000	12.64100070	-0.89641000	0.37140000	12.64100070	-0.89641000
0.41679000	12.64250090	-0.98287004	0.41679000	12.64250090	-0.98287004
0.31459601	12.67969945	-0.89809738	0.31462058	12.67972182	-0.89811401
0.31088311	12.70720953	-0.87083547	0.31092128	12.70723250	-0.87085756
0.33938519	12.69490748	-0.81375953	0.33943210	12.69492555	-0.81378755
0.34819595	12.66974592	-0.84107984	0.34822902	12.66975987	-0.84109793
0.30187724	12.69453004	-0.87481194	0.30191467	12.69455441	-0.87483590
0.25889081	12.68447336	-0.84557934	0.25893320	12.68450252	-0.84560737
0.29932149	12.68144284	-0.77617798	0.29937188	12.68146545	-0.77620990
0.33823407	12.68350557	-0.81248060	0.33828064	12.68352363	-0.81251018
0.15300276	12.72010600	-0.71779755	0.15306640	12.72014823	-0.71783618
0.02141613	12.77365290	-0.57747178	0.02149915	12.77370000	-0.57751433
0.02570339	12.81111790	-0.50060303	0.02579501	12.81115759	-0.50064714
0.17720330	12.73505866	-0.64257640	0.17727699	12.73509504	-0.64262022
-0.09509216	12.81638470	-0.51459023	-0.09500024	12.81643496	-0.51462859
-0.20255751	12.84828574	-0.51829012	-0.20246146	12.84834417	-0.51832181
-0.20588036	12.91653269	-0.45769555	-0.20577615	12.91658310	-0.45771819
-0.09705850	12.87560703	-0.44428469	-0.09695756	12.87564880	-0.44431765
-0.30777827	12.86890644	-0.57790250	-0.30768101	12.86898019	-0.57792859
-0.40647213	12.88026064	-0.64541982	-0.40637459	12.88035109	-0.64544171
-0.42307413	12.90772556	-0.59350315	-0.42297292	12.90780887	-0.59351970
-0.31722429	12.92176491	-0.52264129	-0.31712118	12.92183119	-0.52265882
-0.49460495	12.88364083	-0.67333077	-0.49450682	12.88374157	-0.67334960
-0.57429445	12.88004602	-0.66146645	-0.57419502	12.88014950	-0.66148358
-0.57346156	12.88228875	-0.62607694	-0.57336063	12.88238572	-0.62609352
-0.51688448	12.89111447	-0.62503326	-0.51678395	12.89120821	-0.62504996
-0.64833020	12.87137497	-0.60984326	-0.64822818	12.87147169	-0.60985908
-0.69744007	12.85459079	-0.53034608	-0.69733434	12.85467360	-0.53036295
-0.66033631	12.87068436	-0.50205947	-0.66022955	12.87076149	-0.50207433
-0.62305780	12.88044974	-0.57886028	-0.62295435	12.88053984	-0.57887525
-0.70231486	12.82685856	-0.43530087	-0.70220632	12.82692469	-0.43532180
-0.67530842	12.77956110	-0.34582590	-0.67519927	12.77961257	-0.34585457
-0.65372179	12.78623377	-0.35873739	-0.65361291	12.78628678	-0.35876553
-0.66607344	12.83310288	-0.41870718	-0.66596462	12.83316580	-0.41872777
-0.62846850	12.70488957	-0.28310862	-0.62836043	12.70492967	-0.28315078
-0.55486744	12.64419080	-0.23487661	-0.55476088	12.64422069	-0.23493033
-0.53736271	12.70365112	-0.26590755	-0.53725463	12.70368543	-0.26595213
-0.61351703	12.74725083	-0.31541850	-0.61340829	12.74729573	-0.31545397
-0.44786637	12.63920829	-0.18774982	-0.44775965	12.63922603	-0.18780772
-0.32073845	12.61856603	-0.15215281	-0.32063142	12.61857160	-0.15221942
-0.30301146	12.67241656	-0.18077810	-0.30290357	12.67242590	-0.18083723
-0.42907678	12.69686397	-0.21737037	-0.42896847	12.69688585	-0.21741944
-0.18400687	12.51436021	-0.13943961	-0.18390609	12.51435684	-0.13953005
-0.03553931	12.39887459	-0.14719842	-0.03545335	12.39886496	-0.14730687
-0.03305440	12.46863802	-0.17819563	-0.03296267	12.46863010	-0.17830122
-0.17247452	12.57716211	-0.16813069	-0.17237136	12.57716112	-0.16821628
0.12552326	12.33855152	-0.16754225	0.12559982	12.33852646	-0.16765474
0.25392182	12.32061456	-0.19206950	0.25399372	12.32059541	-0.19216093
0.23342698	12.38038986	-0.24425752	0.23350325	12.38037416	-0.24435369
0.11585482	12.40595854	-0.20889526	0.11593631	12.40593737	-0.20900645
0.30374078	12.35528752	-0.21286909	0.30381049	12.35527600	-0.21294743
0.28913801	12.43905596	-0.28247154	0.28921284	12.43904488	-0.28255646
0.28108862	12.41120504	-0.26864147	0.28116296	12.41119277	-0.26872822
0.31467329	12.34601372	-0.22490868	0.31472449	12.34601399	-0.22496966
0.34620000	12.27620000	-0.23202000	0.34620000	12.27620000	-0.23202000
0.32073062	12.33237429	-0.29268253	0.32078423	12.33236000	-0.29274103
0.28811867	12.39747054	-0.28338378	0.28818649	12.39745961	-0.28346173
0.44425997	12.21770000	-0.27141000	0.44425997	12.21770000	-0.27141000
0.57587000	12.16340070	-0.32883000	0.57587000	12.16340070	-0.32883000
0.57033453	12.24248136	-0.38392696	0.57036546	12.24246272	-0.38396019
0.42858329	12.28551308	-0.32916327	0.42861968	12.28549692	-0.32920162
0.70622003	12.08180000	-0.39380000	0.70622003	12.08180000	-0.39380000
0.70061270	12.18078548	-0.44848438	0.70063493	12.18076308	-0.44851742
0.76344385	12.39309754	-1.04951115	0.76344286	12.39306469	-1.04955550
0.86539115	12.24414505	-1.04857045	0.86537222	12.24409835	-1.04862495
0.78338288	12.37654026	-0.86156937	0.78340433	12.37650445	-0.86162080
0.87486943	12.22273659	-0.90812954	0.87486487	12.22268926	-0.90818491
0.79613248	12.26196053	-0.67387959	0.79615650	12.26192288	-0.67393148
0.87483404	12.14891258	-0.75588770	0.87483487	12.14886539	-0.75593936
0.53414703	12.60818795	-0.90378163	0.53417855	12.60818147	-0.90381116
0.64738630	12.52215652	-0.99142635	0.64740629	12.52214213	-0.99145672
0.56602342	12.53854184	-0.69286435	0.56607848	12.53853045	-0.69291275
0.67871807	12.47845991	-0.78255664	0.67875897	12.47843669	-0.78260497
0.57186169	12.38618044	-0.51262520	0.57191344	12.38616106	-0.51267680
0.69338182	12.33981030	-0.59052156	0.69342238	12.33978280	-0.59057133
-0.21659290	12.91125441	-0.37289551	-0.21648492	12.91129279	-0.37291832
-0.11062321	12.86824688	-0.35753230	-0.11051787	12.86827761	-0.35756675
-0.23790396	12.85282285	-0.28663358	-0.23779444	12.85284817	-0.28666439
-0.13115847	12.80331895	-0.27367788	-0.13105255	12.80333685	-0.27372147
-0.01397728	12.73629908	-0.30977210	-0.01387981	12.73631785	-0.30983566
0.00908987	12.80284423	-0.40493033	0.00918778	12.80287292	-0.40498015
-0.27133697	12.76197397	-0.22427770	-0.27122758	12.76198980	-0.22432249
-0.15354746	12.68940910	-0.21222156	-0.15344171	12.68941498	-0.21228990
-0.02672756	12.60347120	-0.23408389	-0.02662831	12.60347037	-0.23418330
-0.55277935	12.91083316	-0.54371930	-0.55267433	12.91091451	-0.54373093
-0.58665847	12.90390081	-0.45197868	-0.58654954	12.90396744	-0.45198968
-0.48434018	12.92408005	-0.39081089	-0.48422934	12.92413319	-0.39082127
-0.45131224	12.93757880	-0.49636541	-0.45120542	12.93764782	-0.49637546
-0.60283491	12.83133019	-0.37325303	-0.60272542	12.83138424	-0.37327517
-0.51370244	12.82150396	-0.31496262	-0.51359179	12.82154559	-0.31498864
-0.33512807	12.93613739	-0.42876805	-0.33502010	12.93618993	-0.42878208
-0.36175911	12.90016762	-0.33026584	-0.36164825	12.90020576	-0.33028391
-0.39700861	12.80210595	-0.26208457	-0.39689796	12.80213395	-0.26211745
0.29456613	12.63961781	-0.65282970	0.29463206	12.63963835	-0.65287763
0.33627118	12.63630719	-0.67620201	0.33633457	12.63632441	-0.67624762
0.26867540	12.57209785	-0.50372469	0.26875381	12.57210666	-0.50379795
0.31505310	12.57119904	-0.51361286	0.31513112	12.57120478	-0.51368502
0.31917029	12.58915141	-0.49794904	0.31925047	12.58915532	-0.49801856
0.33727234	12.65060246	-0.66776411	0.33733767	12.65061961	-0.66780863
0.34439458	12.63311053	-0.69030320	0.34445613	12.63312737	-0.69034541
0.32156781	12.57496729	-0.51274366	0.32164574	12.57497146	-0.51281188
0.35386311	12.55533038	-0.55319987	0.35393607	12.55533453	-0.55326329
0.37357764	12.61448532	-0.74064577	0.37363015	12.61449947	-0.74068376
0.32885946	12.44003845	-0.40136131	0.32893106	12.44002758	-0.40143524
0.29658158	12.48685438	-0.37832711	0.29665972	12.48684629	-0.37840863
0.29091317	12.49097697	-0.37355665	0.29099314	12.49097013	-0.37364246
0.24339103	12.47658427	-0.35750719	0.24346940	12.47657755	-0.35759641
0.44691487	12.55390401	-0.61481295	0.44698046	12.55390145	-0.61486945
0.43960316	12.62185128	-0.81592486	0.43964448	12.62185559	-0.81595720
0.43534127	12.41169798	-0.44789401	0.43540389	12.41168247	-0.44795429
0.13940887	12.63983568	-0.41209292	0.13949601	12.63985131	-0.41217189
0.16552065	12.71075028	-0.53380155	0.16560271	12.71077772	-0.53385851
0.12082917	12.52185779	-0.29710379	0.12090822	12.52184935	-0.29720724
0.16561549	13.14501057	-0.39525253	0.16573889	13.14502828	-0.39526481
0.26141061	13.03008812	-0.13004825	0.26153657	13.03006804	-0.13007754
0.30076889	12.91595959	-0.08900417	0.30088834	12.91593271	-0.08905223
0.32993325	12.73601861	-0.09491537	0.33004264	12.73599164	-0.09498347
0.34989406	12.55680972	-0.12497062	0.34998901	12.55678735	-0.12505281
0.24273324	12.85913207	-0.81575109	0.24280545	12.85916857	-0.81578171
0.34033653	12.37471970	-0.18695157	0.34039903	12.37471272	-0.18701696
0.17836762	13.06180892	-0.58940494	0.17847759	13.06184485	-0.58942776
0.20400861	12.99204679	-0.68956628	0.20410661	12.99208461	-0.68959406
0.89615515	11.96042042	-0.57188472	0.89613687	11.96038411	-0.57191574
0.82724123	12.01970097	-0.45668442	0.82724304	12.01970094	-0.45668535
0.93957547	11.92335394	-0.70589912	0.93954513	11.92330284	-0.70594405
0.74514047	12.33116599	-1.28742270	0.74509615	12.33113840	-1.28745985
0.46143298	12.61931276	-1.16638453	0.46143167	12.61930772	-1.16638560
0.35382011	12.65810501	-1.05855101	0.35382607	12.65811463	-1.05855676
0.28775625	12.66219967	-0.96059892	0.28776909	12.66222430	-0.96060860
0.27387055	12.69239454	-0.89974953	0.27389988	12.69242325	-0.89976750
0.25768758	12.70373593	-0.88698858	0.25772901	12.70376674	-0.88701558
0.20941320	12.68969032	-0.86907731	0.20945512	12.68972664	-0.86910594
0.12133387	12.71168128	-0.75496239	0.12139223	12.71172779	-0.75499839
0.01339074	12.74494314	-0.62501792	0.01346718	12.74499325	-0.62505973
-0.19487767	12.78525436	-0.55947743	-0.19478834	12.78531750	-0.55951730
-0.29802619	12.82694282	-0.60924383	-0.29793332	12.82702044	-0.60927649
-0.48207200	12.88884527	-0.69556632	-0.48197453	12.88894901	-0.69558467
-0.56424497	12.89155176	-0.68393018	-0.56414600	12.89165872	-0.68394569
-0.70975955	12.85893556	-0.54181746	-0.70965410	12.85902063	-0.54183322
-0.18607401	12.52399593	-0.11736810	-0.18597011	12.52399060	-0.11745783
0.14319247	12.35423504	-0.14276730	0.14326821	12.35420836	-0.14287743
0.31108101	12.38319279	-0.22530760	0.31114774	12.38318402	-0.22538307
0.38387219	12.29388221	-0.19607468	0.38389732	12.29388381	-0.19610402
0.46964342	12.23725286	-0.23928037	0.46965900	12.23725173	-0.23929607
0.71422946	12.09181050	-0.37190766	0.71423393	12.09181009	-0.37191167
0.29754048	12.51407255	-0.37156460	0.29762192	12.51406507	-0.37164803
0.58608259	12.77768676	-0.54266209	0.58617212	12.77767573	-0.54271577
0.30732015	12.98955835	-0.53122815	0.30742783	12.98957657	-0.53126331
0.03619061	12.99444828	-0.26356417	0.03630943	12.99445646	-0.26358777
0.10463522	13.07720905	-0.30835777	0.10475754	13.07721952	-0.30837422
0.32181645	12.86828931	-0.29588313	0.32192691	12.86828688	-0.29593471
0.03292736	12.96775722	-0.42212318	0.03303633	12.96778749	-0.42214962
0.12641826	13.04554904	-0.41799989	0.12653337	13.04557317	-0.41802173
0.36878119	12.82398587	-0.69465568	0.36886204	12.82400374	-0.69469470
0.16088463	13.02810504	-0.18012079	0.16100928	13.02809512	-0.18014721
0.22222003	12.81587892	-0.79491788	0.22228798	12.81591683	-0.79494982
0.33204277	12.75851614	-0.53266175	0.33212974	12.75852923	-0.53271140
0.33070764	12.88744556	-0.84250259	0.33078170	12.88746982	-0.84253534
0.39613994	12.43553491	-0.24755450	0.39621186	12.43551979	-0.24762302
0.24808620	13.04695237	-0.44730812	0.24820147	13.04696974	-0.44733642
0.47842342	12.68501368	-0.66885243	0.47849440	12.68501548	-0.66889866
0.70001073	12.74917135	-0.77374234	0.70007844	12.74914910	-0.77379730
0.33027544	12.93927730	-0.20135229	0.33039371	12.93926472	-0.20139655
-0.42464233	12.90948838	-0.24486884	-0.42452646	12.90951505	-0.24488261
0.15660849	13.08091082	-0.24919614	0.15673362	13.08091047	-0.24921508
0.32623115	12.94697269	-0.68882491	0.32632455	12.94699618	-0.68885849
-0.51174538	12.90928258	-0.28501878	-0.51163078	12.90931925	-0.28503029
0.23169172	13.03133498	-0.32913519	0.23181124	13.03134185	-0.32916468
0.29228803	12.45878519	-0.20389796	0.29236791	12.45876952	-0.20398640
0.12247399	13.09872435	-0.37034209	0.12259496	13.09874211	-0.37035688
0.21344850	13.07764554	-0.48938804	0.21356416	13.07766959	-0.48941130
0.25743047	12.61193500	-0.24816741	0.25753163	12.61192131	-0.24826803
0.17074885	12.93792616	-0.50972226	0.17085195	12.93795695	-0.50975660
0.27973277	12.89183175	-0.83245365	0.27980814	12.89186360	-0.83248427
0.28630538	12.84109219	-0.83567521	0.28637252	12.84112255	-0.83570496
0.23425422	13.02244556	-0.54536138	0.23436342	13.02247271	-0.54539084
0.37902686	12.79887744	-0.19967899	0.37913724	12.79886411	-0.19973784
0.50023695	12.59193656	-0.43465791	0.50031759	12.59192549	-0.43471832
0.30682485	12.76139179	-0.88814362	0.30686970	12.76141587	-0.88816634
0.16404174	12.96546521	-0.64476993	0.16413878	12.96550499	-0.64479888
0.39286129	12.37544305	-0.22417162	0.39292110	12.37542997	-0.22423128
0.36029621	12.48332444	-0.31485049	0.36037507	12.48331188	-0.31492664
0.19810123	12.86776425	-0.18846288	0.19821704	12.86775541	-0.18851621
0.39055296	12.73044798	-0.91034156	0.39058759	12.73045686	-0.91036093
0.29877156	12.79370537	-0.84967774	0.29882902	12.79373268	-0.84970466
0.14891216	13.11342045	-0.28135352	0.14903793	13.11342487	-0.28136785
0.41738358	12.60620340	-0.24953114	0.41747756	12.60618692	-0.24960181
0.21758396	12.86091365	-0.77161258	0.21766060	12.86095257	-0.77164480
0.42935074	12.71349007	-0.82783366	0.42940110	12.71349811	-0.82786597
0.82884793	12.74462965	-0.86917212	0.82890821	12.74459373	-0.86923443
0.56750162	12.79132969	-0.92813415	0.56755365	12.79132027	-0.92817512
0.34390198	12.68550943	-0.20132811	0.34400665	12.68549456	-0.20140315
0.25415461	12.76228570	-0.18387496	0.25426738	12.76227380	-0.18395193
