0.84799003	12.73724673	-0.41996520	0.84723469	12.73748676	-0.41981405
0.81901476	12.87531921	-0.44860249	0.81818371	12.87552568	-0.44845711
0.89560671	12.83431483	-0.54657707	0.89491272	12.83459524	-0.54635470
0.92769784	12.70122868	-0.53203511	0.92708723	12.70153803	-0.53180451
0.77663818	12.96613961	-0.50895114	0.77580325	12.96631644	-0.50883040
0.85714142	12.92033593	-0.58954489	0.85642937	12.92058929	-0.58934388
0.90674374	12.87759134	-0.64974747	0.90612946	12.87788447	-0.64950909
0.94517671	12.80779178	-0.64397238	0.94460807	12.80811457	-0.64370999
0.97930275	12.67878007	-0.64496870	0.97881976	12.67912799	-0.64469220
0.71682987	12.76680029	-1.16404771	0.71672819	12.76693557	-1.16398577
0.83916247	12.71648277	-1.14199604	0.83907051	12.71671159	-1.14184868
0.80733543	12.82295247	-1.07327884	0.80712602	12.82317198	-1.07315272
0.68518919	12.86902541	-1.09039078	0.68497765	12.86916379	-1.09036602
0.94018781	12.68291150	-1.07894444	0.94006733	12.68322424	-1.07871746
0.90677208	12.79394661	-1.02030089	0.90653455	12.79423677	-1.02009409
0.86697097	12.86237212	-0.96977693	0.86665891	12.86263956	-0.96959583
0.78821377	12.90317967	-0.98536361	0.78790174	12.90340536	-0.98524403
0.66622478	12.94897446	-0.99115701	0.66589350	12.94912321	-0.99113624
0.59250472	12.83385798	-0.20888139	0.59147499	12.83386143	-0.20897983
0.57427380	12.97089143	-0.25641206	0.57320971	12.97088757	-0.25649793
0.70847007	12.92344358	-0.34878138	0.70751392	12.92354982	-0.34874042
0.72996232	12.78410050	-0.30844156	0.72905713	12.78422686	-0.30840571
0.54388537	13.05733773	-0.34082729	0.54285272	13.05732665	-0.34092485
0.67243569	13.01383613	-0.42459400	0.67149547	13.01392419	-0.42457226
0.46680491	12.88156794	-1.06435706	0.46658211	12.88155601	-1.06450896
0.59325193	12.82747227	-1.13679444	0.59309558	12.82752995	-1.13684623
0.56224948	12.91989098	-1.06442511	0.56199599	12.91994869	-1.06449671
0.43792479	12.96409750	-0.98980823	0.43758044	12.96408264	-0.98998923
0.54164381	12.99455192	-0.96281817	0.54125614	12.99461899	-0.96290546
0.41659545	13.03355300	-0.88720011	0.41609940	13.03353993	-0.88740439
-0.01722921	12.98822971	-0.06797741	-0.01837601	12.98786853	-0.06852722
-0.14550786	13.00005736	-0.09001977	-0.14662284	12.99966666	-0.09064373
-0.14791146	13.07354320	-0.13649119	-0.14900799	13.07317281	-0.13708743
-0.02323754	13.07562469	-0.11183202	-0.02437518	13.07528024	-0.11235294
-0.26417689	13.00183807	-0.12629845	-0.26525282	13.00144803	-0.12697670
-0.26506978	13.06332109	-0.17465970	-0.26612620	13.06295424	-0.17531265
-0.26625099	13.10463261	-0.24012903	-0.26727213	13.10429701	-0.24076393
-0.14985132	13.12055460	-0.20261837	-0.15091628	13.12021132	-0.20319803
-0.02814075	13.12973492	-0.17766164	-0.02924680	13.12941562	-0.17816923
0.02832708	12.97506620	-0.59262031	0.02753922	12.97487447	-0.59316377
0.01325515	13.03743738	-0.56699806	0.01242774	13.03723549	-0.56753098
-0.06773687	13.03951613	-0.55644082	-0.06857558	13.03930965	-0.55701227
-0.05355534	12.98333208	-0.57215698	-0.05437282	12.98313104	-0.57274244
-0.00635587	13.09137247	-0.51950939	-0.00722844	13.09115578	-0.52003314
-0.08929348	13.08577472	-0.52066131	-0.09016183	13.08555319	-0.52122562
-0.18280846	13.07871006	-0.53678824	-0.18366751	13.07850209	-0.53740097
-0.16021231	13.03775264	-0.57275239	-0.16104990	13.03755887	-0.57337004
-0.14554789	12.98658595	-0.59027146	-0.14637229	12.98640274	-0.59090476
0.98666925	12.28982319	-0.67119726	0.98653008	12.29018054	-0.67093953
0.96649242	12.07086960	-0.68729155	0.96657282	12.07121479	-0.68708618
0.91356482	12.09750712	-0.55209419	0.91351827	12.09776708	-0.55193060
0.92756472	12.30442129	-0.53627429	0.92729360	12.30472420	-0.53607705
0.83522498	12.14720938	-0.43109203	0.83507044	12.14738387	-0.43099454
0.84170073	12.32945760	-0.41122385	0.84132497	12.32970337	-0.41110098
0.97983684	12.38103532	-1.14078873	0.97998640	12.38139642	-1.14053862
0.88494246	12.44139818	-1.21004733	0.88507725	12.44166991	-1.20986547
0.88070254	12.28191548	-1.23496042	0.88099887	12.28219196	-1.23478121
0.97277576	12.18972554	-1.15622399	0.97310351	12.19008902	-1.15598482
0.75755134	12.51730091	-1.23910079	0.75761006	12.51743700	-1.23900130
0.75408610	12.39714724	-1.27059517	0.75428457	12.39729324	-1.27049774
0.86868837	12.17718536	-1.24284731	0.86909313	12.17744770	-1.24267208
0.95409589	12.05507356	-1.15438763	0.95452983	12.05541931	-1.15415989
0.99208285	12.49884554	-0.65632276	0.99175067	12.49921089	-0.65604381
0.93492456	12.51468390	-0.53008407	0.93446034	12.51499788	-0.52985746
0.85011741	12.54298384	-0.40849746	0.84950322	12.54323983	-0.40836287
0.86805950	12.58781465	-1.18322074	0.86806285	12.58805581	-1.18305208
0.96708964	12.54537631	-1.11713939	0.96709368	12.54571552	-1.11689433
0.74282598	12.64509184	-1.20849624	0.74281118	12.64522366	-1.20841078
0.59736649	12.42037695	-0.22661295	0.59674150	12.42050525	-0.22673372
0.59674679	12.63468914	-0.20422016	0.59582974	12.63473620	-0.20436303
0.73044149	12.58535083	-0.29799961	0.72965238	12.58551718	-0.29801689
0.72516311	12.37136847	-0.30876610	0.72466387	12.37155125	-0.30876105
0.46872268	12.70469826	-1.15095187	0.46868945	12.70465256	-1.15099672
0.61208948	12.61503610	-1.21944877	0.61209226	12.61505209	-1.21943814
0.60873353	12.71932857	-1.18603700	0.60869103	12.71937379	-1.18604291
0.47347131	12.78867570	-1.11756357	0.47334587	12.78864895	-1.11766584
0.58630765	12.17500572	-0.30182419	0.58626010	12.17505188	-0.30182286
0.59577162	12.28118125	-0.26293241	0.59544363	12.28131073	-0.26297179
0.72219960	12.21666264	-0.33783790	0.72195547	12.21681585	-0.33781684
0.60093838	12.48689923	-1.25187569	0.60101544	12.48690059	-1.25188284
0.60698426	12.53432183	-1.24358619	0.60702698	12.53433191	-1.24358730
0.46272224	12.64899865	-1.16650760	0.46271999	12.64895047	-1.16652971
-0.00899222	12.71036656	-0.06747892	-0.01005658	12.71000839	-0.06812239
-0.15753007	12.77900343	-0.07467100	-0.15860900	12.77859672	-0.07539372
-0.14757547	12.90181405	-0.07192919	-0.14868131	12.90141326	-0.07259416
-0.00939065	12.86477586	-0.05646620	-0.01051155	12.86441250	-0.05705965
-0.29336103	12.83029487	-0.09915264	-0.29442571	12.82988057	-0.09992822
-0.27471760	12.92539717	-0.10284213	-0.27579565	12.92499155	-0.10355945
0.02431790	12.84564496	-0.62198973	0.02360524	12.84546081	-0.62258086
0.03047913	12.91100097	-0.60923381	0.02972628	12.91081502	-0.60979821
-0.05068454	12.92156479	-0.58162408	-0.05147696	12.92137018	-0.58223372
-0.05899470	12.85681039	-0.58579702	-0.05977248	12.85662610	-0.58644089
-0.14242542	12.92931631	-0.59861016	-0.14324056	12.92914375	-0.59927041
-0.15219843	12.86854239	-0.59760387	-0.15300521	12.86837925	-0.59830997
-0.03827809	12.41473824	-0.12249860	-0.03913529	12.41438449	-0.12321418
-0.17864295	12.63192604	-0.09283026	-0.17966385	12.63152441	-0.09362336
-0.02357420	12.53980666	-0.09179885	-0.02452998	12.53945727	-0.09248499
-0.33006083	12.62496610	-0.13150350	-0.33107946	12.62456418	-0.13240553
-0.31630996	12.71263112	-0.11121947	-0.31735595	12.71221663	-0.11206897
0.01432985	12.77939416	-0.63399180	0.01365426	12.77921291	-0.63461276
-0.07843496	12.79046785	-0.58315482	-0.07920926	12.79029589	-0.58385460
-0.09632529	12.76344859	-0.56319071	-0.09712763	12.76327562	-0.56392564
-0.17631167	12.80605395	-0.58571794	-0.17713070	12.80589903	-0.58648703
-0.38639349	12.99915280	-0.17549946	-0.38742658	12.99878886	-0.17622735
-0.37852377	13.04942845	-0.22116574	-0.37953640	13.04909045	-0.22186561
-0.49617925	12.99259811	-0.23206548	-0.49716488	12.99228167	-0.23282283
-0.47642386	13.03344088	-0.27298571	-0.47739460	13.03314204	-0.27372070
-0.45432208	13.06679726	-0.32319555	-0.45527516	13.06651990	-0.32390889
-0.36858671	13.08661579	-0.28024225	-0.36957389	13.08630562	-0.28092354
-0.26454062	13.03558611	-0.59223981	-0.26538110	13.03542350	-0.59290147
-0.25019112	12.99041183	-0.61728430	-0.25102252	12.99026523	-0.61796326
-0.28477408	13.07194219	-0.55172437	-0.28563146	13.07175852	-0.55237659
-0.37942676	13.06344105	-0.56028176	-0.38028870	13.06328449	-0.56096317
-0.36456487	13.03226924	-0.60520686	-0.36541417	13.03213865	-0.60589759
-0.35497457	12.99398284	-0.63910119	-0.35582105	12.99387421	-0.63980897
-0.25159250	12.94194249	-0.63320800	-0.25242028	12.94181093	-0.63391402
-0.36248430	12.95511051	-0.66392422	-0.36332750	12.95502508	-0.66465756
-0.37727951	12.91781075	-0.67806052	-0.37813354	12.91774094	-0.67881886
-0.26437763	12.89245187	-0.63781891	-0.26521078	12.89233349	-0.63856407
-0.54047062	12.88689146	-0.19164194	-0.54148265	12.88656819	-0.19245405
-0.56058821	12.76491845	-0.19742704	-0.56162226	12.76460588	-0.19830045
-0.63665985	12.80193203	-0.25481758	-0.63768328	12.80169371	-0.25566962
-0.61848161	12.89791192	-0.25384323	-0.61947428	12.89766425	-0.25465723
-0.56873200	12.66024131	-0.21492074	-0.56978982	12.65994112	-0.21584886
-0.64406267	12.71936001	-0.26684717	-0.64512574	12.71913502	-0.26772260
-0.69240535	12.78935075	-0.33683438	-0.69343607	12.78919002	-0.33768913
-0.68608226	12.84163174	-0.33093283	-0.68708236	12.84146261	-0.33177205
-0.67003887	12.90471446	-0.33240851	-0.67101396	12.90453709	-0.33322487
-0.45927258	12.64989540	-0.16715428	-0.46030836	12.64953101	-0.16808776
-0.44803321	12.74606093	-0.14795374	-0.44907046	12.74568127	-0.14883041
-0.42578697	12.86532983	-0.13934976	-0.42682540	12.86494662	-0.14015562
-0.47311933	12.93365263	-0.68894555	-0.47398281	12.93362504	-0.68971712
-0.48006819	12.90666942	-0.69957509	-0.48093741	12.90665601	-0.70036603
-0.38946247	12.88451195	-0.67994081	-0.39032516	12.88444895	-0.68072082
-0.55969809	12.93890213	-0.66895180	-0.56057649	12.93886907	-0.66973763
-0.56449389	12.91222311	-0.68377753	-0.56537039	12.91220228	-0.68457975
-0.40028254	12.86770311	-0.66955689	-0.40115011	12.86763517	-0.67035356
-0.28410342	12.84424583	-0.63005886	-0.28494639	12.84413360	-0.63084936
0.89734295	12.88572668	-0.90099632	0.89695486	12.88601603	-0.90078030
0.79715853	12.95255027	-0.88728139	0.79672370	12.95277868	-0.88714331
0.91344018	12.90014092	-0.81219092	0.91296229	12.90043986	-0.81195478
0.81807522	12.97244943	-0.78267990	0.81752932	12.97268546	-0.78251543
0.70738084	13.02793431	-0.74173188	0.70676153	13.02809728	-0.74165309
0.67818023	13.00378386	-0.87097102	0.67770277	13.00394289	-0.87092508
0.91414332	12.89632715	-0.72028399	0.91358467	12.89662716	-0.72004105
0.83470030	12.96372518	-0.67608723	0.83405096	12.96396629	-0.67590420
0.73974918	13.01607575	-0.61443240	0.73899010	13.01624265	-0.61433438
0.99964104	12.67246189	-0.98405029	0.99946022	12.67283112	-0.98377307
0.96144986	12.79396610	-0.93905661	0.96114809	12.79430395	-0.93880027
1.02232914	12.67301222	-0.87260923	1.02205824	12.67339871	-0.87230466
0.98087411	12.80340589	-0.84217585	0.98048754	12.80375807	-0.84189488
1.01322287	12.67209110	-0.75928296	1.01285323	12.67247010	-0.75897932
0.97455767	12.80297697	-0.74278364	0.97408220	12.80332128	-0.74250174
0.55772432	13.04904627	-0.82627490	0.55716671	13.04912386	-0.82633637
0.59376721	13.07467169	-0.67735170	0.59303574	13.07475016	-0.67738803
0.46950893	13.11313931	-0.59517540	0.46867617	13.11313145	-0.59531914
0.43303456	13.08666208	-0.74723862	0.43236766	13.08665730	-0.74741659
0.63312995	13.06348283	-0.53913877	0.63226665	13.06356017	-0.53914127
0.50764364	13.10401703	-0.45695962	0.50668472	13.10400242	-0.45707748
-0.38793676	13.08088129	-0.50236527	-0.38881854	13.08068950	-0.50304441
-0.47142435	13.06260877	-0.51492277	-0.47230444	13.06245259	-0.51563302
-0.45151227	13.05122682	-0.55729910	-0.45238099	13.05109027	-0.55800811
-0.40000733	13.08690834	-0.43932253	-0.40091149	13.08668290	-0.44000723
-0.49359662	13.06448077	-0.47040267	-0.49449021	13.06430517	-0.47111913
-0.57795742	13.03825104	-0.49951439	-0.57885092	13.03811958	-0.50026110
-0.54033290	13.04023447	-0.53208641	-0.54121713	13.04010979	-0.53282363
-0.50263735	13.03860212	-0.55832312	-0.50351248	13.03848141	-0.55905160
-0.42549589	13.08344949	-0.37911536	-0.42642766	13.08319594	-0.37981151
-0.50742518	13.06023269	-0.41904636	-0.50833676	13.06003006	-0.41977031
-0.52236503	13.04567477	-0.36816405	-0.52329723	13.04544896	-0.36889928
-0.56793561	13.02879121	-0.40046851	-0.56885540	13.02860022	-0.40122034
-0.57979890	13.03398405	-0.44904054	-0.58070581	13.03382455	-0.44979091
-0.02216895	13.13019079	-0.43749311	-0.02310564	13.12995087	-0.43801085
-0.11380016	13.11788628	-0.45003365	-0.11471715	13.11763622	-0.45059960
-0.03164852	13.15156889	-0.34212059	-0.03265120	13.15130223	-0.34263205
-0.13473013	13.13547647	-0.36347418	-0.13570166	13.13519450	-0.36404478
-0.23580182	13.11843918	-0.39455487	-0.23673984	13.11816974	-0.39517220
-0.20975676	13.10503220	-0.47296160	-0.21065208	13.10479922	-0.47357452
-0.03228155	13.15325036	-0.25495643	-0.03334185	13.15295556	-0.25546263
-0.14613076	13.13876723	-0.27965976	-0.14715319	13.13845348	-0.28023279
-0.25565064	13.12064095	-0.31500490	-0.25663338	13.12034010	-0.31562870
0.99186308	11.97615365	-1.05797352	0.99230100	11.97653780	-1.05773852
1.01404140	12.12110975	-1.05597048	1.01436042	12.12151212	-1.05570902
0.99420544	11.93121654	-0.95253316	0.99462114	11.93160986	-0.95230650
1.01975813	12.07790749	-0.94172081	1.02003308	12.07831462	-0.94146110
1.03834899	12.29565874	-0.92616650	1.03841834	12.29607295	-0.92586878
1.02726502	12.33024169	-1.04211187	1.02738988	12.33064376	-1.04182489
0.97529094	11.91465953	-0.83360640	0.97562489	11.91502690	-0.83340863
1.00283647	12.06265619	-0.81832969	1.00302583	12.06304541	-0.81808808
1.02424782	12.28463749	-0.80184363	1.02422529	12.28503820	-0.80155437
1.02231687	12.51601937	-1.01773146	1.02227797	12.51640966	-1.01744081
1.04062506	12.49855682	-0.90248422	1.04050577	12.49896014	-0.90217209
1.02895843	12.49312833	-0.78121852	1.02874276	12.49352200	-0.78090920
-0.64570729	12.93357479	-0.61647836	-0.64660663	12.93349998	-0.61727767
-0.65251112	12.90378699	-0.62845048	-0.65341303	12.90371331	-0.62925902
-0.70348482	12.92329591	-0.53661991	-0.70441069	12.92322410	-0.53743044
-0.71396829	12.88711239	-0.54264872	-0.71490541	12.88704638	-0.54346698
-0.65433559	12.88038565	-0.62987887	-0.65524080	12.88031351	-0.63069466
-0.70511513	12.91342929	-0.43439054	-0.70606437	12.91332438	-0.43520601
-0.71863300	12.86833756	-0.43536865	-0.71960183	12.86823827	-0.43620390
-0.72162038	12.83263675	-0.43712746	-0.72260519	12.83253883	-0.43797761
-0.30102262	13.09386429	-0.48938473	-0.30190728	13.09364839	-0.49003451
-0.31923468	13.10356900	-0.41698971	-0.32015795	13.10331908	-0.41764429
-0.34527795	13.10289640	-0.34647555	-0.34623219	13.10261518	-0.34713963
-0.59831458	12.95030632	-0.26653791	-0.59928829	12.95005472	-0.26732695
-0.51796263	12.95318008	-0.20406953	-0.51896000	12.95285557	-0.20484770
-0.65236495	12.94490750	-0.34160589	-0.65332257	12.94472549	-0.34240385
-0.62916530	12.97450350	-0.35845479	-0.63010769	12.97431830	-0.35923854
-0.57523089	12.98231362	-0.29084411	-0.57619313	12.98206531	-0.29161659
-0.40348116	12.94372121	-0.14850643	-0.40452182	12.94334313	-0.14926676
-0.46002684	12.96461936	-0.67053617	-0.46088547	12.96457011	-0.67128715
-0.44809302	12.99688367	-0.64228921	-0.44894832	12.99680566	-0.64302065
-0.53221318	12.99601160	-0.62513358	-0.53308633	12.99594166	-0.62588476
-0.54818043	12.96766477	-0.65111702	-0.54905605	12.96761529	-0.65188545
-0.66209205	12.98041980	-0.52494331	-0.66300034	12.98032978	-0.52573020
-0.68644630	12.95296497	-0.53125645	-0.68736273	12.95288497	-0.53205578
-0.63191006	12.96184863	-0.60367037	-0.63280641	12.96177157	-0.60445847
-0.61099080	12.98900164	-0.58585644	-0.61188383	12.98891642	-0.58663187
-0.62999559	13.00955614	-0.51602700	-0.63089566	13.00945015	-0.51679546
-0.58366321	13.01532998	-0.55886943	-0.58455251	13.01522840	-0.55962864
-0.51399160	13.02164866	-0.58582119	-0.51486532	13.02154692	-0.58655755
-0.68763022	12.94661232	-0.43695535	-0.68856678	12.94650101	-0.43775613
-0.66323632	12.97468902	-0.44288143	-0.66416135	12.97456820	-0.44366948
-0.59690997	13.00560122	-0.38281009	-0.59783952	13.00541472	-0.38357549
-0.62949113	13.00475481	-0.45193754	-0.63040447	13.00461899	-0.45270778
-0.54746434	13.01693461	-0.32507079	-0.54841243	13.01669432	-0.32582333
-0.44449986	13.02755886	-0.60216165	-0.44535903	13.02744923	-0.60287728
0.17772791	13.11965976	-0.18650068	0.17659569	13.11941224	-0.18688426
0.14826428	13.15837509	-0.27180702	0.14718596	13.15813899	-0.27220223
0.17593452	13.14627573	-0.28649719	0.17486707	13.14605456	-0.28687426
0.20966386	13.10636240	-0.19802476	0.20853764	13.10613015	-0.19839059
0.12800130	13.16550922	-0.36694522	0.12698787	13.16529291	-0.36735112
0.15409581	13.15421142	-0.38384901	0.15309269	13.15400703	-0.38424118
0.18049532	13.13738781	-0.29651041	0.17943627	13.13717028	-0.29688623
0.21403551	13.09796766	-0.20443209	0.21291504	13.09773877	-0.20479822
0.18712046	13.14509079	-0.29754897	0.18605836	13.14487702	-0.29791669
0.21942004	13.10446284	-0.19927425	0.21829157	13.10423697	-0.19963630
0.16815186	13.15233269	-0.40095959	0.16715797	13.15213808	-0.40134477
0.21215433	13.15817451	-0.42680073	0.21117092	13.15800353	-0.42715619
0.23351251	13.15043686	-0.31535968	0.23244948	13.15024816	-0.31569909
0.26526806	13.10780301	-0.20999172	0.26413979	13.10760053	-0.21031657
0.25285988	12.93294048	-0.06647653	0.25169543	12.93269420	-0.06685558
0.21609401	13.04944187	-0.11191275	0.21492645	13.04919199	-0.11228712
0.25222229	13.03665197	-0.12325556	0.25106194	13.03642062	-0.12360814
0.29235408	12.91965615	-0.07954299	0.29119953	12.91943379	-0.07989548
0.26242487	13.03465825	-0.12372003	0.26126371	13.03443314	-0.12406493
0.30353376	12.91776936	-0.08291479	0.30238013	12.91755499	-0.08325873
0.30759092	13.03317158	-0.13097305	0.30642629	13.03296950	-0.13128522
0.34727240	12.91000022	-0.08873880	0.34612245	12.90981201	-0.08904769
0.37272270	12.72113127	-0.09306884	0.37166229	12.72096782	-0.09341018
0.33271225	12.73478206	-0.08875206	0.33164468	12.73459185	-0.08912472
0.39049945	12.52605139	-0.12392536	0.38959335	12.52596293	-0.12427222
0.35295685	12.55001762	-0.11936537	0.35202755	12.54988799	-0.11974417
0.32134839	12.73696033	-0.08405832	0.32027649	12.73676216	-0.08444080
0.34076262	12.55277619	-0.11450214	0.33982491	12.55263534	-0.11489238
0.29509110	12.56646985	-0.09658554	0.29412454	12.56628893	-0.09702368
0.27933917	12.75431675	-0.06812642	0.27824953	12.75408905	-0.06854130
0.26519182	12.78307355	-0.92100847	0.26493225	12.78295271	-0.92134414
0.25498558	12.85334641	-0.89625442	0.25462546	12.85323010	-0.89661792
0.23557548	12.85925970	-0.83725902	0.23513820	12.85914609	-0.83765030
0.24652488	12.79842543	-0.86090037	0.24616746	12.79831546	-0.86127826
0.23939207	12.92544236	-0.84592919	0.23892182	12.92533059	-0.84631177
0.21940820	12.92382303	-0.79028977	0.21887911	12.92370432	-0.79068812
0.22584692	12.91943049	-0.77244010	0.22530147	12.91931769	-0.77283034
0.24731832	12.80426424	-0.84014112	0.24693203	12.80416665	-0.84051478
0.21921572	12.85967654	-0.82290441	0.21876136	12.85956885	-0.82331492
0.22434713	12.80236978	-0.84590472	0.22397146	12.80226270	-0.84630880
0.20832445	12.92334665	-0.78052719	0.20778492	12.92322789	-0.78093433
0.16767431	12.93556544	-0.76603668	0.16710903	12.93543142	-0.76648154
0.17561551	12.86830067	-0.80462622	0.17513223	12.86817375	-0.80508244
0.17772872	12.80471641	-0.82579375	0.17731542	12.80459168	-0.82625787
0.27042835	12.71275271	-0.94584228	0.27028168	12.71259824	-0.94611891
0.25437875	12.73717561	-0.88501153	0.25410916	12.73706506	-0.88536716
0.25601352	12.75286611	-0.86270899	0.25569817	12.75276969	-0.86307088
0.27386930	12.71633901	-0.87574989	0.27361067	12.71624531	-0.87607230
0.23338091	12.74472929	-0.87269567	0.23308276	12.74462655	-0.87309212
0.18446633	12.73712743	-0.85542439	0.18413677	12.73700173	-0.85588930
0.27945801	12.32698892	-0.16453787	0.27880308	12.32684042	-0.16493557
0.29679022	12.42355839	-0.13072135	0.29599647	12.42340789	-0.13113072
0.34470967	12.42209490	-0.14680019	0.34395060	12.42200452	-0.14714485
0.33049278	12.35254197	-0.17924769	0.32986818	12.35243620	-0.17956285
0.34869559	12.43470667	-0.15407915	0.34792810	12.43461673	-0.15442477
0.35851449	12.41522202	-0.15177994	0.35777695	12.41515741	-0.15210665
0.34551023	12.34725293	-0.18533027	0.34499556	12.34718363	-0.18559225
0.39597176	12.38227919	-0.15997666	0.39531912	12.38229311	-0.16024588
0.11739942	13.14044999	-0.47223770	0.11646609	13.14025751	-0.47266168
0.14732645	13.12714977	-0.48624143	0.14640660	13.12696671	-0.48664831
0.12106566	13.08837948	-0.58048954	0.12023580	13.08820884	-0.58092915
0.15636139	13.07306819	-0.59113444	0.15554681	13.07290885	-0.59155286
0.15934125	13.11585114	-0.49297583	0.15842923	13.11567206	-0.49337848
0.16514589	13.12224950	-0.49308855	0.16423016	13.12207271	-0.49348587
0.17541678	13.06635006	-0.58730328	0.17460013	13.06619583	-0.58771045
0.20173259	13.07179896	-0.62654471	0.20095039	13.07166224	-0.62692949
0.20064899	13.12808571	-0.52550032	0.19975225	13.12792732	-0.52587561
0.21802828	13.00140871	-0.74487510	0.21740691	13.00129044	-0.74526332
0.19635566	12.99657726	-0.69684913	0.19568579	12.99644796	-0.69725409
0.18197935	12.99968948	-0.69642744	0.18130753	12.99955534	-0.69684639
0.14363448	13.01449136	-0.68523228	0.14294110	13.01434376	-0.68568289
0.39087686	13.09022421	-0.26333168	0.38977583	13.09009923	-0.26356136
0.42598648	13.00963805	-0.17955496	0.42484886	13.00951430	-0.17977373
0.45441524	12.87889208	-0.13344469	0.45330311	12.87878251	-0.13366793
0.31117475	12.99086494	-0.86316424	0.31068215	12.99079445	-0.86346807
0.33549028	12.91266784	-0.95225984	0.33513608	12.91259326	-0.95253473
0.29265930	13.06022060	-0.75109510	0.29201204	13.06013452	-0.75140757
0.13290809	12.96064954	-0.06140959	0.13174594	12.96034421	-0.06186933
0.11116932	13.06495057	-0.10589444	0.11000962	13.06465202	-0.10633554
0.08974955	13.12857137	-0.17589072	0.08862183	13.12828777	-0.17632779
0.08550207	13.02805896	-0.62608627	0.08473444	13.02788747	-0.62657319
0.06520354	13.09336418	-0.54806910	0.06434702	13.09317177	-0.54854579
0.10487980	12.95602663	-0.68050448	0.10420514	12.95587035	-0.68099733
0.46899119	12.68384521	-0.13379404	0.46797472	12.68375994	-0.13406223
0.47901057	12.47536008	-0.16237223	0.47821115	12.47538841	-0.16262680
0.34500486	12.83169592	-1.00496983	0.34478242	12.83161356	-1.00519358
0.34623146	12.75638379	-1.03390207	0.34610560	12.75626171	-1.03408061
0.48147255	12.33833066	-0.20006455	0.48101341	12.33843835	-0.20020036
0.34537252	12.69629492	-1.05239583	0.34534442	12.69615680	-1.05251581
0.15442657	12.47077124	-0.10777230	0.15354191	12.47049932	-0.10833402
0.16018418	12.62683906	-0.07812617	0.15916995	12.62656275	-0.07867344
0.10697595	12.75513477	-0.75074540	0.10647339	12.75497602	-0.75130184
0.10712585	12.82382133	-0.72693775	0.10655605	12.82366758	-0.72747437
0.15116128	12.80609831	-0.05711392	0.15005290	12.80580101	-0.05761315
0.10923891	12.88929351	-0.70880693	0.10861812	12.88914399	-0.70931655
0.32739379	13.14307309	-0.50171222	0.32646370	13.14296154	-0.50198175
0.30185967	13.11461945	-0.62870278	0.30105917	13.11452435	-0.62899805
0.35750157	13.13478536	-0.37548143	0.35647030	13.13467204	-0.37572626
0.06099894	13.16321747	-0.34810309	0.05998239	13.16297650	-0.34855464
0.05782213	13.13955639	-0.45029981	0.05688180	13.13934174	-0.45076341
0.07234211	13.16028732	-0.25668219	0.07126440	13.16002300	-0.25712336
0.88240533	11.96700841	-0.58425904	0.88254982	11.96722458	-0.58416535
0.81676000	12.01719950	-0.47386000	0.81676000	12.01719950	-0.47386000
0.92299953	11.93937899	-0.71295797	0.92323783	11.93968432	-0.71281205
0.91025069	12.00587513	-0.71779189	0.91041902	12.00616798	-0.71764108
0.87434507	12.05257567	-0.63140792	0.87440538	12.05281400	-0.63128015
0.80561399	12.11489948	-0.52852554	0.80555215	12.11504439	-0.52843490
0.95662947	11.93199989	-0.83716731	0.95694905	11.93234973	-0.83698098
0.97612434	11.94806518	-0.94851075	0.97652061	11.94844098	-0.94829690
0.94375028	12.06600471	-0.93186191	0.94402591	12.06634656	-0.93166199
0.92920687	12.03563431	-0.81425314	0.92941762	12.03595519	-0.81407384
0.97539020	11.99040480	-1.04169968	0.97580530	11.99077514	-1.04147456
0.94074768	12.06503878	-1.12867943	0.94115654	12.06537447	-1.12846117
0.91742502	12.12768328	-1.10633074	0.91776951	12.12799991	-1.10612839
0.94119798	12.10092148	-1.02971859	0.94151361	12.10126254	-1.02951021
0.86004828	12.18296214	-1.21997792	0.86043066	12.18321876	-1.21980953
0.74330732	12.33350486	-1.27086004	0.74357416	12.33364234	-1.27076731
0.74703996	12.36181757	-1.19911681	0.74723527	12.36196082	-1.19902247
0.85795426	12.22885023	-1.15730519	0.85824661	12.22910815	-1.15714066
0.60139467	12.48300020	-1.23776025	0.60146913	12.48300071	-1.23776840
0.47115284	12.61354354	-1.15278430	0.47116557	12.61350412	-1.15279881
0.49420000	12.61570000	-1.07906000	0.49420000	12.61570000	-1.07906000
0.61447000	12.50220000	-1.16283000	0.61447000	12.50220000	-1.16283000
0.38302159	12.64702119	-1.04998215	0.38303191	12.64694261	-1.05003210
0.33194348	12.64719658	-0.95742010	0.33190826	12.64708150	-0.95753332
0.37140000	12.64100070	-0.89641000	0.37140000	12.64100070	-0.89641000
0.41679000	12.64250090	-0.98287004	0.41679000	12.64250090	-0.98287004
0.31334530	12.67907102	-0.89851754	0.31318169	12.67897248	-0.89873903
0.30896189	12.70672700	-0.87130703	0.30871297	12.70665208	-0.87157187
0.33693838	12.69461461	-0.81409712	0.33661744	12.69457583	-0.81435377
0.34641343	12.66951549	-0.84143494	0.34616807	12.66948939	-0.84163592
0.29991365	12.69405243	-0.87534068	0.29967604	12.69397064	-0.87562220
0.25651676	12.68401851	-0.84631967	0.25622184	12.68392524	-0.84669784
0.29645169	12.68107864	-0.77671740	0.29606280	12.68100535	-0.77705815
0.33573799	12.68321417	-0.81281783	0.33541983	12.68317597	-0.81308410
0.14930001	12.71946330	-0.71865012	0.14877444	12.71931553	-0.71917277
0.01677751	12.77311791	-0.57820617	0.01603311	12.77293244	-0.57882518
0.02078391	12.81066220	-0.50115952	0.01996849	12.81044563	-0.50176036
0.17291137	12.73446391	-0.64322437	0.17227627	12.73431731	-0.64372691
-0.09994538	12.81601556	-0.51537961	-0.10078402	12.81580603	-0.51608418
-0.20742286	12.84800868	-0.51914981	-0.20828211	12.84780319	-0.51990286
-0.21084491	12.91639574	-0.45866978	-0.21174157	12.91614991	-0.45937154
-0.10207912	12.87535917	-0.44504349	-0.10296569	12.87510679	-0.44570496
-0.31259929	12.86858462	-0.57879810	-0.31346219	12.86843545	-0.57957768
-0.41124141	12.87981372	-0.64636816	-0.41211480	12.87973413	-0.64716014
-0.42787479	12.90750324	-0.59459705	-0.42875824	12.90738887	-0.59537993
-0.32208451	12.92162168	-0.52371967	-0.32296728	12.92143010	-0.52446600
-0.49933572	12.88328500	-0.67442588	-0.50021660	12.88325644	-0.67523640
-0.57903508	12.87992232	-0.66265293	-0.57991931	12.87988538	-0.66347519
-0.57824737	12.88228647	-0.62727040	-0.57914621	12.88222481	-0.62808834
-0.52166578	12.89098756	-0.62618989	-0.52256066	12.89092105	-0.62699758
-0.65314338	12.87156899	-0.61105840	-0.65405746	12.87149028	-0.61187588
-0.70238561	12.85517668	-0.53155275	-0.70334116	12.85510480	-0.53237569
-0.66529997	12.87127919	-0.50330058	-0.66624977	12.87118345	-0.50412451
-0.62790531	12.88071453	-0.58009116	-0.62882515	12.88062920	-0.58090669
-0.70745024	12.82771473	-0.43645104	-0.70843790	12.82760945	-0.43730135
-0.68071199	12.78064319	-0.34679914	-0.68174675	12.78048108	-0.34765672
-0.65909172	12.78722642	-0.35970529	-0.66011994	12.78705883	-0.36055938
-0.67123415	12.83393860	-0.41984514	-0.67222237	12.83380711	-0.42068768
-0.63414902	12.70606579	-0.28374978	-0.63522333	12.70584654	-0.28463173
-0.56068894	12.64535509	-0.23526703	-0.56175926	12.64506642	-0.23620401
-0.54306053	12.70468730	-0.26648576	-0.54411428	12.70441031	-0.26738524
-0.61905174	12.74828588	-0.31620066	-0.62010197	12.74807162	-0.31707091
-0.45377871	12.64032108	-0.18802202	-0.45481325	12.63996969	-0.18895902
-0.32672708	12.61959344	-0.15218204	-0.32773016	12.61919854	-0.15308096
-0.30888942	12.67332387	-0.18095839	-0.30989399	12.67294300	-0.18182243
-0.43485643	12.69784964	-0.21782224	-0.43588294	12.69751027	-0.21872103
-0.19009111	12.51519037	-0.13892083	-0.19102055	12.51479620	-0.13974480
-0.04136646	12.39948054	-0.14629962	-0.04219144	12.39912595	-0.14701632
-0.03889063	12.46921159	-0.17727141	-0.03973602	12.46886325	-0.17797557
-0.17847421	12.57792871	-0.16766277	-0.17941649	12.57754518	-0.16846314
0.12004358	12.33925589	-0.16649391	0.11932142	12.33897524	-0.16706716
0.24877776	12.32096174	-0.19134788	0.24814773	12.32078225	-0.19177863
0.22835328	12.38065152	-0.24342397	0.22770866	12.38043625	-0.24389471
0.11040258	12.40657708	-0.20778590	0.10966185	12.40628930	-0.20837232
0.29901933	12.35533640	-0.21222020	0.29841796	12.35518985	-0.21258368
0.28417267	12.43894718	-0.28193005	0.28349505	12.43874182	-0.28236581
0.27616685	12.41117668	-0.26799201	0.27551900	12.41097307	-0.26842134
0.31114855	12.34547272	-0.22446790	0.31066757	12.34529418	-0.22476746
0.34620000	12.27620000	-0.23202000	0.34620000	12.27620000	-0.23202000
0.31738133	12.33211648	-0.29213113	0.31697130	12.33189557	-0.29239425
0.28369043	12.39719846	-0.28280821	0.28310516	12.39696366	-0.28319671
0.44425997	12.21770000	-0.27141000	0.44425997	12.21770000	-0.27141000
0.57587000	12.16340070	-0.32883000	0.57587000	12.16340070	-0.32883000
0.56833109	12.24292175	-0.38342879	0.56810112	12.24293444	-0.38348537
0.42621661	12.28571533	-0.32883551	0.42593481	12.28564172	-0.32898167
0.70622003	12.08180000	-0.39380000	0.70622003	12.08180000	-0.39380000
0.69912180	12.18149683	-0.44769065	0.69896028	12.18158446	-0.44767581
0.76341575	12.39421545	-1.04821891	0.76348950	12.39439764	-1.04812184
0.86600388	12.24575081	-1.04681912	0.86620327	12.24602060	-1.04665098
0.78227907	12.37770198	-0.86007267	0.78222679	12.37789864	-0.85996591
0.87479810	12.22434139	-0.90633407	0.87491075	12.22461740	-0.90616695
0.79465931	12.26317147	-0.67240999	0.79454333	12.26336083	-0.67231525
0.87442269	12.15050430	-0.75421359	0.87447760	12.15077095	-0.75406462
0.53277427	12.60847915	-0.90331328	0.53263234	12.60853481	-0.90336034
0.64660613	12.52267487	-0.99069739	0.64655807	12.52276778	-0.99067609
0.56301918	12.53874980	-0.69219713	0.56266128	12.53877622	-0.69229977
0.67665584	12.47915498	-0.78145492	0.67645133	12.47927141	-0.78143917
0.56867384	12.38658205	-0.51197818	0.56829403	12.38659599	-0.51209779
0.69098710	12.34058152	-0.58943686	0.69072817	12.34068581	-0.58943181
-0.22173459	12.91136266	-0.37385488	-0.22267062	12.91107619	-0.37456174
-0.11586696	12.86822859	-0.35821906	-0.11680337	12.86794163	-0.35888560
-0.24329136	12.85323971	-0.28742901	-0.24426249	12.85291215	-0.28816974
-0.13663034	12.80359661	-0.27417201	-0.13759567	12.80326993	-0.27487530
-0.01941569	12.73624767	-0.30976213	-0.02033165	12.73595242	-0.31040353
0.00385715	12.80260512	-0.40526092	0.00297826	12.80234948	-0.40586972
-0.27699427	12.76266238	-0.22477106	-0.27799097	12.76230275	-0.22557196
-0.15932842	12.68999379	-0.21212372	-0.16029196	12.68963670	-0.21287856
-0.03252433	12.60389001	-0.23317344	-0.03341856	12.60355866	-0.23385345
-0.55763742	12.91107286	-0.54499391	-0.55855310	12.91096035	-0.54579701
-0.59164919	12.90449008	-0.45326719	-0.59259605	12.90433980	-0.45407762
-0.48942263	12.92464450	-0.39207735	-0.49037232	12.92441523	-0.39286612
-0.45620327	12.93775462	-0.49762338	-0.45711463	12.93758060	-0.49839792
-0.60809916	12.83217452	-0.37432399	-0.60909655	12.83198764	-0.37516390
-0.51910225	12.82234401	-0.31592498	-0.52010951	12.82208270	-0.31676247
-0.34012303	12.93630736	-0.42992930	-0.34104272	12.93606342	-0.43067137
-0.36698001	12.90066814	-0.33136063	-0.36793904	12.90037291	-0.33212901
-0.40253070	12.80288824	-0.26286821	-0.40353035	12.80256752	-0.26369713
0.29043718	12.63922415	-0.65350370	0.28986924	12.63911665	-0.65395732
0.33251578	12.63590193	-0.67663175	0.33200862	12.63581332	-0.67701955
0.26246530	12.57171996	-0.50433998	0.26161562	12.57153374	-0.50491979
0.30886002	12.57073396	-0.51439318	0.30801472	12.57055573	-0.51496441
0.31296921	12.58868829	-0.49880819	0.31211012	12.58850861	-0.49937964
0.33345529	12.65018623	-0.66819822	0.33293385	12.65009330	-0.66857065
0.34088807	12.63271345	-0.69071537	0.34041917	12.63262700	-0.69106901
0.31565695	12.57449430	-0.51346967	0.31485090	12.57431565	-0.51401241
0.34862935	12.55490009	-0.55365428	0.34793938	12.55474950	-0.55411287
0.37071769	12.61420085	-0.74088583	0.37034775	12.61414206	-0.74117522
0.32425410	12.43984939	-0.40107960	0.32366721	12.43964997	-0.40147654
0.29138009	12.48658184	-0.37812260	0.29068152	12.48636416	-0.37859598
0.28536109	12.49078679	-0.37330269	0.28461040	12.49058583	-0.37379670
0.23806124	12.47652944	-0.35691476	0.23734420	12.47630904	-0.35739940
0.44280999	12.55379180	-0.61462376	0.44228612	12.55372840	-0.61490191
0.43760012	12.62175926	-0.81570939	0.43735946	12.62174280	-0.81585136
0.43147216	12.41182185	-0.44737479	0.43100108	12.41172569	-0.44761378
0.13398184	12.63962582	-0.41178244	0.13317392	12.63940958	-0.41234004
0.16057904	12.71037456	-0.53398351	0.15983485	12.71020720	-0.53449194
0.11554071	12.52219017	-0.29614121	0.11475531	12.52192415	-0.29672246
0.16042886	13.14472236	-0.39609071	0.15943591	13.14452242	-0.39648280
0.25560482	13.03036343	-0.13038954	0.25445004	13.03013597	-0.13074088
0.29481366	12.91627442	-0.08891914	0.29366683	12.91605620	-0.08927121
0.32388424	12.73628445	-0.09453508	0.32282154	12.73609045	-0.09491659
0.34399728	12.55708494	-0.12436308	0.34306536	12.55694496	-0.12475117
0.23949920	12.85846653	-0.81635370	0.23903842	12.85836412	-0.81673942
0.33595543	12.37468560	-0.18651996	0.33533195	12.37458434	-0.18683652
0.17363372	13.06115745	-0.59009011	0.17282202	13.06100337	-0.59049928
0.19980531	12.99137742	-0.69018081	0.19913229	12.99124986	-0.69058412
0.89670842	11.96174909	-0.57079418	0.89685206	11.96197660	-0.57069363
0.82716181	12.01976304	-0.45664475	0.82714805	12.01977506	-0.45664105
0.94043322	11.92512730	-0.70433075	0.94068253	11.92544877	-0.70417657
0.74681265	12.33210906	-1.28635254	0.74709150	12.33225042	-1.28625736
0.46152221	12.61931509	-1.16644519	0.46153480	12.61926906	-1.16646615
0.35370468	12.65756364	-1.05872251	0.35370816	12.65744267	-1.05880993
0.28722551	12.66128264	-0.96107728	0.28716607	12.66112738	-0.96127300
0.27237528	12.69164555	-0.90040475	0.27218258	12.69152383	-0.90069845
0.25556728	12.70335469	-0.88771187	0.25532951	12.70326447	-0.88807769
0.20709022	12.68916240	-0.87000797	0.20681744	12.68904950	-0.87044855
0.11792771	12.71102243	-0.75596837	0.11745853	12.71086397	-0.75652159
0.00899203	12.74441758	-0.62585171	0.00831742	12.74424089	-0.62648981
-0.19970074	12.78490165	-0.56025311	-0.20053635	12.78473130	-0.56106000
-0.30282703	12.82651885	-0.61000495	-0.30367700	12.82639520	-0.61081769
-0.48676004	12.88837754	-0.69665821	-0.48763575	12.88836583	-0.69746336
-0.56893352	12.89132787	-0.68515092	-0.56980929	12.89130876	-0.68596711
-0.71468076	12.85951462	-0.54304691	-0.71563317	12.85945169	-0.54386770
-0.19223647	12.52485921	-0.11685511	-0.19318931	12.52446034	-0.11768131
0.13774083	12.35491890	-0.14174467	0.13698474	12.35464985	-0.14230622
0.30658091	12.38307998	-0.22474368	0.30597341	12.38292167	-0.22510702
0.38241920	12.29411992	-0.19547534	0.38224429	12.29417093	-0.19551381
0.46872376	12.23760823	-0.23901267	0.46861699	12.23767373	-0.23903711
0.71403767	12.09191837	-0.37178297	0.71402005	12.09194723	-0.37177975
0.29198179	12.51387768	-0.37146402	0.29121701	12.51367723	-0.37196442
0.58135670	12.77785189	-0.54185214	0.58065237	12.77788860	-0.54194682
0.30233368	12.98905214	-0.53144176	0.30149577	12.98892612	-0.53176070
0.03078026	12.99456656	-0.26432084	0.02975300	12.99428374	-0.26484712
0.09931300	13.07716144	-0.30917775	0.09828841	13.07691632	-0.30963291
0.31619523	12.86805560	-0.29584552	0.31522311	12.86788589	-0.29620527
0.02783914	12.96744033	-0.42288632	0.02692435	12.96719859	-0.42342779
0.12128309	13.04518031	-0.41873429	0.12033877	13.04497007	-0.41918711
0.36483070	12.82357930	-0.69469968	0.36425464	12.82352595	-0.69496352
0.15524605	13.02834611	-0.18065259	0.15413964	13.02808619	-0.18108044
0.21895236	12.81521249	-0.79558568	0.21848896	12.81510234	-0.79600080
0.32702753	12.75799662	-0.53284536	0.32626488	12.75786230	-0.53321532
0.32755543	12.88698931	-0.84276692	0.32711125	12.88693644	-0.84305507
0.39133301	12.43579644	-0.24719061	0.39065491	12.43572616	-0.24752047
0.24291075	13.04653992	-0.44774051	0.24198258	13.04637903	-0.44810227
0.47470890	12.68491777	-0.66842838	0.47420811	12.68490405	-0.66859761
0.69694610	12.74992941	-0.77232827	0.69654737	12.75008535	-0.77227770
0.32445881	12.93926525	-0.20135423	0.32338230	12.93908567	-0.20168167
-0.42998869	12.91038230	-0.24606477	-0.43098293	12.91005481	-0.24684962
0.15113851	13.08098017	-0.24989240	0.15006508	13.08073662	-0.25030903
0.32211236	12.94649322	-0.68903709	0.32147064	12.94641877	-0.68932868
-0.51701810	12.91022790	-0.28627588	-0.51800166	12.90994959	-0.28707525
0.22626057	13.03110752	-0.32956293	0.22525453	13.03091187	-0.32994317
0.28706324	12.45888999	-0.20322573	0.28630233	12.45870923	-0.20365908
0.11726806	13.09850036	-0.37119050	0.11627741	13.09827788	-0.37162767
0.20840183	13.07716269	-0.48997636	0.20749845	13.07699870	-0.49035594
0.25150699	12.61208003	-0.24720194	0.25061896	12.61187287	-0.24768599
0.16576679	12.93735831	-0.51025717	0.16492236	12.93718183	-0.51071119
0.27651889	12.89122540	-0.83291416	0.27606003	12.89114114	-0.83325491
0.28331232	12.84050796	-0.83615528	0.28289420	12.84042867	-0.83648673
0.22935127	13.02187730	-0.54582277	0.22851378	13.02173137	-0.54619974
0.37312206	12.79883755	-0.19940394	0.37210745	12.79869344	-0.19972931
0.49501180	12.59198997	-0.43437654	0.49426818	12.59195410	-0.43463411
0.30477931	12.76087633	-0.88861475	0.30450389	12.76080255	-0.88889065
0.15968656	12.96482845	-0.64543393	0.15897700	12.96468442	-0.64587673
0.38878406	12.37582287	-0.22377294	0.38822066	12.37579897	-0.22404171
0.35505438	12.48336659	-0.31457103	0.35432691	12.48323345	-0.31497009
0.19231604	12.86786825	-0.18843509	0.19127120	12.86762575	-0.18888787
0.38898705	12.73030244	-0.91041131	0.38877960	12.73029015	-0.91055466
0.29613786	12.79318159	-0.85015360	0.29577799	12.79311066	-0.85046074
0.14352614	13.11341404	-0.28215701	0.14246782	13.11317760	-0.28256857
0.41157215	12.60625870	-0.24924737	0.41068212	12.60614860	-0.24959815
0.21403567	12.86022554	-0.77223793	0.21351576	12.86011135	-0.77265204
0.42700489	12.71343924	-0.82763807	0.42670668	12.71345198	-0.82778503
0.82630002	12.74588910	-0.86720962	0.82597861	12.74612811	-0.86706134
0.56543317	12.79181755	-0.92738151	0.56517884	12.79191895	-0.92742972
0.33806572	12.68551119	-0.20082974	0.33712524	12.68534425	-0.20121488
0.24820052	12.76232793	-0.18330625	0.24720033	12.76210882	-0.18374873
