0.85310994	12.73549916	-0.42150780	0.85345849	12.73532294	-0.42175321
0.82456936	12.87369754	-0.45038607	0.82498638	12.87352006	-0.45069455
0.90080218	12.83203777	-0.54861431	0.90126467	12.83176650	-0.54890266
0.93239141	12.69877420	-0.53389654	0.93278189	12.69848943	-0.53413527
0.78236869	12.96456521	-0.51086100	0.78286075	12.96437565	-0.51122240
0.86252457	12.91816761	-0.59166274	0.86304616	12.91790103	-0.59199394
0.91171621	12.87502041	-0.65196332	0.91222732	12.87469053	-0.65228166
0.94986994	12.80502574	-0.64619671	0.95033859	12.80467221	-0.64648796
0.98336061	12.67581045	-0.64711702	0.98373693	12.67543110	-0.64736804
0.71872550	12.76478313	-1.16542187	0.71906058	12.76442910	-1.16571265
0.84094806	12.71372693	-1.14378807	0.84125851	12.71327293	-1.14408398
0.81024058	12.82035942	-1.07515044	0.81069632	12.81994999	-1.07549875
0.68829801	12.86706663	-1.09188251	0.68880018	12.86674579	-1.09225179
0.94209563	12.67956514	-1.08113736	0.94239278	12.67903730	-1.08144356
0.90976758	12.79081195	-1.02251885	0.91020442	12.79033171	-1.02285845
0.87060185	12.85949999	-0.97193126	0.87111836	12.85907270	-0.97228714
0.79192967	12.90065506	-0.98731050	0.79247891	12.90028365	-0.98768804
0.67023258	12.94704501	-0.99280698	0.67083969	12.94675989	-0.99322033
0.59779726	12.83423963	-0.20999574	0.59795031	12.83434007	-0.21038755
0.57971683	12.97110375	-0.25823532	0.57993498	12.97117635	-0.25873922
0.71407482	12.92274494	-0.35042101	0.71440392	12.92268962	-0.35079091
0.73529992	12.78339972	-0.30966766	0.73556193	12.78336160	-0.30995924
0.54946843	13.05727992	-0.34300805	0.54979172	13.05730831	-0.34358970
0.67820013	13.01300121	-0.42648166	0.67862237	13.01291268	-0.42691664
0.47005509	12.88086339	-1.06533491	0.47059242	12.88072938	-1.06576468
0.59587146	12.82611544	-1.13788447	0.59631403	12.82586243	-1.13823537
0.56579248	12.91858995	-1.06569688	0.56636672	12.91837080	-1.06611475
0.44198655	12.96336410	-0.99098827	0.44262220	12.96325653	-0.99149327
0.54604105	12.99320487	-0.96429084	0.54670879	12.99301865	-0.96476941
0.42150896	13.03258676	-0.88866002	0.42221477	13.03248467	-0.88924397
-0.01309289	12.99114153	-0.07322642	-0.01331458	12.99161369	-0.07488739
-0.14104700	13.00291648	-0.09611498	-0.14121156	13.00337396	-0.09807430
-0.14316209	13.07579319	-0.14374425	-0.14323326	13.07615538	-0.14588274
-0.01891825	13.07807623	-0.11830965	-0.01906292	13.07847159	-0.12016492
-0.25937232	13.00443984	-0.13282232	-0.25945641	13.00484137	-0.13502307
-0.26000153	13.06526712	-0.18214713	-0.25998566	13.06556415	-0.18449772
-0.26084672	13.10565327	-0.24830347	-0.26069692	13.10580143	-0.25075863
-0.14477290	13.12186333	-0.21071691	-0.14470699	13.12207976	-0.21298308
-0.02351238	13.13136003	-0.18505263	-0.02353183	13.13162521	-0.18704794
0.03633387	12.96897173	-0.59976782	0.03732631	12.96810495	-0.60161820
0.02303985	13.02981273	-0.57664113	0.02427792	13.02871773	-0.57888071
-0.06017397	13.03502380	-0.56387952	-0.05925591	13.03437896	-0.56591271
-0.04654627	12.97869107	-0.57846053	-0.04568831	12.97803130	-0.58030614
0.00101124	13.08635925	-0.52825012	0.00183700	13.08564119	-0.53038057
-0.08218431	13.08183797	-0.52883683	-0.08138118	13.08127086	-0.53100977
-0.17607213	13.07480536	-0.54469337	-0.17528803	13.07421617	-0.54696962
-0.15343376	13.03322994	-0.57995099	-0.15258183	13.03254444	-0.58208148
-0.13892196	12.98182057	-0.59662259	-0.13805739	12.98110696	-0.59860809
0.98830561	12.28685342	-0.67285237	0.98841305	12.28647941	-0.67300184
0.96655149	12.06802642	-0.68842322	0.96652656	12.06767114	-0.68848141
0.91431757	12.09537540	-0.55296439	0.91435420	12.09514563	-0.55300379
0.92991386	12.30199110	-0.53747990	0.93005570	12.30172704	-0.53758417
0.83654329	12.14584030	-0.43159678	0.83660326	12.14573166	-0.43162026
0.84453683	12.32762837	-0.41194702	0.84467592	12.32747131	-0.41202465
0.97938152	12.37743160	-1.14279592	0.97932803	12.37685215	-1.14301921
0.88446060	12.43837635	-1.21164799	0.88441670	12.43786670	-1.21184982
0.87901193	12.27886820	-1.23625683	0.87878772	12.27834546	-1.23638142
0.97105300	12.18617550	-1.15789337	0.97081687	12.18559486	-1.15803431
0.75746459	12.51545545	-1.24008857	0.75748008	12.51512437	-1.24023631
0.75289860	12.39518761	-1.27131037	0.75274492	12.39483396	-1.27139319
0.86633361	12.17418199	-1.24390225	0.86601234	12.17365561	-1.24396209
0.95169723	12.05162945	-1.15564835	0.95138150	12.05104962	-1.15570217
0.99508259	12.49581300	-0.65827813	0.99533274	12.49543322	-0.65847413
0.93862802	12.51218304	-0.53162806	0.93889564	12.51189654	-0.53179255
0.85444915	12.54116091	-0.40954764	0.85470368	12.54099254	-0.40969957
0.86881314	12.58493413	-1.18489087	0.86896101	12.58444988	-1.18512852
0.96787124	12.54183818	-1.11928290	0.96800392	12.54127135	-1.11955234
0.74378968	12.64313148	-1.20972251	0.74398552	12.64277958	-1.20994933
0.60123450	12.41978489	-0.22612838	0.60133174	12.41983337	-0.22623148
0.60184036	12.63475711	-0.20433012	0.60196734	12.63484590	-0.20458388
0.73543842	12.58433946	-0.29838378	0.73565375	12.58429223	-0.29856651
0.72854793	12.37015777	-0.30886688	0.72867638	12.37010583	-0.30893865
0.46960370	12.70449891	-1.15135375	0.46976649	12.70439208	-1.15149915
0.61238398	12.61448395	-1.21979507	0.61244968	12.61435904	-1.21988293
0.60979999	12.71821592	-1.18666529	0.61000389	12.71799428	-1.18684711
0.47550160	12.78829974	-1.11824301	0.47584302	12.78818763	-1.11853284
0.58667724	12.17470751	-0.30181582	0.58668836	12.17471123	-0.30181847
0.59796095	12.28045329	-0.26271835	0.59801340	12.28047178	-0.26275854
0.72400584	12.21555988	-0.33792852	0.72406778	12.21551128	-0.33795109
0.60051160	12.48656435	-1.25176313	0.60045408	12.48646335	-1.25173863
0.60684370	12.53388909	-1.24364755	0.60683088	12.53377721	-1.24366146
0.46311236	12.64895706	-1.16677620	0.46318771	12.64887828	-1.16685699
-0.00475619	12.71308038	-0.06910260	-0.00493871	12.71353057	-0.07018138
-0.15320199	12.78191640	-0.07773380	-0.15338812	12.78239134	-0.07923155
-0.14323517	12.90487144	-0.07661825	-0.14343605	12.90536173	-0.07836065
-0.00526043	12.86776961	-0.05996525	-0.00548634	12.86825980	-0.06134652
-0.28878452	12.83316197	-0.10330932	-0.28892663	12.83361528	-0.10517241
-0.27006211	12.92827478	-0.10826823	-0.27019617	12.92872447	-0.11031155
0.03082516	12.84092135	-0.62513931	0.03158313	12.84025703	-0.62639157
0.03711750	12.90579140	-0.61360117	0.03790608	12.90506017	-0.61503041
-0.04412945	12.91696793	-0.58663932	-0.04333968	12.91630962	-0.58827865
-0.05270291	12.85226457	-0.58947531	-0.05194883	12.85161056	-0.59092306
-0.13609879	12.92450358	-0.60387725	-0.13526364	12.92378085	-0.60569236
-0.14600068	12.86380824	-0.60182594	-0.14518887	12.86308911	-0.60348430
-0.03402627	12.41683033	-0.12137958	-0.03408685	12.41717499	-0.12204108
-0.17435934	12.63452097	-0.09427387	-0.17449945	12.63494608	-0.09550651
-0.01932109	12.54214613	-0.09179878	-0.01943385	12.54253727	-0.09262451
-0.32570615	12.62740294	-0.13324545	-0.32579236	12.62779052	-0.13472074
-0.31184272	12.71532192	-0.11393123	-0.31196252	12.71574882	-0.11557423
0.02062860	12.77498649	-0.63621544	0.02134493	12.77436820	-0.63734503
-0.07222412	12.78604910	-0.58574922	-0.07147216	12.78540074	-0.58705664
-0.09023715	12.75936494	-0.56544474	-0.08948961	12.75875207	-0.56672062
-0.17025955	12.80164203	-0.58892849	-0.16947316	12.80095650	-0.59045112
-0.38128644	13.00130261	-0.18221065	-0.38126907	13.00161329	-0.18464417
-0.37317303	13.05095106	-0.22864497	-0.37306083	13.05115550	-0.23118595
-0.49079679	12.99427439	-0.23874894	-0.49066190	12.99447310	-0.24138527
-0.47087882	13.03447244	-0.28028211	-0.47066188	13.03456743	-0.28298165
-0.44859880	13.06701708	-0.33100578	-0.44828058	13.06698706	-0.33374538
-0.36300121	13.08724145	-0.28833150	-0.36276812	13.08730268	-0.29094596
-0.25814062	13.03114280	-0.59943615	-0.25728371	13.03043314	-0.60173576
-0.24391510	12.98556819	-0.62372879	-0.24302065	12.98479226	-0.62588352
-0.27836176	13.06817072	-0.55954873	-0.27758005	13.06756678	-0.56197955
-0.37322233	13.05987493	-0.56792216	-0.37243238	13.05923717	-0.57051267
-0.35841141	13.02801234	-0.61233430	-0.35753666	13.02725446	-0.61481431
-0.34894209	12.98920750	-0.64563496	-0.34800741	12.98835507	-0.64799105
-0.24546766	12.93688459	-0.63882893	-0.24455771	12.93606742	-0.64085956
-0.35657422	12.95002940	-0.66987293	-0.35559376	12.94910471	-0.67213301
-0.37152144	12.91263768	-0.68348347	-0.37051712	12.91167023	-0.68566231
-0.25840883	12.88743308	-0.64269794	-0.25749496	12.88659893	-0.64461817
-0.53541086	12.88923199	-0.19678122	-0.53536716	12.88954344	-0.19924202
-0.55581216	12.76721944	-0.20089730	-0.55578649	12.76753745	-0.20309385
-0.63176815	12.80369673	-0.25868136	-0.63163540	12.80389933	-0.26111768
-0.61332915	12.89965579	-0.25906192	-0.61316811	12.89984760	-0.26170078
-0.56423493	12.66234053	-0.21699359	-0.56421740	12.66263095	-0.21893762
-0.63944633	12.72099069	-0.26956195	-0.63931444	12.72117050	-0.27180389
-0.68760084	12.79015136	-0.34036672	-0.68732489	12.79016177	-0.34289306
-0.68108247	12.84248030	-0.33523075	-0.68080096	12.84250612	-0.33786824
-0.66484398	12.90548830	-0.33764975	-0.66453856	12.90550716	-0.34040788
-0.45478946	12.65230603	-0.16918494	-0.45483854	12.65267167	-0.17092266
-0.44337092	12.74864870	-0.15121812	-0.44342782	12.74904039	-0.15317215
-0.42093612	12.86798313	-0.14418510	-0.42099640	12.86838303	-0.14637928
-0.46751516	12.92866575	-0.69437465	-0.46648438	12.92764626	-0.69681592
-0.47460332	12.90158290	-0.70457117	-0.47355402	12.90052442	-0.70695139
-0.38382894	12.87940142	-0.68491076	-0.38282466	12.87842826	-0.68701347
-0.55406231	12.93443437	-0.67427542	-0.55307397	12.93352176	-0.67691078
-0.55893319	12.90750947	-0.68862388	-0.55792789	12.90656519	-0.69119874
-0.39469294	12.86279304	-0.67431268	-0.39370760	12.86184776	-0.67638787
-0.27829356	12.83947620	-0.63423854	-0.27739711	12.83865778	-0.63606420
0.90141297	12.88276787	-0.90329476	0.90195739	12.88234091	-0.90365268
0.80161994	12.95007974	-0.88936836	0.80222409	12.94972578	-0.88976043
0.91789127	12.89728407	-0.81454376	0.91843608	12.89688793	-0.81489458
0.82303022	12.97004643	-0.78484072	0.82363762	12.96971863	-0.78522131
0.71262897	13.02607901	-0.74382127	0.71326586	13.02583697	-0.74425791
0.68297148	13.00183925	-0.87287677	0.68363016	13.00157525	-0.87331729
0.91895557	12.89360173	-0.72257471	0.91949427	12.89323941	-0.72290785
0.83996202	12.96146724	-0.67827358	0.84053563	12.96117169	-0.67863810
0.74548122	13.01435352	-0.61646360	0.74607067	13.01413675	-0.61687031
1.00199796	12.66881254	-0.98652790	1.00232201	12.66826401	-0.98684879
0.96483715	12.79059751	-0.94148109	0.96529236	12.79010059	-0.94182197
1.02527742	12.66940657	-0.87513299	1.02563290	12.66889217	-0.87543775
0.98472467	12.80009793	-0.84465074	0.98519504	12.79963053	-0.84497910
1.01668856	12.66876516	-0.76166582	1.01705330	12.66831905	-0.76194274
0.97880659	12.79989381	-0.74518884	0.97927368	12.79947798	-0.74549843
0.56291227	13.04762410	-0.82807569	0.56361017	13.04744852	-0.82858980
0.59955827	13.07332613	-0.67927990	0.60022176	13.07316018	-0.67978851
0.47543019	13.11212435	-0.59756675	0.47605926	13.11201738	-0.59824518
0.43868192	13.08534859	-0.74931851	0.43940361	13.08520806	-0.74998391
0.63903535	13.06236754	-0.54113540	0.63958955	13.06223348	-0.54161883
0.51346365	13.10347857	-0.45935981	0.51393936	13.10343279	-0.46000459
-0.38176686	13.07820929	-0.51031341	-0.38109184	13.07772673	-0.51296456
-0.46536262	13.06006316	-0.52249301	-0.46466329	13.05954679	-0.52526782
-0.44543281	13.04799783	-0.56467085	-0.44465059	13.04736579	-0.56737753
-0.39392276	13.08522422	-0.44739317	-0.39337277	13.08490359	-0.45008074
-0.48761560	13.06267708	-0.47802742	-0.48700416	13.06228244	-0.48084806
-0.57215346	13.03629401	-0.50662459	-0.57148415	13.03584543	-0.50954757
-0.53444103	13.03768645	-0.53921675	-0.53370626	13.03714206	-0.54207182
-0.49667157	13.03555136	-0.56542732	-0.49588792	13.03492452	-0.56820673
-0.41959384	13.08274890	-0.38716794	-0.41916502	13.08257916	-0.38989394
-0.50155653	13.05922465	-0.42664919	-0.50104966	13.05896856	-0.42948370
-0.51663221	13.04547369	-0.37557418	-0.51622749	13.04534822	-0.37839824
-0.56222435	13.02825444	-0.40755621	-0.56175849	13.02806222	-0.41042992
-0.57405448	13.03276263	-0.45615435	-0.57349161	13.03244772	-0.45906658
-0.01595249	13.12769330	-0.44602099	-0.01541144	13.12734974	-0.44815498
-0.10736071	13.11528732	-0.45859399	-0.10676344	13.11491735	-0.46086163
-0.02608555	13.15071577	-0.35041087	-0.02575869	13.15061402	-0.35253653
-0.12883781	13.13429881	-0.37210544	-0.12844159	13.13413985	-0.37441883
-0.22970181	13.11703216	-0.40307238	-0.22923246	13.11681784	-0.40552351
-0.20335341	13.10231745	-0.48133422	-0.20271856	13.10190443	-0.48372045
-0.02728409	13.15372864	-0.26295957	-0.02714772	13.15381941	-0.26504633
-0.14065396	13.13891318	-0.28819284	-0.14042724	13.13895242	-0.29051413
-0.24991999	13.12052787	-0.32348498	-0.24961633	13.12050296	-0.32596568
0.98949082	11.97260821	-1.05913992	0.98918928	11.97203860	-1.05917512
1.01254891	12.11744597	-1.05769049	1.01233383	12.11687312	-1.05781848
0.99186591	11.92784950	-0.95358194	0.99162300	11.92732997	-0.95359306
1.01864148	12.07436225	-0.94331896	1.01847458	12.07383544	-0.94342709
1.03865824	12.29196679	-0.92827768	1.03866457	12.29142714	-0.92848299
1.02709459	12.32646768	-1.04428202	1.02706151	12.32588683	-1.04450554
0.97338187	11.91162309	-0.83450981	0.97320780	11.91116912	-0.83449289
1.00226204	12.05939897	-0.81973711	1.00216183	12.05894404	-0.81982128
1.02517462	12.28122825	-0.80377857	1.02523136	12.28076653	-0.80395651
1.02347115	12.51224641	-1.02012804	1.02362545	12.51167187	-1.02040528
1.04233389	12.49482664	-0.90486834	1.04252345	12.49428686	-0.90512258
1.03127132	12.48969860	-0.78345888	1.03148934	12.48923305	-0.78368446
-0.64013129	12.93008313	-0.62182457	-0.63925502	12.92936714	-0.62461421
-0.64696674	12.90013823	-0.63331904	-0.64608355	12.89939667	-0.63604566
-0.69820403	12.92114197	-0.54194525	-0.69748812	12.92065364	-0.54482261
-0.70878098	12.88490284	-0.54742908	-0.70807004	12.88440187	-0.55023581
-0.64884010	12.87672263	-0.63436384	-0.64796701	12.87597937	-0.63703611
-0.69991510	12.91281391	-0.43960809	-0.69941162	12.91258935	-0.44246006
-0.71361960	12.86776369	-0.43991605	-0.71313114	12.86753901	-0.44268373
-0.71675234	12.83205295	-0.44115126	-0.71627499	12.83182211	-0.44383839
-0.29473924	13.09113419	-0.49758762	-0.29408412	13.09069140	-0.50010447
-0.31316267	13.10199636	-0.42534286	-0.31265264	13.10172635	-0.42791340
-0.33942774	13.10249233	-0.35481637	-0.33906110	13.10239835	-0.35742895
-0.59299573	12.95180602	-0.27252101	-0.59279526	12.95195592	-0.27524611
-0.51271395	12.95530583	-0.21015531	-0.51263606	12.95557786	-0.21273416
-0.64702181	12.94549640	-0.34743432	-0.64668660	12.94548413	-0.35025592
-0.62370118	12.97477633	-0.36471372	-0.62332507	12.97471260	-0.36756350
-0.56980128	12.98339002	-0.29730260	-0.56955296	12.98347429	-0.30006508
-0.39850690	12.94623583	-0.15443027	-0.39854554	12.94660709	-0.15676636
-0.45429483	12.95982640	-0.67646832	-0.45329665	12.95886521	-0.67896760
-0.44219804	12.99243537	-0.64876664	-0.44125445	12.99156295	-0.65132734
-0.52639616	12.99210836	-0.63144320	-0.52548273	12.99129871	-0.63417449
-0.54245335	12.96345068	-0.65695032	-0.54149059	12.96257508	-0.65963823
-0.65659592	12.97832254	-0.53113229	-0.65588203	12.97784495	-0.53407355
-0.68106012	12.95083137	-0.53702301	-0.68034362	12.95035071	-0.53994297
-0.62629602	12.95850785	-0.60946247	-0.62543182	12.95781571	-0.61229704
-0.60530708	12.98586051	-0.59208332	-0.60446863	12.98520340	-0.59494792
-0.62435690	13.00749784	-0.52267519	-0.62365625	13.00702976	-0.52562708
-0.57789275	13.01251912	-0.56554375	-0.57710468	13.01191934	-0.56842182
-0.50808253	13.01823804	-0.59260985	-0.50724698	13.01754018	-0.59537036
-0.68231233	12.94590638	-0.44268517	-0.68179057	12.94566802	-0.44558507
-0.65780369	12.97382341	-0.44905009	-0.65726030	12.97355878	-0.45197394
-0.59131175	13.00542152	-0.38954060	-0.59088459	13.00528577	-0.39240880
-0.62391320	13.00364697	-0.45857943	-0.62334714	13.00334612	-0.46151468
-0.54188730	13.01743964	-0.33203612	-0.54156906	13.01743129	-0.33483260
-0.43848732	13.02365620	-0.60914147	-0.43761774	13.02290374	-0.61177609
0.18208835	13.12111735	-0.19172725	0.18205676	13.12136970	-0.19314435
0.15286632	13.15895555	-0.27782306	0.15297710	13.15907346	-0.27938193
0.18061418	13.14671733	-0.29200277	0.18075674	13.14681749	-0.29345303
0.21413944	13.10770574	-0.20277195	0.21413877	13.10794169	-0.20407656
0.13302990	13.16481296	-0.37343826	0.13330894	13.16474117	-0.37508800
0.15917920	13.15349747	-0.38974988	0.15948995	13.15342768	-0.39126885
0.18523371	13.13772242	-0.30182394	0.18539780	13.13780864	-0.30323933
0.21856310	13.09924436	-0.20902181	0.21857828	13.09946898	-0.21029618
0.19184444	13.14541606	-0.30284786	0.19201101	13.14550059	-0.30425418
0.22393635	13.10578071	-0.20388068	0.22393995	13.10601221	-0.20515191
0.17332269	13.15153999	-0.40652200	0.17366475	13.15146161	-0.40797521
0.21744922	13.15742921	-0.43169021	0.21783790	13.15736039	-0.43298460
0.23838058	13.15068143	-0.32011933	0.23858788	13.15075238	-0.32138690
0.26987603	13.10901060	-0.21421741	0.26991296	13.10922330	-0.21537729
0.25707398	12.93551700	-0.06912307	0.25688903	12.93593512	-0.07007012
0.22030432	13.05160163	-0.11613270	0.22015921	13.05195655	-0.11735500
0.25657078	13.03866732	-0.12703294	0.25646210	13.03900361	-0.12814954
0.29671022	12.92199379	-0.08185821	0.29656370	12.92237663	-0.08271075
0.26679882	13.03663905	-0.12737578	0.26669462	13.03696867	-0.12846285
0.30792578	12.92002975	-0.08515848	0.30779233	12.92039962	-0.08598923
0.31205831	13.03503602	-0.13422627	0.31197960	13.03534601	-0.13520024
0.35178169	12.91207020	-0.09074396	0.35167600	12.91241198	-0.09149456
0.37742765	12.72298201	-0.09347224	0.37737127	12.72329305	-0.09397521
0.33730692	12.73681091	-0.08935205	0.33722531	12.73714694	-0.08992581
0.39521083	12.52724101	-0.12309653	0.39521401	12.52748670	-0.12339324
0.35764827	12.55145246	-0.11866524	0.35763647	12.55172167	-0.11901512
0.32590391	12.73908063	-0.08470320	0.32581006	12.73943026	-0.08529213
0.34544391	12.55431359	-0.11380401	0.34542135	12.55459499	-0.11416748
0.29971278	12.56833678	-0.09598127	0.29965586	12.56866222	-0.09641038
0.28376799	12.75669402	-0.06899941	0.28363472	12.75708291	-0.06966416
0.26815049	12.78270756	-0.92131199	0.26856034	12.78270042	-0.92177887
0.25889520	12.85264933	-0.89693848	0.25944074	12.85260654	-0.89751904
0.24005938	12.85788015	-0.83820792	0.24066129	12.85776510	-0.83886128
0.25052567	12.79731007	-0.86145859	0.25105546	12.79721890	-0.86201670
0.24399941	12.92422491	-0.84711750	0.24463740	12.92412937	-0.84781058
0.22439848	12.92217561	-0.79189689	0.22505098	12.92201397	-0.79267488
0.23099405	12.91764624	-0.77418994	0.23165380	12.91745999	-0.77498352
0.25160577	12.80282157	-0.84091003	0.25216716	12.80268530	-0.84150823
0.22398723	12.85775159	-0.82419205	0.22462864	12.85755561	-0.82493080
0.22871507	12.80064467	-0.84686446	0.22930493	12.80047289	-0.84752937
0.21349730	12.92130183	-0.78245301	0.21417324	12.92107893	-0.78329061
0.17310730	12.93303934	-0.76836641	0.17381171	12.93274535	-0.76931456
0.18057554	12.86599649	-0.80621973	0.18123861	12.86574346	-0.80705330
0.18246150	12.80237293	-0.82689512	0.18308048	12.80212366	-0.82764042
0.27235092	12.71287897	-0.94624473	0.27261945	12.71290532	-0.94664534
0.25773101	12.73623910	-0.88527534	0.25815559	12.73617091	-0.88575229
0.25988366	12.75158643	-0.86320711	0.26038079	12.75147393	-0.86373813
0.27719423	12.71533110	-0.87613216	0.27760295	12.71524872	-0.87659594
0.23739178	12.74309686	-0.87330082	0.23792006	12.74294506	-0.87388354
0.18897289	12.73491457	-0.85622393	0.18955852	12.73468003	-0.85690913
0.28340584	12.32825665	-0.16239475	0.28337633	12.32848414	-0.16256967
0.30103193	12.42507886	-0.12930797	0.30100722	12.42534737	-0.12957493
0.34887056	12.42314086	-0.14557739	0.34887134	12.42336069	-0.14580718
0.33419770	12.35346183	-0.17778812	0.33419850	12.35363924	-0.17795739
0.35292838	12.43568922	-0.15292627	0.35294183	12.43589879	-0.15316532
0.36261378	12.41606084	-0.15060463	0.36262483	12.41626393	-0.15082237
0.34856778	12.34790338	-0.18428646	0.34858899	12.34806245	-0.18444289
0.39969041	12.38261937	-0.15892723	0.39970291	12.38278948	-0.15909811
0.12311958	13.13801989	-0.47901958	0.12363184	13.13769971	-0.48070149
0.15306293	13.12516341	-0.49208033	0.15358800	13.12491495	-0.49358616
0.12798327	13.08483331	-0.58664788	0.12878657	13.08436286	-0.58823590
0.16299863	13.07025489	-0.59609680	0.16376294	13.06989980	-0.59746260
0.16513842	13.11403265	-0.49832002	0.16567461	13.11381051	-0.49974049
0.17089211	13.12054622	-0.49832036	0.17141519	13.12034522	-0.49971357
0.18180135	13.06404730	-0.59157399	0.18251658	13.06376908	-0.59281360
0.20788113	13.06970981	-0.63018243	0.20859300	13.06946960	-0.63130093
0.20652841	13.12645590	-0.52999065	0.20710550	13.12626786	-0.53122578
0.22348983	12.99959739	-0.74713683	0.22419014	12.99941167	-0.74801894
0.20214615	12.99441705	-0.69960002	0.20286036	12.99417500	-0.70058471
0.18791643	12.99727778	-0.69957585	0.18865925	12.99699655	-0.70063840
0.14986697	13.01156863	-0.68929206	0.15065691	13.01120733	-0.69053985
0.39595878	13.09091932	-0.26630882	0.39612924	13.09104972	-0.26714763
0.43097261	13.01080353	-0.18189841	0.43103536	13.01100418	-0.18261782
0.45934877	12.88024433	-0.13487397	0.45936381	12.88047591	-0.13543986
0.31596901	12.98993630	-0.86453028	0.31664706	12.98986662	-0.86517811
0.33951105	12.91219950	-0.95321477	0.34011335	12.91215022	-0.95375628
0.29809278	13.05902184	-0.75316711	0.29879589	13.05892120	-0.75394366
0.13689964	12.96354932	-0.06512436	0.13666616	12.96401680	-0.06637402
0.11524877	13.06736519	-0.11106321	0.11507604	13.06775830	-0.11255708
0.09410041	13.13015705	-0.18209830	0.09405213	13.13042182	-0.18377262
0.09237657	13.02390232	-0.63226904	0.09322081	13.02333983	-0.63390672
0.07261149	13.08857313	-0.55623030	0.07346790	13.08789980	-0.55818816
0.11097468	12.95246715	-0.68424153	0.11172812	12.95200789	-0.68548498
0.47397905	12.68503773	-0.13386812	0.47400689	12.68525573	-0.13424063
0.48346013	12.47566463	-0.16166641	0.48350416	12.47582623	-0.16187739
0.34784982	12.83156865	-1.00557959	0.34829498	12.83154254	-1.00598627
0.34812224	12.75672933	-1.03449373	0.34843456	12.75673378	-1.03482840
0.48429200	12.33786205	-0.19943071	0.48432575	12.33794844	-0.19951693
0.34622135	12.69681878	-1.05285706	0.34639142	12.69682971	-1.05308004
0.15874767	12.47289212	-0.10660906	0.15867566	12.47324597	-0.10707821
0.16456663	12.62926479	-0.07820590	0.16444203	12.62966831	-0.07887536
0.11259834	12.75183046	-0.75204876	0.11327438	12.75142236	-0.75292564
0.11284779	12.82050465	-0.72882040	0.11353973	12.82008889	-0.72978693
0.15534052	12.80888901	-0.05902025	0.15514489	12.80934420	-0.05997868
0.11531731	12.88585732	-0.71137182	0.11607615	12.88541797	-0.71243361
0.33312661	13.14232007	-0.50495244	0.33365055	13.14224889	-0.50588334
0.30776474	13.11336804	-0.63153192	0.30843758	13.11324835	-0.63242224
0.36292838	13.13464652	-0.37886828	0.36327832	13.13466408	-0.37979673
0.06615668	13.16258544	-0.35543001	0.06643224	13.16252364	-0.35728868
0.06377185	13.13688104	-0.45812357	0.06429505	13.13651152	-0.46004844
0.07704149	13.16090538	-0.26358549	0.07713739	13.16102966	-0.26537485
0.88170738	11.96521350	-0.58458498	0.88165164	11.96500007	-0.58453619
0.81676000	12.01719950	-0.47386000	0.81676000	12.01719950	-0.47386000
0.92181862	11.93694085	-0.71358802	0.92174220	11.93659918	-0.71354359
0.90964828	12.00346903	-0.71855078	0.90958730	12.00312367	-0.71854436
0.87442254	12.05055199	-0.63207433	0.87440569	12.05029196	-0.63208341
0.80643636	12.11367044	-0.52903683	0.80647566	12.11353299	-0.52906366
0.95486147	11.92911405	-0.83801947	0.95469363	11.92866704	-0.83799983
0.97394603	11.94484357	-0.94951621	0.97371389	11.94433506	-0.94952436
0.94260156	12.06297433	-0.93303598	0.94243878	12.06250211	-0.93309018
0.92842120	12.03292715	-0.81523479	0.92831704	12.03251315	-0.81526207
0.97319203	11.98700153	-1.04283484	0.97290984	11.98645011	-1.04286707
0.93855273	12.06171093	-1.12988790	0.93826087	12.06115292	-1.12994014
0.91568352	12.12452881	-1.10755283	0.91544464	12.12400598	-1.10762759
0.93974292	12.09774182	-1.03100509	0.93953403	12.09723429	-1.03108312
0.85787188	12.18004448	-1.22099569	0.85757467	12.17953730	-1.22105421
0.74164303	12.33161428	-1.27143200	0.74141941	12.33127012	-1.27148387
0.74598876	12.35996316	-1.19979279	0.74584741	12.35963814	-1.19986786
0.85642193	12.22602742	-1.15840599	0.85621089	12.22555387	-1.15849570
0.60099189	12.48269528	-1.23764262	0.60093892	12.48260581	-1.23761659
0.47129780	12.61355634	-1.15293794	0.47133234	12.61350531	-1.15298471
0.49420000	12.61570000	-1.07906000	0.49420000	12.61570000	-1.07906000
0.61447000	12.50220000	-1.16283000	0.61447000	12.50220000	-1.16283000
0.38328159	12.64728764	-1.05023043	0.38334723	12.64728351	-1.05032834
0.33267401	12.64733473	-0.95788291	0.33278218	12.64732429	-0.95808291
0.37140000	12.64100070	-0.89641000	0.37140000	12.64100070	-0.89641000
0.41679000	12.64250090	-0.98287004	0.41679000	12.64250090	-0.98287004
0.31532403	12.67884377	-0.89887524	0.31555763	12.67883268	-0.89920199
0.31201238	12.70602705	-0.87165524	0.31238618	12.70597622	-0.87204663
0.34071915	12.69349089	-0.81435213	0.34117180	12.69337632	-0.81472391
0.34904839	12.66875442	-0.84144277	0.34934793	12.66868511	-0.84168823
0.30328459	12.69325659	-0.87574907	0.30369968	12.69320368	-0.87618426
0.26065964	12.68230175	-0.84671922	0.26116484	12.68212102	-0.84724362
0.30086373	12.67951360	-0.77700038	0.30136155	12.67933029	-0.77746867
0.33974816	12.68206353	-0.81313324	0.34023303	12.68194582	-0.81352762
0.15506613	12.71658756	-0.71954732	0.15572229	12.71622636	-0.72032318
0.02321043	12.76904505	-0.58025935	0.02390983	12.76845909	-0.58135822
0.02680098	12.80789964	-0.50357245	0.02736124	12.80751854	-0.50471465
0.17896428	12.73195734	-0.64405785	0.17960118	12.73162913	-0.64480725
-0.09393663	12.81271128	-0.51850606	-0.09329438	12.81222764	-0.51991320
-0.20155327	12.84476501	-0.52322295	-0.20088351	12.84426579	-0.52492165
-0.20497634	12.91417794	-0.46393859	-0.20441272	12.91384389	-0.46584267
-0.09627022	12.87326660	-0.44929868	-0.09576138	12.87297827	-0.45088721
-0.30683140	12.86465431	-0.58341461	-0.30602732	12.86397577	-0.58535649
-0.40562079	12.87524906	-0.65121852	-0.40468581	12.87437124	-0.65335969
-0.42216664	12.90370614	-0.59980337	-0.42133772	12.90297920	-0.60207211
-0.31623197	12.91852605	-0.52917768	-0.31553393	12.91800319	-0.53129194
-0.49386918	12.87860953	-0.67902165	-0.49288535	12.87764088	-0.68137874
-0.57351849	12.87554191	-0.66697206	-0.57258037	12.87467201	-0.66949443
-0.57275124	12.87847881	-0.63171890	-0.57187777	12.87769742	-0.63424144
-0.51612773	12.88707939	-0.63089946	-0.51524031	12.88626737	-0.63332393
-0.64772409	12.86819403	-0.61543089	-0.64689186	12.86749793	-0.61807776
-0.69730033	12.85310625	-0.53585060	-0.69662645	12.85263021	-0.53855260
-0.66018070	12.86951826	-0.50783913	-0.65955791	12.86910509	-0.51050553
-0.62254566	12.87773928	-0.58461319	-0.62176713	12.87711035	-0.58723247
-0.70259168	12.82709326	-0.44041591	-0.70211761	12.82686110	-0.44306187
-0.67594116	12.78126407	-0.35022955	-0.67564931	12.78124806	-0.35270976
-0.65428611	12.78757713	-0.36325685	-0.65396939	12.78752659	-0.36570679
-0.66631164	12.83343134	-0.42396220	-0.66586712	12.83323413	-0.42654803
-0.62959762	12.70744515	-0.28630116	-0.62943749	12.70758136	-0.28849059
-0.55625561	12.64716482	-0.23713444	-0.55621120	12.64740294	-0.23902260
-0.53846696	12.70602217	-0.26915117	-0.53833960	12.70617034	-0.27116132
-0.61436755	12.74913952	-0.31933746	-0.61413963	12.74919051	-0.32160305
-0.44931349	12.64246868	-0.18993439	-0.44933549	12.64278520	-0.19163787
-0.32231937	12.62181096	-0.15386077	-0.32237061	12.62215870	-0.15531883
-0.30434800	12.67518044	-0.18317470	-0.30435064	12.67546250	-0.18471112
-0.43024340	12.69952999	-0.22046825	-0.43018894	12.69976102	-0.22228092
-0.18573862	12.51731347	-0.13926417	-0.18579130	12.51765110	-0.14030316
-0.03706319	12.40135245	-0.14505598	-0.03708848	12.40166169	-0.14570105
-0.03443734	12.47079517	-0.17665619	-0.03442591	12.47105861	-0.17739463
-0.17398604	12.57975225	-0.16855395	-0.17399825	12.58003889	-0.16967841
0.12421509	12.34086709	-0.16427332	0.12420081	12.34114850	-0.16461491
0.25273905	12.32211827	-0.18910598	0.25273777	12.32232409	-0.18930160
0.23248781	12.38150141	-0.24163337	0.23257741	12.38164492	-0.24191092
0.11473958	12.40785190	-0.20622295	0.11478938	12.40806933	-0.20666708
0.30277869	12.35621811	-0.21060426	0.30281753	12.35637403	-0.21079659
0.28856315	12.43971213	-0.28052722	0.28870805	12.43981013	-0.28081160
0.28037476	12.41197507	-0.26647058	0.28049797	12.41208770	-0.26673398
0.31417838	12.34653852	-0.22330595	0.31423305	12.34666234	-0.22348170
0.34620000	12.27620000	-0.23202000	0.34620000	12.27620000	-0.23202000
0.32020820	12.33306837	-0.29114970	0.32030634	12.33311956	-0.29129430
0.28753759	12.39817351	-0.28147025	0.28766114	12.39826624	-0.28171084
0.44425997	12.21770000	-0.27141000	0.44425997	12.21770000	-0.27141000
0.57587000	12.16340070	-0.32883000	0.57587000	12.16340070	-0.32883000
0.57016086	12.24264034	-0.38309736	0.57023548	12.24261370	-0.38312376
0.42828883	12.28589982	-0.32811891	0.42836148	12.28590814	-0.32817770
0.70622003	12.08180000	-0.39380000	0.70622003	12.08180000	-0.39380000
0.70053584	12.18072253	-0.44775590	0.70059402	12.18065068	-0.44777347
0.76351384	12.39205225	-1.04915559	0.76352194	12.39170247	-1.04928638
0.86528801	12.24295992	-1.04799174	0.86517964	12.24251133	-1.04809731
0.78354319	12.37555892	-0.86110074	0.78367048	12.37523674	-0.86124793
0.87481348	12.22166834	-0.90746130	0.87478073	12.22126113	-0.90755628
0.79620306	12.26131371	-0.67310476	0.79631068	12.26106255	-0.67318967
0.87476431	12.14810285	-0.75512614	0.87476332	12.14776280	-0.75518777
0.53481158	12.60734570	-0.90392048	0.53508443	12.60718999	-0.90412386
0.64772751	12.52134042	-0.99129896	0.64789026	12.52113808	-0.99142929
0.56661441	12.53759480	-0.69245458	0.56695945	12.53741832	-0.69266545
0.67914186	12.47754550	-0.78216509	0.67940275	12.47730970	-0.78234160
0.57191033	12.38584671	-0.51165300	0.57211890	12.38574411	-0.51176681
0.69349868	12.33932874	-0.58970132	0.69367989	12.33916151	-0.58979449
-0.21616387	12.91044484	-0.37902557	-0.21577399	12.91030840	-0.38093174
-0.11044527	12.86750451	-0.36230063	-0.11010677	12.86741440	-0.36388530
-0.23812910	12.85356394	-0.29177604	-0.23791945	12.85361656	-0.29358703
-0.13157966	12.80402475	-0.27741770	-0.13140837	12.80410627	-0.27890207
-0.01420773	12.73631013	-0.31157937	-0.01397771	12.73633909	-0.31268321
0.00946944	12.80133665	-0.40782462	0.00986372	12.80117806	-0.40900900
-0.27218971	12.76389553	-0.22800911	-0.27210552	12.76408103	-0.22968330
-0.15461837	12.69121553	-0.21411924	-0.15455839	12.69141329	-0.21542371
-0.02771968	12.60487927	-0.23373502	-0.02761942	12.60504498	-0.23465627
-0.55214970	12.90841754	-0.55007873	-0.55142584	12.90784871	-0.55263141
-0.58638883	12.90327505	-0.45841849	-0.58585144	12.90296182	-0.46102009
-0.48400131	12.92400361	-0.39765858	-0.48357504	12.92382063	-0.40011223
-0.45053673	12.93544052	-0.50331519	-0.44989613	12.93498056	-0.50573224
-0.60312870	12.83215997	-0.37854672	-0.60276684	12.83205785	-0.38100290
-0.51415696	12.82290126	-0.32012422	-0.51390142	12.82291340	-0.32238496
-0.33441165	12.93468170	-0.43565403	-0.33390092	12.93440006	-0.43784819
-0.36161250	12.90059482	-0.33659800	-0.36130270	12.90055171	-0.33876078
-0.39760404	12.80388947	-0.26683691	-0.39744149	12.80400594	-0.26884140
0.29590232	12.63755367	-0.65319148	0.29643077	12.63733174	-0.65367649
0.33769485	12.63452396	-0.67647195	0.33823307	12.63434707	-0.67690446
0.26925513	12.57091260	-0.50303570	0.26968650	12.57077235	-0.50349385
0.31569422	12.57015731	-0.51276598	0.31614014	12.57004064	-0.51316092
0.31961552	12.58824695	-0.49724987	0.32002054	12.58814650	-0.49765439
0.33853539	12.64884383	-0.66807852	0.33904513	12.64866904	-0.66850633
0.34560829	12.63142895	-0.69062068	0.34609475	12.63126512	-0.69102829
0.32203197	12.57402250	-0.51203525	0.32243666	12.57391434	-0.51242453
0.35440803	12.55423104	-0.55254189	0.35481598	12.55409949	-0.55289314
0.37463713	12.61288840	-0.74099009	0.37506281	12.61272381	-0.74135515
0.32857742	12.44014226	-0.39986948	0.32880087	12.44013458	-0.40013079
0.29631451	12.48697904	-0.37681876	0.29655402	12.48699627	-0.37714915
0.29072058	12.49102793	-0.37187666	0.29098790	12.49103887	-0.37221509
0.24313326	12.47670890	-0.35579025	0.24338035	12.47671775	-0.35617240
0.44755636	12.55283881	-0.61428775	0.44795052	12.55268429	-0.61457541
0.44052737	12.62064826	-0.81631635	0.44088602	12.62049186	-0.81661206
0.43520239	12.41163757	-0.44662000	0.43542282	12.41158535	-0.44678017
0.13966562	12.63879529	-0.41200902	0.14002668	12.63868819	-0.41271482
0.16657028	12.70852159	-0.53471237	0.16708857	12.70828056	-0.53545270
0.12050015	12.52261188	-0.29548963	0.12069410	12.52268253	-0.29607098
0.16559382	13.14393150	-0.40173087	0.16593134	13.14385367	-0.40320151
0.26000459	13.03229119	-0.13406997	0.25991408	13.03261334	-0.13516712
0.29921700	12.91850058	-0.09118644	0.29909057	12.91886647	-0.09202945
0.32847433	12.73829608	-0.09518038	0.32840022	12.73863006	-0.09575974
0.34870337	12.55854414	-0.12368144	0.34869474	12.55881239	-0.12404631
0.24422062	12.85686707	-0.81746539	0.24484126	12.85671502	-0.81814400
0.33961898	12.37550976	-0.18525862	0.33964202	12.37567635	-0.18544826
0.18010635	13.05871443	-0.59441723	0.18083798	13.05841514	-0.59566708
0.20563835	12.98920506	-0.69292243	0.20635438	12.98895927	-0.69390389
0.89598892	11.95987339	-0.57113488	0.89593401	11.95966296	-0.57108463
0.82723339	12.01965906	-0.45664571	0.82723698	12.01965574	-0.45664270
0.93915123	11.92256585	-0.70498028	0.93907346	11.92222631	-0.70493388
0.74504328	12.33017657	-1.28693558	0.74480477	12.32982266	-1.28698783
0.46172878	12.61931592	-1.16661792	0.46177041	12.61925007	-1.16667046
0.35415666	12.65803564	-1.05908599	0.35425777	12.65804646	-1.05924405
0.28823312	12.66155305	-0.96146301	0.28837913	12.66157360	-0.96174711
0.27489279	12.69114323	-0.90070040	0.27519441	12.69110669	-0.90110399
0.25961571	12.70168902	-0.88817685	0.26012078	12.70155309	-0.88871767
0.21152170	12.68705449	-0.87067488	0.21208401	12.68683423	-0.87130290
0.12354137	12.70786625	-0.75701685	0.12420803	12.70747714	-0.75784702
0.01552080	12.73993970	-0.62778445	0.01625380	12.73930992	-0.62889353
-0.19374103	12.78095627	-0.56321286	-0.19300414	12.78034170	-0.56472391
-0.29707603	12.82211804	-0.61397677	-0.29621600	12.82135214	-0.61578657
-0.48133495	12.88336368	-0.70136315	-0.48029937	12.88231544	-0.70370666
-0.56340343	12.88658388	-0.68963022	-0.56241205	12.88564326	-0.69216155
-0.70956942	12.85730984	-0.54742397	-0.70887020	12.85680689	-0.55016225
-0.18794708	12.52719586	-0.11730011	-0.18803495	12.52757040	-0.11835852
0.14190430	12.35674404	-0.13966722	0.14186331	12.35705582	-0.14000839
0.31035022	12.38397247	-0.22334120	0.31041660	12.38411379	-0.22355451
0.38349984	12.29400753	-0.19541618	0.38351379	12.29409479	-0.19548378
0.46943438	12.23724837	-0.23889013	0.46944104	12.23728086	-0.23892074
0.71417719	12.09168840	-0.37177462	0.71418398	12.09167382	-0.37176969
0.29730319	12.51416218	-0.37009648	0.29755861	12.51417876	-0.37045096
0.58672114	12.77683435	-0.54267184	0.58717482	12.77670700	-0.54300670
0.30825518	12.98805533	-0.53368775	0.30881362	12.98794144	-0.53449631
0.03582349	12.99498680	-0.26943228	0.03598489	12.99508013	-0.27099690
0.10432367	13.07718188	-0.31470036	0.10453242	13.07721953	-0.31624246
0.32145898	12.86859766	-0.29721402	0.32168098	12.86870100	-0.29789996
0.03362889	12.96580688	-0.42794617	0.03408507	12.96559904	-0.42949074
0.12678333	13.04382578	-0.42379447	0.12719066	13.04366173	-0.42522951
0.37010538	12.82238596	-0.69571992	0.37069613	12.82225521	-0.69625526
0.15974186	13.02982075	-0.18498634	0.15972382	13.03007168	-0.18629316
0.22382272	12.81325710	-0.79660789	0.22443929	12.81304621	-0.79729733
0.33289016	12.75713045	-0.53333757	0.33336831	12.75700313	-0.53388408
0.33214634	12.88600182	-0.84380581	0.33276612	12.88592075	-0.84437479
0.39550850	12.43614945	-0.24604507	0.39560938	12.43624336	-0.24625168
0.24850363	13.04571062	-0.45106698	0.24894596	13.04562969	-0.45210025
0.47935554	12.68374722	-0.66902203	0.47982825	12.68359168	-0.66937369
0.70097882	12.74809576	-0.77364654	0.70145341	12.74784767	-0.77394069
0.32936620	12.94049061	-0.20347455	0.32943592	12.94070221	-0.20426059
-0.42481131	12.91165701	-0.25152092	-0.42466325	12.91181759	-0.25382919
0.15583531	13.08177016	-0.25488284	0.15592967	13.08192092	-0.25628982
0.32762267	12.94513081	-0.69083267	0.32827205	12.94498964	-0.69153526
-0.51179354	12.91119139	-0.29171004	-0.51156995	12.91127060	-0.29418332
0.23136965	13.03119369	-0.33315285	0.23161604	13.03124285	-0.33425595
0.29143410	12.45999923	-0.20194104	0.29149598	12.46018235	-0.20224449
0.12251509	13.09770149	-0.37696656	0.12283035	13.09761833	-0.37851690
0.21415553	13.07587864	-0.49394198	0.21467075	13.07573478	-0.49510010
0.25652382	12.61288035	-0.24681547	0.25665732	12.61301348	-0.24732399
0.17197477	12.93536926	-0.51290834	0.17256488	12.93511247	-0.51392857
0.28118328	12.89002487	-0.83408755	0.28181084	12.88992442	-0.83473160
0.28773093	12.83935843	-0.83703251	0.28831231	12.83926091	-0.83761448
0.23544570	13.02021900	-0.54887304	0.23605898	13.02002154	-0.54987725
0.37817319	12.79983639	-0.20029197	0.37827639	12.80001556	-0.20086004
0.50037227	12.59158199	-0.43390871	0.50068741	12.59153620	-0.43416311
0.30790866	12.76023465	-0.88908985	0.30831950	12.76019152	-0.88952346
0.16584627	12.96221662	-0.64841915	0.16657067	12.96189804	-0.64948406
0.39225922	12.37601723	-0.22270768	0.39231613	12.37611277	-0.22286384
0.35982961	12.48369883	-0.31334913	0.36001071	12.48375433	-0.31362086
0.19702744	12.86925658	-0.19063454	0.19706026	12.86948942	-0.19157896
0.39134681	12.72981002	-0.91085597	0.39165506	12.72976541	-0.91112912
0.30012561	12.79217669	-0.85078803	0.30064729	12.79209331	-0.85129189
0.14829290	13.11384699	-0.28764614	0.14843782	13.11394460	-0.28913292
0.41665909	12.60694855	-0.24872227	0.41679033	12.60706845	-0.24906698
0.21917043	12.85821068	-0.77364170	0.21982025	12.85798940	-0.77439930
0.43048515	12.71234325	-0.82833619	0.43092356	12.71222365	-0.82867783
0.82979780	12.74339471	-0.86897919	0.83024241	12.74304045	-0.86927593
0.56872806	12.79037196	-0.92848135	0.56920469	12.79018515	-0.92882186
0.34291750	12.68659237	-0.20095509	0.34300514	12.68677259	-0.20144964
0.25297260	12.76370641	-0.18428607	0.25301639	12.76393753	-0.18499516
