0.83643136	12.74404075	-0.41580083	0.83506685	12.74475943	-0.41535061
0.80363469	12.88156525	-0.44450057	0.80191089	12.88221770	-0.44405893
0.88290962	12.84225131	-0.54156003	0.88147751	12.84308710	-0.54100879
0.91859820	12.70971003	-0.52694405	0.91751025	12.71060985	-0.52637893
0.75925699	12.97131611	-0.50517411	0.75736920	12.97186118	-0.50477281
0.84251496	12.92746936	-0.58480073	0.84091600	12.92822064	-0.58428407
0.89427167	12.88589460	-0.64453589	0.89289595	12.88676829	-0.64396178
0.93456587	12.81689852	-0.63849426	0.93336747	12.81785833	-0.63788470
0.97190508	12.68841190	-0.63943151	0.97102157	12.68943111	-0.63880491
0.71340603	12.77066857	-1.16171367	0.71305494	12.77107395	-1.16147587
0.83620852	12.72296691	-1.13842037	0.83590003	12.72364852	-1.13803042
0.80159189	12.82892314	-1.06972074	0.80098802	12.82955408	-1.06934775
0.67895770	12.87254861	-1.08813061	0.67831692	12.87292866	-1.08791752
0.93718152	12.69170422	-1.07428475	0.93685185	12.69263030	-1.07376018
0.90086884	12.80203686	-1.01563301	0.90023401	12.80288929	-1.01512444
0.85899997	12.86970276	-0.96530122	0.85815652	12.87047640	-0.96482328
0.77963115	12.90900283	-0.98168558	0.77874008	12.90962395	-0.98130587
0.65678528	12.95227499	-0.98870020	0.65582218	12.95264281	-0.98847368
0.57456048	12.83460715	-0.20780744	0.57251670	12.83467845	-0.20774080
0.55205278	12.97068181	-0.25593580	0.54962807	12.97066830	-0.25589864
0.68976112	12.92706373	-0.34616614	0.68768984	12.92743693	-0.34589575
0.71540918	12.78830508	-0.30562269	0.71371672	12.78874250	-0.30534204
0.51984182	13.05588874	-0.34078912	0.51728412	13.05577046	-0.34078823
0.65174147	13.01627525	-0.42234873	0.64951783	13.01653758	-0.42211546
0.46026115	12.88038801	-1.06462466	0.45960554	12.88030113	-1.06470895
0.58867461	12.82897779	-1.13582160	0.58820655	12.82914441	-1.13575137
0.55462504	12.92086326	-1.06337595	0.55385621	12.92098790	-1.06331316
0.42776417	12.96169189	-0.99004563	0.42675919	12.96150714	-0.99014481
0.53031200	12.99462461	-0.96159736	0.52917900	12.99468491	-0.96152984
0.40248507	13.02955436	-0.88752245	0.40109140	13.02924702	-0.88764197
-0.04327766	12.96793561	-0.07727326	-0.04618928	12.96588215	-0.07839097
-0.17130192	12.97525900	-0.10115072	-0.17420728	12.97270586	-0.10252826
-0.17541458	13.04832883	-0.14816980	-0.17851262	13.04573912	-0.14957805
-0.05162125	13.05480218	-0.12178302	-0.05477963	13.05269756	-0.12294081
-0.28922119	12.97303525	-0.13888640	-0.29205477	12.97000115	-0.14050463
-0.29140603	13.03420598	-0.18765951	-0.29438419	13.03114388	-0.18930220
-0.29294228	13.07508721	-0.25341525	-0.29595339	13.07199352	-0.25507452
-0.17798453	13.09479557	-0.21466854	-0.18113117	13.09217191	-0.21609462
-0.05745540	13.10831020	-0.18806344	-0.06068797	13.10615882	-0.18924615
0.00996540	12.95086355	-0.60105657	0.00814059	12.94887711	-0.60204218
-0.00758507	13.01332326	-0.57612585	-0.00968869	13.01127966	-0.57715459
-0.08841935	13.01299933	-0.56695324	-0.09055087	13.01063318	-0.56816757
-0.07222930	12.95680531	-0.58201322	-0.07411281	12.95449819	-0.58317913
-0.02963790	13.06759607	-0.52950712	-0.03204397	13.06547845	-0.53059668
-0.11196867	13.05908624	-0.53183491	-0.11434964	13.05663472	-0.53310850
-0.20474121	13.04942295	-0.54909148	-0.20706409	13.04658753	-0.55055358
-0.18046185	13.00868646	-0.58447426	-0.18255180	13.00594413	-0.58587290
-0.16407249	12.95769027	-0.60136331	-0.16592508	12.95501354	-0.60271541
0.98814827	12.29881621	-0.66612688	0.98819290	12.29978899	-0.66554254
0.97207391	12.07908431	-0.68311583	0.97258049	12.07997817	-0.68262771
0.91600718	12.10301501	-0.54875185	0.91618094	12.10363336	-0.54836612
0.92731562	12.31133846	-0.53207426	0.92715135	12.31210419	-0.53159728
0.83571348	12.14985393	-0.42892622	0.83566756	12.15017970	-0.42868359
0.84020471	12.33428644	-0.40788277	0.83988345	12.33484190	-0.40752134
0.98409519	12.39100574	-1.13604923	0.98452624	12.39206993	-1.13548905
0.88823574	12.44907410	-1.20628514	0.88858169	12.44989176	-1.20584801
0.88820436	12.28960714	-1.23123234	0.88900068	12.29043813	-1.23079353
0.98174903	12.19962317	-1.15169827	0.98268386	12.20069384	-1.15115365
0.75853183	12.52129655	-1.23670010	0.75864237	12.52171514	-1.23643093
0.75889304	12.40131849	-1.26813297	0.75941206	12.40176259	-1.26784862
0.87879592	12.18465942	-1.23931761	0.87988059	12.18547585	-1.23889928
0.96603741	12.06459148	-1.15020555	0.96730205	12.06563136	-1.14971469
0.98904095	12.50842843	-0.65097772	0.98860339	12.50945423	-0.65036163
0.93045998	12.52281725	-0.52522114	0.92983654	12.52369359	-0.52467560
0.84407586	12.54939649	-0.40444062	0.84325063	12.55009377	-0.40401074
0.86775851	12.59471469	-1.17960839	0.86772630	12.59544210	-1.17920054
0.96738211	12.55488525	-1.11237616	0.96739881	12.55589231	-1.11182638
0.74175974	12.64890613	-1.20597524	0.74165459	12.64930426	-1.20570635
0.59361100	12.42127788	-0.22482599	0.59298687	12.42143486	-0.22472982
0.58581084	12.63569056	-0.20267144	0.58442583	12.63581113	-0.20260067
0.72245175	12.58919534	-0.29498494	0.72137804	12.58962768	-0.29472087
0.72258780	12.37410885	-0.30638960	0.72211922	12.37445391	-0.30617406
0.46739386	12.70426531	-1.15112706	0.46726249	12.70421700	-1.15115423
0.61169219	12.61577577	-1.21868956	0.61165939	12.61584921	-1.21861501
0.60691617	12.72082305	-1.18515741	0.60673615	12.72097887	-1.18507720
0.46983682	12.78816258	-1.11793879	0.46947086	12.78811462	-1.11800580
0.58628068	12.17498111	-0.30161836	0.58625223	12.17500621	-0.30160175
0.59504546	12.28180680	-0.26171853	0.59482141	12.28193776	-0.26163307
0.72202099	12.21824944	-0.33634609	0.72187701	12.21847727	-0.33620157
0.60264751	12.48705932	-1.25192449	0.60283801	12.48707372	-1.25192881
0.60773457	12.53480652	-1.24347034	0.60782327	12.53485425	-1.24345981
0.46235028	12.64848861	-1.16655710	0.46231426	12.64843092	-1.16656545
-0.02531513	12.69070969	-0.07481234	-0.02718089	12.68874728	-0.07580912
-0.17612582	12.75393235	-0.08458001	-0.17821209	12.75137910	-0.08589093
-0.17032916	12.87708977	-0.08246254	-0.17289512	12.87455188	-0.08380633
-0.03132448	12.84497232	-0.06479240	-0.03378918	12.84297800	-0.06584803
-0.31319726	12.80067236	-0.11114218	-0.31541162	12.79755874	-0.11274535
-0.29760953	12.89637975	-0.11508254	-0.30019059	12.89332408	-0.11669140
0.00971420	12.81886947	-0.63029008	0.00838278	12.81682480	-0.63128759
0.01432117	12.88603209	-0.61737987	0.01275867	12.88404357	-0.61835350
-0.06724464	12.89468362	-0.59088920	-0.06887794	12.89238682	-0.59203222
-0.07348327	12.82912159	-0.59503710	-0.07486984	12.82678417	-0.59619600
-0.15907425	12.90044043	-0.60921278	-0.16068716	12.89778369	-0.61054147
-0.16729450	12.83951173	-0.60784791	-0.16868111	12.83682649	-0.60917764
-0.04268689	12.39403981	-0.12833887	-0.04334320	12.39199862	-0.12926548
-0.19184621	12.60612935	-0.10227491	-0.19333020	12.60351165	-0.10356225
-0.03329227	12.51971741	-0.09820428	-0.03447371	12.51772352	-0.09915605
-0.34277139	12.59410333	-0.14313594	-0.34410183	12.59085644	-0.14472591
-0.33218431	12.68221923	-0.12299556	-0.33390592	12.67902443	-0.12459328
0.00187873	12.75128522	-0.64448330	0.00079096	12.74919132	-0.64558228
-0.09298810	12.76274086	-0.59313938	-0.09420606	12.76033907	-0.59437728
-0.11087993	12.73588554	-0.57311070	-0.11204215	12.73341419	-0.57438698
-0.19034253	12.77670825	-0.59579497	-0.19152240	12.77393550	-0.59715582
-0.41042249	12.96648232	-0.18948456	-0.41313927	12.96293166	-0.19134734
-0.40348650	13.01680656	-0.23533085	-0.40631350	13.01326379	-0.23719868
-0.51899459	12.95662281	-0.24706572	-0.52156634	12.95259483	-0.24915050
-0.49997390	12.99786201	-0.28802559	-0.50263009	12.99389639	-0.29008615
-0.47826828	13.03158058	-0.33820900	-0.48095878	13.02768490	-0.34023676
-0.39392561	13.05394560	-0.29458720	-0.39678212	13.05042014	-0.29644530
-0.28441071	13.00383354	-0.60508398	-0.28645287	13.00065449	-0.60669711
-0.26851780	12.95888255	-0.62964385	-0.27032861	12.95576283	-0.63121044
-0.30615877	13.03991559	-0.56505411	-0.30842660	13.03665851	-0.56672388
-0.40041961	13.02911770	-0.57447820	-0.40263339	13.02544969	-0.57634294
-0.38418176	12.99816970	-0.61906631	-0.38618121	12.99454998	-0.62088524
-0.37320446	12.96004265	-0.65267361	-0.37497853	12.95645171	-0.65445240
-0.26842570	12.91032016	-0.64526189	-0.27000801	12.90719633	-0.64681129
-0.37946333	12.92098277	-0.67740119	-0.38102624	12.91734868	-0.67917305
-0.39318134	12.88342641	-0.69162130	-0.39455573	12.87971614	-0.69339542
-0.27990999	12.86061464	-0.64975257	-0.28128204	12.85743727	-0.65130344
-0.56069422	12.84984375	-0.20662767	-0.56291036	12.84565447	-0.20875383
-0.57721093	12.72738285	-0.21224912	-0.57890936	12.72311441	-0.21436154
-0.65377656	12.76228676	-0.27050289	-0.65549554	12.75766713	-0.27278091
-0.63830411	12.85875426	-0.26958034	-0.64042569	12.85420443	-0.27186882
-0.58217804	12.62255662	-0.22958822	-0.58340108	12.61825281	-0.23167746
-0.65870475	12.67948863	-0.28255326	-0.66005489	12.67483826	-0.28480692
-0.70842144	12.74822275	-0.35297818	-0.70990924	12.74332745	-0.35535707
-0.70358004	12.80067481	-0.34714322	-0.70530013	12.79580590	-0.34953248
-0.68921067	12.86417689	-0.34860655	-0.69119305	12.85937123	-0.35099827
-0.47273685	12.61523681	-0.18049769	-0.47404429	12.61142426	-0.18236503
-0.46458494	12.71170896	-0.16146364	-0.46633276	12.70794298	-0.16334325
-0.44607597	12.83165367	-0.15306263	-0.44832853	12.82797113	-0.15494699
-0.48944068	12.89696216	-0.70343878	-0.49084509	12.89281988	-0.70541916
-0.49563249	12.86980702	-0.71403162	-0.49689657	12.86562974	-0.71600863
-0.40453937	12.84991088	-0.69357184	-0.40576711	12.84614402	-0.69534505
-0.57638576	12.90027614	-0.68425625	-0.57784293	12.89575562	-0.68641516
-0.58040068	12.87344475	-0.69900821	-0.58171111	12.86889644	-0.70116012
-0.41508364	12.83291499	-0.68327294	-0.41625967	12.82910665	-0.68505339
-0.29863656	12.81207221	-0.64198854	-0.29982688	12.80881316	-0.64355099
0.88786491	12.89375043	-0.89603503	0.88685637	12.89459453	-0.89549862
0.78591761	12.95845988	-0.88317238	0.78474356	12.95909266	-0.88274744
0.90235491	12.90855939	-0.80700405	0.90116494	12.90944303	-0.80643738
0.80484718	12.97879195	-0.77819869	0.80344950	12.97946761	-0.77772658
0.69140735	13.03137241	-0.73858068	0.68975686	13.03176649	-0.73825916
0.66522617	13.00689333	-0.86801213	0.66389906	13.00725641	-0.86773151
0.90212404	12.90480306	-0.71498230	0.90081535	12.90569415	-0.71440071
0.82006843	12.97038616	-0.67150394	0.81849918	12.97109112	-0.67101220
0.72245624	13.02022231	-0.61093910	0.72062138	13.02067708	-0.61057589
0.99592651	12.68267001	-0.97858663	0.99550373	12.68374978	-0.97796605
0.95460604	12.80336623	-0.93368549	0.95385900	12.80435646	-0.93309152
1.01751703	12.68369140	-0.86680012	1.01695611	12.68482130	-0.86613636
0.97267120	12.81327183	-0.83647636	0.97176450	12.81430986	-0.83583978
1.00719521	12.68252061	-0.75347438	1.00648244	12.68362303	-0.75281168
0.96518509	12.81272303	-0.73709727	0.96413530	12.81374585	-0.73646095
0.54236737	13.04875489	-0.82474049	0.54081924	13.04879707	-0.82463055
0.57522036	13.07478481	-0.67553318	0.57331193	13.07486182	-0.67537437
0.44756212	13.10887903	-0.59555097	0.44533150	13.10854987	-0.59562133
0.41457147	13.08175206	-0.74757853	0.41273330	13.08137935	-0.74767953
0.61257460	13.06461241	-0.53715377	0.61042081	13.06476497	-0.53695742
0.48369148	13.10106406	-0.45722515	0.48120601	13.10082888	-0.45726333
-0.41013041	13.04656483	-0.51677172	-0.41252656	13.04288316	-0.51866208
-0.49286248	13.02637670	-0.52995722	-0.49515700	13.02232204	-0.53201447
-0.47217658	13.01531650	-0.57210066	-0.47434272	13.01133081	-0.57410794
-0.42310152	13.05256006	-0.45390570	-0.42564736	13.04885046	-0.45582590
-0.51558830	13.02785776	-0.48565286	-0.51797603	13.02372771	-0.48775906
-0.59888297	12.99961973	-0.51533734	-0.60109843	12.99510701	-0.51760666
-0.56095366	13.00238816	-0.54758030	-0.56311799	12.99802286	-0.54977135
-0.52292795	13.00153543	-0.57347948	-0.52503797	12.99732436	-0.57558982
-0.44928569	13.04873117	-0.39394364	-0.45193254	13.04493516	-0.39591672
-0.52990104	13.02344011	-0.43442653	-0.53237090	13.01927401	-0.43656055
-0.54504848	13.00867403	-0.38361973	-0.54755756	13.00446853	-0.38577890
-0.58971289	12.99057905	-0.41619460	-0.59208454	12.98616579	-0.41844058
-0.60120267	12.99541725	-0.46488136	-0.60349711	12.99092507	-0.46715336
-0.04783601	13.10671216	-0.44800736	-0.05055299	13.10453268	-0.44915349
-0.13843568	13.09119701	-0.46175251	-0.14108222	13.08865714	-0.46308956
-0.05931855	13.12871623	-0.35287337	-0.06230365	13.12651025	-0.35405458
-0.16115080	13.10892333	-0.37553393	-0.16403421	13.10631795	-0.37692338
-0.26083697	13.08874512	-0.40768020	-0.26359578	13.08572778	-0.40927365
-0.23334057	13.07553161	-0.48574498	-0.23589216	13.07259877	-0.48727552
-0.06129755	13.13110696	-0.26566180	-0.06446398	13.12891762	-0.26685432
-0.17379452	13.11253805	-0.29183619	-0.17685753	13.10990671	-0.29325535
-0.28185236	13.09095623	-0.32831496	-0.28477593	13.08787944	-0.32995462
1.00446701	11.98642100	-1.05359647	1.00577762	11.98753366	-1.05308696
1.02354594	12.13185404	-1.05111854	1.02451405	12.13301199	-1.05053300
1.00622731	11.94136075	-0.94843217	1.00747530	11.94244399	-0.94795206
1.02889672	12.08854597	-0.93688205	1.02980176	12.08968757	-0.93630227
1.04256546	12.30669384	-0.92075530	1.04294384	12.30787313	-0.92011327
1.03179736	12.34121846	-1.03686118	1.03223636	12.34238959	-1.03623696
0.98593316	11.92404792	-0.83010832	0.98703198	11.92504333	-0.82968667
1.01074569	12.07251148	-0.81377017	1.01150425	12.07356900	-0.81322785
1.02737512	12.29499263	-0.79647683	1.02761547	12.29610314	-0.79584592
1.02238573	12.52679550	-1.01232751	1.02235866	12.52793795	-1.01169663
1.04001252	12.50960029	-0.89679671	1.03988602	12.51077373	-0.89613115
1.02725981	12.50377280	-0.77555873	1.02699176	12.50490449	-0.77489821
-0.66284712	12.89343683	-0.63262520	-0.66437328	12.88853785	-0.63495552
-0.66885458	12.86354885	-0.64459521	-0.67022444	12.85860734	-0.64691413
-0.72122585	12.88180086	-0.55323287	-0.72286065	12.87672173	-0.55568223
-0.73078549	12.84539068	-0.55931815	-0.73225257	12.84026341	-0.56175644
-0.67014480	12.84012536	-0.64597745	-0.67140754	12.83517574	-0.64828176
-0.72359673	12.87191835	-0.45093737	-0.72539926	12.86691362	-0.45339323
-0.73592430	12.82648941	-0.45193268	-0.73753968	12.82143431	-0.45438726
-0.73796262	12.79072347	-0.45364719	-0.73942959	12.78565811	-0.45608460
-0.32382997	13.06177263	-0.50306515	-0.32630718	13.05846432	-0.50477820
-0.34334351	13.07146040	-0.43095545	-0.34599687	13.06809416	-0.43271093
-0.37023336	13.07048070	-0.36067488	-0.37302527	13.06702936	-0.36248873
-0.61944944	12.91165739	-0.28223890	-0.62176317	12.90718311	-0.28451222
-0.53994386	12.91670267	-0.21910151	-0.54240959	12.91259789	-0.22121270
-0.67251859	12.90478570	-0.35777868	-0.67465103	12.90004726	-0.36015478
-0.64995594	12.93492002	-0.37452223	-0.65217911	12.93027033	-0.37686454
-0.59698237	12.94421106	-0.30647078	-0.59938352	12.93982235	-0.30871104
-0.42610363	12.91067635	-0.16236458	-0.42865407	12.90707365	-0.16423885
-0.47729399	12.92824769	-0.68501352	-0.47887053	12.92417281	-0.68698810
-0.46643265	12.96084265	-0.65681752	-0.46820512	12.95683346	-0.65878483
-0.55073367	12.95813350	-0.64039478	-0.55252724	12.95375543	-0.64253651
-0.56572761	12.92935987	-0.66643356	-0.56734695	12.92489801	-0.66858743
-0.68132541	12.93986559	-0.54130484	-0.68323327	12.93497150	-0.54371269
-0.70495894	12.91186515	-0.54777528	-0.70673297	12.90686115	-0.55021264
-0.64984254	12.92196457	-0.61975243	-0.65152017	12.91714032	-0.62207701
-0.62976452	12.94955753	-0.60181160	-0.63159732	12.94484106	-0.60411391
-0.65004539	12.96974455	-0.53219296	-0.65209851	12.96499409	-0.53455360
-0.60338548	12.97651326	-0.57465294	-0.60538604	12.97193672	-0.57691822
-0.53356365	12.98428086	-0.60101967	-0.53554660	12.98000465	-0.60314164
-0.70692526	12.90552033	-0.45342883	-0.70886358	12.90058441	-0.45587154
-0.68317451	12.93417363	-0.45921458	-0.68522190	12.92933425	-0.46162624
-0.61826250	12.96673254	-0.39870698	-0.62056984	12.96220658	-0.40099952
-0.65011572	12.96504572	-0.46809232	-0.65227479	12.96033942	-0.47045101
-0.56983982	12.97942299	-0.34060780	-0.57231555	12.97513500	-0.34280629
-0.46403808	12.99168854	-0.61678268	-0.46601947	12.98771490	-0.61876150
0.14824434	13.10570340	-0.19351440	0.14506967	13.10433019	-0.19426252
0.11867106	13.14271779	-0.27956228	0.11551978	13.14121585	-0.28036992
0.14696678	13.13157701	-0.29364890	0.14389355	13.13018070	-0.29439326
0.18079814	13.09352603	-0.20436703	0.17770148	13.09227394	-0.20504364
0.09954046	13.14832028	-0.37506395	0.09655263	13.14672608	-0.37590580
0.12620503	13.13790525	-0.39135841	0.12329645	13.13641456	-0.39213426
0.15198586	13.12278659	-0.30349155	0.14896936	13.12140838	-0.30422243
0.18556711	13.08525715	-0.21062745	0.18251766	13.08402172	-0.21129176
0.15833774	13.13073114	-0.30444878	0.15529745	13.12937568	-0.30516741
0.19062247	13.09198002	-0.20542226	0.18754001	13.09076359	-0.20607818
0.14052469	13.13646892	-0.40812437	0.13766309	13.13503222	-0.40886380
0.18467719	13.14400400	-0.43301879	0.18185221	13.14273318	-0.43365797
0.20479133	13.13772299	-0.32137558	0.20177816	13.13653505	-0.32199178
0.23653373	13.09699904	-0.21533873	0.23346729	13.09594461	-0.21590137
0.22844783	12.92278958	-0.07101850	0.22573862	12.92175023	-0.07158232
0.18805340	13.03745163	-0.11784535	0.18499717	13.03624509	-0.11850934
0.22485377	13.02600579	-0.12845641	0.22187020	13.02493118	-0.12904161
0.26865375	12.91091070	-0.08335933	0.26601895	12.91001539	-0.08384209
0.23513932	13.02440078	-0.12872464	0.23216734	13.02336192	-0.12928916
0.27996304	12.90940719	-0.08653993	0.27734411	12.90855008	-0.08700149
0.28046853	13.02455643	-0.13517741	0.27751996	13.02368166	-0.13564999
0.32413154	12.90317805	-0.09163476	0.32155652	12.90247384	-0.09201256
0.35667972	12.71559003	-0.09453715	0.35479099	12.71502324	-0.09482687
0.31602446	12.72785685	-0.09089053	0.31407584	12.72715331	-0.09125472
0.38214054	12.52150606	-0.12413716	0.38100435	12.52107171	-0.12433578
0.34357844	12.54414320	-0.12019631	0.34234661	12.54357095	-0.12046437
0.30449297	12.72965595	-0.08637145	0.30252751	12.72891391	-0.08675565
0.33119169	12.54650762	-0.11549207	0.32993951	12.54589311	-0.11578062
0.28471559	12.55858212	-0.09825763	0.28338592	12.55779974	-0.09863032
0.26155795	12.74550999	-0.07116956	0.25950180	12.74461214	-0.07163466
0.25958313	12.77547670	-0.92411891	0.25902243	12.77481936	-0.92451963
0.24659040	12.84456781	-0.89937224	0.24575661	12.84382160	-0.89979754
0.22604154	12.84868420	-0.84075788	0.22508663	12.84780836	-0.84123393
0.23960549	12.78885745	-0.86438344	0.23889395	12.78805716	-0.86484066
0.22763371	12.91498918	-0.84921673	0.22647638	12.91412109	-0.84967304
0.20651540	12.91172769	-0.79412620	0.20524614	12.91072985	-0.79463920
0.21272297	12.90731720	-0.77619243	0.21143070	12.90631976	-0.77669688
0.23991991	12.79441853	-0.84361366	0.23915679	12.79359884	-0.84407656
0.20927487	12.84796942	-0.82664322	0.20828793	12.84699910	-0.82716034
0.21715393	12.79149259	-0.84988150	0.21641826	12.79058229	-0.85040623
0.19501230	12.91021917	-0.78451377	0.19371916	12.90914734	-0.78505308
0.15348639	12.91994685	-0.77074057	0.15212484	12.91868216	-0.77136936
0.16490842	12.85410429	-0.80917746	0.16386006	12.85293394	-0.80979337
0.17023120	12.79132314	-0.83079030	0.16945840	12.79020119	-0.83142416
0.26754936	12.70565051	-0.94885358	0.26726712	12.70500796	-0.94920537
0.25007195	12.72853437	-0.88855324	0.24961638	12.72779978	-0.88899224
0.25090632	12.74377835	-0.86622968	0.25036329	12.74302174	-0.86668096
0.27018273	12.70844657	-0.87902415	0.26978662	12.70778312	-0.87942723
0.22892229	12.73463509	-0.87684793	0.22844467	12.73379371	-0.87736340
0.18036868	12.72458809	-0.86077436	0.17990784	12.72353600	-0.86142400
0.27896941	12.31895721	-0.16519308	0.27865859	12.31819330	-0.16548686
0.29184987	12.41619761	-0.13157403	0.29107984	12.41548721	-0.13187171
0.34008876	12.41665078	-0.14705368	0.33935509	12.41614102	-0.14726358
0.32885361	12.34695190	-0.17940466	0.32844588	12.34642908	-0.17959684
0.34375230	12.42931714	-0.15435903	0.34298697	12.42881466	-0.15456977
0.35424980	12.41027553	-0.15187380	0.35355533	12.40982465	-0.15205838
0.34354859	12.34271002	-0.18508146	0.34315437	12.34229478	-0.18519853
0.39294835	12.37885186	-0.15954945	0.39239191	12.37857272	-0.15965663
0.09129975	13.12202922	-0.48021545	0.08861839	13.12038923	-0.48105216
0.12184014	13.10990302	-0.49347620	0.11923690	13.10838547	-0.49423928
0.09831571	13.06955775	-0.58771874	0.09604248	13.06795637	-0.58851090
0.13429947	13.05595506	-0.59748412	0.13210267	13.05450847	-0.59819058
0.13436929	13.09911622	-0.49984741	0.13182320	13.09765106	-0.50058033
0.13991458	13.10580969	-0.49984790	0.13734826	13.10436625	-0.50056860
0.15361111	13.05024517	-0.59315905	0.15143758	13.04888077	-0.59382013
0.18046233	13.05706528	-0.63157823	0.17836140	13.05582491	-0.63216596
0.17574822	13.11309396	-0.53136625	0.17323824	13.11179445	-0.53199508
0.20149563	12.98849659	-0.74884883	0.19988593	12.98742726	-0.74936623
0.17892204	12.98216598	-0.70151313	0.17721831	12.98097242	-0.70209488
0.16417898	12.98435660	-0.70139603	0.16245311	12.98309426	-0.70201122
0.12496361	12.99700081	-0.69107609	0.12315949	12.99556235	-0.69177964
0.36385192	13.08381649	-0.26613194	0.36098469	13.08320347	-0.26642850
0.40073482	13.00488644	-0.18159964	0.39799611	13.00441113	-0.18183707
0.43332020	12.87555042	-0.13455636	0.43095844	12.87520388	-0.13473252
0.29766742	12.98329767	-0.86506595	0.29634314	12.98267489	-0.86536958
0.32607120	12.90738783	-0.95398338	0.32513714	12.90693865	-0.95425234
0.27447437	13.05060742	-0.75360439	0.27269676	13.04981484	-0.75395668
0.10743236	12.94605914	-0.06808450	0.10460795	12.94457770	-0.06889095
0.08262455	13.04910984	-0.11365580	0.07949294	13.04751554	-0.11453420
0.05999788	13.11137862	-0.18444942	0.05676470	13.10967579	-0.18538447
0.06544929	13.00737067	-0.63351995	0.06348576	13.00564887	-0.63437220
0.04190411	13.07219680	-0.55667531	0.03954849	13.07036504	-0.55760317
0.08841602	12.93642513	-0.68682888	0.08682387	12.93483148	-0.68761341
0.45514132	12.68147915	-0.13369866	0.45346245	12.68123513	-0.13381693
0.47296881	12.47351201	-0.16164177	0.47207367	12.47337576	-0.16170907
0.33905122	12.82775689	-1.00665985	0.33846349	12.82740561	-1.00689757
0.34272470	12.75271712	-1.03546035	0.34238160	12.75236359	-1.03565535
0.48002384	12.33711422	-0.19915059	0.47968142	12.33707471	-0.19914590
0.34410453	12.69286451	-1.05370287	0.34399204	12.69252246	-1.05384771
0.14753650	12.45768611	-0.11092067	0.14658536	12.45639333	-0.11150922
0.14716972	12.61382258	-0.08219033	0.14560171	12.61252261	-0.08283115
0.10051623	12.73755710	-0.75757703	0.09980216	12.73609833	-0.75840515
0.09661585	12.80502836	-0.73289609	0.09557824	12.80350551	-0.73368511
0.13124235	12.79246356	-0.06253416	0.12898164	12.79108794	-0.06325653
0.09559779	12.86977941	-0.71463802	0.09428948	12.86822142	-0.71540904
0.30194133	13.13349845	-0.50510174	0.29936036	13.13266833	-0.50546618
0.27951727	13.10435957	-0.63175551	0.27729985	13.10349854	-0.63212276
0.33052200	13.12653572	-0.37885117	0.32771902	13.12579253	-0.37919764
0.03259204	13.14370820	-0.35741511	0.02957394	13.14185805	-0.35840245
0.03168894	13.11898306	-0.45944637	0.02896399	13.11711179	-0.46041946
0.04268582	13.14188088	-0.26571108	0.03949565	13.14009176	-0.26668421
0.88707908	11.97233055	-0.58305965	0.88754573	11.97291018	-0.58289205
0.81676000	12.01719950	-0.47386000	0.81676000	12.01719950	-0.47386000
0.93114103	11.94710596	-0.71060847	0.93196415	11.94792346	-0.71030337
0.91744113	12.01341222	-0.71520149	0.91814200	12.01421353	-0.71487544
0.87899149	12.05855055	-0.62923996	0.87941366	12.05920073	-0.62897043
0.80777058	12.11825498	-0.52653105	0.80791675	12.11863307	-0.52630295
0.96703111	11.94108946	-0.83390298	0.96810037	11.94204931	-0.83350621
0.98778648	11.95786239	-0.94460356	0.98899262	11.95890562	-0.94414444
0.95300217	12.07506117	-0.92801248	0.95392441	12.07602855	-0.92755064
0.93747815	12.04415723	-0.81101577	0.93828987	12.04506008	-0.81061988
0.98750954	12.00030908	-1.03750853	0.98876442	12.00137881	-1.03701883
0.95222179	12.07423642	-1.12462048	0.95342926	12.07523801	-1.12414422
0.92731001	12.13630326	-1.10242693	0.92833605	12.13723622	-1.10196418
0.95087040	12.11002142	-1.02569061	0.95185333	12.11100086	-1.02520873
0.86981751	12.19021414	-1.21651684	0.87085938	12.19100399	-1.21610713
0.74991929	12.33746213	-1.26838062	0.75063476	12.33788553	-1.26809040
0.75223840	12.36597390	-1.19664823	0.75278823	12.36642072	-1.19636321
0.86605181	12.23600719	-1.15381251	0.86689725	12.23678392	-1.15340067
0.60306453	12.48314280	-1.23783250	0.60325054	12.48315602	-1.23783849
0.47119772	12.61306264	-1.15287288	0.47120580	12.61300984	-1.15288381
0.49420000	12.61570000	-1.07906000	0.49420000	12.61570000	-1.07906000
0.61447000	12.50220000	-1.16283000	0.61447000	12.50220000	-1.16283000
0.38302981	12.64520581	-1.05057799	0.38303669	12.64502359	-1.05064013
0.33157682	12.64296112	-0.95906266	0.33154465	12.64257109	-0.95922954
0.37140000	12.64100070	-0.89641000	0.37140000	12.64100070	-0.89641000
0.41679000	12.64250090	-0.98287004	0.41679000	12.64250090	-0.98287004
0.31099363	12.67353671	-0.90089100	0.31074717	12.67305332	-0.90116867
0.30537417	12.70056327	-0.87378559	0.30498432	12.70004719	-0.87409958
0.33296817	12.68869402	-0.81584981	0.33250455	12.68821975	-0.81610982
0.34327237	12.66520254	-0.84291527	0.34291504	12.66485449	-0.84312230
0.29713746	12.68749630	-0.87822656	0.29681919	12.68695041	-0.87857894
0.25394481	12.67459679	-0.85027465	0.25362135	12.67382075	-0.85076512
0.29247976	12.67270198	-0.77960343	0.29199463	12.67202339	-0.77999871
0.33236560	12.67724096	-0.81475824	0.33194990	12.67676269	-0.81503465
0.14369340	12.70406398	-0.72474230	0.14303005	12.70277009	-0.72548697
0.00184441	12.74244489	-0.58951434	0.00061459	12.74024985	-0.59063522
0.00614576	12.78536068	-0.50988012	0.00473166	12.78331553	-0.51089503
0.16431310	12.71835370	-0.64822721	0.16340228	12.71705173	-0.64890040
-0.11438940	12.78901558	-0.52492567	-0.11575143	12.78655385	-0.52616059
-0.22303918	12.81827823	-0.52997546	-0.22448598	12.81539067	-0.53140203
-0.22901538	12.88692113	-0.47011295	-0.23084588	12.88402397	-0.47157523
-0.11898718	12.84906688	-0.45485635	-0.12070164	12.84661103	-0.45609127
-0.32830521	12.83595114	-0.59124736	-0.32968468	12.83258984	-0.59287847
-0.42660011	12.84475446	-0.66017901	-0.42786929	12.84091451	-0.66199613
-0.44452644	12.87209485	-0.60861544	-0.44601185	12.86821239	-0.61049086
-0.33975557	12.88890653	-0.53655482	-0.34145991	12.88552202	-0.53823588
-0.51460478	12.84606035	-0.68898232	-0.51581502	12.84181330	-0.69098387
-0.59446714	12.84093392	-0.67790751	-0.59566896	12.83633110	-0.68007032
-0.59409789	12.84345328	-0.64256913	-0.59538212	12.83887169	-0.64473081
-0.53765427	12.85340115	-0.64099577	-0.53899029	12.84907946	-0.64304957
-0.66894066	12.83136352	-0.62712969	-0.67020359	12.82643412	-0.62942602
-0.71850866	12.81374108	-0.54808811	-0.71986930	12.80867554	-0.55047514
-0.68212891	12.83073611	-0.51945522	-0.68361419	12.82585120	-0.52179202
-0.64422923	12.84101508	-0.59592455	-0.64559697	12.83623034	-0.59818315
-0.72367629	12.78616176	-0.45283721	-0.72512516	12.78115632	-0.45524429
-0.69640107	12.73981985	-0.36282633	-0.69783353	12.73497068	-0.36517751
-0.67486929	12.74695843	-0.37556112	-0.67630537	12.74219463	-0.37787078
-0.68778556	12.79331131	-0.43592517	-0.68929529	12.78846404	-0.43826804
-0.64822955	12.66646197	-0.29933559	-0.64949168	12.66184908	-0.30156393
-0.57350448	12.60788066	-0.24980618	-0.57462384	12.60360663	-0.25187478
-0.55725641	12.66758068	-0.28094127	-0.55856305	12.66336581	-0.28299347
-0.63409087	12.70907656	-0.33164427	-0.63546180	12.70450954	-0.33385907
-0.46675276	12.60579487	-0.20127432	-0.46797495	12.60199938	-0.20312731
-0.33894045	12.58873565	-0.16370499	-0.34020896	12.58549729	-0.16528744
-0.32258390	12.64287310	-0.19243733	-0.32400580	12.63969236	-0.19400609
-0.44919494	12.66372762	-0.23097774	-0.45059897	12.65999804	-0.23281242
-0.19822483	12.48882665	-0.14784522	-0.19917996	12.48616992	-0.14910734
-0.04479470	12.37852678	-0.15208336	-0.04534754	12.37646905	-0.15300874
-0.04454642	12.44811823	-0.18345274	-0.04530071	12.44605326	-0.18440571
-0.18854815	12.55176510	-0.17672896	-0.18968099	12.54913559	-0.17799689
0.11923068	12.32458722	-0.16934782	0.11890652	12.32316126	-0.16994744
0.24892204	12.31151702	-0.19241613	0.24868989	12.31061781	-0.19276798
0.22672163	12.37004729	-0.24506886	0.22633784	12.36903908	-0.24548219
0.10751391	12.39123989	-0.21123522	0.10700611	12.38976001	-0.21187982
0.29777749	12.34823148	-0.21283903	0.29742470	12.34755882	-0.21309927
0.28071953	12.43061186	-0.28318040	0.28014390	12.42981763	-0.28352603
0.27355503	12.40259285	-0.26921524	0.27306900	12.40177561	-0.26955894
0.30915448	12.33992210	-0.22491182	0.30878238	12.33936751	-0.22511404
0.34620000	12.27620000	-0.23202000	0.34620000	12.27620000	-0.23202000
0.31628091	12.32635943	-0.29326410	0.31602226	12.32577026	-0.29350378
0.28111706	12.38928711	-0.28406170	0.28065720	12.38851163	-0.28438184
0.44425997	12.21770000	-0.27141000	0.44425997	12.21770000	-0.27141000
0.57587000	12.16340070	-0.32883000	0.57587000	12.16340070	-0.32883000
0.56888952	12.24289270	-0.38261782	0.56882731	12.24291793	-0.38257439
0.42640988	12.28336418	-0.32880632	0.42630422	12.28314523	-0.32888347
0.70622003	12.08180000	-0.39380000	0.70622003	12.08180000	-0.39380000
0.70029033	12.18322886	-0.44637737	0.70030612	12.18344258	-0.44624966
0.76662815	12.39917563	-1.04567795	0.76693909	12.39972063	-1.04538938
0.87262567	12.25311874	-1.04329815	0.87329018	12.25391592	-1.04288410
0.78424096	12.38291627	-0.85725035	0.78438001	12.38349319	-0.85693304
0.88046137	12.23178647	-0.90282985	0.88099548	12.23259039	-0.90241936
0.79692619	12.26806664	-0.66961193	0.79706086	12.26861234	-0.66930535
0.87977127	12.15752776	-0.75105148	0.88025163	12.15828712	-0.75068058
0.53105253	12.60864506	-0.90279597	0.53084054	12.60871240	-0.90275942
0.64662235	12.52475288	-0.98946474	0.64659994	12.52499678	-0.98933521
0.56043561	12.53841393	-0.69132863	0.56005399	12.53844579	-0.69128713
0.67589562	12.48180910	-0.77954018	0.67573406	12.48213172	-0.77934926
0.56793382	12.38622140	-0.51088414	0.56769576	12.38623809	-0.51084140
0.69124209	12.34307740	-0.58742457	0.69113970	12.34337782	-0.58723465
-0.24070539	12.88223229	-0.38541872	-0.24268869	12.87931394	-0.38690290
-0.13369288	12.84249288	-0.36812748	-0.13555415	12.84000801	-0.36938670
-0.26147106	12.82407516	-0.29887671	-0.26340063	12.82110460	-0.30038457
-0.15327579	12.77790841	-0.28394845	-0.15506133	12.77537939	-0.28522478
-0.03305876	12.71446327	-0.31747667	-0.03454682	12.71240000	-0.31850218
-0.01109383	12.78013780	-0.41351409	-0.01265327	12.77812571	-0.41453090
-0.29307665	12.73288625	-0.23620504	-0.29476979	12.72981079	-0.23774496
-0.17286824	12.66412553	-0.22151338	-0.17433977	12.66154167	-0.22279016
-0.04240143	12.58247452	-0.24012048	-0.04354922	12.58040068	-0.24111965
-0.57502559	12.87290409	-0.56024153	-0.57660371	12.86846193	-0.56238559
-0.60978773	12.86570410	-0.46880618	-0.61152443	12.86117095	-0.47102550
-0.50862317	12.88836104	-0.40671274	-0.51058427	12.88430297	-0.40874153
-0.47468975	12.90190795	-0.51201199	-0.47649170	12.89794676	-0.51397067
-0.62500499	12.79314760	-0.38978780	-0.62660445	12.78859208	-0.39201408
-0.53625519	12.78564726	-0.33046396	-0.53794804	12.78150311	-0.33251182
-0.35921088	12.90354687	-0.44302051	-0.36116251	12.90011679	-0.44475123
-0.38609913	12.86772319	-0.34453901	-0.38810778	12.86421841	-0.34631421
-0.41952844	12.76944421	-0.27601227	-0.42127566	12.76582309	-0.27782063
0.28587980	12.62897035	-0.65605713	0.28526791	12.62813571	-0.65649292
0.32834572	12.62788935	-0.67875394	0.32778294	12.62723413	-0.67910716
0.25939089	12.56084346	-0.50606350	0.25876080	12.55988997	-0.50652004
0.30598353	12.56195408	-0.51520154	0.30536575	12.56118192	-0.51557144
0.30895399	12.58013736	-0.49961655	0.30823325	12.57937636	-0.49997972
0.32841177	12.64210941	-0.67021665	0.32777312	12.64144923	-0.67056050
0.33644316	12.62504763	-0.69276516	0.33587862	12.62442300	-0.69309786
0.31209047	12.56607335	-0.51439084	0.31143297	12.56532693	-0.51475034
0.34578809	12.54758915	-0.55455396	0.34524494	12.54695701	-0.55486154
0.36719237	12.60769695	-0.74267041	0.36674911	12.60717928	-0.74294734
0.32189917	12.43259444	-0.40214199	0.32145102	12.43191121	-0.40244595
0.28775166	12.47809184	-0.37947075	0.28714725	12.47729226	-0.37983827
0.28206686	12.48185439	-0.37457988	0.28147193	12.48102683	-0.37495496
0.23484858	12.46565382	-0.35909504	0.23428828	12.46464517	-0.35955283
0.43982075	12.54965753	-0.61488091	0.43933482	12.54933304	-0.61503152
0.43495956	12.61870072	-0.81644051	0.43463649	12.61847552	-0.81654841
0.43005517	12.40808487	-0.44751666	0.42972734	12.40775900	-0.44764986
0.12582722	12.62338447	-0.41649786	0.12483570	12.62193179	-0.41720702
0.15157933	12.69420794	-0.53890815	0.15055963	12.69283553	-0.53959097
0.10971749	12.50637635	-0.30026072	0.10893930	12.50488014	-0.30095155
0.13303013	13.12857946	-0.40337686	0.13018420	13.12711525	-0.40413264
0.22860362	13.01981190	-0.13548396	0.22565902	13.01874914	-0.13606083
0.27138352	12.90757254	-0.09267318	0.26878140	12.90668535	-0.09315088
0.30722154	12.72901912	-0.09680573	0.30527779	12.72828475	-0.09718569
0.33442516	12.55087031	-0.12534136	0.33317614	12.55026297	-0.12562712
0.22959775	12.84770468	-0.81977538	0.22860116	12.84681711	-0.82024863
0.33339255	12.36932068	-0.18668287	0.33290176	12.36881976	-0.18686848
0.15206042	13.04494079	-0.59598711	0.14991005	13.04357079	-0.59665187
0.18240157	12.97702369	-0.69480421	0.18069995	12.97583798	-0.69538175
0.90114948	11.96711777	-0.56938594	0.90159507	11.96770688	-0.56919655
0.82682122	12.01972203	-0.45659051	0.82678441	12.01972474	-0.45658435
0.94864559	11.93305115	-0.70176274	0.94947920	11.93389477	-0.70143410
0.75364416	12.33615236	-1.28383001	0.75438491	12.33658399	-1.28353409
0.46156226	12.61877268	-1.16662386	0.46156891	12.61871266	-1.16664427
0.35343393	12.65466627	-1.05977496	0.35341499	12.65437577	-1.05988586
0.28637646	12.65513193	-0.96359970	0.28629928	12.65456762	-0.96387190
0.26977147	12.68409176	-0.90360586	0.26949592	12.68343499	-0.90397908
0.25301167	12.69443322	-0.89163826	0.25272796	12.69369957	-0.89211178
0.20508236	12.67773494	-0.87509796	0.20482032	12.67678691	-0.87571738
0.11361278	12.69440326	-0.76298970	0.11307806	12.69301192	-0.76381857
-0.00244095	12.71586392	-0.63797844	-0.00341390	12.71374512	-0.63914750
-0.21345742	12.75519734	-0.57040588	-0.21459465	12.75233497	-0.57179894
-0.31720445	12.79403846	-0.62212473	-0.31835732	12.79070848	-0.62370826
-0.50189623	12.85137042	-0.71110681	-0.50308569	12.84716684	-0.71308571
-0.58435817	12.85246157	-0.70033715	-0.58557005	12.84789320	-0.70248620
-0.73079835	12.81777559	-0.55971807	-0.73215262	12.81264829	-0.56213016
-0.20110042	12.49853796	-0.12589033	-0.20213384	12.49587784	-0.12716064
0.13591797	12.34110161	-0.14445257	0.13548168	12.33975015	-0.14502620
0.30415476	12.37634036	-0.22543798	0.30369146	12.37569614	-0.22569841
0.38192832	12.29235873	-0.19476955	0.38180825	12.29223510	-0.19473462
0.46883138	12.23691009	-0.23827505	0.46878962	12.23688790	-0.23822981
0.71391899	12.09210958	-0.37173468	0.71389748	12.09214213	-0.37172877
0.28771807	12.50523606	-0.37273386	0.28702882	12.50443240	-0.37310946
0.57041032	12.77776442	-0.54055228	0.56915063	12.77781614	-0.54046621
0.28295710	12.97873172	-0.53472318	0.28096100	12.97785449	-0.53512353
0.00727255	12.97448360	-0.27304838	0.00473122	12.97256665	-0.27406112
0.07332787	13.05933479	-0.31723936	0.07055986	13.05765633	-0.31812565
0.29776102	12.85933844	-0.29885564	0.29573416	12.85853457	-0.29926072
0.00744510	12.94563337	-0.43158361	0.00531501	12.94368118	-0.43258640
0.09790075	13.02718015	-0.42617820	0.09546986	13.02557742	-0.42699856
0.35422649	12.81697200	-0.69618748	0.35310006	12.81644672	-0.69642935
0.12907067	13.01362516	-0.18744014	0.12622964	13.01218926	-0.18821117
0.21047451	12.80344250	-0.79959065	0.20959390	12.80246499	-0.80012450
0.31636156	12.74919459	-0.53518581	0.31513790	12.74844389	-0.53555133
0.31729439	12.88032802	-0.84455562	0.31625812	12.87978920	-0.84483903
0.38752434	12.43158230	-0.24730738	0.38689268	12.43120042	-0.24749152
0.21987627	13.03357018	-0.45270790	0.21750139	13.03244128	-0.45326177
0.46814044	12.68180038	-0.66856270	0.46736546	12.68158427	-0.66864148
0.68995300	12.75341243	-0.76964980	0.68916184	12.75381540	-0.76938393
0.30197221	12.93102133	-0.20464683	0.29951154	12.93022536	-0.20505844
-0.45036753	12.87612579	-0.26001487	-0.45258181	12.87238425	-0.26192484
0.12404728	13.06558718	-0.25707896	0.12114660	13.06411579	-0.25786341
0.30679887	12.93775396	-0.69131227	0.30525458	12.93704516	-0.69163243
-0.53690492	12.87358481	-0.30109202	-0.53902381	12.86945421	-0.30317801
0.20212821	13.01814945	-0.33503863	0.19957390	13.01696642	-0.33564690
0.28184725	12.45080236	-0.20447535	0.28107493	12.45002633	-0.20481646
0.09132160	13.08079836	-0.37905258	0.08859553	13.07917571	-0.37989885
0.18487130	13.06261953	-0.49562765	0.18246779	13.06135833	-0.49624743
0.24172552	12.60170380	-0.24978095	0.24050443	12.60072514	-0.25025290
0.14738925	12.92061411	-0.51630646	0.14552262	12.91920137	-0.51700895
0.26578025	12.88227555	-0.83560894	0.26470906	12.88153866	-0.83599674
0.27447405	12.83215489	-0.83887066	0.27357467	12.83146356	-0.83924888
0.20869292	13.00813012	-0.55058127	0.20660223	13.00697011	-0.55113464
0.35589015	12.79260518	-0.20127741	0.35393267	12.79200917	-0.20157662
0.48888143	12.58971835	-0.43374046	0.48801624	12.58954706	-0.43380294
0.29947903	12.75465126	-0.89108155	0.29893441	12.75412968	-0.89140604
0.14241320	12.94815680	-0.65097748	0.14071832	12.94678372	-0.65165308
0.38664763	12.37238252	-0.22367832	0.38621068	12.37208538	-0.22381414
0.35076026	12.47727204	-0.31513066	0.35007371	12.47671029	-0.31539046
0.17216198	12.85480100	-0.19359464	0.16993264	12.85353754	-0.19425208
0.38501063	12.72795769	-0.91141334	0.38459144	12.72777350	-0.91155627
0.28918110	12.78572168	-0.85271452	0.28846207	12.78510731	-0.85306590
0.11574042	13.09749971	-0.28967930	0.11278262	13.09598690	-0.29048393
0.40219562	12.60190024	-0.24953105	0.40097628	12.60148562	-0.24972795
0.20316572	12.84762228	-0.77612898	0.20207684	12.84658630	-0.77666450
0.42226662	12.71044261	-0.82811986	0.42173921	12.71023458	-0.82821688
0.82001931	12.75216829	-0.86337954	0.81931856	12.75284606	-0.86296820
0.55982998	12.79301904	-0.92628285	0.55923128	12.79319133	-0.92620347
0.32483247	12.67839237	-0.20261405	0.32326622	12.67770576	-0.20295168
0.23185198	12.75173788	-0.18689047	0.22998697	12.75071223	-0.18741110
