0.85078892	12.73672137	-0.42030640	0.85029857	12.73693463	-0.42017779
0.82189432	12.87490790	-0.44894320	0.82125036	12.87509284	-0.44879742
0.89805321	12.83363965	-0.54721249	0.89753242	12.83390500	-0.54702808
0.93001299	12.70044975	-0.53267688	0.92963787	12.70074211	-0.53250946
0.77937253	12.96578123	-0.50921968	0.77865367	12.96592232	-0.50907948
0.85951843	12.91972592	-0.59010987	0.85892036	12.91995868	-0.58993145
0.90883819	12.87685180	-0.65044966	0.90833158	12.87714204	-0.65025903
0.94719332	12.80696352	-0.64476131	0.94676123	12.80728545	-0.64456964
0.98113477	12.67786668	-0.64580666	0.98083349	12.67821140	-0.64561996
0.71710471	12.76640312	-1.16414641	0.71698315	12.76656115	-1.16406677
0.83942136	12.71582887	-1.14240128	0.83931303	12.71607434	-1.14228190
0.80797368	12.82232137	-1.07359068	0.80776437	12.82254777	-1.07346632
0.68581777	12.86858971	-1.09033016	0.68559036	12.86873343	-1.09025472
0.94057815	12.68205020	-1.07964085	0.94046684	12.68237092	-1.07948402
0.90754046	12.79314285	-1.02092272	0.90731905	12.79343718	-1.02076315
0.86795331	12.86163397	-0.97029290	0.86765978	12.86189889	-0.97012786
0.78914302	12.90251512	-0.98564854	0.78882240	12.90273238	-0.98551183
0.66718207	12.94847563	-0.99107716	0.66682693	12.94860407	-0.99099169
0.59598197	12.83410363	-0.20830445	0.59522492	12.83404230	-0.20831649
0.57758992	12.97106609	-0.25602291	0.57666612	12.97096816	-0.25604950
0.71163245	12.92335595	-0.34875527	0.71084698	12.92341724	-0.34867510
0.73319689	12.78397153	-0.30833545	0.73257617	12.78405857	-0.30826559
0.54695230	13.05741791	-0.34045695	0.54596403	13.05727457	-0.34049755
0.67538465	13.01372267	-0.42454112	0.67452761	13.01374060	-0.42447349
0.46745241	12.88149229	-1.06367316	0.46721552	12.88145368	-1.06372182
0.59372175	12.82726560	-1.13646315	0.59355403	12.82733306	-1.13644566
0.56297381	12.91964340	-1.06401522	0.56269440	12.91969025	-1.06399266
0.43887056	12.96393594	-0.98901618	0.43849009	12.96384478	-0.98906038
0.54272161	12.99419260	-0.96234868	0.54229038	12.99419344	-0.96231516
0.41795681	13.03324833	-0.88633837	0.41740662	13.03308901	-0.88637800
-0.01400982	12.98873486	-0.06659024	-0.01497991	12.98790594	-0.06697339
-0.14236196	13.00045482	-0.08853788	-0.14328854	12.99953582	-0.08895655
-0.14484123	13.07383041	-0.13517574	-0.14579076	13.07290549	-0.13562103
-0.02011509	13.07601005	-0.11064053	-0.02114592	13.07517168	-0.11104583
-0.26109701	13.00212087	-0.12474355	-0.26197139	13.00116068	-0.12514797
-0.26204112	13.06349759	-0.17323453	-0.26292549	13.06253172	-0.17366429
-0.26327307	13.10466636	-0.23879427	-0.26415502	13.10368847	-0.23924170
-0.14684955	13.12068566	-0.20140816	-0.14782161	13.11974426	-0.20186942
-0.02511393	13.12997339	-0.17657623	-0.02617785	13.12912965	-0.17698892
0.03077628	12.97407710	-0.59110477	0.02995227	12.97289168	-0.59146669
0.01575236	13.03658093	-0.56564485	0.01487057	13.03545344	-0.56603682
-0.06509063	13.03868836	-0.55506521	-0.06594837	13.03753350	-0.55550845
-0.05094609	12.98238968	-0.57064106	-0.05177811	12.98119029	-0.57105575
-0.00377655	13.09075598	-0.51831263	-0.00471270	13.08971472	-0.51876097
-0.08660811	13.08508795	-0.51939653	-0.08750588	13.08397638	-0.51986847
-0.18001770	13.07805752	-0.53546647	-0.18089621	13.07694025	-0.53595036
-0.15745856	13.03695839	-0.57135270	-0.15832406	13.03580241	-0.57180700
-0.14283865	12.98569688	-0.58874533	-0.14369273	12.98451431	-0.58916199
0.98747608	12.28883674	-0.67192886	0.98753497	12.28914541	-0.67179262
0.96655585	12.06990560	-0.68786500	0.96676092	12.07017765	-0.68777867
0.91396767	12.09670192	-0.55255682	0.91407118	12.09688295	-0.55247973
0.92885713	12.30352486	-0.53679250	0.92884953	12.30376186	-0.53668223
0.83600383	12.14658918	-0.43133116	0.83603625	12.14667721	-0.43128844
0.84341645	12.32870138	-0.41144503	0.84335568	12.32885931	-0.41136457
0.97947607	12.38004562	-1.14153579	0.97962622	12.38041963	-1.14142284
0.88456658	12.44063292	-1.21055212	0.88467621	12.44093194	-1.21046279
0.87988013	12.28113074	-1.23540036	0.88012181	12.28142950	-1.23533285
0.97192426	12.18873044	-1.15688923	0.97221833	12.18910341	-1.15681318
0.75736242	12.51691308	-1.23935048	0.75739048	12.51708037	-1.23928615
0.75352101	12.39671948	-1.27077993	0.75366815	12.39689386	-1.27073141
0.86758434	12.17643249	-1.24323681	0.86789750	12.17670831	-1.24316204
0.95294028	12.05412589	-1.15495563	0.95334147	12.05447148	-1.15488746
0.99350565	12.49785897	-0.65716039	0.99338221	12.49819904	-0.65699140
0.93688183	12.51384415	-0.53069339	0.93669691	12.51412282	-0.53054400
0.85265655	12.54232442	-0.40872270	0.85239342	12.54253250	-0.40860756
0.86805082	12.58713097	-1.18370540	0.86803874	12.58739649	-1.18359508
0.96712279	12.54444938	-1.11788483	0.96713448	12.54479916	-1.11774011
0.74284764	12.64470488	-1.20866753	0.74280498	12.64486632	-1.20858711
0.60008945	12.41993558	-0.22573222	0.59991103	12.41992633	-0.22573030
0.60029990	12.63471906	-0.20327642	0.59981042	12.63468185	-0.20328127
0.73368870	12.58496966	-0.29754398	0.73332580	12.58506279	-0.29748899
0.72738556	12.37076826	-0.30848494	0.72727036	12.37084158	-0.30844863
0.46881828	12.70485254	-1.15076397	0.46877277	12.70481080	-1.15077843
0.61206883	12.61499394	-1.21942820	0.61204865	12.61502780	-1.21939842
0.60883101	12.71918748	-1.18592642	0.60876653	12.71925238	-1.18589985
0.47385094	12.78874572	-1.11711365	0.47372078	12.78872566	-1.11715896
0.58654251	12.17478191	-0.30180501	0.58654542	12.17478158	-0.30180046
0.59728468	12.28065384	-0.26253894	0.59725379	12.28066019	-0.26253272
0.72336794	12.21606908	-0.33775446	0.72336500	12.21611197	-0.33773204
0.60072817	12.48689155	-1.25183293	0.60077879	12.48691390	-1.25182822
0.60686579	12.53429120	-1.24357369	0.60688406	12.53432285	-1.24356226
0.46273423	12.64915465	-1.16641764	0.46271965	12.64910203	-1.16641827
-0.00559366	12.71092374	-0.06540716	-0.00630388	12.71010755	-0.06572616
-0.15426692	12.77944926	-0.07267056	-0.15504813	12.77850163	-0.07304632
-0.14435884	12.90225981	-0.07021350	-0.14522247	12.90133541	-0.07061125
-0.00608911	12.86533970	-0.05478403	-0.00695233	12.86452024	-0.05513361
-0.29020475	12.83064977	-0.09721258	-0.29100471	12.82965709	-0.09760091
-0.27159138	12.92573841	-0.10111905	-0.27243630	12.92476592	-0.10150106
0.02655738	12.84422750	-0.62014821	0.02572965	12.84277896	-0.62055999
0.03287360	12.90984961	-0.60754623	0.03207422	12.90857380	-0.60792474
-0.04811521	12.92050163	-0.57990940	-0.04891384	12.91925276	-0.58028838
-0.05642847	12.85561961	-0.58390580	-0.05718751	12.85430461	-0.58429724
-0.13971716	12.92837219	-0.59692706	-0.14055542	12.92717388	-0.59731044
-0.14955933	12.86758739	-0.59570624	-0.15039339	12.86638974	-0.59605413
-0.03476150	12.41520003	-0.11970244	-0.03505048	12.41434018	-0.11998870
-0.17530256	12.63234673	-0.09048378	-0.17595209	12.63137734	-0.09087182
-0.02012247	12.54031576	-0.08933542	-0.02061039	12.53948399	-0.08962589
-0.32681580	12.62525996	-0.12911716	-0.32753317	12.62427154	-0.12952430
-0.31310326	12.71295568	-0.10903327	-0.31386835	12.71195463	-0.10943136
0.01651737	12.77778280	-0.63221207	0.01573167	12.77621440	-0.63285962
-0.07615703	12.78929391	-0.58108365	-0.07706683	12.78800671	-0.58149306
-0.09412589	12.76241165	-0.56095733	-0.09506357	12.76120698	-0.56132339
-0.17377593	12.80517908	-0.58359846	-0.17463807	12.80399584	-0.58386447
-0.38337113	12.99933144	-0.17392814	-0.38419531	12.99839025	-0.17430705
-0.37553821	13.04950988	-0.21969780	-0.37635811	13.04857277	-0.22008578
-0.49321930	12.99262133	-0.23048659	-0.49398533	12.99176724	-0.23081116
-0.47347326	13.03340650	-0.27147879	-0.47424005	13.03253807	-0.27182311
-0.45138772	13.06667923	-0.32174779	-0.45216810	13.06578688	-0.32211570
-0.36562855	13.08658151	-0.27885806	-0.36645862	13.08562605	-0.27928025
-0.26169353	13.03487483	-0.59078595	-0.26257006	13.03370618	-0.59123528
-0.24737022	12.98962943	-0.61574125	-0.24825975	12.98843621	-0.61615602
-0.28190811	13.07132952	-0.55034072	-0.28276830	13.07019760	-0.55080561
-0.37654326	13.06297103	-0.55884190	-0.37739359	13.06190744	-0.55924208
-0.36168349	13.03175205	-0.60373054	-0.36255745	13.03066176	-0.60411368
-0.35207783	12.99344418	-0.63759098	-0.35299905	12.99233693	-0.63795126
-0.24879978	12.94112533	-0.63156991	-0.24971134	12.93992248	-0.63195368
-0.35962145	12.95457237	-0.66238817	-0.36058347	12.95348288	-0.66271884
-0.37442216	12.91733686	-0.67654953	-0.37542853	12.91628415	-0.67685795
-0.26159914	12.89166116	-0.63610505	-0.26254942	12.89047531	-0.63645302
-0.53745519	12.88696531	-0.18989673	-0.53825642	12.88613895	-0.19017748
-0.55746650	12.76497651	-0.19549364	-0.55833678	12.76419192	-0.19577845
-0.63354896	12.80181871	-0.25302560	-0.63447510	12.80115349	-0.25322683
-0.61547388	12.89781250	-0.25217411	-0.61632589	12.89712098	-0.25235470
-0.56551220	12.66029565	-0.21282653	-0.56647281	12.65953589	-0.21313056
-0.64081122	12.71921733	-0.26497488	-0.64183207	12.71859448	-0.26517839
-0.68922012	12.78902245	-0.33506638	-0.69029641	12.78853381	-0.33519507
-0.68299484	12.84133451	-0.32923469	-0.68399934	12.84081909	-0.32935250
-0.66701775	12.90443681	-0.33077727	-0.66794646	12.90389341	-0.33089451
-0.45608065	12.65008094	-0.16490043	-0.45692853	12.64916406	-0.16528404
-0.44489648	12.74628552	-0.14587765	-0.44571131	12.74535607	-0.14624122
-0.42271446	12.86558009	-0.13750173	-0.42351481	12.86463784	-0.13786016
-0.47022362	12.93323273	-0.68738592	-0.47129946	12.93227753	-0.68768658
-0.47714525	12.90624228	-0.69800530	-0.47829059	12.90528912	-0.69829106
-0.38664675	12.88407845	-0.67845418	-0.38767551	12.88305410	-0.67874180
-0.55675143	12.93833723	-0.66736391	-0.55782906	12.93761532	-0.66761463
-0.56149633	12.91162576	-0.68217095	-0.56265886	12.91091895	-0.68239338
-0.39751418	12.86731032	-0.66807032	-0.39855188	12.86630846	-0.66835221
-0.28139468	12.84351126	-0.62827533	-0.28238417	12.84236529	-0.62860053
0.89856882	12.88494341	-0.90162545	0.89821170	12.88523038	-0.90144181
0.79847781	12.95190453	-0.88762419	0.79804650	12.95211167	-0.88746984
0.91497705	12.89935526	-0.81289792	0.91454075	12.89965753	-0.81270344
0.81978005	12.97181074	-0.78311364	0.81925753	12.97202943	-0.78294664
0.70920009	13.02743668	-0.74189799	0.70856848	13.02753714	-0.74177492
0.67956973	13.00324367	-0.87098355	0.67906955	13.00334589	-0.87087315
0.91599691	12.89555371	-0.72100134	0.91551439	12.89585537	-0.72080740
0.83678672	12.96311635	-0.67659512	0.83619688	12.96333363	-0.67641860
0.74214008	13.01565037	-0.61464240	0.74143625	13.01576707	-0.61451007
1.00028259	12.67146030	-0.98492154	1.00014538	12.67182484	-0.98473557
0.96246055	12.79305873	-0.93985311	0.96220331	12.79338841	-0.93966994
1.02333129	12.67197402	-0.87357645	1.02314354	12.67235544	-0.87337644
0.98220031	12.80247378	-0.84305843	0.98187149	12.80282846	-0.84286559
1.01460874	12.67107954	-0.76023882	1.01437215	12.67145471	-0.76003863
0.97621384	12.80207665	-0.74367111	0.97583520	12.80243147	-0.74347382
0.55929078	13.04864230	-0.82592287	0.55869058	13.04860849	-0.82587204
0.59592335	13.07433351	-0.67710518	0.59517854	13.07429019	-0.67704280
0.47185708	13.11288920	-0.59466909	0.47095710	13.11266100	-0.59470316
0.43486430	13.08627610	-0.74654356	0.43412200	13.08605406	-0.74657161
0.63573320	13.06327392	-0.53901733	0.63489145	13.06325522	-0.53895309
0.51040726	13.10394823	-0.45654613	0.50942169	13.10375434	-0.45658766
-0.38504514	13.08047623	-0.50094961	-0.38588218	13.07945229	-0.50136434
-0.46853914	13.06221923	-0.51345918	-0.46935662	13.06136655	-0.51381898
-0.44863126	13.05080865	-0.55581806	-0.44946926	13.04990229	-0.55618936
-0.39711567	13.08659363	-0.43791087	-0.39791010	13.08560816	-0.43832198
-0.49070619	13.06412856	-0.46894962	-0.49150204	13.06332091	-0.46928489
-0.57510186	13.03782881	-0.49802952	-0.57589924	13.03718172	-0.49827769
-0.53747903	13.03979812	-0.53059189	-0.53829158	13.03907300	-0.53088474
-0.49977443	13.03817844	-0.55681276	-0.50060577	13.03735995	-0.55714563
-0.42257719	13.08323757	-0.37769414	-0.42337556	13.08230133	-0.37809023
-0.50452345	13.05993001	-0.41759228	-0.50530458	13.05915034	-0.41791016
-0.51944515	13.04544595	-0.36669957	-0.52022463	13.04467217	-0.36699376
-0.56504085	13.02849532	-0.39897673	-0.56582474	13.02779648	-0.39921625
-0.57691497	13.03361670	-0.44755759	-0.57772248	13.03297009	-0.44779138
-0.01945565	13.12979194	-0.43639084	-0.02044475	13.12881427	-0.43684168
-0.11103307	13.11741811	-0.44883556	-0.11195329	13.11636294	-0.44931714
-0.02880791	13.15143181	-0.34107594	-0.02983635	13.15051287	-0.34152668
-0.13188023	13.13523264	-0.36229788	-0.13283481	13.13422450	-0.36278216
-0.23292756	13.11813063	-0.39326732	-0.23380571	13.11709877	-0.39375232
-0.20692625	13.10455149	-0.47167226	-0.20780913	13.10348374	-0.47216486
-0.02935948	13.15331347	-0.25391408	-0.03042484	13.15243852	-0.25434971
-0.14319988	13.13871991	-0.27848776	-0.14416644	13.13774924	-0.27896724
-0.25272649	13.12051453	-0.31371258	-0.25361647	13.11952196	-0.31417795
0.99072969	11.97511421	-1.05858857	0.99120580	11.97549871	-1.05853012
1.01330424	12.12002804	-1.05672911	1.01362019	12.12042499	-1.05664660
0.99314153	11.93020698	-0.95315206	0.99361328	11.93059028	-0.95308460
1.01921022	12.07682278	-0.94248095	1.01953546	12.07720600	-0.94239530
1.03838698	12.29454893	-0.92706230	1.03854411	12.29494070	-0.92692962
1.02704171	12.32915472	-1.04298255	1.02720594	12.32955355	-1.04285471
0.97447111	11.91370727	-0.83417249	0.97490539	11.91404522	-0.83413314
1.00257991	12.06161667	-0.81902898	1.00287226	12.06196087	-0.81894178
1.02463527	12.28354782	-0.80270081	1.02475398	12.28391058	-0.80256289
1.02255747	12.51496304	-1.01865066	1.02256103	12.51535267	-1.01848483
1.04119565	12.49746844	-0.90347525	1.04117341	12.49786051	-0.90329387
1.02992206	12.49207266	-0.78218707	1.02985591	12.49245167	-0.78200592
-0.64271625	12.93291873	-0.61491851	-0.64383266	12.93258747	-0.61515562
-0.64946866	12.90310654	-0.62686923	-0.65068524	12.90283034	-0.62712475
-0.70048018	12.92262101	-0.53507210	-0.70163562	12.92249423	-0.53522758
-0.71090055	12.88640890	-0.54106975	-0.71219409	12.88635551	-0.54123818
-0.65125282	12.87969933	-0.62827686	-0.65255481	12.87944099	-0.62854551
-0.70212329	12.91293153	-0.43280917	-0.70317569	12.91258785	-0.43290588
-0.71556892	12.86781951	-0.43372854	-0.71669700	12.86750335	-0.43383797
-0.71848583	12.83210915	-0.43544399	-0.71967200	12.83180804	-0.43558733
-0.29814656	13.09338614	-0.48804333	-0.29899209	13.09230761	-0.48851539
-0.31633999	13.10325414	-0.41566836	-0.31719008	13.10222782	-0.41613155
-0.34235218	13.10272419	-0.34513696	-0.34318136	13.10174223	-0.34557550
-0.59534688	12.95020139	-0.26493967	-0.59616206	12.94949300	-0.26512878
-0.51499276	12.95324500	-0.20242903	-0.51576310	12.95240461	-0.20273875
-0.64939219	12.94463620	-0.34003144	-0.65027143	12.94406034	-0.34016189
-0.62622871	12.97422951	-0.35691482	-0.62708341	12.97362055	-0.35707407
-0.57227740	12.98218950	-0.28928770	-0.57307267	12.98145705	-0.28951042
-0.40043726	12.94396141	-0.14681808	-0.40124581	12.94301434	-0.14718382
-0.45714809	12.96420564	-0.66898704	-0.45815862	12.96323746	-0.66930820
-0.44521293	12.99645739	-0.64075672	-0.44615279	12.99549554	-0.64111052
-0.52932148	12.99553745	-0.62358958	-0.53026149	12.99475294	-0.62388654
-0.54527247	12.96714897	-0.64955115	-0.54626886	12.96639767	-0.64983172
-0.65918569	12.97984524	-0.52343281	-0.66012800	12.97948032	-0.52359535
-0.68349234	12.95233193	-0.52973200	-0.68453704	12.95210405	-0.52988574
-0.62896847	12.96123672	-0.60213135	-0.62999544	12.96082028	-0.60235478
-0.60809202	12.98843990	-0.58432588	-0.60903544	12.98792511	-0.58456260
-0.62712199	13.00904035	-0.51453136	-0.62798758	13.00855503	-0.51472072
-0.58079378	13.01483110	-0.55735640	-0.58167041	13.01421243	-0.55761049
-0.51111451	13.02120456	-0.58429415	-0.51199678	13.02040280	-0.58461421
-0.68468809	12.94613545	-0.43540883	-0.68565820	12.94574795	-0.43550812
-0.66033360	12.97423765	-0.44135775	-0.66122964	12.97378636	-0.44147911
-0.59399769	13.00531036	-0.38130108	-0.59481015	13.00465586	-0.38149824
-0.62661239	13.00433083	-0.45043687	-0.62746395	13.00381063	-0.45060491
-0.54453024	13.01676510	-0.32356608	-0.54532326	13.01600423	-0.32382456
-0.44162328	13.02711008	-0.60064728	-0.44250223	13.02616286	-0.60101513
0.18077073	13.11999731	-0.18559479	0.17962517	13.11937672	-0.18593652
0.15115059	13.15853689	-0.27091482	0.14999673	13.15786080	-0.27128691
0.17882200	13.14643595	-0.28560951	0.17767556	13.14578708	-0.28595609
0.21271609	13.10670207	-0.19712692	0.21158172	13.10611534	-0.19744120
0.13075949	13.16543575	-0.36606358	0.12965042	13.16466901	-0.36642368
0.15682561	13.15411388	-0.38296618	0.15573080	13.15337219	-0.38330841
0.18337931	13.13752765	-0.29561258	0.18224685	13.13687540	-0.29594891
0.21709176	13.09829866	-0.20351782	0.21596727	13.09771760	-0.20382363
0.19000902	13.14523300	-0.29667566	0.18886002	13.14458925	-0.29700964
0.22248226	13.10480737	-0.19839186	0.22134452	13.10423354	-0.19869730
0.17085662	13.15220362	-0.40007611	0.16975430	13.15147393	-0.40040797
0.21480844	13.15803575	-0.42596021	0.21369849	13.15737661	-0.42626085
0.23639906	13.15054369	-0.31454895	0.23525264	13.14995416	-0.31484189
0.26834632	13.10814136	-0.20916938	0.26720378	13.10763446	-0.20944278
0.25626860	12.93363336	-0.06526297	0.25531144	12.93314761	-0.06548759
0.21932545	13.04998011	-0.11091194	0.21823812	13.04943237	-0.11120134
0.25548002	13.03719677	-0.12226637	0.25441142	13.03669561	-0.12252858
0.29578550	12.92033550	-0.07834434	0.29486236	12.91990370	-0.07855227
0.26569725	13.03520284	-0.12273991	0.26462462	13.03471940	-0.12298809
0.30698132	12.91843703	-0.08173161	0.30605013	12.91802045	-0.08192728
0.31089103	13.03372101	-0.13004977	0.30981551	13.03329417	-0.13027553
0.35075426	12.91066071	-0.08762649	0.34983167	12.91030022	-0.08779946
0.37635523	12.72179728	-0.09154751	0.37568435	12.72148944	-0.09167420
0.33629862	12.73546881	-0.08716333	0.33560714	12.73511020	-0.08731560
0.39411495	12.52641423	-0.12212507	0.39372622	12.52614990	-0.12222270
0.35657311	12.55049052	-0.11750339	0.35614402	12.55016824	-0.11762329
0.32492227	12.73766308	-0.08244701	0.32422430	12.73728916	-0.08260640
0.34439429	12.55328233	-0.11259900	0.34395790	12.55294498	-0.11272672
0.29874170	12.56705946	-0.09456452	0.29827260	12.56666090	-0.09471786
0.28288349	12.75505183	-0.06648282	0.28215214	12.75462289	-0.06666749
0.26606666	12.78297231	-0.91967532	0.26582038	12.78270434	-0.91988436
0.25614138	12.85311388	-0.89481645	0.25578915	12.85279367	-0.89501699
0.23700516	12.85882505	-0.83574949	0.23661710	12.85842758	-0.83595431
0.24781857	12.79806848	-0.85942214	0.24752535	12.79772072	-0.85964463
0.24077428	12.92501186	-0.84446431	0.24031224	12.92460511	-0.84467437
0.22099371	12.92331295	-0.78882425	0.22045979	12.92281691	-0.78904674
0.22750659	12.91890753	-0.77101148	0.22694624	12.91841268	-0.77122158
0.24873281	12.80384450	-0.83868485	0.24841855	12.80348057	-0.83889401
0.22073142	12.85913632	-0.82135275	0.22031041	12.85867847	-0.82153929
0.22574943	12.80189506	-0.84434706	0.22545069	12.80149375	-0.84458642
0.20993553	12.92274967	-0.77906060	0.20934862	12.92219716	-0.77927473
0.16934221	12.93482160	-0.76448397	0.16870265	12.93414679	-0.76470302
0.17720533	12.86762554	-0.80296274	0.17672896	12.86704829	-0.80318234
0.17930119	12.80409619	-0.82406270	0.17898667	12.80362075	-0.82436423
0.27097107	12.71289989	-0.94477299	0.27086115	12.71266117	-0.94497041
0.25547209	12.73689766	-0.88360992	0.25525130	12.73660496	-0.88383671
0.25727272	12.75247276	-0.86127951	0.25703284	12.75214983	-0.86149981
0.27495571	12.71602137	-0.87446503	0.27475937	12.71577123	-0.87467128
0.23462183	12.74423716	-0.87116808	0.23440142	12.74388942	-0.87143126
0.18593916	12.73653269	-0.85365855	0.18573117	12.73610411	-0.85399047
0.28267327	12.32743092	-0.16233360	0.28260339	12.32701692	-0.16239577
0.30014476	12.42405861	-0.12865568	0.29989166	12.42367508	-0.12877382
0.34794186	12.42238542	-0.14499452	0.34771520	12.42208548	-0.14508757
0.33340584	12.35286720	-0.17755794	0.33330094	12.35254532	-0.17760318
0.35193912	12.43498441	-0.15228118	0.35170124	12.43468421	-0.15237712
0.36166856	12.41539263	-0.15005738	0.36146434	12.41511758	-0.15014339
0.34782513	12.34739948	-0.18398616	0.34773511	12.34715013	-0.18400615
0.39881855	12.38213361	-0.15851228	0.39867577	12.38193846	-0.15856562
0.11998880	13.14009293	-0.47127772	0.11892532	13.13926914	-0.47163825
0.14988139	13.12679508	-0.48526491	0.14883427	13.12601565	-0.48559178
0.12339859	13.08777030	-0.57935472	0.12245682	13.08692561	-0.57967308
0.15865387	13.07250842	-0.58999442	0.15774046	13.07174985	-0.59027379
0.16188149	13.11549883	-0.49197524	0.16085293	13.11474043	-0.49228295
0.16767472	13.12191457	-0.49209952	0.16663152	13.12117620	-0.49239878
0.17771731	13.06585122	-0.58614556	0.17680811	13.06513709	-0.58641009
0.20389562	13.07129741	-0.62539256	0.20300806	13.07065800	-0.62561871
0.20309702	13.12773435	-0.52452074	0.20207192	13.12705652	-0.52478342
0.21978404	13.00087311	-0.74353788	0.21909512	13.00033793	-0.74373826
0.19826799	12.99600069	-0.69551289	0.19753018	12.99538715	-0.69573709
0.18388455	12.99905676	-0.69508217	0.18311901	12.99839461	-0.69529875
0.14559223	13.01376176	-0.68386129	0.14479083	13.01299721	-0.68409562
0.39398625	13.09050643	-0.26263975	0.39288916	13.09016140	-0.26280760
0.42934690	13.01006734	-0.17880051	0.42831958	13.00978779	-0.17894386
0.45795182	12.87941939	-0.13252020	0.45708369	12.87918752	-0.13263240
0.31255681	12.99052491	-0.86197691	0.31202409	12.99022993	-0.86209407
0.33653905	12.91254934	-0.95113812	0.33617760	12.91234984	-0.95126029
0.29439962	13.05981517	-0.74998847	0.29365907	13.05941642	-0.75011645
0.13621166	12.96128950	-0.06011041	0.13522517	12.96064582	-0.06041459
0.11433625	13.06544598	-0.10480979	0.11325153	13.06476396	-0.10515726
0.09278269	13.12888086	-0.17492326	0.09166096	13.12814872	-0.17529896
0.08770789	13.02725725	-0.62473766	0.08683638	13.02631023	-0.62505741
0.06764624	13.09274566	-0.54692468	0.06668979	13.09179322	-0.54731320
0.10688732	12.95514462	-0.67892343	0.10614075	12.95426381	-0.67919600
0.47268899	12.68434952	-0.13241197	0.47208700	12.68416231	-0.13248299
0.48234743	12.47527304	-0.16094025	0.48206145	12.47514046	-0.16099259
0.34568080	12.83172765	-1.00405812	0.34544930	12.83159016	-1.00417932
0.34663006	12.75665310	-1.03320684	0.34650310	12.75653276	-1.03333770
0.48355494	12.33779820	-0.19919441	0.48348585	12.33771843	-0.19921406
0.34544753	12.69666557	-1.05196235	0.34541575	12.69654658	-1.05207026
0.15791363	12.47139230	-0.10533957	0.15756812	12.47079838	-0.10553965
0.16371915	12.62749954	-0.07597547	0.16314798	12.62691025	-0.07620438
0.10910309	12.75431804	-0.74874547	0.10878848	12.75364141	-0.74914685
0.10915864	12.82289838	-0.72499246	0.10863342	12.82209738	-0.72527359
0.15457190	12.80679950	-0.05544120	0.15376532	12.80618427	-0.05570726
0.11122124	12.88832305	-0.70704186	0.11056513	12.88742227	-0.70729272
0.32992362	13.14292261	-0.50095100	0.32886883	13.14245996	-0.50112225
0.30401581	13.11427807	-0.62778197	0.30308659	13.11381888	-0.62792714
0.36035319	13.13481273	-0.37481794	0.35924798	13.13439105	-0.37499789
0.06379192	13.16313928	-0.34716431	0.06271409	13.16231268	-0.34756334
0.06048110	13.13919987	-0.44928600	0.05944213	13.13831039	-0.44969213
0.07525111	13.16041299	-0.25574811	0.07412646	13.15963765	-0.25613722
0.88212136	11.96640348	-0.58452588	0.88226183	11.96656376	-0.58454406
0.81676000	12.01719950	-0.47386000	0.81676000	12.01719950	-0.47386000
0.92254656	11.93860554	-0.71338172	0.92282362	11.93886402	-0.71338347
0.91003028	12.00511186	-0.71822772	0.91028523	12.00536709	-0.71821075
0.87441193	12.05190876	-0.63178532	0.87458521	12.05210827	-0.63175730
0.80606725	12.11448854	-0.52874442	0.80616158	12.11459075	-0.52870915
0.95586783	11.93111541	-0.83769021	0.95628712	11.93143433	-0.83766054
0.97512894	11.94711431	-0.94908995	0.97558220	11.94747774	-0.94903052
0.94318852	12.06512727	-0.93241615	0.94352248	12.06544675	-0.93235693
0.92886309	12.03482104	-0.81475689	0.92916819	12.03511293	-0.81472170
0.97433676	11.98941921	-1.04228738	0.97479127	11.98978458	-1.04223280
0.93968475	12.06412843	-1.12921573	0.94007004	12.06446353	-1.12915165
0.91656828	12.12683036	-1.10682730	0.91689505	12.12715186	-1.10676683
0.94047744	12.10002679	-1.03027813	0.94080794	12.10036095	-1.03021846
0.85901675	12.18223279	-1.22034715	0.85932480	12.18250569	-1.22027587
0.74253776	12.33311979	-1.27099999	0.74274257	12.33328264	-1.27095712
0.74652021	12.36141539	-1.19927279	0.74669335	12.36158118	-1.19922607
0.85719711	12.22812705	-1.15768070	0.85746627	12.22840472	-1.15762236
0.60118993	12.48299301	-1.23771235	0.60123937	12.48301121	-1.23771191
0.47111588	12.61366459	-1.15272775	0.47111783	12.61361907	-1.15272732
0.49420000	12.61570000	-1.07906000	0.49420000	12.61570000	-1.07906000
0.61447000	12.50220000	-1.16283000	0.61447000	12.50220000	-1.16283000
0.38299461	12.64722550	-1.04981041	0.38300525	12.64716147	-1.04986151
0.33211535	12.64740903	-0.95703909	0.33210865	12.64725658	-0.95714277
0.37140000	12.64100070	-0.89641000	0.37140000	12.64100070	-0.89641000
0.41679000	12.64250090	-0.98287004	0.41679000	12.64250090	-0.98287004
0.31403152	12.67904588	-0.89765297	0.31390970	12.67886800	-0.89779919
0.30998769	12.70649857	-0.87021879	0.30979609	12.70629475	-0.87037887
0.33829419	12.69428719	-0.81296511	0.33810006	12.69405007	-0.81309538
0.34741778	12.66927867	-0.84056527	0.34726352	12.66910848	-0.84067533
0.30100902	12.69377867	-0.87415085	0.30082474	12.69357511	-0.87435394
0.25791550	12.68353977	-0.84478627	0.25775251	12.68320299	-0.84504526
0.29815695	12.68066973	-0.77526018	0.29794286	12.68032130	-0.77545643
0.33715835	12.68288245	-0.81165010	0.33698184	12.68264357	-0.81179462
0.15160077	12.71882568	-0.71669582	0.15131797	12.71823643	-0.71707654
0.01894545	12.77127814	-0.57654731	0.01793871	12.76939988	-0.57728783
0.02341851	12.80966445	-0.49935726	0.02262670	12.80836552	-0.49981188
0.17540069	12.73379488	-0.64126082	0.17492349	12.73304565	-0.64155267
-0.09733490	12.81523872	-0.51330703	-0.09809626	12.81410262	-0.51365928
-0.20477761	12.84738913	-0.51719945	-0.20561736	12.84626430	-0.51753053
-0.20804919	12.91591999	-0.45692964	-0.20890339	12.91483695	-0.45732663
-0.09928795	12.87485974	-0.44322981	-0.10008601	12.87379610	-0.44361679
-0.30987933	12.86799050	-0.57708999	-0.31084053	12.86688115	-0.57740884
-0.40841157	12.87940152	-0.64484073	-0.40946857	12.87840374	-0.64513743
-0.42499976	12.90708674	-0.59301368	-0.42604456	12.90611121	-0.59333307
-0.31928211	12.92110966	-0.52204973	-0.32020124	12.92001734	-0.52241352
-0.49636490	12.88282732	-0.67282713	-0.49754710	12.88193961	-0.67309671
-0.57596292	12.87930851	-0.66101980	-0.57726165	12.87868404	-0.66121906
-0.57520744	12.88172205	-0.62563808	-0.57646699	12.88111608	-0.62585948
-0.51870024	12.89050934	-0.62457729	-0.51985624	12.88971086	-0.62483855
-0.65005106	12.87090422	-0.60944409	-0.65138646	12.87064297	-0.60970701
-0.69926145	12.85450735	-0.52992456	-0.70065549	12.85440747	-0.53012513
-0.66222883	12.87072362	-0.50166003	-0.66350395	12.87042105	-0.50186239
-0.62484423	12.88012018	-0.57846671	-0.62614386	12.87972735	-0.57870661
-0.70430885	12.82721216	-0.43475234	-0.70550049	12.82687897	-0.43491505
-0.67750842	12.78031888	-0.34501353	-0.67860961	12.77982076	-0.34516353
-0.65590027	12.78691858	-0.35791827	-0.65701249	12.78639660	-0.35810532
-0.66811711	12.83352178	-0.41813194	-0.66927633	12.83309445	-0.41831327
-0.63085279	12.70590959	-0.28185386	-0.63191486	12.70528246	-0.28206312
-0.55743012	12.64538941	-0.23315024	-0.55844214	12.64463390	-0.23345692
-0.53981896	12.70465324	-0.26444662	-0.54081218	12.70389653	-0.26474744
-0.61581925	12.74810694	-0.31433542	-0.61688601	12.74747053	-0.31457943
-0.45057342	12.64046787	-0.18574799	-0.45144296	12.63955977	-0.18613549
-0.32348326	12.61983928	-0.14977949	-0.32419197	12.61884878	-0.15017878
-0.30566876	12.67349981	-0.17868087	-0.30642631	12.67250637	-0.17907575
-0.43166738	12.69794118	-0.21564028	-0.43253792	12.69702857	-0.21601060
-0.18668047	12.51551190	-0.13627168	-0.18715165	12.51451892	-0.13663973
-0.03787405	12.39987489	-0.14345868	-0.03812842	12.39900949	-0.14374741
-0.03548488	12.46954277	-0.17462488	-0.03582721	12.46867545	-0.17490682
-0.17513517	12.57818187	-0.16518005	-0.17569129	12.57719780	-0.16554201
0.12341416	12.33974070	-0.16373964	0.12328930	12.33908688	-0.16393862
0.25193576	12.32139078	-0.18902454	0.25188563	12.32092458	-0.18910610
0.23136782	12.38104639	-0.24111119	0.23123871	12.38053422	-0.24125470
0.11366420	12.40698999	-0.20521008	0.11346057	12.40630822	-0.20541138
0.30186882	12.35573192	-0.21032196	0.30178149	12.35535109	-0.21039477
0.28720508	12.43947848	-0.27977739	0.28699987	12.43904977	-0.27991320
0.27913042	12.41167772	-0.26585909	0.27896725	12.41124021	-0.26598862
0.31335366	12.34608866	-0.22295047	0.31324685	12.34578348	-0.22300768
0.34620000	12.27620000	-0.23202000	0.34620000	12.27620000	-0.23202000
0.31929110	12.33289132	-0.29081741	0.31921670	12.33258163	-0.29092367
0.28634361	12.39790363	-0.28089161	0.28618558	12.39748831	-0.28101468
0.44425997	12.21770000	-0.27141000	0.44425997	12.21770000	-0.27141000
0.57587000	12.16340070	-0.32883000	0.57587000	12.16340070	-0.32883000
0.56949931	12.24292940	-0.38297731	0.56951729	12.24288877	-0.38299036
0.42760191	12.28597961	-0.32798526	0.42759501	12.28583283	-0.32803969
0.70622003	12.08180000	-0.39380000	0.70622003	12.08180000	-0.39380000
0.69999725	12.18125946	-0.44758761	0.70004822	12.18129542	-0.44757521
0.76332780	12.39369946	-1.04839945	0.76344330	12.39387668	-1.04835117
0.86558139	12.24502313	-1.04722169	0.86581214	12.24529506	-1.04715678
0.78271713	12.37718224	-0.86027150	0.78279228	12.37735035	-0.86021207
0.87472574	12.22361757	-0.90674761	0.87493385	12.22387720	-0.90667988
0.79540275	12.26267706	-0.67254114	0.79549398	12.26282744	-0.67249006
0.87457853	12.14980791	-0.75458579	0.87478056	12.15003980	-0.75453090
0.53337260	12.60821250	-0.90301232	0.53329752	12.60820307	-0.90302607
0.64685284	12.52237063	-0.99064861	0.64685568	12.52243740	-0.99062936
0.56463730	12.53863412	-0.69154719	0.56450743	12.53856725	-0.69157402
0.67763989	12.47882576	-0.78129531	0.67760591	12.47888515	-0.78127517
0.57050069	12.38655919	-0.51116669	0.57044784	12.38648501	-0.51119343
0.69228707	12.34033061	-0.58918943	0.69229001	12.34038176	-0.58916730
-0.21882055	12.91109402	-0.37210246	-0.21965986	12.91005081	-0.37250915
-0.11292271	12.86799159	-0.35641335	-0.11373422	12.86698716	-0.35679542
-0.24026625	12.85317099	-0.28553868	-0.24108449	12.85215369	-0.28592565
-0.13353402	12.80357788	-0.27221157	-0.13429689	12.80259189	-0.27258724
-0.01626001	12.73620141	-0.30771804	-0.01691596	12.73529063	-0.30805310
0.00679900	12.80220811	-0.40341463	0.00607045	12.80121067	-0.40380681
-0.27385783	12.76274127	-0.22268065	-0.27465463	12.76173764	-0.22306679
-0.15609576	12.69014178	-0.20990192	-0.15677366	12.68916872	-0.21026294
-0.02921729	12.60408367	-0.23082209	-0.02972972	12.60320248	-0.23111710
-0.55466519	12.91061601	-0.54337064	-0.55578575	12.90993963	-0.54363322
-0.58865719	12.90411166	-0.45162455	-0.58973508	12.90351418	-0.45185423
-0.48645729	12.92440634	-0.39040992	-0.48738578	12.92357182	-0.39072490
-0.45330139	12.93738229	-0.49600859	-0.45428204	12.93647932	-0.49634386
-0.60499488	12.83190390	-0.37256406	-0.60607026	12.83129491	-0.37278338
-0.51599874	12.82223492	-0.31407094	-0.51697111	12.82144643	-0.31437728
-0.33725721	12.93596000	-0.42824104	-0.33813366	12.93492837	-0.42862321
-0.36401957	12.90051921	-0.32957757	-0.36486624	12.89953591	-0.32994964
-0.39944130	12.80289688	-0.26088339	-0.40030725	12.80196419	-0.26125176
0.29298297	12.63886574	-0.65140476	0.29273374	12.63839518	-0.65160702
0.33475824	12.63566777	-0.67487937	0.33456324	12.63531259	-0.67505158
0.26670442	12.57180438	-0.50146144	0.26644974	12.57128506	-0.50164334
0.31309264	12.57096433	-0.51141480	0.31285105	12.57052414	-0.51156619
0.31716417	12.58897690	-0.49584287	0.31687444	12.58854657	-0.49600318
0.33570647	12.64996234	-0.66647079	0.33545308	12.64959743	-0.66663630
0.34291551	12.63248237	-0.68908473	0.34269242	12.63213887	-0.68925589
0.31960961	12.57477954	-0.51067100	0.31934722	12.57435675	-0.51082876
0.35201952	12.55510200	-0.55129562	0.35181155	12.55473048	-0.55144192
0.37230803	12.61393425	-0.73957375	0.37212934	12.61364617	-0.73971577
0.32697992	12.44038274	-0.39906500	0.32682384	12.44000847	-0.39919579
0.29457065	12.48713900	-0.37578540	0.29434175	12.48670941	-0.37593357
0.28885115	12.49122253	-0.37087004	0.28861585	12.49078126	-0.37102262
0.24136328	12.47688375	-0.35467147	0.24114001	12.47636754	-0.35483439
0.44527370	12.55381092	-0.61318385	0.44509977	12.55357779	-0.61327803
0.43860586	12.62158097	-0.81506774	0.43847983	12.62143671	-0.81515124
0.43369069	12.41207875	-0.44608352	0.43359567	12.41185927	-0.44616488
0.13727331	12.63948933	-0.40959920	0.13683447	12.63875587	-0.40984716
0.16354152	12.70989660	-0.53204927	0.16306454	12.70915818	-0.53231620
0.11883611	12.52241162	-0.29375311	0.11849938	12.52172032	-0.29397261
0.16314226	13.14459866	-0.39518409	0.16205305	13.14385957	-0.39551946
0.25886860	13.03089369	-0.12939026	0.25780855	13.03039872	-0.12964602
0.29824504	12.91692917	-0.08771326	0.29731747	12.91649882	-0.08791272
0.32744860	12.73695863	-0.09292285	0.32675955	12.73658591	-0.09307908
0.34760864	12.55757900	-0.12246392	0.34716971	12.55724444	-0.12259174
0.24104136	12.85799056	-0.81486322	0.24063202	12.85756922	-0.81505825
0.33874773	12.37497510	-0.18487273	0.33861693	12.37467178	-0.18493617
0.17592896	13.06064448	-0.58892876	0.17503003	13.05992316	-0.58919494
0.20173653	12.99080031	-0.68884887	0.20099076	12.99018131	-0.68906699
0.89641637	11.96109985	-0.57107456	0.89654535	11.96125752	-0.57108715
0.82720682	12.01969717	-0.45665841	0.82719423	12.01969763	-0.45665750
0.93994129	11.92429779	-0.70477288	0.94021702	11.92456137	-0.70476626
0.74600697	12.33172104	-1.28649982	0.74621481	12.33188577	-1.28645634
0.46149878	12.61945861	-1.16637373	0.46149761	12.61940284	-1.16637546
0.35370551	12.65788586	-1.05842320	0.35370811	12.65779040	-1.05851187
0.28747864	12.66153497	-0.96036087	0.28745823	12.66131506	-0.96052388
0.27320342	12.69156130	-0.89926109	0.27307423	12.69133009	-0.89945371
0.25669640	12.70278842	-0.88620974	0.25662163	12.70250800	-0.88648542
0.20846665	12.68855893	-0.86827403	0.20833963	12.68816008	-0.86859239
0.12009418	12.71028178	-0.75395832	0.11986365	12.70967041	-0.75438695
0.01123540	12.74275003	-0.62418350	0.01046573	12.74114283	-0.62504299
-0.19719825	12.78416418	-0.55805287	-0.19803698	12.78301778	-0.55826799
-0.30017793	12.82586720	-0.60822519	-0.30117488	12.82475901	-0.60854370
-0.48380916	12.88793614	-0.69507650	-0.48499703	12.88700011	-0.69535687
-0.56588366	12.89071575	-0.68352861	-0.56713287	12.89003628	-0.68372996
-0.71155746	12.85880079	-0.54143484	-0.71296632	12.85877490	-0.54161176
-0.18882042	12.52523052	-0.11423220	-0.18931713	12.52424084	-0.11460505
0.14115933	12.35546990	-0.13907588	0.14099950	12.35484943	-0.13926922
0.30934604	12.38353667	-0.22288983	0.30920915	12.38317470	-0.22297628
0.38320319	12.29381007	-0.19519421	0.38318980	12.29371784	-0.19519503
0.46923254	12.23725277	-0.23881455	0.46924159	12.23721920	-0.23879639
0.71411468	12.09179527	-0.37178925	0.71411539	12.09180340	-0.37179215
0.29546519	12.51433091	-0.36896962	0.29519995	12.51390003	-0.36912060
0.58399278	12.77773354	-0.54125149	0.58351284	12.77766240	-0.54125412
0.30489552	12.98889719	-0.53035173	0.30406395	12.98839441	-0.53053723
0.03378588	12.99462509	-0.26296664	0.03285195	12.99376823	-0.26335552
0.10220421	13.07718678	-0.30807771	0.10117545	13.07640672	-0.30844277
0.31933969	12.86836322	-0.29447586	0.31855753	12.86791499	-0.29467146
0.03063549	12.96705010	-0.42143722	0.02976695	12.96607397	-0.42183815
0.12402706	13.04492937	-0.41754708	0.12305892	13.04410378	-0.41789812
0.36688095	12.82330244	-0.69358805	0.36640725	12.82299880	-0.69370429
0.15836899	13.02870212	-0.17951262	0.15733880	13.02804398	-0.17983133
0.22065960	12.81469877	-0.79398933	0.22029557	12.81424634	-0.79422492
0.32999774	12.75801036	-0.53125525	0.32948103	12.75756849	-0.53143013
0.32897730	12.88664828	-0.84159088	0.32855865	12.88638562	-0.84171575
0.39431844	12.43597616	-0.24544610	0.39411352	12.43574205	-0.24553624
0.24559001	13.04638488	-0.44667987	0.24462080	13.04575895	-0.44693081
0.47671683	12.68475209	-0.66759157	0.47641955	12.68457604	-0.66765468
0.69842268	12.74946815	-0.77232500	0.69813782	12.74956989	-0.77225200
0.32773155	12.93970140	-0.20020476	0.32681350	12.93927874	-0.20039262
-0.42698640	12.91040685	-0.24430398	-0.42781241	12.90947755	-0.24466120
0.15411455	13.08117966	-0.24886387	0.15304407	13.08049507	-0.24920592
0.32407347	12.94613154	-0.68794035	0.32342209	12.94574672	-0.68807534
-0.51401423	12.91015675	-0.28456758	-0.51487505	12.90933556	-0.28485850
0.22917066	13.03119764	-0.32847332	0.22818329	13.03058022	-0.32874754
0.29027373	12.45937935	-0.20110687	0.29000480	12.45896606	-0.20124288
0.12005883	13.09838719	-0.37014088	0.11902508	13.09759436	-0.37050009
0.21096531	13.07688465	-0.48892399	0.20998603	13.07620820	-0.48919048
0.25494340	12.61246965	-0.24506981	0.25448247	12.61197135	-0.24525355
0.16839318	12.93691702	-0.50884376	0.16756061	12.93612242	-0.50916068
0.27796464	12.89082757	-0.83158330	0.27752536	12.89048223	-0.83174886
0.28473604	12.84014509	-0.83483179	0.28437136	12.83983211	-0.83501043
0.23180909	13.02152547	-0.54466005	0.23093084	13.02088012	-0.54489783
0.37652866	12.79927309	-0.19803520	0.37579458	12.79892947	-0.19818156
0.49826202	12.59209351	-0.43293506	0.49794340	12.59192920	-0.43299400
0.30577196	12.76065901	-0.88750185	0.30553501	12.76044017	-0.88766817
0.16179516	12.96415479	-0.64400510	0.16102440	12.96340282	-0.64427221
0.39132877	12.37581983	-0.22232201	0.39121676	12.37562595	-0.22238847
0.35829024	12.48370007	-0.31250494	0.35804790	12.48337280	-0.31261958
0.19556418	12.86827053	-0.18694099	0.19472918	12.86766618	-0.18719972
0.38974350	12.73013732	-0.90980710	0.38957342	12.73004840	-0.90988605
0.29742597	12.79284742	-0.84891944	0.29712970	12.79256543	-0.84908754
0.14643411	13.11354715	-0.28118098	0.14533577	13.11284748	-0.28153760
0.41512088	12.60666317	-0.24745142	0.41468536	12.60640492	-0.24755515
0.21577801	12.85966127	-0.77066764	0.21530705	12.85915176	-0.77087416
0.42816448	12.71311869	-0.82696422	0.42795208	12.71298309	-0.82703254
0.82744559	12.74522577	-0.86759142	0.82719715	12.74543916	-0.86746778
0.56630938	12.79139486	-0.92705385	0.56609275	12.79143375	-0.92703882
0.34143393	12.68600422	-0.19910680	0.34085164	12.68562991	-0.19925978
0.25154944	12.76281259	-0.18159161	0.25085296	12.76230368	-0.18180106
