0.85084658	12.73713867	-0.42084787	0.85083066	12.73716348	-0.42086884
0.82197261	12.87532686	-0.44959495	0.82195173	12.87535080	-0.44962194
0.89804060	12.83402356	-0.54789662	0.89802076	12.83404800	-0.54792204
0.92998837	12.70084259	-0.53323986	0.92997366	12.70086813	-0.53325929
0.77943390	12.96616965	-0.50995177	0.77940924	12.96619042	-0.50998327
0.85949110	12.92007927	-0.59087131	0.85946769	12.92010121	-0.59090103
0.90875499	12.87718610	-0.65120232	0.90873335	12.87720874	-0.65123007
0.94711427	12.80731407	-0.64545382	0.94709569	12.80733839	-0.64547802
0.98108463	12.67822872	-0.64635911	0.98107201	12.67825395	-0.64637700
0.71649470	12.76597409	-1.16471705	0.71646771	12.76595786	-1.16474013
0.83899947	12.71569153	-1.14305617	0.83898064	12.71569036	-1.14308099
0.80747719	12.82221282	-1.07435698	0.80745139	12.82221252	-1.07438703
0.68510560	12.86821652	-1.09125938	0.68507002	12.86820227	-1.09129888
0.94030366	12.68209663	-1.08025347	0.94029036	12.68210575	-1.08027495
0.90717983	12.79320666	-1.02165833	0.90715910	12.79321600	-1.02168516
0.86760287	12.86170159	-0.97110667	0.86757922	12.86171049	-0.97113739
0.78874225	12.90250833	-0.98652355	0.78871547	12.90251245	-0.98655863
0.66669179	12.94832428	-0.99205586	0.66665952	12.94831916	-0.99209789
0.59620013	12.83460380	-0.20877363	0.59618078	12.83462469	-0.20879959
0.57784860	12.97158533	-0.25653276	0.57782453	12.97160495	-0.25656372
0.71180358	12.92381114	-0.34935428	0.71178125	12.92383340	-0.34938315
0.73333441	12.78442289	-0.30884738	0.73331688	12.78444604	-0.30887066
0.54720549	13.05792334	-0.34101098	0.54717834	13.05793951	-0.34104564
0.67554568	13.01415133	-0.42520708	0.67551984	13.01417023	-0.42524028
0.46683477	12.88061966	-1.06473256	0.46680166	12.88057781	-1.06478362
0.59278294	12.82638024	-1.13744852	0.59274059	12.82634180	-1.13749257
0.56229953	12.91900922	-1.06505330	0.56226275	12.91898068	-1.06510047
0.43850994	12.96352871	-0.98994554	0.43848065	12.96350380	-0.98999160
0.54231544	12.99401356	-0.96333223	0.54228269	12.99400214	-0.96337737
0.41775432	13.03323989	-0.88716350	0.41772377	13.03322792	-0.88720639
-0.01384085	12.98935418	-0.06675752	-0.01386489	12.98935922	-0.06679022
-0.14225878	13.00100048	-0.08871321	-0.14228303	13.00100071	-0.08874644
-0.14480204	13.07437074	-0.13533991	-0.14482868	13.07436929	-0.13537575
-0.01999862	13.07662600	-0.11079134	-0.02002557	13.07662941	-0.11082707
-0.26104059	13.00254390	-0.12493345	-0.26106472	13.00253926	-0.12496666
-0.26205196	13.06391296	-0.17342290	-0.26207813	13.06390660	-0.17345834
-0.26334487	13.10507097	-0.23897929	-0.26337241	13.10506221	-0.23901626
-0.14685832	13.12122642	-0.20156017	-0.14688658	13.12122257	-0.20159769
-0.02503684	13.13058244	-0.17671531	-0.02506562	13.13058344	-0.17675297
0.03094547	12.97511418	-0.59122857	0.03092210	12.97510245	-0.59126062
0.01589061	13.03752772	-0.56575342	0.01586487	13.03751634	-0.56578776
-0.06506185	13.03951078	-0.55516245	-0.06508766	13.03949691	-0.55519706
-0.05085976	12.98330388	-0.57075233	-0.05088357	12.98328995	-0.57078488
-0.00368631	13.09155690	-0.51839873	-0.00371399	13.09154659	-0.51843506
-0.08661991	13.08582949	-0.51949179	-0.08664730	13.08581619	-0.51952809
-0.18012321	13.07859569	-0.53558870	-0.18015045	13.07857866	-0.53562484
-0.15750927	13.03757678	-0.57146335	-0.15753518	13.03755919	-0.57149795
-0.14281279	12.98636924	-0.58885687	-0.14283698	12.98635155	-0.58888956
0.98753268	12.28913152	-0.67207006	0.98753664	12.28915239	-0.67207063
0.96666669	12.07018821	-0.68786374	0.96667748	12.07020680	-0.68785907
0.91397386	12.09694566	-0.55259038	0.91397747	12.09696098	-0.55258775
0.92886570	12.30383071	-0.53696121	0.92886530	12.30385067	-0.53696394
0.83596618	12.14678430	-0.43142025	0.83596538	12.14679518	-0.43142143
0.84340550	12.32900857	-0.41164434	0.84340222	12.32902658	-0.41164956
0.97944619	12.38008003	-1.14178106	0.97945026	12.38008927	-1.14178687
0.88445578	12.44056893	-1.21079540	0.88445560	12.44057182	-1.21080255
0.87987209	12.28102841	-1.23551214	0.87987950	12.28102962	-1.23551331
0.97202664	12.18875556	-1.15697864	0.97203981	12.18876387	-1.15697779
0.75713744	12.51678404	-1.23967331	0.75713000	12.51678115	-1.23968524
0.75354766	12.39651724	-1.27079176	0.75355407	12.39651168	-1.27079028
0.86764991	12.17631401	-1.24327914	0.86766199	12.17631446	-1.24327705
0.95316516	12.05414833	-1.15495090	0.95318516	12.05415607	-1.15494587
0.99351979	12.49820317	-0.65750639	0.99351591	12.49822735	-0.65751532
0.93688300	12.51420700	-0.53105478	0.93687619	12.51423082	-0.53106514
0.85267726	12.54269766	-0.40910355	0.85266822	12.54272049	-0.40911628
0.86774590	12.58707578	-1.18417585	0.86773452	12.58707834	-1.18419270
0.96695078	12.54450415	-1.11832655	0.96694518	12.54451398	-1.11834054
0.74220382	12.64441180	-1.20919248	0.74217798	12.64440130	-1.20921319
0.60010867	12.42027736	-0.22601031	0.60010233	12.42029245	-0.22602188
0.60043970	12.63516634	-0.20365075	0.60042708	12.63518560	-0.20366946
0.73375694	12.58538402	-0.29792516	0.73374600	12.58540527	-0.29794067
0.72737122	12.37108841	-0.30873378	0.72736575	12.37110468	-0.30874268
0.46734480	12.70251997	-1.15311828	0.46728450	12.70242098	-1.15322258
0.61101208	12.61443498	-1.21977431	0.61096878	12.61441107	-1.21978818
0.60817359	12.71834518	-1.18606647	0.60814614	12.71830917	-1.18607199
0.47275212	12.78744637	-1.11884502	0.47270299	12.78738900	-1.11892320
0.58654631	12.17487543	-0.30185709	0.58654641	12.17487926	-0.30185897
0.59726355	12.28088837	-0.26270578	0.59726097	12.28089884	-0.26271218
0.72333350	12.21629626	-0.33790344	0.72333144	12.21630735	-0.33790845
0.60091373	12.48674911	-1.25205587	0.60092396	12.48674546	-1.25206651
0.60639280	12.53396449	-1.24413645	0.60637474	12.53395278	-1.24416147
0.46006960	12.64604327	-1.17024840	0.45996032	12.64591282	-1.17041569
-0.00535294	12.71155544	-0.06560546	-0.00536762	12.71156063	-0.06562877
-0.15404317	12.78000440	-0.07285737	-0.15406008	12.78000466	-0.07288300
-0.14419899	12.90281079	-0.07039978	-0.14421995	12.90281154	-0.07042962
-0.00586687	12.86596264	-0.05497226	-0.00588677	12.86596824	-0.05500076
-0.29001633	12.83105255	-0.09740010	-0.29003484	12.83104788	-0.09742725
-0.27147629	12.92615513	-0.10130905	-0.27149789	12.92615095	-0.10133952
0.02691256	12.84559024	-0.62022810	0.02689421	12.84557733	-0.62025549
0.03309586	12.91100224	-0.60766706	0.03307492	12.91099002	-0.60769682
-0.04797067	12.92149854	-0.58005291	-0.04799225	12.92148442	-0.58008321
-0.05621932	12.85669343	-0.58402587	-0.05623859	12.85667893	-0.58405388
-0.13963883	12.92906544	-0.59705060	-0.13966108	12.92904760	-0.59708124
-0.14936866	12.86826416	-0.59585640	-0.14938879	12.86824612	-0.59588487
-0.03460687	12.41581463	-0.11997367	-0.03461205	12.41581710	-0.11998714
-0.17503975	12.63288925	-0.09068729	-0.17505191	12.63288825	-0.09070807
-0.01990831	12.54093644	-0.08956103	-0.01991753	12.54094031	-0.08957867
-0.32649609	12.62562151	-0.12931446	-0.32650823	12.62561466	-0.12933462
-0.31283983	12.71333815	-0.10921548	-0.31285464	12.71333236	-0.10923857
0.01692186	12.77927502	-0.63199437	0.01690625	12.77926120	-0.63201929
-0.07559476	12.79029332	-0.58114145	-0.07561169	12.79027835	-0.58116711
-0.09342153	12.76330392	-0.56105530	-0.09343775	12.76328915	-0.56108006
-0.17340612	12.80576798	-0.58377416	-0.17342418	12.80574968	-0.58380041
-0.38335905	12.99958018	-0.17410623	-0.38338297	12.99957020	-0.17413905
-0.37558542	13.04975462	-0.21988258	-0.37561099	13.04974324	-0.21991728
-0.49323054	12.99272026	-0.23065052	-0.49325413	12.99270528	-0.23068270
-0.47354280	13.03349926	-0.27165784	-0.47356779	13.03348325	-0.27169169
-0.45150786	13.06677172	-0.32194165	-0.45153409	13.06675442	-0.32197687
-0.36573558	13.08681921	-0.27904258	-0.36576250	13.08680594	-0.27907874
-0.26181911	13.03523975	-0.59093530	-0.26184522	13.03521794	-0.59096980
-0.24743018	12.99002580	-0.61588319	-0.24745489	12.99000355	-0.61591599
-0.28207772	13.07166173	-0.55049829	-0.28210488	13.07164078	-0.55053413
-0.37672899	13.06303720	-0.55902952	-0.37675601	13.06301284	-0.55906490
-0.36184491	13.03181094	-0.60389704	-0.36187115	13.03178525	-0.60393123
-0.35220481	12.99349052	-0.63772728	-0.35223008	12.99346378	-0.63775997
-0.24878565	12.94151703	-0.63170042	-0.24880882	12.94149418	-0.63173139
-0.35968886	12.95457427	-0.66248768	-0.35971301	12.95454635	-0.66251880
-0.37442947	12.91726274	-0.67658524	-0.37445263	12.91723377	-0.67661478
-0.26150659	12.89201077	-0.63621138	-0.26152823	12.89198738	-0.63624044
-0.53735347	12.88703503	-0.19000856	-0.53737378	12.88702040	-0.19003646
-0.55727794	12.76502759	-0.19555109	-0.55729489	12.76501231	-0.19557429
-0.63343833	12.80177805	-0.25303014	-0.63345677	12.80175889	-0.25305398
-0.61541855	12.89778134	-0.25224043	-0.61543948	12.89776260	-0.25226816
-0.56526335	12.66031554	-0.21283098	-0.56527764	12.66029948	-0.21285026
-0.64068744	12.71916833	-0.26491416	-0.64070397	12.71914858	-0.26493470
-0.68921225	12.78891785	-0.33500979	-0.68923122	12.78889440	-0.33503250
-0.68297922	12.84122209	-0.32921608	-0.68299931	12.84119895	-0.32924099
-0.66703275	12.90432527	-0.33081469	-0.66705440	12.90430240	-0.33084231
-0.45575248	12.65026858	-0.16501757	-0.45576580	12.65025706	-0.16503758
-0.44465647	12.74648245	-0.14601371	-0.44467248	12.74647177	-0.14603721
-0.42257281	12.86579307	-0.13766004	-0.42259238	12.86578323	-0.13768790
-0.47033049	12.93293941	-0.68745159	-0.47035449	12.93290689	-0.68748135
-0.47724159	12.90593159	-0.69804034	-0.47726495	12.90589843	-0.69806892
-0.38657358	12.88395929	-0.67842698	-0.38659572	12.88392988	-0.67845512
-0.55691190	12.93803830	-0.66742625	-0.55693617	12.93800429	-0.66745580
-0.56167532	12.91132869	-0.68220644	-0.56169903	12.91129396	-0.68223483
-0.39738388	12.86716375	-0.66802054	-0.39740540	12.86713439	-0.66804798
-0.28120039	12.84381354	-0.62835972	-0.28122040	12.84378984	-0.62838692
0.89829378	12.88510438	-0.90245580	0.89827060	12.88511823	-0.90248651
0.79817397	12.95199872	-0.88852807	0.79814646	12.95200706	-0.88856412
0.91479185	12.89959170	-0.81371220	0.91476915	12.89960980	-0.81374214
0.81957102	12.97202397	-0.78400731	0.81954366	12.97203818	-0.78404262
0.70909832	13.02766968	-0.74275061	0.70907005	13.02768037	-0.74278788
0.67929743	13.00331535	-0.87190869	0.67926789	13.00331879	-0.87194830
0.91585854	12.89585427	-0.72179622	0.91583580	12.89587542	-0.72182537
0.83669182	12.96341444	-0.67742326	0.83666623	12.96343312	-0.67745603
0.74212117	13.01597458	-0.61544605	0.74209364	13.01599048	-0.61548094
1.00011177	12.67163699	-0.98553646	1.00010125	12.67165325	-0.98555688
0.96220559	12.79324082	-0.94059197	0.96218743	12.79325686	-0.94061782
1.02320169	12.67223589	-0.87416562	1.02319073	12.67225697	-0.87418432
0.98202346	12.80273207	-0.84378802	0.98200590	12.80275257	-0.84381293
1.01452607	12.67139504	-0.76080562	1.01451471	12.67141890	-0.76082345
0.97609242	12.80238598	-0.74437639	0.97607471	12.80240904	-0.74440039
0.55912825	13.04874874	-0.82680746	0.55909805	13.04874788	-0.82684903
0.59591092	13.07462584	-0.67791429	0.59588129	13.07463323	-0.67795368
0.47200094	13.11332209	-0.59531422	0.47197147	13.11332764	-0.59535274
0.43487638	13.08656497	-0.74725595	0.43484691	13.08656293	-0.74729570
0.63583675	13.06364597	-0.53974983	0.63580842	13.06365942	-0.53978639
0.51062936	13.10443037	-0.45714376	0.51060033	13.10444151	-0.45718092
-0.38523375	13.08057248	-0.50114677	-0.38526109	13.08055015	-0.50118280
-0.46872407	13.06214934	-0.51364731	-0.46875087	13.06212412	-0.51368243
-0.44881372	13.05072536	-0.55600101	-0.44884037	13.05069898	-0.55603575
-0.39728225	13.08670954	-0.43811448	-0.39730948	13.08668933	-0.43815070
-0.49088104	13.06407247	-0.46913618	-0.49090766	13.06404843	-0.46917126
-0.57524939	13.03763974	-0.49818025	-0.57527535	13.03761228	-0.49821389
-0.53763722	13.03962545	-0.53075285	-0.53766339	13.03959766	-0.53078677
-0.49994086	13.03801541	-0.55698327	-0.49996713	13.03798751	-0.55701732
-0.42273138	13.08334258	-0.37789848	-0.42275835	13.08332397	-0.37793446
-0.50467358	13.05990208	-0.41777606	-0.50469988	13.05987974	-0.41781090
-0.51956376	13.04543162	-0.36686831	-0.51958942	13.04541086	-0.36690247
-0.56514514	13.02840225	-0.39913084	-0.56517035	13.02837906	-0.39916415
-0.57705232	13.03346978	-0.44770701	-0.57707797	13.03344433	-0.44774046
-0.01939981	13.13050986	-0.43648472	-0.01942875	13.13050196	-0.43652246
-0.11107572	13.11807146	-0.44894001	-0.11110413	13.11805991	-0.44897748
-0.02876234	13.15207164	-0.34118155	-0.02879197	13.15206675	-0.34122003
-0.13192041	13.13582392	-0.36242014	-0.13194936	13.13581481	-0.36245825
-0.23304456	13.11857816	-0.39342616	-0.23307283	13.11856472	-0.39346377
-0.20704909	13.10503197	-0.47181153	-0.20707707	13.10501644	-0.47184865
-0.02929139	13.15392965	-0.25404038	-0.02932102	13.15392780	-0.25407891
-0.14323108	13.13927670	-0.27862511	-0.14326003	13.13927022	-0.27866331
-0.25282639	13.12092494	-0.31388594	-0.25285458	13.12091381	-0.31392354
0.99104672	11.97524031	-1.05854414	0.99107057	11.97525269	-1.05853692
1.01348846	12.12015573	-1.05677530	1.01350537	12.12016920	-1.05677204
0.99348655	11.93040452	-0.95308650	0.99351025	11.93041975	-0.95307850
1.01942322	12.07702778	-0.94248754	1.01944098	12.07704454	-0.94248254
1.03847177	12.29476035	-0.92723451	1.03848034	12.29477865	-0.92723616
1.02708028	12.32927990	-1.04319676	1.02708735	12.32929429	-1.04320048
0.97478368	11.91394709	-0.83411382	0.97480490	11.91396400	-0.83410675
1.00276798	12.06187236	-0.81902520	1.00278372	12.06189087	-0.81901998
1.02472957	12.28380875	-0.80284132	1.02473722	12.28382911	-0.80284158
1.02248415	12.51511604	-1.01907105	1.02248190	12.51513177	-1.01908322
1.04116280	12.49771010	-0.90386880	1.04116116	12.49773033	-0.90387917
1.02992829	12.49236799	-0.78254691	1.02992635	12.49239087	-0.78255592
-0.64289335	12.93265653	-0.61495482	-0.64291738	12.93262274	-0.61498370
-0.64966476	12.90284984	-0.62688225	-0.64968819	12.90281543	-0.62690984
-0.70063847	12.92239617	-0.53508601	-0.70066193	12.92236444	-0.53511411
-0.71107542	12.88619097	-0.54105756	-0.71109815	12.88615881	-0.54108408
-0.65146150	12.87944782	-0.62827648	-0.65148444	12.87941334	-0.62830307
-0.70221038	12.91275717	-0.43281926	-0.70223293	12.91272953	-0.43284692
-0.71566270	12.86765423	-0.43370357	-0.71568428	12.86762632	-0.43372928
-0.71859720	12.83195272	-0.43539977	-0.71861805	12.83192471	-0.43542398
-0.29832154	13.09369942	-0.48820410	-0.29834921	13.09368033	-0.48824075
-0.31648920	13.10354251	-0.41583084	-0.31651703	13.10352561	-0.41586779
-0.34249274	13.10298201	-0.34531561	-0.34252031	13.10296698	-0.34535242
-0.59533675	12.95017810	-0.26504450	-0.59535915	12.95015935	-0.26507442
-0.51495558	12.95333222	-0.20257301	-0.51497785	12.95331771	-0.20260355
-0.64942575	12.94452214	-0.34009980	-0.64944844	12.94449928	-0.34012914
-0.62628099	12.97411617	-0.35701152	-0.62630451	12.97409317	-0.35704221
-0.57230747	12.98216856	-0.28941788	-0.57233092	12.98214944	-0.28944923
-0.40036944	12.94419264	-0.14699179	-0.40039153	12.94418310	-0.14702257
-0.45727626	12.96395268	-0.66908899	-0.45730101	12.96392129	-0.66912011
-0.44536732	12.99627226	-0.64089709	-0.44539281	12.99624245	-0.64092964
-0.52948864	12.99526989	-0.62370854	-0.52951415	12.99523840	-0.62374063
-0.54542729	12.96685197	-0.64964122	-0.54545217	12.96681898	-0.64967206
-0.65932211	12.97960979	-0.52350525	-0.65934677	12.97957936	-0.52353601
-0.68364076	12.95210212	-0.52977418	-0.68366486	12.95207095	-0.52980363
-0.62913136	12.96096692	-0.60219036	-0.62915598	12.96093393	-0.60222050
-0.60824653	12.98818105	-0.58441946	-0.60827169	12.98814929	-0.58445088
-0.62726282	13.00882055	-0.51464197	-0.62728815	13.00879123	-0.51467413
-0.58094683	13.01460204	-0.55748194	-0.58097252	13.01457205	-0.55751461
-0.51128235	13.02099754	-0.58444574	-0.51130833	13.02096819	-0.58447902
-0.68477794	12.94595869	-0.43544981	-0.68480127	12.94593131	-0.43547897
-0.66042640	12.97405930	-0.44143127	-0.66045042	12.97403220	-0.44146177
-0.59408066	13.00520719	-0.38142956	-0.59410515	13.00518401	-0.38146173
-0.62672746	13.00415973	-0.45054969	-0.62675232	13.00413304	-0.45058166
-0.54460420	13.01675238	-0.32371560	-0.54462882	13.01673266	-0.32374847
-0.44179220	13.02699886	-0.60081927	-0.44181836	13.02697085	-0.60085308
0.18100877	13.12064628	-0.18579537	0.18097997	13.12065389	-0.18583234
0.15135704	13.15918054	-0.27108940	0.15132692	13.15918432	-0.27112778
0.17904175	13.14708083	-0.28580464	0.17901200	13.14708507	-0.28584254
0.21297527	13.10735180	-0.19735184	0.21294688	13.10736014	-0.19738829
0.13093979	13.16611132	-0.36620706	0.13090938	13.16611116	-0.36624572
0.15703316	13.15480936	-0.38312265	0.15700309	13.15480955	-0.38316084
0.18360902	13.13817714	-0.29581113	0.18357955	13.13818119	-0.29584869
0.21735450	13.09894926	-0.20374847	0.21732639	13.09895752	-0.20378461
0.19024427	13.14587886	-0.29687913	0.19021451	13.14588312	-0.29691693
0.22275316	13.10545523	-0.19862495	0.22272479	13.10546387	-0.19866131
0.17108351	13.15290426	-0.40024850	0.17105346	13.15290439	-0.40028656
0.21505582	13.15870602	-0.42618402	0.21502552	13.15870697	-0.42622211
0.23665885	13.15118645	-0.31478464	0.23662883	13.15119174	-0.31482245
0.26863391	13.10876742	-0.20943735	0.26860540	13.10877730	-0.20947366
0.25655401	12.93425157	-0.06554298	0.25653159	12.93426563	-0.06557335
0.21959545	13.05060957	-0.11115474	0.21956904	13.05062094	-0.11118922
0.25575280	13.03781571	-0.12253196	0.25572681	13.03782795	-0.12256591
0.29608070	12.92095629	-0.07864129	0.29605871	12.92097120	-0.07867113
0.26598163	13.03581965	-0.12301480	0.26595568	13.03583222	-0.12304863
0.30727864	12.91905814	-0.08203436	0.30725669	12.91907329	-0.08206409
0.31118635	13.03433264	-0.13035297	0.31116043	13.03434652	-0.13038658
0.35105556	12.91127050	-0.08795649	0.35103384	12.91128690	-0.08798583
0.37659703	12.72236514	-0.09186787	0.37658180	12.72238160	-0.09189068
0.33654732	12.73605329	-0.08746180	0.33653168	12.73606860	-0.08748516
0.39424796	12.52692320	-0.12241174	0.39423923	12.52693802	-0.12242785
0.35672755	12.55101888	-0.11777578	0.35671810	12.55103288	-0.11779283
0.32516919	12.73825209	-0.08273910	0.32515348	12.73826722	-0.08276258
0.34455004	12.55381947	-0.11287313	0.34454052	12.55383333	-0.11289030
0.29891651	12.56762101	-0.09483576	0.29890655	12.56763424	-0.09485355
0.28314236	12.75565066	-0.06676476	0.28312607	12.75566507	-0.06678897
0.26599844	12.78297914	-0.91989114	0.26598631	12.78296218	-0.91991275
0.25602954	12.85318611	-0.89515725	0.25601086	12.85316923	-0.89518499
0.23695145	12.85910536	-0.83606477	0.23693264	12.85909312	-0.83609213
0.24773491	12.79826582	-0.85965395	0.24771977	12.79825212	-0.85967724
0.24071588	12.92529785	-0.84485589	0.24069339	12.92528537	-0.84488651
0.22102023	12.92374717	-0.78914665	0.22099864	12.92373642	-0.78917618
0.22755493	12.91937146	-0.77133415	0.22753374	12.91936177	-0.77136349
0.24866782	12.80412119	-0.83891224	0.24865283	12.80410983	-0.83893557
0.22069898	12.85951872	-0.82164697	0.22068029	12.85950655	-0.82167408
0.22567081	12.80219535	-0.84454870	0.22565613	12.80218224	-0.84457250
0.21000965	12.92325469	-0.77937895	0.20998830	12.92324392	-0.77940850
0.16944977	12.93544539	-0.76479005	0.16942795	12.93543336	-0.76482019
0.17721651	12.86811058	-0.80322074	0.17719769	12.86809717	-0.80324816
0.17922691	12.80448638	-0.82422386	0.17921171	12.80447192	-0.82424848
0.27092839	12.71276712	-0.94478378	0.27092309	12.71274524	-0.94479666
0.25541123	12.73705861	-0.88372273	0.25540164	12.73704468	-0.88374158
0.25719924	12.75270144	-0.86142870	0.25718772	12.75268935	-0.86144886
0.27490676	12.71621044	-0.87455276	0.27489850	12.71619915	-0.87456939
0.23454746	12.74447365	-0.87128329	0.23453669	12.74445977	-0.87130374
0.18581525	12.73685395	-0.85372025	0.18580431	12.73683812	-0.85374170
0.28269950	12.32795140	-0.16256796	0.28269656	12.32796098	-0.16257675
0.30023369	12.42458316	-0.12889648	0.30022827	12.42459460	-0.12890897
0.34801096	12.42287110	-0.14524143	0.34800555	12.42288286	-0.14525361
0.33343436	12.35333061	-0.17778128	0.33343092	12.35334009	-0.17779049
0.35201658	12.43546819	-0.15253228	0.35201086	12.43547984	-0.15254494
0.36172672	12.41586627	-0.15030170	0.36172149	12.41587808	-0.15031361
0.34785533	12.34781622	-0.18419821	0.34785257	12.34782533	-0.18420675
0.39884694	12.38254812	-0.15874948	0.39884248	12.38255993	-0.15876001
0.12016854	13.14083619	-0.47141922	0.12013895	13.14083203	-0.47145701
0.15008457	13.12753836	-0.48543475	0.15005540	13.12753486	-0.48547198
0.12360771	13.08856271	-0.57952891	0.12357998	13.08855505	-0.57956474
0.15887748	13.07326989	-0.59020532	0.15885029	13.07326327	-0.59024049
0.16209492	13.11623869	-0.49216307	0.16206616	13.11623543	-0.49219985
0.16790107	13.12264146	-0.49229986	0.16787204	13.12263843	-0.49233684
0.17794044	13.06658071	-0.58638970	0.17791350	13.06657498	-0.58642455
0.20410656	13.07196714	-0.62570113	0.20407934	13.07196127	-0.62573621
0.20333838	13.12843531	-0.52477271	0.20330908	13.12843259	-0.52480974
0.21989302	13.00138479	-0.74389521	0.21986864	13.00137561	-0.74392772
0.19842115	12.99661229	-0.69581551	0.19839713	12.99660394	-0.69584779
0.18406059	12.99970792	-0.69537053	0.18403645	12.99969898	-0.69540298
0.14578807	13.01449707	-0.68411227	0.14576332	13.01448687	-0.68414534
0.39429380	13.09108892	-0.26303488	0.39426576	13.09110157	-0.26307034
0.42966208	13.01065497	-0.17919994	0.42963689	13.01067142	-0.17923252
0.45823699	12.87998597	-0.13290739	0.45821623	12.88000440	-0.13293537
0.31245615	12.99069125	-0.86255390	0.31242962	12.99067988	-0.86258963
0.33631767	12.91233842	-0.95178609	0.33629422	12.91231670	-0.95182353
0.29449416	13.06021643	-0.75048878	0.29446698	13.06021005	-0.75052434
0.13646306	12.96190975	-0.06032853	0.13643979	12.96191995	-0.06036010
0.11454945	13.06607537	-0.10499783	0.11452265	13.06608342	-0.10503302
0.09295665	13.12952249	-0.17508043	0.09292770	13.12952746	-0.17511785
0.08792720	13.02811397	-0.62490275	0.08790185	13.02810339	-0.62493650
0.06782368	13.09356200	-0.54704525	0.06779582	13.09355327	-0.54708146
0.10707944	12.95598141	-0.67916390	0.10705702	12.95596975	-0.67919497
0.47289729	12.68487124	-0.13276410	0.47288334	12.68488926	-0.13278522
0.48243172	12.47569907	-0.16122208	0.48242431	12.47571408	-0.16123614
0.34549534	12.83129987	-1.00455388	0.34547938	12.83127251	-1.00458344
0.34654603	12.75611120	-1.03332672	0.34653890	12.75607973	-1.03334006
0.48354844	12.33810906	-0.19939109	0.48354502	12.33812003	-0.19939927
0.34553975	12.69609750	-1.05191961	0.34554380	12.69606555	-1.05192496
0.15806325	12.47197673	-0.10558934	0.15805645	12.47198541	-0.10560423
0.16393257	12.62809850	-0.07621357	0.16392065	12.62810848	-0.07623375
0.10899272	12.75491344	-0.74877041	0.10897913	12.75489870	-0.74879377
0.10923356	12.82364162	-0.72517590	0.10921664	12.82362814	-0.72520198
0.15482668	12.80741455	-0.05567521	0.15480873	12.80742525	-0.05570145
0.11138314	12.88916180	-0.70728688	0.11136344	12.88914932	-0.70731543
0.33018356	13.14351114	-0.50136048	0.33015361	13.14351407	-0.50139811
0.30421541	13.11481659	-0.62823444	0.30418634	13.11481482	-0.62827145
0.36063492	13.13540600	-0.37520681	0.36060528	13.13541399	-0.37524393
0.06392439	13.16379912	-0.34728339	0.06389420	13.16379725	-0.34732209
0.06060518	13.13992900	-0.44940892	0.06057578	13.13992344	-0.44944681
0.07539864	13.16106330	-0.25589452	0.07536860	13.16106496	-0.25593308
0.88225037	11.96663137	-0.58455811	0.88226014	11.96664541	-0.58455743
0.81676000	12.01719950	-0.47386000	0.81676000	12.01719950	-0.47386000
0.92277292	11.93886350	-0.71336826	0.92278905	11.93888033	-0.71336442
0.91020441	12.00535486	-0.71823975	0.91021849	12.00537129	-0.71823683
0.87448981	12.05213875	-0.63182649	0.87449843	12.05215371	-0.63182531
0.80606825	12.11466471	-0.52879048	0.80607131	12.11467490	-0.52879014
0.95616625	11.93133693	-0.83764850	0.95618694	11.93135317	-0.83764236
0.97545670	11.94729683	-0.94903776	0.97547966	11.94731150	-0.94903054
0.94340984	12.06528925	-0.93242707	0.94342794	12.06530319	-0.93242303
0.92906819	12.03503819	-0.81477202	0.92908464	12.03505423	-0.81476865
0.97463849	11.98953914	-1.04225135	0.97466151	11.98955123	-1.04224470
0.93990767	12.06415664	-1.12921222	0.93992732	12.06416452	-1.12920740
0.91674017	12.12685255	-1.10685503	0.91675675	12.12685989	-1.10685192
0.94067761	12.10012143	-1.03029798	0.94069536	12.10013228	-1.03029436
0.85909023	12.18212288	-1.22038679	0.85910245	12.18212359	-1.22038469
0.74251069	12.33293364	-1.27103088	0.74251608	12.33292867	-1.27103007
0.74647075	12.36127074	-1.19929727	0.74647419	12.36126763	-1.19929642
0.85726623	12.22806340	-1.15774443	0.85727734	12.22806597	-1.15774366
0.60122774	12.48283136	-1.23792826	0.60123155	12.48282653	-1.23793858
0.46873903	12.61161406	-1.15603097	0.46864110	12.61152662	-1.15617586
0.49420000	12.61570000	-1.07906000	0.49420000	12.61570000	-1.07906000
0.61447000	12.50220000	-1.16283000	0.61447000	12.50220000	-1.16283000
0.38293302	12.64660229	-1.05049022	0.38293184	12.64657179	-1.05052336
0.33221398	12.64727347	-0.95693671	0.33221871	12.64725733	-0.95693983
0.37140000	12.64100070	-0.89641000	0.37140000	12.64100070	-0.89641000
0.41679000	12.64250090	-0.98287004	0.41679000	12.64250090	-0.98287004
0.31402931	12.67911829	-0.89765957	0.31402556	12.67910817	-0.89766994
0.30995717	12.70666171	-0.87031480	0.30994986	12.70665347	-0.87032932
0.33823420	12.69453987	-0.81311446	0.33822573	12.69453554	-0.81312925
0.34737837	12.66945612	-0.84066401	0.34737111	12.66945299	-0.84067493
0.30095738	12.69394808	-0.87422530	0.30095092	12.69393905	-0.87424013
0.25781741	12.68381633	-0.84484778	0.25780942	12.68380472	-0.84486516
0.29808834	12.68102158	-0.77538622	0.29807914	12.68101545	-0.77540315
0.33708426	12.68313927	-0.81178209	0.33707645	12.68313490	-0.81179689
0.15149259	12.71936607	-0.71672358	0.15148035	12.71935448	-0.71674522
0.01959797	12.77312370	-0.57623209	0.01958217	12.77311218	-0.57625686
0.02375929	12.81087789	-0.49937355	0.02374180	12.81086920	-0.49939983
0.17550992	12.73454389	-0.64140959	0.17549640	12.73453631	-0.64143196
-0.09702764	12.81603242	-0.51345092	-0.09704572	12.81601913	-0.51347762
-0.20452610	12.84790087	-0.51735588	-0.20454555	12.84788381	-0.51738360
-0.20791793	12.91643828	-0.45707798	-0.20793969	12.91642328	-0.45710818
-0.09909567	12.87557777	-0.44336800	-0.09911584	12.87556686	-0.44339679
-0.30971010	12.86823917	-0.57716028	-0.30973083	12.86821640	-0.57718831
-0.40834463	12.87927630	-0.64483227	-0.40836651	12.87924754	-0.64486016
-0.42499305	12.90700632	-0.59307169	-0.42501562	12.90697913	-0.59310071
-0.31920494	12.92137120	-0.52217020	-0.31922728	12.92135018	-0.52220031
-0.49645394	12.88254479	-0.67284498	-0.49647657	12.88251220	-0.67287252
-0.57615855	12.87903969	-0.66103813	-0.57618144	12.87900554	-0.66106510
-0.57535952	12.88146193	-0.62566041	-0.57538225	12.88142928	-0.62568752
-0.51877923	12.89027101	-0.62460770	-0.51880188	12.89023987	-0.62463549
-0.65024974	12.87065954	-0.60944177	-0.65027238	12.87062588	-0.60946801
-0.69944376	12.85429968	-0.52990436	-0.69946577	12.85426826	-0.52992963
-0.66236092	12.87052269	-0.50166561	-0.66238299	12.87049318	-0.50169184
-0.62500426	12.87988166	-0.57848199	-0.62502687	12.87984984	-0.57850878
-0.70441597	12.82705643	-0.43471484	-0.70443670	12.82702875	-0.43473897
-0.67750621	12.78021346	-0.34496110	-0.67752506	12.78018990	-0.34498360
-0.65590478	12.78681012	-0.35788761	-0.65592387	12.78678654	-0.35791057
-0.66818779	12.83337249	-0.41811957	-0.66820846	12.83334623	-0.41814428
-0.63074441	12.70585999	-0.28179152	-0.63076080	12.70583986	-0.28181165
-0.55720181	12.64540483	-0.23314617	-0.55721594	12.64538827	-0.23316498
-0.53965359	12.70468867	-0.26448332	-0.53966959	12.70467140	-0.26450443
-0.61575202	12.74804325	-0.31431667	-0.61576974	12.74802224	-0.31433858
-0.45024194	12.64065717	-0.18586465	-0.45025517	12.64064511	-0.18588435
-0.32316480	12.62020982	-0.14998293	-0.32317681	12.62020240	-0.15000291
-0.30538506	12.67389653	-0.17887520	-0.30539889	12.67388865	-0.17889697
-0.43141288	12.69814275	-0.21578112	-0.43142796	12.69813007	-0.21580301
-0.18642867	12.51605727	-0.13652992	-0.18643705	12.51605442	-0.13654692
-0.03772305	12.40049844	-0.14374264	-0.03772770	12.40050001	-0.14375561
-0.03530378	12.47017851	-0.17487925	-0.03531053	12.47017907	-0.17489454
-0.17486948	12.57874353	-0.16541452	-0.17487988	12.57874009	-0.16543353
0.12348363	12.34032856	-0.16401616	0.12348068	12.34033422	-0.16402647
0.25196376	12.32192901	-0.18926370	0.25196115	12.32193689	-0.18927244
0.23143308	12.38159213	-0.24136423	0.23142938	12.38159760	-0.24137548
0.11377558	12.40759873	-0.20546856	0.11377092	12.40760264	-0.20548127
0.30190746	12.35620773	-0.21055647	0.30190419	12.35621536	-0.21056612
0.28728536	12.43997806	-0.28001009	0.28728038	12.43998360	-0.28002293
0.27920192	12.41218309	-0.26609877	0.27919761	12.41218877	-0.26611069
0.31342002	12.34647208	-0.22314316	0.31341799	12.34647790	-0.22315158
0.34620000	12.27620000	-0.23202000	0.34620000	12.27620000	-0.23202000
0.31933966	12.33321369	-0.29093026	0.31933822	12.33321651	-0.29093692
0.28641639	12.39836317	-0.28109326	0.28641284	12.39836779	-0.28110405
0.44425997	12.21770000	-0.27141000	0.44425997	12.21770000	-0.27141000
0.57587000	12.16340070	-0.32883000	0.57587000	12.16340070	-0.32883000
0.56947909	12.24310859	-0.38307671	0.56947838	12.24311444	-0.38308077
0.42758669	12.28618523	-0.32808656	0.42758533	12.28618871	-0.32809150
0.70622003	12.08180000	-0.39380000	0.70622003	12.08180000	-0.39380000
0.69998509	12.18144962	-0.44767909	0.69998585	12.18145835	-0.44768183
0.76336243	12.39368218	-1.04853971	0.76336814	12.39368443	-1.04854396
0.86568230	12.24506020	-1.04731211	0.86569373	12.24506723	-1.04731253
0.78280917	12.37732484	-0.86040460	0.78281578	12.37733387	-0.86040832
0.87485760	12.22376127	-0.90684389	0.87486942	12.22377308	-0.90684434
0.79545380	12.26290801	-0.67266172	0.79545871	12.26292096	-0.67266430
0.87469859	12.15003238	-0.75465438	0.87470967	12.15004746	-0.75465377
0.53333098	12.60826551	-0.90324834	0.53332774	12.60826481	-0.90326076
0.64696372	12.52239121	-0.99076178	0.64696944	12.52239217	-0.99076673
0.56463244	12.53889687	-0.69179750	0.56462810	12.53890222	-0.69181075
0.67765935	12.47901319	-0.78150630	0.67765922	12.47902054	-0.78151531
0.57050463	12.38684206	-0.51135784	0.57050248	12.38684956	-0.51136689
0.69230343	12.34057505	-0.58936063	0.69230386	12.34058536	-0.58936696
-0.21869481	12.91159292	-0.37225945	-0.21871630	12.91158068	-0.37228951
-0.11272447	12.86863394	-0.35656615	-0.11274442	12.86862568	-0.35659472
-0.24009535	12.85364381	-0.28571099	-0.24011484	12.85363403	-0.28573899
-0.13332282	12.80418232	-0.27238474	-0.13334050	12.80417635	-0.27241115
-0.01603358	12.73689661	-0.30789822	-0.01604869	12.73689325	-0.30792225
0.00704280	12.80303642	-0.40352160	0.00702548	12.80303042	-0.40354778
-0.27363091	12.76317637	-0.22286710	-0.27364756	12.76316785	-0.22289195
-0.15585193	12.69071779	-0.21010266	-0.15586597	12.69071332	-0.21012531
-0.02900287	12.60474299	-0.23103888	-0.02901378	12.60474181	-0.23105861
-0.55474996	12.91041566	-0.54343128	-0.55477288	12.91038692	-0.54345981
-0.58871935	12.90396522	-0.45168877	-0.58874173	12.90393940	-0.45171691
-0.48644947	12.92442047	-0.39053039	-0.48647183	12.92439965	-0.39056002
-0.45331815	12.93736115	-0.49611640	-0.45334127	12.93733706	-0.49614660
-0.60499195	12.83181076	-0.37259498	-0.60501211	12.83178774	-0.37262020
-0.51591746	12.82226386	-0.31416012	-0.51593685	12.82224522	-0.31418573
-0.33719033	12.93622917	-0.42839082	-0.33721286	12.93621120	-0.42842151
-0.36392061	12.90078509	-0.32973419	-0.36394179	12.90077004	-0.32976354
-0.39927238	12.80312243	-0.26104396	-0.39929060	12.80310895	-0.26106972
0.29296397	12.63938733	-0.65157478	0.29295448	12.63938372	-0.65159288
0.33471877	12.63609533	-0.67504703	0.33470999	12.63609289	-0.67506438
0.26674098	12.57236687	-0.50167682	0.26673283	12.57236646	-0.50169410
0.31311990	12.57147719	-0.51163989	0.31311189	12.57147808	-0.51165687
0.31721753	12.58948768	-0.49607131	0.31720879	12.58948913	-0.49608871
0.33569051	12.65040059	-0.66665461	0.33568089	12.65039836	-0.66667224
0.34288578	12.63288522	-0.68925204	0.34287693	12.63288247	-0.68926888
0.31965180	12.57527865	-0.51089138	0.31964373	12.57527969	-0.51090823
0.35203472	12.55556376	-0.55150440	0.35202768	12.55556462	-0.55152027
0.37227014	12.61426697	-0.73972168	0.37226288	12.61426376	-0.73973694
0.32703672	12.44081837	-0.39925527	0.32703256	12.44082139	-0.39926751
0.29464518	12.48763131	-0.37600199	0.29463928	12.48763457	-0.37601634
0.28892072	12.49173609	-0.37110471	0.28891455	12.49173956	-0.37111940
0.24143800	12.47743135	-0.35489881	0.24143220	12.47743370	-0.35491315
0.44526664	12.55418259	-0.61341280	0.44526048	12.55418570	-0.61342783
0.43856835	12.62177304	-0.81521515	0.43856357	12.62177135	-0.81522762
0.43370946	12.41241122	-0.44626823	0.43370614	12.41241560	-0.44627870
0.13740815	12.64017506	-0.40980686	0.13739702	12.64017302	-0.40982710
0.16366242	12.71061510	-0.53223573	0.16364927	12.71061054	-0.53225774
0.11897837	12.52304295	-0.29399691	0.11897055	12.52304402	-0.29401350
0.16335996	13.14530342	-0.39534986	0.16333021	13.14530342	-0.39538768
0.25914123	13.03151194	-0.12965926	0.25911546	13.03152405	-0.12969296
0.29853730	12.91755073	-0.08800988	0.29851544	12.91756538	-0.08803958
0.32769491	12.73754620	-0.09321926	0.32767926	12.73756102	-0.09324272
0.34776504	12.55811392	-0.12274725	0.34775541	12.55812752	-0.12276455
0.24100211	12.85834074	-0.81517982	0.24098343	12.85833002	-0.81520700
0.33878847	12.37542407	-0.18510036	0.33878460	12.37543329	-0.18511044
0.17615195	13.06137806	-0.58916556	0.17612520	13.06137216	-0.58920025
0.20189751	12.99142062	-0.68915304	0.20187371	12.99141265	-0.68918514
0.89654369	11.96133937	-0.57110237	0.89655307	11.96135381	-0.57110129
0.82720046	12.01971341	-0.45666797	0.82719977	12.01971405	-0.45666823
0.94017529	11.92457277	-0.70474670	0.94019162	11.92459021	-0.70474219
0.74597829	12.33153177	-1.28653200	0.74598380	12.33152669	-1.28653116
0.45765987	12.61546151	-1.17125557	0.45750043	12.61529274	-1.17146978
0.35350023	12.65745995	-1.05892125	0.35349339	12.65743596	-1.05894877
0.28755899	12.66136689	-0.96022699	0.28756244	12.66134537	-0.96023180
0.27316314	12.69161350	-0.89926041	0.27315770	12.69159799	-0.89927318
0.25664150	12.70298598	-0.88629429	0.25663458	12.70297305	-0.88631196
0.20833071	12.68885498	-0.86828420	0.20832289	12.68883962	-0.86830300
0.11992822	12.71080913	-0.75391299	0.11991706	12.71079439	-0.75393435
0.01167124	12.74428135	-0.62375282	0.01165700	12.74426768	-0.62377636
-0.19678785	12.78467855	-0.55824923	-0.19680518	12.78466037	-0.55827473
-0.29992481	12.82612188	-0.60828838	-0.29994412	12.82609830	-0.60831484
-0.48389684	12.88763314	-0.69509508	-0.48391968	12.88759994	-0.69512287
-0.56608266	12.89042734	-0.68355074	-0.56610590	12.89039248	-0.68357822
-0.71175090	12.85859078	-0.54140996	-0.71177309	12.85855864	-0.54143532
-0.18856111	12.52576988	-0.11448479	-0.18856981	12.52576769	-0.11450211
0.14122911	12.35604912	-0.13934292	0.14122559	12.35605613	-0.13935369
0.30940280	12.38399895	-0.22311650	0.30939909	12.38400614	-0.22312700
0.38321824	12.29403114	-0.19532428	0.38321787	12.29403749	-0.19532884
0.46920849	12.23739237	-0.23892939	0.46920762	12.23739715	-0.23893322
0.71411681	12.09184916	-0.37182226	0.71411679	12.09185160	-0.37182351
0.29554599	12.51484014	-0.36920086	0.29553911	12.51484389	-0.36921619
0.58404561	12.77812297	-0.54170103	0.58403006	12.77813428	-0.54172428
0.30509109	12.98949984	-0.53070689	0.30506702	12.98950106	-0.53073898
0.03395845	12.99532052	-0.26310780	0.03393421	12.99532035	-0.26314066
0.10239068	13.07787163	-0.30823022	0.10236347	13.07787237	-0.30826582
0.31957078	12.86896697	-0.29476663	0.31955112	12.86897550	-0.29479427
0.03080949	12.96786413	-0.42155554	0.03078622	12.96785842	-0.42158740
0.12423359	13.04568907	-0.41770954	0.12420750	13.04568682	-0.41774393
0.36692224	12.82371775	-0.69393277	0.36690586	12.82371763	-0.69395720
0.15860592	13.02935876	-0.17971556	0.15858035	13.02936567	-0.17974942
0.22060274	12.81509313	-0.79421905	0.22058646	12.81508213	-0.79424381
0.33010725	12.75855736	-0.53151425	0.33009264	12.75855918	-0.53153707
0.32887551	12.88688189	-0.84204981	0.32885446	12.88687523	-0.84207959
0.39437655	12.43636901	-0.24568175	0.39437088	12.43637750	-0.24569410
0.24583472	13.04707276	-0.44695581	0.24580851	13.04707413	-0.44698998
0.47672193	12.68510071	-0.66788312	0.47671141	12.68510446	-0.66790117
0.69828813	12.74970358	-0.77289097	0.69827323	12.74971447	-0.77291470
0.32800585	12.94031683	-0.20051992	0.32798337	12.94032884	-0.20055020
-0.42690512	12.91059611	-0.24446401	-0.42692638	12.91058241	-0.24449349
0.15433690	13.08184382	-0.24904459	0.15430949	13.08184835	-0.24908025
0.32417213	12.94659566	-0.68834635	0.32415032	12.94659321	-0.68837665
-0.51396822	12.91019968	-0.28469204	-0.51398969	12.91018216	-0.28472099
0.22941830	13.03187247	-0.32870950	0.22939267	13.03187691	-0.32874320
0.29037768	12.45990053	-0.20135205	0.29037163	12.45990900	-0.20136584
0.12024788	13.09909999	-0.37029459	0.12021988	13.09909924	-0.37033090
0.21119610	13.07759377	-0.48917288	0.21116875	13.07759249	-0.48920815
0.25510553	12.61306139	-0.24532037	0.25509468	12.61306819	-0.24533967
0.16864119	12.93771512	-0.50902349	0.16861918	12.93771149	-0.50905387
0.27790393	12.89111444	-0.83198288	0.27788320	12.89110515	-0.83201210
0.28466730	12.84040244	-0.83515344	0.28464959	12.84039345	-0.83517918
0.23203350	13.02221974	-0.54495236	0.23200819	13.02221753	-0.54498571
0.37676005	12.79985100	-0.19835380	0.37674237	12.79986411	-0.19837909
0.49832012	12.59249345	-0.43323421	0.49831069	12.59250248	-0.43325102
0.30573552	12.76080690	-0.88767199	0.30572502	12.76079828	-0.88768975
0.16198728	12.96488045	-0.64425717	0.16196454	12.96487227	-0.64428847
0.39134804	12.37615908	-0.22252905	0.39134388	12.37616704	-0.22253879
0.35836789	12.48415124	-0.31274908	0.35836151	12.48415793	-0.31276326
0.19580796	12.86891337	-0.18717600	0.19578808	12.86892108	-0.18720417
0.38974167	12.73026692	-0.90994843	0.38973530	12.73026612	-0.90996004
0.29736345	12.79307307	-0.84915754	0.29734914	12.79306459	-0.84917910
0.14664554	13.11420657	-0.28135247	0.14661699	13.11420979	-0.28138928
0.41525795	12.60714189	-0.24774286	0.41524724	12.60715344	-0.24776119
0.21580093	12.86013793	-0.77095873	0.21578248	12.86012769	-0.77098572
0.42812695	12.71331890	-0.82718462	0.42811866	12.71331828	-0.82719974
0.82729376	12.74542621	-0.86818190	0.82728004	12.74543948	-0.86820417
0.56599334	12.79141594	-0.92771470	0.56597357	12.79141558	-0.92774511
0.34162724	12.68656387	-0.19939403	0.34161356	12.68657511	-0.19941553
0.25177785	12.76342347	-0.18184698	0.25176158	12.76343284	-0.18187145
