0.84837732	12.73762235	-0.41912801	0.84788763	12.73785084	-0.41892430
0.81877074	12.87570493	-0.44767726	0.81812822	12.87591272	-0.44745998
0.89515398	12.83490779	-0.54584908	0.89458071	12.83520515	-0.54560488
0.92782654	12.70184477	-0.53140341	0.92740232	12.70216738	-0.53117227
0.77577738	12.96641958	-0.50791524	0.77503863	12.96659097	-0.50769322
0.85619044	12.92084935	-0.58870364	0.85552909	12.92111608	-0.58845519
0.90583144	12.87831004	-0.64898497	0.90524701	12.87863954	-0.64872136
0.94456474	12.80859707	-0.64332128	0.94405865	12.80896298	-0.64305916
0.97919678	12.67964340	-0.64445453	0.97883205	12.68003682	-0.64420539
0.71582578	12.76756833	-1.16307120	0.71559961	12.76779265	-1.16290322
0.83826083	12.71751565	-1.14115121	0.83805859	12.71785219	-1.14094254
0.80605657	12.82379786	-1.07219160	0.80571119	12.82409922	-1.07196360
0.68367376	12.86951920	-1.08902861	0.68329090	12.86970994	-1.08883260
0.93942921	12.68416177	-1.07823402	0.93922999	12.68459172	-1.07798916
0.90563905	12.79502682	-1.01940194	0.90529556	12.79541614	-1.01914077
0.86554736	12.86326935	-0.96876224	0.86510558	12.86361384	-0.96850254
0.78654937	12.90380635	-0.98418023	0.78607313	12.90408228	-0.98393828
0.66425446	12.94918277	-0.98967923	0.66372256	12.94934243	-0.98946212
0.59326105	12.83374756	-0.20718057	0.59264457	12.83370850	-0.20702653
0.57415319	12.97058757	-0.25489274	0.57336921	12.97052043	-0.25473948
0.70833231	12.92355637	-0.34759253	0.70761764	12.92364305	-0.34740843
0.73062124	12.78424097	-0.30722975	0.73006955	12.78434419	-0.30705559
0.54303122	13.05678319	-0.33930463	0.54214522	13.05667851	-0.33914890
0.67158364	13.01377732	-0.42334718	0.67076625	13.01382739	-0.42315963
0.46504201	12.88120866	-1.06255714	0.46462424	12.88117093	-1.06241984
0.59197784	12.82783744	-1.13541877	0.59167186	12.82794689	-1.13527389
0.56035011	12.91991379	-1.06277373	0.55988566	12.91997972	-1.06259881
0.43558461	12.96319853	-0.98769865	0.43499775	12.96308669	-0.98753025
0.53924152	12.99405601	-0.96093573	0.53860959	12.99405877	-0.96073182
0.41387895	13.03196291	-0.88486822	0.41312625	13.03176000	-0.88467604
-0.01715235	12.98583147	-0.06483748	-0.01791320	12.98509979	-0.06467302
-0.14555110	12.99710312	-0.08666357	-0.14631836	12.99622371	-0.08647335
-0.14829904	13.07048070	-0.13331017	-0.14915601	13.06959145	-0.13313201
-0.02359596	13.07309017	-0.10888841	-0.02446187	13.07234658	-0.10873685
-0.26431672	12.99840328	-0.12276662	-0.26508468	12.99738799	-0.12254197
-0.26548626	13.05979486	-0.17124824	-0.26633401	13.05877038	-0.17103406
-0.26688857	13.10098602	-0.23680024	-0.26779463	13.09994938	-0.23659281
-0.15051367	13.11732986	-0.19955515	-0.15143770	13.11642678	-0.19938483
-0.02883730	13.12702841	-0.17485000	-0.02977784	13.12626930	-0.17470638
0.02708467	12.97104274	-0.58938924	0.02626485	12.97024459	-0.58923899
0.01188688	13.03350822	-0.56398055	0.01099376	13.03270088	-0.56383760
-0.06890825	13.03544020	-0.55326355	-0.06981041	13.03455234	-0.55310330
-0.05463745	12.97918936	-0.56882442	-0.05547656	12.97831431	-0.56865728
-0.00772231	13.08764523	-0.51667077	-0.00867138	13.08682775	-0.51653350
-0.09050498	13.08179190	-0.51760334	-0.09145301	13.08088743	-0.51744549
-0.18387071	13.07456797	-0.53360452	-0.18481936	13.07356106	-0.53342025
-0.16124853	13.03350748	-0.56950146	-0.16216176	13.03251698	-0.56931469
-0.14653684	12.98225155	-0.58688094	-0.14739828	12.98127502	-0.58668857
0.98740098	12.29053081	-0.67090410	0.98742128	12.29090356	-0.67070625
0.96737950	12.07144421	-0.68716905	0.96758153	12.07178724	-0.68702346
0.91427525	12.09768494	-0.55198924	0.91435926	12.09790876	-0.55187144
0.92853543	12.30474063	-0.53594616	0.92849531	12.30501491	-0.53578706
0.83602079	12.14699888	-0.43089602	0.83603605	12.14709683	-0.43081656
0.84295606	12.32942740	-0.41070251	0.84287886	12.32960150	-0.41057204
0.98007913	12.38239749	-1.14038029	0.98022710	12.38287868	-1.14017014
0.88503708	12.44257421	-1.20956620	0.88515090	12.44296346	-1.20939161
0.88127608	12.28309012	-1.23462720	0.88157885	12.28348146	-1.23448257
0.97354421	12.19107047	-1.15598922	0.97390140	12.19154813	-1.15581704
0.75744500	12.51808257	-1.23867181	0.75746921	12.51830742	-1.23855326
0.75443687	12.39793734	-1.27025362	0.75463173	12.39817376	-1.27015963
0.86950448	12.17835341	-1.24262526	0.86991871	12.17873717	-1.24250824
0.95516695	12.05639776	-1.15432029	0.95564891	12.05686076	-1.15418915
0.99247316	12.49963658	-0.65598191	0.99229597	12.50002909	-0.65575978
0.93565269	12.51524404	-0.52961539	0.93542750	12.51556066	-0.52941583
0.85124771	12.54322098	-0.40772036	0.85097686	12.54344220	-0.40754486
0.86763545	12.58893978	-1.18261764	0.86757444	12.58929969	-1.18243055
0.96678846	12.54673185	-1.11658063	0.96675034	12.54719660	-1.11634912
0.74225316	12.64587303	-1.20774387	0.74215431	12.64609637	-1.20759420
0.59937416	12.41971372	-0.22491328	0.59923928	12.41969462	-0.22480196
0.59853732	12.63441726	-0.20225173	0.59815538	12.63438862	-0.20211479
0.73209417	12.58524856	-0.29652647	0.73177128	12.58534510	-0.29636790
0.72680115	12.37098336	-0.30778323	0.72669485	12.37105522	-0.30767613
0.46819948	12.70494592	-1.15044051	0.46809515	12.70495819	-1.15040153
0.61186377	12.61536281	-1.21909954	0.61182756	12.61542561	-1.21904807
0.60809868	12.71982634	-1.18534149	0.60796916	12.71994000	-1.18525618
0.47241134	12.78874350	-1.11644746	0.47216406	12.78874403	-1.11636787
0.58651049	12.17467594	-0.30170579	0.58650900	12.17466443	-0.30169376
0.59709677	12.28050698	-0.26204418	0.59707243	12.28049623	-0.26197836
0.72327961	12.21618727	-0.33732680	0.72327223	12.21622822	-0.33726328
0.60106449	12.48710940	-1.25187390	0.60113412	12.48714705	-1.25188287
0.60698512	12.53458729	-1.24350460	0.60701041	12.53463763	-1.24349491
0.46247867	12.64919723	-1.16623168	0.46243722	12.64920113	-1.16620825
-0.00768297	12.70802029	-0.06358219	-0.00812669	12.70729232	-0.06338465
-0.15671237	12.77601939	-0.07078694	-0.15722851	12.77512500	-0.07056019
-0.14720797	12.89888138	-0.06832948	-0.14786137	12.89800174	-0.06812390
-0.00876084	12.86246276	-0.05302298	-0.00937980	12.86173813	-0.05284145
-0.29288353	12.82680548	-0.09526663	-0.29345571	12.82576104	-0.09500643
-0.27456267	12.92196725	-0.09915175	-0.27524042	12.92094373	-0.09891153
0.02334682	12.84129229	-0.61808332	0.02267401	12.84047680	-0.61790865
0.02937996	12.90684921	-0.60572131	0.02863353	12.90604862	-0.60556187
-0.05165086	12.91734486	-0.57805410	-0.05241916	12.91647265	-0.57787841
-0.05980198	12.85250820	-0.58192149	-0.06050116	12.85163122	-0.58173401
-0.14330456	12.92493220	-0.59503356	-0.14410620	12.92396060	-0.59483204
-0.15300821	12.86413178	-0.59377925	-0.15374283	12.86315391	-0.59356587
-0.03563604	12.41218022	-0.11782224	-0.03573324	12.41141357	-0.11759732
-0.17722050	12.62885537	-0.08858606	-0.17757685	12.62793050	-0.08834076
-0.02149377	12.53737083	-0.08747781	-0.02174093	12.53662458	-0.08726318
-0.32886473	12.62132713	-0.12727970	-0.32923056	12.62023659	-0.12697095
-0.31544031	12.70903950	-0.10714425	-0.31588876	12.70796843	-0.10685529
0.01334898	12.77513213	-0.62992706	0.01273518	12.77432799	-0.62976621
-0.07927528	12.78615424	-0.57897514	-0.07991913	12.78526652	-0.57878111
-0.09715304	12.75917614	-0.55889409	-0.09776507	12.75827459	-0.55869701
-0.17704217	12.80164730	-0.58162154	-0.17771646	12.80065171	-0.58139242
-0.38661139	12.99530429	-0.17187140	-0.38738288	12.99415111	-0.17160509
-0.37895297	13.04554245	-0.21762050	-0.37978896	13.04439110	-0.21736516
-0.49645605	12.98835518	-0.22829748	-0.49722791	12.98708519	-0.22799132
-0.47686168	13.02923075	-0.26929496	-0.47768741	13.02797194	-0.26900182
-0.45491261	13.06258013	-0.31958321	-0.45578809	13.06133437	-0.31930305
-0.36919796	13.08266446	-0.27679109	-0.37008876	13.08151211	-0.27654665
-0.26547393	13.03125807	-0.58882290	-0.26639670	13.03015231	-0.58860468
-0.25109138	12.98603913	-0.61379865	-0.25197679	12.98494269	-0.61357517
-0.28571717	13.06767581	-0.54835434	-0.28666480	13.06655805	-0.54813626
-0.38031322	13.05917512	-0.55676559	-0.38125398	13.05796090	-0.55650882
-0.36544379	13.02801234	-0.60167837	-0.36636675	13.02680361	-0.60142114
-0.35579993	12.98975185	-0.63555940	-0.35670196	12.98854421	-0.63530025
-0.25244646	12.93753509	-0.62962963	-0.25328844	12.93643403	-0.62939443
-0.36331379	12.95089364	-0.66036335	-0.36418875	12.94967482	-0.66009413
-0.37805446	12.91365974	-0.67453080	-0.37890676	12.91242664	-0.67425193
-0.26517486	12.88806772	-0.63416537	-0.26597263	12.88695294	-0.63391195
-0.54040718	12.88254227	-0.18775733	-0.54106134	12.88124365	-0.18741230
-0.56010929	12.76050815	-0.19351767	-0.56065195	12.75919691	-0.19312733
-0.63637346	12.79728935	-0.25088703	-0.63697482	12.79589814	-0.25047934
-0.61851638	12.89333474	-0.24991162	-0.61920277	12.89195612	-0.24953688
-0.56788128	12.65584092	-0.21105871	-0.56834176	12.65452035	-0.21061379
-0.64344320	12.71467698	-0.26305054	-0.64397838	12.71327802	-0.26260521
-0.69221123	12.78460989	-0.33283403	-0.69283927	12.78315945	-0.33240184
-0.68605110	12.83690808	-0.32691915	-0.68671936	12.83546150	-0.32650572
-0.67019142	12.90004307	-0.32840958	-0.67091431	12.89860819	-0.32801450
-0.45832636	12.64580837	-0.16314077	-0.45874289	12.64459856	-0.16275266
-0.44742201	12.74203708	-0.14396539	-0.44792088	12.74083375	-0.14362163
-0.42555381	12.86140763	-0.13548049	-0.42617035	12.86022222	-0.13517677
-0.47397198	12.92933330	-0.68526544	-0.47483754	12.92805145	-0.68495711
-0.48087981	12.90233109	-0.69587269	-0.48173123	12.90105035	-0.69556339
-0.39021693	12.88038943	-0.67644430	-0.39104390	12.87914664	-0.67615689
-0.56052026	12.93438834	-0.66514377	-0.56138834	12.93305354	-0.66480145
-0.56528392	12.90768495	-0.67994339	-0.56614129	12.90635116	-0.67959948
-0.40104410	12.86359738	-0.66606611	-0.40185278	12.86234777	-0.66577138
-0.28489888	12.83990774	-0.62633554	-0.28565041	12.83877666	-0.62606316
0.89588041	12.88664547	-0.90005550	0.89537909	12.88700925	-0.89978102
0.79536468	12.95309960	-0.88608849	0.79477977	12.95336286	-0.88582925
0.91206738	12.90102340	-0.81134382	0.91151331	12.90138629	-0.81106792
0.81640321	12.97297467	-0.78159399	0.81575268	12.97323927	-0.78133010
0.70534486	13.02790002	-0.74050791	0.70458751	13.02802799	-0.74027577
0.67603119	13.00375727	-0.86951590	0.67536255	13.00388911	-0.86927761
0.91298430	12.89712737	-0.71948360	0.91240348	12.89747677	-0.71921085
0.83331313	12.96424953	-0.67512438	0.83263000	12.96451088	-0.67486701
0.73825269	13.01616261	-0.61327615	0.73747310	13.01630409	-0.61304520
0.99895334	12.67375272	-0.98337536	0.99872069	12.67422850	-0.98310116
0.96037017	12.79512288	-0.93825696	0.95998773	12.79555488	-0.93797485
1.02176776	12.67423610	-0.87204315	1.02148917	12.67471313	-0.87176480
0.97988518	12.80451534	-0.84147412	0.97945460	12.80495084	-0.84118904
1.01287334	12.67313983	-0.75878299	1.01255482	12.67358476	-0.75851583
0.97375614	12.80397246	-0.74214457	0.97328988	12.80438557	-0.74186857
0.55524741	13.04824165	-0.82450915	0.55447464	13.04820475	-0.82429551
0.59165690	13.07402016	-0.67580382	0.59080300	13.07399496	-0.67559794
0.46737979	13.11178089	-0.59343728	0.46643688	13.11157870	-0.59326502
0.43043198	13.08489726	-0.74520266	0.42955336	13.08466174	-0.74501599
0.63158305	13.06315654	-0.53777353	0.63071420	13.06316591	-0.53757776
0.50610676	13.10309151	-0.45535750	0.50516236	13.10293697	-0.45519476
-0.38879746	13.07662399	-0.49885645	-0.38973958	13.07541267	-0.49860095
-0.47225907	13.05826251	-0.51127058	-0.47318164	13.05698156	-0.51097678
-0.45237967	13.04689857	-0.55366270	-0.45330334	13.04562853	-0.55337507
-0.40080613	13.08267700	-0.43580543	-0.40173425	13.08146537	-0.43554709
-0.49437555	13.06011726	-0.46672243	-0.49528671	13.05882104	-0.46642069
-0.57874125	13.03375427	-0.49568872	-0.57963361	13.03238688	-0.49534510
-0.54117193	13.03579082	-0.52831394	-0.54207505	13.03445313	-0.52798571
-0.50350429	13.03421811	-0.55459803	-0.50441209	13.03290682	-0.55428426
-0.42621399	13.07923249	-0.37555954	-0.42712383	13.07800495	-0.37529252
-0.50811285	13.05586169	-0.41534376	-0.50900516	13.05455758	-0.41503731
-0.52295107	13.04130810	-0.36442985	-0.52381416	13.03999536	-0.36411622
-0.56853036	13.02432584	-0.39664323	-0.56938365	13.02296842	-0.39630631
-0.58048869	13.02949085	-0.44520675	-0.58136438	13.02812276	-0.44486393
-0.02343664	13.12671936	-0.43474420	-0.02442030	13.12590788	-0.43460954
-0.11494563	13.11409411	-0.44704062	-0.11591578	13.11317797	-0.44688184
-0.03275434	13.14841285	-0.33941750	-0.03374660	13.14761351	-0.33928045
-0.13575321	13.13188280	-0.36048169	-0.13672617	13.13096349	-0.36032086
-0.23672472	13.11454828	-0.39131471	-0.23768190	13.11351473	-0.39112199
-0.21077483	13.10102138	-0.46977177	-0.21173652	13.09999988	-0.46958481
-0.03322052	13.15033353	-0.25222222	-0.03420046	13.14955366	-0.25208341
-0.14699287	13.13536533	-0.27665035	-0.14795334	13.13445137	-0.27648582
-0.25645787	13.11687850	-0.31173176	-0.25739925	13.11583951	-0.31153185
0.99308202	11.97744079	-1.05803495	0.99360642	11.97792986	-1.05790954
1.01495209	12.12242545	-1.05582771	1.01532677	12.12292641	-1.05565041
0.99540166	11.93234917	-0.95267831	0.99589819	11.93281567	-0.95256074
1.02071880	12.07906275	-0.94163779	1.02107048	12.07954245	-0.94146541
1.03883880	12.29688301	-0.92588100	1.03897147	12.29737853	-0.92565730
1.02761985	12.33161125	-1.04176608	1.02777228	12.33212218	-1.04154121
0.97646684	11.91556700	-0.83376436	0.97690413	11.91598157	-0.83366138
1.00382615	12.06358023	-0.81826030	1.00412071	12.06400857	-0.81810011
1.02485105	12.28560674	-0.80159125	1.02493536	12.28605159	-0.80137740
1.02212344	12.51739038	-1.01725373	1.02207050	12.51789417	-1.01700047
1.04060744	12.49982822	-0.90211076	1.04052422	12.50032519	-0.90185749
1.02912599	12.49420652	-0.78090479	1.02899972	12.49466488	-0.78066354
-0.64646288	12.92900611	-0.61257618	-0.64731154	12.92761671	-0.61220643
-0.65324794	12.89923043	-0.62454740	-0.65407958	12.89784203	-0.62418053
-0.70408248	12.91852844	-0.53262483	-0.70490098	12.91707343	-0.53222808
-0.71450422	12.88233192	-0.53865195	-0.71529815	12.88087122	-0.53825676
-0.65504406	12.87582789	-0.62597721	-0.65586071	12.87443949	-0.62561323
-0.70552125	12.90869057	-0.43036519	-0.70629186	12.90722079	-0.42996181
-0.71892245	12.86358263	-0.43130796	-0.71965390	12.86210206	-0.43089410
-0.72182717	12.82788729	-0.43305657	-0.72252859	12.82640590	-0.43263859
-0.30193779	13.08968954	-0.48603857	-0.30288988	13.08856833	-0.48581925
-0.32008651	13.09950706	-0.41364794	-0.32103195	13.09838073	-0.41342468
-0.34602695	13.09887991	-0.34308778	-0.34695196	13.09774011	-0.34285373
-0.59851374	12.94579848	-0.26264130	-0.59925248	12.94443248	-0.26228454
-0.51810752	12.94889419	-0.20024279	-0.51883034	12.94761053	-0.19992137
-0.65265177	12.94027801	-0.33764904	-0.65341253	12.93885546	-0.33726777
-0.62957255	12.96992960	-0.35453636	-0.63036508	12.96852367	-0.35417012
-0.57554118	12.97787040	-0.28698349	-0.57631874	12.97651979	-0.28664078
-0.40349956	12.93986904	-0.14476204	-0.40420287	12.93870174	-0.14448140
-0.46091439	12.96032202	-0.66687106	-0.46179564	12.95904468	-0.66656803
-0.44898924	12.99259364	-0.63864382	-0.44988770	12.99132171	-0.63834955
-0.53308848	12.99157993	-0.62136676	-0.53398205	12.99025428	-0.62103845
-0.54903541	12.96318990	-0.64732808	-0.54991622	12.96185824	-0.64699139
-0.66280175	12.97575256	-0.52099900	-0.66365852	12.97432638	-0.52061417
-0.68710509	12.94823991	-0.52728458	-0.68794412	12.94679728	-0.52689231
-0.63269190	12.95728404	-0.59978191	-0.63355666	12.95589843	-0.59941273
-0.61179996	12.98445712	-0.58198788	-0.61267957	12.98308059	-0.58162522
-0.63075335	13.00495494	-0.51212686	-0.63162995	13.00355218	-0.51175632
-0.58449265	13.01082074	-0.55503178	-0.58538439	13.00945779	-0.55468257
-0.51486090	13.01725363	-0.58207977	-0.51576266	13.01593485	-0.58176005
-0.68812385	12.94190950	-0.43295790	-0.68892301	12.94045384	-0.43256129
-0.66380485	12.97003659	-0.43891901	-0.66462892	12.96860119	-0.43853214
-0.59742525	13.00108499	-0.37894069	-0.59825243	12.99970400	-0.37859027
-0.63013565	13.00016591	-0.44802763	-0.63098830	12.99875906	-0.44765870
-0.54792365	13.01253607	-0.32127516	-0.54874609	13.01120466	-0.32094879
-0.44538496	13.02324600	-0.59852067	-0.44629896	13.02197718	-0.59823251
0.17701450	13.11778693	-0.18415572	0.17606897	13.11726143	-0.18404137
0.14716069	13.15614804	-0.26948659	0.14616352	13.15556945	-0.26937686
0.17483190	13.14413113	-0.28421655	0.17384421	13.14358151	-0.28410687
0.20896696	13.10458527	-0.19573999	0.20803368	13.10409337	-0.19562543
0.12662677	13.16289085	-0.36463567	0.12560513	13.16226649	-0.36452416
0.15268068	13.15164003	-0.38157132	0.15166905	13.15104288	-0.38146045
0.17939824	13.13522848	-0.29422317	0.17841831	13.13468228	-0.29411215
0.21335580	13.09619093	-0.20213372	0.21242997	13.09570222	-0.20201794
0.18598363	13.14296269	-0.29529752	0.18499404	13.14242402	-0.29518761
0.21871542	13.10272640	-0.19701346	0.21778213	13.10224552	-0.19689920
0.16666653	13.14976219	-0.39870977	0.16565405	13.14917884	-0.39859934
0.21051431	13.15572778	-0.42467044	0.20949194	13.15519521	-0.42456071
0.23227854	13.14845734	-0.31325003	0.23127494	13.14797201	-0.31314228
0.26452618	13.10625373	-0.20785947	0.26358562	13.10582606	-0.20774544
0.25332953	12.93177632	-0.06384737	0.25261182	12.93135840	-0.06370890
0.21590444	13.04795332	-0.10948342	0.21504837	13.04748677	-0.10935969
0.25207897	13.03530327	-0.12088956	0.25123402	13.03487687	-0.12076684
0.29288852	12.91863110	-0.07697324	0.29218294	12.91825644	-0.07683725
0.26229977	13.03335587	-0.12137426	0.26145530	13.03294136	-0.12125114
0.30408189	12.91678581	-0.08037368	0.30337569	12.91642436	-0.08023700
0.30746012	13.03205128	-0.12875126	0.30661261	13.03168585	-0.12862779
0.34787097	12.90919026	-0.08632224	0.34717126	12.90887781	-0.08618580
0.37432431	12.72046298	-0.09023682	0.37385365	12.72018495	-0.09009208
0.33421042	12.73395976	-0.08581576	0.33372553	12.73363601	-0.08567060
0.39298427	12.52521172	-0.12093475	0.39274664	12.52496861	-0.12079854
0.35532721	12.54910941	-0.11623211	0.35506153	12.54882069	-0.11609314
0.32282579	12.73610710	-0.08108366	0.32233967	12.73577079	-0.08093835
0.34313698	12.55185186	-0.11131361	0.34286915	12.55154828	-0.11117301
0.29742532	12.56541754	-0.09318623	0.29714462	12.56505846	-0.09303587
0.28072256	12.75332157	-0.06506136	0.28021976	12.75293588	-0.06491064
0.26399161	12.78092648	-0.91865020	0.26363805	12.78057637	-0.91857383
0.25326144	12.85071754	-0.89345706	0.25275925	12.85030853	-0.89333610
0.23387947	12.85600641	-0.83415377	0.23332093	12.85551544	-0.83401077
0.24528571	12.79552329	-0.85807057	0.24484767	12.79509155	-0.85795950
0.23718777	12.92219808	-0.84290399	0.23653504	12.92170988	-0.84274681
0.21735567	12.92024031	-0.78721378	0.21667306	12.91969066	-0.78705509
0.22388049	12.91583392	-0.76938607	0.22319429	12.91528332	-0.76922382
0.24603092	12.80123333	-0.83719533	0.24556312	12.80078551	-0.83706760
0.21744895	12.85606319	-0.81946673	0.21686615	12.85552715	-0.81929456
0.22297313	12.79907382	-0.84263435	0.22250034	12.79858057	-0.84249163
0.20627282	12.91955858	-0.77740696	0.20557635	12.91897812	-0.77724081
0.16561294	12.93145041	-0.76282883	0.16488920	12.93080096	-0.76266365
0.17382800	12.86422819	-0.80105997	0.17322026	12.86360956	-0.80088812
0.17653404	12.80086850	-0.82227293	0.17604938	12.80028355	-0.82212960
0.26972560	12.71104431	-0.94405113	0.26951985	12.71072099	-0.94401593
0.25366208	12.73469904	-0.88256729	0.25336242	12.73432326	-0.88250059
0.25515598	12.75016201	-0.86003460	0.25480142	12.74976470	-0.85994211
0.27330930	12.71403736	-0.87347435	0.27303840	12.71369591	-0.87341045
0.23248936	12.74174983	-0.86981191	0.23214386	12.74131958	-0.86971702
0.18372430	12.73348888	-0.85206931	0.18337183	12.73294741	-0.85197260
0.28241902	12.32585879	-0.16110119	0.28243761	12.32551231	-0.16097209
0.29946444	12.42250162	-0.12743367	0.29934725	12.42216732	-0.12730151
0.34725121	12.42108582	-0.14389110	0.34712852	12.42081972	-0.14376965
0.33301916	12.35161736	-0.17652240	0.33298339	12.35136129	-0.17641505
0.35117866	12.43370000	-0.15116966	0.35103910	12.43343668	-0.15104704
0.36100733	12.41416558	-0.14898398	0.36088889	12.41391678	-0.14886449
0.34742641	12.34623573	-0.18308739	0.34736586	12.34601218	-0.18298395
0.39834077	12.38114412	-0.15754414	0.39825898	12.38095046	-0.15743149
0.11582660	13.13740690	-0.46987446	0.11481976	13.13674743	-0.46975757
0.14571863	13.12416284	-0.48390293	0.14472653	13.12353617	-0.48378443
0.11929325	13.08485089	-0.57794677	0.11834465	13.08416809	-0.57781895
0.15456572	13.06962502	-0.58861692	0.15363646	13.06898226	-0.58848774
0.15773367	13.11287916	-0.49062109	0.15675517	13.11226525	-0.49050092
0.16348397	13.11931448	-0.49076623	0.16249753	13.11870855	-0.49064770
0.17362104	13.06302034	-0.58479295	0.17270122	13.06240275	-0.58466371
0.19965617	13.06849906	-0.62406711	0.19873231	13.06791281	-0.62393294
0.19875571	13.12520057	-0.52325192	0.19776234	13.12463266	-0.52313409
0.21569275	12.99785948	-0.74202749	0.21488493	12.99729641	-0.74187169
0.19428728	12.99294154	-0.69402661	0.19346906	12.99234238	-0.69387817
0.17991966	12.99590433	-0.69359775	0.17909237	12.99528073	-0.69344804
0.14162440	13.01047689	-0.68238728	0.14077207	13.00979661	-0.68224197
0.39007550	13.08915236	-0.26146071	0.38914577	13.08886949	-0.26133489
0.42587710	13.00891095	-0.17760382	0.42504711	13.00867933	-0.17747118
0.45512210	12.87842601	-0.13130340	0.45445083	12.87823430	-0.13116280
0.30860313	12.98841930	-0.86053363	0.30787582	12.98805715	-0.86036714
0.33340231	12.91107436	-0.94987763	0.33284751	12.91082536	-0.94974035
0.28999024	13.05741674	-0.74865088	0.28911726	13.05697875	-0.74849514
0.13318018	12.95896013	-0.05854001	0.13243922	12.95840510	-0.05839238
0.11087910	13.06302332	-0.10324237	0.11001292	13.06243633	-0.10311049
0.08903437	13.12635775	-0.17336104	0.08808729	13.12573478	-0.17323870
0.08381126	13.02410538	-0.62320333	0.08293828	13.02336495	-0.62306431
0.06361761	13.08975425	-0.54540717	0.06266367	13.08901116	-0.54527874
0.10318447	12.95172263	-0.67729176	0.10241642	12.95098321	-0.67714085
0.47078992	12.68346154	-0.13123300	0.47035786	12.68329587	-0.13109190
0.48142435	12.47450478	-0.15992543	0.48123786	12.47436449	-0.15980250
0.34348600	12.83068921	-1.00317324	0.34311050	12.83051110	-1.00308677
0.34516960	12.75574742	-1.03253846	0.34492591	12.75558672	-1.03248100
0.48325955	12.33725554	-0.19850477	0.48321733	12.33716025	-0.19842003
0.34473619	12.69587325	-1.05158118	0.34462414	12.69572891	-1.05155787
0.15694047	12.46914226	-0.10373257	0.15677345	12.46861424	-0.10355536
0.16209077	12.62528883	-0.07438345	0.16174372	12.62476619	-0.07421254
0.10606428	12.75049337	-0.74695719	0.10557038	12.74975547	-0.74683477
0.10582027	12.81910282	-0.72308706	0.10521455	12.81834688	-0.72292437
0.15217583	12.80456497	-0.05388487	0.15161832	12.80403140	-0.05372465
0.10766244	12.88473969	-0.70517422	0.10696699	12.88399218	-0.70500202
0.32543924	13.14107417	-0.49978517	0.32443150	13.14068314	-0.49965814
0.29950075	13.11209719	-0.62659051	0.29853421	13.11166070	-0.62645117
0.35610106	13.13322518	-0.37363865	0.35510980	13.13288462	-0.37351465
0.05974683	13.16039877	-0.34564238	0.05873553	13.15970264	-0.34552218
0.05640538	13.13634599	-0.44778244	0.05540590	13.13562157	-0.44766008
0.07131150	13.15777521	-0.25420457	0.07031748	13.15711468	-0.25408489
0.88290064	11.96732423	-0.58435781	0.88308036	11.96754008	-0.58432469
0.81676000	12.01719950	-0.47386000	0.81676000	12.01719950	-0.47386000
0.92398961	11.93999210	-0.71308419	0.92430204	11.94031118	-0.71301894
0.91122080	12.00647240	-0.71784634	0.91149128	12.00678464	-0.71776555
0.87510999	12.05295957	-0.63143046	0.87528023	12.05320189	-0.63135815
0.80631984	12.11503860	-0.52835220	0.80639126	12.11516613	-0.52827947
0.95779184	11.93289237	-0.83731022	0.95821548	11.93329017	-0.83721716
0.97729483	11.94916283	-0.94863269	0.97777287	11.94961011	-0.94852178
0.94472711	12.06699255	-0.93180701	0.94508301	12.06739664	-0.93168187
0.93021915	12.03645522	-0.81425384	0.93053148	12.03682029	-0.81414973
0.97657043	11.99163293	-1.04174958	0.97707069	11.99210028	-1.04162943
0.94179354	12.06629805	-1.12859900	0.94225415	12.06674265	-1.12847108
0.91833057	12.12884295	-1.10617160	0.91872232	12.12925774	-1.10603896
0.94213815	12.10203642	-1.02959843	0.94251878	12.10245909	-1.02946163
0.86084643	12.18408237	-1.21975048	0.86124387	12.18445267	-1.21963578
0.74381527	12.33428707	-1.27055159	0.74408566	12.33451480	-1.27047060
0.74743429	12.36253636	-1.19877901	0.74763795	12.36275824	-1.19868852
0.85863577	12.22988258	-1.15702935	0.85895553	12.23023820	-1.15690392
0.60150833	12.48318731	-1.23776137	0.60157531	12.48322010	-1.23777172
0.47101882	12.61366663	-1.15262711	0.47100525	12.61366479	-1.15261507
0.49420000	12.61570000	-1.07906000	0.49420000	12.61570000	-1.07906000
0.61447000	12.50220000	-1.16283000	0.61447000	12.50220000	-1.16283000
0.38280673	12.64683464	-1.04964969	0.38278218	12.64676341	-1.04964169
0.33174927	12.64638174	-0.95678099	0.33169496	12.64619816	-0.95678172
0.37140000	12.64100070	-0.89641000	0.37140000	12.64100070	-0.89641000
0.41679000	12.64250090	-0.98287004	0.41679000	12.64250090	-0.98287004
0.31300996	12.67759487	-0.89707096	0.31284004	12.67734357	-0.89704433
0.30843930	12.70487510	-0.86938766	0.30818187	12.70459501	-0.86933155
0.33654178	12.69275601	-0.81202631	0.33624909	12.69248862	-0.81194515
0.34617325	12.66813764	-0.83998796	0.34595991	12.66794084	-0.83994619
0.29950342	12.69208768	-0.87325827	0.29926332	12.69179306	-0.87320622
0.25634082	12.68140394	-0.84363542	0.25608984	12.68101937	-0.84357318
0.29625491	12.67869915	-0.77408340	0.29594299	12.67834220	-0.77399670
0.33544141	12.68134219	-0.81067909	0.33516235	12.68107361	-0.81059874
0.14832028	12.71474547	-0.71472469	0.14782683	12.71402547	-0.71458446
0.01577005	12.76886525	-0.57396796	0.01512999	12.76805205	-0.57378414
0.02035572	12.80693822	-0.49723527	0.01972328	12.80616242	-0.49705521
0.17147867	12.72948069	-0.63880288	0.17087153	12.72873388	-0.63859260
-0.10058079	12.81198325	-0.51129316	-0.10122743	12.81108122	-0.51109213
-0.20812909	12.84383689	-0.51526807	-0.20882384	12.84281157	-0.51503408
-0.21144878	12.91236656	-0.45500233	-0.21220351	12.91134774	-0.45478106
-0.10257089	12.87158374	-0.44131002	-0.10326979	12.87068709	-0.44111499
-0.31336800	12.86432200	-0.57511656	-0.31412424	12.86317382	-0.57484590
-0.41196734	12.87563615	-0.64281792	-0.41277812	12.87438361	-0.64252343
-0.42858101	12.90325402	-0.59096981	-0.42939442	12.90199497	-0.59067326
-0.32278202	12.91739197	-0.52005779	-0.32357084	12.91624357	-0.51979808
-0.50005668	12.87890110	-0.67068186	-0.50088725	12.87760722	-0.67036616
-0.57976269	12.87537927	-0.65879346	-0.58059454	12.87403641	-0.65844695
-0.57893219	12.87777673	-0.62343426	-0.57975018	12.87642959	-0.62308858
-0.52235664	12.88657263	-0.62242662	-0.52317469	12.88525840	-0.62209954
-0.65379841	12.86700685	-0.60716180	-0.65460269	12.86561535	-0.60679832
-0.70282282	12.85042592	-0.52757960	-0.70358867	12.84897334	-0.52719260
-0.66572891	12.86661833	-0.49935192	-0.66649557	12.86518960	-0.49897179
-0.62850860	12.87615163	-0.57621778	-0.62931021	12.87476770	-0.57585744
-0.70763911	12.82299963	-0.43240370	-0.70833673	12.82152984	-0.43199028
-0.68049812	12.77594646	-0.34282395	-0.68112363	12.77450303	-0.34239320
-0.65892780	12.78259497	-0.35575983	-0.65956404	12.78116651	-0.35534049
-0.67138774	12.82929570	-0.41585598	-0.67208534	12.82785566	-0.41545534
-0.63346087	12.70144265	-0.27997998	-0.63399348	12.70004467	-0.27953074
-0.55978750	12.64100496	-0.23141779	-0.56024644	12.63968238	-0.23096707
-0.54236053	12.70036876	-0.26258525	-0.54288534	12.69905127	-0.26217701
-0.61861917	12.74374288	-0.31234726	-0.61920322	12.74235150	-0.31192652
-0.45278847	12.63624192	-0.18400227	-0.45320937	12.63503028	-0.18361150
-0.32551041	12.61591360	-0.14792914	-0.32587737	12.61482514	-0.14762136
-0.30789536	12.66963367	-0.17680892	-0.30833109	12.66855990	-0.17651330
-0.43408241	12.69381519	-0.21378285	-0.43456851	12.69260842	-0.21342914
-0.18812642	12.51196519	-0.13434233	-0.18835511	12.51102299	-0.13408883
-0.03870272	12.39683571	-0.14156688	-0.03878752	12.39606438	-0.14133994
-0.03664650	12.46650987	-0.17272883	-0.03682398	12.46573971	-0.17250667
-0.17685163	12.57466688	-0.16324434	-0.17716512	12.57373665	-0.16299556
0.12295993	12.33736439	-0.16208533	0.12295492	12.33679186	-0.16189548
0.25163763	12.31967549	-0.18771082	0.25165733	12.31928584	-0.18757228
0.23065191	12.37921239	-0.23972106	0.23056509	12.37879017	-0.23957357
0.11282693	12.40455251	-0.20351953	0.11271899	12.40396486	-0.20333190
0.30137031	12.35431116	-0.20918184	0.30132319	12.35400706	-0.20906588
0.28620176	12.43790328	-0.27853565	0.28603725	12.43755921	-0.27841147
0.27826174	12.41008656	-0.26460987	0.27813087	12.40973459	-0.26448321
0.31282483	12.34492368	-0.22201536	0.31274351	12.34468480	-0.22192074
0.34620000	12.27620000	-0.23202000	0.34620000	12.27620000	-0.23202000
0.31874119	12.33191760	-0.29010765	0.31866768	12.33169135	-0.29005318
0.28551807	12.39645626	-0.27979210	0.28539095	12.39613559	-0.27968763
0.44425997	12.21770000	-0.27141000	0.44425997	12.21770000	-0.27141000
0.57587000	12.16340070	-0.32883000	0.57587000	12.16340070	-0.32883000
0.56941038	12.24281599	-0.38258953	0.56941393	12.24279861	-0.38254313
0.42741077	12.28553016	-0.32751050	0.42739795	12.28542909	-0.32746394
0.70622003	12.08180000	-0.39380000	0.70622003	12.08180000	-0.39380000
0.70007364	12.18144473	-0.44723231	0.70010651	12.18149562	-0.44717933
0.76365871	12.39484980	-1.04775845	0.76375634	12.39509137	-1.04764730
0.86660528	12.24669228	-1.04652370	0.86684992	12.24704179	-1.04639154
0.78260751	12.37820810	-0.85953735	0.78262883	12.37843599	-0.85941088
0.87546555	12.22514472	-0.90605473	0.87565948	12.22547504	-0.90592527
0.79544697	12.26352155	-0.67190011	0.79549260	12.26371621	-0.67178900
0.87527026	12.15111744	-0.75399330	0.87545082	12.15141074	-0.75387973
0.53245943	12.60816349	-0.90244062	0.53231156	12.60817148	-0.90236503
0.64644449	12.52281730	-0.99016879	0.64639245	12.52291977	-0.99009516
0.56340578	12.53835149	-0.69078835	0.56320378	12.53831905	-0.69069077
0.67685731	12.47923907	-0.78055920	0.67674509	12.47934445	-0.78044775
0.56988218	12.38632281	-0.51049184	0.56979429	12.38628791	-0.51040766
0.69188575	12.34064318	-0.58856072	0.69184075	12.34072720	-0.58846549
-0.22205272	12.90752321	-0.37016073	-0.22278303	12.90650833	-0.36993645
-0.11600611	12.86470062	-0.35450742	-0.11668457	12.86380630	-0.35430549
-0.24319693	12.84952649	-0.28358104	-0.24384464	12.84850425	-0.28334083
-0.13626831	12.80022236	-0.27028845	-0.13685806	12.79931924	-0.27007184
-0.01876531	12.73316715	-0.30578711	-0.01928251	12.73239415	-0.30558842
0.00392387	12.79921543	-0.40144716	0.00331705	12.79844358	-0.40126484
-0.27642921	12.75897588	-0.22075302	-0.27696892	12.75792794	-0.22048666
-0.15831496	12.68670126	-0.20797566	-0.15876791	12.68578491	-0.20773905
-0.03102862	12.60104592	-0.22890764	-0.03137959	12.60027397	-0.22869601
-0.55825419	12.90661254	-0.54118266	-0.55906347	12.90526813	-0.54084218
-0.59207379	12.89999247	-0.44938967	-0.59284454	12.89861424	-0.44903258
-0.48976561	12.92032342	-0.38828471	-0.49052495	12.91903330	-0.38796838
-0.45681332	12.93343480	-0.49392148	-0.45761973	12.93216438	-0.49361843
-0.60811822	12.82765939	-0.37039796	-0.60879717	12.82627028	-0.37001667
-0.51895204	12.81804393	-0.31202229	-0.51959676	12.81673736	-0.31167187
-0.34063762	12.93214905	-0.42621955	-0.34141173	12.93099955	-0.42595817
-0.36715616	12.89659765	-0.32753983	-0.36786710	12.89543654	-0.32726495
-0.40221351	12.79888080	-0.25890415	-0.40281256	12.79769437	-0.25859737
0.29092127	12.63636335	-0.65004061	0.29057464	12.63591140	-0.64992735
0.33287263	12.63376727	-0.67375687	0.33255584	12.63341855	-0.67366473
0.26491412	12.56971323	-0.50001447	0.26461459	12.56927627	-0.49988024
0.31137163	12.56908724	-0.51004710	0.31108170	12.56871169	-0.50991737
0.31533046	12.58718353	-0.49457131	0.31501028	12.58681957	-0.49445165
0.33365177	12.64805588	-0.66535830	0.33330084	12.64770426	-0.66526309
0.34101621	12.63064258	-0.68807046	0.34069502	12.63030719	-0.68798762
0.31785352	12.57301171	-0.50944492	0.31755290	12.57265328	-0.50932987
0.35042531	12.55350160	-0.55017796	0.35016057	12.55318502	-0.55007453
0.37071903	12.61235927	-0.73873300	0.37045309	12.61207664	-0.73866541
0.32595703	12.43899506	-0.39800749	0.32579481	12.43869812	-0.39790857
0.29331307	12.48549211	-0.37455289	0.29309863	12.48513986	-0.37443386
0.28754343	12.48949000	-0.36955286	0.28732613	12.48912178	-0.36942262
0.24010622	12.47497003	-0.35327277	0.23990003	12.47454438	-0.35313542
0.44382476	12.55278488	-0.61224097	0.44358395	12.55259696	-0.61214352
0.43734405	12.62079207	-0.81442296	0.43713598	12.62065779	-0.81435646
0.43288028	12.41129272	-0.44528776	0.43275888	12.41113137	-0.44520645
0.13513968	12.63681161	-0.40771745	0.13473823	12.63620284	-0.40753569
0.16075369	12.70692270	-0.52998732	0.16025325	12.70629777	-0.52979968
0.11738042	12.51992328	-0.29202615	0.11711898	12.51932962	-0.29184372
0.15900109	13.14213283	-0.39379995	0.15799859	13.14154094	-0.39368839
0.25547851	13.02901500	-0.12801371	0.25463989	13.02859189	-0.12788980
0.29534636	12.91523434	-0.08634363	0.29464242	12.91486229	-0.08620751
0.32534633	12.73541384	-0.09156546	0.32485867	12.73507995	-0.09142240
0.34632348	12.55616082	-0.12119413	0.34604955	12.55586109	-0.12105362
0.23783534	12.85512611	-0.81318503	0.23726073	12.85462509	-0.81302867
0.33823063	12.37374280	-0.18385413	0.33815458	12.37349437	-0.18374435
0.17185971	13.05779903	-0.58756124	0.17094702	13.05717831	-0.58743062
0.19779177	12.98776483	-0.68736377	0.19697894	12.98716978	-0.68721567
0.89716164	11.96203873	-0.57087229	0.89733271	11.96225722	-0.57083176
0.82715717	12.01968856	-0.45664676	0.82714580	12.01968758	-0.45664545
0.94140968	11.92573804	-0.70444120	0.94172555	11.92606607	-0.70436793
0.74734378	12.33291986	-1.28604265	0.74762407	12.33315354	-1.28596036
0.46137460	12.61947266	-1.16626775	0.46135743	12.61947230	-1.16625657
0.35335350	12.65722490	-1.05817586	0.35330343	12.65710407	-1.05816561
0.28691920	12.65998453	-0.95995306	0.28683299	12.65971035	-0.95995085
0.27198939	12.68964731	-0.89852272	0.27178817	12.68931860	-0.89849052
0.25509128	12.70051735	-0.88498636	0.25482703	12.70017710	-0.88492468
0.20688597	12.68592912	-0.86700015	0.20664805	12.68545594	-0.86695085
0.11717036	12.70637871	-0.75220358	0.11673774	12.70565440	-0.75210200
0.00798905	12.74018698	-0.62168618	0.00739486	12.73938248	-0.62153346
-0.20041315	12.78059283	-0.55607086	-0.20105586	12.77957412	-0.55583336
-0.30364509	12.82223349	-0.60629583	-0.30437235	12.82108890	-0.60601236
-0.48751918	12.88402074	-0.69293719	-0.48836018	12.88273849	-0.69262721
-0.56969503	12.88678301	-0.68129939	-0.57054143	12.88544848	-0.68095498
-0.71514836	12.85473018	-0.53906487	-0.71592220	12.85327070	-0.53867446
-0.19030352	12.52168434	-0.11231439	-0.19053817	12.52074145	-0.11206061
0.14068309	12.35317317	-0.13746666	0.14066477	12.35262563	-0.13728426
0.30868665	12.38216860	-0.22178635	0.30858962	12.38187876	-0.22167525
0.38302888	12.29324317	-0.19468915	0.38300921	12.29313976	-0.19462467
0.46922950	12.23696870	-0.23846887	0.46923765	12.23692022	-0.23841976
0.71408584	12.09179438	-0.37175614	0.71408148	12.09179883	-0.37175306
0.29407316	12.51263999	-0.36768556	0.29382937	12.51228020	-0.36756028
0.58133556	12.77732012	-0.54017218	0.58081673	12.77727250	-0.54002251
0.30112789	12.98685425	-0.52906593	0.30031463	12.98643086	-0.52893123
0.03039726	12.99184677	-0.26126701	0.02959168	12.99113497	-0.26111635
0.09846649	13.07459162	-0.30654007	0.09755841	13.07394788	-0.30641236
0.31638849	12.86660120	-0.29318415	0.31572851	12.86622914	-0.29305433
0.02717137	12.96412115	-0.41970729	0.02637729	12.96336774	-0.41955558
0.12026352	13.04228804	-0.41604055	0.11937784	13.04164375	-0.41591197
0.36372804	12.82145005	-0.69230384	0.36315036	12.82112867	-0.69216261
0.15494567	13.02642113	-0.17799657	0.15410726	13.02587143	-0.17786545
0.21761353	12.81157004	-0.79214476	0.21708378	12.81102419	-0.79198243
0.32721453	12.75607845	-0.52993500	0.32668170	12.75569913	-0.52980621
0.32572214	12.88472875	-0.84024810	0.32513850	12.88440463	-0.84010112
0.39346615	12.43502158	-0.24443439	0.39331604	12.43482441	-0.24432679
0.24170534	13.04415309	-0.44534931	0.24081755	13.04365536	-0.44522376
0.47455759	12.68377282	-0.66657998	0.47417114	12.68361224	-0.66646089
0.69624977	12.74998563	-0.77117386	0.69585541	12.75012127	-0.77099221
0.32458419	12.93805979	-0.19891248	0.32384274	12.93770647	-0.19878284
-0.43005545	12.90629428	-0.24223504	-0.43075192	12.90508403	-0.24194028
0.15041473	13.07881796	-0.24738438	0.14950710	13.07824714	-0.24726197
0.32034282	12.94390679	-0.68666209	0.31960545	12.94350487	-0.68651931
-0.51713035	12.90591226	-0.28241837	-0.51784006	12.90461277	-0.28208878
0.22553143	13.02903401	-0.32710435	0.22467192	13.02853706	-0.32698180
0.28930039	12.45778777	-0.19983127	0.28912531	12.45744198	-0.19970036
0.11616348	13.09578978	-0.36865586	0.11522126	13.09515184	-0.36853435
0.20690833	13.07442672	-0.48758916	0.20597985	13.07387532	-0.48746526
0.25322413	12.61057170	-0.24354253	0.25287041	12.61014862	-0.24338904
0.16494682	12.93421385	-0.50733000	0.16418572	12.93359853	-0.50719615
0.27460579	12.88835916	-0.83009617	0.27399970	12.88793502	-0.82994326
0.28176411	12.83781226	-0.83342736	0.28123891	12.83741555	-0.83329290
0.22790561	13.01902784	-0.54330187	0.22704378	13.01849211	-0.54316863
0.37400988	12.79787599	-0.19676590	0.37343528	12.79758640	-0.19662894
0.49656299	12.59133423	-0.43195294	0.49624629	12.59120265	-0.43183692
0.30381813	12.75897631	-0.88653420	0.30348248	12.75868817	-0.88645431
0.15806087	12.96091961	-0.64243347	0.15727772	12.96025783	-0.64228597
0.39082387	12.37500617	-0.22143375	0.39074573	12.37483992	-0.22133828
0.35713240	12.48242946	-0.31136112	0.35692809	12.48216344	-0.31124368
0.19274847	12.86617945	-0.18544558	0.19209541	12.86567784	-0.18529825
0.38830296	12.72944577	-0.90918893	0.38805401	12.72933256	-0.90912824
0.29493304	12.79082190	-0.84772738	0.29450019	12.79047727	-0.84761915
0.14258446	13.11113121	-0.27971740	0.14163644	13.11054513	-0.27959904
0.41351034	12.60559307	-0.24628410	0.41317239	12.60537596	-0.24615309
0.21241429	12.85643496	-0.76878132	0.21180203	12.85586103	-0.76860383
0.42634806	12.71220301	-0.82605500	0.42603646	12.71205621	-0.82595261
0.82546042	12.74647882	-0.86629638	0.82510165	12.74675485	-0.86607877
0.56431839	12.79153919	-0.92599678	0.56396759	12.79159141	-0.92584825
0.33946548	12.68453222	-0.19778340	0.33902816	12.68421507	-0.19764396
0.24922358	12.76093836	-0.18013014	0.24869707	12.76050928	-0.17998285
