0.85106323	12.73496325	-0.42054701	0.85110571	12.73479679	-0.42058146
0.82256140	12.87337555	-0.44886581	0.82263692	12.87322728	-0.44887424
0.89856365	12.83217534	-0.54722822	0.89862431	12.83203102	-0.54724416
0.93015165	12.69885862	-0.53296923	0.93018082	12.69870361	-0.53300902
0.78026925	12.96452287	-0.50897310	0.78036269	12.96439739	-0.50896633
0.86024939	12.91845045	-0.58996220	0.86032783	12.91832255	-0.58996371
0.90943980	12.87560159	-0.65038430	0.90950696	12.87547486	-0.65039280
0.94762590	12.80562144	-0.64482523	0.94767839	12.80548617	-0.64484524
0.98129302	12.67647600	-0.64612621	0.98132062	12.67633553	-0.64616920
0.71730605	12.76637096	-1.16419645	0.71733008	12.76635718	-1.16420800
0.83959637	12.71562976	-1.14259743	0.83961699	12.71559620	-1.14262454
0.80831760	12.82204951	-1.07361672	0.80835671	12.82201032	-1.07362855
0.68621156	12.86850441	-1.09026409	0.68625490	12.86848530	-1.09026503
0.94074238	12.68161308	-1.07991564	0.94076208	12.68155412	-1.07995258
0.90787898	12.79265179	-1.02102125	0.90791790	12.79258958	-1.02104158
0.86844095	12.86110665	-0.97027757	0.86849399	12.86104256	-0.97028705
0.78970031	12.90212679	-0.98555253	0.78975894	12.90207720	-0.98555351
0.66780982	12.94828244	-0.99089614	0.66787400	12.94825276	-0.99088701
0.59667157	12.83272063	-0.20832587	0.59675467	12.83258890	-0.20833882
0.57862302	12.96986838	-0.25572614	0.57873427	12.96974991	-0.25571610
0.71249506	12.92189499	-0.34858277	0.71258939	12.92175446	-0.34858273
0.73369533	12.78226012	-0.30850739	0.73375934	12.78209982	-0.30853439
0.54818230	13.05649968	-0.33996814	0.54830782	13.05640287	-0.33994262
0.67646356	13.01256295	-0.42418247	0.67657411	13.01244685	-0.42416673
0.46789531	12.88167991	-1.06351690	0.46794192	12.88168846	-1.06350780
0.59398999	12.82733712	-1.13640830	0.59402145	12.82733552	-1.13640934
0.56348746	12.91968831	-1.06384741	0.56354096	12.91968323	-1.06383758
0.43957035	12.96415785	-0.98875844	0.43963804	12.96416606	-0.98873936
0.54348891	12.99420948	-0.96209013	0.54356356	12.99419845	-0.96207178
0.41890359	13.03349006	-0.88597559	0.41899132	13.03349424	-0.88594792
-0.01322238	12.98865249	-0.06610284	-0.01310302	12.98864879	-0.06605953
-0.14163631	13.00056408	-0.08808964	-0.14151702	13.00058947	-0.08803899
-0.14404578	13.07402084	-0.13457846	-0.14391354	13.07405252	-0.13451783
-0.01921541	13.07601204	-0.10997174	-0.01907982	13.07601477	-0.10991663
-0.26042477	13.00235985	-0.12436527	-0.26030815	13.00241336	-0.12431009
-0.26131989	13.06381556	-0.17274252	-0.26119252	13.06387533	-0.17267896
-0.26252706	13.10509193	-0.23822357	-0.26239388	13.10516059	-0.23815413
-0.14599976	13.12100255	-0.20070833	-0.14586041	13.12104328	-0.20064110
-0.02413812	13.13009775	-0.17578978	-0.02399423	13.13010984	-0.17572693
0.03172165	12.97540262	-0.59056047	0.03181403	12.97545915	-0.59052039
0.01677889	13.03778381	-0.56496039	0.01688627	13.03784016	-0.56491098
-0.06419656	13.03986487	-0.55441433	-0.06408808	13.03993721	-0.55436084
-0.05008207	12.98367431	-0.57010779	-0.04998626	12.98374583	-0.57006267
-0.00272604	13.09173389	-0.51750855	-0.00260499	13.09178780	-0.51745079
-0.08569397	13.08614019	-0.51866413	-0.08557436	13.08621194	-0.51860343
-0.17922251	13.07905781	-0.53482218	-0.17910468	13.07915108	-0.53475870
-0.15665314	13.03808298	-0.57076260	-0.15654493	13.03817679	-0.57070579
-0.14202382	12.98689475	-0.58824862	-0.14192676	12.98698796	-0.58819968
0.98701007	12.28755688	-0.67313510	0.98697366	12.28742473	-0.67325296
0.96587989	12.06874750	-0.68930381	0.96581524	12.06862477	-0.68943952
0.91349371	12.09556869	-0.55393079	0.91345532	12.09545543	-0.55405661
0.92827415	12.30209437	-0.53807143	0.92823452	12.30195491	-0.53819179
0.83566909	12.14576258	-0.43263644	0.83564841	12.14568305	-0.43275191
0.84261067	12.32693908	-0.41299701	0.84255749	12.32677773	-0.41313547
0.97921760	12.37964584	-1.14238320	0.97918456	12.37958568	-1.14247181
0.88437414	12.44048722	-1.21124767	0.88434851	12.44045433	-1.21131995
0.87945620	12.28104023	-1.23642560	0.87939700	12.28101132	-1.23652505
0.97141856	12.18836282	-1.15810279	0.97134896	12.18830414	-1.15822219
0.75727435	12.51694921	-1.23972572	0.75726354	12.51694157	-1.23976570
0.75319573	12.39686191	-1.27145948	0.75315272	12.39686268	-1.27152480
0.86704367	12.17635995	-1.24445433	0.86696377	12.17633293	-1.24456775
0.95228618	12.05376362	-1.15639926	0.95219098	12.05370663	-1.15653516
0.99337550	12.49649767	-0.65784602	0.99337410	12.49635910	-0.65792030
0.93662317	12.51229016	-0.53146975	0.93661602	12.51213853	-0.53154918
0.85230209	12.54038200	-0.40948815	0.85229073	12.54020279	-0.40956392
0.86805195	12.58698390	-1.18410184	0.86805231	12.58695349	-1.18414704
0.96709646	12.54403913	-1.11842620	0.96709270	12.54398007	-1.11848706
0.74287593	12.64475335	-1.20894449	0.74288105	12.64474671	-1.20897635
0.59969753	12.41862163	-0.22692871	0.59968382	12.41850114	-0.22703013
0.60047167	12.63329630	-0.20380617	0.60050918	12.63316346	-0.20385707
0.73365010	12.58305589	-0.29821923	0.73366734	12.58288085	-0.29828501
0.72576701	12.36767024	-0.31105347	0.72565253	12.36740602	-0.31126806
0.46890787	12.70497249	-1.15069690	0.46891920	12.70498022	-1.15069405
0.61205190	12.61508259	-1.21945929	0.61205111	12.61508777	-1.21946430
0.60892494	12.71927679	-1.18592661	0.60893698	12.71927915	-1.18593054
0.47408694	12.78887782	-1.11700534	0.47411314	12.78888572	-1.11700033
0.58651083	12.17469559	-0.30189414	0.58651067	12.17468587	-0.30190136
0.59672549	12.27975560	-0.26352525	0.59669192	12.27967300	-0.26360864
0.72270642	12.21472386	-0.33931713	0.72266236	12.21460427	-0.33944959
0.60057077	12.48706869	-1.25190398	0.60055191	12.48708297	-1.25190968
0.60676828	12.53441540	-1.24356257	0.60675766	12.53442411	-1.24356198
0.46275638	12.64927094	-1.16638221	0.46276063	12.64927894	-1.16638122
-0.00522966	12.71085491	-0.06546919	-0.00516919	12.71085098	-0.06546150
-0.15380159	12.77957333	-0.07264127	-0.15372775	12.77960042	-0.07261851
-0.14375241	12.90234950	-0.06995867	-0.14365293	12.90237339	-0.06992067
-0.00546675	12.86523298	-0.05454799	-0.00537274	12.86522691	-0.05452098
-0.28968866	12.83087381	-0.09714918	-0.28960639	12.83093057	-0.09711528
-0.27099363	12.92594944	-0.10088387	-0.27089185	12.92600241	-0.10083851
0.02743020	12.84596056	-0.61983788	0.02749186	12.84602170	-0.61981519
0.03375122	12.91132670	-0.60713104	0.03382861	12.91138492	-0.60709976
-0.04729975	12.92188788	-0.57953157	-0.04721779	12.92195994	-0.57949522
-0.05566281	12.85710207	-0.58363905	-0.05559502	12.85717627	-0.58361126
-0.13893674	12.92960307	-0.59655244	-0.13885179	12.92969675	-0.59651160
-0.14876045	12.86881005	-0.59547910	-0.14868823	12.86890538	-0.59544651
-0.03499391	12.41526831	-0.12036289	-0.03499708	12.41527747	-0.12038826
-0.17504170	12.63252600	-0.09073362	-0.17499884	12.63255996	-0.09072767
-0.02007744	12.54031626	-0.08973048	-0.02005342	12.54031952	-0.08974201
-0.32647665	12.62555313	-0.12943176	-0.32643648	12.62562153	-0.12942058
-0.31269075	12.71321662	-0.10917573	-0.31263251	12.71327994	-0.10915522
0.01730201	12.77969144	-0.63175478	0.01734792	12.77975599	-0.63174030
-0.07514948	12.79071547	-0.58089653	-0.07509572	12.79079293	-0.58087719
-0.09300838	12.76370184	-0.56086712	-0.09295907	12.76378002	-0.56085075
-0.17288838	12.80631498	-0.58352380	-0.17282837	12.80641329	-0.58349950
-0.38274588	12.99965783	-0.17360691	-0.38263291	12.99974129	-0.17354898
-0.37487891	13.04989676	-0.21929083	-0.37475733	13.04998453	-0.21922609
-0.49262239	12.99304069	-0.23023221	-0.49251391	12.99315191	-0.23017334
-0.47285576	13.03386097	-0.27115547	-0.47273991	13.03397421	-0.27109098
-0.45074839	13.06719075	-0.32136681	-0.45062693	13.06730682	-0.32129792
-0.36494772	13.08705110	-0.27837535	-0.36482033	13.08714499	-0.27830545
-0.26096666	13.03590743	-0.59030207	-0.26085846	13.03602513	-0.59024215
-0.24662608	12.99072321	-0.61532606	-0.24652754	12.99084163	-0.61527307
-0.28119567	13.07227842	-0.54980949	-0.28107912	13.07239431	-0.54974378
-0.37586533	13.06377212	-0.55841882	-0.37575007	13.06390737	-0.55835218
-0.36100003	13.03260685	-0.60333364	-0.36089180	13.03274551	-0.60327183
-0.35138698	12.99433483	-0.63722567	-0.35128675	12.99447626	-0.63716942
-0.24803893	12.94224565	-0.63123419	-0.24795039	12.94236659	-0.63118816
-0.35890454	12.95546677	-0.66205884	-0.35881215	12.95561283	-0.66200788
-0.37367657	12.91819105	-0.67622836	-0.37359083	12.91834141	-0.67618208
-0.26081825	12.89275860	-0.63584173	-0.26073917	12.89288256	-0.63580257
-0.53690939	12.88734533	-0.18979619	-0.53682066	12.88745968	-0.18975178
-0.55699675	12.76536910	-0.19555200	-0.55693120	12.76548843	-0.19552319
-0.63307171	12.80229997	-0.25301550	-0.63299964	12.80243929	-0.25298353
-0.61492995	12.89827977	-0.25205855	-0.61484035	12.89841568	-0.25201281
-0.56511306	12.66069123	-0.21301025	-0.56506756	12.66081470	-0.21299250
-0.64041967	12.71971719	-0.26503894	-0.64036201	12.71985978	-0.26501785
-0.68880770	12.78962581	-0.33504814	-0.68873729	12.78978561	-0.33502005
-0.68251535	12.84191471	-0.32916753	-0.68243649	12.84207281	-0.32913080
-0.66649294	12.90500097	-0.33065611	-0.66640268	12.90515696	-0.33060912
-0.45565643	12.65043269	-0.16515498	-0.45561279	12.65053024	-0.16513820
-0.44443353	12.74660227	-0.14598306	-0.44437053	12.74669504	-0.14595620
-0.42218099	12.86586701	-0.13741620	-0.42209422	12.86595408	-0.13737516
-0.46955113	12.93396412	-0.68712279	-0.46946078	12.93413103	-0.68707228
-0.47648173	12.90697683	-0.69775941	-0.47639597	12.90714539	-0.69771162
-0.38585493	12.88490018	-0.67813291	-0.38577503	12.88505266	-0.67809075
-0.55613485	12.93910220	-0.66714078	-0.55604227	12.93928299	-0.66708936
-0.56091516	12.91241734	-0.68196619	-0.56082751	12.91260017	-0.68191763
-0.39668960	12.86809729	-0.66776000	-0.39661258	12.86825017	-0.66771985
-0.28057611	12.84456616	-0.62808651	-0.28050618	12.84469264	-0.62805385
0.89914146	12.88424190	-0.90157025	0.89920292	12.88416168	-0.90157721
0.79918270	12.95134788	-0.88745984	0.79925543	12.95128222	-0.88745565
0.91561653	12.89843579	-0.81280353	0.91568454	12.89833715	-0.81280824
0.82056615	12.97101659	-0.78290671	0.82064714	12.97092992	-0.78290007
0.71018156	13.02681822	-0.74156253	0.71027754	13.02674700	-0.74154452
0.68040492	13.00289416	-0.87072523	0.68048769	13.00284763	-0.87071042
0.91662831	12.89444101	-0.72090931	0.91669705	12.89432569	-0.72091494
0.83760038	12.96207709	-0.67637867	0.83768490	12.96196934	-0.67637304
0.74311518	13.01471565	-0.61432027	0.74321329	13.01461704	-0.61430507
1.00047742	12.67077802	-0.98525736	1.00050069	12.67069483	-0.98530148
0.96284360	12.79233465	-0.93995716	0.96288735	12.79225017	-0.93997958
1.02352274	12.67101993	-0.87389674	1.02354784	12.67091357	-0.87394038
0.98262641	12.80150811	-0.84313324	0.98267546	12.80140314	-0.84315393
1.01479560	12.66988177	-0.76055279	1.01482270	12.66975627	-0.76059584
0.97664350	12.80090062	-0.74373912	0.97669440	12.80077864	-0.74375943
0.56028706	13.04849671	-0.82555862	0.56038161	13.04846666	-0.82553355
0.59704748	13.07388934	-0.67666966	0.59715533	13.07383139	-0.67664266
0.47315595	13.11267235	-0.59408908	0.47327793	13.11262996	-0.59405133
0.43603440	13.08638149	-0.74605615	0.43614168	13.08636757	-0.74602130
0.63689583	13.06246563	-0.53857612	0.63700973	13.06237784	-0.53855168
0.51173274	13.10336395	-0.45596778	0.51186137	13.10329248	-0.45593334
-0.38437158	13.08121789	-0.50050881	-0.38425153	13.08134660	-0.50043934
-0.46789068	13.06289690	-0.51309823	-0.46777403	13.06304306	-0.51303019
-0.44797388	13.05152315	-0.55545835	-0.44786035	13.05167140	-0.55539243
-0.39644247	13.08726069	-0.43747203	-0.39631984	13.08738280	-0.43740125
-0.49006760	13.06477127	-0.46859850	-0.48994970	13.06491539	-0.46852966
-0.57446079	13.03846970	-0.49774625	-0.57434776	13.03863438	-0.49768062
-0.53682830	13.04046855	-0.53029080	-0.53671552	13.04063045	-0.53022546
-0.49911980	13.03886450	-0.55649917	-0.49900809	13.03902243	-0.55643469
-0.42192007	13.08382093	-0.37727655	-0.42179652	13.08393934	-0.37720577
-0.50388977	13.06053289	-0.41725335	-0.50377174	13.06067244	-0.41718473
-0.51882178	13.04599736	-0.36638031	-0.51870565	13.04613229	-0.36631352
-0.56441670	13.02907114	-0.39870465	-0.56430441	13.02921927	-0.39863986
-0.57629193	13.03422412	-0.44728056	-0.57617922	13.03438191	-0.44721514
-0.01840751	13.13053540	-0.43553140	-0.01827492	13.13058118	-0.43546778
-0.11012799	13.11827424	-0.44806348	-0.10999906	13.11834113	-0.44799747
-0.02776711	13.15191390	-0.34019914	-0.02762579	13.15194869	-0.34013259
-0.13097543	13.13588667	-0.36152319	-0.13083933	13.13594597	-0.36145402
-0.23214398	13.11884049	-0.39262127	-0.23201332	13.11892417	-0.39255040
-0.20613674	13.10540572	-0.47101316	-0.20601144	13.10549525	-0.47094503
-0.02832415	13.15360006	-0.25306387	-0.02817874	13.15362328	-0.25299734
-0.14231304	13.13919340	-0.27773272	-0.14217296	13.13924367	-0.27766298
-0.25195285	13.12106541	-0.31309227	-0.25181900	13.12114201	-0.31302076
0.98999807	11.97452353	-1.06013703	0.98989630	11.97444518	-1.06028474
1.01271275	12.11940235	-1.05806807	1.01263610	12.11931996	-1.05819961
0.99236386	11.92943575	-0.95472526	0.99226185	11.92934198	-0.95487545
1.01854549	12.07598420	-0.94387814	1.01846670	12.07588403	-0.94401466
1.03800390	12.29365431	-0.92811750	1.03796394	12.29354978	-0.92822562
1.02673124	12.32848494	-1.04395493	1.02669444	12.32840004	-1.04405566
0.97366215	11.91275812	-0.83571945	0.97356421	11.91265107	-0.83586642
1.00185808	12.06058621	-0.82045599	1.00178094	12.06047128	-0.82059356
1.02421499	12.28243637	-0.80381062	1.02417664	12.28231541	-0.80392254
1.02252579	12.51428551	-1.01927247	1.02252248	12.51420126	-1.01934222
1.04110444	12.49654352	-0.90414445	1.04109939	12.49643807	-0.90421862
1.02981773	12.49090251	-0.78286289	1.02981469	12.49077822	-0.78293750
-0.64214751	12.93371620	-0.61473281	-0.64205538	12.93391094	-0.61468248
-0.64894030	12.90393157	-0.62671012	-0.64885468	12.90412952	-0.62666375
-0.69994988	12.92339504	-0.53492029	-0.69986016	12.92359324	-0.53487066
-0.71041890	12.88720693	-0.54095359	-0.71033727	12.88740892	-0.54090914
-0.65075854	12.88053250	-0.62814116	-0.65067814	12.88073108	-0.62809774
-0.70159695	12.91361578	-0.43267079	-0.70150700	12.91379556	-0.43262196
-0.71509950	12.86852858	-0.43363445	-0.71501777	12.86871084	-0.43359278
-0.71807180	12.83283164	-0.43538632	-0.71799685	12.83301488	-0.43535127
-0.29743760	13.09422152	-0.48748354	-0.29731501	13.09433163	-0.48741419
-0.31561631	13.10395334	-0.41510137	-0.31548940	13.10405667	-0.41503017
-0.34165446	13.10330167	-0.34460612	-0.34152585	13.10340015	-0.34453454
-0.59477546	12.95067248	-0.26476596	-0.59467631	12.95080658	-0.26471256
-0.51441687	12.95363453	-0.20223589	-0.51431573	12.95374612	-0.20218251
-0.64883238	12.94519227	-0.33986487	-0.64873504	12.94534671	-0.33981191
-0.62564131	12.97478615	-0.35671368	-0.62553893	12.97493915	-0.35665634
-0.57169068	12.98267292	-0.28907224	-0.57158558	12.98280643	-0.28901410
-0.39985449	12.94424885	-0.14660007	-0.39975199	12.94433235	-0.14654912
-0.45647585	12.96493893	-0.66870140	-0.45637995	12.96510188	-0.66864734
-0.44454729	12.99720413	-0.64044631	-0.44444537	12.99736218	-0.64038822
-0.52867794	12.99624676	-0.62331364	-0.52857480	12.99641813	-0.62325489
-0.54463153	12.96788105	-0.64930282	-0.54453353	12.96805816	-0.64924789
-0.65858238	12.98055467	-0.52322349	-0.65848048	12.98074087	-0.52316571
-0.68292527	12.95307787	-0.52955135	-0.68282915	12.95327093	-0.52949745
-0.62836550	12.96199689	-0.60191593	-0.62826767	12.96218680	-0.60186157
-0.60746344	12.98916711	-0.58408847	-0.60736027	12.98935023	-0.58403031
-0.62649655	13.00972211	-0.51429155	-0.62638897	13.00990012	-0.51422979
-0.58015103	13.01552362	-0.55708978	-0.58004291	13.01569762	-0.55702776
-0.51046568	13.02189946	-0.58399702	-0.51035762	13.02206313	-0.58393498
-0.68412686	12.94680293	-0.43523834	-0.68403047	12.94697979	-0.43518460
-0.65974137	12.97488744	-0.44115972	-0.65963948	12.97506042	-0.44110203
-0.59339014	13.00587996	-0.38106026	-0.59328207	13.00603078	-0.38099855
-0.62600204	13.00496646	-0.45020591	-0.62589473	13.00513437	-0.45014427
-0.54392152	13.01727921	-0.32329334	-0.54381028	13.01741253	-0.32323046
-0.44095826	13.02786380	-0.60031371	-0.44085008	13.02801668	-0.60025151
0.18194965	13.11978845	-0.18479607	0.18209359	13.11975780	-0.18474464
0.15239014	13.15855174	-0.27001729	0.15253770	13.15853872	-0.26995905
0.18006785	13.14642821	-0.28474243	0.18021251	13.14641116	-0.28468715
0.21390772	13.10645239	-0.19636361	0.21404879	13.10641630	-0.19631546
0.13201697	13.16571319	-0.36511893	0.13216151	13.16571707	-0.36505829
0.15810669	13.15439935	-0.38204078	0.15824838	13.15439987	-0.38198281
0.18462646	13.13753630	-0.29476325	0.18476891	13.13751960	-0.29470930
0.21827619	13.09805352	-0.20277410	0.21841516	13.09801719	-0.20272732
0.19128194	13.14522515	-0.29581215	0.19142620	13.14520702	-0.29575756
0.22369046	13.10453673	-0.19763576	0.22383140	13.10449861	-0.19758838
0.17216867	13.15250205	-0.39916081	0.17230941	13.15250169	-0.39910377
0.21617545	13.15826448	-0.42506115	0.21631650	13.15825755	-0.42500569
0.23773312	13.15046867	-0.31368178	0.23787844	13.15044234	-0.31362871
0.26959336	13.10776703	-0.20842283	0.26973491	13.10771973	-0.20837737
0.25712920	12.93300041	-0.06490528	0.25724007	12.93293775	-0.06488283
0.22039345	13.04952250	-0.11029124	0.22052672	13.04947365	-0.11025136
0.25653907	13.03667285	-0.12168041	0.25666939	13.03661729	-0.12164405
0.29664196	12.91964640	-0.07802222	0.29674971	12.91957658	-0.07800374
0.26676948	13.03465413	-0.12216393	0.26689961	13.03459630	-0.12212839
0.30784050	12.91772753	-0.08141759	0.30794783	12.91765543	-0.08140001
0.31198556	13.03308274	-0.12948948	0.31211557	13.03301563	-0.12945653
0.35161541	12.90984553	-0.08734877	0.35172129	12.90976365	-0.08733488
0.37678764	12.72092227	-0.09167829	0.37685183	12.72083698	-0.09169257
0.33675293	12.73470179	-0.08724477	0.33681980	12.73462569	-0.08725451
0.39410542	12.52563868	-0.12265872	0.39412838	12.52556271	-0.12270125
0.35660628	12.54978958	-0.11795656	0.35663312	12.54972032	-0.11799252
0.32537677	12.73691767	-0.08251557	0.32544427	12.73684360	-0.08252420
0.34442490	12.55260713	-0.11304032	0.34445197	12.55254005	-0.11307459
0.29880630	12.56645053	-0.09496093	0.29883674	12.56639001	-0.09498956
0.28337510	12.75436742	-0.06650127	0.28344688	12.75430033	-0.06650466
0.26640129	12.78353461	-0.91954890	0.26643418	12.78356942	-0.91954227
0.25666133	12.85374840	-0.89462559	0.25671058	12.85378577	-0.89461274
0.23756919	12.85953200	-0.83555236	0.23762232	12.85956995	-0.83553825
0.24819638	12.79873173	-0.85929262	0.24823497	12.79876847	-0.85928522
0.24151571	12.92574101	-0.84418401	0.24158334	12.92577947	-0.84416235
0.22177479	12.92410098	-0.78851093	0.22184498	12.92413821	-0.78848802
0.22828710	12.91966702	-0.77070588	0.22835720	12.91970091	-0.77068369
0.24912525	12.80450994	-0.83854590	0.24916596	12.80454486	-0.83853801
0.22130845	12.85994344	-0.82115338	0.22136247	12.85998417	-0.82113864
0.22612206	12.80265542	-0.84419547	0.22616233	12.80269625	-0.84418737
0.21075283	12.92360722	-0.77874897	0.21082353	12.92364626	-0.77872542
0.17021426	12.93585442	-0.76414726	0.17028858	12.93590135	-0.76412003
0.17783321	12.86859749	-0.80272924	0.17789013	12.86864680	-0.80271132
0.17968013	12.80501495	-0.82387837	0.17972147	12.80506523	-0.82386835
0.27111258	12.71342368	-0.94467715	0.27112993	12.71345774	-0.94467641
0.25567513	12.73752890	-0.88351510	0.25569895	12.73756436	-0.88351374
0.25751753	12.75311528	-0.86118590	0.25754568	12.75314963	-0.86118360
0.27511151	12.71658741	-0.87440039	0.27513109	12.71661757	-0.87440139
0.23484422	12.74496700	-0.87106324	0.23487040	12.74500763	-0.87106142
0.18609347	12.73743125	-0.85352478	0.18611811	12.73748183	-0.85352242
0.28224845	12.32706049	-0.16303064	0.28223159	12.32701967	-0.16307523
0.29986100	12.42359245	-0.12921057	0.29985880	12.42354398	-0.12924868
0.34767767	12.42191046	-0.14554473	0.34767711	12.42185995	-0.14558460
0.33303557	12.35251577	-0.17813369	0.33302289	12.35247559	-0.17817311
0.35170411	12.43450286	-0.15282413	0.35170570	12.43445151	-0.15286381
0.36141018	12.41492197	-0.15062108	0.36140982	12.41487145	-0.15066268
0.34750625	12.34711735	-0.18446227	0.34749526	12.34708382	-0.18449507
0.39852997	12.38167494	-0.15913247	0.39852566	12.38162574	-0.15917958
0.12123921	13.14067943	-0.47037230	0.12137358	13.14069976	-0.47031406
0.15114401	13.12735638	-0.48440041	0.15127496	13.12737205	-0.48434548
0.12462228	13.08863918	-0.57857956	0.12474014	13.08867333	-0.57852866
0.15987231	13.07330395	-0.58927228	0.15998622	13.07333157	-0.58922524
0.16313888	13.11604876	-0.49114624	0.16326710	13.11606261	-0.49109348
0.16896193	13.12243911	-0.49126716	0.16909163	13.12245167	-0.49121385
0.17892610	13.06656882	-0.58546191	0.17903873	13.06659166	-0.58541689
0.20512910	13.07198693	-0.62474327	0.20524093	13.07200882	-0.62469902
0.20444084	13.12823097	-0.52370474	0.20457050	13.12823981	-0.52365255
0.22080244	13.00164058	-0.74308465	0.22089219	13.00167324	-0.74305145
0.19929527	12.99680612	-0.69502895	0.19938658	12.99683804	-0.69499496
0.18493859	12.99993030	-0.69458257	0.18503078	12.99996561	-0.69454732
0.14669145	13.01477354	-0.68330595	0.14678765	13.01481638	-0.68326659
0.39527922	13.08990733	-0.26199798	0.39541569	13.08983780	-0.26196103
0.43047053	13.00920540	-0.17834350	0.43059440	13.00911572	-0.17831990
0.45877558	12.87837823	-0.13235366	0.45887346	12.87827570	-0.13235061
0.31344558	12.99103715	-0.86164097	0.31352619	12.99106115	-0.86161454
0.33715535	12.91296269	-0.95091033	0.33721445	12.91298619	-0.95089350
0.29555732	13.06032074	-0.74949217	0.29565955	13.06033712	-0.74945537
0.13706262	12.96090527	-0.05967278	0.13717831	12.96086875	-0.05964046
0.11534580	13.06519411	-0.10414100	0.11548119	13.06516757	-0.10409373
0.09388538	13.12881603	-0.17410180	0.09403063	13.12880303	-0.17404478
0.08883079	13.02836791	-0.62409488	0.08893307	13.02841610	-0.62405051
0.06882399	13.09367426	-0.54611367	0.06894444	13.09371647	-0.54605917
0.10785405	12.95632971	-0.67849988	0.10793732	12.95638072	-0.67846635
0.47303359	12.68326773	-0.13268142	0.47308808	12.68316372	-0.13270871
0.48222730	12.47434580	-0.16173275	0.48223871	12.47425696	-0.16179845
0.34607217	12.83207584	-1.00389603	0.34611112	12.83209898	-1.00388509
0.34685435	12.75696473	-1.03310353	0.34687846	12.75698763	-1.03309973
0.48325095	12.33727913	-0.19988978	0.48324103	12.33722580	-0.19994689
0.34553997	12.69695718	-1.05187951	0.34555150	12.69697953	-1.05187757
0.15774604	12.47108607	-0.10586149	0.15775328	12.47105572	-0.10589018
0.16390798	12.62711737	-0.07621073	0.16395057	12.62708046	-0.07622278
0.10931046	12.75543131	-0.74856466	0.10934352	12.75549000	-0.74855793
0.10971281	12.82410202	-0.72481414	0.10976294	12.82415829	-0.72479878
0.15513473	12.80638082	-0.05532253	0.15521711	12.80634097	-0.05531145
0.11201394	12.88956796	-0.70677186	0.11208036	12.88962151	-0.70674777
0.33133887	13.14297936	-0.50019592	0.33147336	13.14295621	-0.50014824
0.30535252	13.11461867	-0.62712382	0.30547357	13.11461797	-0.62707923
0.36173860	13.13452787	-0.37407285	0.36187847	13.13448063	-0.37402804
0.06497044	13.16348597	-0.34623326	0.06511475	13.16350174	-0.34616960
0.06164399	13.13983574	-0.44839841	0.06177865	13.13986607	-0.44833746
0.07640870	13.16054807	-0.25485448	0.07655663	13.16054930	-0.25479212
0.88156510	11.96544009	-0.58551999	0.88150766	11.96534242	-0.58561023
0.81676000	12.01719950	-0.47386000	0.81676000	12.01719950	-0.47386000
0.92181230	11.93754595	-0.71476858	0.92173142	11.93743371	-0.71489694
0.90931043	12.00402423	-0.71959462	0.90923581	12.00391068	-0.71972045
0.87381422	12.05076307	-0.63305270	0.87375852	12.05064882	-0.63316730
0.80558220	12.11335386	-0.53008968	0.80554411	12.11324734	-0.53020787
0.95507006	11.93017388	-0.83921393	0.95497447	11.93006919	-0.83935735
0.97436175	11.94634755	-0.95064714	0.97426248	11.94625581	-0.95079473
0.94251249	12.06435873	-0.93384519	0.94243237	12.06426974	-0.93397977
0.92813228	12.03383582	-0.81617052	0.92805274	12.03372929	-0.81630221
0.97361514	11.98881406	-1.04381745	0.97351681	11.98873606	-1.04396238
0.93904209	12.06373594	-1.13064396	0.93895054	12.06367786	-1.13077800
0.91599509	12.12643457	-1.10815019	0.91591686	12.12637822	-1.10827504
0.93986141	12.09944406	-1.03165305	0.93978301	12.09937047	-1.03178359
0.85849119	12.18212871	-1.22155216	0.85841471	12.18210025	-1.22166428
0.74214649	12.33326712	-1.27183109	0.74209152	12.33326914	-1.27190821
0.74621375	12.36140343	-1.20003750	0.74617275	12.36139153	-1.20011007
0.85673628	12.22791422	-1.15880308	0.85667389	12.22787705	-1.15890954
0.60104949	12.48314561	-1.23779307	0.60103235	12.48315792	-1.23779944
0.47110641	12.61375816	-1.15270075	0.47110688	12.61376484	-1.15269964
0.49420000	12.61570000	-1.07906000	0.49420000	12.61570000	-1.07906000
0.61447000	12.50220000	-1.16283000	0.61447000	12.50220000	-1.16283000
0.38299671	12.64739855	-1.04977611	0.38299930	12.64741188	-1.04977598
0.33211121	12.64771057	-0.95697897	0.33211433	12.64772930	-0.95698028
0.37140000	12.64100070	-0.89641000	0.37140000	12.64100070	-0.89641000
0.41679000	12.64250090	-0.98287004	0.41679000	12.64250090	-0.98287004
0.31410848	12.67941987	-0.89761061	0.31411939	12.67944082	-0.89761361
0.31013243	12.70692023	-0.87018603	0.31015040	12.70694138	-0.87018849
0.33839994	12.69463560	-0.81301249	0.33841772	12.69464757	-0.81302006
0.34749077	12.66953395	-0.84061013	0.34750179	12.66954343	-0.84061690
0.30109946	12.69423888	-0.87411977	0.30111439	12.69426243	-0.87412347
0.25795567	12.68419451	-0.84476631	0.25796881	12.68422724	-0.84477231
0.29821517	12.68114735	-0.77531680	0.29823041	12.68116463	-0.77532624
0.33722062	12.68323585	-0.81170216	0.33723584	12.68324794	-0.81171110
0.15171941	12.71971618	-0.71658892	0.15174571	12.71976138	-0.71658871
0.01996829	12.77340154	-0.57600148	0.02001616	12.77345832	-0.57598791
0.02418643	12.81098701	-0.49904945	0.02424667	12.81103276	-0.49903087
0.17575925	12.73466738	-0.64123437	0.17579284	12.73469815	-0.64123409
-0.09654556	12.81634798	-0.51315169	-0.09648292	12.81642078	-0.51312754
-0.20397248	12.84836877	-0.51703667	-0.20390131	12.84846435	-0.51700479
-0.20729033	12.91680022	-0.45663353	-0.20720287	12.91688805	-0.45659144
-0.09854527	12.87576169	-0.44295133	-0.09846680	12.87582552	-0.44291863
-0.30907797	12.86893526	-0.57685609	-0.30900172	12.86905992	-0.57681854
-0.40764737	12.88018243	-0.64455689	-0.40756754	12.88033412	-0.64451458
-0.42429235	12.90784527	-0.59275713	-0.42420680	12.90799350	-0.59271071
-0.31853453	12.92198407	-0.52177589	-0.31844656	12.92210302	-0.52173021
-0.49572852	12.88356660	-0.67261188	-0.49564675	12.88373600	-0.67256653
-0.57543888	12.88010747	-0.66085662	-0.57535794	12.88029111	-0.66081173
-0.57465844	12.88247745	-0.62547467	-0.57457724	12.88265774	-0.62543011
-0.51807331	12.89123808	-0.62437557	-0.51799017	12.89140706	-0.62433000
-0.64956665	12.87171571	-0.60931922	-0.64948829	12.87191196	-0.60927706
-0.69882631	12.85528812	-0.52983988	-0.69875179	12.85548590	-0.52980091
-0.66174605	12.87143715	-0.50155321	-0.66166650	12.87162128	-0.50151158
-0.62433120	12.88087149	-0.57832930	-0.62425069	12.88105793	-0.57828585
-0.70389644	12.82792003	-0.43469936	-0.70382230	12.82810036	-0.43466526
-0.67710591	12.78092352	-0.34500620	-0.67703701	12.78108268	-0.34497911
-0.65548771	12.78751551	-0.35790845	-0.65541802	12.78767309	-0.35788008
-0.66767254	12.83417610	-0.41807162	-0.66759676	12.83434661	-0.41803619
-0.63048302	12.70642345	-0.28193258	-0.63042740	12.70656613	-0.28191273
-0.55705853	12.64580205	-0.23334526	-0.55701565	12.64592586	-0.23332852
-0.53941039	12.70511642	-0.26457496	-0.53935598	12.70524060	-0.26455296
-0.61541414	12.74863934	-0.31437832	-0.61535108	12.74878378	-0.31435339
-0.45014659	12.64084754	-0.18601568	-0.45010522	12.64094623	-0.18599990
-0.32314800	12.62017194	-0.15010959	-0.32310975	12.62024221	-0.15009921
-0.30526681	12.67388439	-0.17890207	-0.30521864	12.67395446	-0.17888616
-0.43121996	12.69835941	-0.21582654	-0.43116737	12.69845773	-0.21580516
-0.18662264	12.51579253	-0.13678259	-0.18660549	12.51583396	-0.13679003
-0.03813258	12.39999661	-0.14415647	-0.03813978	12.40000891	-0.14418335
-0.03558973	12.46973058	-0.17517858	-0.03558461	12.46974624	-0.17519778
-0.17494675	12.57851049	-0.16555800	-0.17491832	12.57855311	-0.16555854
0.12299748	12.33958861	-0.16450241	0.12297917	12.33957060	-0.16454176
0.25149756	12.32110178	-0.18975007	0.25147773	12.32106722	-0.18979475
0.23100264	12.38085597	-0.24176974	0.23098667	12.38082807	-0.24180979
0.11338320	12.40694828	-0.20584758	0.11337415	12.40693688	-0.20587989
0.30149927	12.35542476	-0.21093983	0.30148454	12.35538813	-0.21098048
0.28688549	12.43922419	-0.28034667	0.28687416	12.43918940	-0.28038608
0.27878599	12.41142583	-0.26646347	0.27877204	12.41139162	-0.26650369
0.31296960	12.34579002	-0.22344384	0.31295023	12.34575738	-0.22347718
0.34620000	12.27620000	-0.23202000	0.34620000	12.27620000	-0.23202000
0.31874287	12.33253971	-0.29132400	0.31870843	12.33250298	-0.29136158
0.28591080	12.39761962	-0.28145066	0.28588881	12.39758433	-0.28148912
0.44425997	12.21770000	-0.27141000	0.44425997	12.21770000	-0.27141000
0.57587000	12.16340070	-0.32883000	0.57587000	12.16340070	-0.32883000
0.56826499	12.24185225	-0.38413644	0.56817284	12.24175566	-0.38423349
0.42687361	12.28553493	-0.32861470	0.42682284	12.28549057	-0.32866550
0.70622003	12.08180000	-0.39380000	0.70622003	12.08180000	-0.39380000
0.69916915	12.17972925	-0.44926533	0.69910699	12.17959350	-0.44940682
0.76310945	12.39345540	-1.04916429	0.76308505	12.39341940	-1.04923803
0.86514761	12.24459531	-1.04833098	0.86509483	12.24453910	-1.04843670
0.78243522	12.37660356	-0.86117685	0.78241146	12.37653636	-0.86126319
0.87423746	12.22290928	-0.90795380	0.87418545	12.22282860	-0.90806707
0.79482740	12.26170702	-0.67392579	0.79478189	12.26160751	-0.67405014
0.87392567	12.14880210	-0.75592759	0.87386399	12.14869644	-0.75605098
0.53338584	12.60813233	-0.90326230	0.53339245	12.60811489	-0.90328864
0.64681780	12.52223926	-0.99104805	0.64681727	12.52221832	-0.99108727
0.56442267	12.53826579	-0.69218749	0.56441479	12.53821692	-0.69224694
0.67743424	12.47834650	-0.78204302	0.67742294	12.47828923	-0.78211351
0.56951059	12.38564868	-0.51258928	0.56944060	12.38555839	-0.51270976
0.69166273	12.33942750	-0.59061276	0.69161860	12.33933619	-0.59073692
-0.21811864	12.91180941	-0.37182889	-0.21802937	12.91188773	-0.37178681
-0.11222144	12.86866419	-0.35616793	-0.11214064	12.86871904	-0.35613547
-0.23965276	12.85373334	-0.28539745	-0.23957240	12.85380448	-0.28536216
-0.13297449	12.80408741	-0.27211495	-0.13290418	12.80413561	-0.27208985
-0.01581009	12.73667451	-0.30772007	-0.01575650	12.73670296	-0.30770883
0.00741936	12.80298093	-0.40321025	0.00748258	12.80301781	-0.40319147
-0.27335442	12.76319958	-0.22272627	-0.27328979	12.76326906	-0.22270104
-0.15571981	12.69054083	-0.21004622	-0.15567020	12.69058555	-0.21003413
-0.02904582	12.60439292	-0.23110641	-0.02901645	12.60441423	-0.23111076
-0.55406756	12.91129194	-0.54318715	-0.55398016	12.91145856	-0.54313935
-0.58810095	12.90473752	-0.45147790	-0.58801321	12.90489825	-0.45143120
-0.48584527	12.92499499	-0.39022367	-0.48575277	12.92512725	-0.39017443
-0.45263660	12.93807153	-0.49576709	-0.45254375	12.93821238	-0.49571652
-0.60451010	12.83248283	-0.37251189	-0.60443346	12.83263398	-0.37247603
-0.51548586	12.82274590	-0.31404203	-0.51541031	12.82287272	-0.31400661
-0.33655022	12.93669896	-0.42798047	-0.33645712	12.93680814	-0.42793195
-0.36338372	12.90111762	-0.32940052	-0.36329512	12.90121831	-0.32935604
-0.39890718	12.80337482	-0.26089599	-0.39883532	12.80347276	-0.26086307
0.29297376	12.63928557	-0.65161007	0.29298482	12.63929128	-0.65162953
0.33472506	12.63594909	-0.67507971	0.33473477	12.63594812	-0.67510070
0.26656756	12.57201374	-0.50184831	0.26656927	12.57200676	-0.50187710
0.31294782	12.57104908	-0.51180985	0.31294913	12.57103297	-0.51184144
0.31707795	12.58902104	-0.49620906	0.31708386	12.58900219	-0.49623901
0.33572643	12.65023705	-0.66666063	0.33573967	12.65023505	-0.66668025
0.34288315	12.63275827	-0.68930523	0.34289173	12.63275757	-0.68932791
0.31946427	12.57484282	-0.51106602	0.31946511	12.57482551	-0.51109812
0.35179215	12.55513871	-0.55176458	0.35178591	12.55511894	-0.55180418
0.37224427	12.61418037	-0.73981394	0.37224861	12.61417939	-0.73983944
0.32645439	12.44016665	-0.39969743	0.32642377	12.44013334	-0.39974625
0.29423408	12.48701812	-0.37632222	0.29422031	12.48699130	-0.37636199
0.28857261	12.49111940	-0.37140211	0.28856371	12.49109330	-0.37144037
0.24107762	12.47686285	-0.35520585	0.24106767	12.47684411	-0.35524135
0.44504206	12.55369865	-0.61372190	0.44503520	12.55366856	-0.61377017
0.43859461	12.62165825	-0.81525417	0.43860154	12.62164931	-0.81527672
0.43299761	12.41162790	-0.44692227	0.43295264	12.41157575	-0.44699176
0.13741890	12.63989824	-0.40981225	0.13744387	12.63990853	-0.40982246
0.16383956	12.71052551	-0.53209960	0.16387350	12.71054511	-0.53210186
0.11876006	12.52255536	-0.29420257	0.11876699	12.52255405	-0.29422481
0.16442425	13.14490798	-0.39428201	0.16456344	13.14490881	-0.39422560
0.25991990	13.03037510	-0.12881932	0.26004871	13.03031985	-0.12878385
0.29909552	12.91625389	-0.08739799	0.29920213	12.91618475	-0.08738015
0.32790318	12.73622946	-0.09299939	0.32796991	12.73615629	-0.09300834
0.34764943	12.55690858	-0.12291145	0.34767691	12.55684150	-0.12294577
0.24160771	12.85870045	-0.81467393	0.24166167	12.85873563	-0.81466016
0.33841361	12.37462753	-0.18541318	0.33840367	12.37458772	-0.18545082
0.17712675	13.06137587	-0.58825023	0.17723804	13.06139951	-0.58820580
0.20275644	12.99159093	-0.68837732	0.20284694	12.99162130	-0.68834413
0.89587730	11.96015563	-0.57208280	0.89582143	11.96005877	-0.57217493
0.82725332	12.01976198	-0.45666388	0.82725790	12.01976695	-0.45666454
0.93920193	11.92323908	-0.70616738	0.93911988	11.92312553	-0.70629747
0.74559580	12.33190040	-1.28733966	0.74553789	12.33190467	-1.28741760
0.46149057	12.61957216	-1.16633489	0.46149139	12.61958031	-1.16633300
0.35372607	12.65813931	-1.05836457	0.35373120	12.65815889	-1.05836397
0.28749843	12.66198758	-0.96028118	0.28750466	12.66201711	-0.96028196
0.27329050	12.69209460	-0.89919271	0.27330395	12.69212579	-0.89919461
0.25681411	12.70344262	-0.88617057	0.25683147	12.70347853	-0.88617377
0.20848473	12.68940782	-0.86819426	0.20849829	12.68945425	-0.86819786
0.12013518	12.71131633	-0.75380503	0.12015798	12.71137263	-0.75380393
0.01197965	12.74468471	-0.62359529	0.01201806	12.74474933	-0.62358497
-0.19630637	12.78520580	-0.55804513	-0.19624993	12.78530523	-0.55802321
-0.29933233	12.82685972	-0.60805440	-0.29926538	12.82698685	-0.60802375
-0.48315514	12.88867816	-0.69484689	-0.48307235	12.88884724	-0.69480083
-0.56534034	12.89152081	-0.68334566	-0.56525681	12.89170450	-0.68329925
-0.71112113	12.85960672	-0.54134752	-0.71104628	12.85980963	-0.54130753
-0.18874267	12.52547037	-0.11472105	-0.18872256	12.52550967	-0.11472731
0.14076280	12.35524408	-0.13980250	0.14074828	12.35522055	-0.13984110
0.30899528	12.38322838	-0.22346429	0.30898190	12.38319146	-0.22350349
0.38315219	12.29370221	-0.19536153	0.38315435	12.29368701	-0.19537454
0.46918329	12.23722126	-0.23898221	0.46918418	12.23721418	-0.23899494
0.71418448	12.09175759	-0.37188096	0.71419144	12.09175348	-0.37188881
0.29523175	12.51421096	-0.36946628	0.29522718	12.51418343	-0.36950292
0.58439865	12.77706923	-0.54133067	0.58444844	12.77699323	-0.54134649
0.30590645	12.98909153	-0.52989795	0.30600428	12.98907817	-0.52987008
0.03466450	12.99491251	-0.26241148	0.03477667	12.99492429	-0.26236900
0.10327766	13.07741746	-0.30733727	0.10340581	13.07742016	-0.30728707
0.32007936	12.86806563	-0.29424278	0.32016400	12.86801980	-0.29423201
0.03151420	12.96778943	-0.42090703	0.03161287	12.96782307	-0.42086776
0.12510175	13.04542185	-0.41686384	0.12521791	13.04543438	-0.41681879
0.36739184	12.82351434	-0.69350326	0.36744389	12.82350831	-0.69350094
0.15937231	13.02854152	-0.17890863	0.15949693	13.02851547	-0.17886812
0.22108132	12.81545495	-0.79383646	0.22112618	12.81549260	-0.79382699
0.33037379	12.75810338	-0.53125978	0.33041815	12.75808501	-0.53126564
0.32959101	12.88707403	-0.84140628	0.32964981	12.88709175	-0.84139351
0.39399386	12.43547259	-0.24613402	0.39398422	12.43541902	-0.24618788
0.24673898	13.04661866	-0.44605271	0.24685424	13.04660793	-0.44601373
0.47685910	12.68462032	-0.66781293	0.47688258	12.68458843	-0.66783742
0.69871654	12.74893127	-0.77247234	0.69875376	12.74886833	-0.77249357
0.32864559	12.93918202	-0.19984186	0.32875150	12.93912068	-0.19982210
-0.42639714	12.91085997	-0.24414608	-0.42630443	12.91096099	-0.24409910
0.15522341	13.08117097	-0.24812744	0.15535575	13.08115467	-0.24807954
0.32493362	12.94648832	-0.68762182	0.32501391	12.94649113	-0.68760092
-0.51344197	12.91063383	-0.28442726	-0.51335024	12.91075619	-0.28437977
0.23024985	13.03121399	-0.32785866	0.23036796	13.03119184	-0.32782107
0.29004150	12.45901868	-0.20164049	0.29004068	12.45897661	-0.20167732
0.12119986	13.09873832	-0.36934627	0.12132979	13.09874532	-0.36929396
0.21217272	13.07729984	-0.48821606	0.21229261	13.07730231	-0.48817118
0.25504831	12.61224270	-0.24536026	0.25507682	12.61220753	-0.24538073
0.16932593	12.93755718	-0.50838447	0.16941358	12.93757213	-0.50835633
0.27861105	12.89141825	-0.83136816	0.27867141	12.89144665	-0.83135212
0.28523628	12.84069065	-0.83467357	0.28528520	12.84071730	-0.83466342
0.23291766	13.02200312	-0.54409983	0.23302225	13.02200838	-0.54406369
0.37713168	12.79861249	-0.19799267	0.37720743	12.79854018	-0.19799613
0.49818196	12.59141473	-0.43349120	0.49819119	12.59134031	-0.43354163
0.30605693	12.76109792	-0.88741308	0.30608598	12.76112144	-0.88740968
0.16277152	12.96503959	-0.64355302	0.16285843	12.96507354	-0.64352111
0.39097198	12.37543520	-0.22294649	0.39095857	12.37539304	-0.22299460
0.35801167	12.48332205	-0.31310460	0.35800465	12.48327594	-0.31315122
0.19627365	12.86804680	-0.18668581	0.19636317	12.86801441	-0.18666861
0.38994534	12.73028833	-0.90977450	0.38996692	12.73029341	-0.90977468
0.29779948	12.79334801	-0.84880709	0.29783743	12.79337236	-0.84880165
0.14760102	13.11361064	-0.28037064	0.14773863	13.11360014	-0.28031798
0.41519027	12.60598173	-0.24786226	0.41521740	12.60591028	-0.24789839
0.21638599	12.86045930	-0.77047120	0.21644238	12.86049578	-0.77045614
0.42835426	12.71323734	-0.82703375	0.42837865	12.71323258	-0.82704443
0.82775936	12.74461505	-0.86775022	0.82779731	12.74454443	-0.86777445
0.56662579	12.79129333	-0.92706778	0.56666219	12.79127335	-0.92707415
0.34174020	12.68545468	-0.19929654	0.34178906	12.68539359	-0.19931419
0.25203730	12.76245353	-0.18156924	0.25210401	12.76240936	-0.18156941
