0.84959370	12.73869309	-0.42133657	0.84937830	12.73891551	-0.42138735
0.82053923	12.87678146	-0.45009668	0.82028555	12.87699081	-0.45016324
0.89686913	12.83545580	-0.54820994	0.89665740	12.83567098	-0.54825063
0.92896728	12.70231102	-0.53354276	0.92879175	12.70253440	-0.53356747
0.77794473	12.96748021	-0.51049244	0.77767595	12.96766610	-0.51057588
0.85827015	12.92142079	-0.59122633	0.85804276	12.92161931	-0.59128325
0.90773057	12.87849744	-0.65145445	0.90753481	12.87869864	-0.65149508
0.94619016	12.80866150	-0.64563702	0.94601573	12.80887293	-0.64566125
0.98029881	12.67956557	-0.64646704	0.98016049	12.67978066	-0.64646888
0.71660284	12.76669748	-1.16491008	0.71654721	12.76673985	-1.16496135
0.83901139	12.71639539	-1.14305701	0.83896611	12.71647872	-1.14308370
0.80730182	12.82300408	-1.07449207	0.80721400	12.82309580	-1.07454416
0.68505081	12.86901370	-1.09139019	0.68495349	12.86906732	-1.09147260
0.94019177	12.68291578	-1.08019086	0.94014505	12.68304153	-1.08019541
0.90690267	12.79408871	-1.02171506	0.90681365	12.79421799	-1.02174408
0.86717293	12.86262017	-0.97125039	0.86705688	12.86274912	-0.97129732
0.78831999	12.90337536	-0.98672170	0.78819767	12.90348433	-0.98678971
0.66625632	12.94911877	-0.99230483	0.66612123	12.94919290	-0.99240259
0.59441731	12.83578526	-0.20957793	0.59410559	12.83594178	-0.20969384
0.57597649	12.97272435	-0.25734219	0.57563608	12.97287208	-0.25747062
0.71008619	12.92526782	-0.35004750	0.70978443	12.92546242	-0.35014499
0.73165659	12.78610567	-0.30963130	0.73138104	12.78632313	-0.30972291
0.54531891	13.05895926	-0.34186821	0.54497270	13.05908762	-0.34201169
0.67380522	13.01540574	-0.42593765	0.67349390	13.01557214	-0.42605109
0.46665367	12.88148898	-1.06484053	0.46655154	12.88147630	-1.06496381
0.59300546	12.82736470	-1.13748903	0.59292439	12.82737603	-1.13758141
0.56209987	12.91986712	-1.06523604	0.56198482	12.91988812	-1.06534895
0.43790332	12.96412880	-0.99040407	0.43775937	12.96412673	-0.99055086
0.54168951	12.99469541	-0.96375398	0.54153156	12.99473705	-0.96388517
0.41679936	13.03375952	-0.88789627	0.41660642	13.03377637	-0.88806275
-0.01561914	12.98955514	-0.06790318	-0.01599446	12.98951452	-0.06815704
-0.14400496	13.00105542	-0.08989406	-0.14437667	13.00097557	-0.09017437
-0.14660578	13.07442081	-0.13653369	-0.14698833	13.07433746	-0.13681949
-0.02185605	13.07682137	-0.11195267	-0.02224785	13.07677639	-0.11221360
-0.26274613	13.00248356	-0.12612695	-0.26310868	13.00236929	-0.12642879
-0.26380539	13.06384951	-0.17462671	-0.26417516	13.06373221	-0.17493280
-0.26511772	13.10500055	-0.24019106	-0.26548526	13.10487890	-0.24050011
-0.14869184	13.12126718	-0.20276426	-0.14907459	13.12117877	-0.20305391
-0.02693007	13.13076684	-0.17789185	-0.02732427	13.13071629	-0.17815807
0.02943747	12.97525663	-0.59242194	0.02917733	12.97518938	-0.59266741
0.01428210	13.03765846	-0.56695881	0.01399635	13.03758846	-0.56721274
-0.06668418	13.03956778	-0.55636977	-0.06697312	13.03947474	-0.55663877
-0.05240864	12.98337396	-0.57195116	-0.05267771	12.98328376	-0.57221300
-0.00538470	13.09167590	-0.51960762	-0.00569691	13.09160416	-0.51986938
-0.08830717	13.08587053	-0.52070495	-0.08861670	13.08577442	-0.52098165
-0.18179805	13.07855163	-0.53680261	-0.18210182	13.07842961	-0.53709633
-0.15913574	13.03754805	-0.57266987	-0.15942169	13.03742881	-0.57295601
-0.14438161	12.98635584	-0.59005764	-0.14465039	12.98623918	-0.59033680
0.98725609	12.29027329	-0.67176744	0.98723735	12.29046246	-0.67169890
0.96680463	12.07129272	-0.68745195	0.96686337	12.07147039	-0.68736544
0.91383716	12.09791134	-0.55224039	0.91383807	12.09805981	-0.55217258
0.92831369	12.30503881	-0.53681313	0.92824915	12.30522394	-0.53676818
0.83556425	12.14758738	-0.43128211	0.83551836	12.14769852	-0.43125108
0.84262713	12.33029541	-0.41170818	0.84252551	12.33047383	-0.41169465
0.97967240	12.38086082	-1.14154584	0.97972430	12.38098838	-1.14149505
0.88466241	12.44114507	-1.21070663	0.88470194	12.44123050	-1.21068027
0.88029931	12.28161302	-1.23533859	0.88039343	12.28169453	-1.23528780
0.97252900	12.18952903	-1.15663779	0.97264436	12.18965327	-1.15656094
0.75730042	12.51709654	-1.23958247	0.75730938	12.51713040	-1.23957948
0.75366114	12.39687629	-1.27087440	0.75371592	12.39690774	-1.27085461
0.86825463	12.17686865	-1.24302244	0.86838268	12.17694573	-1.24295673
0.95385332	12.05488378	-1.15451788	0.95401070	12.05500472	-1.15442546
0.99293711	12.49946496	-0.65746542	0.99285320	12.49967282	-0.65743475
0.93604722	12.51553092	-0.53124867	0.93592304	12.51573799	-0.53124476
0.85141388	12.54432261	-0.40988205	0.85123513	12.54454509	-0.40993857
0.86786538	12.58766250	-1.18410631	0.86785672	12.58774438	-1.18410646
0.96700070	12.54527765	-1.11818589	0.96699922	12.54540397	-1.11816380
0.74256949	12.64494762	-1.20919334	0.74254885	12.64498407	-1.20921830
0.59913104	12.42148969	-0.22681990	0.59897985	12.42163936	-0.22690393
0.59891302	12.63638320	-0.20458291	0.59866435	12.63654105	-0.20469332
0.73175732	12.58762069	-0.29968473	0.73149679	12.58787783	-0.29983914
0.72642702	12.37254380	-0.30919263	0.72629438	12.37272343	-0.30923078
0.46850889	12.70449265	-1.15109988	0.46847997	12.70445384	-1.15113704
0.61183789	12.61488812	-1.21972817	0.61182145	12.61487951	-1.21974972
0.60846055	12.71919101	-1.18653452	0.60842513	12.71919393	-1.18658432
0.47326162	12.78852823	-1.11787840	0.47319484	12.78850118	-1.11796013
0.58647421	12.17516616	-0.30195234	0.58646358	12.17520161	-0.30196272
0.59673763	12.28174447	-0.26305956	0.59666063	12.28185155	-0.26309558
0.72281529	12.21726123	-0.33808195	0.72274790	12.21738207	-0.33809382
0.60066796	12.48672890	-1.25182727	0.60068022	12.48671168	-1.25182661
0.60673140	12.53413896	-1.24363943	0.60673054	12.53412508	-1.24364523
0.46254036	12.64876572	-1.16653112	0.46252649	12.64872541	-1.16654619
-0.00680571	12.71174515	-0.06671730	-0.00709804	12.71170694	-0.06694999
-0.15555080	12.78003339	-0.07401718	-0.15586205	12.77995032	-0.07428560
-0.14584396	12.90286010	-0.07156996	-0.14619103	12.90278064	-0.07184434
-0.00751225	12.86616429	-0.05610096	-0.00785356	12.86612671	-0.05634523
-0.29155062	12.83095596	-0.09857993	-0.29187092	12.83083458	-0.09887695
-0.27310896	12.92608237	-0.10249356	-0.27345494	12.92596625	-0.10279246
0.02561061	12.84572579	-0.62140827	0.02539885	12.84565530	-0.62164345
0.03168565	12.91114606	-0.60885326	0.03144945	12.91107832	-0.60909283
-0.04943348	12.92157588	-0.58124735	-0.04968169	12.92148614	-0.58150374
-0.05760796	12.85677334	-0.58522062	-0.05783642	12.85668148	-0.58547333
-0.14114538	12.92906111	-0.59824710	-0.14139665	12.92894524	-0.59852137
-0.15080452	12.86825886	-0.59706090	-0.15103885	12.86814118	-0.59733305
-0.03565006	12.41596015	-0.12101374	-0.03583534	12.41591054	-0.12122237
-0.17637704	12.63289128	-0.09183342	-0.17664147	12.63280149	-0.09209616
-0.02112575	12.54110554	-0.09063398	-0.02135805	12.54106274	-0.09085369
-0.32782646	12.62548645	-0.13047732	-0.32808624	12.62535452	-0.13076649
-0.31425770	12.71321684	-0.11038701	-0.31454416	12.71308899	-0.11068075
0.01571829	12.77939982	-0.63317463	0.01553138	12.77932491	-0.63340633
-0.07691239	12.79036872	-0.58235222	-0.07712275	12.79027279	-0.58260355
-0.09472601	12.76336798	-0.56227893	-0.09493492	12.76326945	-0.56253207
-0.17478330	12.80574882	-0.58499151	-0.17500378	12.80562707	-0.58526481
-0.38502504	12.99941828	-0.17529736	-0.38537534	12.99927041	-0.17562027
-0.37728831	13.04959873	-0.22108083	-0.37764268	13.04945064	-0.22140527
-0.49485561	12.99248581	-0.23182753	-0.49519099	12.99230971	-0.23216700
-0.47520123	13.03327462	-0.27284519	-0.47553961	13.03310033	-0.27318399
-0.45319144	13.06655728	-0.32313743	-0.45352932	13.06638502	-0.32347453
-0.36746347	13.08666541	-0.28024921	-0.36781662	13.08651600	-0.28057465
-0.26344723	13.03511979	-0.59213804	-0.26372941	13.03497298	-0.59244207
-0.24901503	12.98991555	-0.61708001	-0.24928174	12.98977043	-0.61737808
-0.28374221	13.07153121	-0.55170592	-0.28404043	13.07138280	-0.55201606
-0.37837947	13.06283698	-0.56022851	-0.37867297	13.06266775	-0.56055131
-0.36346721	13.03161157	-0.60508999	-0.36374556	13.03144272	-0.60540811
-0.35380181	12.99328894	-0.63891250	-0.35406742	12.99311962	-0.63922673
-0.25032564	12.94140546	-0.63289119	-0.25057783	12.94125909	-0.63318582
-0.36125222	12.95436479	-0.66366505	-0.36150544	12.95419299	-0.66397794
-0.37597395	12.91703894	-0.67775071	-0.37621869	12.91686389	-0.67806361
-0.26300680	12.89189026	-0.63739752	-0.26324731	12.89174122	-0.63769081
-0.53889869	12.88677711	-0.19116322	-0.53921661	12.88659547	-0.19150288
-0.55873625	12.76475849	-0.19668553	-0.55902739	12.76457543	-0.19701792
-0.63492852	12.80147434	-0.25414952	-0.63522107	12.80127393	-0.25449741
-0.61696800	12.89748817	-0.25338061	-0.61727904	12.89728875	-0.25373330
-0.56665269	12.66004037	-0.21395143	-0.56692165	12.65985620	-0.21427147
-0.64213498	12.71886049	-0.26600866	-0.64241191	12.71866024	-0.26634579
-0.69070190	12.78858178	-0.33611828	-0.69098348	12.78836904	-0.33647550
-0.68449722	12.84089117	-0.33033684	-0.68478724	12.84067761	-0.33069816
-0.66858712	12.90400407	-0.33194815	-0.66888797	12.90379172	-0.33230979
-0.45711928	12.65005094	-0.16616748	-0.45738596	12.64989061	-0.16647430
-0.44609679	12.74627144	-0.14717517	-0.44638783	12.74611230	-0.14749091
-0.42411450	12.86560030	-0.13883453	-0.42443602	12.86544537	-0.13915571
-0.47188591	12.93267698	-0.68861199	-0.47213161	12.93249084	-0.68894175
-0.47878354	12.90566860	-0.69919538	-0.47902376	12.90548151	-0.69952523
-0.38809720	12.88372858	-0.67958353	-0.38833552	12.88355179	-0.67989656
-0.55847305	12.93773317	-0.66857095	-0.55872404	12.93754236	-0.66891985
-0.56321929	12.91101819	-0.68334250	-0.56346490	12.91082803	-0.68369315
-0.39889110	12.86692562	-0.66917509	-0.39912743	12.86674743	-0.66948918
-0.28265420	12.84367823	-0.62954262	-0.28288461	12.84352597	-0.62983601
0.89770280	12.88611231	-0.90261274	0.89756580	12.88626304	-0.90265654
0.79748851	12.95297019	-0.88879992	0.79732885	12.95309933	-0.88887333
0.91401065	12.90071403	-0.81390792	0.91384754	12.90088711	-0.81395077
0.81865973	12.97309397	-0.78432062	0.81846831	12.97324728	-0.78439185
0.70798601	13.02865922	-0.74322812	0.70776522	13.02878914	-0.74332760
0.67848330	13.00419714	-0.87230208	0.67830375	13.00429912	-0.87240396
0.91493891	12.89708689	-0.72201731	0.91475568	12.89727771	-0.72205870
0.83557161	12.96461981	-0.67777970	0.83535405	12.96479675	-0.67784640
0.74075070	13.01714658	-0.61598872	0.74049500	13.01730640	-0.61608418
0.99985970	12.67261207	-0.98544304	0.99980091	12.67277438	-0.98543610
0.96177804	12.79424466	-0.94061564	0.96167531	12.79440515	-0.94063356
1.02278859	12.67333866	-0.87407892	1.02270687	12.67352594	-0.87406563
0.98142249	12.80386394	-0.84383379	0.98129689	12.80404838	-0.84384802
1.01394214	12.67263194	-0.76077789	1.01383468	12.67283735	-0.76076688
0.97533795	12.80363893	-0.74446989	0.97518924	12.80384031	-0.74448547
0.55808236	13.04952855	-0.82739616	0.55787278	13.04960292	-0.82753104
0.59451572	13.07555784	-0.67862703	0.59425582	13.07566532	-0.67876244
0.47036334	13.11410661	-0.59620383	0.47006639	13.11418492	-0.59636772
0.43352597	13.08718870	-0.74811673	0.43327833	13.08723509	-0.74828549
0.63421353	13.06472664	-0.54048520	0.63391838	13.06486285	-0.54061109
0.50881056	13.10534490	-0.45802450	0.50847872	13.10544898	-0.45817983
-0.38690651	13.08037642	-0.50235013	-0.38721500	13.08020870	-0.50267601
-0.47037101	13.06191262	-0.51484098	-0.47067138	13.06173043	-0.51517661
-0.45044908	13.05049138	-0.55719442	-0.45073912	13.05031097	-0.55752644
-0.39896594	13.08651538	-0.43931953	-0.39928684	13.08634870	-0.43964826
-0.49253215	13.06383013	-0.47032665	-0.49284116	13.06364522	-0.47066619
-0.57687356	13.03735660	-0.49935087	-0.57717031	13.03715720	-0.49970142
-0.53926156	13.03935576	-0.53193035	-0.53955289	13.03916226	-0.53227471
-0.50156384	13.03775651	-0.55816726	-0.50184991	13.03756804	-0.55850536
-0.42442400	13.08314034	-0.37910100	-0.42475606	13.08297140	-0.37943424
-0.50632915	13.05965865	-0.41896372	-0.50664664	13.05947262	-0.41930608
-0.52121492	13.04518379	-0.36804976	-0.52153861	13.04499658	-0.36839421
-0.56677321	13.02812927	-0.40030220	-0.56708624	13.02793190	-0.40065174
-0.57868003	13.03318959	-0.44887705	-0.57898591	13.03298996	-0.44922825
-0.02118596	13.13063943	-0.43769269	-0.02152675	13.13057039	-0.43796006
-0.11282256	13.11810001	-0.45015628	-0.11315523	13.11800284	-0.45043996
-0.03061681	13.15221914	-0.34238217	-0.03098373	13.15215525	-0.34265224
-0.13371813	13.13584970	-0.36363849	-0.13407346	13.13575345	-0.36392722
-0.23479215	13.11851125	-0.39464692	-0.23513349	13.11838677	-0.39495239
-0.20876430	13.10497599	-0.47303008	-0.20908696	13.10485243	-0.47333033
-0.03118269	13.15409693	-0.25523156	-0.03156812	13.15403959	-0.25550119
-0.14506024	13.13930911	-0.27983808	-0.14543300	13.13921613	-0.28012878
-0.25459762	13.12085620	-0.31510273	-0.25495521	13.12073257	-0.31541130
0.99176275	11.97611707	-1.05801065	0.99194188	11.97626794	-1.05790673
1.01398740	12.12107213	-1.05633659	1.01411224	12.12122636	-1.05624389
0.99417605	11.93138016	-0.95253597	0.99436153	11.93154345	-0.95243148
1.01987134	12.07805248	-0.94200986	1.01999206	12.07822505	-0.94190990
1.03856584	12.29580822	-0.92687180	1.03860894	12.29598715	-0.92679579
1.02727528	12.33020808	-1.04287831	1.02732894	12.33036556	-1.04281132
0.97535670	11.91496979	-0.83361779	0.97552230	11.91513489	-0.83352009
1.00308986	12.06296082	-0.81856090	1.00318840	12.06314065	-0.81846405
1.02466163	12.28494210	-0.80248131	1.02468017	12.28513286	-0.80240376
1.02243182	12.51606174	-1.01886383	1.02242444	12.51622261	-1.01882672
1.04097201	12.49876516	-0.90365039	1.04094665	12.49894860	-0.90360591
1.02956607	12.49353978	-0.78237730	1.02951599	12.49373914	-0.78233373
-0.64445368	12.93232256	-0.61609133	-0.64471498	12.93212340	-0.61645479
-0.65120855	12.90250698	-0.62800755	-0.65146494	12.90230920	-0.62837399
-0.70220267	12.92206512	-0.53621579	-0.70247650	12.92185553	-0.53658698
-0.71262230	12.88585368	-0.54217453	-0.71289151	12.88564511	-0.54254926
-0.65299303	12.87910339	-0.62939298	-0.65324698	12.87890619	-0.62976117
-0.70376755	12.91241697	-0.43394618	-0.70405419	12.91220026	-0.43431586
-0.71719263	12.86730123	-0.43482422	-0.71747186	12.86708385	-0.43519531
-0.72010328	12.83159437	-0.43651728	-0.72037778	12.83137836	-0.43688888
-0.30001380	13.09356561	-0.48941565	-0.30032855	13.09341816	-0.48973014
-0.31820941	13.10340712	-0.41704379	-0.31854123	13.10326074	-0.41736222
-0.34422140	13.10283737	-0.34652542	-0.34456584	13.10268931	-0.34684775
-0.59691931	12.94989438	-0.26619596	-0.59723903	12.94969698	-0.26654818
-0.51654807	12.95308642	-0.20373972	-0.51687879	12.95290776	-0.20408010
-0.65100291	12.94421053	-0.34124133	-0.65130966	12.94400038	-0.34160186
-0.62787515	12.97381566	-0.35816135	-0.62818476	12.97360867	-0.35851965
-0.57391436	12.98189587	-0.29057858	-0.57423704	12.98170133	-0.29092848
-0.40198443	12.94401693	-0.14817590	-0.40232492	12.94386624	-0.14849844
-0.45884905	12.96369627	-0.67025843	-0.45910255	12.96351160	-0.67058697
-0.44696083	12.99602404	-0.64207654	-0.44722517	12.99584152	-0.64240500
-0.53108374	12.99498724	-0.62487497	-0.53135103	12.99479633	-0.62521747
-0.54700468	12.96655696	-0.65079740	-0.54726288	12.96636560	-0.65114297
-0.66091333	12.97929397	-0.52465182	-0.66119626	12.97908607	-0.52501481
-0.68521863	12.95177759	-0.53091215	-0.68549705	12.95156854	-0.53127978
-0.63070834	12.96064452	-0.60333611	-0.63097498	12.96044481	-0.60369576
-0.60983891	12.98787226	-0.58557455	-0.61011242	12.98767329	-0.58593017
-0.62886971	13.00851737	-0.51579817	-0.62915891	13.00831277	-0.51615619
-0.58255532	13.01431050	-0.55864680	-0.58283775	13.01411321	-0.55899784
-0.51289444	13.02072910	-0.58562294	-0.51317276	13.02053926	-0.58596264
-0.68635274	12.94562880	-0.43658418	-0.68664441	12.94541420	-0.43695076
-0.66201594	12.97374157	-0.44257456	-0.66231108	12.97353018	-0.44293696
-0.59569417	13.00492159	-0.38259078	-0.59600570	13.00471952	-0.38294447
-0.62833483	13.00385828	-0.45170422	-0.62863437	13.00365196	-0.45206225
-0.54623686	13.01649312	-0.32488653	-0.54656173	13.01630237	-0.32523364
-0.44340797	13.02675933	-0.60200692	-0.44368517	13.02657849	-0.60233664
0.17906302	13.12109082	-0.18689563	0.17866908	13.12110301	-0.18711889
0.14940961	13.15957356	-0.27221861	0.14902165	13.15957020	-0.27245039
0.17710666	13.14750651	-0.28692185	0.17672480	13.14751067	-0.28714719
0.21103947	13.10783820	-0.19843557	0.21065147	13.10786001	-0.19865121
0.12903129	13.16645112	-0.36735869	0.12866119	13.16643454	-0.36759641
0.15513973	13.15517576	-0.38426665	0.15477599	13.15516614	-0.38449848
0.18168581	13.13860616	-0.29692611	0.18130843	13.13861109	-0.29715013
0.21542867	13.09943994	-0.20482820	0.21504430	13.09946267	-0.20504236
0.18830685	13.14631853	-0.29799289	0.18792681	13.14632567	-0.29821599
0.22081115	13.10595637	-0.19970284	0.22042341	13.10598145	-0.19991647
0.16919594	13.15328408	-0.40138994	0.16883602	13.15327770	-0.40161898
0.21316813	13.15914248	-0.42730915	0.21281156	13.15914878	-0.42752958
0.23470325	13.15168904	-0.31588157	0.23432427	13.15171078	-0.31609607
0.26667693	13.10933844	-0.21048994	0.26628955	13.10937825	-0.21069391
0.25475484	12.93480856	-0.06655349	0.25439180	12.93485280	-0.06674629
0.21768509	13.05111809	-0.11221117	0.21729636	13.05114774	-0.11242039
0.25385158	13.03837522	-0.12356541	0.25346860	13.03841595	-0.12376577
0.29429322	12.92156368	-0.07963258	0.29393673	12.92161931	-0.07981606
0.26407368	13.03639465	-0.12404162	0.26369089	13.03643884	-0.12423963
0.30548674	12.91968129	-0.08301652	0.30513116	12.91974034	-0.08319727
0.30926982	13.03497346	-0.13135340	0.30888824	13.03503243	-0.13154162
0.34926254	12.91195905	-0.08890690	0.34891015	12.91203240	-0.08907725
0.37505116	12.72305979	-0.09281295	0.37475988	12.72314011	-0.09296536
0.33499178	12.73668356	-0.08843260	0.33469545	12.73675042	-0.08859425
0.39304546	12.52766797	-0.12333228	0.39283030	12.52775504	-0.12346360
0.35548537	12.55168890	-0.11871230	0.35525990	12.55176222	-0.11885277
0.32361555	12.73886954	-0.08371644	0.32331765	12.73893334	-0.08388078
0.34330148	12.55446828	-0.11381440	0.34307341	12.55453796	-0.11395738
0.29763905	12.56820160	-0.09579963	0.29740160	12.56825769	-0.09595373
0.28156642	12.75621294	-0.06775889	0.28125946	12.75626439	-0.06793349
0.26543540	12.78304182	-0.92071913	0.26534212	12.78299530	-0.92086189
0.25529742	12.85333742	-0.89609408	0.25516636	12.85329728	-0.89626389
0.23607269	12.85929520	-0.83706436	0.23592194	12.85926588	-0.83724305
0.24699532	12.79843743	-0.86058391	0.24687437	12.79840329	-0.86074483
0.23976900	12.92548735	-0.84590838	0.23959965	12.92545852	-0.84609818
0.21994670	12.92396298	-0.79022741	0.21976210	12.92393660	-0.79042093
0.22644835	12.91961710	-0.77239372	0.22625990	12.91959538	-0.77258470
0.24786223	12.80431195	-0.83984647	0.24773379	12.80428446	-0.84000892
0.21977258	12.85970961	-0.82267313	0.21961710	12.85967776	-0.82285777
0.22487115	12.80235679	-0.84552816	0.22474645	12.80231962	-0.84570022
0.20890509	12.92347573	-0.78045797	0.20871774	12.92344758	-0.78065396
0.16829528	12.93563365	-0.76591346	0.16809944	12.93559410	-0.76612182
0.17622549	12.86827688	-0.80431553	0.17606203	12.86823381	-0.80451432
0.17835926	12.80463436	-0.82528287	0.17822496	12.80458678	-0.82547204
0.27057724	12.71275998	-0.94548168	0.27052421	12.71269671	-0.94558787
0.25481182	12.73716108	-0.88456957	0.25472438	12.73712048	-0.88470895
0.25651844	12.75286230	-0.86230220	0.25641690	12.75283088	-0.86244937
0.27433008	12.71633838	-0.87532542	0.27424983	12.71630773	-0.87545138
0.23388598	12.74461022	-0.87219477	0.23379135	12.74456896	-0.87235048
0.18509958	12.73696760	-0.85472156	0.18499951	12.73691371	-0.85489703
0.28185915	12.32842496	-0.16329834	0.28172620	12.32846474	-0.16340735
0.29926001	12.42510640	-0.12971309	0.29908735	12.42515639	-0.12983871
0.34707269	12.42346477	-0.14601172	0.34690783	12.42352910	-0.14612460
0.33264856	12.35381823	-0.17843304	0.33251888	12.35386533	-0.17852782
0.35105805	12.43606629	-0.15331654	0.35089012	12.43613083	-0.15343140
0.36081910	12.41649366	-0.15105566	0.36066046	12.41656340	-0.15116429
0.34725226	12.34830913	-0.18478192	0.34714846	12.34835975	-0.18486498
0.39804616	12.38325544	-0.15944245	0.39790843	12.38333951	-0.15953621
0.11835401	13.14112805	-0.47258555	0.11801438	13.14109997	-0.47282530
0.14829401	13.12786197	-0.48658703	0.14796134	13.12784244	-0.48681939
0.12194871	13.08881777	-0.58070204	0.12165049	13.08878210	-0.58093707
0.15725080	13.07356209	-0.59136050	0.15696048	13.07353719	-0.59158628
0.16032305	13.11657478	-0.49330888	0.15999538	13.11655870	-0.49353777
0.16611904	13.12298422	-0.49344647	0.16578916	13.12297004	-0.49367478
0.17632170	13.06689655	-0.58753720	0.17603293	13.06687798	-0.58775826
0.20253077	13.07229459	-0.62684104	0.20225112	13.07228099	-0.62705716
0.20156819	13.12881458	-0.52591578	0.20124396	13.12880937	-0.52613750
0.21860716	13.00164490	-0.74501969	0.21838445	13.00162386	-0.74522437
0.19706266	12.99688369	-0.69694142	0.19682769	12.99686135	-0.69715004
0.18269002	12.99996548	-0.69650215	0.18245360	12.99993872	-0.69671422
0.14436943	13.01471788	-0.68527381	0.14412434	13.01467981	-0.68549648
0.39234275	13.09185098	-0.26400742	0.39196988	13.09192966	-0.26418353
0.42775082	13.01149484	-0.18011248	0.42738435	13.01159187	-0.18027341
0.45647000	12.88085532	-0.13378070	0.45613585	12.88096333	-0.13392579
0.31146371	12.99099188	-0.86349904	0.31127764	12.99098192	-0.86368127
0.33561394	12.91267330	-0.95246904	0.33547464	12.91264723	-0.95262790
0.29314725	13.06057451	-0.75155766	0.29290787	13.06057643	-0.75175297
0.13466576	12.96230502	-0.06140853	0.13429478	12.96231170	-0.06162934
0.11265605	13.06644168	-0.10610926	0.11226329	13.06643859	-0.10634211
0.09102333	13.12985262	-0.17621725	0.09062587	13.12983799	-0.17645925
0.08640182	13.02830104	-0.62608668	0.08613483	13.02824933	-0.62632416
0.06613301	13.09376043	-0.54823544	0.06582579	13.09370894	-0.54848279
0.10574472	12.95616746	-0.68033109	0.10551721	12.95611738	-0.68055717
0.47137840	12.68572450	-0.13368215	0.47110601	12.68583458	-0.13381383
0.48135872	12.47663168	-0.16208010	0.48117523	12.47674711	-0.16218891
0.34499381	12.83161408	-1.00505861	0.34490004	12.83157503	-1.00518088
0.34617864	12.75630196	-1.03389699	0.34612179	12.75624218	-1.03398582
0.48294212	12.33894013	-0.19994371	0.48284316	12.33904142	-0.20000838
0.34525624	12.69619325	-1.05231138	0.34523668	12.69612388	-1.05236332
0.15696277	12.47233405	-0.10656059	0.15676101	12.47234184	-0.10673210
0.16256829	12.62848763	-0.07724134	0.16230532	12.62850078	-0.07743023
0.10801833	12.75506059	-0.74989690	0.10787486	12.75500079	-0.75010312
0.10813111	12.82380997	-0.72632320	0.10795761	12.82375492	-0.72653688
0.15321661	12.80781646	-0.05673252	0.15289223	12.80782889	-0.05693855
0.11016492	12.88934228	-0.70843694	0.10996517	12.88929084	-0.70865557
0.32835608	13.14408803	-0.50241541	0.32802155	13.14412613	-0.50261083
0.30258897	13.11528217	-0.62930812	0.30229735	13.11530089	-0.62950672
0.35870382	13.13609285	-0.37622072	0.35834182	13.13615274	-0.37640801
0.06202901	13.16405977	-0.34845718	0.06165720	13.16402401	-0.34870903
0.05879424	13.14015353	-0.45059150	0.05845177	13.14010825	-0.45084316
0.07346740	13.16135796	-0.25705076	0.07307747	13.16133230	-0.25729909
0.88259638	11.96746517	-0.58437500	0.88267477	11.96759473	-0.58433055
0.81676000	12.01719950	-0.47386000	0.81676000	12.01719950	-0.47386000
0.92320407	11.93986795	-0.71301066	0.92332802	11.94002281	-0.71293383
0.91050104	12.00634293	-0.71789623	0.91059623	12.00649491	-0.71782495
0.87459254	12.05304696	-0.63153879	0.87463964	12.05318652	-0.63148373
0.80592512	12.11532569	-0.52856791	0.80592140	12.11542519	-0.52852822
0.95671197	11.93232997	-0.83718254	0.95687053	11.93248724	-0.83709042
0.97611426	11.94824887	-0.94852129	0.97629139	11.94840506	-0.94842157
0.94386370	12.06620938	-0.93203013	0.94398709	12.06635596	-0.93194466
0.92943018	12.03600595	-0.81439540	0.92953937	12.03615806	-0.81431689
0.97531651	11.99040560	-1.04174759	0.97548739	11.99055129	-1.04164741
0.94055722	12.06489722	-1.12880203	0.94070836	12.06501710	-1.12871235
0.91728203	12.12758538	-1.10652288	0.91741058	12.12769970	-1.10644443
0.94118106	12.10095180	-1.02992542	0.94130891	12.10108498	-1.02984233
0.85966578	12.18268553	-1.22014469	0.85978959	12.18276324	-1.22008075
0.74283574	12.33324248	-1.27102405	0.74291572	12.33327002	-1.27099605
0.74675265	12.36165241	-1.19932772	0.74681445	12.36169306	-1.19930392
0.85770682	12.22868013	-1.15754984	0.85780887	12.22876675	-1.15749389
0.60115818	12.48285095	-1.23770395	0.60117202	12.48283583	-1.23770302
0.47102389	12.61335996	-1.15273980	0.47102023	12.61332819	-1.15274525
0.49420000	12.61570000	-1.07906000	0.49420000	12.61570000	-1.07906000
0.61447000	12.50220000	-1.16283000	0.61447000	12.50220000	-1.16283000
0.38294560	12.64690635	-1.04989437	0.38294499	12.64686316	-1.04991167
0.33201998	12.64725508	-0.95721726	0.33200986	12.64720939	-0.95725488
0.37140000	12.64100070	-0.89641000	0.37140000	12.64100070	-0.89641000
0.41679000	12.64250090	-0.98287004	0.41679000	12.64250090	-0.98287004
0.31365389	12.67916505	-0.89821163	0.31360376	12.67913520	-0.89829565
0.30941089	12.70681077	-0.87097955	0.30933460	12.70679370	-0.87108613
0.33757942	12.69486922	-0.81376987	0.33748577	12.69487856	-0.81387497
0.34688237	12.66969331	-0.84117016	0.34680954	12.66969982	-0.84124976
0.30041386	12.69408405	-0.87490827	0.30034472	12.69406249	-0.87501819
0.25718154	12.68401075	-0.84568180	0.25709799	12.68398100	-0.84582074
0.29732367	12.68133395	-0.77617444	0.29721616	12.68133121	-0.77630357
0.33643188	12.68346777	-0.81243627	0.33634215	12.68347662	-0.81254226
0.15051325	12.71957959	-0.71778777	0.15037143	12.71953723	-0.71797786
0.01832646	12.77327953	-0.57740336	0.01812539	12.77321153	-0.57763396
0.02238492	12.81104101	-0.50053371	0.02215427	12.81097959	-0.50076661
0.17438012	12.73482947	-0.64246235	0.17420965	12.73480364	-0.64264975
-0.09841264	12.81607984	-0.51466306	-0.09864594	12.81598269	-0.51492165
-0.20596324	12.84783877	-0.51856343	-0.20620845	12.84771205	-0.51884548
-0.20945406	12.91637459	-0.45827561	-0.20972995	12.91625071	-0.45856241
-0.10058418	12.87561747	-0.44455949	-0.10084923	12.87552430	-0.44482318
-0.31119117	12.86808071	-0.57834002	-0.31143691	12.86792490	-0.57864020
-0.40986312	12.87904018	-0.64598804	-0.41010649	12.87886144	-0.64630491
-0.42653123	12.90677187	-0.59423621	-0.42678895	12.90659261	-0.59455828
-0.32074285	12.92121072	-0.52335690	-0.32101052	12.92105565	-0.52366255
-0.49798173	12.88227476	-0.67399214	-0.49822494	12.88208717	-0.67432623
-0.57768358	12.87872485	-0.66216241	-0.57793117	12.87853418	-0.66251743
-0.57689025	12.88115669	-0.62678820	-0.57714373	12.88096407	-0.62714193
-0.52031271	12.88999419	-0.62575059	-0.52056562	12.88980540	-0.62609040
-0.65177953	12.87032196	-0.61055624	-0.65203572	12.87012371	-0.61092426
-0.70097511	12.85396733	-0.53101394	-0.70124337	12.85375997	-0.53138891
-0.66390000	12.87020693	-0.50278998	-0.66417208	12.86999951	-0.50315630
-0.62654243	12.87956700	-0.57960578	-0.62680418	12.87936777	-0.57996788
-0.70592013	12.82670557	-0.43583364	-0.70619400	12.82649100	-0.43620269
-0.67899305	12.77988174	-0.34606938	-0.67927191	12.77967004	-0.34642373
-0.65739628	12.78648824	-0.35899976	-0.65767392	12.78627862	-0.35935171
-0.66970084	12.83304381	-0.41924278	-0.66997720	12.83283233	-0.41960476
-0.63219121	12.70555497	-0.28288544	-0.63246426	12.70535461	-0.28321913
-0.55858728	12.64513412	-0.23426780	-0.55885240	12.64494911	-0.23458420
-0.54108925	12.70442620	-0.26561370	-0.54136133	12.70424105	-0.26593626
-0.61722398	12.74774171	-0.31542704	-0.61750000	12.74754038	-0.31576593
-0.45160689	12.64044357	-0.18701474	-0.45186954	12.64028282	-0.18731949
-0.32448612	12.62007465	-0.15114310	-0.32474044	12.61994195	-0.15143085
-0.30676119	12.67377498	-0.18004150	-0.30702556	12.67364447	-0.18033025
-0.43282536	12.69793901	-0.21693904	-0.43309625	12.69777826	-0.21724811
-0.18760972	12.51603428	-0.13765148	-0.18782740	12.51593717	-0.13790524
-0.03873283	12.40063058	-0.14477728	-0.03890723	12.40057668	-0.14498416
-0.03639133	12.47030142	-0.17593298	-0.03658101	12.47024461	-0.17614765
-0.17612334	12.57872982	-0.16654546	-0.17635554	12.57863369	-0.16680237
0.12259205	12.34062493	-0.16492547	0.12244717	12.34061604	-0.16508086
0.25114535	12.32234664	-0.19001784	0.25102019	12.32237257	-0.19013375
0.23059241	12.38194118	-0.24219511	0.23046091	12.38195011	-0.24232934
0.11282795	12.40786060	-0.20641441	0.11267228	12.40784247	-0.20658424
0.30113190	12.35662098	-0.21125368	0.30100796	12.35665191	-0.21135934
0.28637618	12.44033024	-0.28082472	0.28623306	12.44034667	-0.28095276
0.27834233	12.41253693	-0.26689713	0.27820755	12.41255296	-0.26702235
0.31286183	12.34673180	-0.22371535	0.31276817	12.34674603	-0.22380284
0.34620000	12.27620000	-0.23202000	0.34620000	12.27620000	-0.23202000
0.31882156	12.33335174	-0.29136580	0.31874269	12.33334791	-0.29143600
0.28563984	12.39861709	-0.28179406	0.28551841	12.39862184	-0.28190544
0.44425997	12.21770000	-0.27141000	0.44425997	12.21770000	-0.27141000
0.57587000	12.16340070	-0.32883000	0.57587000	12.16340070	-0.32883000
0.56907676	12.24353661	-0.38324681	0.56902710	12.24359156	-0.38326536
0.42716728	12.28643707	-0.32840690	0.42710987	12.28646082	-0.32845035
0.70622003	12.08180000	-0.39380000	0.70622003	12.08180000	-0.39380000
0.69966460	12.18212588	-0.44769566	0.69963111	12.18221619	-0.44769078
0.76346832	12.39425372	-1.04853494	0.76350417	12.39432951	-1.04851918
0.86599020	12.24576276	-1.04712187	0.86607167	12.24586923	-1.04706939
0.78268998	12.37804628	-0.86042393	0.78269734	12.37815370	-0.86040736
0.87502530	12.22458707	-0.90663818	0.87508802	12.22471598	-0.90658546
0.79522910	12.26370815	-0.67259984	0.79522057	12.26383209	-0.67257376
0.87479907	12.15094251	-0.75441291	0.87485159	12.15108628	-0.75435769
0.53309777	12.60875466	-0.90348591	0.53306198	12.60880124	-0.90352885
0.64681845	12.52286693	-0.99093230	0.64681625	12.52292044	-0.99094656
0.56395286	12.53948300	-0.69235843	0.56386364	12.53955271	-0.69242847
0.67728205	12.47967838	-0.78177433	0.67723905	12.47976903	-0.78179980
0.56982331	12.38734357	-0.51176180	0.56973780	12.38741059	-0.51180994
0.69180362	12.34127382	-0.58958360	0.69174900	12.34137462	-0.58959850
-0.22025330	12.91152986	-0.37345485	-0.22054363	12.91140919	-0.37374356
-0.11425061	12.86867247	-0.35774699	-0.11453153	12.86858180	-0.35801276
-0.24161867	12.85357089	-0.28689767	-0.24190968	12.85345012	-0.28718667
-0.13480343	12.80420597	-0.27355509	-0.13508188	12.80411462	-0.27382092
-0.01742727	12.73703557	-0.30902904	-0.01767627	12.73697498	-0.30926510
0.00561741	12.80318070	-0.40467004	0.00536833	12.80311988	-0.40490619
-0.27508597	12.76307825	-0.22404325	-0.27536555	12.76295253	-0.22433287
-0.15722583	12.69072145	-0.21125356	-0.15748329	12.69062780	-0.21151577
-0.03025824	12.60486168	-0.23213506	-0.03048089	12.60480147	-0.23236263
-0.55630344	12.91013603	-0.54457716	-0.55657380	12.90994171	-0.54492436
-0.59027639	12.90367858	-0.45283335	-0.59055935	12.90347743	-0.45318480
-0.48802077	12.92418019	-0.39169925	-0.48831493	12.92399701	-0.39203354
-0.45488596	12.93712820	-0.49728873	-0.45516538	12.93694761	-0.49761776
-0.60651125	12.83151448	-0.37372757	-0.60679321	12.83131157	-0.37407641
-0.51743272	12.82201084	-0.31531003	-0.51771957	12.82182593	-0.31564240
-0.33875759	12.93607082	-0.42958169	-0.33904509	12.93591774	-0.42989189
-0.36547544	12.90061745	-0.33092054	-0.36577185	12.90046386	-0.33123382
-0.40076446	12.80293858	-0.26221539	-0.40105095	12.80278130	-0.26252858
0.29199768	12.63979204	-0.65247281	0.29186139	12.63979849	-0.65261900
0.33381360	12.63653448	-0.67587239	0.33368734	12.63655267	-0.67600461
0.26559397	12.57276062	-0.50265485	0.26543541	12.57276624	-0.50281217
0.31198047	12.57191619	-0.51259340	0.31182434	12.57193528	-0.51274137
0.31604451	12.58993102	-0.49702770	0.31587932	12.58995146	-0.49717479
0.33475388	12.65084754	-0.66748500	0.33461991	12.65086627	-0.66761700
0.34201578	12.63331678	-0.69006069	0.34189343	12.63333433	-0.69018745
0.31852536	12.57570055	-0.51183676	0.31836927	12.57571874	-0.51198092
0.35098746	12.55600396	-0.55242133	0.35084742	12.55602783	-0.55255568
0.37156757	12.61469120	-0.74042863	0.37146946	12.61471020	-0.74053822
0.32617434	12.44111314	-0.39998678	0.32605200	12.44112338	-0.40009976
0.29365443	12.48796034	-0.37684713	0.29350770	12.48797055	-0.37698093
0.28789332	12.49210227	-0.37198563	0.28774228	12.49211575	-0.37212483
0.24044893	12.47774122	-0.35577327	0.24030209	12.47774061	-0.35591887
0.44435187	12.55473470	-0.61422156	0.44423035	12.55478385	-0.61433167
0.43812344	12.62218588	-0.81564803	0.43806016	12.62221489	-0.81571706
0.43289663	12.41283762	-0.44691690	0.43279011	12.41287638	-0.44700310
0.13618411	12.64045499	-0.41085381	0.13598941	12.64043058	-0.41104632
0.16243204	12.71093413	-0.53327553	0.16224121	12.71091288	-0.53346535
0.11787411	12.52329344	-0.29499914	0.11769592	12.52326906	-0.29518373
0.16148348	13.14567280	-0.39649164	0.16112513	13.14566422	-0.39672163
0.25724792	13.03207614	-0.13068963	0.25686830	13.03211773	-0.13088888
0.29675448	12.91816001	-0.08899913	0.29640087	12.91821577	-0.08918174
0.32614316	12.73816504	-0.09419503	0.32584771	12.73822856	-0.09435875
0.34651017	12.55876428	-0.12369005	0.34628264	12.55883364	-0.12383292
0.24007359	12.85855859	-0.81617254	0.23991694	12.85853471	-0.81635054
0.33801297	12.37590921	-0.18577205	0.33788196	12.37595643	-0.18587052
0.17454272	13.06169197	-0.59031023	0.17425633	13.06167264	-0.59053103
0.20053522	12.99170314	-0.69026911	0.20030009	12.99168282	-0.69047607
0.89689570	11.96219792	-0.57091482	0.89697319	11.96233248	-0.57086720
0.82716280	12.01976697	-0.45667645	0.82715589	12.01977328	-0.45667686
0.94063347	11.92560841	-0.70437709	0.94076190	11.92577063	-0.70429576
0.74630477	12.33183095	-1.28652401	0.74638699	12.33185742	-1.28649545
0.46136740	12.61908612	-1.16639280	0.46136115	12.61904766	-1.16640035
0.35361225	12.65743845	-1.05859064	0.35360719	12.65737577	-1.05862204
0.28730832	12.66130261	-0.96072642	0.28728826	12.66123726	-0.96079199
0.27272067	12.69167880	-0.89996729	0.27266052	12.69163349	-0.90007516
0.25607183	12.70313363	-0.88713056	0.25600423	12.70309738	-0.88726891
0.20771566	12.68897969	-0.86920854	0.20763845	12.68893013	-0.86936813
0.11902617	12.71095894	-0.75500277	0.11890026	12.71090020	-0.75519950
0.01049477	12.74441257	-0.62492296	0.01031690	12.74433731	-0.62515211
-0.19814155	12.78463058	-0.55947388	-0.19836181	12.78450443	-0.55975131
-0.30135632	12.82596933	-0.60946781	-0.30158563	12.82581414	-0.60976339
-0.48542899	12.88736960	-0.69624722	-0.48566772	12.88718214	-0.69657778
-0.56761291	12.89011423	-0.68467957	-0.56785709	12.88992435	-0.68503218
-0.71328574	12.85825294	-0.54251559	-0.71355328	12.85804604	-0.54289267
-0.18976170	12.52574995	-0.11561018	-0.18998732	12.52565432	-0.11586562
0.14029987	12.35637628	-0.14024628	0.14014403	12.35637652	-0.14040050
0.30862809	12.38438461	-0.22382192	0.30850182	12.38441257	-0.22392935
0.38304153	12.29445010	-0.19557540	0.38300884	12.29450015	-0.19560515
0.46904288	12.23776781	-0.23916014	0.46901794	12.23781281	-0.23918656
0.71407387	12.09203096	-0.37187208	0.71406787	12.09205318	-0.37187746
0.29448253	12.51521261	-0.37008847	0.29432296	12.51522827	-0.37022875
0.58277489	12.77912531	-0.54246603	0.58256981	12.77924550	-0.54257285
0.30351716	12.99001741	-0.53171366	0.30323993	12.99004489	-0.53189764
0.03223574	12.99554580	-0.26426051	0.03189810	12.99550554	-0.26450593
0.10057360	13.07818188	-0.30937179	0.10021936	13.07816019	-0.30960911
0.31796283	12.86957375	-0.29575053	0.31766957	12.86962291	-0.29592330
0.02919781	12.96804467	-0.42272098	0.02890190	12.96799101	-0.42296525
0.12250672	13.04599895	-0.41884948	0.12218512	13.04597598	-0.41908011
0.36580520	12.82422204	-0.69479155	0.36562646	12.82425661	-0.69493542
0.15677175	13.02976634	-0.18081071	0.15640477	13.02977150	-0.18103203
0.21966464	12.81530988	-0.79522728	0.21951568	12.81528127	-0.79540530
0.32878792	12.75910691	-0.53246260	0.32858021	12.75913988	-0.53261880
0.32800432	12.88718433	-0.84289957	0.32784779	12.88718637	-0.84305822
0.39344664	12.43692253	-0.24645932	0.39329781	12.43697939	-0.24656762
0.24411198	13.04754074	-0.44803355	0.24379614	13.04755557	-0.44823792
0.47580470	12.68574270	-0.66858137	0.47566621	12.68580633	-0.66868387
0.69765138	12.75056281	-0.77321071	0.69753089	12.75068070	-0.77326995
0.32624024	12.94096236	-0.20149845	0.32590296	12.94102139	-0.20167578
-0.42847451	12.91039544	-0.24564450	-0.42878876	12.91023258	-0.24596920
0.15247365	13.08223636	-0.25015721	0.15210483	13.08223528	-0.25038334
0.32288753	12.94705524	-0.68930188	0.32266813	12.94707571	-0.68947248
-0.51553254	12.90995109	-0.28585442	-0.51584083	12.90976766	-0.28619219
0.22764008	13.03234801	-0.32978401	0.22730313	13.03236570	-0.32999074
0.28938493	12.46033852	-0.20219926	0.28921602	12.46037069	-0.20233269
0.11842993	13.09941790	-0.37143977	0.11808189	13.09939719	-0.37167522
0.20946976	13.07799739	-0.49028622	0.20915382	13.07799773	-0.49050109
0.25380437	12.61350013	-0.24631157	0.25358224	12.61352269	-0.24647806
0.16710505	12.93806010	-0.51013158	0.16683751	12.93804466	-0.51034322
0.27698354	12.89135874	-0.83292767	0.27682216	12.89134467	-0.83310044
0.28382057	12.84064262	-0.83605281	0.28367747	12.84062982	-0.83621273
0.23043119	13.02263270	-0.54604059	0.23014656	13.02263543	-0.54624535
0.37515834	12.80055455	-0.19929463	0.37486495	12.80062843	-0.19945151
0.49694924	12.59335747	-0.43427420	0.49675745	12.59345123	-0.43440053
0.30513092	12.76093006	-0.88840941	0.30503751	12.76091069	-0.88853178
0.16059689	12.96515164	-0.64538178	0.16035747	12.96512294	-0.64559572
0.39059579	12.37668331	-0.22316964	0.39047511	12.37674012	-0.22325757
0.35733446	12.48463745	-0.31360753	0.35717566	12.48467791	-0.31373249
0.19416256	12.86936000	-0.18822640	0.19384644	12.86937588	-0.18842798
0.38924926	12.73040834	-0.91044619	0.38917852	12.73041575	-0.91052304
0.29661810	12.79329699	-0.84998100	0.29649780	12.79328510	-0.85012186
0.14475837	13.11458624	-0.28247766	0.14438639	13.11458059	-0.28270775
0.41388265	12.60784713	-0.24871608	0.41365758	12.60792336	-0.24885363
0.21475954	12.86037530	-0.77199873	0.21458883	12.86034941	-0.77218553
0.42752560	12.71377503	-0.82773278	0.42743494	12.71381169	-0.82781898
0.82679213	12.74633328	-0.86837066	0.82669149	12.74646912	-0.86840626
0.56566742	12.79204522	-0.92796688	0.56557755	12.79210847	-0.92804821
0.34017427	12.68718209	-0.20037114	0.33991711	12.68724054	-0.20052783
0.25025092	12.76392221	-0.18286293	0.24996670	12.76395420	-0.18304421
