0.83278252	12.74390267	-0.40965995	0.83126051	12.74461775	-0.40900184
0.79805558	12.88117961	-0.43613542	0.79608125	12.88181118	-0.43541206
0.87747176	12.84399507	-0.53433567	0.87579530	12.84489099	-0.53353563
0.91481238	12.71181906	-0.52158886	0.91355990	12.71280123	-0.52083903
0.75232055	12.97106731	-0.49512272	0.75011318	12.97158608	-0.49438333
0.83596957	12.92916216	-0.57617640	0.83407013	12.92996366	-0.57536476
0.88806082	12.88889735	-0.63682235	0.88640522	12.88987452	-0.63598152
0.92922268	12.82035077	-0.63181759	0.92778451	12.82143706	-0.63097554
0.96818179	12.69228858	-0.63430012	0.96713323	12.69345880	-0.63349483
0.70942111	12.77579227	-1.15621531	0.70889368	12.77638060	-1.15578091
0.83244852	12.72954698	-1.13311934	0.83197171	12.73047336	-1.13253985
0.79622725	12.83463570	-1.06299147	0.79538445	12.83546963	-1.06237729
0.67331764	12.87709783	-1.08085639	0.67242446	12.87762740	-1.08038447
0.93365662	12.69920319	-1.06902512	0.93316547	12.70041543	-1.06831329
0.89564954	12.80863671	-1.00920713	0.89478328	12.80972997	-1.00846678
0.85281168	12.87538353	-0.95799180	0.85169276	12.87635591	-0.95725135
0.77308449	12.91388107	-0.97372910	0.77189816	12.91466582	-0.97306651
0.64988080	12.95595523	-0.97993271	0.64859942	12.95642980	-0.97939529
0.57035278	12.82681730	-0.19817389	0.56815686	12.82660183	-0.19778518
0.54562147	12.96305784	-0.24293883	0.54292737	12.96274829	-0.24247737
0.68379355	12.92342956	-0.33593662	0.68146200	12.92365888	-0.33532905
0.71158971	12.78478652	-0.29802195	0.70974468	12.78509369	-0.29748812
0.51179942	13.04929699	-0.32551829	0.50888058	13.04889959	-0.32501986
0.64425064	13.01316778	-0.41009138	0.64168536	13.01329037	-0.40945513
0.45484546	12.88283038	-1.05664526	0.45393836	12.88278794	-1.05645088
0.58399086	12.83276984	-1.12905262	0.58331257	12.83305621	-1.12874449
0.54848075	12.92414043	-1.05502925	0.54742903	12.92435148	-1.05467126
0.42127253	12.96337307	-0.98012649	0.41995262	12.96318375	-0.97987841
0.52312599	12.99687424	-0.95145838	0.52164841	12.99696515	-0.95103356
0.39518506	13.03030225	-0.87562951	0.39342328	13.02993521	-0.87533385
-0.05353058	12.93656983	-0.05694888	-0.05668504	12.93332621	-0.05734805
-0.18157549	12.94362845	-0.08233870	-0.18473208	12.93981214	-0.08300269
-0.18692504	13.01886975	-0.12547930	-0.19038676	13.01506188	-0.12607672
-0.06552391	13.02415997	-0.09577303	-0.06910535	13.02085830	-0.09606714
-0.29913460	12.94144032	-0.12113562	-0.30221569	12.93706997	-0.12202689
-0.30212003	13.00497964	-0.16673317	-0.30544229	13.00063170	-0.16757440
-0.30382889	13.04928359	-0.23026082	-0.30726101	13.04498115	-0.23106636
-0.18977744	13.06878655	-0.18945549	-0.19336658	13.06502776	-0.19000530
-0.07123778	13.08217237	-0.15945361	-0.07496829	13.07894302	-0.15969534
0.00417461	12.94945170	-0.58312177	0.00199993	12.94716094	-0.58345074
-0.01458827	13.00998437	-0.55498666	-0.01710971	13.00755568	-0.55526569
-0.09568714	13.00810581	-0.54534804	-0.09826528	13.00524253	-0.54578703
-0.07845330	12.95329731	-0.56334062	-0.08071614	12.95055346	-0.56380761
-0.03768278	13.06102804	-0.50531656	-0.04055847	13.05840435	-0.50557544
-0.12019163	13.05172399	-0.50790734	-0.12306544	13.04868508	-0.50834312
-0.21272196	13.04119356	-0.52617824	-0.21554743	13.03765257	-0.52679644
-0.18752360	13.00293500	-0.56355194	-0.19007637	12.99957525	-0.56415748
-0.17011175	12.95324468	-0.58307100	-0.17236212	12.95000930	-0.58369371
0.98878392	12.30269158	-0.66471353	0.98886275	12.30383306	-0.66407911
0.97440507	12.08261147	-0.68336630	0.97502410	12.08367331	-0.68289329
0.91730991	12.10443293	-0.54913169	0.91754962	12.10511626	-0.54876656
0.92786875	12.31308533	-0.53102176	0.92773842	12.31392788	-0.53051204
0.83695687	12.14955918	-0.42916729	0.83697467	12.14987656	-0.42894055
0.84101912	12.33413550	-0.40688850	0.84074883	12.33469033	-0.40649523
0.98543567	12.39952325	-1.13327441	0.98591027	12.40094572	-1.13262187
0.88920814	12.45677902	-1.20346758	0.88957600	12.45791246	-1.20293631
0.89180390	12.29748860	-1.22982121	0.89274461	12.29865946	-1.22934565
0.98581391	12.20805568	-1.15050164	0.98692622	12.20950333	-1.14993193
0.75833336	12.52633011	-1.23426770	0.75842062	12.52694401	-1.23391355
0.76134566	12.40689017	-1.26680682	0.76195460	12.40756978	-1.26648435
0.88385041	12.19250628	-1.23891127	0.88515260	12.19366618	-1.23849881
0.97157641	12.07278289	-1.15044630	0.97310266	12.07419876	-1.14998548
0.98749842	12.51239836	-0.64782465	0.98699586	12.51358739	-0.64709838
0.92897484	12.52493409	-0.52216983	0.92829421	12.52589906	-0.52151932
0.84285838	12.54930942	-0.40118166	0.84199375	12.55001166	-0.40063923
0.86603111	12.60184259	-1.17571644	0.86591167	12.60284578	-1.17517193
0.96607622	12.56315315	-1.10829430	0.96602318	12.56448883	-1.10760205
0.73935030	12.65407685	-1.20195559	0.73913739	12.65466653	-1.20154609
0.59487174	12.41686125	-0.22288251	0.59433974	12.41685434	-0.22271013
0.58435220	12.62908972	-0.19720716	0.58294805	12.62897068	-0.19694594
0.72132675	12.58628453	-0.29093017	0.72023029	12.58661316	-0.29052368
0.72369933	12.37191064	-0.30504322	0.72330336	12.37217503	-0.30478076
0.46574650	12.70653372	-1.14845321	0.46553850	12.70655153	-1.14838889
0.61096884	12.61784453	-1.21678354	0.61089939	12.61799442	-1.21664084
0.60454303	12.72417509	-1.18139665	0.60425747	12.72444966	-1.18118300
0.46658535	12.79044374	-1.11263925	0.46606482	12.79045435	-1.11252576
0.58666263	12.17411565	-0.30144579	0.58665403	12.17410628	-0.30142379
0.59685788	12.27899735	-0.26107726	0.59673497	12.27902058	-0.26096726
0.72355112	12.21670118	-0.33612297	0.72348780	12.21686738	-0.33597357
0.60359136	12.48865511	-1.25212827	0.60381725	12.48873570	-1.25214169
0.60801629	12.53662832	-1.24301887	0.60811148	12.53674588	-1.24299054
0.46157156	12.65028762	-1.16511760	0.46149908	12.65028190	-1.16507642
-0.02902048	12.66414735	-0.06796002	-0.03081606	12.66116791	-0.06859970
-0.18164505	12.72326478	-0.07655692	-0.18370550	12.71949718	-0.07741488
-0.17853029	12.84522567	-0.06854691	-0.18121754	12.84143267	-0.06929882
-0.03809798	12.81606976	-0.05161088	-0.04064529	12.81297768	-0.05213267
-0.31980024	12.76783314	-0.10238355	-0.32203127	12.76335589	-0.10346241
-0.30613283	12.86366564	-0.10133802	-0.30885459	12.85924826	-0.10231178
0.00713098	12.82087783	-0.61735818	0.00561079	12.81866560	-0.61784343
0.00985190	12.88617973	-0.60227203	0.00801161	12.88394984	-0.60267054
-0.07231541	12.89211188	-0.57544522	-0.07424683	12.88942312	-0.57597265
-0.07728988	12.82725721	-0.58225102	-0.07889107	12.82455401	-0.58285475
-0.16407157	12.89660705	-0.59384207	-0.16600595	12.89341692	-0.59451039
-0.17095292	12.83546053	-0.59565702	-0.17255733	12.83223147	-0.59639313
-0.03981568	12.37054699	-0.13190688	-0.04014340	12.36759130	-0.13278559
-0.19401028	12.57696244	-0.10054555	-0.19531133	12.57317061	-0.10154152
-0.03342983	12.49525291	-0.09748108	-0.03439458	12.49230360	-0.09825213
-0.34442148	12.56294541	-0.14405826	-0.34551487	12.55837429	-0.14534473
-0.33611553	12.65006472	-0.12004455	-0.33770482	12.64552275	-0.12124356
0.00055942	12.75448732	-0.63154513	-0.00063231	12.75226390	-0.63212855
-0.09360905	12.76007404	-0.58250828	-0.09486530	12.75727087	-0.58320774
-0.11069281	12.73158835	-0.56394074	-0.11181030	12.72866313	-0.56468797
-0.19236038	12.77151220	-0.58695274	-0.19362756	12.76814920	-0.58777539
-0.41967440	12.93526278	-0.17321947	-0.42263501	12.93028961	-0.17434457
-0.41333905	12.98804302	-0.21630035	-0.41649618	12.98313455	-0.21737067
-0.52742599	12.92625297	-0.23220797	-0.53024508	12.92072661	-0.23355298
-0.50892224	12.96996599	-0.27075046	-0.51190216	12.96457347	-0.27202161
-0.48748574	13.00672138	-0.31885548	-0.49056741	13.00148416	-0.32005412
-0.40399010	13.02841719	-0.27340434	-0.40724940	13.02360554	-0.27441786
-0.29117140	12.99715908	-0.58508857	-0.29367997	12.99322191	-0.58590355
-0.27428607	12.95388854	-0.61190476	-0.27650690	12.95006729	-0.61272052
-0.31385823	13.03062046	-0.54335536	-0.31662543	13.02652312	-0.54418635
-0.40779073	13.01853632	-0.55412441	-0.41048788	13.01389760	-0.55515488
-0.39062677	12.99035907	-0.60017698	-0.39308379	12.98584345	-0.60119166
-0.37867996	12.95429675	-0.63571911	-0.38087233	12.94986213	-0.63672822
-0.27315002	12.90620831	-0.63009297	-0.27507514	12.90240603	-0.63094169
-0.38400752	12.91648902	-0.66258625	-0.38593517	12.91203003	-0.66362020
-0.39691276	12.87947900	-0.67891732	-0.39860061	12.87493965	-0.67998349
-0.28356203	12.85655696	-0.63732440	-0.28519945	12.85269181	-0.63821824
-0.56733576	12.81680804	-0.19773223	-0.56962491	12.81102125	-0.19925350
-0.58136582	12.69454009	-0.20965429	-0.58294667	12.68866893	-0.21131172
-0.65813685	12.73093623	-0.26676251	-0.65979039	12.72464350	-0.26855479
-0.64453582	12.82748434	-0.26079238	-0.64675727	12.82128173	-0.26246448
-0.58419145	12.59070454	-0.23198616	-0.58512009	12.58482200	-0.23375418
-0.66146677	12.64883092	-0.28292252	-0.66259025	12.64251789	-0.28480702
-0.71190527	12.72021266	-0.35037996	-0.71329659	12.71363663	-0.35229796
-0.70809015	12.77234900	-0.34177626	-0.70981772	12.76580267	-0.34362989
-0.69490832	12.83608679	-0.33979060	-0.69701571	12.82963190	-0.34155928
-0.47484332	12.58300613	-0.18219800	-0.47588958	12.57772396	-0.18373734
-0.46887563	12.67853854	-0.15860503	-0.47050157	12.67328393	-0.16004216
-0.45287176	12.79823782	-0.14407976	-0.45517353	12.79306129	-0.14538499
-0.49330238	12.89212651	-0.69094467	-0.49502834	12.88700267	-0.69219099
-0.49893365	12.86552501	-0.70310331	-0.50048392	12.86036165	-0.70436099
-0.40762952	12.84589495	-0.68275318	-0.40911551	12.84128757	-0.68384482
-0.58045179	12.89287567	-0.67232807	-0.58221096	12.88723937	-0.67376111
-0.58387931	12.86690279	-0.68862154	-0.58545673	12.86124363	-0.69006560
-0.41792589	12.82818105	-0.67347164	-0.41932408	12.82350685	-0.67458339
-0.30127035	12.80730734	-0.63227675	-0.30263816	12.80332905	-0.63322779
0.88123156	12.89917346	-0.88833048	0.87992710	12.90020765	-0.88752129
0.77858459	12.96265230	-0.87429879	0.77707671	12.96341805	-0.87356117
0.89565133	12.91321047	-0.79902986	0.89415890	12.91425667	-0.79818387
0.79727159	12.98224257	-0.76897554	0.79552659	12.98302344	-0.76818205
0.68336468	13.03308491	-0.72759720	0.68133122	13.03350232	-0.72689947
0.65742680	13.00958744	-0.85789269	0.65573459	13.01001145	-0.85725702
0.89554656	12.90861295	-0.70708305	0.89394102	12.90963540	-0.70622636
0.81277891	12.97279063	-0.66227405	0.81087462	12.97356416	-0.66146424
0.71475957	13.02090126	-0.60007234	0.71256205	13.02134981	-0.59933981
0.99224038	12.69022472	-0.97310976	0.99165047	12.69159397	-0.97229326
0.94919669	12.81002729	-0.92716731	0.94821100	12.81125999	-0.92633902
1.01371537	12.69042466	-0.86145917	1.01298419	12.69181171	-0.86060437
0.96711535	12.81916805	-0.82988091	0.96596130	12.82042120	-0.82901007
1.00345106	12.68784918	-0.74829398	1.00257165	12.68915922	-0.74744827
0.95973288	12.81746750	-0.73054311	0.95844006	12.81866729	-0.72967668
0.53437431	13.04992255	-0.81301652	0.53243580	13.04994637	-0.81249950
0.56676514	13.07471501	-0.66264631	0.56444647	13.07472996	-0.66204906
0.43891940	13.10643107	-0.57977111	0.43625656	13.10592733	-0.57931206
0.40645725	13.08138030	-0.73341276	0.40420415	13.08089749	-0.73302859
0.60437172	13.06288457	-0.52404123	0.60182629	13.06293038	-0.52340823
0.47516471	13.09648094	-0.44106677	0.47226813	13.09601572	-0.44057314
-0.41826088	13.03265180	-0.49565816	-0.42114108	13.02792503	-0.49669973
-0.50047418	13.01164006	-0.51063042	-0.50322417	13.00643175	-0.51185522
-0.47925571	13.00329380	-0.55311237	-0.48187987	12.99823037	-0.55429945
-0.43182767	13.03498180	-0.43270720	-0.43483908	13.03013868	-0.43377314
-0.52353973	13.01026034	-0.46650742	-0.52636828	13.00489588	-0.46778138
-0.60601186	12.98212383	-0.49833944	-0.60863492	12.97629292	-0.49980519
-0.56793878	12.98737356	-0.53008334	-0.57052467	12.98178026	-0.53146472
-0.52972331	12.98866102	-0.55567461	-0.53226487	12.98330376	-0.55697572
-0.45838733	13.02739674	-0.37329811	-0.46147115	13.02236351	-0.37442265
-0.53812372	13.00276804	-0.41571359	-0.54101186	12.99729428	-0.41702416
-0.55338691	12.98498357	-0.36592446	-0.55627243	12.97939159	-0.36727940
-0.59740310	12.96783415	-0.39976045	-0.60013929	12.96200673	-0.40122109
-0.60860151	12.97511546	-0.44819736	-0.61128292	12.96924636	-0.44967504
-0.05702905	13.09560258	-0.42129805	-0.06024307	13.09277299	-0.42154521
-0.14768935	13.07945851	-0.43626812	-0.15084130	13.07619056	-0.43672245
-0.06983497	13.11237296	-0.32443272	-0.07333006	13.10935943	-0.32466844
-0.17136215	13.09203951	-0.34924371	-0.17474598	13.08855201	-0.34972834
-0.27049195	13.07177841	-0.38322334	-0.27374457	13.06779198	-0.38393765
-0.24219371	13.06330367	-0.46169402	-0.24525375	13.05953939	-0.46235377
-0.07336089	13.10923129	-0.23625927	-0.07703135	13.10608008	-0.23648730
-0.18503429	13.09081903	-0.26553978	-0.18858013	13.08716736	-0.26605581
-0.29228410	13.06934243	-0.30410291	-0.29567399	13.06516495	-0.30486513
1.00998038	11.99400189	-1.05444454	1.01159268	11.99548519	-1.05398753
1.02761135	12.13976962	-1.05041547	1.02877460	12.14129449	-1.04982148
1.01146238	11.94789051	-0.94981880	1.01299154	11.94931156	-0.94939955
1.03258945	12.09537932	-0.93667148	1.03368621	12.09684714	-0.93609367
1.04381146	12.31386077	-0.91865734	1.04424694	12.31535268	-0.91794590
1.03318710	12.34941828	-1.03434492	1.03368116	12.35093973	-1.03363894
0.99075558	11.92918128	-0.83172435	0.99209124	11.93045946	-0.83138099
1.01396916	12.07789445	-0.81390058	1.01489090	12.07921555	-0.81336913
1.02834095	12.30061274	-0.79478043	1.02862897	12.30196867	-0.79409159
1.02108598	12.53487623	-1.00831707	1.02099293	12.53634440	-1.00754680
1.03860521	12.51680284	-0.89314083	1.03841211	12.51826713	-0.89234726
1.02581124	12.50948226	-0.77218392	1.02547868	12.51084657	-0.77140519
-0.66713158	12.88136259	-0.62166943	-0.66892454	12.87520554	-0.62331308
-0.67247488	12.85205401	-0.63530487	-0.67406777	12.84586906	-0.63697224
-0.72570333	12.86428312	-0.54336652	-0.72756435	12.85776002	-0.54516265
-0.73451657	12.82809331	-0.55145482	-0.73615128	12.82152054	-0.55329013
-0.67328431	12.82873051	-0.63799110	-0.67473542	12.82254011	-0.63967028
-0.72858345	12.84876767	-0.44183878	-0.73056364	12.84216825	-0.44365451
-0.74006056	12.80326547	-0.44534399	-0.74175941	12.79658800	-0.44722006
-0.74144986	12.76762914	-0.44896467	-0.74292188	12.76093994	-0.45087937
-0.33235456	13.04878800	-0.48042728	-0.33533317	13.04453972	-0.48127949
-0.35254448	13.05417531	-0.40809282	-0.35567968	13.04975355	-0.40897810
-0.38003641	13.04891278	-0.33828093	-0.38328133	13.04428810	-0.33922834
-0.62659868	12.88129904	-0.27049974	-0.62910468	12.87521579	-0.27209112
-0.54779225	12.88455635	-0.20655067	-0.55043652	12.87889151	-0.20797334
-0.67893218	12.87744523	-0.34669170	-0.68126602	12.87109622	-0.34839123
-0.65683388	12.90886243	-0.36163555	-0.65931817	12.90265863	-0.36326162
-0.60461617	12.91550460	-0.29276515	-0.60726819	12.90956909	-0.29428280
-0.43446089	12.87791176	-0.14915542	-0.43717047	12.87284135	-0.15035867
-0.48186114	12.92254165	-0.67070378	-0.48380200	12.91748857	-0.67192354
-0.47182849	12.95368840	-0.64063671	-0.47400629	12.94869471	-0.64182791
-0.55619397	12.94854366	-0.62512365	-0.55837160	12.94304650	-0.62649003
-0.57047419	12.92102431	-0.65280377	-0.57243750	12.91544703	-0.65420796
-0.68703952	12.92236663	-0.52807090	-0.68926784	12.91606591	-0.52974829
-0.71006673	12.89431247	-0.53619808	-0.71211596	12.88787870	-0.53794293
-0.65475616	12.90940205	-0.60716816	-0.65674389	12.90331439	-0.60877178
-0.63533383	12.93634304	-0.58761980	-0.63751743	12.93036548	-0.58916837
-0.65642440	12.95227068	-0.51715075	-0.65884366	12.94614784	-0.51874345
-0.60966012	12.96225765	-0.55886487	-0.61204867	12.95642278	-0.56034547
-0.53981726	12.97274990	-0.58420580	-0.54221369	12.96734298	-0.58553452
-0.71255932	12.88277082	-0.44238656	-0.71473638	12.87627141	-0.44414769
-0.68933819	12.91214516	-0.44643739	-0.69167575	12.90578888	-0.44813059
-0.62559427	12.94253888	-0.38380594	-0.62822304	12.93653501	-0.38534294
-0.65683669	12.94405194	-0.45339480	-0.65933801	12.93789546	-0.45499591
-0.57792614	12.95300583	-0.32475810	-0.58071910	12.94724847	-0.32618821
-0.47034780	12.98229809	-0.59893931	-0.47276737	12.97730802	-0.60011942
0.13392249	13.08387217	-0.16584652	0.13022685	13.08164135	-0.16572116
0.10517455	13.12409426	-0.24830326	0.10146456	13.12179838	-0.24813848
0.13470363	13.11516008	-0.26480547	0.13110470	13.11305437	-0.26464393
0.16866515	13.07474660	-0.17907490	0.16510687	13.07274159	-0.17894289
0.08876676	13.13571576	-0.34603446	0.08525073	13.13350268	-0.34594718
0.11585147	13.12661019	-0.36384616	0.11243326	13.12455151	-0.36373668
0.14037217	13.10735272	-0.27583393	0.13684963	13.10529899	-0.27568814
0.17426897	13.06726471	-0.18619205	0.17077861	13.06530588	-0.18607183
0.14678905	13.11549398	-0.27680977	0.14323860	13.11346890	-0.27665312
0.17943612	13.07392390	-0.18095512	0.17591716	13.07198384	-0.18082569
0.13046327	13.12607630	-0.38159633	0.12710060	13.12410699	-0.38147617
0.17467830	13.13487715	-0.40790866	0.17135244	13.13313137	-0.40773238
0.19380484	13.12454073	-0.29579359	0.19029439	13.12276475	-0.29559119
0.22576319	13.08039412	-0.19204895	0.22226583	13.07867666	-0.19186269
0.22195392	12.90139617	-0.05529083	0.21908196	12.89957346	-0.05531612
0.17834472	13.01553508	-0.09568160	0.17495383	13.01350466	-0.09562528
0.21565514	13.00583552	-0.10751066	0.21234997	13.00400058	-0.10741894
0.26266615	12.89161707	-0.06832532	0.25987702	12.89001224	-0.06830053
0.22623262	13.00461540	-0.10818836	0.22294717	13.00283260	-0.10808749
0.27415811	12.89066784	-0.07172552	0.27138302	12.88912174	-0.07168568
0.27195932	13.00670719	-0.11590425	0.26869987	13.00515899	-0.11574888
0.31861122	12.88612309	-0.07753594	0.31588197	12.88479054	-0.07743613
0.35407477	12.70073646	-0.08633750	0.35217683	12.69962358	-0.08632526
0.31313206	12.71168558	-0.08197710	0.31116963	12.71038536	-0.08201429
0.38197744	12.50975827	-0.12042764	0.38093660	12.50888597	-0.12046924
0.34308625	12.53111701	-0.11598589	0.34194267	12.53005733	-0.11607613
0.30146195	12.71292268	-0.07734085	0.29948401	12.71156360	-0.07739316
0.33057661	12.53293861	-0.11126333	0.32941561	12.53181558	-0.11136985
0.28384927	12.54304908	-0.09396364	0.28261979	12.54168524	-0.09414076
0.25808331	12.72683047	-0.06183136	0.25601277	12.72524625	-0.06194362
0.25636994	12.77542625	-0.91709014	0.25563591	12.77468081	-0.91725091
0.24212709	12.84447505	-0.89025414	0.24105781	12.84361923	-0.89036395
0.22136788	12.84846903	-0.83098458	0.22016610	12.84745848	-0.83112082
0.23569262	12.78869527	-0.85630141	0.23477267	12.78777773	-0.85648057
0.22216287	12.91482178	-0.83788197	0.22072179	12.91381724	-0.83794831
0.20118647	12.91136324	-0.78205849	0.19963304	12.91021013	-0.78215334
0.20744409	12.90694984	-0.76408998	0.20586697	12.90579773	-0.76417252
0.23579670	12.79432004	-0.83518957	0.23481288	12.79338253	-0.83535663
0.20456098	12.84818416	-0.81641004	0.20331919	12.84708233	-0.81656613
0.21290203	12.79168277	-0.84100256	0.21193103	12.79065340	-0.84121089
0.18983084	12.91032835	-0.77217497	0.18824871	12.90910829	-0.77228165
0.14832280	12.92043484	-0.75758537	0.14666490	12.91901569	-0.75774236
0.16023444	12.85451904	-0.79822447	0.15892622	12.85321196	-0.79844467
0.16584977	12.79162194	-0.82121778	0.16483846	12.79037302	-0.82150379
0.26541881	12.70570840	-0.94351203	0.26501865	12.70499572	-0.94367967
0.24708990	12.72857724	-0.88204246	0.24646523	12.72775471	-0.88226242
0.24738598	12.74386292	-0.85908067	0.24665078	12.74300940	-0.85928371
0.26737579	12.70850164	-0.87298068	0.26681802	12.70775824	-0.87317807
0.22524382	12.73504670	-0.86939809	0.22455591	12.73411294	-0.86964924
0.17634486	12.72513380	-0.85255141	0.17566509	12.72397382	-0.85290047
0.28319348	12.30655167	-0.16714670	0.28314935	12.30532741	-0.16747402
0.29287509	12.40303573	-0.13043571	0.29226811	12.40182785	-0.13065457
0.34127499	12.40584889	-0.14545827	0.34068511	12.40493192	-0.14558633
0.33166957	12.33757629	-0.17946072	0.33144863	12.33670554	-0.17963355
0.34480025	12.41876962	-0.15248329	0.34416907	12.41786806	-0.15260392
0.35562421	12.40022552	-0.15027222	0.35507238	12.39939356	-0.15037861
0.34512989	12.33507389	-0.18408034	0.34485842	12.33436320	-0.18414219
0.39481727	12.37062222	-0.15813455	0.39440562	12.37002666	-0.15817498
0.08214350	13.11451610	-0.45434625	0.07896262	13.11240406	-0.45432725
0.11303151	13.10317196	-0.46894274	0.10994993	13.10122412	-0.46889155
0.09077173	13.06637091	-0.56577290	0.08805608	13.06443908	-0.56581227
0.12704020	13.05303306	-0.57705533	0.12442475	13.05128727	-0.57705858
0.12576992	13.09270018	-0.47621380	0.12275976	13.09082176	-0.47615858
0.13125444	13.09927616	-0.47614681	0.12822205	13.09742053	-0.47607705
0.14640506	13.04701805	-0.57352027	0.14382463	13.04535784	-0.57350750
0.17330877	13.05451249	-0.61304291	0.17080620	13.05301071	-0.61299383
0.16712441	13.10776363	-0.50892123	0.16415237	13.10610322	-0.50880388
0.19529682	12.98767182	-0.73435850	0.19334622	12.98642268	-0.73437141
0.17286848	12.98090803	-0.68611992	0.17082551	12.97950900	-0.68616557
0.15822221	12.98347299	-0.68554136	0.15615258	12.98200848	-0.68559907
0.11889203	12.99635279	-0.67393937	0.11672757	12.99469767	-0.67403317
0.35483105	13.07246364	-0.24707333	0.35157609	13.07138607	-0.24675160
0.39350534	12.99232333	-0.16552618	0.39048330	12.99136625	-0.16523676
0.42850728	12.86304796	-0.12245107	0.42598928	12.86223808	-0.12221899
0.29123522	12.98325148	-0.85305078	0.28957699	12.98251671	-0.85293527
0.32053198	12.90798519	-0.94439596	0.31932227	12.90747504	-0.94433013
0.26732129	13.04954721	-0.73865730	0.26515863	13.04858809	-0.73849442
0.09945468	12.91944261	-0.04971640	0.09643811	12.91698343	-0.04988836
0.07082916	13.02034496	-0.08607228	0.06732499	13.01768272	-0.08607035
0.04029524	13.08124473	-0.14651769	0.03639301	13.07841183	-0.14627697
0.05916978	13.00577473	-0.61414701	0.05682271	13.00376730	-0.61431445
0.03410652	13.06768437	-0.53305723	0.03129166	13.06545080	-0.53317832
0.08310072	12.93618791	-0.67157135	0.08119732	12.93438010	-0.67180246
0.45313799	12.67037509	-0.12670039	0.45144770	12.66972493	-0.12656954
0.47368959	12.46529712	-0.15856035	0.47289263	12.46485293	-0.15850324
0.33507061	12.82859853	-0.99975038	0.33428215	12.82821991	-0.99974833
0.33997550	12.75366460	-1.03027940	0.33949158	12.75329924	-1.03029511
0.48217791	12.33199364	-0.19829554	0.48196409	12.33175772	-0.19825168
0.34251529	12.69391999	-1.05049157	0.34232089	12.69357950	-1.05052684
0.14817797	12.43871212	-0.11057009	0.14742991	12.43670303	-0.11105215
0.14521414	12.59310554	-0.07713878	0.14374151	12.59102482	-0.07752560
0.09621679	12.73750638	-0.74780340	0.09528738	12.73587588	-0.74826130
0.09268656	12.80545878	-0.72210049	0.09143089	12.80377278	-0.72247938
0.12636010	12.76892634	-0.05135417	0.12406146	12.76667738	-0.05163990
0.09129153	12.87039750	-0.70209679	0.08972857	12.86866775	-0.70239767
0.29282496	13.12788463	-0.48485565	0.28978255	13.12673339	-0.48455391
0.27142408	13.10152776	-0.61376531	0.26877262	13.10042990	-0.61352533
0.32083354	13.11783397	-0.35815848	0.31757657	13.11668400	-0.35783196
0.02184511	13.12910943	-0.32756222	0.01830371	13.12654704	-0.32758560
0.02239311	13.10974890	-0.43250676	0.01916179	13.10732424	-0.43259012
0.02914807	13.11915735	-0.23234380	0.02540810	13.11643726	-0.23226629
0.88883075	11.97418516	-0.58455185	0.88938022	11.97485306	-0.58446288
0.81676000	12.01719950	-0.47386000	0.81676000	12.01719950	-0.47386000
0.93478732	11.95055261	-0.71231580	0.93576930	11.95156283	-0.71210996
0.92058788	12.01679934	-0.71641869	0.92143282	12.01777959	-0.71616170
0.88100193	12.06072166	-0.63022100	0.88152334	12.06147584	-0.63000016
0.80910202	12.11876408	-0.52697358	0.80931521	12.11916722	-0.52676796
0.97172340	11.94608932	-0.83548115	0.97302383	11.94732310	-0.83516702
0.99284401	11.96418809	-0.94592822	0.99432063	11.96555564	-0.94553225
0.95679143	12.08101059	-0.92838953	0.95791340	12.08225947	-0.92795986
0.94097203	12.04880081	-0.81184766	0.94195585	12.04993989	-0.81150230
0.99277749	12.00758341	-1.03834617	0.99431995	12.00900489	-1.03790933
0.95746147	12.08204341	-1.12487223	0.95891956	12.08340135	-1.12442584
0.93171588	12.14362962	-1.10222618	0.93294972	12.14489093	-1.10177583
0.95498142	12.11687357	-1.02562973	0.95617057	12.11816681	-1.02516451
0.87461714	12.19774398	-1.21612019	0.87586749	12.19886200	-1.21571720
0.75343082	12.34296208	-1.26752778	0.75428721	12.34362400	-1.26722547
0.75480510	12.37099514	-1.19551573	0.75545608	12.37165121	-1.19520120
0.86980254	12.24295417	-1.15299604	0.87081064	12.24402951	-1.15257147
0.60395534	12.48457891	-1.23807563	0.60417614	12.48465126	-1.23809396
0.47079767	12.61431732	-1.15211924	0.47078720	12.61430016	-1.15210326
0.49420000	12.61570000	-1.07906000	0.49420000	12.61570000	-1.07906000
0.61447000	12.50220000	-1.16283000	0.61447000	12.50220000	-1.16283000
0.38237681	12.64603014	-1.04928844	0.38235141	12.64585829	-1.04930604
0.33065868	12.64344046	-0.95674672	0.33057728	12.64302726	-0.95683593
0.37140000	12.64100070	-0.89641000	0.37140000	12.64100070	-0.89641000
0.41679000	12.64250090	-0.98287004	0.41679000	12.64250090	-0.98287004
0.30934434	12.67338526	-0.89668960	0.30900510	12.67284087	-0.89682327
0.30278123	12.70035463	-0.86853561	0.30225270	12.69976327	-0.86867100
0.32986145	12.68834667	-0.81080531	0.32925606	12.68779049	-0.81089232
0.34138577	12.66486376	-0.83944504	0.34093753	12.66445318	-0.83953840
0.29429865	12.68735598	-0.87275234	0.29382787	12.68673466	-0.87292267
0.25065337	12.67504602	-0.84404562	0.25015788	12.67419013	-0.84431827
0.28936770	12.67239368	-0.77385050	0.28873985	12.67161647	-0.77404692
0.32908330	12.67689370	-0.80963857	0.32852046	12.67633188	-0.80974309
0.13970718	12.70312725	-0.71610568	0.13885963	12.70164919	-0.71652660
0.00237320	12.74682573	-0.57599630	0.00113223	12.74453530	-0.57657907
0.00342807	12.78176382	-0.49782948	0.00188739	12.77938837	-0.49835169
0.16140217	12.71736589	-0.63986304	0.16034991	12.71588582	-0.64021540
-0.11769113	12.78189593	-0.51442151	-0.11915420	12.77888899	-0.51513048
-0.22673528	12.80904095	-0.51945737	-0.22832012	12.80542988	-0.52030463
-0.23443180	12.87431964	-0.45604917	-0.23649542	12.87061895	-0.45686901
-0.12391273	12.83791996	-0.44194546	-0.12581166	12.83480943	-0.44261182
-0.33185476	12.82788304	-0.58063604	-0.33342421	12.82370103	-0.58162936
-0.42985124	12.83860263	-0.64992314	-0.43135070	12.83385437	-0.65106102
-0.44863760	12.86282144	-0.59715081	-0.45037279	12.85795323	-0.59832969
-0.34470639	12.87764717	-0.52326278	-0.34666593	12.87336501	-0.52426517
-0.51766639	12.84009144	-0.67957680	-0.51911298	12.83481602	-0.68087946
-0.59744634	12.83300211	-0.66949297	-0.59886312	12.82725712	-0.67098167
-0.59734402	12.83345496	-0.63398570	-0.59883533	12.82770578	-0.63548105
-0.54114336	12.84428637	-0.63137816	-0.54270445	12.83887305	-0.63274410
-0.67201124	12.81894615	-0.61962945	-0.67344568	12.81275824	-0.62131252
-0.72172199	12.79611313	-0.54184360	-0.72319074	12.78960929	-0.54367230
-0.68584471	12.81216988	-0.51216298	-0.68746695	12.80586540	-0.51390129
-0.64767667	12.82735229	-0.58779003	-0.64922836	12.82129746	-0.58941564
-0.72708903	12.76327416	-0.44828504	-0.72853570	12.75667352	-0.45017298
-0.69965810	12.71253857	-0.36052661	-0.70098103	12.70604590	-0.36242547
-0.67815485	12.72071897	-0.37268064	-0.67950405	12.71436994	-0.37452200
-0.69145573	12.77009092	-0.43071635	-0.69298381	12.76370444	-0.43252195
-0.65064647	12.63682883	-0.30019275	-0.65165528	12.63059560	-0.30206684
-0.57515291	12.57717814	-0.25274420	-0.57594691	12.57136929	-0.25451233
-0.55972017	12.63861091	-0.28093887	-0.56081307	12.63291995	-0.28260672
-0.63700127	12.68128190	-0.33029707	-0.63821297	12.67516216	-0.33209089
-0.46849735	12.57464371	-0.20329078	-0.46944482	12.56941463	-0.20482844
-0.34023027	12.55849982	-0.16474967	-0.34126398	12.55396729	-0.16603574
-0.32484691	12.61413529	-0.19106220	-0.32610780	12.60971094	-0.19227623
-0.45183604	12.63429064	-0.23009702	-0.45306481	12.62918612	-0.23154333
-0.19713681	12.46156224	-0.15034212	-0.19780208	12.45780141	-0.15143401
-0.04131328	12.35575121	-0.15616787	-0.04152988	12.35280846	-0.15706422
-0.04245377	12.42642866	-0.18531316	-0.04294995	12.42350428	-0.18616168
-0.18864507	12.52571072	-0.17693482	-0.18956258	12.52201071	-0.17797148
0.12373638	12.30677825	-0.17341054	0.12374500	12.30468438	-0.17404547
0.25361634	12.29887246	-0.19506728	0.25366417	12.29750374	-0.19546554
0.22979988	12.35832177	-0.24633279	0.22961757	12.35686881	-0.24672928
0.11054856	12.37461506	-0.21332205	0.11028797	12.37249323	-0.21393062
0.30096853	12.33859143	-0.21351124	0.30080942	12.33756268	-0.21376410
0.28178787	12.42153092	-0.28230077	0.28131597	12.42038429	-0.28257512
0.27540010	12.39303660	-0.26910206	0.27505048	12.39185405	-0.26939836
0.31018620	12.33284354	-0.22481226	0.30990070	12.33202180	-0.22498852
0.34620000	12.27620000	-0.23202000	0.34620000	12.27620000	-0.23202000
0.31764365	12.32008959	-0.29436507	0.31748133	12.31925698	-0.29463010
0.28236778	12.38074536	-0.28399838	0.28201635	12.37964185	-0.28428280
0.44425997	12.21770000	-0.27141000	0.44425997	12.21770000	-0.27141000
0.57587000	12.16340070	-0.32883000	0.57587000	12.16340070	-0.32883000
0.57046054	12.24104527	-0.38279896	0.57048396	12.24100018	-0.38275911
0.42812497	12.28002362	-0.32922487	0.42811855	12.27967669	-0.32930786
0.70622003	12.08180000	-0.39380000	0.70622003	12.08180000	-0.39380000
0.70174017	12.18244569	-0.44662084	0.70183139	12.18262989	-0.44650322
0.76748015	12.40411332	-1.04393597	0.76782504	12.40485123	-1.04359241
0.87525730	12.25936028	-1.04234243	0.87604254	12.26042249	-1.04190821
0.78425618	12.38670232	-0.85550333	0.78440258	12.38742439	-0.85512837
0.88250262	12.23690781	-0.90216059	0.88314048	12.23793202	-0.90173930
0.79786377	12.27012525	-0.66905173	0.79805019	12.27075497	-0.66873008
0.88187881	12.16109281	-0.75109212	0.88246313	12.16201574	-0.75073206
0.52869461	12.60991980	-0.89952886	0.52838505	12.61001218	-0.89937989
0.64525237	12.52718723	-0.98746759	0.64517924	12.52751502	-0.98727012
0.55852451	12.53890881	-0.68795736	0.55806989	12.53893006	-0.68779825
0.67453930	12.48388143	-0.77689622	0.67432711	12.48426796	-0.77661525
0.56835641	12.38488502	-0.50961455	0.56815601	12.38483945	-0.50952301
0.69160559	12.34347637	-0.58637110	0.69153227	12.34378795	-0.58614550
-0.24657589	12.86480281	-0.37177467	-0.24876992	12.86095838	-0.37263221
-0.13892752	12.82632026	-0.35574309	-0.14095136	12.82303587	-0.35644656
-0.26694861	12.80166170	-0.28845275	-0.26899252	12.79763161	-0.28941214
-0.15790754	12.75703129	-0.27477228	-0.15976194	12.75356838	-0.27557493
-0.03604058	12.69802316	-0.30997212	-0.03755907	12.69523462	-0.31062157
-0.01454544	12.76931427	-0.40244459	-0.01622093	12.76674632	-0.40299128
-0.29708578	12.70671994	-0.23044698	-0.29875094	12.70248186	-0.23153886
-0.17518946	12.64026920	-0.21725484	-0.17658381	12.63667411	-0.21818099
-0.04293956	12.56284264	-0.23753989	-0.04397363	12.55996073	-0.23830133
-0.57939433	12.85854035	-0.54989482	-0.58120086	12.85288180	-0.55135844
-0.61458962	12.84560683	-0.45916533	-0.61651068	12.83970885	-0.46073496
-0.51440915	12.86673715	-0.39513443	-0.51657624	12.86140124	-0.39648932
-0.48001697	12.88672152	-0.49929400	-0.48207981	12.88163773	-0.50054743
-0.62904450	12.76851797	-0.38412874	-0.63066413	12.76248786	-0.38580983
-0.54060361	12.75951965	-0.32443503	-0.54230498	12.75398029	-0.32594773
-0.36508743	12.88686856	-0.42923955	-0.36728637	12.88241224	-0.43029177
-0.39200523	12.84522028	-0.33303941	-0.39418111	12.84054429	-0.33418766
-0.42396844	12.74277451	-0.26970085	-0.42571856	12.73786184	-0.27099828
0.28303229	12.62765388	-0.65055718	0.28230421	12.62667744	-0.65078779
0.32521457	12.62668766	-0.67348661	0.32452726	12.62590902	-0.67365064
0.25806131	12.55616634	-0.50221534	0.25739807	12.55496812	-0.50249948
0.30453136	12.55793699	-0.51135628	0.30387048	12.55695212	-0.51156216
0.30741892	12.57580242	-0.49536938	0.30665338	12.57482029	-0.49555907
0.32539321	12.64083221	-0.66475888	0.32462933	12.64004283	-0.66490683
0.33359417	12.62401967	-0.68761249	0.33291222	12.62327937	-0.68776299
0.31063468	12.56206906	-0.51045248	0.30993544	12.56111363	-0.51064747
0.34437861	12.54475468	-0.55092530	0.34379288	12.54395913	-0.55108720
0.36465923	12.60733237	-0.73801047	0.36411023	12.60673060	-0.73812440
0.32237052	12.42661113	-0.40099794	0.32198045	12.42568009	-0.40123556
0.28786418	12.47091969	-0.37743919	0.28730653	12.46982127	-0.37769912
0.28236643	12.47446587	-0.37259660	0.28182551	12.47332891	-0.37286101
0.23555611	12.45715562	-0.35787578	0.23507366	12.45579273	-0.35823554
0.43802703	12.54830245	-0.61126635	0.43747886	12.54788294	-0.61128078
0.43224819	12.61923288	-0.81235387	0.43181016	12.61898061	-0.81232242
0.43059845	12.40464705	-0.44654703	0.43032150	12.40417554	-0.44663406
0.12426196	12.61487241	-0.41131113	0.12324505	12.61300694	-0.41176587
0.14880213	12.68966285	-0.53157314	0.14767311	12.68799861	-0.53195167
0.11044887	12.49308289	-0.29895346	0.10978031	12.49103613	-0.29949998
0.12296924	13.11794334	-0.37679455	0.11962702	13.11593679	-0.37668899
0.21956006	13.00008811	-0.11490403	0.21629893	12.99828102	-0.11481130
0.26553330	12.88878348	-0.07778722	0.26277447	12.88720348	-0.07776054
0.30424686	12.71276080	-0.08780522	0.30228677	12.71142551	-0.08785443
0.33378705	12.53767211	-0.12101292	0.33262393	12.53657007	-0.12111445
0.22488834	12.84754826	-0.80987770	0.22364428	12.84652559	-0.81000424
0.33533376	12.36048352	-0.18589949	0.33499135	12.35965017	-0.18603609
0.14492435	13.04187408	-0.57647465	0.14237019	13.04021286	-0.57646871
0.17641184	12.97574368	-0.67951552	0.17437300	12.97435219	-0.67955941
0.90278534	11.96893681	-0.57083186	0.90330772	11.96961064	-0.57072005
0.82676772	12.01962018	-0.45660199	0.82672815	12.01961881	-0.45659747
0.95229899	11.93656225	-0.70343968	0.95329010	11.93759991	-0.70320857
0.75732135	12.34184214	-1.28296347	0.75820932	12.34252276	-1.28265656
0.46111881	12.62031742	-1.16575065	0.46110434	12.62030217	-1.16574117
0.35246379	12.65558837	-1.05765884	0.35239627	12.65530251	-1.05769690
0.28519666	12.65544647	-0.96016992	0.28505236	12.65483458	-0.96032467
0.26765062	12.68413068	-0.89846974	0.26725060	12.68340229	-0.89866788
0.24963386	12.69494064	-0.88508523	0.24913031	12.69413599	-0.88533144
0.20134256	12.67855894	-0.86801293	0.20087686	12.67752567	-0.86837227
0.10937196	12.69410566	-0.75403051	0.10863286	12.69254372	-0.75451843
-0.00326989	12.71910464	-0.62442964	-0.00431033	12.71685241	-0.62506610
-0.21534725	12.74829262	-0.56301454	-0.21651809	12.74477603	-0.56388561
-0.31960901	12.78789316	-0.61355743	-0.32089579	12.78379548	-0.61454295
-0.50490856	12.84686606	-0.70128509	-0.50635464	12.84166403	-0.70255454
-0.58742875	12.84597974	-0.69119195	-0.58887893	12.84029683	-0.69264873
-0.73400979	12.80055821	-0.55330065	-0.73548282	12.79398906	-0.55515166
-0.20049023	12.47041561	-0.12812909	-0.20123489	12.46661955	-0.12921897
0.13968564	12.32294101	-0.14776211	0.13956436	12.32091124	-0.14835279
0.30602990	12.36741503	-0.22525702	0.30570438	12.36643640	-0.22548249
0.38294592	12.28841644	-0.19420223	0.38289045	12.28812716	-0.19414846
0.46997895	12.23487578	-0.23748968	0.46999690	12.23477197	-0.23741248
0.71402102	12.09192341	-0.37176577	0.71400522	12.09194952	-0.37176287
0.28754930	12.49786377	-0.37016430	0.28689597	12.49675009	-0.37041346
0.56592054	12.77647133	-0.53318115	0.56446345	12.77644117	-0.53284307
0.27625498	12.97442050	-0.51935713	0.27392464	12.97327403	-0.51923596
-0.00136729	12.95570067	-0.25343460	-0.00421919	12.95297944	-0.25375270
0.06385542	13.04396348	-0.29210208	0.06067355	13.04158910	-0.29215584
0.29253893	12.84884648	-0.28630408	0.29032143	12.84760823	-0.28627419
0.00082619	12.93534875	-0.41349498	-0.00160765	12.93283823	-0.41384103
0.08991239	13.01796650	-0.40425447	0.08708872	13.01586358	-0.40433487
0.34946203	12.81588474	-0.68714395	0.34810275	12.81523254	-0.68707327
0.11987716	12.99287755	-0.16541575	0.11670490	12.99063426	-0.16545878
0.20607191	12.80323284	-0.79029947	0.20495964	12.80211581	-0.79050399
0.31249789	12.74546344	-0.52670409	0.31110597	12.74449554	-0.52676402
0.31194788	12.88013015	-0.83485471	0.31064015	12.87948609	-0.83479912
0.38860651	12.42454395	-0.24566755	0.38807398	12.42389497	-0.24577365
0.21199702	13.02643688	-0.43333034	0.20923819	13.02492209	-0.43323440
0.46460231	12.68133971	-0.66281365	0.46367173	12.68105239	-0.66269139
0.68520637	12.75553464	-0.76380458	0.68420877	12.75599548	-0.76333409
0.29571044	12.91724502	-0.18962146	0.29302578	12.91591174	-0.18952610
-0.45711883	12.84789491	-0.24875330	-0.45947537	12.84278429	-0.25002485
0.11158821	13.04724068	-0.23039213	0.10820704	13.04500625	-0.23031763
0.30076252	12.93638536	-0.67872472	0.29890352	12.93551388	-0.67861299
-0.54321768	12.84581022	-0.29065669	-0.54548062	12.84023493	-0.29209841
0.19358950	13.00655704	-0.31459375	0.19066536	13.00484902	-0.31452511
0.28255141	12.43943624	-0.20281466	0.28189610	12.43822840	-0.20305732
0.08201615	13.06877145	-0.35360880	0.07884351	13.06655440	-0.35362167
0.17675121	13.05644217	-0.47479350	0.17393103	13.05480612	-0.47471590
0.24037232	12.58986617	-0.24461909	0.23917223	12.58841617	-0.24486615
0.14196285	12.91605011	-0.50069092	0.13981878	12.91431620	-0.50083891
0.26059333	12.88203292	-0.82532567	0.25925211	12.88117130	-0.82535477
0.26989946	12.83185473	-0.82986913	0.26876155	12.83104636	-0.82993678
0.20181119	13.00414661	-0.53312822	0.19935829	13.00269518	-0.53308470
0.35195698	12.78098172	-0.19085687	0.34988489	12.77993589	-0.19079067
0.48728769	12.58626385	-0.42942647	0.48637769	12.58593815	-0.42933051
0.29640869	12.75450929	-0.88475022	0.29569950	12.75390697	-0.88485692
0.13680359	12.94640306	-0.63568931	0.13479461	12.94479411	-0.63582317
0.38856689	12.36606424	-0.22284405	0.38825807	12.36552712	-0.22293595
0.35111576	12.47011890	-0.31296734	0.35049236	12.46927333	-0.31312544
0.16661186	12.83757862	-0.18026866	0.16422950	12.83563606	-0.18043923
0.38254089	12.72806257	-0.90711325	0.38199660	12.72784458	-0.90710747
0.28525455	12.78549526	-0.84515442	0.28433069	12.78477921	-0.84524473
0.10436272	13.08082830	-0.26201090	0.10092250	13.07859060	-0.26193278
0.40077871	12.59308855	-0.24426292	0.39956044	12.59233622	-0.24426013
0.19854775	12.84739824	-0.76568627	0.19721102	12.84621540	-0.76585018
0.41870612	12.71059646	-0.82282103	0.41801518	12.71034010	-0.82273594
0.81523241	12.75634252	-0.85761984	0.81432065	12.75716507	-0.85700561
0.55496978	12.79486220	-0.92006510	0.55415475	12.79507367	-0.91976598
0.32243182	12.66657607	-0.19512548	0.32083464	12.66543313	-0.19518350
0.22820806	12.73651078	-0.17702460	0.22627533	12.73489502	-0.17717509
