0.84858088	12.73839934	-0.42043426	0.84843699	12.73848050	-0.42042802
0.82024409	12.87658444	-0.44957180	0.82013423	12.87666147	-0.44959484
0.89683213	12.83497222	-0.54742625	0.89675888	12.83502955	-0.54742176
0.92836111	12.70175832	-0.53238052	0.92826126	12.70181619	-0.53234736
0.77833239	12.96742806	-0.51035600	0.77826590	12.96750175	-0.51041033
0.85874373	12.92102016	-0.59076691	0.85870115	12.92107421	-0.59078971
0.90818185	12.87787603	-0.65081794	0.90815057	12.87791323	-0.65082280
0.94633701	12.80795382	-0.64476195	0.94629218	12.80798992	-0.64474397
0.97997793	12.67884798	-0.64530322	0.97991275	12.67888392	-0.64525696
0.71762665	12.76598155	-1.16491405	0.71768265	12.76593953	-1.16495813
0.83991290	12.71546776	-1.14271012	0.83996420	12.71542484	-1.14272271
0.80846822	12.82219166	-1.07438146	0.80852551	12.82216297	-1.07442340
0.68644926	12.86846710	-1.09170039	0.68651992	12.86844364	-1.09178267
0.94088543	12.68185802	-1.07954388	0.94092160	12.68182147	-1.07952869
0.90788090	12.79312447	-1.02129109	0.90792452	12.79309840	-1.02130252
0.86835213	12.86178779	-0.97100556	0.86840179	12.86177311	-0.97103768
0.78970508	12.90271469	-0.98677365	0.78976799	12.90270532	-0.98683454
0.66790039	12.94876414	-0.99281694	0.66797841	12.94876463	-0.99292081
0.59267831	12.83682889	-0.21011834	0.59243300	12.83696895	-0.21022819
0.57517251	12.97386304	-0.25813534	0.57498585	12.97400305	-0.25826702
0.70957999	12.92550818	-0.35002789	0.70943146	12.92561223	-0.35009496
0.73037911	12.78611050	-0.30915488	0.73018247	12.78621878	-0.30919558
0.54540618	13.06019571	-0.34296518	0.54528692	13.06033314	-0.34312320
0.67410422	13.01584581	-0.42628197	0.67401347	13.01594625	-0.42637885
0.46815109	12.88159917	-1.06581643	0.46822945	12.88159993	-1.06595967
0.59427305	12.82697108	-1.13792484	0.59433821	12.82694148	-1.13801718
0.56374746	12.91967901	-1.06600112	0.56383186	12.91967000	-1.06612696
0.43975248	12.96457058	-0.99176325	0.43984471	12.96460202	-0.99194495
0.54360242	12.99484537	-0.96483372	0.54369436	12.99487215	-0.96499083
0.41884112	13.03465548	-0.88958325	0.41893300	13.03472950	-0.88979845
-0.01745381	12.99426175	-0.07194871	-0.01776232	12.99458165	-0.07241850
-0.14566067	13.00651217	-0.09456605	-0.14595257	13.00688265	-0.09512236
-0.14763185	13.07985267	-0.14128806	-0.14786154	13.08022611	-0.14184420
-0.02298044	13.08155764	-0.11608967	-0.02322638	13.08188049	-0.11656216
-0.26422170	13.00857431	-0.13134122	-0.26449046	13.00899766	-0.13198229
-0.26472551	13.06990044	-0.17992142	-0.26493326	13.07032667	-0.18055965
-0.26551947	13.11097066	-0.24555507	-0.26566197	13.11140174	-0.24619124
-0.14915291	13.12664469	-0.20758281	-0.14931698	13.12702058	-0.20813956
-0.02743292	13.13548845	-0.18211335	-0.02761311	13.13581449	-0.18258842
0.03015289	12.97917900	-0.59617537	0.03016026	12.97945438	-0.59660196
0.01520394	13.04169940	-0.57088654	0.01522413	13.04198622	-0.57133041
-0.06588572	13.04408183	-0.56072923	-0.06585599	13.04441100	-0.56122611
-0.05182344	12.98779275	-0.57616235	-0.05181272	12.98811116	-0.57664758
-0.00441697	13.09590170	-0.52371721	-0.00439762	13.09620686	-0.52417792
-0.08743702	13.09054780	-0.52522319	-0.08740736	13.09089085	-0.52573687
-0.18096791	13.08365317	-0.54175079	-0.18091728	13.08405075	-0.54233393
-0.15834746	13.04248907	-0.57745062	-0.15829382	13.04287144	-0.57801861
-0.14376746	12.99121056	-0.59469958	-0.14373093	12.99158073	-0.59525591
0.98628779	12.28995422	-0.67057435	0.98621709	12.29000270	-0.67048335
0.96591417	12.07112435	-0.68637622	0.96587376	12.07117875	-0.68627693
0.91297481	12.09805176	-0.55130661	0.91291793	12.09812095	-0.55122264
0.92696964	12.30494239	-0.53560309	0.92685638	12.30501254	-0.53552118
0.83437893	12.14790474	-0.43050147	0.83428343	12.14797521	-0.43044450
0.84077562	12.33036752	-0.41066928	0.84061514	12.33045449	-0.41061280
0.97965687	12.37985044	-1.14053431	0.97967176	12.37981428	-1.14046578
0.88485563	12.44022916	-1.20994113	0.88487891	12.44018429	-1.20989800
0.88022439	12.28071817	-1.23438555	0.88024464	12.28067298	-1.23431591
0.97219063	12.18859752	-1.15547050	0.97220215	12.18856499	-1.15537593
0.75763957	12.51644691	-1.23919134	0.75766352	12.51640548	-1.23917760
0.75384148	12.39619623	-1.27027874	0.75386414	12.39615097	-1.27024250
0.86800316	12.17601497	-1.24198408	0.86802263	12.17596990	-1.24189897
0.95334327	12.05401430	-1.15327757	0.95335478	12.05398365	-1.15316503
0.99222132	12.49892075	-0.65612230	0.99214515	12.49896383	-0.65604636
0.93492642	12.51516480	-0.52988685	0.93480651	12.51522552	-0.52982392
0.84994800	12.54395870	-0.40839636	0.84977651	12.54404225	-0.40836360
0.86841687	12.58669842	-1.18352822	0.86845272	12.58665100	-1.18351065
0.96737556	12.54420264	-1.11733733	0.96740191	12.54416259	-1.11729540
0.74328550	12.64422098	-1.20893634	0.74332919	12.64417586	-1.20894884
0.59538431	12.42238077	-0.22710499	0.59509629	12.42251850	-0.22717555
0.59615408	12.63732787	-0.20476871	0.59586883	12.63746810	-0.20485558
0.73015622	12.58711758	-0.29814191	0.72992542	12.58723216	-0.29816840
0.72381196	12.37279432	-0.30853315	0.72359398	12.37290596	-0.30852681
0.46908484	12.70439358	-1.15135539	0.46911575	12.70436453	-1.15139606
0.61228693	12.61463091	-1.21972719	0.61230969	12.61460485	-1.21974363
0.60921187	12.71873783	-1.18661592	0.60925268	12.71870098	-1.18665665
0.47427421	12.78845519	-1.11841116	0.47432541	12.78843497	-1.11849833
0.58594431	12.17553068	-0.30185614	0.58590821	12.17557045	-0.30185726
0.59390865	12.28266217	-0.26286215	0.59371245	12.28277410	-0.26287738
0.72104080	12.21775585	-0.33749060	0.72090004	12.21784802	-0.33746806
0.60089933	12.48655569	-1.25179327	0.60091370	12.48653280	-1.25179036
0.60702808	12.53395862	-1.24366532	0.60704366	12.53393562	-1.24367075
0.46288542	12.64874400	-1.16670902	0.46290379	12.64871959	-1.16673056
-0.01029401	12.71631668	-0.07073600	-0.01069982	12.71663301	-0.07119842
-0.15853431	12.78551708	-0.07861562	-0.15892468	12.78589086	-0.07918529
-0.14814271	12.90833370	-0.07618353	-0.14848580	12.90870357	-0.07674215
-0.01012130	12.87079128	-0.06004368	-0.01048150	12.87110864	-0.06050897
-0.29409213	12.83720657	-0.10374012	-0.29445468	12.83764166	-0.10441200
-0.27511205	12.93224411	-0.10766734	-0.27543038	12.93267084	-0.10832057
0.02575448	12.84959378	-0.62498897	0.02572140	12.84985690	-0.62539730
0.03213351	12.91502503	-0.61250851	0.03212218	12.91529398	-0.61292528
-0.04913295	12.92597254	-0.58536346	-0.04914765	12.92628486	-0.58584192
-0.05764138	12.86120266	-0.58928879	-0.05768278	12.86151640	-0.58976760
-0.14079399	12.93388928	-0.60279700	-0.14078087	12.93425594	-0.60334934
-0.15075852	12.87313225	-0.60155231	-0.15078141	12.87350372	-0.60210925
-0.04080326	12.42064574	-0.12593615	-0.04125134	12.42097338	-0.12642548
-0.18017957	12.63841466	-0.09661080	-0.18060858	12.63879801	-0.09719812
-0.02567793	12.54569536	-0.09510554	-0.02611610	12.54601852	-0.09558320
-0.33141482	12.63184831	-0.13571337	-0.33183697	12.63230446	-0.13642195
-0.31740518	12.71954892	-0.11555850	-0.31780769	12.71999580	-0.11625444
0.01556126	12.78325126	-0.63663352	0.01550552	12.78351141	-0.63703211
-0.07729352	12.79488216	-0.58636138	-0.07737029	12.79520664	-0.58684720
-0.09534957	12.76802153	-0.56630665	-0.09545926	12.76835998	-0.56680422
-0.17510067	12.81075516	-0.58946975	-0.17516813	12.81114211	-0.59004426
-0.38629389	13.00609078	-0.18101925	-0.38653077	13.00657654	-0.18175514
-0.37808751	13.05616525	-0.22685411	-0.37826761	13.05665156	-0.22757896
-0.49591465	12.99965490	-0.23802386	-0.49611412	13.00019818	-0.23884477
-0.47587082	13.04026313	-0.27902820	-0.47601958	13.04080265	-0.27982902
-0.45346978	13.07334667	-0.32928619	-0.45356454	13.07388052	-0.33006634
-0.36780610	13.09309163	-0.28603855	-0.36792516	13.09357807	-0.28675375
-0.26266109	13.04051665	-0.59739954	-0.26258348	13.04096263	-0.59804293
-0.24833622	12.99520270	-0.62219889	-0.24826725	12.99563997	-0.62283338
-0.28295769	13.07709316	-0.55711914	-0.28288838	13.07755056	-0.55777528
-0.37765605	13.06878590	-0.56604524	-0.37757687	13.06930646	-0.56677150
-0.36270656	13.03739855	-0.61077779	-0.36261155	13.03791384	-0.61149670
-0.35308185	12.99895763	-0.64447609	-0.35298556	12.99946901	-0.64519199
-0.24981207	12.94667017	-0.63792590	-0.24975994	12.94710790	-0.63856360
-0.36060190	12.96000560	-0.66916837	-0.36051315	12.96052435	-0.66989430
-0.37543556	12.92269823	-0.68321932	-0.37536087	12.92322904	-0.68396145
-0.26271278	12.89720134	-0.64238734	-0.26268708	12.89764787	-0.64303674
-0.54068162	12.89423358	-0.19735108	-0.54096260	12.89479442	-0.19822172
-0.56115459	12.77229486	-0.20275070	-0.56148505	12.77287019	-0.20365134
-0.63690251	12.80929895	-0.26055021	-0.63717203	12.80991366	-0.26151779
-0.61843508	12.90522642	-0.25989373	-0.61866336	12.90583096	-0.26082931
-0.56956107	12.66757090	-0.21989799	-0.56992541	12.66815640	-0.22080971
-0.64450945	12.72668980	-0.27228615	-0.64480262	12.72731280	-0.27326983
-0.69240598	12.79651130	-0.34268454	-0.69261214	12.79716331	-0.34371012
-0.68594274	12.84880401	-0.33699498	-0.68613502	12.84945218	-0.33800216
-0.66970315	12.91183127	-0.33868950	-0.66986515	12.91247346	-0.33966518
-0.46030613	12.65710400	-0.17176379	-0.46070858	12.65762934	-0.17257823
-0.44884614	12.75328813	-0.15282585	-0.44921837	12.75380361	-0.15362846
-0.42625977	12.87250638	-0.14454308	-0.42658481	12.87300956	-0.14532001
-0.47125503	12.93862477	-0.69449919	-0.47115885	12.93923774	-0.69531996
-0.47822292	12.91159731	-0.70502484	-0.47813967	12.91221813	-0.70585708
-0.38769169	12.88942620	-0.68501525	-0.38763883	12.88996611	-0.68577094
-0.55790752	12.94409156	-0.67485522	-0.55782262	12.94477886	-0.67574577
-0.56270851	12.91734591	-0.68956562	-0.56263461	12.91804286	-0.69046804
-0.39859560	12.87268831	-0.67460728	-0.39856297	12.87323559	-0.67537323
-0.28261506	12.84908832	-0.63451500	-0.28262588	12.84954828	-0.63518175
0.89885230	12.88527136	-0.90226227	0.89889261	12.88526587	-0.90228718
0.79891699	12.95243248	-0.88887227	0.79897041	12.95244076	-0.88893812
0.91499595	12.89991388	-0.81345049	0.91501551	12.89992215	-0.81346816
0.81992484	12.97260596	-0.78425834	0.81995486	12.97262957	-0.78431459
0.70948522	13.02864910	-0.74364104	0.70952385	13.02869922	-0.74373951
0.68017791	13.00407403	-0.87288263	0.68024550	13.00410384	-0.87299404
0.91567038	12.89636979	-0.72145833	0.91566384	12.89639383	-0.72146887
0.83650134	12.96419362	-0.67754999	0.83649660	12.96423351	-0.67759254
0.74176009	13.01716525	-0.61617678	0.74174689	13.01723132	-0.61625845
1.00038145	12.67155789	-0.98462124	1.00040259	12.67153659	-0.98459167
0.96262221	12.79324051	-0.93999111	0.96265203	12.79322447	-0.93998611
1.02309642	12.67233850	-0.87309283	1.02309510	12.67233377	-0.87304996
0.98208043	12.80288658	-0.84306793	0.98208964	12.80288469	-0.84305265
1.01392960	12.67176302	-0.75967964	1.01389752	12.67177968	-0.75963079
0.97572109	12.80275481	-0.74361909	0.97570254	12.80277010	-0.74359891
0.55997590	13.04997380	-0.82851309	0.56004927	13.05003568	-0.82867498
0.59607520	13.07610515	-0.67957891	0.59610476	13.07618811	-0.67972992
0.47187981	13.11544783	-0.59781615	0.47189697	13.11557639	-0.59802404
0.43545639	13.08842434	-0.74987305	0.43552347	13.08853362	-0.75009475
0.63522459	13.06527560	-0.54116429	0.63519762	13.06536964	-0.54129006
0.50967880	13.10664515	-0.45939701	0.50962965	13.10677888	-0.45958143
-0.38633794	13.08649316	-0.50824191	-0.38629341	13.08701232	-0.50897163
-0.46987546	13.06834697	-0.52106532	-0.46982616	13.06892514	-0.52185748
-0.44982845	13.05673894	-0.56330282	-0.44975381	13.05731082	-0.56408357
-0.39863441	13.09282187	-0.44527558	-0.39863332	13.09334031	-0.44601250
-0.49221834	13.07047287	-0.47665475	-0.49220133	13.07105598	-0.47746200
-0.57658945	13.04430041	-0.50599457	-0.57656209	13.04494451	-0.50686798
-0.53882184	13.04604704	-0.53841296	-0.53876956	13.04667534	-0.53925837
-0.50101595	13.04421609	-0.56448252	-0.50094517	13.04482459	-0.56530053
-0.42437068	13.08968681	-0.38516001	-0.42441632	13.09021226	-0.38591623
-0.50625814	13.06649082	-0.42534495	-0.50628127	13.06707167	-0.42616289
-0.52142690	13.05219801	-0.37446392	-0.52149711	13.05277747	-0.37529579
-0.56694909	13.03529031	-0.40688675	-0.56700250	13.03590058	-0.40775344
-0.57862878	13.04027660	-0.45552273	-0.57864259	13.04090804	-0.45639774
-0.02041428	13.13507075	-0.44192140	-0.02042735	13.13538930	-0.44239329
-0.11211972	13.12300735	-0.45482684	-0.11212088	13.12336661	-0.45535854
-0.03020628	13.15679581	-0.34666287	-0.03026865	13.15712372	-0.34714225
-0.13333969	13.14097680	-0.36842476	-0.13338998	13.14134745	-0.36897021
-0.23441974	13.12411608	-0.39991385	-0.23444731	13.12453926	-0.40052826
-0.20809487	13.11031456	-0.47814937	-0.20807468	13.11072683	-0.47874877
-0.03118377	13.15877005	-0.25950897	-0.03130287	13.15909843	-0.25998736
-0.14506211	13.14458756	-0.28466859	-0.14516613	13.14496289	-0.28522207
-0.25457129	13.12667023	-0.32044957	-0.25465395	13.12710040	-0.32107759
0.99107440	11.97531586	-1.05667602	0.99107673	11.97530226	-1.05654856
1.01343037	12.12020766	-1.05506137	1.01343035	12.12019318	-1.05495119
0.99340817	11.93068798	-0.95117810	0.99340463	11.93069169	-0.95104679
1.01914647	12.07733079	-0.94072266	1.01913494	12.07733680	-0.94060745
1.03807317	12.29498834	-0.92564889	1.03805491	12.29498965	-0.92555468
1.02702984	12.32923495	-1.04172312	1.02703067	12.32921424	-1.04163819
0.97449175	11.91442787	-0.83229834	0.97447627	11.91444906	-0.83217273
1.00221445	12.06244434	-0.81732860	1.00218675	12.06247205	-0.81721646
1.02393992	12.28436269	-0.80124176	1.02389850	12.28438971	-0.80114467
1.02258621	12.51500361	-1.01783607	1.02259671	12.51497959	-1.01777684
1.04084332	12.49781759	-0.90246049	1.04082905	12.49781280	-0.90238750
1.02913892	12.49274825	-0.78108408	1.02909575	12.49276550	-0.78100458
-0.64414763	12.93921929	-0.62275815	-0.64410570	12.93996086	-0.62371210
-0.65098624	12.90940075	-0.63462073	-0.65095785	12.91015419	-0.63559146
-0.70231146	12.92945830	-0.54313136	-0.70232661	12.93019880	-0.54412634
-0.71287539	12.89327728	-0.54903883	-0.71290880	12.89402772	-0.55005658
-0.65287327	12.88600134	-0.63594774	-0.65286065	12.88675681	-0.63692924
-0.70438737	12.92013822	-0.44084891	-0.70447458	12.92082973	-0.44184988
-0.71804788	12.87509248	-0.44167424	-0.71815194	12.87578793	-0.44270048
-0.72113887	12.83939466	-0.44328117	-0.72125580	12.84009225	-0.44432560
-0.29939296	13.09931704	-0.49493662	-0.29935671	13.09978148	-0.49560294
-0.31785437	13.10936677	-0.42265339	-0.31786658	13.10983805	-0.42333237
-0.34418460	13.10905086	-0.35224223	-0.34424768	13.10952984	-0.35293913
-0.59805855	12.95750510	-0.27273632	-0.59825278	12.95810244	-0.27364494
-0.51792969	12.96041335	-0.20995365	-0.51817019	12.96096411	-0.21079730
-0.65186550	12.95192541	-0.34799168	-0.65200358	12.95256262	-0.34894465
-0.62850530	12.98137344	-0.36487648	-0.62861879	12.98200461	-0.36580459
-0.57478835	12.98933750	-0.29709401	-0.57494782	12.98992886	-0.29797711
-0.40366968	12.95080048	-0.15390066	-0.40395160	12.95129303	-0.15465329
-0.45816034	12.96965575	-0.67618188	-0.45805543	12.97025447	-0.67698545
-0.44624199	13.00202769	-0.64803576	-0.44613695	13.00261181	-0.64882434
-0.53045424	13.00137010	-0.63119582	-0.53036080	13.00201940	-0.63204922
-0.54638708	12.97292600	-0.65711346	-0.54629478	12.97359646	-0.65798590
-0.66080126	12.98653528	-0.53153437	-0.66079025	12.98724433	-0.53248017
-0.68521012	12.95910870	-0.53783056	-0.68521137	12.95983644	-0.53880301
-0.63033093	12.96751724	-0.61001969	-0.63027713	12.96824115	-0.61095323
-0.60941380	12.99470722	-0.59223879	-0.60935412	12.99540716	-0.59314839
-0.62865561	13.01564224	-0.52260957	-0.62863390	13.01632731	-0.52352527
-0.58212417	13.02110637	-0.56525536	-0.58206701	13.02177580	-0.56613869
-0.51231369	13.02715992	-0.59194195	-0.51223224	13.02778397	-0.59277382
-0.68679493	12.95325632	-0.44349581	-0.68686376	12.95394087	-0.44447243
-0.66229352	12.98123466	-0.44945248	-0.66234311	12.98190945	-0.45040122
-0.59606329	13.01226566	-0.38924263	-0.59614208	13.01288630	-0.39013771
-0.62842302	13.01116505	-0.45850351	-0.62844986	13.01182582	-0.45942038
-0.54677807	13.02372779	-0.33134889	-0.54689596	13.02431125	-0.33220500
-0.44271181	13.03286838	-0.60803081	-0.44261763	13.03344268	-0.60881100
0.17857710	13.12460237	-0.19003290	0.17839514	13.12485329	-0.19038058
0.14958048	13.16317520	-0.27557289	0.14946715	13.16343271	-0.27593999
0.17728726	13.15093188	-0.29011861	0.17717727	13.15117869	-0.29046925
0.21053867	13.11114399	-0.20138405	0.21035815	13.11138362	-0.20171314
0.12972262	13.17008223	-0.37083327	0.12967067	13.17034400	-0.37121435
0.15586508	13.15864098	-0.38759141	0.15581569	13.15889092	-0.38795724
0.18186908	13.14199610	-0.30008846	0.18176124	13.14224075	-0.30043640
0.21491694	13.10271813	-0.20774731	0.21473727	13.10295624	-0.20807392
0.18853802	13.14966993	-0.30112714	0.18843321	13.14991264	-0.30147194
0.22031214	13.10920198	-0.20259419	0.22013164	13.10943866	-0.20291798
0.17000595	13.15665196	-0.40463567	0.16996357	13.15689539	-0.40499366
0.21415857	13.16222505	-0.43031299	0.21412915	13.16245104	-0.43064618
0.23506724	13.15476687	-0.31876828	0.23497254	13.15499423	-0.31908806
0.26625313	13.11232049	-0.21315267	0.26608013	13.11254254	-0.21345203
0.25258077	12.93794049	-0.06917862	0.25226159	12.93817176	-0.06948038
0.21641292	13.05445333	-0.11508460	0.21616075	13.05469415	-0.11540854
0.25257491	13.04149989	-0.12623631	0.25232623	13.04173060	-0.12653887
0.29210363	12.92446282	-0.08205723	0.29178990	12.92468125	-0.08233407
0.26279432	13.03946289	-0.12666072	0.26254620	13.03969074	-0.12695767
0.30330124	12.92251808	-0.08538440	0.30299006	12.92273333	-0.08565485
0.30801988	13.03778030	-0.13373845	0.30777648	13.03799322	-0.13400991
0.34706505	12.91454471	-0.09102291	0.34675711	12.91474834	-0.09126850
0.37172782	12.72544496	-0.09485977	0.37137204	12.72564299	-0.09508496
0.33172766	12.73931707	-0.09071401	0.33136985	12.73952499	-0.09096205
0.38838359	12.53034264	-0.12578077	0.38799690	12.53055706	-0.12600125
0.35099811	12.55448769	-0.12136759	0.35061057	12.55470581	-0.12160919
0.32035307	12.74155066	-0.08607039	0.31999149	12.74176119	-0.08632500
0.33875889	12.55728712	-0.11649696	0.33836460	12.55750637	-0.11674455
0.29318619	12.57109588	-0.09868145	0.29278202	12.57132245	-0.09895583
0.27835175	12.75913758	-0.07030296	0.27798216	12.75936041	-0.07058413
0.26627694	12.78427386	-0.92218716	0.26631253	12.78434917	-0.92237101
0.25649385	12.85484443	-0.89796944	0.25654492	12.85494297	-0.89819713
0.23717341	12.86118796	-0.83915827	0.23721370	12.86131896	-0.83940751
0.24784198	12.80012168	-0.86234999	0.24787056	12.80023572	-0.86256599
0.24125065	12.92737452	-0.84816848	0.24131302	12.92750600	-0.84843478
0.22127789	12.92615379	-0.79263044	0.22132659	12.92630728	-0.79291055
0.22770821	12.92183724	-0.77478387	0.22775167	12.92199402	-0.77506290
0.24870056	12.80607988	-0.84169232	0.24872764	12.80620129	-0.84191589
0.22091498	12.86177714	-0.82498011	0.22095975	12.86191812	-0.82525030
0.22577555	12.80422794	-0.84755920	0.22580996	12.80435333	-0.84780246
0.21024771	12.92578389	-0.78297703	0.21029939	12.92594542	-0.78326949
0.16965535	12.93824831	-0.76872700	0.16970859	12.93842988	-0.76904984
0.17738122	12.87069165	-0.80690832	0.17742607	12.87085547	-0.80720794
0.17919712	12.80690226	-0.82762839	0.17922509	12.80705360	-0.82790429
0.27110791	12.71378455	-0.94650547	0.27113251	12.71383594	-0.94663921
0.25535700	12.73858751	-0.88596541	0.25537206	12.73868030	-0.88614402
0.25713904	12.75443542	-0.86385949	0.25715664	12.75454180	-0.86405450
0.27477260	12.71767128	-0.87658673	0.27478224	12.71776037	-0.87674945
0.23453757	12.74627705	-0.87388836	0.23456086	12.74638755	-0.87409881
0.18563261	12.73900222	-0.85673181	0.18564655	12.73913423	-0.85697762
0.27655578	12.33221532	-0.16965356	0.27617131	12.33247159	-0.17002387
0.29313639	12.42862751	-0.13410246	0.29269939	12.42886963	-0.13440916
0.34061781	12.42821155	-0.15045043	0.34018716	12.42850193	-0.15074197
0.32597567	12.36222691	-0.18684394	0.32556557	12.36266755	-0.18727557
0.34475530	12.44050020	-0.15743888	0.34433154	12.44077481	-0.15771792
0.35401276	12.42074454	-0.15518234	0.35357458	12.42100875	-0.15545664
0.33155267	12.36398757	-0.19727932	0.33076932	12.36473959	-0.19790639
0.39024382	12.38692576	-0.16369613	0.38977197	12.38715464	-0.16396377
0.11944119	13.14470699	-0.47609810	0.11944101	13.14496649	-0.47648779
0.14939410	13.13125146	-0.48992449	0.14939357	13.13149714	-0.49029523
0.12329451	13.09221349	-0.58412253	0.12333093	13.09245820	-0.58450552
0.15858550	13.07672569	-0.59456502	0.15861827	13.07695378	-0.59492513
0.16140034	13.11988566	-0.49656595	0.16139762	13.12012578	-0.49692855
0.16724134	13.12625867	-0.49667678	0.16723961	13.12649661	-0.49703615
0.17760671	13.06995131	-0.59062288	0.17763153	13.07017188	-0.59096968
0.20403101	13.07510572	-0.62978887	0.20407023	13.07531022	-0.63012141
0.20289848	13.13183924	-0.52895612	0.20291070	13.13206053	-0.52929546
0.22020144	13.00401387	-0.74766020	0.22025960	13.00418280	-0.74796375
0.19844778	12.99951848	-0.69972053	0.19849018	12.99970592	-0.70003799
0.18411203	13.00269541	-0.69938968	0.18416043	13.00288904	-0.69971907
0.14582754	13.01772047	-0.68842547	0.14588082	13.01793273	-0.68878294
0.39213099	13.09406838	-0.26599669	0.39198151	13.09425031	-0.26622936
0.42663995	13.01358947	-0.18185416	0.42641833	13.01376867	-0.18206274
0.45434304	12.88282382	-0.13529317	0.45405949	12.88300079	-0.13547947
0.31331037	12.99246874	-0.86558393	0.31339275	12.99257611	-0.86583326
0.33717179	12.91360472	-0.95411561	0.33724557	12.91366352	-0.95432200
0.29504916	13.06250313	-0.75393676	0.29512136	13.06264802	-0.75421354
0.13262678	12.96613832	-0.06466788	0.13230871	12.96640686	-0.06504260
0.11144363	13.07039167	-0.10955152	0.11119095	13.07066684	-0.10993938
0.09052561	13.13388965	-0.17982995	0.09034197	13.13417157	-0.18023163
0.08761544	13.03180880	-0.62959270	0.08765162	13.03205833	-0.62998868
0.06730798	13.09752556	-0.55196592	0.06733471	13.09779627	-0.55238305
0.10681778	12.95942736	-0.68359071	0.10684524	12.95965381	-0.68396070
0.46813173	12.68759993	-0.13509657	0.46780019	12.68777376	-0.13526542
0.47671811	12.47812681	-0.16369621	0.47635810	12.47828709	-0.16385404
0.34619862	12.83218207	-1.00621734	0.34625848	12.83220823	-1.00636813
0.34703977	12.75669645	-1.03469888	0.34708584	12.75670024	-1.03480728
0.47769633	12.34130806	-0.20145647	0.47737272	12.34149582	-0.20157360
0.34578225	12.69649269	-1.05281551	0.34581613	12.69648463	-1.05288155
0.15186458	12.47607539	-0.11068663	0.15143042	12.47633835	-0.11105658
0.15855480	12.63208919	-0.08066725	0.15814641	12.63235071	-0.08102488
0.10827093	12.75800742	-0.75262131	0.10825496	12.75820324	-0.75293846
0.10867205	12.82688817	-0.72928419	0.10867101	12.82709541	-0.72962252
0.15026681	12.81149808	-0.05989859	0.14989749	12.81176186	-0.06026100
0.11097267	12.89248149	-0.71152626	0.11098762	12.89269618	-0.71187930
0.32966734	13.14639523	-0.50478923	0.32966267	13.14657470	-0.50506195
0.30430890	13.11750357	-0.63179478	0.30435283	13.11767412	-0.63208015
0.35932891	13.13840053	-0.37841387	0.35925620	13.13858530	-0.37866822
0.06258424	13.16809705	-0.35227533	0.06252406	13.16838688	-0.35269673
0.05972949	13.14410123	-0.45441267	0.05972220	13.14438642	-0.45483620
0.07355269	13.16542241	-0.26079472	0.07343288	13.16570884	-0.26120812
0.88220440	11.96734344	-0.58344643	0.88220657	11.96738784	-0.58336963
0.81676000	12.01719950	-0.47386000	0.81676000	12.01719950	-0.47386000
0.92242071	11.93955092	-0.71179355	0.92240452	11.93959021	-0.71168426
0.90964575	12.00606296	-0.71674759	0.90961670	12.00610264	-0.71664585
0.87379300	12.05295744	-0.63054213	0.87375525	12.05300682	-0.63045690
0.80498456	12.11549222	-0.52791211	0.80492160	12.11554356	-0.52785696
0.95584328	11.93178574	-0.83588093	0.95582616	11.93180550	-0.83575856
0.97534332	11.94756599	-0.94719394	0.97533821	11.94756953	-0.94706712
0.94311219	12.06557616	-0.93081759	0.94309922	12.06558216	-0.93071050
0.92856320	12.03552154	-0.81319389	0.92853799	12.03554453	-0.81308797
0.97462023	11.98962986	-1.04043734	0.97462046	11.98961844	-1.04031367
0.94002485	12.06406358	-1.12758365	0.94003333	12.06403696	-1.12747414
0.91679472	12.12679263	-1.10537707	0.91680029	12.12676916	-1.10527972
0.94055919	12.10021998	-1.02874017	0.94055588	12.10020960	-1.02863754
0.85939062	12.18186384	-1.21912173	0.85940771	12.18182234	-1.21903843
0.74289572	12.33259289	-1.27034923	0.74291803	12.33254785	-1.27030293
0.74673101	12.36109313	-1.19869639	0.74674490	12.36106060	-1.19865590
0.85741733	12.22792383	-1.15657276	0.85742767	12.22789238	-1.15649738
0.60134622	12.48269559	-1.23766285	0.60135917	12.48267530	-1.23765922
0.47123711	12.61336619	-1.15288924	0.47125007	12.61334902	-1.15290263
0.49420000	12.61570000	-1.07906000	0.49420000	12.61570000	-1.07906000
0.61447000	12.50220000	-1.16283000	0.61447000	12.50220000	-1.16283000
0.38313723	12.64705845	-1.05012599	0.38315222	12.64705007	-1.05015258
0.33215892	12.64777974	-0.95757518	0.33216827	12.64779870	-0.95762362
0.37140000	12.64100070	-0.89641000	0.37140000	12.64100070	-0.89641000
0.41679000	12.64250090	-0.98287004	0.41679000	12.64250090	-0.98287004
0.31393842	12.68004874	-0.89897602	0.31394431	12.68010330	-0.89907967
0.30979010	12.70792387	-0.87201947	0.30979572	12.70800061	-0.87215548
0.33778532	12.69614000	-0.81483713	0.33777378	12.69623512	-0.81497421
0.34702801	12.67061244	-0.84189240	0.34701577	12.67068189	-0.84198942
0.30074994	12.69522646	-0.87596444	0.30075459	12.69530454	-0.87610625
0.25739836	12.68560394	-0.84706690	0.25739106	12.68571037	-0.84724762
0.29733583	12.68298051	-0.77747973	0.29730557	12.68309663	-0.77764772
0.33658063	12.68474571	-0.81349217	0.33656648	12.68484132	-0.81363045
0.15045816	12.72239100	-0.72021370	0.15041693	12.72257845	-0.72049878
0.01786302	12.77730090	-0.58089377	0.01777541	12.77757399	-0.58129536
0.02170137	12.81523122	-0.50419570	0.02158701	12.81551531	-0.50461109
0.17413987	12.73778190	-0.64497307	0.17407615	12.73798108	-0.64526109
-0.09899721	12.82084645	-0.51884946	-0.09911015	12.82119130	-0.51935800
-0.20637287	12.85312316	-0.52326197	-0.20646408	12.85353042	-0.52386286
-0.20982467	12.92179687	-0.46313565	-0.20991371	12.92220501	-0.46373899
-0.10121250	12.88052757	-0.44889344	-0.10133439	12.88087768	-0.44941119
-0.31125467	12.87371932	-0.58348054	-0.31128908	12.87419611	-0.58417038
-0.40961191	12.88490382	-0.65149576	-0.40958923	12.88545718	-0.65227139
-0.42638521	12.91283576	-0.59989411	-0.42638128	12.91339508	-0.60068062
-0.32081611	12.92701022	-0.52866826	-0.32085410	12.92748913	-0.52936117
-0.49762358	12.88836157	-0.67983782	-0.49757953	12.88899456	-0.68069186
-0.57741183	12.88518007	-0.66835842	-0.57738023	12.88588461	-0.66928279
-0.57676085	12.88772042	-0.63299849	-0.57675009	12.88841166	-0.63392069
-0.52013232	12.89633001	-0.63173780	-0.52011582	12.89697166	-0.63260839
-0.65178589	12.87727064	-0.61708437	-0.65179058	12.87801717	-0.61806839
-0.70143576	12.86137053	-0.53773596	-0.70149297	12.86210875	-0.53876192
-0.66440849	12.87752466	-0.50939449	-0.66447512	12.87822774	-0.51038335
-0.62664202	12.88649223	-0.58604746	-0.62666001	12.88720477	-0.58700861
-0.70698344	12.83443870	-0.44252475	-0.70710308	12.83512938	-0.44355964
-0.68070320	12.78773095	-0.35257486	-0.68090494	12.78837975	-0.35359124
-0.65901434	12.79419799	-0.36543398	-0.65920477	12.79484082	-0.36643038
-0.67080114	12.84064626	-0.42580719	-0.67093143	12.84131491	-0.42680784
-0.63457454	12.71330316	-0.28910738	-0.63485812	12.71392295	-0.29008238
-0.56150321	12.65258855	-0.24016260	-0.56185714	12.65317101	-0.24106658
-0.54356967	12.71175156	-0.27153395	-0.54386901	12.71232611	-0.27242255
-0.61924329	12.75535052	-0.32166073	-0.61948348	12.75596769	-0.32262027
-0.45476839	12.64745097	-0.19258806	-0.45515957	12.64797475	-0.19339771
-0.32803723	12.62644407	-0.15638694	-0.32844528	12.62689884	-0.15709172
-0.30988776	12.68006421	-0.18518796	-0.31025358	12.68050984	-0.18587660
-0.43556977	12.70481163	-0.22251348	-0.43590873	12.70532589	-0.22330569
-0.19201909	12.52167258	-0.14270761	-0.19244689	12.52205994	-0.14330308
-0.04395367	12.40545252	-0.14979000	-0.04439049	12.40578256	-0.15028130
-0.04109142	12.47521888	-0.18067973	-0.04149209	12.47554751	-0.18116666
-0.18001239	12.58436034	-0.17143373	-0.18040244	12.58474340	-0.17201773
0.11702371	12.34464624	-0.17022044	0.11660014	12.34491793	-0.17063329
0.24587936	12.32632642	-0.19635444	0.24550386	12.32658756	-0.19673732
0.22479991	12.38641413	-0.24731950	0.22442372	12.38668062	-0.24767434
0.10752443	12.41224068	-0.21119164	0.10713291	12.41252300	-0.21159539
0.29432902	12.36234196	-0.21830415	0.29391773	12.36265446	-0.21869302
0.28214410	12.44404043	-0.28545947	0.28184279	12.44425898	-0.28577342
0.27330369	12.41661193	-0.27211305	0.27296967	12.41684789	-0.27244960
0.30601829	12.35114207	-0.23276457	0.30566288	12.35136127	-0.23320913
0.34620000	12.27620000	-0.23202000	0.34620000	12.27620000	-0.23202000
0.31545541	12.33523796	-0.29555257	0.31523760	12.33534476	-0.29578282
0.28163968	12.40218322	-0.28712115	0.28136126	12.40238002	-0.28744401
0.44425997	12.21770000	-0.27141000	0.44425997	12.21770000	-0.27141000
0.57587000	12.16340070	-0.32883000	0.57587000	12.16340070	-0.32883000
0.56735630	12.24400880	-0.38329680	0.56722949	12.24406656	-0.38331223
0.42484741	12.28739989	-0.32974439	0.42468916	12.28747158	-0.32983707
0.70622003	12.08180000	-0.39380000	0.70622003	12.08180000	-0.39380000
0.69829891	12.18241708	-0.44726250	0.69819780	12.18247737	-0.44723814
0.76327251	12.39379148	-1.04793135	0.76327177	12.39378033	-1.04789899
0.86558238	12.24511358	-1.04614555	0.86558026	12.24509893	-1.04607245
0.78222140	12.37780877	-0.85974377	0.78219480	12.37782772	-0.85970751
0.87438775	12.22409801	-0.90562785	0.87436537	12.22410677	-0.90555114
0.79422756	12.26372460	-0.67183718	0.79415843	12.26377132	-0.67178748
0.87389479	12.15068301	-0.75342152	0.87385192	12.15071734	-0.75334179
0.53324297	12.60896095	-0.90362215	0.53324610	12.60899232	-0.90366447
0.64680245	12.52268526	-0.99070600	0.64680589	12.52269070	-0.99070929
0.56355008	12.54015047	-0.69246723	0.56349128	12.54021974	-0.69252497
0.67694009	12.47981755	-0.78145307	0.67690446	12.47985799	-0.78146081
0.56832326	12.38820640	-0.51205701	0.56819121	12.38828737	-0.51210641
0.69069265	12.34160333	-0.58913271	0.69059742	12.34166384	-0.58912333
-0.22108387	12.91715025	-0.37837517	-0.22122525	12.91756246	-0.37898575
-0.11538190	12.87379573	-0.36216134	-0.11555367	12.87415512	-0.36269168
-0.24319539	12.85941399	-0.29186583	-0.24341707	12.85983309	-0.29249407
-0.13673223	12.80953207	-0.27804051	-0.13697929	12.80989999	-0.27858740
-0.01959058	12.74178660	-0.31302008	-0.01983369	12.74210244	-0.31347740
0.00436112	12.80766434	-0.40851412	0.00419537	12.80796428	-0.40895060
-0.27748737	12.76917923	-0.22909344	-0.27778698	12.76961047	-0.22975276
-0.16020079	12.69622514	-0.21591532	-0.16052549	12.69660110	-0.21648198
-0.03372744	12.60979205	-0.23646689	-0.03405416	12.61011691	-0.23694131
-0.55640067	12.91685987	-0.55079901	-0.55642472	12.91750746	-0.55169261
-0.59084172	12.91081507	-0.45921921	-0.59092357	12.91145404	-0.46013623
-0.48874110	12.93100582	-0.39772759	-0.48885691	12.93156995	-0.39855386
-0.45504328	12.94355888	-0.50317182	-0.45508455	12.94412233	-0.50397387
-0.60782071	12.83893938	-0.38005479	-0.60798520	12.83956276	-0.38099762
-0.51905324	12.82912945	-0.32130532	-0.51926520	12.82969786	-0.32216749
-0.33920290	12.94214289	-0.43502752	-0.33929377	12.94262386	-0.43573013
-0.36658009	12.90700510	-0.33644442	-0.36675251	12.90749113	-0.33716890
-0.40273505	12.80959132	-0.26778012	-0.40299466	12.81009159	-0.26854016
0.29150407	12.64197698	-0.65421146	0.29142907	12.64212902	-0.65441546
0.33345722	12.63838332	-0.67726326	0.33339339	12.63851696	-0.67743625
0.26404069	12.57561589	-0.50523396	0.26388636	12.57580276	-0.50549135
0.31054739	12.57441357	-0.51484203	0.31040057	12.57458137	-0.51506965
0.31465958	12.59245639	-0.49925886	0.31451085	12.59262526	-0.49948499
0.33445065	12.65272415	-0.66889719	0.33438742	12.65286020	-0.66907089
0.34176163	12.63506139	-0.69130965	0.34170534	12.63518872	-0.69147020
0.31722788	12.57813848	-0.51402267	0.31708751	12.57830084	-0.51424275
0.34990144	12.55809069	-0.55412280	0.34977902	12.55823507	-0.55430991
0.37140327	12.61612934	-0.74134897	0.37136143	12.61623663	-0.74147878
0.32372028	12.44352535	-0.40306021	0.32352049	12.44367353	-0.40328979
0.29090304	12.49090499	-0.38023266	0.29067716	12.49108646	-0.38050064
0.28489215	12.49522261	-0.37548565	0.28465237	12.49541761	-0.37576610
0.23698987	12.48144747	-0.35985002	0.23673135	12.48166816	-0.36016620
0.44361053	12.55611410	-0.61511144	0.44351627	12.55622341	-0.61523743
0.43819602	12.62294491	-0.81607655	0.43818401	12.62300818	-0.81615283
0.43100502	12.41412368	-0.44849632	0.43084152	12.41422290	-0.44863141
0.13406938	12.64433999	-0.41423227	0.13386885	12.64459120	-0.41458231
0.16153002	12.71432362	-0.53614559	0.16141202	12.71454887	-0.53646126
0.11409098	12.52763978	-0.29910164	0.11379236	12.52791399	-0.29948474
0.16221995	13.14909160	-0.39977415	0.16217291	13.14933843	-0.40013607
0.25597404	13.03517807	-0.13334279	0.25572824	13.03540771	-0.13364324
0.29459280	12.92104290	-0.09141384	0.29428440	12.92126047	-0.09168888
0.32292356	12.74086181	-0.09653769	0.32257021	12.74107232	-0.09679010
0.34211767	12.56159257	-0.12638539	0.34173380	12.56181062	-0.12663180
0.24112978	12.86052264	-0.81829906	0.24116579	12.86065970	-0.81855150
0.33035365	12.38481253	-0.19357174	0.32991630	12.38527041	-0.19398285
0.17580940	13.06475354	-0.59339681	0.17583424	13.06497408	-0.59374425
0.20186697	12.99433592	-0.69302478	0.20190574	12.99452354	-0.69334005
0.89654904	11.96210450	-0.56998684	0.89655420	11.96215262	-0.56990949
0.82714158	12.01980216	-0.45663347	0.82713761	12.01980748	-0.45663139
0.93988258	11.92530445	-0.70316536	0.93987028	11.92534700	-0.70305540
0.74639334	12.33115376	-1.28583817	0.74641736	12.33110569	-1.28579100
0.46162362	12.61909364	-1.16656746	0.46163820	12.61907273	-1.16658340
0.35391739	12.65770742	-1.05896389	0.35393968	12.65769935	-1.05900845
0.28753626	12.66211950	-0.96137132	0.28754943	12.66215287	-0.96145541
0.27306425	12.69285875	-0.90098818	0.27307190	12.69293004	-0.90112298
0.25655074	12.70457235	-0.88854499	0.25656888	12.70467018	-0.88872876
0.20803633	12.69078298	-0.87087960	0.20804078	12.69089938	-0.87109365
0.11904621	12.71379579	-0.75750570	0.11901591	12.71398243	-0.75780160
0.01011195	12.74830655	-0.62830952	0.01003807	12.74856965	-0.62870360
-0.19866887	12.78979619	-0.56400602	-0.19877068	12.79019955	-0.56460010
-0.30147390	12.83149974	-0.61447194	-0.30151280	12.83197218	-0.61515524
-0.48495401	12.89332747	-0.70204523	-0.48488853	12.89395369	-0.70288691
-0.56719036	12.89645415	-0.69085845	-0.56713364	12.89715595	-0.69177111
-0.71367082	12.86567950	-0.54930774	-0.71371918	12.86643056	-0.55033995
-0.19418178	12.53135092	-0.12063784	-0.19462374	12.53173922	-0.12123616
0.13484872	12.36013438	-0.14545244	0.13441784	12.36039710	-0.14585588
0.30187731	12.39005592	-0.23078852	0.30147826	12.39035918	-0.23117467
0.37813081	12.29930560	-0.19668667	0.37788643	12.29956364	-0.19678983
0.46702645	12.23911492	-0.23955495	0.46691178	12.23921053	-0.23959296
0.71392970	12.09204979	-0.37175206	0.71391850	12.09206296	-0.37174827
0.29170146	12.51826333	-0.37339326	0.29146932	12.51845462	-0.37366357
0.58259742	12.77986683	-0.54285509	0.58251189	12.77996899	-0.54295302
0.30415319	12.99244057	-0.53401105	0.30411685	12.99262228	-0.53427594
0.03139814	12.99989995	-0.26806251	0.03121853	13.00020070	-0.26849636
0.10045761	13.08206227	-0.31290030	0.10033657	13.08233637	-0.31329458
0.31669455	12.87224355	-0.29801158	0.31649631	12.87244325	-0.29826490
0.02900766	12.97228436	-0.42652244	0.02891284	12.97257726	-0.42695283
0.12277711	13.04965791	-0.42223545	0.12270760	13.04991668	-0.42261356
0.36637769	12.82586212	-0.69630331	0.36636625	12.82599242	-0.69649454
0.15572589	13.03342851	-0.18400016	0.15550781	13.03368751	-0.18435892
0.22043709	12.81745140	-0.79737640	0.22045408	12.81759811	-0.79763139
0.32842074	12.76135785	-0.53429079	0.32832454	12.76152405	-0.53450836
0.32924612	12.88857123	-0.84464293	0.32929366	12.88867512	-0.84485696
0.38947210	12.43989955	-0.24981857	0.38917213	12.44009427	-0.25005283
0.24459573	13.05043756	-0.45074901	0.24453659	13.05064968	-0.45105513
0.47579152	12.68687592	-0.66928879	0.47574556	12.68697820	-0.66940420
0.69805811	12.75054897	-0.77316603	0.69805094	12.75059231	-0.77321319
0.32484077	12.94364161	-0.20374678	0.32460818	12.94384658	-0.20400336
-0.42990768	12.91721549	-0.25143504	-0.43013602	12.91772697	-0.25221023
0.15209079	13.08585661	-0.25341397	0.15193369	13.08611380	-0.25377685
0.32399694	12.94896529	-0.69128786	0.32401655	12.94911158	-0.69152589
-0.51679742	12.91712184	-0.29198822	-0.51699547	12.91768317	-0.29283640
0.22741100	13.03546951	-0.33260314	0.22728341	13.03569682	-0.33291865
0.28434786	12.46434028	-0.20657158	0.28398060	12.46458701	-0.20688203
0.11875728	13.10312717	-0.37490086	0.11868136	13.10339133	-0.37528482
0.21033158	13.08103466	-0.49322048	0.21030751	13.08125488	-0.49354918
0.25062311	12.61692608	-0.24936746	0.25032728	12.61715464	-0.24966040
0.16729314	12.94136353	-0.51312160	0.16723380	12.94159477	-0.51345920
0.27824682	12.89306205	-0.83492439	0.27829580	12.89318443	-0.83516410
0.28483339	12.84225582	-0.83783802	0.28486843	12.84237099	-0.83805550
0.23128107	13.02546132	-0.54877752	0.23126560	13.02566637	-0.54908784
0.37292322	12.80301693	-0.20129144	0.37265421	12.80321218	-0.20151570
0.49562933	12.59456787	-0.43495992	0.49545983	12.59469184	-0.43508399
0.30580096	12.76205591	-0.88966086	0.30582331	12.76213278	-0.88981945
0.16153215	12.96815345	-0.64833992	0.16154251	12.96836388	-0.64867683
0.38468627	12.38062099	-0.22730892	0.38431497	12.38085434	-0.22755960
0.35400713	12.48748480	-0.31674446	0.35374016	12.48767073	-0.31698624
0.19223113	12.87285362	-0.19115818	0.19196593	12.87310217	-0.19149125
0.38974582	12.73091356	-0.91111386	0.38976096	12.73095390	-0.91120644
0.29741786	12.79472867	-0.85148772	0.29744324	12.79483063	-0.85167498
0.14472209	13.11821620	-0.28580911	0.14459760	13.11847504	-0.28617787
0.41107215	12.61004922	-0.25050493	0.41079227	12.61022384	-0.25069709
0.21569366	12.86265805	-0.77433626	0.21571811	12.86281638	-0.77460965
0.42791372	12.71461691	-0.82848436	0.42791645	12.71469138	-0.82859187
0.82734311	12.74581464	-0.86800451	0.82735328	12.74582739	-0.86802144
0.56652652	12.79209314	-0.92843251	0.56656404	12.79212093	-0.92852176
0.33728093	12.68995953	-0.20274856	0.33698382	12.69016601	-0.20299268
0.24766970	12.76714409	-0.18560994	0.24737467	12.76737479	-0.18590643
