0.86105102	12.73173497	-0.42440217	0.86247472	12.73094018	-0.42497296
0.83399241	12.87039659	-0.45296526	0.83569554	12.86966341	-0.45351834
0.90765902	12.82821902	-0.55202007	0.90900686	12.82735938	-0.55268334
0.93783246	12.69462946	-0.53761735	0.93891001	12.69371571	-0.53830780
0.79185649	12.96193026	-0.51281617	0.79363088	12.96129790	-0.51330208
0.86972060	12.91482447	-0.59454567	0.87116734	12.91404265	-0.59515143
0.91744672	12.87140417	-0.65528452	0.91866522	12.87054504	-0.65594661
0.95488475	12.80102897	-0.64993642	0.95596272	12.80009794	-0.65065042
0.98720154	12.67160030	-0.65117293	0.98803160	12.67062219	-0.65192251
0.71817270	12.76438720	-1.16579310	0.71834330	12.76408283	-1.16600363
0.84032335	12.71224674	-1.14537854	0.84045871	12.71170028	-1.14577882
0.81052498	12.81888073	-1.07631213	0.81090403	12.81835251	-1.07667024
0.68835438	12.86648032	-1.09157381	0.68874042	12.86615925	-1.09172130
0.94182639	12.67702419	-1.08379564	0.94199891	12.67625195	-1.08436376
0.91050388	12.78842711	-1.02488382	0.91093210	12.78769992	-1.02541575
0.87209481	12.85724619	-0.97394942	0.87269441	12.85656783	-0.97443749
0.79336870	12.89892291	-0.98838691	0.79398750	12.89836821	-0.98874390
0.67158885	12.94618102	-0.99236386	0.67224064	12.94582599	-0.99251416
0.61280570	12.83268087	-0.20904672	0.61516239	12.83238820	-0.20914292
0.59598607	12.97012225	-0.25669271	0.59859713	12.96989229	-0.25677063
0.72679777	12.92033605	-0.35146012	0.72894141	12.91981288	-0.35182619
0.74659605	12.78047424	-0.31103316	0.74846519	12.77988851	-0.31140560
0.56504290	13.05700452	-0.34077894	0.56763533	13.05686016	-0.34080051
0.69057659	13.01134893	-0.42685662	0.69274573	13.01092598	-0.42716031
0.46999144	12.88165260	-1.06218788	0.47038198	12.88167934	-1.06195263
0.59530056	12.82642198	-1.13656754	0.59555068	12.82629814	-1.13655756
0.56605922	12.91875827	-1.06383828	0.56652923	12.91862525	-1.06378376
0.44332087	12.96428445	-0.98719639	0.44398997	12.96433479	-0.98690776
0.54792518	12.99328733	-0.96205221	0.54869989	12.99314394	-0.96197586
0.42479134	13.03384300	-0.88421271	0.42580430	13.03392144	-0.88387869
0.01279452	12.99979359	-0.05335733	0.01665002	13.00132306	-0.05147798
-0.11529407	13.01426061	-0.07136834	-0.11136712	13.01624334	-0.06891989
-0.11812865	13.08735741	-0.11867324	-0.11417292	13.08933255	-0.11627063
0.00691446	13.08711179	-0.09790934	0.01087157	13.08866742	-0.09605416
-0.23451534	13.01806984	-0.10349772	-0.23063189	13.02047634	-0.10045617
-0.23626068	13.07903287	-0.15282563	-0.23241921	13.08142359	-0.14984084
-0.23927135	13.11940371	-0.21906554	-0.23562222	13.12174304	-0.21612260
-0.12159890	13.13370382	-0.18535384	-0.11780594	13.13565336	-0.18297526
0.00076860	13.14076238	-0.16421259	0.00460626	13.14231621	-0.16237846
0.04202260	12.98182812	-0.57977327	0.04366295	12.98301355	-0.57813068
0.02859711	13.04453784	-0.55412805	0.03050302	13.04577022	-0.55244626
-0.05228775	13.04776754	-0.54118105	-0.05036699	13.04924330	-0.53913800
-0.03933187	12.99131739	-0.55678725	-0.03762693	12.99275200	-0.55477162
0.01116765	13.09904683	-0.50650851	0.01341165	13.10034885	-0.50477243
-0.07204231	13.09467075	-0.50515006	-0.06982494	13.09622966	-0.50303522
-0.16638607	13.08841020	-0.51802490	-0.16428475	13.09022109	-0.51543006
-0.14551647	13.04685334	-0.55423011	-0.14370854	13.04858061	-0.55170188
-0.13199367	12.99542315	-0.57165989	-0.13040694	12.99711333	-0.56916579
0.98794200	12.28268758	-0.67684672	0.98793970	12.28174573	-0.67756007
0.96381077	12.06417597	-0.69199313	0.96333551	12.06330659	-0.69260732
0.91337387	12.09237394	-0.55601688	0.91323888	12.09171978	-0.55652571
0.93110563	12.29833973	-0.54105383	0.93136160	12.29754739	-0.54167040
0.83725863	12.14398282	-0.43375297	0.83740183	12.14359523	-0.43410431
0.84721260	12.32458474	-0.41479737	0.84769201	12.32395656	-0.41528107
0.97653308	12.37427434	-1.14602968	0.97606291	12.37339352	-1.14667204
0.88200366	12.43633642	-1.21403277	0.88160482	12.43568506	-1.21452790
0.87473220	12.27687684	-1.23900081	0.87394167	12.27623465	-1.23952536
0.96612995	12.18301830	-1.16135816	0.96522118	12.18214307	-1.16200867
0.75620977	12.51483187	-1.24144879	0.75603841	12.51451894	-1.24174541
0.74995563	12.39461978	-1.27305835	0.74941783	12.39430989	-1.27339289
0.86082987	12.17235823	-1.24679816	0.85978809	12.17174059	-1.24731725
0.94532578	12.04871672	-1.15926305	0.94410846	12.04787974	-1.15988419
0.99700633	12.49147137	-0.66246846	0.99745103	12.49048297	-0.66322198
0.94209991	12.50813922	-0.53551336	0.94278787	12.50725311	-0.53619790
0.85987287	12.53742687	-0.41259515	0.86084012	12.53666034	-0.41314481
0.86754570	12.58335732	-1.18694370	0.86746446	12.58278203	-1.18739132
0.96645665	12.53900378	-1.12229076	0.96633606	12.53817047	-1.12290557
0.74268745	12.64278684	-1.21070843	0.74267087	12.64249744	-1.21098518
0.60741723	12.41777108	-0.22635420	0.60837782	12.41742989	-0.22644928
0.61316423	12.63288980	-0.20383134	0.61492439	12.63256029	-0.20391225
0.74340810	12.58137337	-0.29983898	0.74472566	12.58079582	-0.30016695
0.73283127	12.36767860	-0.31048977	0.73354024	12.36720348	-0.31077862
0.46899513	12.70520671	-1.15034270	0.46903490	12.70526776	-1.15027423
0.61178003	12.61475858	-1.21994770	0.61174856	12.61472864	-1.22001355
0.60912916	12.71858034	-1.18642135	0.60918931	12.71849283	-1.18647563
0.47504699	12.78895876	-1.11615562	0.47524017	12.78899678	-1.11600229
0.58710886	12.17435514	-0.30199648	0.58717969	12.17429208	-0.30202028
0.60078116	12.27888455	-0.26326788	0.60122178	12.27862073	-0.26337443
0.72579769	12.21388142	-0.33926495	0.72610115	12.21355551	-0.33948152
0.59928886	12.48698797	-1.25181931	0.59907842	12.48701136	-1.25181655
0.60599584	12.53415857	-1.24362466	0.60587287	12.53414546	-1.24362741
0.46255948	12.64953305	-1.16619320	0.46254174	12.64959940	-1.16615669
0.01587066	12.72107749	-0.05129627	0.01879803	12.72251835	-0.04939621
-0.13025575	12.79317739	-0.05313194	-0.12695946	12.79515758	-0.05050277
-0.11836887	12.91611121	-0.05215537	-0.11467504	12.91809293	-0.04964647
0.01872002	12.87595565	-0.04101459	0.02220933	12.87743031	-0.03911669
-0.26503059	12.84716125	-0.07240031	-0.26153350	12.84964993	-0.06904000
-0.24527030	12.94202869	-0.07842593	-0.24150396	12.94447077	-0.07525421
0.03549115	12.85250642	-0.60842291	0.03671445	12.85372337	-0.60674952
0.04282842	12.91769484	-0.59609703	0.04424223	12.91887858	-0.59445148
-0.03751457	12.92953873	-0.56581766	-0.03600494	12.93098062	-0.56378592
-0.04685681	12.86494138	-0.56927776	-0.04554802	12.86642614	-0.56718800
-0.12989210	12.93803672	-0.57952018	-0.12851052	12.93972458	-0.57700517
-0.14023850	12.87739126	-0.57760295	-0.13899836	12.87911935	-0.57501330
-0.02237015	12.42544101	-0.10517415	-0.02076094	12.42699163	-0.10319713
-0.15504334	12.64578407	-0.06957691	-0.15236619	12.64779750	-0.06683770
-0.00358076	12.55023987	-0.07481481	-0.00138881	12.55171215	-0.07286850
-0.30668420	12.64138110	-0.10087252	-0.30408969	12.64393883	-0.09723539
-0.29022518	12.72930170	-0.08182347	-0.28718476	12.73182879	-0.07826182
0.02430001	12.78645879	-0.61993191	0.02532263	12.78771986	-0.61821459
-0.06696376	12.79889037	-0.56556864	-0.06581451	12.80044525	-0.56336328
-0.08435208	12.77216817	-0.54479138	-0.08318451	12.77378454	-0.54249384
-0.16458348	12.81522494	-0.56423490	-0.16344917	12.81703288	-0.56147994
-0.35778799	13.01699057	-0.14782207	-0.35403632	13.01982122	-0.14407730
-0.35125368	13.06623091	-0.19504834	-0.34760315	13.06898605	-0.19142884
-0.46963614	13.01094691	-0.20045784	-0.46612635	13.01413033	-0.19609035
-0.45113636	13.05061082	-0.24313754	-0.44774918	13.05366191	-0.23895034
-0.43055420	13.08272538	-0.29489424	-0.42734466	13.08563499	-0.29087836
-0.34304431	13.10226933	-0.25515289	-0.33959113	13.10492679	-0.25162799
-0.25065734	13.04542742	-0.57023140	-0.24897860	13.04743837	-0.56715984
-0.23756789	12.99978089	-0.59515185	-0.23614214	13.00173748	-0.59210673
-0.26913911	13.08252049	-0.52955511	-0.26714767	13.08462117	-0.52642454
-0.36431632	13.07453825	-0.53489240	-0.36239490	13.07689324	-0.53124510
-0.35135064	13.04250630	-0.57982497	-0.34976274	13.04476390	-0.57620491
-0.34307609	13.00364094	-0.61341018	-0.34178155	13.00583428	-0.60978242
-0.23997524	12.95110429	-0.61037786	-0.23876308	12.95305691	-0.60727167
-0.35165571	12.96437379	-0.63737819	-0.35058835	12.96656569	-0.63365186
-0.36714169	12.92686512	-0.65039612	-0.36624985	12.92907650	-0.64652593
-0.25331284	12.90160491	-0.61389534	-0.25226260	12.90359216	-0.61066872
-0.51295500	12.90625867	-0.15556954	-0.50952128	12.90961776	-0.15076555
-0.53427853	12.78334674	-0.15876482	-0.53128393	12.78670332	-0.15374600
-0.61007737	12.81944457	-0.21549998	-0.60713934	12.82298319	-0.21017429
-0.59246901	12.91509326	-0.21668148	-0.58928434	12.91856837	-0.21153868
-0.54401270	12.67800918	-0.17502086	-0.54147307	12.68135279	-0.16994744
-0.61863279	12.73691027	-0.22595681	-0.61604231	12.74047421	-0.22056462
-0.66753669	12.80423048	-0.29538067	-0.66499018	12.80778612	-0.28973959
-0.66150064	12.85669959	-0.29064943	-0.65879621	12.86023922	-0.28508709
-0.64581100	12.91964615	-0.29363801	-0.64296577	12.92313456	-0.28821928
-0.43472208	12.66770675	-0.13094294	-0.43206751	12.67071488	-0.12650574
-0.42139685	12.76442163	-0.11315203	-0.41829248	12.76742125	-0.10879498
-0.39735155	12.88412674	-0.10739791	-0.39380209	12.88709716	-0.10326738
-0.46330977	12.94258976	-0.65800404	-0.46241223	12.94500206	-0.65360713
-0.47071871	12.91543962	-0.66790414	-0.46993980	12.91784311	-0.66341054
-0.37953964	12.89355230	-0.65129361	-0.37873640	12.89579192	-0.64730575
-0.54910746	12.94798648	-0.63475017	-0.54805756	12.95064642	-0.62988960
-0.55458041	12.92101183	-0.64884189	-0.55366367	12.92365139	-0.64390320
-0.39009682	12.87694899	-0.64029197	-0.38927101	12.87922516	-0.63622264
-0.27308905	12.85356660	-0.60477091	-0.27211719	12.85561555	-0.60139030
0.90385204	12.88006578	-0.90583386	0.90461289	12.87930684	-0.90639860
0.80457810	12.94807115	-0.89077304	0.80546419	12.94747162	-0.89118773
0.92168388	12.89411354	-0.81748023	0.92264327	12.89329420	-0.81810050
0.82761642	12.96759740	-0.78680162	0.82874516	12.96693199	-0.78729323
0.71848968	13.02454769	-0.74433474	0.71983458	13.02407878	-0.74464769
0.68637932	13.00069352	-0.87276871	0.68737410	13.00028932	-0.87298766
0.92381109	12.89012006	-0.72580029	0.92492240	12.88926689	-0.72645409
0.84622572	12.95862052	-0.68065969	0.84757454	12.95790430	-0.68120847
0.75339527	13.01231746	-0.61766032	0.75500879	13.01177209	-0.61805980
1.00232558	12.66541120	-0.98988384	1.00259972	12.66447857	-0.99056996
0.96630599	12.78747376	-0.94459256	0.96685300	12.78660844	-0.94523457
1.02650697	12.66549110	-0.87900187	1.02693606	12.66448622	-0.87975416
0.98732356	12.79647341	-0.84823752	0.98804781	12.79554026	-0.84894388
1.01915009	12.66452414	-0.76577729	1.01976835	12.66350584	-0.76654994
0.98261121	12.79599137	-0.74896023	0.98351076	12.79504069	-0.74968652
0.56737057	13.04752043	-0.82612708	0.56855428	13.04732936	-0.82612101
0.60698813	13.07291450	-0.67805582	0.60859141	13.07266226	-0.67816058
0.48527048	13.11331688	-0.59363188	0.48721985	13.11333685	-0.59345126
0.44488739	13.08695956	-0.74478093	0.44635468	13.08703751	-0.74449673
0.64932965	13.06144512	-0.54071257	0.65128516	13.06111771	-0.54092451
0.52667714	13.10401705	-0.45625008	0.52902534	13.10396126	-0.45617780
-0.37053017	13.09299768	-0.47694102	-0.36824591	13.09545377	-0.47328534
-0.45480953	13.07460901	-0.48630525	-0.45262987	13.07728344	-0.48216440
-0.43649032	13.06244116	-0.52914040	-0.43457894	13.06499907	-0.52508148
-0.38044871	13.10016974	-0.41358034	-0.37781406	13.10274740	-0.40988384
-0.47533081	13.07732335	-0.44101069	-0.47290323	13.08012705	-0.43676334
-0.56092524	13.05048463	-0.46663223	-0.55871379	13.05348585	-0.46188301
-0.52457150	13.05192708	-0.50062605	-0.52253629	13.05477119	-0.49607531
-0.48783768	13.04992757	-0.52818452	-0.48595891	13.05262789	-0.52383011
-0.40356066	13.09804782	-0.35224616	-0.40060144	13.10078806	-0.34840930
-0.48721730	13.07404485	-0.38900111	-0.48452529	13.07696688	-0.38468328
-0.50041267	13.06061310	-0.33733234	-0.49748503	13.06365770	-0.33291862
-0.54734067	13.04300978	-0.36772901	-0.54462917	13.04613996	-0.36303697
-0.56073545	13.04717228	-0.41599865	-0.55825982	13.05025668	-0.41124452
-0.00152851	13.13878371	-0.42436351	0.00118162	13.14018653	-0.42258087
-0.09379226	13.12777419	-0.43404027	-0.09115110	13.12944965	-0.43183415
-0.00773546	13.16104927	-0.32881172	-0.00455975	13.16252543	-0.32698476
-0.11161209	13.14660812	-0.34698387	-0.10851971	13.14840845	-0.34469921
-0.21404894	13.13060851	-0.37477477	-0.21112540	13.13271438	-0.37199573
-0.19085770	13.11582128	-0.45374127	-0.18836366	13.11776744	-0.45105618
-0.00551046	13.16358358	-0.24165170	-0.00194051	13.16511159	-0.23982347
-0.12018794	13.15100793	-0.26278120	-0.11669789	13.15290028	-0.26043973
-0.23108916	13.13416945	-0.29458079	-0.22776107	13.13641042	-0.29170622
0.98292266	11.96903682	-1.06313179	0.98164501	11.96809062	-1.06378716
1.00748013	12.11361622	-1.06156563	1.00654717	12.11262840	-1.06227280
0.98564977	11.92400801	-0.95752374	0.98440889	11.92305506	-0.95815720
1.01384830	12.07023743	-0.94731256	1.01297403	12.06922659	-0.94802340
1.03620324	12.28773782	-0.93228765	1.03582159	12.28669366	-0.93304242
1.02425075	12.32261679	-1.04802183	1.02378996	12.32161732	-1.04874571
0.96800075	11.90778440	-0.83807415	0.96690365	11.90688938	-0.83865267
0.99824913	12.05525696	-0.82360902	0.99752453	12.05428726	-0.82428555
1.02357280	12.27683036	-0.80790002	1.02334858	12.27580304	-0.80865315
1.02239604	12.50859883	-1.02374511	1.02233456	12.50762047	-1.02446046
1.04196769	12.49073953	-0.90896051	1.04203160	12.48970228	-0.90973449
1.03194457	12.48535493	-0.78774486	1.03218127	12.48431718	-0.78853297
-0.63294480	12.94304759	-0.57872595	-0.63159906	12.94603828	-0.57341714
-0.64005331	12.91285881	-0.58973547	-0.63884421	12.91585480	-0.58434205
-0.68697453	12.93351100	-0.49653216	-0.68521744	12.93679434	-0.49090381
-0.69732239	12.89697147	-0.50138093	-0.69568915	12.90028014	-0.49563719
-0.64174340	12.88933799	-0.59058447	-0.64060071	12.89234025	-0.58514223
-0.68462375	12.92562894	-0.39450097	-0.68232521	12.92905026	-0.38886997
-0.69745678	12.88025721	-0.39409658	-0.69524160	12.88369877	-0.38833133
-0.69999248	12.84442863	-0.39514069	-0.69785796	12.84787350	-0.38931316
-0.28302211	13.10544492	-0.46697959	-0.28064342	13.10765584	-0.46380068
-0.29848979	13.11637043	-0.39404689	-0.29570924	13.11871372	-0.39079250
-0.32206300	13.11717529	-0.32266161	-0.31890926	13.11968557	-0.31928004
-0.57287014	12.96742010	-0.23104426	-0.56962859	12.97083092	-0.22607796
-0.49064436	12.97226080	-0.17069780	-0.48708749	12.97554763	-0.16614259
-0.62904469	12.95979676	-0.30435907	-0.62618281	12.96323134	-0.29909518
-0.60689360	12.98925555	-0.32260983	-0.60407718	12.99261311	-0.31750868
-0.55055502	12.99900090	-0.25667535	-0.54736158	13.00231939	-0.25187440
-0.37446021	12.96219180	-0.11905232	-0.37071970	12.96509460	-0.11514575
-0.44945628	12.97390802	-0.64061833	-0.44838928	12.97631878	-0.63635306
-0.43637713	13.00662120	-0.61332460	-0.43507967	13.00904798	-0.60918135
-0.51988069	13.00600943	-0.59313329	-0.51846687	13.00867604	-0.58852759
-0.53687758	12.97712326	-0.61794697	-0.53566987	12.97978633	-0.61319914
-0.64569987	12.99148074	-0.48764967	-0.64374770	12.99466205	-0.48234344
-0.67003466	12.96356771	-0.49244090	-0.66817812	12.96680756	-0.48695682
-0.61871521	12.97172386	-0.56711925	-0.61723827	12.97469558	-0.56193072
-0.59716916	12.99934135	-0.55068902	-0.59553499	13.00228490	-0.54565815
-0.61342015	13.02102528	-0.48056725	-0.61135581	13.02413500	-0.47548414
-0.56887303	13.02630878	-0.52529904	-0.56703319	13.02922252	-0.52046449
-0.50015492	13.03242715	-0.55496899	-0.49846648	13.03511362	-0.55051716
-0.66761869	12.95898510	-0.39837080	-0.66526538	12.96236201	-0.39288635
-0.64371245	12.98724552	-0.40570372	-0.64133173	12.99055385	-0.40039677
-0.57560134	13.02001996	-0.34862863	-0.57284979	13.02325450	-0.34374651
-0.61041117	13.01745003	-0.41649868	-0.60801355	13.02065417	-0.41142462
-0.52406991	13.03279394	-0.29281968	-0.52098407	13.03597714	-0.28823178
-0.43122965	13.03798131	-0.57384112	-0.42962813	13.04045542	-0.56977325
0.20544893	13.12650180	-0.17865861	0.20904425	13.12738210	-0.17762690
0.17419706	13.16526368	-0.26352885	0.17759161	13.16621059	-0.26241551
0.20111964	13.15253480	-0.27883895	0.20439599	13.15339034	-0.27781724
0.23667487	13.11248124	-0.19087010	0.24015331	13.11325429	-0.18994493
0.15118757	13.17208432	-0.35817911	0.15422403	13.17305604	-0.35699840
0.17655480	13.16023716	-0.37565655	0.17947872	13.16112441	-0.37456747
0.20518958	13.14349664	-0.28888218	0.20839084	13.14433452	-0.28787290
0.24066157	13.10394499	-0.19730824	0.24408182	13.10470113	-0.19639446
0.21187806	13.15108509	-0.29013202	0.21508950	13.15190450	-0.28914577
0.24625671	13.11037134	-0.19230883	0.24970353	13.11111348	-0.19141308
0.19007344	13.15803210	-0.39309156	0.19291722	13.15887391	-0.39204974
0.23340550	13.16304175	-0.42002257	0.23614973	13.16375407	-0.41913585
0.25767208	13.15548927	-0.30904975	0.26079046	13.15616868	-0.30822625
0.29169598	13.11284342	-0.20414580	0.29508033	13.11345350	-0.20340176
0.28042948	12.93878967	-0.05915754	0.28384880	12.93943834	-0.05829509
0.24462141	13.05591939	-0.10451818	0.24825997	13.05669124	-0.10358608
0.28001822	13.04230647	-0.11670400	0.28354084	13.04296253	-0.11589003
0.31908099	12.92459247	-0.07331518	0.32236907	12.92511213	-0.07259820
0.29004514	13.04010724	-0.11737711	0.29354188	13.04073169	-0.11659441
0.32999737	12.92244649	-0.07694427	0.33324983	12.92293195	-0.07626108
0.33479504	13.03772923	-0.12573680	0.33822371	13.03821597	-0.12510508
0.37321196	12.91379503	-0.08379225	0.37638000	12.91414962	-0.08324378
0.39476025	12.72399927	-0.08801476	0.39730016	12.72423911	-0.08752962
0.35533972	12.73849254	-0.08280701	0.35797246	12.73885104	-0.08220701
0.40723133	12.52766229	-0.11914545	0.40898737	12.52779271	-0.11875006
0.37060458	12.55257832	-0.11371764	0.37249040	12.55283114	-0.11321256
0.34428006	12.74091519	-0.07784926	0.34695453	12.74130753	-0.07721565
0.35874290	12.55561311	-0.10855426	0.36067439	12.55590012	-0.10801278
0.31417916	12.57033886	-0.08932002	0.31625875	12.57076688	-0.08861562
0.30332001	12.75923969	-0.06073226	0.30614846	12.75976541	-0.05994570
0.26897115	12.78562531	-0.91528948	0.26940085	12.78602186	-0.91466079
0.26039740	12.85595753	-0.88993686	0.26102563	12.85638272	-0.88923009
0.24217824	12.86208514	-0.83027190	0.24293528	12.86257541	-0.82947838
0.25173401	12.80117102	-0.85432834	0.25230315	12.80163657	-0.85359543
0.24674996	12.92814337	-0.83910826	0.24763502	12.92861033	-0.83832476
0.22789676	12.92698419	-0.78292190	0.22890953	12.92752895	-0.78205919
0.23464619	12.92255883	-0.76516485	0.23568809	12.92310057	-0.76430999
0.25297286	12.80701249	-0.83346705	0.25358726	12.80748914	-0.83271424
0.22599818	12.86284332	-0.81526389	0.22676981	12.86340006	-0.81438085
0.22971923	12.80553767	-0.83842489	0.23029841	12.80608632	-0.83757224
0.21693206	12.92670157	-0.77274904	0.21795566	12.92729240	-0.77182575
0.17675954	12.93955422	-0.75712312	0.17784637	12.94026497	-0.75604725
0.18288211	12.87214502	-0.79579637	0.18371389	12.87282980	-0.79475814
0.18363221	12.80859685	-0.81694138	0.18426330	12.80928551	-0.81591818
0.27244659	12.71577856	-0.94105655	0.27267407	12.71620871	-0.94053351
0.25811092	12.73994219	-0.87889997	0.25849129	12.74039601	-0.87823424
0.26037839	12.75551014	-0.85635951	0.26082324	12.75596550	-0.85565625
0.27734057	12.71874733	-0.87015409	0.27767737	12.71915313	-0.86954214
0.23731004	12.74772239	-0.86557743	0.23769261	12.74825143	-0.86477995
0.18870906	12.74098375	-0.84668093	0.18910536	12.74166792	-0.84568689
0.29036185	12.33084685	-0.15785422	0.29129585	12.33131966	-0.15724512
0.31113852	12.42704447	-0.12416725	0.31257582	12.42744230	-0.12356959
0.35798516	12.42419244	-0.14173897	0.35929627	12.42441649	-0.14130947
0.34075677	12.35505786	-0.17455668	0.34167334	12.35533679	-0.17415482
0.36207033	12.43676140	-0.14905548	0.36339561	12.43698164	-0.14862838
0.37115201	12.41683485	-0.14711664	0.37238739	12.41700720	-0.14673036
0.35392091	12.34899633	-0.18174076	0.35470029	12.34919443	-0.18144690
0.40677864	12.38242231	-0.15650411	0.40780310	12.38243981	-0.15624499
0.13707912	13.14647560	-0.46293126	0.13963111	13.14743613	-0.46169388
0.16638122	13.13263920	-0.47760737	0.16883309	13.13350639	-0.47648064
0.13692124	13.09374764	-0.57094071	0.13892406	13.09465299	-0.56970693
0.17169818	13.07787976	-0.58242596	0.17362016	13.07867901	-0.58132047
0.17803157	13.12113087	-0.48458619	0.18042345	13.12196169	-0.48350019
0.18393027	13.12744868	-0.48486808	0.18633715	13.12826403	-0.48380698
0.19077091	13.07091266	-0.57906101	0.19268847	13.07165817	-0.57802652
0.21619449	13.07579198	-0.61896503	0.21799986	13.07644974	-0.61802496
0.21861437	13.13259252	-0.51818118	0.22090546	13.13329882	-0.51725260
0.22865194	13.00470871	-0.73756981	0.22995134	13.00527727	-0.73669275
0.20800119	13.00038080	-0.68893776	0.20942316	13.00102845	-0.68797504
0.19361624	13.00370140	-0.68809345	0.19504165	13.00439201	-0.68706983
0.15573021	13.01909778	-0.67587941	0.15721994	13.01990082	-0.67471303
0.41504984	13.09278338	-0.26026063	0.41808448	13.09303166	-0.25989743
0.45090248	13.01177683	-0.17687287	0.45397474	13.01192583	-0.17658237
0.47795149	12.88040844	-0.13085802	0.48076524	12.88045768	-0.13061602
0.31917175	12.99250731	-0.85808228	0.32015119	12.99279969	-0.85750002
0.34089546	12.91409747	-0.94774445	0.34154443	12.91432924	-0.94723917
0.30402342	13.06237642	-0.74575475	0.30543669	13.06274460	-0.74512255
0.16177427	12.96910736	-0.05093501	0.16541546	12.97014302	-0.04964104
0.14066880	13.07367471	-0.09573066	0.14448423	13.07478478	-0.09441432
0.11827573	13.13726653	-0.16573555	0.12201615	13.13843012	-0.16437910
0.09924399	13.03372749	-0.61522272	0.10093935	13.03471567	-0.61383516
0.08200385	13.09973641	-0.53707285	0.08414146	13.10081669	-0.53562213
0.11629199	12.96126064	-0.66983605	0.11765606	12.96218434	-0.66851452
0.48874870	12.68466708	-0.13086578	0.49095765	12.68463728	-0.13065509
0.49277650	12.47468475	-0.15965045	0.49415786	12.47456171	-0.15948334
0.34819320	12.83311939	-1.00127338	0.34857530	12.83333159	-1.00086041
0.34793287	12.75830769	-1.03096500	0.34814014	12.75855893	-1.03063962
0.48874023	12.33670545	-0.19879484	0.48939928	12.33654185	-0.19874840
0.34562402	12.69843635	-1.05032110	0.34566719	12.69870630	-1.05008790
0.17159578	12.47768892	-0.09649255	0.17339899	12.47859218	-0.09529939
0.18187085	12.63382226	-0.06695987	0.18433184	12.63469727	-0.06574839
0.11386941	12.76037951	-0.73955476	0.11455382	12.76131149	-0.73824375
0.11557511	12.82902137	-0.71590261	0.11648582	12.82994678	-0.71458867
0.17721836	12.81381576	-0.04620871	0.18037353	12.81475131	-0.04494530
0.11900722	12.89443892	-0.69801746	0.12011709	12.89535631	-0.69670593
0.34615114	13.14580162	-0.49746345	0.34852303	13.14618399	-0.49693616
0.31692056	13.11709811	-0.62371556	0.31881233	13.11749183	-0.62310938
0.37943845	13.13747039	-0.37186430	0.38221328	13.13779862	-0.37141351
0.08481198	13.17106262	-0.33749562	0.08795306	13.17224803	-0.33605576
0.07816287	13.14669366	-0.43943130	0.08081576	13.14784136	-0.43796829
0.09895610	13.16871689	-0.24635537	0.10247148	13.16991033	-0.24495003
0.87923575	11.96269060	-0.58639486	0.87876502	11.96212668	-0.58667946
0.81676000	12.01719950	-0.47386000	0.81676000	12.01719950	-0.47386000
0.91770443	11.93351826	-0.71637052	0.91689388	11.93275699	-0.71682493
0.90607201	12.00011624	-0.72134875	0.90540353	11.99936790	-0.72181191
0.87217890	12.04767414	-0.63449140	0.87179293	12.04703353	-0.63488526
0.80577777	12.11177453	-0.53094210	0.80569211	12.11135943	-0.53126162
0.94961423	11.92543007	-0.84142045	0.94855521	11.92457653	-0.84197192
0.96792147	11.94115632	-0.95329824	0.96672931	11.94024608	-0.95390917
0.93779316	12.05956939	-0.93647988	0.93691143	12.05872622	-0.93707723
0.92425388	12.02943852	-0.81838428	0.92348111	12.02862842	-0.81891730
0.96688208	11.98355295	-1.04668241	0.96566354	11.98264634	-1.04731725
0.93244255	12.05886692	-1.13339928	0.93128398	12.05805713	-1.13400444
0.91039128	12.12184353	-1.11079785	0.90941033	12.12108374	-1.11137729
0.93464611	12.09459619	-1.03440593	0.93370975	12.09376683	-1.03501118
0.85255329	12.17825740	-1.22383424	0.85155420	12.17765674	-1.22434411
0.73787415	12.33119032	-1.27334604	0.73717092	12.33090530	-1.27369993
0.74295656	12.35919917	-1.20157703	0.74240861	12.35886744	-1.20191894
0.85196555	12.22407225	-1.16113027	0.85115047	12.22345764	-1.16163737
0.59982426	12.48308187	-1.23769017	0.59962347	12.48310282	-1.23768674
0.47081515	12.61399302	-1.15250533	0.47077475	12.61404973	-1.15247188
0.49420000	12.61570000	-1.07906000	0.49420000	12.61570000	-1.07906000
0.61447000	12.50220000	-1.16283000	0.61447000	12.50220000	-1.16283000
0.38274045	12.64818561	-1.04906830	0.38271264	12.64833435	-1.04896522
0.33232425	12.64935460	-0.95532575	0.33236269	12.64964400	-0.95508633
0.37140000	12.64100070	-0.89641000	0.37140000	12.64100070	-0.89641000
0.41679000	12.64250090	-0.98287004	0.41679000	12.64250090	-0.98287004
0.31560663	12.68111897	-0.89475731	0.31583381	12.68142222	-0.89435057
0.31235753	12.70853920	-0.86682097	0.31268945	12.70883812	-0.86633718
0.34131054	12.69601392	-0.80998042	0.34172497	12.69626624	-0.80955068
0.34980627	12.67051251	-0.83830741	0.35013522	12.67069357	-0.83798572
0.30297867	12.69598992	-0.87037690	0.30324891	12.69631558	-0.86983818
0.26016808	12.68683166	-0.83966746	0.26047228	12.68733009	-0.83893781
0.30164218	12.68340761	-0.77100770	0.30211714	12.68381356	-0.77039840
0.33992439	12.68464342	-0.80850718	0.34029954	12.68490274	-0.80805354
0.15645784	12.72424409	-0.70851163	0.15714094	12.72507643	-0.70734741
0.02815044	12.78038825	-0.56410751	0.02931872	12.78166789	-0.56239047
0.03465904	12.81832682	-0.48717162	0.03619105	12.81960398	-0.48546722
0.18208491	12.73915978	-0.63359792	0.18299593	12.73995509	-0.63250256
-0.08588620	12.82509225	-0.49706016	-0.08436951	12.82671990	-0.49476490
-0.19295816	12.85822795	-0.49690683	-0.19137857	12.86014772	-0.49402013
-0.19373495	12.92750078	-0.43702450	-0.19171150	12.92947638	-0.43417080
-0.08533591	12.88515629	-0.42694855	-0.08338250	12.88681265	-0.42465046
-0.29954907	12.87887233	-0.55280763	-0.29822876	12.88103647	-0.54929552
-0.40010494	12.88950122	-0.61684645	-0.39911635	12.89183608	-0.61273266
-0.41465757	12.91816659	-0.56489271	-0.41331967	12.92061533	-0.56073903
-0.30678723	12.93287772	-0.49812707	-0.30505387	12.93511705	-0.49463750
-0.48900050	12.89241296	-0.64161659	-0.48812524	12.89491025	-0.63697783
-0.56805223	12.88899952	-0.62650989	-0.56709730	12.89171298	-0.62144237
-0.56573464	12.89203590	-0.59127553	-0.56459162	12.89481316	-0.58623166
-0.50932775	12.90093638	-0.59268961	-0.50817560	12.90357527	-0.58796483
-0.63959488	12.88087300	-0.57171448	-0.63837668	12.88390373	-0.56626786
-0.68480884	12.86531146	-0.49020910	-0.68320343	12.86860415	-0.48448178
-0.64697463	12.88250375	-0.46377131	-0.64516746	12.88573334	-0.45828141
-0.61310812	12.89091906	-0.54213784	-0.61170803	12.89392108	-0.53684379
-0.68573580	12.83969023	-0.39482834	-0.68360916	12.84310336	-0.38907483
-0.65599564	12.79545421	-0.30547645	-0.65351924	12.79897134	-0.29988658
-0.63479333	12.80196137	-0.31905248	-0.63236537	12.80541064	-0.31357629
-0.64902821	12.84677360	-0.37943530	-0.64679996	12.85013507	-0.37389182
-0.60924848	12.72324135	-0.24291064	-0.60677659	12.72676656	-0.23755879
-0.53659425	12.66265485	-0.19547248	-0.53420746	12.66596175	-0.19043633
-0.51899207	12.72161943	-0.22795829	-0.51654566	12.72486317	-0.22302232
-0.59371398	12.76481790	-0.27618891	-0.59120675	12.76825967	-0.27090752
-0.43005328	12.65778043	-0.15199576	-0.42755324	12.66076840	-0.14759136
-0.30437351	12.63590012	-0.12177378	-0.30191463	12.63845652	-0.11815825
-0.28646732	12.68924436	-0.15164468	-0.28396545	12.69174879	-0.14811713
-0.41127940	12.71487568	-0.18308162	-0.40873375	12.71780123	-0.17878355
-0.17149483	12.52913447	-0.11534931	-0.16950932	12.53120979	-0.11259124
-0.02667621	12.41032867	-0.12893289	-0.02522814	12.41190586	-0.12694550
-0.02350347	12.48005545	-0.15984079	-0.02193242	12.48163170	-0.15783875
-0.15935966	12.59167196	-0.14454339	-0.15727662	12.59372227	-0.14181622
0.13205687	12.34689096	-0.15448664	0.13313228	12.34794937	-0.15320005
0.25884362	12.32566553	-0.18367973	0.25966945	12.32627097	-0.18294422
0.23832363	12.38608832	-0.23488424	0.23919662	12.38680999	-0.23402470
0.12275632	12.41449655	-0.19531053	0.12392016	12.41560119	-0.19395505
0.30857436	12.35891008	-0.20642937	0.30940477	12.35934256	-0.20589599
0.29475039	12.44342571	-0.27497782	0.29572866	12.44397165	-0.27431736
0.28620810	12.41575780	-0.26093831	0.28711296	12.41632653	-0.26025948
0.31898361	12.34908724	-0.21990260	0.31970620	12.34947586	-0.21948940
0.34620000	12.27620000	-0.23202000	0.34620000	12.27620000	-0.23202000
0.32362295	12.33628797	-0.28787078	0.32416980	12.33674927	-0.28746148
0.29288088	12.40206590	-0.27652465	0.29372276	12.40263685	-0.27592295
0.44425997	12.21770000	-0.27141000	0.44425997	12.21770000	-0.27141000
0.57587000	12.16340070	-0.32883000	0.57587000	12.16340070	-0.32883000
0.57134798	12.24231069	-0.38332407	0.57156057	12.24220700	-0.38337966
0.43012111	12.28692888	-0.32692303	0.43042383	12.28705418	-0.32678224
0.70622003	12.08180000	-0.39380000	0.70622003	12.08180000	-0.39380000
0.70101316	12.17947077	-0.44890972	0.70111146	12.17919279	-0.44910257
0.76145803	12.39070111	-1.05076857	0.76114679	12.39024102	-1.05111163
0.86160308	12.24064970	-1.05071822	0.86096558	12.23998246	-1.05122947
0.78226260	12.37373468	-0.86293368	0.78214039	12.37320032	-0.86331710
0.87178344	12.21896030	-0.91030553	0.87128629	12.21824927	-0.91082376
0.79541691	12.25911813	-0.67527993	0.79535147	12.25856825	-0.67567830
0.87214845	12.14513470	-0.75790164	0.87171871	12.14442248	-0.75838570
0.53465557	12.60752500	-0.90310076	0.53481925	12.60741435	-0.90310788
0.64702523	12.52095847	-0.99169607	0.64702720	12.52073760	-0.99184154
0.56783400	12.53786735	-0.69169402	0.56824413	12.53773213	-0.69171294
0.67915027	12.47663878	-0.78282805	0.67931738	12.47629260	-0.78304619
0.57371473	12.38585179	-0.51136936	0.57410601	12.38572501	-0.51140378
0.69413102	12.33808243	-0.59088829	0.69433117	12.33772575	-0.59113522
-0.20211469	12.92374919	-0.35170076	-0.19973326	12.92583532	-0.34879906
-0.09677720	12.87913516	-0.33945659	-0.09450785	12.88089125	-0.33707896
-0.22162428	12.86706409	-0.26357135	-0.21901938	12.86928370	-0.26051538
-0.11597888	12.81567321	-0.25397826	-0.11354526	12.81753325	-0.25147450
-0.00171695	12.74609516	-0.29365846	0.00028190	12.74758084	-0.29172811
0.02005816	12.81122560	-0.39053876	0.02190165	12.81258587	-0.38874601
-0.25430763	12.77776873	-0.19767573	-0.25169369	12.78014821	-0.19434253
-0.13910355	12.70295569	-0.19011809	-0.13681086	12.70491940	-0.18747300
-0.01561730	12.61444108	-0.21607505	-0.01378649	12.61598914	-0.21407732
-0.54195025	12.92248369	-0.51044882	-0.54030333	12.92534884	-0.50558689
-0.57200726	12.91736949	-0.41712588	-0.56986454	12.92048020	-0.41209517
-0.46858872	12.93932586	-0.35981093	-0.46612378	12.94226048	-0.35537893
-0.43931979	12.95025800	-0.46723445	-0.43738311	12.95292356	-0.46299411
-0.58407576	12.84665654	-0.33555762	-0.58159529	12.84993910	-0.33034359
-0.49193963	12.83961831	-0.27802465	-0.48914258	12.84280032	-0.27318193
-0.32155635	12.94927352	-0.40383327	-0.31931801	12.95168141	-0.40028916
-0.34524026	12.91581294	-0.30327837	-0.34260766	12.91843735	-0.29954862
-0.37847224	12.81910888	-0.23039503	-0.37575954	12.82190797	-0.22630414
0.29795315	12.64230643	-0.64650617	0.29861891	12.64280884	-0.64580820
0.33924968	12.63823483	-0.67097121	0.33984635	12.63860759	-0.67041182
0.27289618	12.57611685	-0.49568892	0.27371401	12.57674690	-0.49487889
0.31907997	12.57432266	-0.50671112	0.31986553	12.57480545	-0.50605163
0.32382652	12.59229144	-0.49131012	0.32471546	12.59276402	-0.49067302
0.34065460	12.65253390	-0.66265682	0.34132052	12.65290559	-0.66211058
0.34729331	12.63490030	-0.68548051	0.34788004	12.63524832	-0.68496520
0.32575882	12.57805484	-0.50625290	0.32657487	12.57852492	-0.50563338
0.35718926	12.55775462	-0.54756462	0.35786604	12.55813212	-0.54703965
0.37573071	12.61589265	-0.73669245	0.37618524	12.61617448	-0.73627850
0.33259645	12.44379683	-0.39522416	0.33331888	12.44427625	-0.39468987
0.30154269	12.49100374	-0.37097773	0.30245548	12.49155055	-0.37031201
0.29585320	12.49511756	-0.36575733	0.29676250	12.49567246	-0.36505155
0.24827487	12.48185122	-0.34839775	0.24917591	12.48256866	-0.34752999
0.44966322	12.55488180	-0.61127442	0.45023554	12.55502118	-0.61100229
0.44082215	12.62225625	-0.81383757	0.44111445	12.62234670	-0.81365522
0.43795265	12.41343690	-0.44436011	0.43848904	12.41361435	-0.44412339
0.14677330	12.64614550	-0.40027753	0.14806489	12.64713715	-0.39898139
0.17191557	12.71587922	-0.52369033	0.17306141	12.71676971	-0.52251161
0.12822803	12.52978952	-0.28377857	0.12947824	12.53088051	-0.28240906
0.18236368	13.15057022	-0.38798982	0.18520874	13.15143438	-0.38691918
0.28302367	13.03591047	-0.12386921	0.28649135	13.03655334	-0.12306355
0.32113367	12.92110353	-0.08273471	0.32436781	12.92161342	-0.08202513
0.34643386	12.74015980	-0.08839170	0.34905840	12.74054604	-0.08776470
0.36176263	12.55988693	-0.11849556	0.36366692	12.56017239	-0.11796165
0.24650256	12.86129677	-0.80936121	0.24729828	12.86179128	-0.80856132
0.34627654	12.37705643	-0.18191180	0.34723794	12.37732097	-0.18151699
0.18883795	13.06572869	-0.58177937	0.19073228	13.06647962	-0.58073559
0.21152213	12.99515615	-0.68232756	0.21294962	12.99579929	-0.68137151
0.89361547	11.95729305	-0.57307298	0.89315962	11.95671308	-0.57338027
0.82747715	12.01964509	-0.45675002	0.82751792	12.01963914	-0.45676257
0.93498067	11.91902277	-0.70788928	0.93415188	11.91822844	-0.70836817
0.74116160	12.32978500	-1.28888629	0.74043285	12.32949830	-1.28924609
0.46116163	12.61982992	-1.16606478	0.46111646	12.61989547	-1.16601788
0.35350421	12.65939427	-1.05715659	0.35348845	12.65962633	-1.05697990
0.28792945	12.66424004	-0.95756346	0.28800719	12.66464517	-0.95717409
0.27492776	12.69441122	-0.89538139	0.27517730	12.69483520	-0.89483907
0.25836432	12.70588800	-0.88116096	0.25858441	12.70635412	-0.88043464
0.21022494	12.69268182	-0.86181764	0.21046208	12.69331392	-0.86090053
0.12407449	12.71617071	-0.74500394	0.12464006	12.71708225	-0.74373294
0.01864914	12.75164189	-0.61149630	0.01960517	12.75293328	-0.60974159
-0.18720377	12.79448924	-0.53767620	-0.18597555	12.79636836	-0.53478168
-0.29121704	12.83622092	-0.58380764	-0.29016813	12.83833361	-0.58030360
-0.47731947	12.89719967	-0.66444583	-0.47655543	12.89961903	-0.65987575
-0.55899936	12.90005266	-0.64961622	-0.55813690	12.90269770	-0.64461414
-0.69761663	12.86922562	-0.50123685	-0.69606684	12.87254176	-0.49543827
-0.17244668	12.53881246	-0.09311517	-0.17030995	12.54088129	-0.09034063
0.15090490	12.36210787	-0.13025799	0.15213574	12.36308887	-0.12904101
0.31636257	12.38663389	-0.21911139	0.31725699	12.38705037	-0.21859550
0.38525483	12.29372122	-0.19518776	0.38551252	12.29370958	-0.19518188
0.47036681	12.23677838	-0.23895031	0.47050631	12.23671491	-0.23896921
0.71438871	12.09153581	-0.37193200	0.71442612	12.09149774	-0.37195009
0.30308150	12.51809893	-0.36404166	0.30408572	12.51863001	-0.36335916
0.59302197	12.77651011	-0.54178192	0.59428180	12.77628797	-0.54184592
0.31795221	12.99205372	-0.52603392	0.31983256	12.99248965	-0.52540041
0.05441641	13.00365255	-0.25144960	0.05740574	13.00496367	-0.24980083
0.12280500	13.08465600	-0.29891660	0.12582520	13.08573765	-0.29757895
0.33585345	12.87162853	-0.29012706	0.33818235	12.87204983	-0.28950708
0.04632740	12.97545804	-0.40988296	0.04859919	12.97672110	-0.40822913
0.14099136	13.05154926	-0.40889179	0.14347206	13.05252411	-0.40763606
0.37388759	12.82488865	-0.69058280	0.37487881	12.82510656	-0.69013947
0.18153148	13.03557412	-0.17150199	0.18487524	13.03651265	-0.17034548
0.22576332	12.81851715	-0.78791209	0.22650190	12.81909363	-0.78703383
0.33923728	12.76092476	-0.52705139	0.34052255	12.76133023	-0.52645231
0.33443455	12.88835564	-0.83799924	0.33522972	12.88860386	-0.83746859
0.40217468	12.43730156	-0.24283418	0.40319979	12.43746727	-0.24248092
0.26170968	13.05077040	-0.44108652	0.26404922	13.05138219	-0.44026904
0.48217687	12.68502791	-0.66640913	0.48292283	12.68504655	-0.66623297
0.70325506	12.74673562	-0.77430353	0.70392862	12.74630056	-0.77456702
0.34792038	12.94309149	-0.19605462	0.35078569	12.94350602	-0.19545843
-0.40448267	12.92801923	-0.21492608	-0.40131529	12.93096632	-0.21081061
0.17634235	13.08791444	-0.24103997	0.17958108	13.08885297	-0.23989759
0.33315082	12.94844229	-0.68417353	0.33446350	12.94876497	-0.68361412
-0.49206382	12.92749295	-0.25202569	-0.48904244	12.93067318	-0.24740198
0.24803873	13.03614054	-0.32240049	0.25076772	13.03682069	-0.32151672
0.30025047	12.46298243	-0.19630590	0.30155970	12.46347290	-0.19565230
0.13922358	13.10522757	-0.36161802	0.14204965	13.10622934	-0.36036542
0.22656636	13.08173266	-0.48261496	0.22885049	13.08243006	-0.48169368
0.26756228	12.61696681	-0.23890448	0.26927854	12.61759045	-0.23805581
0.18119365	12.94257849	-0.50104328	0.18302130	12.94340516	-0.49992660
0.28363585	12.89340546	-0.82694901	0.28446525	12.89378660	-0.82626806
0.28961227	12.84261855	-0.83038735	0.29032032	12.84298537	-0.82973999
0.24512759	13.02587794	-0.53872177	0.24705916	13.02650109	-0.53785393
0.39363840	12.80150389	-0.19469675	0.39602830	12.80176077	-0.19422676
0.50612494	12.59213684	-0.43191989	0.50718175	12.59210792	-0.43177932
0.30875378	12.76264216	-0.88389301	0.30918457	12.76293529	-0.88337232
0.17212243	12.96942233	-0.63633706	0.17361391	12.97020412	-0.63522330
0.39767737	12.37658805	-0.22023102	0.39848689	12.37668111	-0.21995279
0.36623535	12.48609985	-0.30902174	0.36727751	12.48642534	-0.30854250
0.21525406	12.87419617	-0.17918615	0.21803388	12.87500746	-0.17810350
0.39202438	12.73066640	-0.90813359	0.39235046	12.73074018	-0.90788723
0.30138559	12.79509603	-0.84490161	0.30195559	12.79542807	-0.84432025
0.16833075	13.12028766	-0.27337101	0.17154256	13.12124251	-0.27221724
0.42724904	12.60804144	-0.24483835	0.42889774	12.60819516	-0.24448077
0.22200356	12.86360078	-0.76446074	0.22290178	12.86419013	-0.76355769
0.43133185	12.71351475	-0.82551341	0.43177132	12.71356450	-0.82529721
0.83142134	12.74119000	-0.87082731	0.83197791	12.74056049	-0.87126556
0.56927515	12.79006556	-0.92719929	0.56970139	12.78985800	-0.92719976
0.35636961	12.68880633	-0.19496682	0.35842645	12.68916144	-0.19439294
0.26897525	12.76749741	-0.17529444	0.27140175	12.76812551	-0.17441915
