0.85250249	12.73709729	-0.42246381	0.85292625	12.73705011	-0.42288579
0.82403530	12.87541943	-0.45152647	0.82456919	12.87539877	-0.45202370
0.89994231	12.83363287	-0.54963312	0.90041266	12.83350159	-0.55010700
0.93149688	12.70030094	-0.53470734	0.93186448	12.70014088	-0.53511477
0.78171768	12.96631040	-0.51208068	0.78230597	12.96630117	-0.51262471
0.86161132	12.91977374	-0.59277746	0.86213492	12.91965949	-0.59329242
0.91070122	12.87657449	-0.65298798	0.91117007	12.87639188	-0.65348134
0.94885296	12.80656096	-0.64710778	0.94926825	12.80634783	-0.64757108
0.98241857	12.67733810	-0.64780868	0.98273541	12.67709724	-0.64821567
0.71764909	12.76545306	-1.16579078	0.71781054	12.76522101	-1.16610457
0.83996727	12.71461468	-1.14416802	0.84012174	12.71430005	-1.14451627
0.80891765	12.82133581	-1.07568869	0.80917741	12.82106460	-1.07609236
0.68676907	12.86782415	-1.09238545	0.68704021	12.86762446	-1.09277192
0.94118807	12.68068119	-1.08152394	0.94134973	12.68030693	-1.08190445
0.90856628	12.79200470	-1.02312052	0.90883810	12.79167774	-1.02354817
0.86925919	12.86071241	-0.97266237	0.86960021	12.86043168	-0.97311417
0.79049157	12.90176055	-0.98802718	0.79084723	12.90152876	-0.98847942
0.66859789	12.94797704	-0.99345318	0.66897438	12.94782052	-0.99389732
0.59852990	12.83622692	-0.21112494	0.59913580	12.83654990	-0.21163949
0.58038359	12.97329172	-0.25909758	0.58107541	12.97363134	-0.25967477
0.71411624	12.92465569	-0.35158457	0.71473082	12.92479639	-0.35211810
0.73527847	12.78513224	-0.31072397	0.73578451	12.78524925	-0.31117501
0.54983986	13.05950518	-0.34377998	0.55057029	13.05982582	-0.34440654
0.67800635	13.01493534	-0.42764178	0.67866698	13.01507001	-0.42822621
0.46843925	12.88120558	-1.06550654	0.46871107	12.88114246	-1.06583922
0.59439637	12.82659294	-1.13822985	0.59459894	12.82643897	-1.13855639
0.56409577	12.91916523	-1.06611807	0.56440675	12.91904488	-1.06650499
0.44028984	12.96397555	-0.99124849	0.44066463	12.96396921	-0.99165247
0.54431315	12.99409947	-0.96482325	0.54473244	12.99404249	-0.96527864
0.41979222	13.03375248	-0.88893324	0.42026947	13.03382093	-0.88940587
-0.01089378	12.99284832	-0.06878570	-0.01009583	12.99381899	-0.06923560
-0.13945083	13.00441753	-0.09036247	-0.13866841	13.00544320	-0.09075778
-0.14218618	13.07758670	-0.13727118	-0.14140678	13.07856588	-0.13773966
-0.01724993	13.07994544	-0.11312155	-0.01644421	13.08088011	-0.11365073
-0.25841785	13.00574816	-0.12622186	-0.25766369	13.00679317	-0.12656676
-0.25960900	13.06690814	-0.17496328	-0.25886143	13.06790098	-0.17537488
-0.26113639	13.10778221	-0.24068212	-0.26041397	13.10870376	-0.24113912
-0.14446364	13.12417662	-0.20366520	-0.14370396	13.12509065	-0.20417959
-0.02249869	13.13364613	-0.17923213	-0.02171026	13.13452103	-0.17980825
0.03254223	12.97675464	-0.59318742	0.03306311	12.97724611	-0.59361086
0.01754822	13.03924094	-0.56791605	0.01811399	13.03976103	-0.56839088
-0.06354972	13.04121412	-0.55715275	-0.06299557	13.04176428	-0.55761384
-0.04934891	12.98498396	-0.57256299	-0.04882308	12.98551930	-0.57297485
-0.00197454	13.09337694	-0.52072271	-0.00136983	13.09393781	-0.52124405
-0.08505025	13.08763140	-0.52159930	-0.08446307	13.08822011	-0.52209735
-0.17871925	13.08020304	-0.53736009	-0.17815563	13.08079037	-0.53781684
-0.15616173	13.03909172	-0.57313457	-0.15562611	13.03964119	-0.57355733
-0.14144703	12.98786590	-0.59037945	-0.14093338	12.98839941	-0.59075675
0.98763852	12.28816113	-0.67292413	0.98765581	12.28790238	-0.67316039
0.96617653	12.06929653	-0.68836297	0.96603799	12.06905496	-0.68850239
0.91377984	12.09643880	-0.55301117	0.91372855	12.09630154	-0.55312769
0.92914277	12.30325474	-0.53772614	0.92920669	12.30309821	-0.53793722
0.83595799	12.14667243	-0.43178980	0.83595815	12.14664074	-0.43188909
0.84379831	12.32882302	-0.41236172	0.84389316	12.32876466	-0.41255670
0.97905865	12.37842523	-1.14275943	0.97893690	12.37799568	-1.14303582
0.88414638	12.43915064	-1.21168702	0.88403753	12.43878033	-1.21193618
0.87892238	12.27962258	-1.23620634	0.87864477	12.27925164	-1.23639459
0.97097376	12.18713420	-1.15771899	0.97068155	12.18671385	-1.15792461
0.75717492	12.51591476	-1.24022355	0.75713575	12.51568307	-1.24040598
0.75272795	12.39563893	-1.27140877	0.75252280	12.39539666	-1.27154474
0.86638080	12.17492726	-1.24379968	0.86601839	12.17456471	-1.24393649
0.95174316	12.05257103	-1.15543489	0.95135501	12.05216910	-1.15557143
0.99427321	12.49724944	-0.65866340	0.99445052	12.49699436	-0.65898472
0.93780274	12.51359952	-0.53218960	0.93802370	12.51343012	-0.53250058
0.85376951	12.54255056	-0.41027065	0.85403612	12.54248772	-0.41057806
0.86817688	12.58579182	-1.18512552	0.86821827	12.58545312	-1.18541825
0.96725313	12.54290086	-1.11947212	0.96728540	12.54248824	-1.11980700
0.74306043	12.64373158	-1.20998871	0.74312928	12.64350013	-1.21025065
0.60089534	12.42099751	-0.22684954	0.60107938	12.42114864	-0.22704784
0.60218413	12.63638690	-0.20530241	0.60261512	12.63663690	-0.20566292
0.73508137	12.58583343	-0.29926192	0.73541230	12.58590959	-0.29958450
0.72791007	12.37133789	-0.30947601	0.72804024	12.37138239	-0.30966536
0.46895931	12.70433708	-1.15133737	0.46901409	12.70424793	-1.15144371
0.61199170	12.61454882	-1.21999093	0.61199328	12.61445943	-1.22009722
0.60904813	12.71853925	-1.18698357	0.60912646	12.71839680	-1.18717793
0.47432457	12.78831109	-1.11831106	0.47447050	12.78823042	-1.11852809
0.58658588	12.17504496	-0.30197217	0.58659674	12.17508424	-0.30200050
0.59750377	12.28130873	-0.26316513	0.59755848	12.28139738	-0.26327970
0.72343354	12.21645177	-0.33831930	0.72346050	12.21648389	-0.33842843
0.60032389	12.48653570	-1.25177749	0.60023745	12.48647697	-1.25177018
0.60659667	12.53386999	-1.24368349	0.60654855	12.53379347	-1.24370650
0.46271903	12.64869490	-1.16667775	0.46273189	12.64861990	-1.16673052
-0.00236590	12.71519686	-0.06660826	-0.00168586	12.71617737	-0.06681058
-0.15113744	12.78356891	-0.07354799	-0.15043624	12.78462678	-0.07370953
-0.14130394	12.90631654	-0.07164880	-0.14055118	12.90736144	-0.07194547
-0.00280730	12.86953740	-0.05656357	-0.00204568	12.87051727	-0.05690747
-0.28725853	12.83440025	-0.09785593	-0.28655675	12.83549706	-0.09799227
-0.26874907	12.92946796	-0.10224333	-0.26801025	12.93054669	-0.10249900
0.02836315	12.84719079	-0.62173057	0.02879239	12.84766293	-0.62204197
0.03463307	12.91260626	-0.60939197	0.03511108	12.91308378	-0.60975915
-0.04645736	12.92317174	-0.58164132	-0.04596371	12.92369979	-0.58199589
-0.05472831	12.85836388	-0.58537105	-0.05426642	12.85889043	-0.58566573
-0.13825927	12.93054625	-0.59836481	-0.13777113	12.93107169	-0.59868922
-0.14792518	12.86973915	-0.59690925	-0.14745415	12.87026662	-0.59716992
-0.03250426	12.41926334	-0.11943621	-0.03212539	12.42021899	-0.11930255
-0.17227218	12.63646339	-0.09060907	-0.17166540	12.63752418	-0.09059851
-0.01739708	12.54454863	-0.08974094	-0.01688000	12.54552466	-0.08975971
-0.32380677	12.62885220	-0.12865854	-0.32321003	12.62993691	-0.12852309
-0.31010575	12.71666338	-0.10904984	-0.30945691	12.71776388	-0.10903036
0.01827244	12.78087478	-0.63329435	0.01865612	12.78134410	-0.63355432
-0.07408068	12.79195018	-0.58221287	-0.07364062	12.79247715	-0.58243616
-0.09180397	12.76499331	-0.56198598	-0.09135332	12.76553894	-0.56217055
-0.17185746	12.80724449	-0.58449852	-0.17139500	12.80778590	-0.58468639
-0.38094814	13.00245019	-0.17500689	-0.38022995	13.00348697	-0.17529027
-0.37334629	13.05241719	-0.22102075	-0.37263972	13.05339614	-0.22136801
-0.49104574	12.99521328	-0.23122449	-0.49037014	12.99621605	-0.23145531
-0.47149935	13.03581664	-0.27245843	-0.47083365	13.03676266	-0.27274678
-0.44963286	13.06888941	-0.32294304	-0.44898436	13.06977084	-0.32328137
-0.36369941	13.08923542	-0.28035395	-0.36301320	13.09014332	-0.28074652
-0.26060798	13.03650157	-0.59229393	-0.26009240	13.03704253	-0.59267964
-0.24622335	12.99121274	-0.61709386	-0.24572912	12.99172616	-0.61743597
-0.28080416	13.07305357	-0.55195404	-0.28026188	13.07363982	-0.55237103
-0.37552440	13.06419342	-0.56019627	-0.37499925	13.06477531	-0.56057014
-0.36071955	13.03279746	-0.60496357	-0.36022441	13.03332471	-0.60530776
-0.35110734	12.99434432	-0.63864642	-0.35063106	12.99483238	-0.63894942
-0.24755879	12.94263775	-0.63270172	-0.24708232	12.94313536	-0.63299021
-0.35858487	12.95529439	-0.66320435	-0.35812494	12.95575214	-0.66345831
-0.37328562	12.91787608	-0.67708031	-0.37283362	12.91831455	-0.67728264
-0.26021785	12.89307628	-0.63695583	-0.25975367	12.89356791	-0.63718303
-0.53497002	12.88969359	-0.18998929	-0.53429425	12.89075381	-0.19006670
-0.55485056	12.76765445	-0.19489636	-0.55420158	12.76870428	-0.19481060
-0.63120385	12.80405980	-0.25234731	-0.63056454	12.80503557	-0.25226840
-0.61323774	12.90005797	-0.25208139	-0.61258847	12.90103669	-0.25213049
-0.56286233	12.66285749	-0.21163955	-0.56223863	12.66388424	-0.21142169
-0.63847855	12.72141246	-0.26376579	-0.63784944	12.72236647	-0.26358730
-0.68720354	12.79071166	-0.33412770	-0.68658136	12.79156350	-0.33399915
-0.68097763	12.84304027	-0.32861853	-0.68036121	12.84390745	-0.32855822
-0.66508899	12.90613363	-0.33057308	-0.66447242	12.90700177	-0.33060158
-0.45317081	12.65314210	-0.16411023	-0.45255189	12.65421738	-0.16393588
-0.44206086	12.74946002	-0.14560510	-0.44140705	12.75055742	-0.14555475
-0.41998915	12.86881223	-0.13786159	-0.41929488	12.86990882	-0.13796983
-0.46925178	12.93323934	-0.68778616	-0.46881127	12.93364917	-0.68795440
-0.47612514	12.90615651	-0.69822747	-0.47568647	12.90655463	-0.69835872
-0.38535922	12.88453039	-0.67872640	-0.38490893	12.88496445	-0.67888339
-0.55580219	12.93820519	-0.66758642	-0.55536241	12.93861141	-0.66770331
-0.56055214	12.91140049	-0.68222014	-0.56011846	12.91178432	-0.68229475
-0.39610523	12.86775746	-0.66820298	-0.39564949	12.86820336	-0.66833327
-0.27980377	12.84485848	-0.62882691	-0.27934258	12.84535890	-0.62898817
0.90008433	12.88409536	-0.90413199	0.90047653	12.88382012	-0.90461314
0.80016950	12.95136427	-0.89024786	0.80060907	12.95116309	-0.89074684
0.91667117	12.89869466	-0.81547932	0.91710496	12.89844559	-0.81597720
0.82170089	12.97147176	-0.78585252	0.82219529	12.97129769	-0.78637495
0.71135171	13.02757771	-0.74476194	0.71190389	13.02751334	-0.74530657
0.68141312	13.00308973	-0.87366931	0.68189286	13.00298454	-0.87417449
0.91780716	12.89509176	-0.72358537	0.91826714	12.89487522	-0.72408560
0.83887123	12.96301953	-0.67935901	0.83939851	12.96288261	-0.67988951
0.74446042	13.01602455	-0.61758239	0.74504970	13.01599310	-0.61814031
1.00107371	12.67012577	-0.98695242	1.00127147	12.66973625	-0.98736618
0.96365933	12.79193926	-0.94214983	0.96396786	12.79159838	-0.94260229
1.02429141	12.67083078	-0.87561981	1.02452788	12.67046869	-0.87603829
0.98358765	12.80153150	-0.84540498	0.98393847	12.80121529	-0.84586951
1.01572739	12.67022936	-0.76225281	1.01600277	12.66992196	-0.76266593
0.97773498	12.80138387	-0.74601279	0.97811750	12.80111282	-0.74647693
0.56132071	13.04898563	-0.82870682	0.56184708	13.04899217	-0.82922602
0.59827940	13.07500532	-0.68013024	0.59888803	13.07505849	-0.68070057
0.47441051	13.11427973	-0.59786087	0.47507562	13.11448577	-0.59846396
0.43709717	13.08724613	-0.74946234	0.43767753	13.08738412	-0.75000710
0.63829331	13.06423401	-0.54216512	0.63894706	13.06433181	-0.54275913
0.51317133	13.10570718	-0.45988964	0.51388359	13.10597347	-0.46052261
-0.38387980	13.08197692	-0.50237461	-0.38331972	13.08262955	-0.50276444
-0.46741937	13.06331629	-0.51459509	-0.46687916	13.06394953	-0.51492776
-0.44761046	13.05173191	-0.55694007	-0.44709505	13.05231260	-0.55726733
-0.39575618	13.08838099	-0.43934075	-0.39516434	13.08911138	-0.43973202
-0.48945702	13.06541008	-0.47004277	-0.48889318	13.06610216	-0.47036725
-0.57388688	13.03868159	-0.49878653	-0.57335090	13.03933251	-0.49903349
-0.53635995	13.04057324	-0.53145109	-0.53583987	13.04118106	-0.53172137
-0.49872969	13.03890786	-0.55775981	-0.49822313	13.03948339	-0.55804899
-0.42102354	13.08524638	-0.37904586	-0.42039823	13.08605330	-0.37941858
-0.50309988	13.06146756	-0.41863270	-0.50250907	13.06222670	-0.41894303
-0.51782338	13.04721754	-0.36762340	-0.51720867	13.04804421	-0.36790940
-0.56349862	13.02997089	-0.39971535	-0.56290917	13.03075797	-0.39995697
-0.57554519	13.03476479	-0.44828942	-0.57497920	13.03548553	-0.44853040
-0.01753710	13.13260201	-0.43894412	-0.01688444	13.13323747	-0.43950579
-0.10935506	13.12010158	-0.45110343	-0.10872520	13.12076388	-0.45162414
-0.02667523	13.15450545	-0.34372501	-0.02596616	13.15522887	-0.34431129
-0.12998688	13.13816395	-0.36461307	-0.12930898	13.13891645	-0.36514490
-0.23129469	13.12068448	-0.39524921	-0.23065244	13.12143086	-0.39573407
-0.20549931	13.10685017	-0.47363020	-0.20489876	13.10750749	-0.47410729
-0.02698293	13.15669514	-0.25661799	-0.02622550	13.15749849	-0.25721160
-0.14107048	13.14192801	-0.28080739	-0.14034575	13.14276496	-0.28133989
-0.25085225	13.12332932	-0.31567514	-0.25016574	13.12416462	-0.31615432
0.98959941	11.97368370	-1.05895020	0.98919690	11.97327823	-1.05906918
1.01244617	12.11853761	-1.05748531	1.01216193	12.11812062	-1.05767946
0.99219670	11.92900829	-0.95343463	0.99180652	11.92863775	-0.95352692
1.01850190	12.07556551	-0.94312775	1.01824542	12.07518384	-0.94330244
1.03821596	12.29322913	-0.92820178	1.03813546	12.29283293	-0.92846828
1.02673005	12.32760519	-1.04420349	1.02662127	12.32717450	-1.04448359
0.97369433	11.91276675	-0.83438075	0.97334989	11.91245790	-0.83446108
1.00203478	12.06065506	-0.81959096	1.00182517	12.06033264	-0.81974762
1.02463624	12.28253102	-0.80375056	1.02460085	12.28219534	-0.80400162
1.02282910	12.51347566	-1.02029022	1.02288450	12.51305578	-1.02064084
1.04162166	12.49618149	-0.90508102	1.04171133	12.49579077	-0.90542632
1.03051700	12.49109415	-0.78373640	1.03064862	12.49076309	-0.78407135
-0.64164000	12.93294242	-0.61490120	-0.64117352	12.93340538	-0.61495685
-0.64839238	12.90305684	-0.62665501	-0.64792974	12.90349843	-0.62665978
-0.69916786	12.92301460	-0.53487501	-0.69865027	12.92358743	-0.53488407
-0.70956000	12.88676039	-0.54063354	-0.70904000	12.88731875	-0.54058227
-0.65015476	12.87964325	-0.62792180	-0.64968947	12.88008158	-0.62788882
-0.70050696	12.91394748	-0.43256035	-0.69993786	12.91466256	-0.43256819
-0.71390986	12.86882900	-0.43319575	-0.71333342	12.86953170	-0.43313948
-0.71680401	12.83311812	-0.43470727	-0.71621758	12.83381097	-0.43460573
-0.29689853	13.09532199	-0.48971210	-0.29632127	13.09597925	-0.49014548
-0.31485805	13.10543411	-0.41733488	-0.31423944	13.10617346	-0.41776914
-0.34066654	13.10514594	-0.34675589	-0.34001298	13.10597217	-0.34717995
-0.59323189	12.95239474	-0.26518371	-0.59258364	12.95335681	-0.26531251
-0.51266012	12.95594126	-0.20291422	-0.51197981	12.95698317	-0.20308719
-0.64753717	12.94629521	-0.34009146	-0.64692505	12.94715486	-0.34018072
-0.62445674	12.97582113	-0.35719883	-0.62385160	12.97666097	-0.35733757
-0.57029908	12.98427653	-0.28976420	-0.56965733	12.98520578	-0.28994499
-0.39784914	12.94717117	-0.14760610	-0.39713431	12.94824623	-0.14781811
-0.45621539	12.96438225	-0.66960520	-0.45576596	12.96481669	-0.66982011
-0.44429704	12.99687508	-0.64159189	-0.44383198	12.99734637	-0.64185244
-0.52837662	12.99574589	-0.62421085	-0.52790974	12.99622298	-0.62442598
-0.54432513	12.96714958	-0.64997190	-0.54387424	12.96758619	-0.65013874
-0.65792417	12.98036377	-0.52366635	-0.65740419	12.98096523	-0.52378545
-0.68220956	12.95277874	-0.52974710	-0.68169125	12.95336489	-0.52981099
-0.62789548	12.96134964	-0.60231382	-0.62742275	12.96183628	-0.60242187
-0.60701526	12.98870186	-0.58472125	-0.60653120	12.98921882	-0.58488171
-0.62589208	13.00967860	-0.51500795	-0.62536647	13.01029793	-0.51518724
-0.57969615	13.01532387	-0.55796729	-0.57919411	13.01588491	-0.55818098
-0.51011745	13.02172451	-0.58511444	-0.50962696	13.02226021	-0.58537462
-0.68312835	12.94715559	-0.43539303	-0.68256269	12.94787277	-0.43545662
-0.65883202	12.97525745	-0.44156497	-0.65827049	12.97597282	-0.44168177
-0.59235928	13.00682761	-0.38183819	-0.59176339	13.00763713	-0.38203443
-0.62519560	13.00535830	-0.45089156	-0.62463557	13.00606758	-0.45106702
-0.54271044	13.01872381	-0.32428154	-0.54207826	13.01960823	-0.32451921
-0.44066923	13.02780907	-0.60166938	-0.44018053	13.02833220	-0.60196971
0.18360543	13.12362306	-0.18880620	0.18440140	13.12437018	-0.18945159
0.15376970	13.16183375	-0.27412343	0.15454063	13.16252797	-0.27479463
0.18144256	13.14966814	-0.28884925	0.18220327	13.15033278	-0.28951469
0.21557690	13.11028061	-0.20037004	0.21636443	13.11099945	-0.20101363
0.13314368	13.16841714	-0.36918101	0.13386763	13.16903973	-0.36983372
0.15923810	13.15705216	-0.38609567	0.15995551	13.15764785	-0.38673991
0.18599584	13.14072332	-0.29882788	0.18674947	13.14137599	-0.29948387
0.21994405	13.10185381	-0.20673884	0.22072417	13.10256431	-0.20737672
0.19264548	13.14841317	-0.29993451	0.19340414	13.14906044	-0.30059808
0.22536069	13.10836705	-0.20164375	0.22615056	13.10907651	-0.20228504
0.17328966	13.15507750	-0.40321998	0.17400479	13.15565049	-0.40386065
0.21728614	13.16074975	-0.42918041	0.21800301	13.16127293	-0.42982654
0.23908576	13.15360163	-0.31788917	0.23984772	13.15420079	-0.31855735
0.27126622	13.11158486	-0.21253895	0.27205512	13.11225403	-0.21319866
0.25970583	12.93773304	-0.06829635	0.26051187	12.93853937	-0.06886194
0.22240388	13.05385642	-0.11408909	0.22321077	13.05463748	-0.11471205
0.25853680	13.04100348	-0.12554793	0.25933156	13.04175433	-0.12618191
0.29928257	12.92470682	-0.08195019	0.30008747	12.92552241	-0.08260018
0.26876518	13.03900546	-0.12605484	0.26955850	13.03975075	-0.12669279
0.31044253	12.92277900	-0.08535306	0.31123828	12.92358381	-0.08600401
0.31400714	13.03749080	-0.13348763	0.31480365	13.03820464	-0.13414308
0.35413171	12.91468797	-0.09106858	0.35490988	12.91542308	-0.09168989
0.37960038	12.72545141	-0.09489300	0.38027895	12.72611511	-0.09545422
0.33984467	12.73956380	-0.09091653	0.34057525	12.74031200	-0.09154193
0.39592482	12.52909862	-0.12352382	0.39631470	12.52959523	-0.12375401
0.35856754	12.55345506	-0.11910531	0.35899301	12.55401216	-0.11936769
0.32866262	12.74201824	-0.08645573	0.32942536	12.74281186	-0.08712025
0.34648445	12.55633529	-0.11419317	0.34692627	12.55691228	-0.11445319
0.30107331	12.57038358	-0.09591381	0.30155861	12.57103506	-0.09613529
0.28727875	12.76028067	-0.07138885	0.28814569	12.76123325	-0.07218719
0.26688126	12.78369498	-0.92093026	0.26709782	12.78384167	-0.92114117
0.25730278	12.85401050	-0.89650366	0.25760900	12.85418171	-0.89679590
0.23830139	12.86001479	-0.83752120	0.23864614	12.86022795	-0.83783175
0.24882677	12.79912886	-0.86086756	0.24909895	12.79932195	-0.86111584
0.24229489	12.92619024	-0.84654309	0.24269297	12.92640135	-0.84691290
0.22259112	12.92476426	-0.79091543	0.22300804	12.92501891	-0.79129269
0.22911551	12.92039796	-0.77310413	0.22953645	12.92065725	-0.77348399
0.24979908	12.80496354	-0.84018934	0.25008697	12.80516270	-0.84045172
0.22205621	12.86042296	-0.82317173	0.22241375	12.86064710	-0.82349786
0.22680340	12.80305603	-0.84587600	0.22709204	12.80325761	-0.84614861
0.21156632	12.92427530	-0.78116159	0.21198804	12.92453745	-0.78154250
0.17102975	12.93654993	-0.76661877	0.17146670	12.93684507	-0.76700839
0.17860596	12.86913990	-0.80479050	0.17897647	12.86940568	-0.80512205
0.18039031	12.80547156	-0.82557466	0.18069237	12.80572046	-0.82584913
0.27145922	12.71348152	-0.94563271	0.27158369	12.71361487	-0.94577208
0.25619234	12.73781304	-0.88470326	0.25638460	12.73798092	-0.88488736
0.25811609	12.75347639	-0.86251570	0.25834367	12.75365224	-0.86272825
0.27562927	12.71689280	-0.87548366	0.27580805	12.71704792	-0.87565678
0.23545545	12.74525974	-0.87238260	0.23567819	12.74543634	-0.87259399
0.18674751	12.73775813	-0.85487313	0.18697789	12.73797336	-0.85508859
0.28374903	12.33017935	-0.16285760	0.28391005	12.33073198	-0.16285219
0.30174312	12.42700361	-0.12960854	0.30205621	12.42758127	-0.12973235
0.34932041	12.42487674	-0.14598539	0.34959723	12.42534831	-0.14612597
0.33439723	12.35510637	-0.17827753	0.33456955	12.35553888	-0.17834670
0.35334020	12.43744482	-0.15333074	0.35362551	12.43790702	-0.15348377
0.36293034	12.41774100	-0.15103751	0.36318658	12.41817866	-0.15118108
0.34864692	12.34935189	-0.18477292	0.34879701	12.34970937	-0.18487631
0.39975841	12.38405605	-0.15947321	0.39994753	12.38440274	-0.15961830
0.12216002	13.14276805	-0.47420582	0.12282824	13.14330494	-0.47480976
0.15210098	13.12941509	-0.48821195	0.15276345	13.12992585	-0.48880616
0.12545125	13.09015865	-0.58203618	0.12605609	13.09061020	-0.58257513
0.16075588	13.07482676	-0.59268218	0.16135271	13.07525250	-0.59321419
0.16411994	13.11809197	-0.49490723	0.16477640	13.11859139	-0.49549280
0.16995306	13.12448471	-0.49507840	0.17061667	13.12498081	-0.49566862
0.17985697	13.06814183	-0.58886117	0.18045480	13.06856048	-0.58939032
0.20607985	13.07338677	-0.62815921	0.20667382	13.07376291	-0.62868923
0.20545047	13.13015177	-0.52755286	0.20611794	13.13060025	-0.52814873
0.22169613	13.00249804	-0.74596800	0.22219447	13.00278326	-0.74641808
0.20019627	12.99786708	-0.69792837	0.20070727	12.99819708	-0.69838311
0.18580715	13.00097477	-0.69749140	0.18631967	13.00131102	-0.69794961
0.14752313	13.01582231	-0.68626766	0.14804752	13.01618641	-0.68673420
0.39696188	13.09343386	-0.26615085	0.39773611	13.09395415	-0.26681629
0.43240271	13.01318782	-0.18221209	0.43316459	13.01373379	-0.18284744
0.46098207	12.88246423	-0.13554427	0.46168845	12.88299275	-0.13609330
0.31427744	12.99142674	-0.86436499	0.31472463	12.99158376	-0.86479559
0.33783350	12.91297536	-0.95308956	0.33817473	12.91305531	-0.95343788
0.29651768	13.06119534	-0.75272824	0.29706548	13.06143177	-0.75323546
0.13951329	12.96536957	-0.06274134	0.14031565	12.96624948	-0.06325135
0.11735803	13.06936923	-0.10767244	0.11817038	13.07022596	-0.10825297
0.09554819	13.13256393	-0.17790310	0.09634971	13.13337399	-0.17852512
0.08963623	13.02962545	-0.62710337	0.09018474	13.03006494	-0.62757821
0.06962538	13.09528310	-0.54950886	0.07023637	13.09578811	-0.55004809
0.10873136	12.95736626	-0.68109055	0.10921603	12.95775717	-0.68150062
0.47522250	12.68699557	-0.13500992	0.47577577	12.68745444	-0.13545400
0.48361623	12.47720014	-0.16234654	0.48389661	12.47753173	-0.16258281
0.34651598	12.83187919	-1.00544291	0.34674301	12.83191739	-1.00568577
0.34716148	12.75666384	-1.03419622	0.34730440	12.75668704	-1.03437036
0.48401141	12.33897119	-0.19994965	0.48410784	12.33916520	-0.20007206
0.34569494	12.69658084	-1.05248879	0.34575896	12.69659267	-1.05258212
0.16016764	12.47518602	-0.10614329	0.16059101	12.47599057	-0.10622526
0.16666283	12.63157128	-0.07781041	0.16726220	12.63242077	-0.07810150
0.11011301	12.75614582	-0.75004092	0.11041294	12.75648347	-0.75028725
0.11055667	12.82492546	-0.72665810	0.11092261	12.82528197	-0.72695854
0.15815009	12.81094172	-0.05797117	0.15892388	12.81181722	-0.05842089
0.11285827	12.89047626	-0.70896204	0.11328145	12.89084412	-0.70931229
0.33252245	13.14511984	-0.50424496	0.33322830	13.14550456	-0.50487736
0.30640618	13.11608869	-0.63083295	0.30704157	13.11640202	-0.63141208
0.36310750	13.13741034	-0.37822760	0.36385268	13.13787032	-0.37888546
0.06610251	13.16618725	-0.35010273	0.06682397	13.16685884	-0.35072994
0.06254797	13.14195085	-0.45208368	0.06321302	13.14253442	-0.45267683
0.07779512	13.16380029	-0.25876409	0.07856786	13.16454897	-0.25940244
0.88182274	11.96614813	-0.58467160	0.88169285	11.96601332	-0.58471377
0.81676000	12.01719950	-0.47386000	0.81676000	12.01719950	-0.47386000
0.92198370	11.93802898	-0.71354614	0.92174089	11.93781093	-0.71360696
0.90952905	12.00453570	-0.71851149	0.90932954	12.00432255	-0.71859153
0.87407183	12.05155856	-0.63209831	0.87395474	12.05140417	-0.63217460
0.80591864	12.11442441	-0.52908020	0.80587981	12.11435696	-0.52915803
0.95510915	11.93019395	-0.83790363	0.95477783	11.92990008	-0.83798031
0.97421431	11.94594856	-0.94937517	0.97384161	11.94559579	-0.94946711
0.94248547	12.06405567	-0.93289671	0.94222515	12.06373753	-0.93302877
0.92829234	12.03400403	-0.81515000	0.92806454	12.03373769	-0.81525710
0.97326482	11.98805151	-1.04264860	0.97288383	11.98766629	-1.04276456
0.93856582	12.06265374	-1.12968825	0.93820036	12.06227117	-1.12982153
0.91561807	12.12545913	-1.10739241	0.91531117	12.12510123	-1.10754000
0.93963594	12.09875754	-1.03084104	0.93935214	12.09840589	-1.03098946
0.85788636	12.18079563	-1.22090140	0.85754331	12.18044719	-1.22103601
0.74155744	12.33204880	-1.27151543	0.74128254	12.33181815	-1.27162278
0.74582655	12.36046066	-1.19984874	0.74563589	12.36024113	-1.19997545
0.85631807	12.22682908	-1.15832772	0.85605021	12.22650274	-1.15848342
0.60083001	12.48267506	-1.23764913	0.60075030	12.48262333	-1.23763910
0.47107541	12.61333398	-1.15281520	0.47107475	12.61328271	-1.15283639
0.49420000	12.61570000	-1.07906000	0.49420000	12.61570000	-1.07906000
0.61447000	12.50220000	-1.16283000	0.61447000	12.50220000	-1.16283000
0.38305332	12.64709468	-1.04997631	0.38306750	12.64708743	-1.05000766
0.33229135	12.64766730	-0.95731287	0.33233171	12.64773471	-0.95736198
0.37140000	12.64100070	-0.89641000	0.37140000	12.64100070	-0.89641000
0.41679000	12.64250090	-0.98287004	0.41679000	12.64250090	-0.98287004
0.31445988	12.67965656	-0.89833594	0.31457377	12.67977800	-0.89845263
0.31064158	12.70724884	-0.87116040	0.31081410	12.70738537	-0.87132094
0.33907390	12.69516471	-0.81399754	0.33928366	12.69531199	-0.81417985
0.34795830	12.66992177	-0.84125652	0.34810414	12.67003157	-0.84137711
0.30163221	12.69454866	-0.87508545	0.30179963	12.69468803	-0.87524508
0.25858690	12.68455853	-0.84579479	0.25877273	12.68472846	-0.84596727
0.29895841	12.68179511	-0.77635071	0.29917731	12.68198452	-0.77653946
0.33791898	12.68376349	-0.81267216	0.33812676	12.68391204	-0.81285526
0.15258077	12.72059004	-0.71793544	0.15286657	12.72091774	-0.71816431
0.02105575	12.77484270	-0.57752013	0.02146609	12.77534611	-0.57777731
0.02540672	12.81283430	-0.50079075	0.02586974	12.81340006	-0.50107933
0.17675492	12.73587699	-0.64272742	0.17709026	12.73623580	-0.64298302
-0.09531413	12.81788365	-0.51452183	-0.09482925	12.81848060	-0.51475689
-0.20283086	12.84958993	-0.51813995	-0.20232462	12.85020703	-0.51835196
-0.20616942	12.91837188	-0.45814779	-0.20562038	12.91905432	-0.45842755
-0.09727438	12.87767892	-0.44464527	-0.09674055	12.87834506	-0.44493419
-0.30820536	12.86946167	-0.57765374	-0.30771450	12.87002354	-0.57783079
-0.40703745	12.87995621	-0.64505708	-0.40656949	12.88043163	-0.64519524
-0.42361417	12.90789968	-0.59339475	-0.42312043	12.90843939	-0.59355635
-0.31765632	12.92282675	-0.52288964	-0.31713306	12.92345374	-0.52312429
-0.49522618	12.88284818	-0.67287157	-0.49477131	12.88327209	-0.67295927
-0.57492070	12.87919349	-0.66085505	-0.57446921	12.87960281	-0.66087229
-0.57403406	12.88181568	-0.62549541	-0.57356177	12.88227874	-0.62551990
-0.51745644	12.89076820	-0.62462245	-0.51698110	12.89124851	-0.62470403
-0.64887892	12.87095997	-0.60904773	-0.64839993	12.87142740	-0.60900404
-0.69785137	12.85494931	-0.52933672	-0.69731731	12.85552309	-0.52924747
-0.66073346	12.87138864	-0.50126214	-0.66019071	12.87201562	-0.50122500
-0.62356491	12.88039748	-0.57819873	-0.62306659	12.88091929	-0.57819009
-0.70261616	12.82824541	-0.43402201	-0.70202900	12.82894372	-0.43392157
-0.67551916	12.78196457	-0.34406154	-0.67490084	12.78280441	-0.34392778
-0.65394440	12.78850911	-0.35707367	-0.65333319	12.78933619	-0.35695772
-0.66636072	12.83470446	-0.41752170	-0.66577383	12.83544238	-0.41744927
-0.62858762	12.70802298	-0.28060067	-0.62796543	12.70895342	-0.28041066
-0.55487430	12.64785134	-0.23190295	-0.55425636	12.64884912	-0.23167146
-0.53740965	12.70698420	-0.26357806	-0.53679633	12.70794073	-0.26342913
-0.61367237	12.75002221	-0.31339769	-0.61305656	12.75091445	-0.31326129
-0.44771791	12.64343054	-0.18492455	-0.44711019	12.64447701	-0.18474199
-0.32055954	12.62334084	-0.14931842	-0.31998232	12.62440136	-0.14918163
-0.30287158	12.67689604	-0.17854737	-0.30228353	12.67791402	-0.17848764
-0.42899842	12.70078775	-0.21517910	-0.42838992	12.70179340	-0.21507910
-0.18399695	12.51943554	-0.13580205	-0.18351583	12.52045886	-0.13565841
-0.03577583	12.40382621	-0.14311921	-0.03543091	12.40475666	-0.14296726
-0.03332319	12.47336063	-0.17464444	-0.03293825	12.47425573	-0.17457432
-0.17247634	12.58196560	-0.16509345	-0.17196941	12.58294884	-0.16503031
0.12487873	12.34325491	-0.16382576	0.12509611	12.34402416	-0.16372499
0.25296053	12.32417546	-0.18943298	0.25310272	12.32474333	-0.18939870
0.23253037	12.38373753	-0.24170130	0.23272644	12.38427987	-0.24172888
0.11525699	12.41036505	-0.20555905	0.11552653	12.41109570	-0.20553452
0.30286196	12.35807056	-0.21101527	0.30302472	12.35852049	-0.21106628
0.28845953	12.44180396	-0.28073118	0.28870440	12.44225242	-0.28085099
0.28030539	12.41406168	-0.26668300	0.28052184	12.41452466	-0.26677230
0.31427901	12.34798690	-0.22358590	0.31444905	12.34834887	-0.22365346
0.34620000	12.27620000	-0.23202000	0.34620000	12.27620000	-0.23202000
0.32001796	12.33443710	-0.29115554	0.32015169	12.33474199	-0.29117610
0.28744482	12.40009662	-0.28162308	0.28765530	12.40052188	-0.28169963
0.44425997	12.21770000	-0.27141000	0.44425997	12.21770000	-0.27141000
0.57587000	12.16340070	-0.32883000	0.57587000	12.16340070	-0.32883000
0.56960507	12.24339283	-0.38333833	0.56962543	12.24345629	-0.38340425
0.42784457	12.28678379	-0.32832490	0.42788881	12.28692980	-0.32836774
0.70622003	12.08180000	-0.39380000	0.70622003	12.08180000	-0.39380000
0.69997275	12.18150747	-0.44796515	0.69996727	12.18151419	-0.44804119
0.76315794	12.39287450	-1.04915930	0.76309699	12.39265267	-1.04932696
0.86503335	12.24390088	-1.04792613	0.86485226	12.24359816	-1.04809453
0.78293357	12.37666836	-0.86112264	0.78295618	12.37648715	-0.86130919
0.87442176	12.22275774	-0.90744076	0.87429621	12.22249447	-0.90760503
0.79549806	12.26246787	-0.67322475	0.79549756	12.26234278	-0.67337608
0.87431296	12.14924836	-0.75513724	0.87419996	12.14903946	-0.75526939
0.53395868	12.60830532	-0.90387072	0.53409801	12.60828811	-0.90403873
0.64722085	12.52212364	-0.99132631	0.64729689	12.52203417	-0.99146536
0.56547222	12.53908099	-0.69270786	0.56566685	12.53911161	-0.69292439
0.67823594	12.47877405	-0.78230932	0.67836331	12.47869624	-0.78251310
0.57103991	12.38715987	-0.51200712	0.57115544	12.38723118	-0.51215777
0.69265722	12.34051625	-0.58997449	0.69273050	12.34048727	-0.59013176
-0.21678103	12.91384384	-0.37328767	-0.21620175	12.91461715	-0.37355617
-0.11075420	12.87103749	-0.35777509	-0.11018887	12.87178803	-0.35805087
-0.23793847	12.85623388	-0.28642745	-0.23733795	12.85710720	-0.28662134
-0.13114868	12.80690393	-0.27325288	-0.13057274	12.80774593	-0.27345132
-0.01408259	12.73949560	-0.30896665	-0.01357861	12.74024251	-0.30918007
0.00881524	12.80530826	-0.40490310	0.00930768	12.80596162	-0.40518453
-0.27126912	12.76600573	-0.22307096	-0.27066716	12.76696154	-0.22313861
-0.15350495	12.69373056	-0.21039568	-0.15294981	12.69465131	-0.21046392
-0.02695581	12.60768335	-0.23153003	-0.02649549	12.60851459	-0.23161443
-0.55327217	12.91125882	-0.54346003	-0.55275447	12.91184682	-0.54354566
-0.58703111	12.90522799	-0.45161672	-0.58646838	12.90594137	-0.45167784
-0.48462863	12.92616894	-0.39081042	-0.48404227	12.92696820	-0.39095930
-0.45175806	12.93866271	-0.49652508	-0.45121841	12.93932678	-0.49670812
-0.60307095	12.83347880	-0.37213479	-0.60247334	12.83429513	-0.37210100
-0.51383666	12.82433375	-0.31389039	-0.51322510	12.82522846	-0.31389727
-0.33543697	12.93806860	-0.42914662	-0.33487061	12.93880640	-0.42939020
-0.36191001	12.90301759	-0.33026757	-0.36130843	12.90387761	-0.33045348
-0.39703120	12.80559561	-0.26103246	-0.39641856	12.80653891	-0.26107969
0.29404324	12.64040138	-0.65265240	0.29431098	12.64066288	-0.65286363
0.33576832	12.63697854	-0.67610879	0.33602724	12.63719943	-0.67632275
0.26789159	12.57369057	-0.50278284	0.26816751	12.57404210	-0.50298909
0.31426236	12.57266979	-0.51277713	0.31453440	12.57297812	-0.51299404
0.31841450	12.59069944	-0.49723112	0.31870664	12.59101126	-0.49745469
0.33677945	12.65130063	-0.66774030	0.33705085	12.65152505	-0.66795983
0.34390493	12.63372439	-0.69026475	0.34415532	12.63393236	-0.69047016
0.32079076	12.57644309	-0.51199594	0.32106709	12.57674397	-0.51220909
0.35307228	12.55653569	-0.55252901	0.35331835	12.55678441	-0.55272994
0.37314850	12.61495369	-0.74062412	0.37336054	12.61511899	-0.74081242
0.32799153	12.44210088	-0.40000313	0.32819887	12.44242595	-0.40013246
0.29579682	12.48915877	-0.37693263	0.29605372	12.48954462	-0.37709686
0.29009838	12.49331405	-0.37206530	0.29035628	12.49371183	-0.37223455
0.24258700	12.47915415	-0.35568652	0.24283596	12.47960328	-0.35581672
0.44624124	12.55482576	-0.61441889	0.44646961	12.55497952	-0.61463276
0.43933060	12.62211066	-0.81598565	0.43951010	12.62218032	-0.81616191
0.43444401	12.41316836	-0.44693177	0.43460011	12.41335495	-0.44706066
0.13887626	12.64212050	-0.41106012	0.13924497	12.64264850	-0.41128965
0.16504048	12.71219799	-0.53355849	0.16540634	12.71263094	-0.53381386
0.12048148	12.52536447	-0.29466586	0.12081239	12.52599249	-0.29477046
0.16555337	13.14750234	-0.39828756	0.16626277	13.14808490	-0.39892103
0.26190277	13.03468883	-0.13268773	0.26268937	13.03543390	-0.13332113
0.30170343	12.92130247	-0.09136138	0.30249856	12.92211595	-0.09201617
0.33108657	12.74113964	-0.09689308	0.33183111	12.74190391	-0.09755032
0.34965105	12.56056320	-0.12412785	0.35008645	12.56112742	-0.12439768
0.24236594	12.85925045	-0.81666355	0.24271941	12.85947227	-0.81698139
0.33978325	12.37714096	-0.18569833	0.33997635	12.37754938	-0.18580018
0.17805219	13.06293296	-0.59161453	0.17864491	13.06335035	-0.59213896
0.20366022	12.99268443	-0.69125360	0.20416960	12.99301614	-0.69170622
0.89613838	11.96085645	-0.57123500	0.89601412	11.96071909	-0.57128381
0.82723064	12.01973207	-0.45668405	0.82723900	12.01973646	-0.45668853
0.93937557	11.92372129	-0.70493493	0.93912848	11.92349422	-0.70500133
0.74496592	12.33061186	-1.28702418	0.74467494	12.33037393	-1.28713312
0.46143570	12.61904639	-1.16647071	0.46143380	12.61898219	-1.16649406
0.35381494	12.65777550	-1.05870534	0.35384333	12.65778107	-1.05875744
0.28771425	12.66195116	-0.96080129	0.28776892	12.66205779	-0.96086984
0.27369570	12.69231544	-0.90006746	0.27382619	12.69246377	-0.90019899
0.25741013	12.70367690	-0.88728999	0.25759973	12.70382289	-0.88747093
0.20912591	12.68966613	-0.86930280	0.20931325	12.68985056	-0.86947940
0.12093180	12.71201532	-0.75507267	0.12119420	12.71233895	-0.75528635
0.01298460	12.74589834	-0.62495769	0.01335106	12.74637355	-0.62519269
-0.19510904	12.78620787	-0.55879260	-0.19463483	12.78677768	-0.55894699
-0.29843269	12.82721557	-0.60860707	-0.29796257	12.82773929	-0.60873581
-0.48272704	12.88785172	-0.69517543	-0.48228292	12.88825313	-0.69527956
-0.56492200	12.89048202	-0.68344912	-0.56448521	12.89086271	-0.68348990
-0.71018850	12.85915774	-0.54083890	-0.70966186	12.85971096	-0.54074542
-0.18601040	12.52925697	-0.11379309	-0.18550223	12.53030449	-0.11365695
0.14275461	12.35904581	-0.13927410	0.14300705	12.35982547	-0.13920484
0.31042343	12.38577882	-0.22367740	0.31062083	12.38620636	-0.22376252
0.38347258	12.29474479	-0.19576400	0.38351992	12.29491061	-0.19585214
0.46923439	12.23775387	-0.23925135	0.46923769	12.23783653	-0.23932368
0.71414181	12.09189724	-0.37187065	0.71414858	12.09190852	-0.37188351
0.29679708	12.51641356	-0.37024354	0.29707990	12.51680848	-0.37043206
0.58574160	12.77866747	-0.54333687	0.58617224	12.77877281	-0.54372441
0.30709703	12.99104799	-0.53307611	0.30767630	12.99142373	-0.53358828
0.03623886	12.99809169	-0.26528453	0.03691725	12.99885947	-0.26575761
0.10465759	13.08042269	-0.31084919	0.10536255	13.08111131	-0.31141732
0.32187498	12.87129808	-0.29733538	0.32248860	12.87183511	-0.29785152
0.03270379	12.97007255	-0.42355491	0.03328823	12.97070384	-0.42398594
0.12626237	13.04784043	-0.42020342	0.12689981	13.04842109	-0.42073712
0.36840667	12.82457326	-0.69548820	0.36879781	12.82477695	-0.69583389
0.16118000	13.03236634	-0.18238460	0.16192916	13.03312926	-0.18295143
0.22183831	12.81606407	-0.79561012	0.22216039	12.81630711	-0.79589801
0.33163760	12.75985639	-0.53315798	0.33204675	12.76017614	-0.53349829
0.33039191	12.88755215	-0.84354556	0.33076254	12.88770559	-0.84389691
0.39541354	12.43769689	-0.24652801	0.39563933	12.43801009	-0.24668814
0.24795372	13.04901460	-0.44957642	0.24859642	13.04949747	-0.45013450
0.47796358	12.68564604	-0.66909678	0.47827131	12.68576608	-0.66937401
0.69973478	12.74946842	-0.77415194	0.70006157	12.74938652	-0.77450324
0.33061100	12.94312574	-0.20345925	0.33131818	12.94375510	-0.20405621
-0.42467260	12.91311954	-0.24485738	-0.42402140	12.91409286	-0.24501892
0.15677758	13.08459256	-0.25183101	0.15752159	13.08530249	-0.25243100
0.32592453	12.94763280	-0.69029944	0.32640844	12.94788153	-0.69073657
-0.51186624	12.91241829	-0.28484574	-0.51123159	12.91335361	-0.28496402
0.23170787	13.03425918	-0.33144039	0.23238996	13.03484788	-0.33201575
0.29185799	12.46210129	-0.20222127	0.29217111	12.46262712	-0.20237393
0.12240675	13.10140841	-0.37299843	0.12309427	13.10203336	-0.37358463
0.21326394	13.07943050	-0.49182142	0.21390561	13.07990253	-0.49238717
0.25703160	12.61535828	-0.24701244	0.25748032	12.61591914	-0.24732223
0.17046508	12.93950030	-0.51113199	0.17100585	12.93997218	-0.51157369
0.27939319	12.89192698	-0.83353303	0.27976820	12.89212007	-0.83387924
0.28596455	12.84118646	-0.83653210	0.28629126	12.84137032	-0.83683167
0.23400064	13.02384940	-0.54735153	0.23458996	13.02426487	-0.54786665
0.37921864	12.80228484	-0.20097899	0.37983690	12.80282556	-0.20149574
0.49963163	12.59332614	-0.43452381	0.49994845	12.59351547	-0.43480102
0.30656877	12.76138110	-0.88866890	0.30678028	12.76151399	-0.88887091
0.16370842	12.96631825	-0.64627692	0.16421402	12.96670474	-0.64670763
0.39210283	12.37730129	-0.22316307	0.39225457	12.37757080	-0.22328126
0.35956456	12.48559125	-0.31373827	0.35983034	12.48594072	-0.31392179
0.19819662	12.87186818	-0.18958506	0.19884101	12.87259369	-0.19006799
0.39036414	12.73047806	-0.91070387	0.39052840	12.73053144	-0.91086479
0.29845362	12.79378294	-0.85033924	0.29872718	12.79394724	-0.85058844
0.14902417	13.11683256	-0.28421362	0.14976679	13.11751940	-0.28483665
0.41706416	12.60884860	-0.24945529	0.41749086	12.60923930	-0.24979171
0.21719888	12.86117599	-0.77251556	0.21757182	12.86143987	-0.77284444
0.42907819	12.71372184	-0.82817359	0.42931345	12.71380546	-0.82839868
0.82865086	12.74468940	-0.86952567	0.82895045	12.74448741	-0.86990452
0.56735273	12.79135301	-0.92868519	0.56762183	12.79129937	-0.92899272
0.34380101	12.68880644	-0.20167365	0.34432610	12.68932891	-0.20210616
0.25429052	12.76628340	-0.18453823	0.25490470	12.76695803	-0.18504271
