0.85098000	12.73670000	-0.42027998	0.85076083	12.73684786	-0.42018278
0.82218000	12.87490000	-0.44889998	0.82191884	12.87504613	-0.44879417
0.89827996	12.83360000	-0.54721000	0.89804848	12.83375254	-0.54710126
0.93015003	12.70040000	-0.53268000	0.92995518	12.70055361	-0.53257485
0.77972000	12.96580000	-0.50917000	0.77943779	12.96593732	-0.50905882
0.85980000	12.91970060	-0.59010000	0.85954967	12.91984717	-0.58998819
0.90906000	12.87680050	-0.65046000	0.90883397	12.87695353	-0.65034768
0.94737000	12.80690000	-0.64478004	0.94716281	12.80705682	-0.64466700
0.98124000	12.67780000	-0.64582000	0.98106532	12.67795592	-0.64570774
0.71713000	12.76640000	-1.16413009	0.71704778	12.76647964	-1.16404946
0.83944000	12.71580000	-1.14240000	0.83935567	12.71590057	-1.14229687
0.80804010	12.82230090	-1.07359000	0.80791381	12.82240749	-1.07348645
0.68590003	12.86860080	-1.09031000	0.68576708	12.86868466	-1.09022253
0.94060004	12.68200000	-1.07965000	0.94050633	12.68212137	-1.07953138
0.90761006	12.79310000	-1.02094007	0.90747733	12.79322768	-1.02082275
0.86807007	12.86160000	-0.97031003	0.86790500	12.86172890	-0.97019786
0.78928000	12.90249920	-0.98565000	0.78911007	12.90261388	-0.98554495
0.66735000	12.94850060	-0.99105996	0.66717068	12.94859489	-0.99096578
0.59628004	12.83420000	-0.20819000	0.59600135	12.83428919	-0.20809252
0.57800000	12.97120090	-0.25585002	0.57766689	12.97128746	-0.25572783
0.71198005	12.92340000	-0.34866000	0.71168413	12.92352211	-0.34855013
0.73344004	12.78399940	-0.30827000	0.73319199	12.78412440	-0.30817329
0.54743000	13.05760100	-0.34026000	0.54706991	13.05768231	-0.34012592
0.67580000	13.01380060	-0.42442998	0.67548106	13.01391407	-0.42431139
0.46756002	12.88159940	-1.06358993	0.46742208	12.88163998	-1.06352447
0.59376997	12.82730000	-1.13641012	0.59366047	12.82736097	-1.13633794
0.56310004	12.91970060	-1.06397000	0.56294854	12.91976463	-1.06389160
0.43909000	12.96410080	-0.98893994	0.43890752	12.96414794	-0.98886779
0.54296000	12.99430000	-0.96231000	0.54275954	12.99437267	-0.96222429
0.41830000	13.03350070	-0.88625000	0.41807152	13.03356388	-0.88616501
-0.01381000	12.98910000	-0.06632000	-0.01426105	12.98875506	-0.06609498
-0.14222000	13.00080000	-0.08833000	-0.14275194	13.00030322	-0.08803012
-0.14472000	13.07420060	-0.13491000	-0.14535774	13.07371503	-0.13449906
-0.01992000	13.07640080	-0.11030000	-0.02045549	13.07605561	-0.11000181
-0.26099000	13.00240000	-0.12461000	-0.26155730	13.00180447	-0.12432549
-0.26196000	13.06380000	-0.17306000	-0.26259649	13.06323961	-0.17268602
-0.26321003	13.10500050	-0.23859000	-0.26390293	13.10450586	-0.23816501
-0.14673000	13.12110000	-0.20109999	-0.14749247	13.12065906	-0.20060154
-0.02491000	13.13040070	-0.17619000	-0.02553832	13.13007898	-0.17584081
0.03121000	12.97520000	-0.59077000	0.03086720	12.97522627	-0.59057261
0.01617000	13.03760050	-0.56526000	0.01577334	13.03761150	-0.56500271
-0.06479000	13.03959940	-0.55471003	-0.06520556	13.03959368	-0.55437603
-0.05060000	12.98340000	-0.57033000	-0.05096412	12.98341531	-0.57007503
-0.00341000	13.09160000	-0.51788000	-0.00386913	13.09156317	-0.51753583
-0.08635000	13.08589940	-0.51902000	-0.08682810	13.08583865	-0.51861960
-0.17985000	13.07870000	-0.53517000	-0.18027228	13.07863392	-0.53479939
-0.15723000	13.03770000	-0.57106000	-0.15760770	13.03768462	-0.57073798
-0.14254001	12.98650070	-0.58848000	-0.14288600	12.98649767	-0.58821687
0.98743004	12.28880000	-0.67193000	0.98733274	12.28892177	-0.67183803
0.96647996	12.06990000	-0.68786000	0.96641954	12.07000226	-0.68780282
0.91390000	12.09670070	-0.55256003	0.91384316	12.09679333	-0.55250727
0.92882010	12.30350000	-0.53679000	0.92871611	12.30361856	-0.53671133
0.83595000	12.14660070	-0.43133003	0.83588845	12.14666908	-0.43128392
0.84339000	12.32870000	-0.41143999	0.84328396	12.32880699	-0.41137428
0.97943000	12.38000000	-1.14153000	0.97939352	12.38009951	-1.14141166
0.88453000	12.44060000	-1.21054000	0.88451119	12.44068516	-1.21043445
0.87983000	12.28110000	-1.23539007	0.87982612	12.28117628	-1.23529621
0.97187006	12.18870070	-1.15688000	0.97184652	12.18878838	-1.15677958
0.75735000	12.51690000	-1.23934007	0.75734317	12.51695779	-1.23927489
0.75349003	12.39670090	-1.27077000	0.75350372	12.39675331	-1.27070601
0.86754000	12.17640000	-1.24323000	0.86754672	12.17647148	-1.24315541
0.95291007	12.05410000	-1.15495000	0.95291385	12.05417370	-1.15488657
0.99353000	12.49780000	-0.65717000	0.99339333	12.49794215	-0.65706376
0.93692000	12.51380060	-0.53070000	0.93677223	12.51394145	-0.53060406
0.85271996	12.54230000	-0.40872002	0.85256102	12.54243334	-0.40863673
0.86804000	12.58710000	-1.18370000	0.86799167	12.58719493	-1.18359969
0.96711000	12.54440000	-1.11789000	0.96704718	12.54451368	-1.11776669
0.74284000	12.64470000	-1.20865000	0.74279354	12.64476975	-1.20856983
0.60008997	12.42000000	-0.22572999	0.59998225	12.42007335	-0.22568358
0.60045000	12.63480000	-0.20322001	0.60025462	12.63488596	-0.20315076
0.73379004	12.58500000	-0.29752000	0.73361702	12.58511744	-0.29744582
0.72737000	12.37080000	-0.30848000	0.72726263	12.37089247	-0.30842471
0.46882000	12.70490070	-1.15072000	0.46878491	12.70491999	-1.15069510
0.61207000	12.61500070	-1.21942000	0.61206297	12.61502411	-1.21939783
0.60884000	12.71920000	-1.18590009	0.60879627	12.71924658	-1.18585703
0.47390000	12.78880000	-1.11704000	0.47381703	12.78882306	-1.11699156
0.58653000	12.17480000	-0.30181000	0.58651478	12.17481265	-0.30180680
0.59724003	12.28070000	-0.26254000	0.59717401	12.28075228	-0.26250690
0.72332000	12.21610070	-0.33775002	0.72325289	12.21616450	-0.33771168
0.60072000	12.48690000	-1.25183000	0.60073512	12.48692021	-1.25183354
0.60686004	12.53430080	-1.24357009	0.60686930	12.53432313	-1.24356789
0.46272000	12.64919950	-1.16639006	0.46270695	12.64921426	-1.16637746
-0.00541000	12.71130000	-0.06534000	-0.00566963	12.71102538	-0.06528246
-0.15408000	12.77979950	-0.07262000	-0.15441623	12.77934986	-0.07255650
-0.14420001	12.90260000	-0.07008001	-0.14463474	12.90211405	-0.06989025
-0.00588000	12.86570000	-0.05461000	-0.00624320	12.86538349	-0.05447683
-0.29003000	12.83090110	-0.09720000	-0.29044701	12.83029393	-0.09714093
-0.27146003	12.92600000	-0.10104001	-0.27194427	12.92539027	-0.10085737
0.02713000	12.84570000	-0.61986000	0.02686326	12.84573494	-0.61974659
0.03334000	12.91109940	-0.60725003	0.03303654	12.91113307	-0.60709744
-0.04773000	12.92160000	-0.57967000	-0.04804473	12.92161515	-0.57948536
-0.05600000	12.85679910	-0.58369005	-0.05628414	12.85680349	-0.58356009
-0.13938001	12.92920110	-0.59671000	-0.13968001	12.92920850	-0.59651365
-0.14913000	12.86840060	-0.59556000	-0.14941149	12.86839555	-0.59542759
-0.03472000	12.41560000	-0.11991000	-0.03472597	12.41532932	-0.11993190
-0.17511000	12.63270090	-0.09055000	-0.17532750	12.63228025	-0.09056846
-0.02000000	12.54070000	-0.08941000	-0.02012502	12.54043919	-0.08940744
-0.32655000	12.62550000	-0.12926000	-0.32680523	12.62496416	-0.12933439
-0.31288000	12.71320060	-0.10910000	-0.31320676	12.71262505	-0.10914933
0.01711000	12.77940000	-0.63168000	0.01687801	12.77943621	-0.63160295
-0.07540000	12.79040050	-0.58086000	-0.07566610	12.79039817	-0.58080437
-0.09324000	12.76340000	-0.56080000	-0.09350507	12.76337447	-0.56077692
-0.17319000	12.80590060	-0.58353000	-0.17346311	12.80587176	-0.58347728
-0.38329002	12.99949930	-0.17385000	-0.38384832	12.99886595	-0.17362794
-0.37548003	13.04970000	-0.21959000	-0.37606829	13.04911789	-0.21929839
-0.49313998	12.99270060	-0.23046000	-0.49364404	12.99207661	-0.23029795
-0.47342000	13.03350070	-0.27143000	-0.47393028	13.03294571	-0.27120701
-0.45135003	13.06680000	-0.32168000	-0.45185295	13.06632053	-0.32141018
-0.36559000	13.08680000	-0.27872000	-0.36618721	13.08630131	-0.27837819
-0.26153000	13.03540000	-0.59059000	-0.26185739	13.03537163	-0.59030003
-0.24714000	12.99019910	-0.61556000	-0.24743210	12.99020202	-0.61532076
-0.28180000	13.07180000	-0.55014000	-0.28217538	13.07171208	-0.54981048
-0.37645000	13.06320100	-0.55873000	-0.37678757	13.06309160	-0.55845498
-0.36155000	13.03200050	-0.60361000	-0.36183180	13.03196638	-0.60337209
-0.35190000	12.99370000	-0.63746000	-0.35213596	12.99371919	-0.63726781
-0.24849999	12.94170090	-0.63141000	-0.24875904	12.94171806	-0.63123586
-0.35938000	12.95480060	-0.66225000	-0.35958344	12.95484273	-0.66210210
-0.37412000	12.91750050	-0.67638004	-0.37427737	12.91754902	-0.67627980
-0.26123000	12.89219950	-0.63596004	-0.26146711	12.89221371	-0.63584314
-0.53731000	12.88700000	-0.18991000	-0.53778935	12.88636578	-0.18991139
-0.55726000	12.76500000	-0.19554000	-0.55770015	12.76441811	-0.19567679
-0.63338000	12.80180070	-0.25304002	-0.63381910	12.80129422	-0.25320040
-0.61534000	12.89779950	-0.25218000	-0.61578484	12.89726223	-0.25223251
-0.56526000	12.66030000	-0.21289001	-0.56570792	12.65978539	-0.21307603
-0.64064000	12.71920000	-0.26498002	-0.64110090	12.71873851	-0.26519479
-0.68911000	12.78900050	-0.33506000	-0.68955167	12.78865163	-0.33526011
-0.68287003	12.84130000	-0.32923000	-0.68328778	12.84091298	-0.32939390
-0.66691000	12.90440080	-0.33078000	-0.66730419	12.90398521	-0.33086114
-0.45578000	12.65020000	-0.16502000	-0.45614294	12.64962608	-0.16517730
-0.44467002	12.74640000	-0.14595000	-0.44507047	12.74577364	-0.14605269
-0.42255998	12.86570000	-0.13751000	-0.42302043	12.86504022	-0.13747551
-0.47001000	12.93320000	-0.68729000	-0.47011330	12.93322602	-0.68727141
-0.47691998	12.90619950	-0.69790000	-0.47698772	12.90622663	-0.69791843
-0.38627002	12.88420000	-0.67825000	-0.38640024	12.88423739	-0.67819253
-0.55660003	12.93830000	-0.66731000	-0.55671097	12.93824232	-0.66734446
-0.56136000	12.91160000	-0.68211000	-0.56144455	12.91157444	-0.68219932
-0.39709002	12.86740000	-0.66786000	-0.39722065	12.86741680	-0.66783131
-0.28094003	12.84400080	-0.62815000	-0.28116504	12.84399647	-0.62810159
0.89871997	12.88490000	-0.90165010	0.89853215	12.88504104	-0.90153304
0.79868000	12.95190000	-0.88763000	0.79847158	12.95202636	-0.88751839
0.91517000	12.89930000	-0.81292003	0.91496367	12.89944756	-0.81280171
0.82003003	12.97180080	-0.78312004	0.81979605	12.97193783	-0.78300516
0.70954000	13.02749920	-0.74186003	0.70927678	13.02761452	-0.74174657
0.67983000	13.00330070	-0.87096995	0.67960270	13.00340583	-0.87086519
0.91621000	12.89550000	-0.72102000	0.91599069	12.89565326	-0.72090437
0.83707000	12.96309950	-0.67659000	0.83682058	12.96324190	-0.67647610
0.74250000	13.01570000	-0.61460000	0.74222014	13.01582658	-0.61448670
1.00032000	12.67140000	-0.98494000	1.00020452	12.67153744	-0.98481056
0.96255000	12.79300000	-0.93988000	0.96239782	12.79314444	-0.93975574
1.02339000	12.67190070	-0.87360000	1.02325134	12.67204859	-0.87347187
0.98232000	12.80240060	-0.84309000	0.98214788	12.80255518	-0.84296721
1.01469000	12.67100050	-0.76026005	1.01453393	12.67115149	-0.76014001
0.97636000	12.80200100	-0.74369997	0.97617238	12.80215752	-0.74358104
0.55964000	13.04880000	-0.82587004	0.55938754	13.04888602	-0.82576689
0.59634000	13.07450000	-0.67702000	0.59604448	13.07459797	-0.67690380
0.47237000	13.11320000	-0.59450000	0.47203563	13.11327238	-0.59436449
0.43532000	13.08660000	-0.74642000	0.43502779	13.08667281	-0.74630471
0.63618004	13.06340000	-0.53891003	0.63586320	13.06350663	-0.53878774
0.51093000	13.10420130	-0.45635000	0.51057264	13.10427696	-0.45621018
-0.38498002	13.08070090	-0.50084000	-0.38537117	13.08050251	-0.50054288
-0.46847000	13.06230070	-0.51340000	-0.46881298	13.06209286	-0.51318021
-0.44854003	13.05090000	-0.55575000	-0.44884576	13.05075917	-0.55553456
-0.39706000	13.08680000	-0.43781000	-0.39750112	13.08650417	-0.43750992
-0.49065000	13.06420000	-0.46890002	-0.49101311	13.06393387	-0.46867937
-0.57501000	13.03780080	-0.49801000	-0.57529129	13.03756093	-0.49788512
-0.53738000	13.03980000	-0.53056000	-0.53765464	13.03960252	-0.53041611
-0.49967000	13.03820000	-0.55677000	-0.49993883	13.03803793	-0.55660740
-0.42254000	13.08340000	-0.37761000	-0.42302663	13.08300787	-0.37731846
-0.50447005	13.06000000	-0.41755000	-0.50486142	13.05966530	-0.41733367
-0.51939005	13.04550080	-0.36666000	-0.51980488	13.04508399	-0.36645595
-0.56496000	13.02850060	-0.39896000	-0.56531353	13.02813471	-0.39881524
-0.57684004	13.03360000	-0.44754002	-0.57716193	13.03329707	-0.44740784
-0.01915000	13.13050000	-0.43595000	-0.01971067	13.13036918	-0.43554574
-0.11083000	13.11810000	-0.44846000	-0.11139170	13.11794177	-0.44799866
-0.02855000	13.15200000	-0.34064000	-0.02920670	13.15178440	-0.34022057
-0.13171001	13.13580000	-0.36194000	-0.13242661	13.13552170	-0.36141702
-0.23283000	13.11860080	-0.39301000	-0.23340652	13.11831779	-0.39259398
-0.20680001	13.10510000	-0.47139000	-0.20729182	13.10494406	-0.47098703
-0.02912000	13.15380000	-0.25350000	-0.02982458	13.15349826	-0.25311518
-0.14306001	13.13920000	-0.27815002	-0.14401672	13.13882002	-0.27761097
-0.25265000	13.12090000	-0.31348000	-0.25335064	13.12052342	-0.31306143
0.99070996	11.97510050	-1.05858000	0.99070662	11.97517256	-1.05852827
1.01325000	12.12000000	-1.05672000	1.01321065	12.12008962	-1.05662865
0.99313000	11.93020060	-0.95313996	0.99312621	11.93027220	-0.95309954
1.01915000	12.07680000	-0.94247000	1.01909842	12.07689282	-0.94239164
1.03833000	12.29450000	-0.92706007	1.03825576	12.29461301	-0.92694768
1.02699000	12.32910060	-1.04298007	1.02693283	12.32920860	-1.04285947
0.97445005	11.91370000	-0.83416003	0.97444211	11.91377323	-0.83412556
1.00251000	12.06160000	-0.81902000	1.00245041	12.06169698	-0.81895219
1.02458000	12.28350000	-0.80270004	1.02449259	12.28361762	-0.80259882
1.02255000	12.51490000	-1.01866000	1.02246661	12.51502547	-1.01852984
1.04119000	12.49740000	-0.90349000	1.04109001	12.49753539	-0.90336329
1.02993000	12.49200000	-0.78220004	1.02981068	12.49213985	-0.78208206
-0.64261000	12.93289950	-0.61489004	-0.64275537	12.93281593	-0.61499882
-0.64938000	12.90310100	-0.62684005	-0.64952704	12.90304219	-0.62700231
-0.70040005	12.92260000	-0.53506000	-0.70062587	12.92247906	-0.53521924
-0.71084000	12.88640000	-0.54106003	-0.71107759	12.88631198	-0.54128284
-0.65117997	12.87970000	-0.62825000	-0.65133886	12.87965268	-0.62845372
-0.70203000	12.91290000	-0.43280002	-0.70234375	12.91265939	-0.43291724
-0.71549004	12.86780000	-0.43372002	-0.71584318	12.86760722	-0.43391342
-0.71843000	12.83210000	-0.43544003	-0.71882149	12.83193603	-0.43568719
-0.29807000	13.09380050	-0.48784000	-0.29850586	13.09362092	-0.48748816
-0.31627000	13.10360000	-0.41546997	-0.31678399	13.10331007	-0.41511036
-0.34231000	13.10300000	-0.34497002	-0.34287782	13.10259943	-0.34461404
-0.59524006	12.95020000	-0.26494000	-0.59568695	12.94966110	-0.26490836
-0.51489000	12.95330000	-0.20242000	-0.51539101	12.95265000	-0.20231957
-0.64929000	12.94460000	-0.34003000	-0.64967062	12.94418183	-0.34004795
-0.62613004	12.97420000	-0.35691000	-0.62649554	12.97379008	-0.35687686
-0.57219000	12.98220060	-0.28928003	-0.57263049	12.98167872	-0.28918056
-0.40033004	12.94409940	-0.14678000	-0.40084424	12.94343454	-0.14663719
-0.45696002	12.96420000	-0.66890000	-0.45710523	12.96421147	-0.66883003
-0.44506000	12.99650000	-0.64068000	-0.44527330	12.99647757	-0.64054580
-0.52919000	12.99550060	-0.62354004	-0.52936861	12.99539762	-0.62346753
-0.54512000	12.96710110	-0.64950000	-0.54525507	12.96701825	-0.64947962
-0.65907997	12.97980000	-0.52342004	-0.65930977	12.97961904	-0.52344834
-0.68340004	12.95230000	-0.52972000	-0.68362528	12.95214946	-0.52981684
-0.62885000	12.96120000	-0.60210000	-0.62900675	12.96108935	-0.60215021
-0.60797000	12.98840000	-0.58430000	-0.60815239	12.98826311	-0.58429129
-0.62702000	13.00900000	-0.51452000	-0.62726674	13.00879210	-0.51447432
-0.58068000	13.01480000	-0.55733000	-0.58090710	13.01463015	-0.55725611
-0.51100004	13.02120110	-0.58425003	-0.51123938	13.02106669	-0.58411984
-0.68459004	12.94610000	-0.43540000	-0.68489245	12.94583975	-0.43545575
-0.66023004	12.97420000	-0.44134998	-0.66052389	12.97392476	-0.44134945
-0.59391000	13.00530000	-0.38129002	-0.59426409	13.00491594	-0.38119166
-0.62652004	13.00430000	-0.45043000	-0.62681787	13.00401774	-0.45036626
-0.54446000	13.01680000	-0.32354000	-0.54489717	13.01632331	-0.32337941
-0.44150000	13.02720070	-0.60058000	-0.44175759	13.02712344	-0.60039801
0.18115000	13.12039950	-0.18518000	0.18064601	13.12028214	-0.18493745
0.15155000	13.15899940	-0.27046000	0.15100889	13.15890301	-0.27018220
0.17924000	13.14689920	-0.28517002	0.17872498	13.14682821	-0.28490942
0.21312001	13.10710050	-0.19673000	0.21264240	13.10701875	-0.19650823
0.13118000	13.16600000	-0.36558002	0.13065624	13.16593432	-0.36527663
0.15728001	13.15470000	-0.38249000	0.15678820	13.15466142	-0.38221629
0.18381000	13.13800050	-0.29518002	0.18331196	13.13793970	-0.29493016
0.21750000	13.09870050	-0.20313000	0.21703376	13.09862862	-0.20291554
0.19045000	13.14570000	-0.29624000	0.18995134	13.14564193	-0.29599372
0.22290002	13.10520080	-0.19800000	0.22243621	13.10513214	-0.19778983
0.17134000	13.15280060	-0.39961000	0.17086641	13.15277489	-0.39934814
0.21533000	13.15860000	-0.42552000	0.21487556	13.15859149	-0.42529056
0.23687999	13.15100000	-0.31412002	0.23640667	13.15096796	-0.31389121
0.26879000	13.10850050	-0.20878999	0.26833347	13.10845180	-0.20859004
0.25658000	12.93390080	-0.06502000	0.25621447	12.93379618	-0.06488897
0.21968000	13.05030060	-0.11057001	0.21924077	13.05017960	-0.11037243
0.25584000	13.03750000	-0.12194001	0.25541258	13.03741614	-0.12175539
0.29611000	12.92060000	-0.07811000	0.29575226	12.92053429	-0.07798345
0.26607000	13.03550000	-0.12242001	0.26564818	13.03542404	-0.12224574
0.30731001	12.91870000	-0.08150000	0.30695696	12.91864449	-0.08137622
0.31127998	13.03399940	-0.12974000	0.31086880	13.03395711	-0.12958211
0.35109000	12.91089920	-0.08741000	0.35074609	12.91087267	-0.08728800
0.37657002	12.72200000	-0.09144000	0.37633178	12.72199651	-0.09136091
0.33652002	12.73570060	-0.08704000	0.33627251	12.73567398	-0.08695846
0.39418003	12.52660000	-0.12211000	0.39404301	12.52662690	-0.12206021
0.35666000	12.55070000	-0.11747000	0.35651009	12.55070998	-0.11742485
0.32514000	12.73790000	-0.08232000	0.32488912	12.73786395	-0.08223790
0.34448000	12.55350000	-0.11257000	0.34433045	12.55350280	-0.11252229
0.29884002	12.56730000	-0.09454000	0.29868022	12.56726877	-0.09449052
0.28311000	12.75530050	-0.06635001	0.28284753	12.75523242	-0.06626647
0.26621002	12.78330000	-0.91951000	0.26609384	12.78332786	-0.91946450
0.25636002	12.85350000	-0.89465000	0.25619942	12.85353962	-0.89459496
0.23726001	12.85930060	-0.83558000	0.23707384	12.85936432	-0.83551668
0.24799000	12.79850000	-0.85925000	0.24783238	12.79856164	-0.85919478
0.24109002	12.92550090	-0.84430000	0.24088944	12.92556080	-0.84423776
0.22135000	12.92390000	-0.78863000	0.22112056	12.92396425	-0.78855042
0.22787002	12.91950130	-0.77082000	0.22763416	12.91956892	-0.77073178
0.24891000	12.80430000	-0.83851004	0.24874211	12.80436929	-0.83844878
0.22100000	12.85970000	-0.82118000	0.22079365	12.85977562	-0.82109800
0.22591000	12.80240060	-0.84415000	0.22574051	12.80247751	-0.84408282
0.21033001	12.92340000	-0.77887005	0.21008994	12.92347053	-0.77877809
0.16977000	12.93560000	-0.76429003	0.16951847	12.93566352	-0.76418660
0.17751001	12.86830000	-0.80277010	0.17729018	12.86836907	-0.80268694
0.17947000	12.80470000	-0.82383007	0.17929241	12.80477567	-0.82376456
0.27102002	12.71320060	-0.94459003	0.27094443	12.71321539	-0.94453403
0.25557002	12.73730000	-0.88341000	0.25544928	12.73735479	-0.88335633
0.25739000	12.75290000	-0.86109000	0.25724940	12.75296878	-0.86103362
0.27504000	12.71640000	-0.87428000	0.27492753	12.71645857	-0.87422344
0.23473000	12.74470000	-0.87095004	0.23459199	12.74477619	-0.87089412
0.18600000	12.73710060	-0.85339004	0.18585364	12.73717806	-0.85333712
0.28261003	12.32770060	-0.16245000	0.28264478	12.32768671	-0.16245030
0.30014000	12.42430000	-0.12870000	0.30006687	12.42429303	-0.12867207
0.34793000	12.42260000	-0.14503000	0.34785344	12.42262448	-0.14499728
0.33336002	12.35310000	-0.17762999	0.33334752	12.35312523	-0.17761296
0.35194000	12.43520000	-0.15231000	0.35185597	12.43522535	-0.15227538
0.36165000	12.41560000	-0.15009001	0.36157410	12.41563082	-0.15005772
0.34779000	12.34760000	-0.18405001	0.34774985	12.34762034	-0.18402854
0.39878000	12.38230000	-0.15855001	0.39871386	12.38233421	-0.15851971
0.12045000	13.14080000	-0.47081000	0.11997225	13.14078732	-0.47051294
0.15037000	13.12750000	-0.48481998	0.14992436	13.12750190	-0.48456048
0.12392000	13.08860000	-0.57895005	0.12351978	13.08863046	-0.57871609
0.15919000	13.07330000	-0.58962005	0.15881173	13.07333806	-0.58941785
0.16238001	13.11620000	-0.49155003	0.16194960	13.11620440	-0.49131065
0.16819000	13.12260000	-0.49168000	0.16776285	13.12260001	-0.49144647
0.17825000	13.06660000	-0.58580000	0.17788515	13.06663740	-0.58561348
0.20444000	13.07200050	-0.62509000	0.20409809	13.07204395	-0.62492146
0.20365000	13.12840000	-0.52413005	0.20324731	13.12841842	-0.52392423
0.22024000	13.00150000	-0.74332000	0.21996249	13.00155467	-0.74320679
0.19874000	12.99669930	-0.69526000	0.19844417	12.99675233	-0.69512912
0.18438000	12.99980070	-0.69482005	0.18407918	12.99985589	-0.69468233
0.14611000	13.01460000	-0.68357000	0.14579119	13.01464857	-0.68341225
0.39448000	13.09080000	-0.26234000	0.39407055	13.09082114	-0.26218232
0.42978000	13.01030000	-0.17855000	0.42940188	13.01032783	-0.17841307
0.45829000	12.87960050	-0.13234000	0.45797765	12.87963929	-0.13223140
0.31291002	12.99090000	-0.86184996	0.31268858	12.99095038	-0.86176728
0.33676000	12.91280080	-0.95101994	0.33658868	12.91283254	-0.95095601
0.29489002	13.06030000	-0.74981000	0.29460377	13.06035142	-0.74969315
0.13649000	12.96160000	-0.05984000	0.13610307	12.96138859	-0.05967707
0.11463000	13.06580070	-0.10445000	0.11415790	13.06558376	-0.10422291
0.09309000	13.12930000	-0.17450000	0.09253908	13.12909611	-0.17422359
0.08823001	13.02820000	-0.62438005	0.08787819	13.02823532	-0.62417294
0.06812000	13.09360000	-0.54649000	0.06769010	13.09361013	-0.54621016
0.10737000	12.95610000	-0.67868000	0.10708257	12.95615127	-0.67853883
0.47287998	12.68450070	-0.13233000	0.47266515	12.68454775	-0.13225697
0.48238000	12.47540000	-0.16093001	0.48225928	12.47545123	-0.16088415
0.34581003	12.83190060	-1.00395000	0.34569542	12.83191625	-1.00390298
0.34669003	12.75680070	-1.03309000	0.34661238	12.75679889	-1.03304277
0.48351002	12.33790000	-0.19921000	0.48344691	12.33794302	-0.19918038
0.34545000	12.69680000	-1.05186009	0.34541105	12.69679282	-1.05182567
0.15796000	12.47170070	-0.10541000	0.15786740	12.47157750	-0.10540187
0.16386001	12.62780000	-0.07593000	0.16366175	12.62766443	-0.07588445
0.10919000	12.75510000	-0.74843997	0.10900187	12.75516961	-0.74837501
0.10947000	12.82380100	-0.72479004	0.10924929	12.82386201	-0.72470566
0.15480000	12.80710000	-0.05528000	0.15449355	12.80692733	-0.05517962
0.11165001	12.88930000	-0.70685000	0.11139662	12.88935532	-0.70674295
0.33050000	13.14340110	-0.50064003	0.33011002	13.14343849	-0.50046809
0.30458000	13.11479950	-0.62753004	0.30424076	13.11484636	-0.62737769
0.36089000	13.13520050	-0.37449000	0.36046842	13.13522958	-0.37431540
0.06415000	13.16369920	-0.34669003	0.06356846	13.16356470	-0.34634103
0.06087000	13.13990000	-0.44882998	0.06034774	13.13984088	-0.44848443
0.07558000	13.16089920	-0.25530001	0.07498269	13.16071423	-0.25499153
0.88209003	11.96640000	-0.58452004	0.88208145	11.96647417	-0.58449905
0.81676000	12.01719950	-0.47386000	0.81676000	12.01719950	-0.47386000
0.92250997	11.93860050	-0.71337000	0.92249251	11.93867998	-0.71333553
0.90997000	12.00510000	-0.71822000	0.90992844	12.00518276	-0.71817225
0.87434000	12.05190000	-0.63178000	0.87428942	12.05198711	-0.63172970
0.80600005	12.11450000	-0.52874000	0.80594885	12.11456657	-0.52869028
0.95584005	11.93110000	-0.83768000	0.95582713	11.93117033	-0.83764260
0.97511000	11.94710060	-0.94908000	0.97510081	11.94716953	-0.94903762
0.94313000	12.06510070	-0.93240994	0.94308261	12.06518193	-0.93234118
0.92880005	12.03480050	-0.81475000	0.92875076	12.03488188	-0.81469118
0.97431004	11.98940000	-1.04228008	0.97430016	11.98946968	-1.04222783
0.93965000	12.06410000	-1.12921000	0.93964520	12.06417068	-1.12914710
0.91652006	12.12680000	-1.10682000	0.91649705	12.12687223	-1.10674600
0.94042000	12.10000000	-1.03027000	0.94038068	12.10007898	-1.03019404
0.85897000	12.18220000	-1.22034000	0.85897006	12.18226966	-1.22026578
0.74250000	12.33310000	-1.27099000	0.74251333	12.33315181	-1.27092855
0.74648000	12.36140000	-1.19926012	0.74647562	12.36145665	-1.19919435
0.85714000	12.22810000	-1.15767000	0.85711960	12.22817444	-1.15758535
0.60118000	12.48300080	-1.23771000	0.60119108	12.48301832	-1.23771304
0.47110000	12.61370000	-1.15271000	0.47109609	12.61370986	-1.15270463
0.49420000	12.61570000	-1.07906000	0.49420000	12.61570000	-1.07906000
0.61447000	12.50220000	-1.16283000	0.61447000	12.50220000	-1.16283000
0.38297000	12.64730000	-1.04976000	0.38295508	12.64729813	-1.04974414
0.33210000	12.64760000	-0.95691997	0.33206836	12.64761340	-0.95688153
0.37140000	12.64100070	-0.89641000	0.37140000	12.64100070	-0.89641000
0.41679000	12.64250090	-0.98287004	0.41679000	12.64250090	-0.98287004
0.31408000	12.67930000	-0.89750004	0.31401300	12.67932771	-0.89744958
0.31007000	12.70680000	-0.87007000	0.30996347	12.70684793	-0.87001764
0.33836000	12.69460000	-0.81285000	0.33822262	12.69465981	-0.81280254
0.34749000	12.66950000	-0.84047000	0.34739501	12.66954046	-0.84044026
0.30106002	12.69410000	-0.87398005	0.30094874	12.69415141	-0.87392272
0.25795000	12.68400000	-0.84457000	0.25781864	12.68407569	-0.84451924
0.29822000	12.68110000	-0.77510000	0.29806900	12.68117153	-0.77504748
0.33720002	12.68320000	-0.81152004	0.33705708	12.68326100	-0.81146915
0.15166001	12.71950050	-0.71641004	0.15147591	12.71957045	-0.71635217
0.01977000	12.77320000	-0.57592004	0.01951933	12.77322008	-0.57584923
0.02392000	12.81090000	-0.49903002	0.02365645	12.81087071	-0.49893476
0.17567001	12.73460000	-0.64107000	0.17546016	12.73465951	-0.64100428
-0.09685000	12.81610000	-0.51316000	-0.09712968	12.81602312	-0.51308166
-0.20433000	12.84800000	-0.51710004	-0.20462294	12.84788040	-0.51700543
-0.20773001	12.91649910	-0.45678002	-0.20808152	12.91630493	-0.45661239
-0.09893000	12.87560000	-0.44303998	-0.09924733	12.87546391	-0.44290710
-0.30947003	12.86840060	-0.57695000	-0.30972835	12.86832294	-0.57688243
-0.40805998	12.87950000	-0.64467000	-0.40822459	12.87948312	-0.64464538
-0.42473003	12.90720080	-0.59290000	-0.42495098	12.90711402	-0.59285634
-0.31898000	12.92150000	-0.52193000	-0.31928067	12.92135299	-0.52181082
-0.49615002	12.88280000	-0.67273000	-0.49623060	12.88278918	-0.67279247
-0.57586000	12.87930000	-0.66097003	-0.57596929	12.87925434	-0.66113016
-0.57508004	12.88170050	-0.62559000	-0.57523229	12.88159753	-0.62572071
-0.51850003	12.89050000	-0.62450000	-0.51864698	12.89040263	-0.62455953
-0.64998000	12.87090000	-0.60942000	-0.65016189	12.87082909	-0.60962679
-0.69922000	12.85450000	-0.52992004	-0.69949402	12.85440065	-0.53016442
-0.66215000	12.87070000	-0.50165004	-0.66243275	12.87051808	-0.50182555
-0.62475000	12.88009930	-0.57844000	-0.62495481	12.87997088	-0.57859746
-0.70425004	12.82720090	-0.43475000	-0.70464550	12.82701830	-0.43499126
-0.67740005	12.78030000	-0.34501000	-0.67784171	12.77995261	-0.34521214
-0.65579003	12.78690050	-0.35792002	-0.65622259	12.78654500	-0.35811551
-0.66803000	12.83350090	-0.41813000	-0.66841738	12.83323520	-0.41832587
-0.63069004	12.70590000	-0.28186000	-0.63114861	12.70544421	-0.28207145
-0.55719000	12.64540000	-0.23321000	-0.55765235	12.64490160	-0.23339434
-0.53961000	12.70469950	-0.26450000	-0.54003446	12.70418726	-0.26466198
-0.61567000	12.74810000	-0.31435000	-0.61610884	12.74765646	-0.31454156
-0.45026000	12.64060000	-0.18587000	-0.45062115	12.64003987	-0.18602373
-0.32321000	12.62010000	-0.14993000	-0.32345230	12.61957348	-0.15000205
-0.30539998	12.67380000	-0.17878000	-0.30567297	12.67328062	-0.17884031
-0.43140003	12.69810000	-0.21574000	-0.43175694	12.69753862	-0.21586624
-0.18651001	12.51590000	-0.13647000	-0.18659891	12.51548948	-0.13651341
-0.03783000	12.40030000	-0.14369000	-0.03781654	12.40002738	-0.14371463
-0.03538000	12.47000000	-0.17478000	-0.03543602	12.46974349	-0.17479578
-0.17492001	12.57860090	-0.16531001	-0.17506514	12.57820894	-0.16533890
0.12338001	12.34010000	-0.16394000	0.12341978	12.33995327	-0.16396633
0.25188002	12.32170000	-0.18916000	0.25192343	12.32166867	-0.18916916
0.23137000	12.38140000	-0.24122000	0.23134802	12.38135991	-0.24121948
0.11369999	12.40740000	-0.20535000	0.11367449	12.40726667	-0.20536419
0.30184000	12.35600000	-0.21041000	0.30183099	12.35600577	-0.21040167
0.28724000	12.43980000	-0.27981000	0.28715689	12.43980928	-0.27978974
0.27915000	12.41200070	-0.26592000	0.27909212	12.41200321	-0.26590588
0.31335002	12.34630000	-0.22300999	0.31331451	12.34631002	-0.22298650
0.34620000	12.27620000	-0.23202000	0.34620000	12.27620000	-0.23202000
0.31928000	12.33310000	-0.29083000	0.31922881	12.33311106	-0.29080980
0.28636000	12.39820000	-0.28093000	0.28629278	12.39820873	-0.28091077
0.44425997	12.21770000	-0.27141000	0.44425997	12.21770000	-0.27141000
0.57587000	12.16340070	-0.32883000	0.57587000	12.16340070	-0.32883000
0.56945000	12.24300000	-0.38297000	0.56939404	12.24304810	-0.38293756
0.42756000	12.28610000	-0.32799003	0.42751350	12.28612856	-0.32796853
0.70622003	12.08180000	-0.39380000	0.70622003	12.08180000	-0.39380000
0.69994000	12.18130000	-0.44758000	0.69988312	12.18136305	-0.44753937
0.76328003	12.39370000	-1.04838000	0.76323486	12.39377913	-1.04830010
0.86552000	12.24500000	-1.04721010	0.86547355	12.24508361	-1.04712231
0.78267000	12.37720000	-0.86025000	0.78258456	12.37729792	-0.86016419
0.87466000	12.22360000	-0.90674000	0.87459122	12.22369398	-0.90665586
0.79534000	12.26270000	-0.67253000	0.79525294	12.26279997	-0.67245679
0.87450000	12.14980000	-0.75458000	0.87442864	12.14989594	-0.75451015
0.53338000	12.60830000	-0.90296000	0.53328618	12.60836395	-0.90290220
0.64683000	12.52240000	-0.99062010	0.64676338	12.52246283	-0.99056307
0.56466000	12.53880000	-0.69149000	0.56452156	12.53889124	-0.69142245
0.67763000	12.47890000	-0.78126000	0.67751753	12.47899581	-0.78118394
0.57048005	12.38670000	-0.51114005	0.57037390	12.38677978	-0.51108615
0.69225000	12.34040000	-0.58917000	0.69214849	12.34049375	-0.58910474
-0.21855000	12.91160000	-0.37197003	-0.21895101	12.91127950	-0.37180294
-0.11260001	12.86860080	-0.35625002	-0.11292757	12.86838827	-0.35612928
-0.24001001	12.85360000	-0.28547000	-0.24037318	12.85319655	-0.28536755
-0.13326000	12.80410000	-0.27212000	-0.13356584	12.80380297	-0.27203941
-0.01598000	12.73680000	-0.30762002	-0.01622253	12.73662660	-0.30756323
0.00716000	12.80300000	-0.40319000	0.00688663	12.80290983	-0.40309372
-0.27360000	12.76310000	-0.22270000	-0.27392402	12.76262196	-0.22269720
-0.15585001	12.69060000	-0.20992000	-0.15608160	12.69025215	-0.20990433
-0.02902000	12.60460000	-0.23085001	-0.02918065	12.60438117	-0.23083418
-0.55451006	12.91060070	-0.54333000	-0.55474849	12.91040206	-0.54337120
-0.58853000	12.90410000	-0.45161000	-0.58884587	12.90380554	-0.45166296
-0.48628998	12.92449950	-0.39038000	-0.48665575	12.92410837	-0.39032714
-0.45310003	12.93750000	-0.49594003	-0.45340362	12.93725715	-0.49586621
-0.60486000	12.83190060	-0.37257000	-0.60525421	12.83150913	-0.37270739
-0.51581997	12.82230090	-0.31408998	-0.51622952	12.82181151	-0.31416846
-0.33701000	12.93630120	-0.42815000	-0.33737662	12.93600439	-0.42800989
-0.36380002	12.90080000	-0.32953000	-0.36419827	12.90035493	-0.32943589
-0.39921000	12.80310060	-0.26092002	-0.39959205	12.80257680	-0.26094624
0.29307002	12.63940000	-0.65127003	0.29289224	12.63947386	-0.65121451
0.33482000	12.63610000	-0.67474000	0.33464299	12.63617935	-0.67468033
0.26679000	12.57230000	-0.50140000	0.26663143	12.57233565	-0.50135746
0.31317002	12.57140000	-0.51135004	0.31301245	12.57145333	-0.51130661
0.31727000	12.58940000	-0.49576998	0.31710728	12.58945033	-0.49572030
0.33580002	12.65040000	-0.66634005	0.33562221	12.65047676	-0.66628203
0.34299000	12.63290000	-0.68895000	0.34282258	12.63297727	-0.68889192
0.31970000	12.57520000	-0.51060003	0.31954200	12.57525332	-0.51055239
0.35208002	12.55550000	-0.55122000	0.35192847	12.55556409	-0.55117126
0.37236000	12.61430000	-0.73944000	0.37221352	12.61437630	-0.73938100
0.32701000	12.44070000	-0.39905000	0.32690378	12.44072900	-0.39901962
0.29463002	12.48750000	-0.37577000	0.29450875	12.48752203	-0.37573811
0.28891000	12.49160000	-0.37087000	0.28879248	12.49162383	-0.37084446
0.24142002	12.47730060	-0.35469002	0.24131523	12.47729582	-0.35467234
0.44531003	12.55410000	-0.61311000	0.44515958	12.55418075	-0.61305142
0.43863000	12.62180000	-0.81496000	0.43850820	12.62186890	-0.81489543
0.43369004	12.41230000	-0.44606000	0.43358466	12.41235538	-0.44602157
0.13746001	12.64010050	-0.40953000	0.13727762	12.64007171	-0.40948800
0.16378000	12.71060090	-0.53191000	0.16356823	12.71061593	-0.53185350
0.11896000	12.52290000	-0.29380000	0.11884914	12.52280522	-0.29378688
0.16361001	13.14520000	-0.39472002	0.16313415	13.14517302	-0.39445744
0.25923000	13.03119950	-0.12907000	0.25880653	13.03111985	-0.12889077
0.29857000	12.91720000	-0.08748000	0.29821677	12.91714061	-0.08735550
0.32767000	12.73720070	-0.09280000	0.32741820	12.73717121	-0.09271810
0.34770000	12.55780000	-0.12244000	0.34754787	12.55780437	-0.12238498
0.24130002	12.85850050	-0.81470007	0.24110019	12.85856915	-0.81462900
0.33872002	12.37520000	-0.18493001	0.33867574	12.37522609	-0.18490662
0.17646001	13.06140000	-0.58858000	0.17609727	13.06143947	-0.58839273
0.20221000	12.99150000	-0.68860000	0.20191450	12.99155490	-0.68846936
0.89638996	11.96110060	-0.57107000	0.89638541	11.96117726	-0.57105204
0.82721007	12.01970000	-0.45666000	0.82720920	12.01970331	-0.45666052
0.93991005	11.92430000	-0.70476000	0.93989774	11.92438375	-0.70472864
0.74597000	12.33170000	-1.28649000	0.74598781	12.33175193	-1.28642805
0.46148000	12.61950000	-1.16635000	0.46147416	12.61951335	-1.16634422
0.35367998	12.65800000	-1.05834000	0.35365673	12.65799442	-1.05831492
0.28747000	12.66179940	-0.96020000	0.28742683	12.66181100	-0.96015348
0.27325000	12.69190000	-0.89906997	0.27316547	12.69194167	-0.89901115
0.25676000	12.70320000	-0.88601000	0.25664980	12.70326338	-0.88594422
0.20847002	12.68910000	-0.86800003	0.20833859	12.68918216	-0.86795613
0.12009000	12.71100000	-0.75362000	0.11992131	12.71107045	-0.75356637
0.01184000	12.74440000	-0.62347000	0.01162161	12.74443638	-0.62341121
-0.19658999	12.78480050	-0.55803000	-0.19687434	12.78472903	-0.55801425
-0.29968000	12.82630060	-0.60810000	-0.29991083	12.82626296	-0.60808267
-0.48358002	12.88790000	-0.69497000	-0.48363589	12.88791578	-0.69501366
-0.56577003	12.89070000	-0.68347000	-0.56585037	12.89068700	-0.68360888
-0.71152000	12.85880000	-0.54143000	-0.71177876	12.85872628	-0.54168577
-0.18865000	12.52559950	-0.11442000	-0.18875526	12.52518426	-0.11446481
0.14112000	12.35580000	-0.13925001	0.14114035	12.35566565	-0.13926938
0.30934000	12.38380000	-0.22295001	0.30929417	12.38381222	-0.22293039
0.38318000	12.29390050	-0.19522001	0.38315533	12.29391145	-0.19520398
0.46920000	12.23730000	-0.23884001	0.46917886	12.23731421	-0.23883300
0.71411000	12.09180000	-0.37179002	0.71410158	12.09180938	-0.37178789
0.29554000	12.51470090	-0.36895000	0.29541072	12.51472431	-0.36891575
0.58419980	12.77790740	-0.54116964	0.58397815	12.77801315	-0.54108300
0.30534658	12.98941710	-0.53010890	0.30501920	12.98946745	-0.52997722
0.03408423	12.99517920	-0.26264066	0.03363138	12.99501693	-0.26242165
0.10256992	13.07773400	-0.30767626	0.10208351	13.07762997	-0.30743104
0.31967000	12.86874200	-0.29426143	0.31936419	12.86875875	-0.29415213
0.03099712	12.96783000	-0.42110503	0.03061478	12.96776192	-0.42090181
0.12445253	13.04561710	-0.41716427	0.12403616	13.04559396	-0.41695174
0.36713532	12.82368760	-0.69345874	0.36691647	12.82376352	-0.69337751
0.15871125	13.02911850	-0.17917030	0.15827492	13.02899711	-0.17897895
0.22085343	12.81524850	-0.79380230	0.22066237	12.81532354	-0.79373487
0.33023736	12.75846770	-0.53109790	0.33000408	12.75852872	-0.53101944
0.32923120	12.88699000	-0.84146810	0.32903604	12.88704722	-0.84139662
0.39433820	12.43617340	-0.24545248	0.39424406	12.43620668	-0.24542135
0.24607417	13.04696850	-0.44635114	0.24569152	13.04698859	-0.44617962
0.47683990	12.68501660	-0.66750280	0.47665780	12.68510572	-0.66742886
0.69852596	12.74952130	-0.77230150	0.69835286	12.74963062	-0.77221192
0.32809640	12.94002530	-0.19996144	0.32774425	12.94001868	-0.19983399
-0.42682603	12.91057110	-0.24428794	-0.42727616	12.90999520	-0.24421102
0.15449284	13.08164880	-0.24846537	0.15402254	13.08155402	-0.24823851
0.32445943	12.94660190	-0.68776876	0.32418999	12.94666854	-0.68766046
-0.51386845	12.91021820	-0.28456584	-0.51429824	12.90968198	-0.28454009
0.22959612	13.03170200	-0.32812786	0.22918894	13.03168779	-0.32794950
0.29031333	12.45966910	-0.20113373	0.29021929	12.45966615	-0.20110712
0.12046464	13.09899710	-0.36971685	0.11999039	13.09893920	-0.36945845
0.21146664	13.07753180	-0.48856267	0.21107635	13.07755004	-0.48837145
0.25509345	12.61285000	-0.24501102	0.25491450	12.61283319	-0.24496125
0.16885695	12.93768600	-0.50852907	0.16853037	12.93771437	-0.50838723
0.27824548	12.89126000	-0.83143930	0.27804435	12.89132106	-0.83136767
0.28495774	12.84054370	-0.83468150	0.28477742	12.84060658	-0.83461602
0.23230751	13.02218440	-0.54436594	0.23196157	13.02222721	-0.54421170
0.37680543	12.79955100	-0.19787398	0.37653183	12.79957512	-0.19777849
0.49836266	12.59230610	-0.43287584	0.49819613	12.59238669	-0.43281446
0.30590550	12.76095290	-0.88736033	0.30578622	12.76099507	-0.88730998
0.16226748	12.96494770	-0.64374170	0.16196538	12.96499472	-0.64360505
0.39130530	12.37598320	-0.22234745	0.39124160	12.37601141	-0.22232062
0.35834324	12.48397450	-0.31249592	0.35822917	12.48400944	-0.31246239
0.19586083	12.86866760	-0.18672179	0.19552776	12.86858330	-0.18660693
0.38983348	12.73026850	-0.90973040	0.38974243	12.73029894	-0.90969194
0.29759783	12.79321000	-0.84876960	0.29744143	12.79326886	-0.84871137
0.14682786	13.11403470	-0.28075470	0.14632584	13.11394797	-0.28050128
0.41524850	12.60688400	-0.24738798	0.41506813	12.60692336	-0.24732929
0.21607567	12.86027430	-0.77049850	0.21585899	12.86034706	-0.77041924
0.42824548	12.71332650	-0.82687885	0.42810435	12.71339060	-0.82681778
0.82752740	12.74521540	-0.86759144	0.82737409	12.74533796	-0.86748938
0.56638926	12.79145810	-0.92701140	0.56624607	12.79153360	-0.92693669
0.34163025	12.68629170	-0.19900528	0.34141031	12.68630045	-0.19893201
0.25179443	12.76316170	-0.18143922	0.25152946	12.76311751	-0.18134993
