0.85039847	12.73701397	-0.41998035	0.84993036	12.73730161	-0.41978827
0.82146657	12.87520171	-0.44856733	0.82087813	12.87547342	-0.44835731
0.89765788	12.83396247	-0.54685971	0.89714871	12.83429886	-0.54663406
0.92964775	12.70077537	-0.53235333	0.92925174	12.70112803	-0.53213694
0.77893861	12.96607689	-0.50882428	0.77828594	12.96632324	-0.50860699
0.85911450	12.92004211	-0.58973967	0.85854508	12.92035665	-0.58950857
0.90844987	12.87718398	-0.65009290	0.90794720	12.87754341	-0.64985699
0.94682317	12.80730748	-0.64441477	0.94638050	12.80769207	-0.64417827
0.98080801	12.67821979	-0.64547286	0.98047175	12.67861939	-0.64523925
0.71692176	12.76663953	-1.16389487	0.71674407	12.76683886	-1.16376238
0.83924261	12.71613439	-1.14210288	0.83907980	12.71642769	-1.14192623
0.80771215	12.82262098	-1.07327835	0.80743932	12.82290219	-1.07309634
0.68555154	12.86883228	-1.09004923	0.68525966	12.86902772	-1.08990694
0.94039060	12.68241498	-1.07930176	0.94022377	12.68279040	-1.07908650
0.90726725	12.79350117	-1.02058172	0.90698805	12.79385875	-1.02036648
0.86763283	12.86197746	-0.96995668	0.86727708	12.86231269	-0.96974673
0.78882543	12.90281874	-0.98532558	0.78845017	12.90310020	-0.98513362
0.66686390	12.94873227	-0.99077539	0.66646176	12.94892982	-0.99061411
0.59550321	12.83425679	-0.20792978	0.59485974	12.83430869	-0.20779081
0.57707792	12.97124776	-0.25553129	0.57630159	12.97128631	-0.25535795
0.71116428	12.92359308	-0.34833949	0.71048402	12.92376626	-0.34814882
0.73276672	12.78420128	-0.30799025	0.73221357	12.78438588	-0.30782352
0.54643708	13.05763519	-0.33991323	0.54559671	13.05765766	-0.33972256
0.67491399	13.01397263	-0.42408658	0.67416811	13.01412357	-0.42388360
0.46719385	12.88166247	-1.06340689	0.46689622	12.88169822	-1.06333231
0.59349268	12.82745836	-1.13620553	0.59326022	12.82757521	-1.13610461
0.56269130	12.91984678	-1.06374084	0.56235373	12.91995723	-1.06362645
0.43858443	12.96414060	-0.98873200	0.43817211	12.96415977	-0.98863981
0.54240368	12.99443024	-0.96205290	0.54194670	12.99453075	-0.96191809
0.41765340	13.03352416	-0.88600582	0.41711750	13.03352881	-0.88589265
-0.01494301	12.98815458	-0.06594075	-0.01587588	12.98735341	-0.06580133
-0.14346633	12.99957682	-0.08784087	-0.14446736	12.99854727	-0.08764885
-0.14615695	13.07301224	-0.13423790	-0.14729076	13.07199927	-0.13393025
-0.02121317	13.07546656	-0.10979315	-0.02227179	13.07466715	-0.10957374
-0.26227900	13.00100070	-0.12415449	-0.26329987	12.99980819	-0.12397367
-0.26336527	13.06247593	-0.17245818	-0.26448469	13.06132410	-0.17218257
-0.26472122	13.10380583	-0.23789732	-0.26590412	13.10272997	-0.23755807
-0.14838015	13.11998963	-0.20027448	-0.14964811	13.11903116	-0.19987846
-0.02636267	13.12951827	-0.17559028	-0.02752725	13.12874561	-0.17531508
0.03032105	12.97493733	-0.59043966	0.02958840	12.97459295	-0.59032375
0.01516396	13.03730480	-0.56483027	0.01433078	13.03692669	-0.56465349
-0.06583172	13.03927070	-0.55417088	-0.06669842	13.03882388	-0.55392796
-0.05154106	12.98310759	-0.56992397	-0.05232172	12.98269614	-0.56976358
-0.00454035	13.09122185	-0.51731351	-0.00547466	13.09077249	-0.51705077
-0.08750336	13.08547257	-0.51836290	-0.08846209	13.08495487	-0.51804927
-0.18092477	13.07826747	-0.53457771	-0.18183842	13.07768984	-0.53428462
-0.15822086	13.03735881	-0.57055806	-0.15907335	13.03684953	-0.57031743
-0.14346803	12.98619420	-0.58808131	-0.14425936	12.98571430	-0.58790859
0.98730170	12.28916326	-0.67167092	0.98726992	12.28952930	-0.67146969
0.96650934	12.07022217	-0.68769955	0.96663609	12.07056057	-0.68753782
0.91386023	12.09694401	-0.55241964	0.91388940	12.09718617	-0.55228955
0.92863792	12.30380229	-0.53657476	0.92854719	12.30409591	-0.53640958
0.83585795	12.14674711	-0.43121845	0.83582036	12.14687644	-0.43113373
0.84317551	12.32893354	-0.41126412	0.84304450	12.32915004	-0.41113729
0.97950468	12.38043249	-1.14121666	0.97959869	12.38082754	-1.14100436
0.88460798	12.44096305	-1.21027089	0.88468397	12.44127881	-1.21009409
0.88006172	12.28146011	-1.23516923	0.88027166	12.28177040	-1.23500153
0.97210660	12.18912526	-1.15662588	0.97234904	12.18951026	-1.15642914
0.75737536	12.51711692	-1.23916404	0.75739193	12.51729924	-1.23905000
0.75366725	12.39692065	-1.27061965	0.75380809	12.39710518	-1.27050955
0.86788326	12.17675485	-1.24307087	0.86817245	12.17705655	-1.24291446
0.95327290	12.05450402	-1.15479391	0.95361377	12.05486738	-1.15462670
0.99324453	12.49820091	-0.65685950	0.99305450	12.49859260	-0.65664005
0.93658160	12.51415333	-0.53041938	0.93633963	12.51449115	-0.53022550
0.85232906	12.54258924	-0.40847809	0.85203541	12.54285912	-0.40831673
0.86796812	12.58744563	-1.18342386	0.86791256	12.58774747	-1.18325190
0.96703609	12.54483365	-1.11755099	0.96699008	12.54522614	-1.11733325
0.74274448	12.64492693	-1.20842724	0.74266269	12.64511710	-1.20829602
0.59980627	12.42008311	-0.22562075	0.59960785	12.42014947	-0.22556436
0.59990354	12.63486988	-0.20303947	0.59946941	12.63493104	-0.20294854
0.73333035	12.58519648	-0.29731204	0.73297473	12.58537396	-0.29718768
0.72712371	12.37096024	-0.30834083	0.72695733	12.37109924	-0.30825587
0.46873324	12.70494922	-1.15065387	0.46865601	12.70496295	-1.15062522
0.61205326	12.61507213	-1.21934632	0.61202747	12.61511962	-1.21930732
0.60872966	12.71933134	-1.18577328	0.60862984	12.71942777	-1.18570982
0.47368761	12.78885103	-1.11691495	0.47351000	12.78887481	-1.11686531
0.58650179	12.17481393	-0.30179765	0.58648772	12.17482546	-0.30179267
0.59710198	12.28076797	-0.26246525	0.59701934	12.28082069	-0.26242494
0.72319756	12.21621135	-0.33765983	0.72313329	12.21630519	-0.33760542
0.60079306	12.48694601	-1.25183473	0.60084970	12.48697234	-1.25184243
0.60689567	12.53436097	-1.24355386	0.60691891	12.53439873	-1.24355030
0.46268806	12.64923522	-1.16635189	0.46265575	12.64923671	-1.16633324
-0.00613047	12.71045517	-0.06529609	-0.00671292	12.70972778	-0.06535938
-0.15493209	12.77863455	-0.07255798	-0.15562540	12.77763859	-0.07262812
-0.14525875	12.90138239	-0.06978964	-0.14611346	12.90036060	-0.06971779
-0.00682400	12.86479349	-0.05440278	-0.00760033	12.86402117	-0.05436596
-0.29101431	12.82946641	-0.09713351	-0.29180282	12.82823768	-0.09720792
-0.27259626	12.92456547	-0.10076526	-0.27350405	12.92334669	-0.10069604
0.02642884	12.84545409	-0.61968756	0.02586786	12.84512759	-0.61967913
0.03254575	12.91085281	-0.60700195	0.03189997	12.91052352	-0.60694272
-0.04857345	12.92130929	-0.57938579	-0.04926265	12.92090831	-0.57930774
-0.05677067	12.85649732	-0.58350335	-0.05738664	12.85609037	-0.58348998
-0.14021895	12.92892093	-0.59643460	-0.14093446	12.92845876	-0.59633727
-0.14992644	12.86811149	-0.59540312	-0.15058201	12.86763742	-0.59538604
-0.03496296	12.41476792	-0.12010052	-0.03511154	12.41404506	-0.12027312
-0.17572914	12.63157524	-0.09066537	-0.17621737	12.63060387	-0.09085166
-0.02045295	12.53987798	-0.08950522	-0.02079874	12.53916638	-0.08964215
-0.32720542	12.62414047	-0.12950519	-0.32770459	12.62295994	-0.12978175
-0.31368168	12.71179481	-0.10924560	-0.31431630	12.71058291	-0.10946550
0.01649620	12.77915253	-0.63158076	0.01601521	12.77882579	-0.63161853
-0.07613296	12.79008547	-0.58078932	-0.07668564	12.78966090	-0.58086051
-0.09398307	12.76305316	-0.56078132	-0.09452138	12.76259257	-0.56089016
-0.17397500	12.80556944	-0.58350464	-0.17458153	12.80506308	-0.58357817
-0.38453740	12.99803078	-0.17349507	-0.38554783	12.99673564	-0.17336280
-0.37678766	13.04833431	-0.21911458	-0.37785099	13.04710518	-0.21889977
-0.49428380	12.99120998	-0.23019209	-0.49523081	12.98987979	-0.23010158
-0.47459453	13.03214531	-0.27105270	-0.47557175	13.03089892	-0.27089586
-0.45252757	13.06559167	-0.32121970	-0.45351972	13.06443978	-0.32100832
-0.36692833	13.08558546	-0.27816361	-0.36801629	13.08445132	-0.27789174
-0.26246235	13.03506267	-0.59012945	-0.26328293	13.03449664	-0.58991011
-0.24801360	12.98992810	-0.61519929	-0.24878325	12.98940600	-0.61503904
-0.28281231	13.07133891	-0.54960369	-0.28369036	13.07069846	-0.54933758
-0.37741153	13.06272282	-0.55826640	-0.37825573	13.06203172	-0.55802621
-0.36243190	13.03167198	-0.60322310	-0.36321623	13.03106778	-0.60302278
-0.35271537	12.99348894	-0.63717014	-0.35345657	12.99293858	-0.63702228
-0.24931223	12.94146664	-0.63117095	-0.25003033	12.94096354	-0.63107901
-0.36015071	12.95465599	-0.66205345	-0.36084992	12.95413217	-0.66196101
-0.37485091	12.91740177	-0.67629658	-0.37550694	12.91688146	-0.67625876
-0.26201253	12.89196673	-0.63583363	-0.26268758	12.89146067	-0.63581042
-0.53836690	12.88541109	-0.18996269	-0.53923357	12.88402899	-0.19004241
-0.55817255	12.76345290	-0.19588982	-0.55893863	12.76210476	-0.19613967
-0.63427268	12.80032204	-0.25343219	-0.63507725	12.79903892	-0.25365015
-0.61632017	12.89632120	-0.25230509	-0.61717694	12.89501385	-0.25239676
-0.56606145	12.65883409	-0.21341786	-0.56678721	12.65754171	-0.21377127
-0.64145341	12.71776975	-0.26557056	-0.64225386	12.71653571	-0.26586308
-0.68993488	12.78772870	-0.33554941	-0.69077628	12.78661055	-0.33578416
-0.68372098	12.83999576	-0.32957820	-0.68455594	12.83883612	-0.32976749
-0.66777936	12.90309623	-0.33092529	-0.66862308	12.90191558	-0.33102181
-0.45654485	12.64872057	-0.16543530	-0.45716679	12.64741620	-0.16577805
-0.44555986	12.74486275	-0.14620062	-0.44627733	12.74352147	-0.14644469
-0.42360537	12.86414389	-0.13748663	-0.42444705	12.86278780	-0.13756801
-0.47069626	12.93310677	-0.68727604	-0.47131291	12.93256948	-0.68727918
-0.47756956	12.90613166	-0.69797814	-0.47816165	12.90560259	-0.69802066
-0.38697968	12.88410262	-0.67826141	-0.38760361	12.88357184	-0.67827360
-0.55728947	12.93807018	-0.66735821	-0.55790934	12.93747808	-0.66741759
-0.56204494	12.91145510	-0.68227025	-0.56264119	12.91089542	-0.68238993
-0.39780405	12.86727222	-0.66792326	-0.39841975	12.86671735	-0.66796868
-0.28170007	12.84373682	-0.62814082	-0.28233954	12.84320881	-0.62819752
0.89821832	12.88530308	-0.90127641	0.89780889	12.88566200	-0.90104756
0.79811455	12.95222769	-0.88728062	0.79764705	12.95251667	-0.88706813
0.91461475	12.89970135	-0.81253927	0.91415521	12.90007040	-0.81230013
0.81939216	12.97213914	-0.78275463	0.81885986	12.97244325	-0.78252821
0.70881365	13.02773954	-0.74151603	0.70820403	13.02795109	-0.74130565
0.67920489	13.00353416	-0.87064910	0.67868477	13.00373472	-0.87045882
0.91561744	12.89589669	-0.72064353	0.91512620	12.89626657	-0.72040327
0.83638624	12.96343622	-0.67622284	0.83581425	12.96374433	-0.67599149
0.74172278	13.01595581	-0.61424974	0.74106842	13.01618272	-0.61403235
1.00006054	12.67186237	-0.98455742	0.99986070	12.67228896	-0.98431260
0.96215446	12.79344814	-0.93949575	0.96183959	12.79385297	-0.93925777
1.02306922	12.67236923	-0.87321433	1.02282407	12.67281106	-0.87296171
0.98186960	12.80285295	-0.84270246	0.98150630	12.80327192	-0.84245571
1.01431482	12.67144667	-0.75989107	1.01402844	12.67187451	-0.75964402
0.97586630	12.80243485	-0.74331866	0.97546463	12.80284538	-0.74307453
0.55893642	13.04893196	-0.82557008	0.55834800	13.04903602	-0.82540106
0.59551856	13.07464653	-0.67668619	0.59482589	13.07476236	-0.67649211
0.47144121	13.11322497	-0.59415580	0.47065465	13.11322300	-0.59396950
0.43451096	13.08662774	-0.74611690	0.43383169	13.08662676	-0.74595991
0.63529739	13.06355843	-0.53856225	0.63455033	13.06369019	-0.53835656
0.50993949	13.10422694	-0.45599152	0.50909839	13.10423591	-0.45579660
-0.38602159	13.08004514	-0.50033408	-0.38692247	13.07924527	-0.50007390
-0.46944968	13.06162999	-0.51299236	-0.47029896	13.06080783	-0.51278030
-0.44946595	13.05037487	-0.55535347	-0.45028128	13.04963405	-0.55515091
-0.39817041	13.08595315	-0.43730232	-0.39911598	13.08503207	-0.43704305
-0.49164871	13.06339634	-0.46848247	-0.49252753	13.06248558	-0.46827626
-0.57590531	13.03702966	-0.49771020	-0.57670847	13.03612761	-0.49757148
-0.53827552	13.03914431	-0.53023956	-0.53906934	13.03831452	-0.53008638
-0.50055598	13.03764382	-0.55643577	-0.50133595	13.03687348	-0.55626838
-0.42370455	13.08236304	-0.37711238	-0.42469202	13.08132525	-0.37686884
-0.50549032	13.05903731	-0.41714219	-0.50639130	13.05803444	-0.41694826
-0.52042291	13.04437230	-0.36628540	-0.52133769	13.04327337	-0.36611168
-0.56591275	13.02743875	-0.39865906	-0.56677108	13.02636936	-0.39852427
-0.57776687	13.03267850	-0.44724260	-0.57860435	13.03168717	-0.44710750
-0.02045912	13.12996514	-0.43527998	-0.02152556	13.12941023	-0.43495563
-0.11213539	13.11750160	-0.44770575	-0.11319770	13.11686410	-0.44733374
-0.03003288	13.15131526	-0.33993658	-0.03121518	13.15066180	-0.33959236
-0.13327511	13.13498916	-0.36107656	-0.13449576	13.13421552	-0.36065086
-0.23415217	13.11778411	-0.39232951	-0.23523607	13.11695012	-0.39199411
-0.20798683	13.10450747	-0.47073882	-0.20898157	13.10381703	-0.47041661
-0.03069172	13.15296686	-0.25284481	-0.03192660	13.15222794	-0.25253176
-0.14507507	13.13819755	-0.27724923	-0.14651161	13.13730940	-0.27680962
-0.25418008	13.11990958	-0.31279711	-0.25537845	13.11896363	-0.31246071
0.99101245	11.97548412	-1.05844348	0.99137841	11.97587484	-1.05827641
1.01345410	12.12042277	-1.05647567	1.01370251	12.12083729	-1.05627298
0.99338918	11.93054925	-0.95303552	0.99376166	11.93093588	-0.95288178
1.01929258	12.07719651	-0.94225665	1.01952342	12.07760779	-0.94206153
1.03831867	12.29493619	-0.92674726	1.03838650	12.29536905	-0.92651897
1.02702846	12.32955013	-1.04265419	1.02711821	12.32998087	-1.04242464
0.97466539	11.91401727	-0.83406192	0.97501280	11.91436917	-0.83392113
1.00259607	12.06196418	-0.81883451	1.00278927	12.06235012	-0.81865400
1.02451153	12.28390343	-0.80241271	1.02453678	12.28431524	-0.80219407
1.02243578	12.51536422	-1.01829648	1.02237158	12.51579985	-1.01805558
1.04102605	12.49786528	-0.90312955	1.04092984	12.49831104	-0.90288440
1.02970665	12.49244019	-0.78186084	1.02956856	12.49286960	-0.78162224
-0.64334519	12.93251420	-0.61499677	-0.64400684	12.93185810	-0.61511666
-0.65011349	12.90275371	-0.62703359	-0.65077635	12.90214227	-0.62723223
-0.70115824	12.92193985	-0.53520198	-0.70190000	12.92116105	-0.53535202
-0.71158254	12.88576511	-0.54130754	-0.71233470	12.88503060	-0.54155051
-0.65191659	12.87936343	-0.62851718	-0.65259198	12.87876850	-0.62877657
-0.70284286	12.91190510	-0.43293344	-0.70363392	12.91092689	-0.43305701
-0.71629440	12.86683422	-0.43399776	-0.71710970	12.86590557	-0.43420191
-0.71922287	12.83115447	-0.43583746	-0.72007471	12.83025908	-0.43609828
-0.29917388	13.09316852	-0.48726029	-0.30011527	13.09241695	-0.48697148
-0.31749137	13.10276672	-0.41487792	-0.31851261	13.10188338	-0.41458388
-0.34361500	13.10196913	-0.34438931	-0.34468245	13.10095296	-0.34409745
-0.59626275	12.94875833	-0.26488015	-0.59714514	12.94746343	-0.26488868
-0.51601678	12.95172984	-0.20227217	-0.51693252	12.95035170	-0.20224266
-0.65018552	12.94333165	-0.34004755	-0.65103277	12.94215438	-0.34007795
-0.62704329	12.97298564	-0.35682633	-0.62789096	12.97183265	-0.35680549
-0.57321802	12.98082824	-0.28909738	-0.57411673	12.97957119	-0.28903776
-0.40149158	12.94256309	-0.14656227	-0.40242855	12.94122373	-0.14651856
-0.45769018	12.96405263	-0.66877298	-0.45834519	12.96349439	-0.66872222
-0.44586809	12.99626071	-0.64043754	-0.44658077	12.99566061	-0.64032500
-0.52996089	12.99512797	-0.62337397	-0.53065739	12.99445938	-0.62330032
-0.54583879	12.96679696	-0.64943428	-0.54649018	12.96616825	-0.64942242
-0.65988427	12.97909644	-0.52335382	-0.66063419	12.97824990	-0.52335896
-0.68417978	12.95161651	-0.52976207	-0.68492498	12.95080678	-0.52983959
-0.62959513	12.96076294	-0.60210779	-0.63027387	12.96006449	-0.60214837
-0.60873485	12.98789259	-0.58420269	-0.60944713	12.98715766	-0.58417631
-0.62786209	13.00826865	-0.51433542	-0.62863384	13.00739728	-0.51426674
-0.58150596	13.01421042	-0.55711990	-0.58226396	13.01342783	-0.55703013
-0.51183983	13.02072397	-0.58397955	-0.51259286	13.01999802	-0.58384765
-0.68542410	12.94510890	-0.43541671	-0.68621398	12.94411741	-0.43546929
-0.66108074	12.97322675	-0.44126612	-0.66187261	12.97223326	-0.44125611
-0.59483977	13.00417392	-0.38108271	-0.59569047	13.00306774	-0.38099431
-0.62739855	13.00335863	-0.45023311	-0.62820640	13.00237333	-0.45016021
-0.54551631	13.01554221	-0.32324904	-0.54643198	13.01435181	-0.32312760
-0.44236174	13.02682573	-0.60024985	-0.44312722	13.02616230	-0.60008496
0.17988260	13.11990597	-0.18471212	0.17882693	13.11946292	-0.18450226
0.15022068	13.15853691	-0.26994892	0.14912185	13.15810084	-0.26971162
0.17796097	13.14648390	-0.28467644	0.17689500	13.14609521	-0.28445170
0.21189979	13.10667448	-0.19629455	0.21087733	13.10628441	-0.19609813
0.12989234	13.16558938	-0.36502102	0.12881875	13.16518485	-0.36475937
0.15604582	13.15434322	-0.38197871	0.15501286	13.15398418	-0.38174056
0.18256032	13.13760704	-0.29470303	0.18151857	13.13723181	-0.29448693
0.21630342	13.09829607	-0.20270708	0.21529772	13.09791806	-0.20251960
0.18919675	13.14531404	-0.29576173	0.18815059	13.14494700	-0.29554456
0.22170225	13.10479831	-0.19758104	0.22068985	13.10442722	-0.19739265
0.17013391	13.15247443	-0.39911980	0.16912309	13.15214078	-0.39889275
0.21415708	13.15833261	-0.42507057	0.21316456	13.15805055	-0.42485851
0.23566298	13.15068563	-0.31366841	0.23463593	13.15037962	-0.31345767
0.26760213	13.10816009	-0.20838112	0.26659651	13.10784615	-0.20819273
0.25559304	12.93343992	-0.06475330	0.25476361	12.93304866	-0.06465153
0.21852401	13.04980760	-0.11018118	0.21755824	13.04938113	-0.11001142
0.25471082	13.03708354	-0.12157023	0.25376978	13.03671199	-0.12141037
0.29514119	12.92022499	-0.07784583	0.29433159	12.91990042	-0.07774186
0.26494467	13.03510369	-0.12206268	0.26400835	13.03474704	-0.12190673
0.30634999	12.91834689	-0.08124059	0.30554507	12.91803835	-0.08113546
0.31017621	13.03367578	-0.12939540	0.30924660	13.03338742	-0.12924556
0.35014719	12.91061542	-0.08714560	0.34935634	12.91036827	-0.08703356
0.37587433	12.72177179	-0.09128101	0.37531256	12.72157729	-0.09122866
0.33580199	12.73541516	-0.08688060	0.33522038	12.73516902	-0.08683348
0.39374269	12.52645143	-0.12203467	0.39341209	12.52631956	-0.12201895
0.35618790	12.55049801	-0.11740048	0.35582782	12.55031922	-0.11739178
0.32441613	12.73759113	-0.08216084	0.32382960	12.73732590	-0.08211565
0.34400348	12.55327661	-0.11250013	0.34363889	12.55308069	-0.11249613
0.29833428	12.56699334	-0.09447926	0.29794555	12.56672950	-0.09448804
0.28235721	12.75491690	-0.06619572	0.28174431	12.75458853	-0.06615801
0.26590186	12.78318578	-0.91940733	0.26565625	12.78307705	-0.91942139
0.25592364	12.85338674	-0.89451394	0.25557642	12.85327128	-0.89450612
0.23676426	12.85920208	-0.83543341	0.23636856	12.85908014	-0.83542121
0.24758976	12.79839545	-0.85912872	0.24726821	12.79828597	-0.85913383
0.24053697	12.92539855	-0.84414357	0.24008316	12.92527536	-0.84411497
0.22074068	12.92378659	-0.78845506	0.22024304	12.92364223	-0.78841658
0.22724500	12.91939665	-0.77063013	0.22673615	12.91925687	-0.77058089
0.24848511	12.80420966	-0.83838096	0.24814180	12.80410477	-0.83837596
0.22047105	12.85960739	-0.82101043	0.22004855	12.85947977	-0.82098149
0.22549025	12.80230845	-0.84401546	0.22514925	12.80219246	-0.84401253
0.20969962	12.92328963	-0.77867629	0.20918716	12.92314187	-0.77862692
0.16910809	12.93545956	-0.76408886	0.16856850	12.93527508	-0.76403818
0.17695043	12.86816318	-0.80261023	0.17650217	12.86799799	-0.80259043
0.17902365	12.80457067	-0.82370989	0.17866252	12.80441787	-0.82371952
0.27084029	12.71307783	-0.94449996	0.27069579	12.71295791	-0.94450287
0.25528682	12.73719262	-0.88331052	0.25505370	12.73709226	-0.88332778
0.25705491	12.75281155	-0.86098052	0.25678257	12.75271853	-0.86099047
0.27477783	12.71631301	-0.87417876	0.27456572	12.71623089	-0.87418851
0.23441118	12.74460226	-0.87084544	0.23414910	12.74450120	-0.87086542
0.18566283	12.73697254	-0.85329567	0.18538953	12.73683597	-0.85333413
0.28252202	12.32743842	-0.16255408	0.28249495	12.32720318	-0.16261630
0.29984583	12.42404453	-0.12870975	0.29963761	12.42382291	-0.12874056
0.34764768	12.42244226	-0.14501257	0.34744447	12.42229688	-0.14502296
0.33321993	12.35295785	-0.17765980	0.33313264	12.35281668	-0.17768753
0.35164126	12.43504849	-0.15228370	0.35142683	12.43490578	-0.15229190
0.36137613	12.41546982	-0.15006604	0.36118456	12.41534430	-0.15007329
0.34763235	12.34748966	-0.18404192	0.34752222	12.34737871	-0.18404737
0.39855420	12.38222176	-0.15851540	0.39840233	12.38214400	-0.15851139
0.11926511	13.14049248	-0.47027882	0.11827136	13.14014430	-0.47002818
0.14924118	13.12722728	-0.48434001	0.14828877	13.12691537	-0.48411980
0.12289514	13.08837276	-0.57852543	0.12203811	13.08808577	-0.57833845
0.15820605	13.07310041	-0.58924403	0.15738857	13.07284792	-0.58907830
0.16127950	13.11593821	-0.49110120	0.16035272	13.11564014	-0.49089868
0.16709275	13.12233083	-0.49123729	0.16616315	13.12203564	-0.49103908
0.17728827	13.06640696	-0.58544581	0.17648652	13.06616634	-0.58529266
0.20352040	13.07183727	-0.62475937	0.20275211	13.07162730	-0.62461519
0.20259150	13.12818450	-0.52372685	0.20169052	13.12793428	-0.52354400
0.21949659	13.00136935	-0.74308167	0.21888258	13.00120542	-0.74299675
0.19795716	12.99655530	-0.69500083	0.19730917	12.99636527	-0.69490604
0.18359018	12.99964827	-0.69455537	0.18293097	12.99945020	-0.69445476
0.14528084	13.01442016	-0.68328351	0.14458893	13.01418791	-0.68317047
0.39337855	13.09064356	-0.26197924	0.39244445	13.09049391	-0.26180231
0.42875070	13.01015697	-0.17822789	0.42788215	13.01002844	-0.17807245
0.45741573	12.87948603	-0.13208255	0.45668711	12.87938595	-0.13196279
0.31228947	12.99083810	-0.86164077	0.31177776	12.99076196	-0.86156176
0.33628647	12.91275625	-0.95085328	0.33590319	12.91269856	-0.95080092
0.29409886	13.06021090	-0.74954153	0.29344041	13.06010048	-0.74942195
0.13545797	12.96092145	-0.05953817	0.13458971	12.96034777	-0.05943265
0.11342328	13.06511591	-0.10403251	0.11242199	13.06452296	-0.10385319
0.09174749	13.12864677	-0.17399708	0.09064606	13.12806043	-0.17376750
0.08732121	13.02796932	-0.62401648	0.08656346	13.02767247	-0.62387322
0.06704121	13.09331871	-0.54600215	0.06614134	13.09296829	-0.54578508
0.10661111	12.95591319	-0.67842981	0.10598760	12.95565789	-0.67835631
0.47224984	12.68442084	-0.13216545	0.47174495	12.68434890	-0.13209723
0.48201887	12.47536682	-0.16083846	0.48175397	12.47533314	-0.16080515
0.34549577	12.83185800	-1.00383430	0.34524135	12.83180596	-1.00380766
0.34648669	12.75674190	-1.03299375	0.34632502	12.75667151	-1.03296979
0.48334439	12.33790980	-0.19915902	0.48324107	12.33790530	-0.19913738
0.34535523	12.69673836	-1.05180032	0.34528420	12.69666178	-1.05178683
0.15759382	12.47117653	-0.10547772	0.15733031	12.47072461	-0.10556733
0.16326822	12.62725176	-0.07589279	0.16279876	12.62678247	-0.07593461
0.10872576	12.75492429	-0.74834064	0.10835859	12.75470645	-0.74837688
0.10890303	12.82362387	-0.72465244	0.10844985	12.82339214	-0.72465576
0.15396229	12.80648627	-0.05511400	0.15327314	12.80596392	-0.05508507
0.11098476	12.88912009	-0.70666633	0.11044626	12.88888023	-0.70663483
0.32944323	13.14327928	-0.50026261	0.32854550	13.14313447	-0.50007539
0.30364343	13.11469860	-0.62719743	0.30285261	13.11456518	-0.62703565
0.35976911	13.13505864	-0.37410290	0.35881988	13.13490851	-0.37391129
0.06278046	13.16316564	-0.34607280	0.06165867	13.16264939	-0.34578157
0.05961774	13.13949658	-0.44823408	0.05858407	13.13906179	-0.44794598
0.07416204	13.16027946	-0.25474915	0.07301563	13.15971335	-0.25448605
0.88219544	11.96661942	-0.58445950	0.88234652	11.96684270	-0.58439992
0.81676000	12.01719950	-0.47386000	0.81676000	12.01719950	-0.47386000
0.92267597	11.93887605	-0.71327811	0.92293862	11.93917194	-0.71316794
0.91007057	12.00537537	-0.71810703	0.91027144	12.00566721	-0.71798941
0.87436658	12.05214190	-0.63166942	0.87447292	12.05239060	-0.63157310
0.80595859	12.11465676	-0.52863150	0.80597898	12.11480715	-0.52854858
0.95604599	11.93140771	-0.83758036	0.95637692	11.93174311	-0.83744438
0.97535556	11.94743922	-0.94897495	0.97571024	11.94780931	-0.94882462
0.94327658	12.06544181	-0.93224848	0.94351308	12.06579293	-0.93208648
0.92891106	12.03510779	-0.81461024	0.92912931	12.03543135	-0.81446959
0.97459048	11.98977080	-1.04214745	0.97493749	11.99014707	-1.04198492
0.93997881	12.06448355	-1.12905898	0.94030215	12.06483698	-1.12889525
0.91676959	12.12715840	-1.10664695	0.91703832	12.12749742	-1.10648186
0.94061609	12.10036119	-1.03008714	0.94086819	12.10071858	-1.02991732
0.85928500	12.18253795	-1.22018325	0.85956079	12.18283264	-1.22002946
0.74273569	12.33331420	-1.27086289	0.74292885	12.33348982	-1.27075035
0.74663533	12.36161276	-1.19911312	0.74677726	12.36179886	-1.19900158
0.85735330	12.22842549	-1.15748160	0.85757007	12.22872026	-1.15732529
0.60124620	12.48304054	-1.23771659	0.60129905	12.48306436	-1.23772408
0.47109216	12.61372225	-1.15269106	0.47108299	12.61371905	-1.15268159
0.49420000	12.61570000	-1.07906000	0.49420000	12.61570000	-1.07906000
0.61447000	12.50220000	-1.16283000	0.61447000	12.50220000	-1.16283000
0.38294425	12.64727433	-1.04973534	0.38292697	12.64723406	-1.04972764
0.33204216	12.64753885	-0.95687180	0.33199987	12.64746869	-0.95686474
0.37140000	12.64100070	-0.89641000	0.37140000	12.64100070	-0.89641000
0.41679000	12.64250090	-0.98287004	0.41679000	12.64250090	-0.98287004
0.31392314	12.67922050	-0.89742025	0.31379347	12.67914667	-0.89742058
0.30981688	12.70673689	-0.86997398	0.30961618	12.70667405	-0.86997296
0.33804419	12.69457798	-0.81274944	0.33780102	12.69453324	-0.81273921
0.34726619	12.66947708	-0.84040974	0.34709189	12.66944219	-0.84041282
0.30080858	12.69402869	-0.87387560	0.30061555	12.69396536	-0.87387966
0.25766863	12.68392320	-0.84447633	0.25744733	12.68383723	-0.84450568
0.29787837	12.68105287	-0.77499767	0.29761371	12.68097831	-0.77500585
0.33688590	12.68317722	-0.81141297	0.33664646	12.68313247	-0.81140384
0.15121169	12.71935417	-0.71631733	0.15086104	12.71916028	-0.71635530
0.01910669	12.77293582	-0.57582846	0.01859429	12.77258777	-0.57587204
0.02320258	12.81054334	-0.49889736	0.02263524	12.81013249	-0.49891218
0.17514019	12.73445762	-0.64096471	0.17472912	12.73425446	-0.64098208
-0.09763393	12.81567036	-0.51307305	-0.09823466	12.81514956	-0.51312816
-0.20515780	12.84750696	-0.51702336	-0.20581663	12.84687304	-0.51704688
-0.20865576	12.91584297	-0.45655195	-0.20941253	12.91511872	-0.45648951
-0.09977877	12.87504647	-0.44285867	-0.10046089	12.87444428	-0.44284290
-0.31028603	12.86800274	-0.57692253	-0.31096098	12.86737157	-0.57694691
-0.40879986	12.87928873	-0.64472532	-0.40944399	12.87869357	-0.64476272
-0.42552094	12.90680927	-0.59289419	-0.42621481	12.90613237	-0.59290723
-0.31985397	12.92094164	-0.52178862	-0.32059224	12.92022334	-0.52174981
-0.49681784	12.88263798	-0.67290694	-0.49741660	12.88206301	-0.67300101
-0.57657288	12.87908903	-0.66126979	-0.57719210	12.87850626	-0.66147825
-0.57580353	12.88133512	-0.62584061	-0.57646339	12.88067755	-0.62602344
-0.51921378	12.89013148	-0.62465371	-0.51986339	12.88947113	-0.62475423
-0.65071654	12.87049804	-0.60970495	-0.65141219	12.86986328	-0.60997453
-0.69994015	12.85383279	-0.53024396	-0.70072817	12.85308390	-0.53053366
-0.66291068	12.86994327	-0.50192138	-0.66368369	12.86908565	-0.50214013
-0.62549099	12.87959837	-0.57869492	-0.62620453	12.87886740	-0.57890471
-0.70504290	12.82625030	-0.43515735	-0.70589558	12.82533841	-0.43541957
-0.67821073	12.77905600	-0.34550998	-0.67905180	12.77794851	-0.34575343
-0.65659363	12.78568708	-0.35838906	-0.65743100	12.78458711	-0.35862901
-0.66882982	12.83247880	-0.41849315	-0.66966338	12.83148321	-0.41872644
-0.63147289	12.70450973	-0.28245845	-0.63227409	12.70329601	-0.28275892
-0.55798496	12.64397179	-0.23373594	-0.55872310	12.64271437	-0.23410520
-0.54038644	12.70331814	-0.26493454	-0.54113429	12.70208042	-0.26524040
-0.61645743	12.74678394	-0.31484743	-0.61726683	12.74559725	-0.31511875
-0.45100289	12.63916261	-0.18629301	-0.45161678	12.63788461	-0.18663726
-0.32384072	12.61876407	-0.15017386	-0.32432082	12.61759892	-0.15044944
-0.30608828	12.67250725	-0.17896531	-0.30663957	12.67137163	-0.17920989
-0.43216241	12.69671086	-0.21605451	-0.43281845	12.69546384	-0.21634030
-0.18689577	12.51480142	-0.13667022	-0.18717975	12.51384902	-0.13690210
-0.03804129	12.39948035	-0.14389422	-0.03815412	12.39875499	-0.14407021
-0.03568656	12.46920992	-0.17493386	-0.03589959	12.46850334	-0.17509923
-0.17540119	12.57754700	-0.16546211	-0.17577057	12.57661900	-0.16567122
0.12327750	12.33954756	-0.16412759	0.12324377	12.33905945	-0.16426555
0.25181317	12.32140195	-0.18928985	0.25180693	12.32112600	-0.18936991
0.23120079	12.38109827	-0.24130939	0.23110305	12.38080317	-0.24138965
0.11348892	12.40687529	-0.20548819	0.11335889	12.40639417	-0.20561238
0.30170713	12.35581114	-0.21046552	0.30163238	12.35562513	-0.21051474
0.28696772	12.43960515	-0.27982582	0.28678026	12.43940275	-0.27987329
0.27892498	12.41179343	-0.26595854	0.27877769	12.41157898	-0.26601481
0.31319117	12.34614779	-0.22301741	0.31308310	12.34600790	-0.22304410
0.34620000	12.27620000	-0.23202000	0.34620000	12.27620000	-0.23202000
0.31912749	12.33295823	-0.29085269	0.31903767	12.33281338	-0.29089775
0.28613294	12.39800852	-0.28095895	0.28598475	12.39781354	-0.28101172
0.44425997	12.21770000	-0.27141000	0.44425997	12.21770000	-0.27141000
0.57587000	12.16340070	-0.32883000	0.57587000	12.16340070	-0.32883000
0.56935434	12.24305225	-0.38291535	0.56931321	12.24308535	-0.38288892
0.42746033	12.28607227	-0.32797864	0.42741277	12.28603143	-0.32798530
0.70622003	12.08180000	-0.39380000	0.70622003	12.08180000	-0.39380000
0.69986158	12.18141118	-0.44749797	0.69984425	12.18150740	-0.44744794
0.76329705	12.39395580	-1.04819747	0.76335161	12.39418611	-1.04807154
0.86562920	12.24532468	-1.04700980	0.86578602	12.24563166	-1.04685172
0.78257540	12.37746597	-0.86005167	0.78255987	12.37771321	-0.85991542
0.87468825	12.22391778	-0.90654433	0.87479962	12.22422854	-0.90639037
0.79523941	12.26293912	-0.67236404	0.79523153	12.26316764	-0.67224452
0.87450310	12.15008670	-0.75441908	0.87460775	12.15037933	-0.75428400
0.53318599	12.60840472	-0.90283270	0.53305324	12.60848769	-0.90276459
0.64672103	12.52254729	-0.99049348	0.64666197	12.52267820	-0.99041690
0.56436734	12.53892740	-0.69134306	0.56416807	12.53901974	-0.69126960
0.67742242	12.47909913	-0.78108524	0.67730108	12.47927226	-0.78097833
0.57026899	12.38679463	-0.51103734	0.57014346	12.38685810	-0.51098834
0.69207583	12.34057565	-0.58902827	0.69199137	12.34072738	-0.58894040
-0.21954105	12.91071482	-0.37174288	-0.22033858	12.90985455	-0.37169020
-0.11346227	12.86790088	-0.35608561	-0.11416040	12.86720187	-0.35608192
-0.24091333	12.85255340	-0.28534551	-0.24164809	12.85158703	-0.28536864
-0.13406331	12.80323983	-0.27203379	-0.13471066	12.80243624	-0.27208352
-0.01665129	12.73617791	-0.30757234	-0.01718658	12.73557450	-0.30763673
0.00642279	12.80252870	-0.40306375	0.00583410	12.80202987	-0.40307972
-0.27439891	12.76190818	-0.22274074	-0.27505208	12.76084049	-0.22289092
-0.15649268	12.68963284	-0.20996689	-0.15700641	12.68876121	-0.21010626
-0.02951899	12.60388312	-0.23090536	-0.02990286	12.60321820	-0.23102879
-0.55529755	12.90997139	-0.54342930	-0.55603356	12.90915567	-0.54351415
-0.58934632	12.90317818	-0.45171807	-0.59013689	12.90219511	-0.45181389
-0.48718831	12.92344169	-0.39032377	-0.48800400	12.92238220	-0.39033780
-0.45397468	12.93677108	-0.49585796	-0.45474517	12.93590681	-0.49584145
-0.60566903	12.83072766	-0.37287555	-0.60648960	12.82961800	-0.37307101
-0.51667706	12.82102608	-0.31429278	-0.51747958	12.81984040	-0.31446725
-0.33796072	12.93545208	-0.42796328	-0.33875943	12.93455561	-0.42791070
-0.36475903	12.89967603	-0.32940792	-0.36556128	12.89860551	-0.32941492
-0.40007304	12.80181915	-0.26100259	-0.40081718	12.80064039	-0.26115793
0.29265407	12.63933981	-0.65117613	0.29234508	12.63923155	-0.65118771
0.33441854	12.63607079	-0.67462814	0.33412252	12.63600191	-0.67462652
0.26639118	12.57216305	-0.50135113	0.26610309	12.57198176	-0.50138076
0.31277344	12.57131111	-0.51128118	0.31249357	12.57118234	-0.51130022
0.31685451	12.58930785	-0.49569502	0.31654946	12.58917561	-0.49570540
0.33538547	12.65036994	-0.66623110	0.33507431	12.65029699	-0.66622640
0.34260733	12.63287343	-0.68884447	0.34232298	12.63281034	-0.68884098
0.31930370	12.57511495	-0.51052982	0.31901637	12.57498946	-0.51054429
0.35172072	12.55545580	-0.55114200	0.35146376	12.55536724	-0.55115025
0.37203513	12.61429724	-0.73933210	0.37179912	12.61425803	-0.73931974
0.32673729	12.44057749	-0.39903547	0.32655638	12.44043144	-0.39906901
0.29429966	12.48734170	-0.37575408	0.29406965	12.48716020	-0.37578969
0.28857868	12.49143789	-0.37086208	0.28835193	12.49125186	-0.37090520
0.24110995	12.47707201	-0.35470951	0.24089759	12.47682522	-0.35477333
0.44496953	12.55413612	-0.61299850	0.44473113	12.55413402	-0.61296891
0.43836831	12.62184995	-0.81483532	0.43818264	12.62187060	-0.81478588
0.43345336	12.41228831	-0.44601263	0.43330449	12.41224794	-0.44600952
0.13695611	12.63978869	-0.40949709	0.13657251	12.63944679	-0.40955010
0.16322653	12.71038102	-0.53182834	0.16279821	12.71011122	-0.53185553
0.11859091	12.52246157	-0.29384874	0.11832413	12.52202912	-0.29394356
0.16240698	13.14486794	-0.39422752	0.16139828	13.14452412	-0.39400025
0.25810950	13.03079229	-0.12871329	0.25717424	13.03042826	-0.12855598
0.29761154	12.91683753	-0.08722043	0.29680923	12.91652216	-0.08711781
0.32695237	12.73690703	-0.09264278	0.32636808	12.73665193	-0.09259473
0.34721974	12.55758313	-0.12236210	0.34685241	12.55739409	-0.12235691
0.24077733	12.85841047	-0.81454384	0.24036170	12.85829378	-0.81452173
0.33852941	12.37506888	-0.18493443	0.33839938	12.37493649	-0.18495276
0.17550377	13.06121045	-0.58822738	0.17470846	13.06097094	-0.58807435
0.20142775	12.99135854	-0.68834289	0.20077975	12.99117154	-0.68824686
0.89649740	11.96132753	-0.57100775	0.89664548	11.96155719	-0.57094290
0.82720132	12.01970452	-0.45665931	0.82719055	12.01970710	-0.45665858
0.94008662	11.92458901	-0.70466761	0.94035832	11.92489851	-0.70455131
0.74622104	12.33192117	-1.28636192	0.74642337	12.33209844	-1.28624764
0.46146827	12.61952877	-1.16633061	0.46145470	12.61952707	-1.16632197
0.35363287	12.65794978	-1.05830255	0.35359997	12.65788261	-1.05829396
0.28738674	12.66169403	-0.96014311	0.28732192	12.66158472	-0.96014649
0.27305998	12.69179508	-0.89898269	0.27290565	12.69169692	-0.89898999
0.25650667	12.70309761	-0.88589436	0.25631317	12.70301261	-0.88591459
0.20819369	12.68899177	-0.86791837	0.20797623	12.68888201	-0.86796991
0.11968656	12.71083179	-0.75353801	0.11936868	12.71062597	-0.75359206
0.01126311	12.74414844	-0.62339497	0.01080949	12.74381667	-0.62345001
-0.19740057	12.78440970	-0.55806501	-0.19800347	12.78384483	-0.55817702
-0.30045787	12.82598434	-0.60814811	-0.30109067	12.82541193	-0.60824019
-0.48421819	12.88781575	-0.69511464	-0.48480034	12.88727371	-0.69518637
-0.56646674	12.89058110	-0.68373192	-0.56705820	12.89003271	-0.68391016
-0.71223041	12.85815689	-0.54174286	-0.71301167	12.85745012	-0.54204074
-0.18906583	12.52448388	-0.11461841	-0.18937582	12.52352262	-0.11485007
0.14097293	12.35526610	-0.13941711	0.14090565	12.35479756	-0.13954240
0.30914309	12.38362969	-0.22297429	0.30901449	12.38346044	-0.22301326
0.38311733	12.29386313	-0.19518188	0.38307796	12.29382662	-0.19516307
0.46916112	12.23730201	-0.23881182	0.46914339	12.23729749	-0.23879723
0.71409464	12.09181589	-0.37178491	0.71408496	12.09183038	-0.37178405
0.29518174	12.51454424	-0.36892256	0.29492397	12.51436258	-0.36895628
0.58361948	12.77804242	-0.54094222	0.58315323	12.77814311	-0.54082161
0.30447671	12.98931130	-0.52982761	0.30375384	12.98916655	-0.52970722
0.03295949	12.99458411	-0.26227027	0.03205125	12.99401089	-0.26213196
0.10136217	13.07725250	-0.30723460	0.10037540	13.07678409	-0.30704221
0.31884649	12.86855251	-0.29403958	0.31816939	12.86835641	-0.29395748
0.03002253	12.96740073	-0.42076831	0.02922419	12.96693584	-0.42065165
0.12338844	13.04528776	-0.41677870	0.12250698	13.04492497	-0.41661883
0.36656974	12.82367980	-0.69327158	0.36611543	12.82363556	-0.69320192
0.15758555	13.02861490	-0.17880926	0.15665225	13.02815155	-0.17866348
0.22036890	12.81514970	-0.79366617	0.21997833	12.81501936	-0.79365879
0.32963836	12.75839558	-0.53093953	0.32916128	12.75828088	-0.53089849
0.32870888	12.88694893	-0.84129109	0.32828582	12.88689214	-0.84123411
0.39405722	12.43609346	-0.24542094	0.39385952	12.43600377	-0.24542917
0.24507298	13.04676625	-0.44601063	0.24423410	13.04653689	-0.44586199
0.47639993	12.68508676	-0.66733539	0.47606436	12.68512135	-0.66726403
0.69809678	12.74975649	-0.77204862	0.69776138	12.74996216	-0.77189969
0.32714719	12.93978195	-0.19968867	0.32635598	12.93955163	-0.19957657
-0.42785846	12.90918848	-0.24418255	-0.42871671	12.90793805	-0.24420347
0.15330169	13.08119240	-0.24803911	0.15231643	13.08075802	-0.24785743
0.32374472	12.94654801	-0.68752927	0.32315672	12.94646113	-0.68742814
-0.51484467	12.90886368	-0.28455083	-0.51569648	12.90761959	-0.28459617
0.22854394	13.03141704	-0.32777673	0.22766637	13.03112552	-0.32762962
0.28999232	12.45943793	-0.20113651	0.28976197	12.45921815	-0.20117353
0.11928427	13.09860284	-0.36924957	0.11830467	13.09819863	-0.36903917
0.21044431	13.07731771	-0.48819271	0.20958187	13.07706801	-0.48802758
0.25457535	12.61257935	-0.24495050	0.25417517	12.61231048	-0.24496802
0.16800153	12.93747488	-0.50827062	0.16730166	12.93720946	-0.50818492
0.27770906	12.89118418	-0.83127012	0.27727434	12.89108905	-0.83122711
0.28448631	12.84047622	-0.83453173	0.28410545	12.84039075	-0.83450246
0.23139355	13.02202689	-0.54406105	0.23063035	13.02182451	-0.54393193
0.37604630	12.79938783	-0.19767021	0.37542406	12.79923008	-0.19759380
0.49793260	12.59234986	-0.43274348	0.49760864	12.59236415	-0.43269242
0.30559965	12.76088736	-0.88725438	0.30535465	12.76081929	-0.88724813
0.16147336	12.96477425	-0.64348706	0.16082023	12.96454504	-0.64340237
0.39110639	12.37591847	-0.22232641	0.39097668	12.37584511	-0.22233338
0.35801169	12.48386756	-0.31246086	0.35777811	12.48374381	-0.31247793
0.19497377	12.86824548	-0.18651380	0.19424485	12.86785243	-0.18645582
0.38960178	12.73026804	-0.90964200	0.38941572	12.73026009	-0.90961807
0.29720148	12.79314877	-0.84864189	0.29688060	12.79307570	-0.84862510
0.14557711	13.11358804	-0.28028746	0.14454869	13.11315935	-0.28007952
0.41474295	12.60679221	-0.24727303	0.41434944	12.60669440	-0.24724013
0.21551435	12.86017033	-0.77033820	0.21506164	12.86002816	-0.77031207
0.42791374	12.71336624	-0.82674002	0.42765811	12.71338395	-0.82668316
0.82714202	12.74553969	-0.86728992	0.82684213	12.74583553	-0.86710503
0.56603423	12.79160341	-0.92681199	0.56575531	12.79172542	-0.92670683
0.34100793	12.68609601	-0.19887185	0.34051032	12.68590497	-0.19883763
0.25105742	12.76282927	-0.18128321	0.25046176	12.76251747	-0.18124827
