0.85098000	12.73670000	-0.42027998	0.85121227	12.73645925	-0.42004020
0.82218000	12.87490000	-0.44889998	0.82250560	12.87466025	-0.44855174
0.89827996	12.83360000	-0.54721000	0.89852551	12.83340315	-0.54696208
0.93015003	12.70040000	-0.53268000	0.93030854	12.70020424	-0.53252365
0.77972000	12.96580000	-0.50917000	0.78011582	12.96560480	-0.50875306
0.85980000	12.91970060	-0.59010000	0.86009898	12.91952773	-0.58978933
0.90906000	12.87680050	-0.65046000	0.90929281	12.87664927	-0.65021169
0.94737000	12.80690000	-0.64478004	0.94754937	12.80674205	-0.64458477
0.98124000	12.67780000	-0.64582000	0.98135037	12.67764243	-0.64569407
0.71713000	12.76640000	-1.16413009	0.71712699	12.76649479	-1.16391699
0.83944000	12.71580000	-1.14240000	0.83942060	12.71585232	-1.14223303
0.80804010	12.82230090	-1.07359000	0.80807346	12.82234047	-1.07335691
0.68590003	12.86860080	-1.09031000	0.68596865	12.86869310	-1.09001610
0.94060004	12.68200000	-1.07965000	0.94058679	12.68200689	-1.07951763
0.90761006	12.79310000	-1.02094007	0.90764592	12.79309348	-1.02076422
0.86807007	12.86160000	-0.97031003	0.86815822	12.86158814	-0.97008957
0.78928000	12.90249920	-0.98565000	0.78939076	12.90251175	-0.98536843
0.66735000	12.94850060	-0.99105996	0.66749844	12.94857261	-0.99071336
0.59628004	12.83420000	-0.20819000	0.59662059	12.83388814	-0.20769826
0.57800000	12.97120090	-0.25585002	0.57847452	12.97091975	-0.25517042
0.71198005	12.92340000	-0.34866000	0.71238347	12.92312936	-0.34818070
0.73344004	12.78399940	-0.30827000	0.73373139	12.78372312	-0.30792013
0.54743000	13.05760100	-0.34026000	0.54801523	13.05743104	-0.33945008
0.67580000	13.01380060	-0.42442998	0.67629424	13.01360070	-0.42385726
0.46756002	12.88159940	-1.06358993	0.46766263	12.88182338	-1.06318580
0.59376997	12.82730000	-1.13641012	0.59380338	12.82744096	-1.13609083
0.56310004	12.91970060	-1.06397000	0.56321793	12.91984679	-1.06359177
0.43909000	12.96410080	-0.98893994	0.43931926	12.96436090	-0.98846173
0.54296000	12.99430000	-0.96231000	0.54320789	12.99445841	-0.96186730
0.41830000	13.03350070	-0.88625000	0.41866317	13.03380822	-0.88566796
-0.01381000	12.98910000	-0.06632000	-0.01372098	12.98892978	-0.06570894
-0.14222000	13.00080000	-0.08833000	-0.14217189	13.00068732	-0.08787219
-0.14472000	13.07420060	-0.13491000	-0.14464271	13.07413789	-0.13435789
-0.01992000	13.07640080	-0.11030000	-0.01979076	13.07628647	-0.10957102
-0.26099000	13.00240000	-0.12461000	-0.26094882	13.00233687	-0.12431039
-0.26196000	13.06380000	-0.17306000	-0.26188803	13.06378082	-0.17270099
-0.26321003	13.10500050	-0.23859000	-0.26310082	13.10503886	-0.23819773
-0.14673000	13.12110000	-0.20109999	-0.14660175	13.12111578	-0.20048006
-0.02491000	13.13040070	-0.17619000	-0.02473258	13.13036691	-0.17535966
0.03121000	12.97520000	-0.59077000	0.03188470	12.97603616	-0.58995717
0.01617000	13.03760050	-0.56526000	0.01683842	13.03838176	-0.56430640
-0.06479000	13.03959940	-0.55471003	-0.06426529	13.04024076	-0.55401023
-0.05060000	12.98340000	-0.57033000	-0.05003353	12.98409602	-0.56967898
-0.00341000	13.09160000	-0.51788000	-0.00285470	13.09221707	-0.51687614
-0.08635000	13.08589940	-0.51902000	-0.08589611	13.08645248	-0.51829361
-0.17985000	13.07870000	-0.53517000	-0.17947317	13.07912219	-0.53462460
-0.15723000	13.03770000	-0.57106000	-0.15678458	13.03822049	-0.57050923
-0.14254001	12.98650070	-0.58848000	-0.14202537	12.98710136	-0.58797057
0.98743004	12.28880000	-0.67193000	0.98738568	12.28869513	-0.67196081
0.96647996	12.06990000	-0.68786000	0.96641279	12.06984590	-0.68792473
0.91390000	12.09670070	-0.55256003	0.91385396	12.09662311	-0.55262215
0.92882010	12.30350000	-0.53679000	0.92881238	12.30336881	-0.53680057
0.83595000	12.14660070	-0.43133003	0.83594560	12.14652484	-0.43135826
0.84339000	12.32870000	-0.41143999	0.84341782	12.32856049	-0.41142538
0.97943000	12.38000000	-1.14153000	0.97935665	12.38002528	-1.14151663
0.88453000	12.44060000	-1.21054000	0.88447197	12.44066450	-1.21049825
0.87983000	12.28110000	-1.23539007	0.87974563	12.28116790	-1.23541105
0.97187006	12.18870070	-1.15688000	0.97178509	12.18874230	-1.15693173
0.75735000	12.51690000	-1.23934007	0.75732206	12.51698091	-1.23928135
0.75349003	12.39670090	-1.27077000	0.75343861	12.39678986	-1.27076009
0.86754000	12.17640000	-1.24323000	0.86745709	12.17646144	-1.24327698
0.95291007	12.05410000	-1.15495000	0.95286160	12.05413112	-1.15500842
0.99353000	12.49780000	-0.65717000	0.99355931	12.49765605	-0.65712737
0.93692000	12.51380060	-0.53070000	0.93698464	12.51362537	-0.53064152
0.85271996	12.54230000	-0.40872002	0.85282785	12.54209102	-0.40861584
0.86804000	12.58710000	-1.18370000	0.86799845	12.58716315	-1.18360152
0.96711000	12.54440000	-1.11789000	0.96706690	12.54442183	-1.11781786
0.74284000	12.64470000	-1.20865000	0.74279579	12.64479668	-1.20850706
0.60008997	12.42000000	-0.22572999	0.60015436	12.41983485	-0.22562817
0.60045000	12.63480000	-0.20322001	0.60063732	12.63453682	-0.20293872
0.73379004	12.58500000	-0.29752000	0.73394314	12.58477589	-0.29734646
0.72737000	12.37080000	-0.30848000	0.72742186	12.37065458	-0.30842090
0.46882000	12.70490070	-1.15072000	0.46882775	12.70505360	-1.15056776
0.61207000	12.61500070	-1.21942000	0.61207237	12.61507273	-1.21933872
0.60884000	12.71920000	-1.18590009	0.60883814	12.71930414	-1.18572748
0.47390000	12.78880000	-1.11704000	0.47395387	12.78896298	-1.11674520
0.58653000	12.17480000	-0.30181000	0.58653195	12.17477145	-0.30180279
0.59724003	12.28070000	-0.26254000	0.59726107	12.28059829	-0.26250120
0.72332000	12.21610070	-0.33775002	0.72333567	12.21601267	-0.33773769
0.60072000	12.48690000	-1.25183000	0.60070566	12.48697146	-1.25182378
0.60686004	12.53430080	-1.24357009	0.60685516	12.53437387	-1.24354135
0.46272000	12.64919950	-1.16639006	0.46271980	12.64933023	-1.16630952
-0.00541000	12.71130000	-0.06534000	-0.00537507	12.71115687	-0.06508617
-0.15408000	12.77979950	-0.07262000	-0.15405588	12.77970543	-0.07243700
-0.14420001	12.90260000	-0.07008001	-0.14417113	12.90248184	-0.06974727
-0.00588000	12.86570000	-0.05461000	-0.00581234	12.86552273	-0.05416781
-0.29003000	12.83090110	-0.09720000	-0.29000439	12.83082833	-0.09710743
-0.27146003	12.92600000	-0.10104001	-0.27143443	12.92592223	-0.10083143
0.02713000	12.84570000	-0.61986000	0.02762333	12.84653192	-0.61929113
0.03334000	12.91109940	-0.60725003	0.03392742	12.91193393	-0.60655817
-0.04773000	12.92160000	-0.57967000	-0.04717307	12.92232437	-0.57910251
-0.05600000	12.85679910	-0.58369005	-0.05545452	12.85752024	-0.58324210
-0.13938001	12.92920110	-0.59671000	-0.13883993	12.92983512	-0.59627988
-0.14913000	12.86840060	-0.59556000	-0.14856200	12.86903086	-0.59522601
-0.03472000	12.41560000	-0.11991000	-0.03475834	12.41554969	-0.12008259
-0.17511000	12.63270090	-0.09055000	-0.17509052	12.63263854	-0.09055331
-0.02000000	12.54070000	-0.08941000	-0.02000018	12.54060272	-0.08939131
-0.32655000	12.62550000	-0.12926000	-0.32649463	12.62546985	-0.12940600
-0.31288000	12.71320060	-0.10910000	-0.31283797	12.71314619	-0.10914289
0.01711000	12.77940000	-0.63168000	0.01751062	12.78022116	-0.63121527
-0.07540000	12.79040050	-0.58086000	-0.07487662	12.79107438	-0.58054937
-0.09324000	12.76340000	-0.56080000	-0.09271104	12.76401409	-0.56055155
-0.17319000	12.80590060	-0.58353000	-0.17256685	12.80647302	-0.58330409
-0.38329002	12.99949930	-0.17385000	-0.38323818	12.99945849	-0.17370707
-0.37548003	13.04970000	-0.21959000	-0.37540227	13.04968912	-0.21940118
-0.49313998	12.99270060	-0.23046000	-0.49305562	12.99268356	-0.23045310
-0.47342000	13.03350070	-0.27143000	-0.47331835	13.03349407	-0.27137838
-0.45135003	13.06680000	-0.32168000	-0.45122593	13.06681841	-0.32158631
-0.36559000	13.08680000	-0.27872000	-0.36548431	13.08682315	-0.27848654
-0.26153000	13.03540000	-0.59059000	-0.26116120	13.03574458	-0.59026730
-0.24714000	12.99019910	-0.61556000	-0.24670721	12.99059767	-0.61525289
-0.28180000	13.07180000	-0.55014000	-0.28149739	13.07207645	-0.54981546
-0.37645000	13.06320100	-0.55873000	-0.37619953	13.06331066	-0.55856490
-0.36155000	13.03200050	-0.60361000	-0.36126157	13.03212989	-0.60344104
-0.35190000	12.99370000	-0.63746000	-0.35158457	12.99384220	-0.63729016
-0.24849999	12.94170090	-0.63141000	-0.24801183	12.94212457	-0.63114428
-0.35938000	12.95480060	-0.66225000	-0.35901851	12.95493724	-0.66210286
-0.37412000	12.91750050	-0.67638004	-0.37375073	12.91760321	-0.67624714
-0.26123000	12.89219950	-0.63596004	-0.26068617	12.89260590	-0.63574075
-0.53731000	12.88700000	-0.18991000	-0.53722602	12.88696819	-0.18996792
-0.55726000	12.76500000	-0.19554000	-0.55717991	12.76497713	-0.19563357
-0.63338000	12.80180070	-0.25304002	-0.63329241	12.80180170	-0.25311149
-0.61534000	12.89779950	-0.25218000	-0.61522943	12.89778605	-0.25225119
-0.56526000	12.66030000	-0.21289001	-0.56521820	12.66028048	-0.21297668
-0.64064000	12.71920000	-0.26498002	-0.64061351	12.71921128	-0.26501723
-0.68911000	12.78900050	-0.33506000	-0.68907875	12.78902383	-0.33508163
-0.68287003	12.84130000	-0.32923000	-0.68278829	12.84131315	-0.32927359
-0.66691000	12.90440080	-0.33078000	-0.66680541	12.90439665	-0.33084622
-0.45578000	12.65020000	-0.16502000	-0.45569709	12.65019048	-0.16515190
-0.44467002	12.74640000	-0.14595000	-0.44460269	12.74635752	-0.14604392
-0.42255998	12.86570000	-0.13751000	-0.42251300	12.86563425	-0.13751309
-0.47001000	12.93320000	-0.68729000	-0.46978935	12.93319690	-0.68722371
-0.47691998	12.90619950	-0.69790000	-0.47673770	12.90621282	-0.69783565
-0.38627002	12.88420000	-0.67825000	-0.38587358	12.88428308	-0.67813049
-0.55660003	12.93830000	-0.66731000	-0.55645811	12.93829839	-0.66726921
-0.56136000	12.91160000	-0.68211000	-0.56125145	12.91161198	-0.68206454
-0.39709002	12.86740000	-0.66786000	-0.39666795	12.86746356	-0.66775403
-0.28094003	12.84400080	-0.62815000	-0.28033294	12.84437257	-0.62797143
0.89871997	12.88490000	-0.90165010	0.89884250	12.88485429	-0.90142453
0.79868000	12.95190000	-0.88763000	0.79886012	12.95188511	-0.88732052
0.91517000	12.89930000	-0.81292003	0.91534709	12.89921106	-0.81267930
0.82003003	12.97180080	-0.78312004	0.82026866	12.97174531	-0.78280109
0.70954000	13.02749920	-0.74186003	0.70989638	13.02748700	-0.74141638
0.67983000	13.00330070	-0.87096995	0.68007825	13.00334025	-0.87057238
0.91621000	12.89550000	-0.72102000	0.91641632	12.89537888	-0.72077710
0.83707000	12.96309950	-0.67659000	0.83736170	12.96298302	-0.67625281
0.74250000	13.01570000	-0.61460000	0.74289353	13.01560461	-0.61415412
1.00032000	12.67140000	-0.98494000	1.00032261	12.67136343	-0.98482127
0.96255000	12.79300000	-0.93988000	0.96260862	12.79295345	-0.93972638
1.02339000	12.67190070	-0.87360000	1.02342806	12.67181672	-0.87349067
0.98232000	12.80240060	-0.84309000	0.98241752	12.80231190	-0.84292988
1.01469000	12.67100050	-0.76026005	1.01476397	12.67087327	-0.76015209
0.97636000	12.80200100	-0.74369997	0.97649152	12.80187225	-0.74352979
0.55964000	13.04880000	-0.82587004	0.55999710	13.04894333	-0.82535327
0.59634000	13.07450000	-0.67702000	0.59679745	13.07455897	-0.67644391
0.47237000	13.11320000	-0.59450000	0.47301668	13.11334742	-0.59366826
0.43532000	13.08660000	-0.74642000	0.43581145	13.08692213	-0.74570284
0.63618004	13.06340000	-0.53891003	0.63670610	13.06332446	-0.53830316
0.51093000	13.10420130	-0.45635000	0.51158504	13.10418006	-0.45549262
-0.38498002	13.08070090	-0.50084000	-0.38476749	13.08079649	-0.50067400
-0.46847000	13.06230070	-0.51340000	-0.46827047	13.06232223	-0.51334886
-0.44854003	13.05090000	-0.55575000	-0.44831606	13.05092776	-0.55567987
-0.39706000	13.08680000	-0.43781000	-0.39687268	13.08687709	-0.43765472
-0.49065000	13.06420000	-0.46890002	-0.49046793	13.06421332	-0.46886700
-0.57501000	13.03780080	-0.49801000	-0.57483684	13.03776848	-0.49803178
-0.53738000	13.03980000	-0.53056000	-0.53718772	13.03978090	-0.53055930
-0.49967000	13.03820000	-0.55677000	-0.49945953	13.03818708	-0.55674768
-0.42254000	13.08340000	-0.37761000	-0.42238635	13.08344879	-0.37747906
-0.50447005	13.06000000	-0.41755000	-0.50430643	13.06001110	-0.41752854
-0.51939005	13.04550080	-0.36666000	-0.51924643	13.04550015	-0.36665472
-0.56496000	13.02850060	-0.39896000	-0.56480203	13.02848611	-0.39899581
-0.57684004	13.03360000	-0.44754002	-0.57668128	13.03357391	-0.44757180
-0.01915000	13.13050000	-0.43595000	-0.01873914	13.13091003	-0.43499087
-0.11083000	13.11810000	-0.44846000	-0.11047874	13.11850106	-0.44774181
-0.02855000	13.15200000	-0.34064000	-0.02823028	13.15222074	-0.33971500
-0.13171001	13.13580000	-0.36194000	-0.13144412	13.13605093	-0.36124666
-0.23283000	13.11860080	-0.39301000	-0.23260225	13.11880871	-0.39254504
-0.20680001	13.10510000	-0.47139000	-0.20650530	13.10541116	-0.47088072
-0.02912000	13.15380000	-0.25350000	-0.02887943	13.15387312	-0.25261182
-0.14306001	13.13920000	-0.27815002	-0.14286816	13.13931790	-0.27748952
-0.25265000	13.12090000	-0.31348000	-0.25248674	13.12101260	-0.31305122
0.99070996	11.97510050	-1.05858000	0.99068596	11.97511470	-1.05863307
1.01325000	12.12000000	-1.05672000	1.01317279	12.12001660	-1.05678662
0.99313000	11.93020060	-0.95313996	0.99312377	11.93019993	-0.95319145
1.01915000	12.07680000	-0.94247000	1.01907767	12.07679468	-0.94254111
1.03833000	12.29450000	-0.92706007	1.03824332	12.29445488	-0.92708362
1.02699000	12.32910060	-1.04298007	1.02690702	12.32908489	-1.04298970
0.97445005	11.91370000	-0.83416003	0.97444525	11.91366819	-0.83421683
1.00251000	12.06160000	-0.81902000	1.00244434	12.06157024	-0.81909211
1.02458000	12.28350000	-0.80270004	1.02450738	12.28342086	-0.80273374
1.02255000	12.51490000	-1.01866000	1.02251143	12.51487264	-1.01860822
1.04119000	12.49740000	-0.90349000	1.04116016	12.49733187	-0.90345464
1.02993000	12.49200000	-0.78220004	1.02992993	12.49188890	-0.78216805
-0.64261000	12.93289950	-0.61489004	-0.64251051	12.93290579	-0.61487102
-0.64938000	12.90310100	-0.62684005	-0.64930124	12.90311630	-0.62681904
-0.70040005	12.92260000	-0.53506000	-0.70032125	12.92260735	-0.53506234
-0.71084000	12.88640000	-0.54106003	-0.71078490	12.88641315	-0.54106101
-0.65117997	12.87970000	-0.62825000	-0.65111738	12.87971908	-0.62823104
-0.70203000	12.91290000	-0.43280002	-0.70193670	12.91290986	-0.43282539
-0.71549004	12.86780000	-0.43372002	-0.71543126	12.86781906	-0.43373586
-0.71843000	12.83210000	-0.43544003	-0.71840267	12.83212156	-0.43544942
-0.29807000	13.09380050	-0.48784000	-0.29782577	13.09401426	-0.48751650
-0.31627000	13.10360000	-0.41546997	-0.31606789	13.10373531	-0.41515379
-0.34231000	13.10300000	-0.34497002	-0.34216043	13.10308426	-0.34469372
-0.59524006	12.95020000	-0.26494000	-0.59512920	12.95018310	-0.26500798
-0.51489000	12.95330000	-0.20242000	-0.51481408	12.95327285	-0.20244165
-0.64929000	12.94460000	-0.34003000	-0.64916531	12.94458632	-0.34009656
-0.62613004	12.97420000	-0.35691000	-0.62598856	12.97418082	-0.35697012
-0.57219000	12.98220060	-0.28928003	-0.57207521	12.98218341	-0.28933308
-0.40033004	12.94409940	-0.14678000	-0.40029279	12.94403361	-0.14670874
-0.45696002	12.96420000	-0.66890000	-0.45672086	12.96419137	-0.66882832
-0.44506000	12.99650000	-0.64068000	-0.44480953	12.99650465	-0.64060896
-0.52919000	12.99550060	-0.62354004	-0.52900552	12.99547283	-0.62350912
-0.54512000	12.96710110	-0.64950000	-0.54495126	12.96708399	-0.64946619
-0.65907997	12.97980000	-0.52342004	-0.65895343	12.97978588	-0.52342992
-0.68340004	12.95230000	-0.52972000	-0.68329929	12.95229948	-0.52972590
-0.62885000	12.96120000	-0.60210000	-0.62872707	12.96119403	-0.60208263
-0.60797000	12.98840000	-0.58430000	-0.60782434	12.98838543	-0.58429349
-0.62702000	13.00900000	-0.51452000	-0.62687409	13.00898054	-0.51453792
-0.58068000	13.01480000	-0.55733000	-0.58051012	13.01477851	-0.55733456
-0.51100004	13.02120110	-0.58425003	-0.51079504	13.02117665	-0.58422572
-0.68459004	12.94610000	-0.43540000	-0.68447728	12.94610257	-0.43542873
-0.66023004	12.97420000	-0.44134998	-0.66009762	12.97419259	-0.44138260
-0.59391000	13.00530000	-0.38129002	-0.59376133	13.00528521	-0.38133899
-0.62652004	13.00430000	-0.45043000	-0.62637471	13.00428410	-0.45046608
-0.54446000	13.01680000	-0.32354000	-0.54433149	13.01679315	-0.32356274
-0.44150000	13.02720070	-0.60058000	-0.44125515	13.02722499	-0.60050323
0.18115000	13.12039950	-0.18518000	0.18151348	13.12026476	-0.18413628
0.15155000	13.15899940	-0.27046000	0.15194923	13.15903129	-0.26929452
0.17924000	13.14689920	-0.28517002	0.17967094	13.14694163	-0.28400172
0.21312001	13.10710050	-0.19673000	0.21351064	13.10696552	-0.19567093
0.13118000	13.16600000	-0.36558002	0.13166192	13.16622312	-0.36435594
0.15728001	13.15470000	-0.38249000	0.15781143	13.15496605	-0.38121029
0.18381000	13.13800050	-0.29518002	0.18425000	13.13806568	-0.29401008
0.21750000	13.09870050	-0.20313000	0.21790100	13.09857297	-0.20207488
0.19045000	13.14570000	-0.29624000	0.19090506	13.14575698	-0.29505212
0.22290002	13.10520080	-0.19800000	0.22331877	13.10505991	-0.19693322
0.17134000	13.15280060	-0.39961000	0.17193951	13.15310365	-0.39827207
0.21533000	13.15860000	-0.42552000	0.21602750	13.15891487	-0.42410005
0.23687999	13.15100000	-0.31412002	0.23743689	13.15107416	-0.31287010
0.26879000	13.10850050	-0.20878999	0.26924743	13.10835057	-0.20769916
0.25658000	12.93390080	-0.06502000	0.25682095	12.93355338	-0.06428552
0.21968000	13.05030060	-0.11057001	0.21998456	13.05002025	-0.10963880
0.25584000	13.03750000	-0.12194001	0.25616904	13.03720308	-0.12101850
0.29611000	12.92060000	-0.07811000	0.29637186	12.92025181	-0.07736678
0.26607000	13.03550000	-0.12242001	0.26640927	13.03520037	-0.12149773
0.30731001	12.91870000	-0.08150000	0.30758444	12.91835446	-0.08076079
0.31127998	13.03399940	-0.12974000	0.31164947	13.03369129	-0.12879358
0.35109000	12.91089920	-0.08741000	0.35138786	12.91054824	-0.08668688
0.37657002	12.72200000	-0.09144000	0.37675776	12.72170370	-0.09100422
0.33652002	12.73570060	-0.08704000	0.33669507	12.73541358	-0.08657671
0.39418003	12.52660000	-0.12211000	0.39424616	12.52639028	-0.12190456
0.35666000	12.55070000	-0.11747000	0.35673309	12.55049851	-0.11723575
0.32514000	12.73790000	-0.08232000	0.32530334	12.73760492	-0.08185033
0.34448000	12.55350000	-0.11257000	0.34454364	12.55329406	-0.11233360
0.29884002	12.56730000	-0.09454000	0.29889530	12.56708511	-0.09430553
0.28311000	12.75530050	-0.06635001	0.28325996	12.75500035	-0.06587289
0.26621002	12.78330000	-0.91951000	0.26636966	12.78377025	-0.91905274
0.25636002	12.85350000	-0.89465000	0.25659956	12.85403577	-0.89409224
0.23726001	12.85930060	-0.83558000	0.23754466	12.85990423	-0.83496789
0.24799000	12.79850000	-0.85925000	0.24818678	12.79908055	-0.85874044
0.24109002	12.92550090	-0.84430000	0.24142263	12.92611276	-0.84359046
0.22135000	12.92390000	-0.78863000	0.22175536	12.92460342	-0.78783332
0.22787002	12.91950130	-0.77082000	0.22830046	12.92021117	-0.77002911
0.24891000	12.80430000	-0.83851004	0.24912548	12.80489692	-0.83798351
0.22100000	12.85970000	-0.82118000	0.22131124	12.86038485	-0.82054837
0.22591000	12.80240060	-0.84415000	0.22613291	12.80304319	-0.84361185
0.21033001	12.92340000	-0.77887005	0.21079190	12.92416871	-0.77807337
0.16977000	12.93560000	-0.76429003	0.17029318	12.93647233	-0.76344064
0.17751001	12.86830000	-0.80277010	0.17788249	12.86913564	-0.80208671
0.17947000	12.80470000	-0.82383007	0.17971448	12.80550033	-0.82324432
0.27102002	12.71320060	-0.94459003	0.27107657	12.71364244	-0.94412507
0.25557002	12.73730000	-0.88341000	0.25566190	12.73785444	-0.88294401
0.25739000	12.75290000	-0.86109000	0.25751359	12.75347137	-0.86060834
0.27504000	12.71640000	-0.87428000	0.27512220	12.71691443	-0.87383037
0.23473000	12.74470000	-0.87095004	0.23481722	12.74535542	-0.87044852
0.18600000	12.73710060	-0.85339004	0.18609064	12.73787567	-0.85284769
0.28261003	12.32770060	-0.16245000	0.28255917	12.32758103	-0.16253239
0.30014000	12.42430000	-0.12870000	0.30012888	12.42413756	-0.12862053
0.34793000	12.42260000	-0.14503000	0.34793796	12.42245464	-0.14492953
0.33336002	12.35310000	-0.17762999	0.33334180	12.35299669	-0.17761554
0.35194000	12.43520000	-0.15231000	0.35195811	12.43506205	-0.15219487
0.36165000	12.41560000	-0.15009001	0.36166139	12.41546336	-0.14999120
0.34779000	12.34760000	-0.18405001	0.34778977	12.34751641	-0.18401007
0.39878000	12.38230000	-0.15855001	0.39879077	12.38217081	-0.15847411
0.12045000	13.14080000	-0.47081000	0.12105928	13.14129680	-0.46950282
0.15037000	13.12750000	-0.48481998	0.15104819	13.12803494	-0.48341457
0.12392000	13.08860000	-0.57895005	0.12481663	13.08947026	-0.57736629
0.15919000	13.07330000	-0.58962005	0.16023433	13.07430730	-0.58777723
0.16238001	13.11620000	-0.49155003	0.16309040	13.11677163	-0.49010936
0.16819000	13.12260000	-0.49168000	0.16891815	13.12319281	-0.49023202
0.17825000	13.06660000	-0.58580000	0.17942403	13.06773728	-0.58358591
0.20444000	13.07200050	-0.62509000	0.20540989	13.07291801	-0.62329203
0.20365000	13.12840000	-0.52413005	0.20467921	13.12922253	-0.52237491
0.22024000	13.00150000	-0.74332000	0.22075052	13.00223038	-0.74236795
0.19874000	12.99669930	-0.69526000	0.19936314	12.99750873	-0.69410605
0.18438000	12.99980070	-0.69482005	0.18507294	13.00064809	-0.69367867
0.14611000	13.01460000	-0.68357000	0.14692796	13.01553638	-0.68235362
0.39448000	13.09080000	-0.26234000	0.39504958	13.09064830	-0.26130067
0.42978000	13.01030000	-0.17855000	0.43024639	13.01001039	-0.17768546
0.45829000	12.87960050	-0.13234000	0.45864734	12.87926795	-0.13169786
0.31291002	12.99090000	-0.86184996	0.31327642	12.99136689	-0.86117466
0.33676000	12.91280080	-0.95101994	0.33700355	12.91316243	-0.95048814
0.29489002	13.06030000	-0.74981000	0.29541165	13.06083921	-0.74894513
0.13649000	12.96160000	-0.05984000	0.13666190	12.96132101	-0.05912227
0.11463000	13.06580070	-0.10445000	0.11485241	13.06558975	-0.10356908
0.09309000	13.12930000	-0.17450000	0.09336873	13.12920673	-0.17351061
0.08823001	13.02820000	-0.62438005	0.08915495	13.02911715	-0.62328716
0.06812000	13.09360000	-0.54649000	0.06885342	13.09431455	-0.54527415
0.10737000	12.95610000	-0.67868000	0.10799142	12.95704222	-0.67776318
0.47287998	12.68450070	-0.13233000	0.47308239	12.68420656	-0.13195903
0.48238000	12.47540000	-0.16093001	0.48244809	12.47520566	-0.16076340
0.34581003	12.83190060	-1.00395000	0.34595419	12.83218767	-1.00354282
0.34669003	12.75680070	-1.03309000	0.34675078	12.75706299	-1.03274583
0.48351002	12.33790000	-0.19921000	0.48353285	12.33778979	-0.19915382
0.34545000	12.69680000	-1.05186009	0.34543680	12.69705482	-1.05161150
0.15796000	12.47170070	-0.10541000	0.15794282	12.47155311	-0.10536061
0.16386001	12.62780000	-0.07593000	0.16390342	12.62760032	-0.07567378
0.10919000	12.75510000	-0.74843997	0.10942145	12.75599956	-0.74788898
0.10947000	12.82380100	-0.72479004	0.10985686	12.82470560	-0.72413920
0.15480000	12.80710000	-0.05528000	0.15490533	12.80684759	-0.05479665
0.11165001	12.88930000	-0.70685000	0.11216610	12.89021741	-0.70608351
0.33050000	13.14340110	-0.50064003	0.33135596	13.14368449	-0.49942386
0.30458000	13.11479950	-0.62753004	0.30538569	13.11528043	-0.62641204
0.36089000	13.13520050	-0.37449000	0.36159808	13.13525578	-0.37332369
0.06415000	13.16369920	-0.34669003	0.06455501	13.16390121	-0.34558720
0.06087000	13.13990000	-0.44882998	0.06138138	13.14033931	-0.44769015
0.07558000	13.16089920	-0.25530001	0.07589719	13.16095977	-0.25422901
0.88209003	11.96640000	-0.58452004	0.88205295	11.96635425	-0.58457857
0.81676000	12.01719950	-0.47386000	0.81676000	12.01719950	-0.47386000
0.92250997	11.93860050	-0.71337000	0.92249344	11.93855582	-0.71343504
0.90997000	12.00510000	-0.71822000	0.90992464	12.00504459	-0.71828492
0.87434000	12.05190000	-0.63178000	0.87427444	12.05183201	-0.63183805
0.80600005	12.11450000	-0.52874000	0.80595691	12.11444217	-0.52877743
0.95584005	11.93110000	-0.83768000	0.95582761	11.93105997	-0.83773969
0.97511000	11.94710060	-0.94908000	0.97509517	11.94709116	-0.94913418
0.94313000	12.06510070	-0.93240994	0.94306331	12.06508142	-0.93248097
0.92880005	12.03480050	-0.81475000	0.92874602	12.03475892	-0.81482144
0.97431004	11.98940000	-1.04228008	0.97427812	11.98940608	-1.04233688
0.93965000	12.06410000	-1.12921000	0.93959661	12.06412572	-1.12927074
0.91652006	12.12680000	-1.10682000	0.91644715	12.12682713	-1.10688058
0.94042000	12.10000000	-1.03027000	0.94034366	12.10000818	-1.03033956
0.85897000	12.18220000	-1.22034000	0.85888657	12.18225670	-1.22038709
0.74250000	12.33310000	-1.27099000	0.74242417	12.33318976	-1.27100754
0.74648000	12.36140000	-1.19926012	0.74642357	12.36146887	-1.19925882
0.85714000	12.22810000	-1.15767000	0.85705251	12.22814697	-1.15770712
0.60118000	12.48300080	-1.23771000	0.60116379	12.48306265	-1.23770672
0.47110000	12.61370000	-1.15271000	0.47109067	12.61379804	-1.15266608
0.49420000	12.61570000	-1.07906000	0.49420000	12.61570000	-1.07906000
0.61447000	12.50220000	-1.16283000	0.61447000	12.50220000	-1.16283000
0.38297000	12.64730000	-1.04976000	0.38292817	12.64744611	-1.04964951
0.33210000	12.64760000	-0.95691997	0.33206660	12.64789256	-0.95667418
0.37140000	12.64100070	-0.89641000	0.37140000	12.64100070	-0.89641000
0.41679000	12.64250090	-0.98287004	0.41679000	12.64250090	-0.98287004
0.31408000	12.67930000	-0.89750004	0.31413977	12.67964105	-0.89713055
0.31007000	12.70680000	-0.87007000	0.31015627	12.70718846	-0.86968812
0.33836000	12.69460000	-0.81285000	0.33843808	12.69493153	-0.81253492
0.34749000	12.66950000	-0.84047000	0.34757696	12.66973983	-0.84023541
0.30106002	12.69410000	-0.87398005	0.30111174	12.69452196	-0.87357595
0.25795000	12.68400000	-0.84457000	0.25797333	12.68458783	-0.84413430
0.29822000	12.68110000	-0.77510000	0.29830799	12.68155459	-0.77472458
0.33720002	12.68320000	-0.81152004	0.33725058	12.68353778	-0.81119607
0.15166001	12.71950050	-0.71641004	0.15184495	12.72027664	-0.71591876
0.01977000	12.77320000	-0.57592004	0.02018954	12.77391996	-0.57548135
0.02392000	12.81090000	-0.49903002	0.02434803	12.81148010	-0.49854824
0.17567001	12.73460000	-0.64107000	0.17593087	12.73524579	-0.64058519
-0.09685000	12.81610000	-0.51316000	-0.09635629	12.81666183	-0.51283790
-0.20433000	12.84800000	-0.51710004	-0.20382621	12.84843876	-0.51685922
-0.20773001	12.91649910	-0.45678002	-0.20735578	12.91684976	-0.45648065
-0.09893000	12.87560000	-0.44303998	-0.09853322	12.87603247	-0.44263396
-0.30947003	12.86840060	-0.57695000	-0.30897167	12.86868626	-0.57680691
-0.40805998	12.87950000	-0.64467000	-0.40769334	12.87956578	-0.64458234
-0.42473003	12.90720080	-0.59290000	-0.42441269	12.90725510	-0.59283449
-0.31898000	12.92150000	-0.52193000	-0.31860052	12.92173543	-0.52177784
-0.49615002	12.88280000	-0.67273000	-0.49597299	12.88281767	-0.67268012
-0.57586000	12.87930000	-0.66097003	-0.57577687	12.87931909	-0.66093840
-0.57508004	12.88170050	-0.62559000	-0.57496769	12.88170610	-0.62556482
-0.51850003	12.89050000	-0.62450000	-0.51831240	12.89051002	-0.62446263
-0.64998000	12.87090000	-0.60942000	-0.64991805	12.87091410	-0.60940596
-0.69922000	12.85450000	-0.52992004	-0.69918430	12.85451008	-0.52992375
-0.66215000	12.87070000	-0.50165004	-0.66208168	12.87069762	-0.50166414
-0.62475000	12.88009930	-0.57844000	-0.62466307	12.88010169	-0.57843184
-0.70425004	12.82720090	-0.43475000	-0.70422320	12.82721579	-0.43476401
-0.67740005	12.78030000	-0.34501000	-0.67737610	12.78031777	-0.34503471
-0.65579003	12.78690050	-0.35792002	-0.65575768	12.78690559	-0.35795544
-0.66803000	12.83350090	-0.41813000	-0.66797836	12.83350025	-0.41816335
-0.63069004	12.70590000	-0.28186000	-0.63068338	12.70590667	-0.28189482
-0.55719000	12.64540000	-0.23321000	-0.55717902	12.64537170	-0.23328542
-0.53961000	12.70469950	-0.26450000	-0.53956352	12.70468391	-0.26458828
-0.61567000	12.74810000	-0.31435000	-0.61563488	12.74809531	-0.31440692
-0.45026000	12.64060000	-0.18587000	-0.45017394	12.64060104	-0.18600124
-0.32321000	12.62010000	-0.14993000	-0.32313963	12.62009471	-0.15008229
-0.30539998	12.67380000	-0.17878000	-0.30530326	12.67381958	-0.17885488
-0.43140003	12.69810000	-0.21574000	-0.43130256	12.69810321	-0.21585820
-0.18651001	12.51590000	-0.13647000	-0.18648530	12.51590405	-0.13663826
-0.03783000	12.40030000	-0.14369000	-0.03785658	12.40028654	-0.14389064
-0.03538000	12.47000000	-0.17478000	-0.03534971	12.47002226	-0.17487422
-0.17492001	12.57860090	-0.16531001	-0.17485086	12.57863329	-0.16538555
0.12338001	12.34010000	-0.16394000	0.12333535	12.34005184	-0.16410375
0.25188002	12.32170000	-0.18916000	0.25183779	12.32162792	-0.18926982
0.23137000	12.38140000	-0.24122000	0.23139344	12.38140857	-0.24123723
0.11369999	12.40740000	-0.20535000	0.11371674	12.40740741	-0.20541703
0.30184000	12.35600000	-0.21041000	0.30184085	12.35594703	-0.21041526
0.28724000	12.43980000	-0.27981000	0.28729205	12.43981840	-0.27971407
0.27915000	12.41200070	-0.26592000	0.27918857	12.41201245	-0.26586282
0.31335002	12.34630000	-0.22300999	0.31335271	12.34626348	-0.22298360
0.34620000	12.27620000	-0.23202000	0.34620000	12.27620000	-0.23202000
0.31928000	12.33310000	-0.29083000	0.31929001	12.33311390	-0.29080616
0.28636000	12.39820000	-0.28093000	0.28638852	12.39821697	-0.28086974
0.44425997	12.21770000	-0.27141000	0.44425997	12.21770000	-0.27141000
0.57587000	12.16340070	-0.32883000	0.57587000	12.16340070	-0.32883000
0.56945000	12.24300000	-0.38297000	0.56944758	12.24297045	-0.38295840
0.42756000	12.28610000	-0.32799003	0.42756309	12.28609668	-0.32797025
0.70622003	12.08180000	-0.39380000	0.70622003	12.08180000	-0.39380000
0.69994000	12.18130000	-0.44758000	0.69992248	12.18124563	-0.44758540
0.76328003	12.39370000	-1.04838000	0.76320942	12.39374848	-1.04834724
0.86552000	12.24500000	-1.04721010	0.86542861	12.24501742	-1.04723587
0.78267000	12.37720000	-0.86025000	0.78259674	12.37720621	-0.86021548
0.87466000	12.22360000	-0.90674000	0.87456532	12.22357864	-0.90677077
0.79534000	12.26270000	-0.67253000	0.79527801	12.26265856	-0.67253507
0.87450000	12.14980000	-0.75458000	0.87441457	12.14975078	-0.75462312
0.53338000	12.60830000	-0.90296000	0.53335501	12.60838957	-0.90279523
0.64683000	12.52240000	-0.99062010	0.64676709	12.52244434	-0.99053708
0.56466000	12.53880000	-0.69149000	0.56467523	12.53889611	-0.69131927
0.67763000	12.47890000	-0.78126000	0.67760313	12.47893570	-0.78115379
0.57048005	12.38670000	-0.51114005	0.57048342	12.38671685	-0.51105890
0.69225000	12.34040000	-0.58917000	0.69222479	12.34037720	-0.58912556
-0.21855000	12.91160000	-0.37197003	-0.21826956	12.91183445	-0.37169757
-0.11260001	12.86860080	-0.35625002	-0.11229436	12.86886811	-0.35588154
-0.24001001	12.85360000	-0.28547000	-0.23980758	12.85373670	-0.28529529
-0.13326000	12.80410000	-0.27212000	-0.13305844	12.80424892	-0.27187110
-0.01598000	12.73680000	-0.30762002	-0.01575343	12.73699236	-0.30732370
0.00716000	12.80300000	-0.40319000	0.00748792	12.80338195	-0.40275120
-0.27360000	12.76310000	-0.22270000	-0.27345851	12.76316632	-0.22265236
-0.15585001	12.69060000	-0.20992000	-0.15571822	12.69067899	-0.20983582
-0.02902000	12.60460000	-0.23085001	-0.02889817	12.60469310	-0.23074981
-0.55451006	12.91060070	-0.54333000	-0.55434071	12.91059129	-0.54332656
-0.58853000	12.90410000	-0.45161000	-0.58839089	12.90408678	-0.45164322
-0.48628998	12.92449950	-0.39038000	-0.48609973	12.92452605	-0.39038543
-0.45310003	12.93750000	-0.49594003	-0.45284817	12.93754647	-0.49590253
-0.60486000	12.83190060	-0.37257000	-0.60476446	12.83189203	-0.37263148
-0.51581997	12.82230090	-0.31408998	-0.51569928	12.82229616	-0.31415424
-0.33701000	12.93630120	-0.42815000	-0.33672091	12.93647272	-0.42801860
-0.36380002	12.90080000	-0.32953000	-0.36359381	12.90090234	-0.32945811
-0.39921000	12.80310060	-0.26092002	-0.39906429	12.80313559	-0.26095923
0.29307002	12.63940000	-0.65127003	0.29318124	12.63982589	-0.65093911
0.33482000	12.63610000	-0.67474000	0.33489945	12.63646981	-0.67441573
0.26679000	12.57230000	-0.50140000	0.26690352	12.57257157	-0.50116964
0.31317002	12.57140000	-0.51135004	0.31328587	12.57163942	-0.51110904
0.31727000	12.58940000	-0.49576998	0.31739940	12.58961596	-0.49551535
0.33580002	12.65040000	-0.66634005	0.33590958	12.65076707	-0.66601121
0.34299000	12.63290000	-0.68895000	0.34308285	12.63326604	-0.68863096
0.31970000	12.57520000	-0.51060003	0.31981411	12.57542342	-0.51035095
0.35208002	12.55550000	-0.55122000	0.35215807	12.55573858	-0.55099066
0.37236000	12.61430000	-0.73944000	0.37242156	12.61464331	-0.73913985
0.32701000	12.44070000	-0.39905000	0.32705224	12.44079196	-0.39892874
0.29463002	12.48750000	-0.37577000	0.29470353	12.48759950	-0.37561547
0.28891000	12.49160000	-0.37087000	0.28899497	12.49170674	-0.37071662
0.24142002	12.47730060	-0.35469002	0.24149768	12.47742161	-0.35457805
0.44531003	12.55410000	-0.61311000	0.44535732	12.55427707	-0.61289847
0.43863000	12.62180000	-0.81496000	0.43863051	12.62201480	-0.81471731
0.43369004	12.41230000	-0.44606000	0.43371214	12.41235712	-0.44596272
0.13746001	12.64010050	-0.40953000	0.13766006	12.64039480	-0.40926048
0.16378000	12.71060090	-0.53191000	0.16403570	12.71104531	-0.53152429
0.11896000	12.52290000	-0.29380000	0.11907323	12.52301813	-0.29371120
0.16361001	13.14520000	-0.39472002	0.16417793	13.14549917	-0.39341435
0.25923000	13.03119950	-0.12907000	0.25956131	13.03091639	-0.12815822
0.29857000	12.91720000	-0.08748000	0.29884186	12.91686738	-0.08674431
0.32767000	12.73720070	-0.09280000	0.32784276	12.73692396	-0.09233231
0.34770000	12.55780000	-0.12244000	0.34777561	12.55760148	-0.12219576
0.24130002	12.85850050	-0.81470007	0.24160403	12.85912582	-0.81408633
0.33872002	12.37520000	-0.18493001	0.33872251	12.37511102	-0.18487717
0.17646001	13.06140000	-0.58858000	0.17756597	13.06245364	-0.58662324
0.20221000	12.99150000	-0.68860000	0.20283017	12.99229373	-0.68749038
0.89638996	11.96110060	-0.57107000	0.89635752	11.96105919	-0.57113066
0.82721007	12.01970000	-0.45666000	0.82721635	12.01969687	-0.45666075
0.93991005	11.92430000	-0.70476000	0.93990001	11.92426240	-0.70482531
0.74597000	12.33170000	-1.28649000	0.74588988	12.33179161	-1.28650894
0.46148000	12.61950000	-1.16635000	0.46147306	12.61962202	-1.16629498
0.35367998	12.65800000	-1.05834000	0.35363785	12.65821728	-1.05815723
0.28747000	12.66179940	-0.96020000	0.28744678	12.66220396	-0.95982892
0.27325000	12.69190000	-0.89906997	0.27330700	12.69238611	-0.89858791
0.25676000	12.70320000	-0.88601000	0.25675439	12.70386325	-0.88555299
0.20847002	12.68910000	-0.86800003	0.20844648	12.68982290	-0.86750253
0.12009000	12.71100000	-0.75362000	0.12023037	12.71186795	-0.75311552
0.01184000	12.74440000	-0.62347000	0.01222762	12.74519159	-0.62307298
-0.19658999	12.78480050	-0.55803000	-0.19594686	12.78528847	-0.55785509
-0.29968000	12.82630060	-0.60810000	-0.29904953	12.82662590	-0.60794171
-0.48358002	12.88790000	-0.69497000	-0.48341667	12.88792658	-0.69491352
-0.56577003	12.89070000	-0.68347000	-0.56568400	12.89072050	-0.68342904
-0.71152000	12.85880000	-0.54143000	-0.71148510	12.85881482	-0.54143095
-0.18865000	12.52559950	-0.11442000	-0.18863903	12.52557437	-0.11457644
0.14112000	12.35580000	-0.13925001	0.14106761	12.35570621	-0.13937209
0.30934000	12.38380000	-0.22295001	0.30935811	12.38375935	-0.22290417
0.38318000	12.29390050	-0.19522001	0.38318126	12.29384147	-0.19519280
0.46920000	12.23730000	-0.23884001	0.46920606	12.23726006	-0.23882275
0.71411000	12.09180000	-0.37179002	0.71411110	12.09178562	-0.37178674
0.29554000	12.51470090	-0.36895000	0.29563096	12.51479972	-0.36877039
0.58419980	12.77790740	-0.54116964	0.58442947	12.77790568	-0.54081668
0.30534658	12.98941710	-0.53010890	0.30593732	12.98973324	-0.52919900
0.03408423	12.99517920	-0.26264066	0.03436303	12.99528161	-0.26192111
0.10256992	13.07773400	-0.30767626	0.10294936	13.07787022	-0.30668715
0.31967000	12.86874200	-0.29426143	0.32001586	12.86871920	-0.29358158
0.03099712	12.96783000	-0.42110503	0.03140747	12.96822308	-0.42037952
0.12445253	13.04561710	-0.41716427	0.12494172	13.04595689	-0.41613156
0.36713532	12.82368760	-0.69345874	0.36741558	12.82403808	-0.69295402
0.15871125	13.02911850	-0.17917030	0.15900838	13.02899663	-0.17828197
0.22085343	12.81524850	-0.79380230	0.22112358	12.81592709	-0.79322485
0.33023736	12.75846770	-0.53109790	0.33049912	12.75871298	-0.53064224
0.32923120	12.88699000	-0.84146810	0.32949380	12.88740121	-0.84092401
0.39433820	12.43617340	-0.24545248	0.39439209	12.43611101	-0.24533275
0.24607417	13.04696850	-0.44635114	0.24672995	13.04726631	-0.44518616
0.47683990	12.68501660	-0.66750280	0.47697269	12.68520242	-0.66720813
0.69852596	12.74952130	-0.77230150	0.69861126	12.74952064	-0.77208219
0.32809640	12.94002530	-0.19996144	0.32846926	12.93984432	-0.19917200
-0.42682603	12.91057110	-0.24428794	-0.42670301	12.91058791	-0.24427103
0.15449284	13.08164880	-0.24846537	0.15486221	13.08164311	-0.24745590
0.32445943	12.94660190	-0.68776876	0.32493146	12.94707478	-0.68702782
-0.51386845	12.91021820	-0.28456584	-0.51373763	12.91021066	-0.28460738
0.22959612	13.03170200	-0.32812786	0.23006773	13.03181079	-0.32711479
0.29031333	12.45966910	-0.20113373	0.29035061	12.45959819	-0.20100852
0.12046464	13.09899710	-0.36971685	0.12092929	13.09924199	-0.36862041
0.21146664	13.07753180	-0.48856267	0.21223085	13.07805503	-0.48714065
0.25509345	12.61285000	-0.24501102	0.25522939	12.61284421	-0.24472460
0.16885695	12.93768600	-0.50852907	0.16940583	12.93819131	-0.50767065
0.27824548	12.89126000	-0.83143930	0.27854723	12.89179903	-0.83081705
0.28495774	12.84054370	-0.83468150	0.28520768	12.84104794	-0.83414592
0.23230751	13.02218440	-0.54436594	0.23306819	13.02272514	-0.54314607
0.37680543	12.79955100	-0.19787398	0.37709147	12.79938710	-0.19731344
0.49836266	12.59230610	-0.43287584	0.49848477	12.59231379	-0.43263815
0.30590550	12.76095290	-0.88736033	0.30605280	12.76134189	-0.88695259
0.16226748	12.96494770	-0.64374170	0.16287082	12.96573343	-0.64277549
0.39130530	12.37598320	-0.22234745	0.39132945	12.37591662	-0.22227378
0.35834324	12.48397450	-0.31249592	0.35841408	12.48397888	-0.31234099
0.19586083	12.86866760	-0.18672179	0.19610835	12.86856422	-0.18611139
0.38983348	12.73026850	-0.90973040	0.38993063	12.73043178	-0.90946890
0.29759783	12.79321000	-0.84876960	0.29778508	12.79366494	-0.84830631
0.14682786	13.11403470	-0.28075470	0.14721767	13.11409254	-0.27966764
0.41524850	12.60688400	-0.24738798	0.41537952	12.60676579	-0.24710173
0.21607567	12.86027430	-0.77049850	0.21643051	12.86096874	-0.76983829
0.42824548	12.71332650	-0.82687885	0.42831492	12.71353412	-0.82659631
0.82752740	12.74521540	-0.86759144	0.82758416	12.74518532	-0.86741089
0.56638926	12.79145810	-0.92701140	0.56643485	12.79153140	-0.92673347
0.34163025	12.68629170	-0.19900528	0.34182051	12.68616475	-0.19860203
0.25179443	12.76316170	-0.18143922	0.25199645	12.76304187	-0.18094898
