0.85693676	12.73199089	-0.42415463	0.85732601	12.73172016	-0.42435837
0.82898666	12.87035574	-0.45236363	0.82945197	12.87009752	-0.45255340
0.90429568	12.82860666	-0.55113747	0.90469243	12.82831063	-0.55135713
0.93521279	12.69518502	-0.53710276	0.93553196	12.69487450	-0.53733997
0.78689111	12.96158035	-0.51225697	0.78738946	12.96134690	-0.51242839
0.86622227	12.91499263	-0.59365287	0.86665422	12.91471686	-0.59385475
0.91488354	12.87179240	-0.65428587	0.91526402	12.87149174	-0.65450440
0.95278338	12.80163667	-0.64893749	0.95312608	12.80131650	-0.64917209
0.98599471	12.67235098	-0.65055987	0.98627293	12.67201741	-0.65081617
0.71876366	12.76417867	-1.16625725	0.71886259	12.76404520	-1.16636559
0.84126503	12.71289386	-1.14581031	0.84136255	12.71269824	-1.14598393
0.81074739	12.81915033	-1.07648820	0.81091610	12.81895225	-1.07664287
0.68883322	12.86628231	-1.09233553	0.68901564	12.86614670	-1.09243726
0.94281298	12.67832910	-1.08394822	0.94292508	12.67807277	-1.08417219
0.91064824	12.78920698	-1.02465851	0.91083131	12.78895231	-1.02486053
0.87189752	12.85759689	-0.97362024	0.87213639	12.85734856	-0.97380487
0.79326466	12.89901508	-0.98835411	0.79351520	12.89880477	-0.98850387
0.67160680	12.94586306	-0.99297714	0.67187710	12.94571566	-0.99307747
0.60388828	12.83137203	-0.21053395	0.60443584	12.83124691	-0.21063325
0.58642306	12.96846915	-0.25793386	0.58704703	12.96835537	-0.25802286
0.71961656	12.91963521	-0.35150461	0.72016082	12.91943839	-0.35165062
0.74024415	12.78014963	-0.31138666	0.74071138	12.77994342	-0.31154173
0.55610207	13.05510148	-0.34204090	0.55674956	13.05500801	-0.34211565
0.68374502	13.01030841	-0.42693902	0.68431794	13.01013433	-0.42706878
0.47079970	12.88088674	-1.06437521	0.47099665	12.88086689	-1.06439192
0.59608319	12.82579401	-1.13782284	0.59622253	12.82571644	-1.13788343
0.56665626	12.91814103	-1.06522532	0.56687763	12.91806408	-1.06527961
0.44354796	12.96341485	-0.98956298	0.44383261	12.96340499	-0.98957224
0.54783018	12.99257434	-0.96349539	0.54814447	12.99249606	-0.96354823
0.42396648	13.03279321	-0.88682285	0.42434417	13.03279331	-0.88682827
-0.00471582	12.99073441	-0.06547340	-0.00396956	12.99103747	-0.06528858
-0.13323074	13.00327871	-0.08695022	-0.13248374	13.00367969	-0.08670376
-0.13548856	13.07669192	-0.13349447	-0.13470701	13.07709672	-0.13324436
-0.01046510	13.07806994	-0.10939464	-0.00967331	13.07837926	-0.10920386
-0.25221764	13.00559048	-0.12278276	-0.25148439	13.00608402	-0.12247992
-0.25302046	13.06699288	-0.17121616	-0.25226250	13.06748934	-0.17091047
-0.25430906	13.10819748	-0.23673385	-0.25354936	13.10869788	-0.23642595
-0.13748500	13.12361714	-0.19965297	-0.13669841	13.12402597	-0.19940051
-0.01539712	13.13211295	-0.17522337	-0.01459533	13.13242856	-0.17502885
0.03793742	12.97687162	-0.58995575	0.03842611	12.97715020	-0.58979276
0.02344689	13.03934633	-0.56435882	0.02399458	13.03963664	-0.56418838
-0.05749783	13.04181080	-0.55353830	-0.05693980	13.04216492	-0.55332816
-0.04372857	12.98554573	-0.56922889	-0.04322129	12.98588828	-0.56902668
0.00441150	13.09341300	-0.51689769	0.00502344	13.09371911	-0.51671709
-0.07862636	13.08821211	-0.51775519	-0.07801563	13.08858279	-0.51753366
-0.17227598	13.08151252	-0.53356842	-0.17167459	13.08195818	-0.53330240
-0.15002853	13.04041259	-0.56954971	-0.14947590	13.04084085	-0.56929574
-0.13569833	12.98914610	-0.58703967	-0.13519407	12.98956234	-0.58679393
0.99066051	12.28355166	-0.67691569	0.99075794	12.28323293	-0.67717370
0.96785832	12.06489178	-0.69204928	0.96782868	12.06459457	-0.69226625
0.91512617	12.09278042	-0.55614675	0.91513967	12.09255613	-0.55632901
0.93192706	12.29895252	-0.54160649	0.93205379	12.29868529	-0.54184289
0.83777467	12.14421520	-0.43441583	0.83784397	12.14408413	-0.43456086
0.84671292	12.32498523	-0.41555752	0.84687238	12.32477526	-0.41575359
0.98055692	12.37605275	-1.14778673	0.98051787	12.37576886	-1.14808175
0.88482044	12.43761035	-1.21569247	0.88476826	12.43739409	-1.21593049
0.87941910	12.27794052	-1.24092330	0.87927286	12.27771824	-1.24117300
0.97235019	12.18436276	-1.16340120	0.97221170	12.18406724	-1.16370312
0.75714380	12.51519914	-1.24210563	0.75711459	12.51508256	-1.24223814
0.75242063	12.39501363	-1.27416988	0.75230009	12.39489606	-1.27432372
0.86687904	12.17311806	-1.24882813	0.86667663	12.17289565	-1.24907677
0.95288052	12.04966045	-1.16111863	0.95267611	12.04936764	-1.16139780
0.99757881	12.49224227	-0.66281713	0.99777164	12.49190536	-0.66310126
0.94108562	12.50875639	-0.53573687	0.94131177	12.50845615	-0.53599083
0.85734037	12.53779594	-0.41307810	0.85761290	12.53753779	-0.41329298
0.86900727	12.58425546	-1.18769172	0.86903573	12.58405628	-1.18788703
0.96879455	12.54074763	-1.12333419	0.96883681	12.54048076	-1.12359971
0.74371326	12.64277862	-1.21141960	0.74375201	12.64265695	-1.21155353
0.60421726	12.41777497	-0.22838498	0.60445324	12.41766794	-0.22849051
0.60662761	12.63212163	-0.20583051	0.60703815	12.63199909	-0.20593568
0.73915821	12.58134769	-0.30104409	0.73949409	12.58115215	-0.30120710
0.73098305	12.36784308	-0.31186114	0.73117697	12.36768678	-0.31201003
0.46942651	12.70463247	-1.15107023	0.46946418	12.70462790	-1.15107952
0.61190031	12.61460170	-1.21995574	0.61189750	12.61457802	-1.21998496
0.60960040	12.71808115	-1.18679117	0.60964846	12.71802106	-1.18683426
0.47563436	12.78840725	-1.11769371	0.47574124	12.78839662	-1.11770867
0.58715190	12.17458172	-0.30215269	0.58717848	12.17456906	-0.30216691
0.59975003	12.27914199	-0.26451584	0.59987251	12.27906478	-0.26459628
0.72552876	12.21409830	-0.34036493	0.72562759	12.21399358	-0.34047737
0.59991538	12.48669904	-1.25180759	0.59985987	12.48669101	-1.25180545
0.60626883	12.53395572	-1.24354173	0.60623538	12.53393758	-1.24354202
0.46280053	12.64909830	-1.16659701	0.46280735	12.64910109	-1.16660321
0.00185414	12.71294819	-0.06462881	0.00239204	12.71324588	-0.06445843
-0.14642094	12.78240541	-0.07122653	-0.14583427	12.78281499	-0.07098337
-0.13575435	12.90510735	-0.06871637	-0.13507317	12.90550905	-0.06847267
0.00246945	12.86730629	-0.05384767	0.00312806	12.86760326	-0.05367098
-0.28219019	12.83430257	-0.09525823	-0.28157571	12.83481740	-0.09494920
-0.26305421	12.92926857	-0.09918115	-0.26236851	12.92976911	-0.09887647
0.03276587	12.84742927	-0.61907829	0.03314539	12.84770954	-0.61891368
0.03953645	12.91277388	-0.60646280	0.03996984	12.91305037	-0.60630129
-0.04130872	12.92373044	-0.57859715	-0.04085301	12.92407026	-0.57839703
-0.05001643	12.85896475	-0.58261093	-0.04961153	12.85931062	-0.58240750
-0.13291276	12.93182413	-0.59530017	-0.13245644	12.93223751	-0.59505684
-0.14302281	12.87105989	-0.59411341	-0.14261320	12.87148055	-0.59386622
-0.02984770	12.41752837	-0.11913531	-0.02955660	12.41785458	-0.11896199
-0.16848984	12.63546882	-0.08907067	-0.16802278	12.63589671	-0.08882478
-0.01407273	12.54251641	-0.08867471	-0.01367459	12.54282896	-0.08850379
-0.32006446	12.62912138	-0.12713799	-0.31962146	12.62966686	-0.12682406
-0.30579082	12.71675039	-0.10704720	-0.30527218	12.71728367	-0.10673411
0.02218081	12.78120646	-0.63088886	0.02250558	12.78149429	-0.63071878
-0.06981644	12.79264325	-0.57971051	-0.06946038	12.79300386	-0.57949602
-0.08769996	12.76571843	-0.55957396	-0.08735493	12.76609385	-0.55934952
-0.16737506	12.80866248	-0.58198532	-0.16700831	12.80910179	-0.58172744
-0.37479580	13.00336002	-0.17158409	-0.37408614	13.00395171	-0.17122407
-0.36688298	13.05349889	-0.21735424	-0.36615540	13.05408660	-0.21699580
-0.48497100	12.99710983	-0.22784578	-0.48429144	12.99779107	-0.22743551
-0.46517223	13.03779462	-0.26887997	-0.46447959	13.03846258	-0.26847718
-0.44310103	13.07097227	-0.31920226	-0.44240556	13.07162520	-0.31880843
-0.35701004	13.09054103	-0.27650617	-0.35628094	13.09112386	-0.27615104
-0.25441840	13.03863301	-0.58873502	-0.25387283	13.03914466	-0.58843073
-0.24035821	12.99336058	-0.61376100	-0.23985967	12.99386099	-0.61346460
-0.27434846	13.07512950	-0.54821114	-0.27375573	13.07565633	-0.54789621
-0.36909136	13.06696120	-0.55650954	-0.36850595	13.06756392	-0.55615081
-0.35450942	13.03568271	-0.60144034	-0.35396836	13.03627498	-0.60108956
-0.34515362	12.99733041	-0.63531944	-0.34465787	12.99791561	-0.63497408
-0.24203105	12.94486550	-0.62961087	-0.24157775	12.94536682	-0.62931483
-0.35290664	12.95844732	-0.66007877	-0.35245249	12.95903870	-0.65973039
-0.36785124	12.92119566	-0.67415030	-0.36743221	12.92179856	-0.67379533
-0.25502110	12.89541028	-0.63411240	-0.25460876	12.89592128	-0.63381075
-0.52954777	12.89163937	-0.18713523	-0.52893228	12.89235339	-0.18670991
-0.55014785	12.76972312	-0.19266548	-0.54962985	12.77045362	-0.19223796
-0.62625410	12.80683685	-0.24994566	-0.62573361	12.80763143	-0.24948190
-0.60774334	12.90275114	-0.24917632	-0.60714753	12.90353117	-0.24871593
-0.55873157	12.66503866	-0.20996619	-0.55830264	12.66577706	-0.20954286
-0.63394992	12.72425990	-0.26183583	-0.63349858	12.72506062	-0.26137411
-0.68228037	12.79421633	-0.33179379	-0.68180657	12.79506047	-0.33130632
-0.67578535	12.84649412	-0.32600656	-0.67526814	12.84733273	-0.32551954
-0.65954007	12.90951949	-0.32763327	-0.65897439	12.91034528	-0.32715061
-0.44920039	12.65445277	-0.16244670	-0.44875714	12.65510128	-0.16207303
-0.43750864	12.75061428	-0.14343295	-0.43698205	12.75125263	-0.14305757
-0.41470468	12.86979160	-0.13509638	-0.41408163	12.87041219	-0.13472450
-0.46367427	12.93725965	-0.68475239	-0.46324275	12.93794040	-0.68435327
-0.47072309	12.91027282	-0.69532697	-0.47031670	12.91095892	-0.69492454
-0.38015409	12.88793542	-0.67596818	-0.37976193	12.88854746	-0.67560762
-0.55015620	12.94269130	-0.66450779	-0.54970884	12.94344088	-0.66407183
-0.55506840	12.91599212	-0.67927945	-0.55464712	12.91674503	-0.67884185
-0.39102083	12.87118519	-0.66553119	-0.39063733	12.87180555	-0.66516557
-0.27494893	12.84729182	-0.62622216	-0.27457104	12.84781792	-0.62591154
0.90319878	12.88045283	-0.90516840	0.90348229	12.88017826	-0.90536898
0.80369598	12.94801241	-0.89050526	0.80402012	12.94778431	-0.89066811
0.92030298	12.89451166	-0.81656941	0.92063327	12.89421919	-0.81677978
0.82577555	12.96755333	-0.78623023	0.82615479	12.96730558	-0.78640877
0.71600941	13.02397632	-0.74428089	0.71644775	13.02378782	-0.74441577
0.68531874	13.00027340	-0.87308456	0.68567969	13.00010898	-0.87320071
0.92178422	12.89055551	-0.72478901	0.92214621	12.89025549	-0.72500599
0.84335031	12.95859511	-0.67988586	0.84377199	12.95833356	-0.68007506
0.74949605	13.01186345	-0.61735106	0.74997944	13.01165461	-0.61750450
1.00333358	12.66707916	-0.98988619	1.00348497	12.66677791	-0.99014661
0.96621642	12.78847644	-0.94399881	0.96643625	12.78818013	-0.94422781
1.02717532	12.66691130	-0.87860702	1.02737273	12.66658016	-0.87887644
0.98667356	12.79736897	-0.84731865	0.98693839	12.79704832	-0.84755793
1.01904209	12.66557800	-0.76516606	1.01928114	12.66523504	-0.76543261
0.98126422	12.79671803	-0.74794577	0.98156824	12.79638991	-0.74818644
0.56578058	13.04667632	-0.82727437	0.56619412	13.04658193	-0.82734259
0.60349488	13.07186982	-0.67881053	0.60399311	13.07175038	-0.67890173
0.48023149	13.11152472	-0.59560111	0.48080002	13.11148629	-0.59563840
0.44220702	13.08543315	-0.74719457	0.44268693	13.08542038	-0.74721259
0.64393988	13.06030531	-0.54104999	0.64449441	13.06015880	-0.54116074
0.51939708	13.10206455	-0.45778470	0.52002370	13.10199763	-0.45784115
-0.37731517	13.08451560	-0.49858701	-0.37669043	13.08512332	-0.49822364
-0.46096774	13.06645255	-0.51089442	-0.46036075	13.06712747	-0.51049401
-0.44124399	13.05495354	-0.55330381	-0.44066489	13.05561407	-0.55291291
-0.38913868	13.09068512	-0.43551246	-0.38848069	13.09130000	-0.43514296
-0.48298283	13.06846718	-0.46632782	-0.48235446	13.06915811	-0.46591740
-0.56758547	13.04240396	-0.49519316	-0.56698953	13.04316354	-0.49474670
-0.53005594	13.04422726	-0.52785541	-0.52947307	13.04495802	-0.52742548
-0.49244380	13.04246369	-0.55417671	-0.49187396	13.04316550	-0.55376339
-0.41440142	13.08741877	-0.37522575	-0.41371883	13.08805145	-0.37484464
-0.49663790	13.06435270	-0.41493111	-0.49599018	13.06505286	-0.41451445
-0.51144404	13.04994513	-0.36399235	-0.51078459	13.05065493	-0.36356911
-0.55723540	13.03313267	-0.39616270	-0.55660321	13.03388024	-0.39572031
-0.56925462	13.03824501	-0.44471271	-0.56863989	13.03900411	-0.44426529
-0.01074174	13.13232942	-0.43492033	-0.01006130	13.13264710	-0.43473075
-0.10262638	13.12051511	-0.44710092	-0.10195750	13.12090370	-0.44686677
-0.01960158	13.15381782	-0.33959889	-0.01886016	13.15414142	-0.33940363
-0.12303980	13.13829409	-0.36051010	-0.12231706	13.13869669	-0.36026515
-0.22447087	13.12165640	-0.39123662	-0.22377248	13.12213943	-0.39094338
-0.19882755	13.10803074	-0.46969666	-0.19817595	13.10849593	-0.46941666
-0.01978785	13.15556889	-0.25248291	-0.01900437	13.15589049	-0.25228634
-0.13402322	13.14172083	-0.27669543	-0.13325866	13.14212960	-0.27644450
-0.24395443	13.12403979	-0.31164898	-0.24321723	13.12453526	-0.31134576
0.99101867	11.97007596	-1.06446258	0.99082878	11.96975909	-1.06473838
1.01441010	12.11490407	-1.06320866	1.01429437	12.11457332	-1.06351719
0.99353547	11.92490196	-0.95838681	0.99337125	11.92457766	-0.95864147
1.02077725	12.07121152	-0.94832435	1.02069379	12.07086609	-0.94861175
1.04182820	12.28875704	-0.93358494	1.04187954	12.28839656	-0.93390316
1.02936861	12.32426029	-1.04989475	1.02937087	12.32393179	-1.05022252
0.97472594	11.90871845	-0.83866190	0.97458362	11.90841297	-0.83888175
1.00412549	12.05611966	-0.82401119	1.00406748	12.05578704	-0.82426365
1.02845004	12.27734672	-0.80838778	1.02853739	12.27698075	-0.80867619
1.02535602	12.51053876	-1.02496058	1.02544210	12.51022838	-1.02526755
1.04526606	12.49213757	-0.90986036	1.04541107	12.49179199	-0.91017506
1.03433776	12.48615169	-0.78826467	1.03451628	12.48579194	-0.78856907
-0.63600225	12.93765530	-0.61183240	-0.63553506	12.93847047	-0.61136133
-0.64292801	12.90786852	-0.62374483	-0.64248741	12.90868894	-0.62327217
-0.69357585	12.92765155	-0.53183310	-0.69308384	12.92850971	-0.53133840
-0.70417971	12.89148315	-0.53778047	-0.70371743	12.89234949	-0.53728306
-0.64482518	12.88447067	-0.62513528	-0.64440240	12.88529235	-0.62466265
-0.69493560	12.91806467	-0.42956306	-0.69440814	12.91892196	-0.42906635
-0.70859354	12.87302037	-0.43042044	-0.70810160	12.87388857	-0.42991990
-0.71168852	12.83732884	-0.43210964	-0.71122501	12.83819963	-0.43160911
-0.29026944	13.09720600	-0.48585134	-0.28963104	13.09774390	-0.48552801
-0.30812051	13.10708471	-0.41341486	-0.30744170	13.10763457	-0.41308260
-0.33390246	13.10662021	-0.34283557	-0.33319132	13.10718766	-0.34249074
-0.58743302	12.95505142	-0.26202108	-0.58680182	12.95581628	-0.26156743
-0.50683393	12.95782665	-0.19973223	-0.50617228	12.95852359	-0.19931381
-0.64176449	12.94963495	-0.33695177	-0.64117148	12.95044706	-0.33647505
-0.61852025	12.97912198	-0.35391193	-0.61791166	12.97991648	-0.35344415
-0.56430158	12.98692945	-0.28644193	-0.56365643	12.98767739	-0.28599724
-0.39205619	12.94806327	-0.14445377	-0.39137668	12.94866699	-0.14408826
-0.45043705	12.96822692	-0.66641613	-0.44997398	12.96889708	-0.66602281
-0.43830465	13.00049886	-0.63823752	-0.43780477	13.00115892	-0.63784919
-0.52236828	12.99983017	-0.62084566	-0.52185953	13.00055751	-0.62042019
-0.53850225	12.97146871	-0.64674605	-0.53802599	12.97220924	-0.64631427
-0.65198664	12.98470615	-0.52034387	-0.65144630	12.98553217	-0.51986384
-0.67643818	12.95729170	-0.52655895	-0.67592131	12.95813651	-0.52606994
-0.62208882	12.96591758	-0.59909884	-0.62159550	12.96672191	-0.59863241
-0.60104062	12.99305464	-0.58137156	-0.60051962	12.99384225	-0.58091282
-0.61977270	13.01378822	-0.51154780	-0.61920598	13.01458879	-0.51108013
-0.57355164	13.01937166	-0.55449045	-0.57299927	13.02013706	-0.55404239
-0.50394038	13.02549155	-0.58161841	-0.50339546	13.02620339	-0.58120054
-0.67736205	12.95118984	-0.43223221	-0.67680993	12.95203337	-0.43174165
-0.65290135	12.97918550	-0.43826704	-0.65233012	12.98001004	-0.43778575
-0.58623566	13.01006720	-0.37839957	-0.58561361	13.01083708	-0.37794506
-0.61908396	13.00913882	-0.44745372	-0.61849311	13.00993697	-0.44698580
-0.53650738	13.02138349	-0.32079250	-0.53585078	13.02211112	-0.32035887
-0.43447182	13.03120816	-0.59815535	-0.43393095	13.03186452	-0.59776840
0.19072423	13.12070251	-0.18508855	0.19150812	13.12086518	-0.18499318
0.16098619	13.15956230	-0.27018136	0.16175979	13.15974857	-0.27007195
0.18855559	13.14727860	-0.28501503	0.18931186	13.14744450	-0.28491922
0.22258579	13.10718323	-0.19678617	0.22335302	13.10732252	-0.19670647
0.14024465	13.16676559	-0.36517611	0.14097879	13.16696872	-0.36505754
0.16622245	13.15530309	-0.38219054	0.16693872	13.15548670	-0.38208506
0.19303297	13.13835563	-0.29504706	0.19377732	13.13851825	-0.29495368
0.22688922	13.09875871	-0.20320827	0.22764673	13.09889477	-0.20313100
0.19973286	13.14600464	-0.29613256	0.20048193	13.14616258	-0.29604224
0.23236535	13.10521165	-0.19810237	0.23312987	13.10534394	-0.19802745
0.18021775	13.15331575	-0.39936235	0.18092330	13.15348915	-0.39926383
0.22417106	13.15880445	-0.42544802	0.22486657	13.15894594	-0.42537045
0.24617043	13.15097408	-0.31420584	0.24691199	13.15109879	-0.31413785
0.27826600	13.10817199	-0.20910485	0.27902574	13.10827147	-0.20905162
0.26548191	12.93360730	-0.06545325	0.26618078	12.93371169	-0.06539801
0.22914378	13.05028193	-0.11073522	0.22990948	13.05041471	-0.11065940
0.26518767	13.03722451	-0.12228728	0.26593728	13.03733133	-0.12222918
0.30487758	12.92002298	-0.07875167	0.30555934	12.92009898	-0.07871529
0.27541430	13.03514689	-0.12281713	0.27616162	13.03524640	-0.12276389
0.31605451	12.91804131	-0.08219909	0.31673274	12.91810948	-0.08216786
0.32060777	13.03331461	-0.13035165	0.32134873	13.03338119	-0.13031977
0.35977260	12.90991532	-0.08833780	0.36044076	12.90995241	-0.08832663
0.38389948	12.72090025	-0.09270942	0.38442758	12.72091981	-0.09271706
0.34395082	12.73490160	-0.08807924	0.34449227	12.73494909	-0.08806802
0.39983231	12.52563569	-0.12357850	0.40019981	12.52564706	-0.12360083
0.36253467	12.54998436	-0.11873379	0.36292409	12.55002182	-0.11873916
0.33260299	12.73718454	-0.08329073	0.33314867	12.73723983	-0.08327437
0.35039482	12.55286261	-0.11376032	0.35078911	12.55290828	-0.11376026
0.30495607	12.56695738	-0.09545912	0.30537001	12.56703473	-0.09543697
0.29076143	12.75487093	-0.06707914	0.29132788	12.75495609	-0.06704260
0.26894775	12.78428767	-0.91927042	0.26912070	12.78439852	-0.91920614
0.26018889	12.85440044	-0.89444192	0.26043495	12.85451574	-0.89437517
0.24162297	12.86006677	-0.83536887	0.24190378	12.86019067	-0.83529462
0.25153619	12.79930925	-0.85904188	0.25175819	12.79942876	-0.85897071
0.24601895	12.92623628	-0.84408246	0.24634463	12.92635606	-0.84401146
0.22659492	12.92462388	-0.78840263	0.22694741	12.92475734	-0.78832391
0.23318784	12.92011044	-0.77065682	0.23354622	12.92023924	-0.77058171
0.25267237	12.80496323	-0.83837671	0.25290887	12.80507892	-0.83830785
0.22550029	12.86047139	-0.82099428	0.22578956	12.86060640	-0.82091447
0.22965147	12.80322669	-0.84399805	0.22988459	12.80335992	-0.84391942
0.21564786	12.92414560	-0.77863903	0.21600578	12.92428745	-0.77855600
0.17527697	12.93660494	-0.76390632	0.17565127	12.93677694	-0.76380536
0.18221158	12.86935348	-0.80241170	0.18251735	12.86951986	-0.80231244
0.18340126	12.80579673	-0.82348451	0.18364755	12.80596246	-0.82338425
0.27259863	12.71443060	-0.94456416	0.27269579	12.71455149	-0.94451433
0.25816116	12.73817569	-0.88324555	0.25831718	12.73829236	-0.88317924
0.26042959	12.75359118	-0.86099784	0.26061269	12.75370252	-0.86093229
0.27747134	12.71704766	-0.87429191	0.27761362	12.71714763	-0.87423694
0.23766853	12.74555128	-0.87080658	0.23784056	12.74567871	-0.87073035
0.18908036	12.73821630	-0.85311925	0.18925848	12.73837820	-0.85302034
0.28638716	12.32767300	-0.16322712	0.28658228	12.32776594	-0.16320521
0.30475439	12.42416725	-0.12955206	0.30503990	12.42424657	-0.12953498
0.35242640	12.42219421	-0.14612336	0.35269994	12.42223744	-0.14612830
0.33701825	12.35295437	-0.17859089	0.33721790	12.35301112	-0.17859268
0.35653412	12.43475142	-0.15344635	0.35681474	12.43479182	-0.15345298
0.36605464	12.41511158	-0.15125418	0.36631853	12.41514420	-0.15126529
0.35085399	12.34764043	-0.18486456	0.35102691	12.34768892	-0.18487225
0.40272051	12.38157402	-0.15984743	0.40294645	12.38157630	-0.15987420
0.12889780	13.14172042	-0.47032706	0.12956356	13.14193277	-0.47020530
0.15868776	13.12822860	-0.48446072	0.15933574	13.12841850	-0.48435353
0.13153763	13.08961341	-0.57844388	0.13211301	13.08982275	-0.57832456
0.16666882	13.07408303	-0.58925875	0.16722676	13.07426532	-0.58915609
0.17059938	13.11685301	-0.49124429	0.17123517	13.11703368	-0.49114282
0.17646291	13.12321000	-0.49139443	0.17710277	13.12338649	-0.49129574
0.18570973	13.06724468	-0.58551887	0.18626341	13.06741250	-0.58542522
0.21177007	13.07249421	-0.62489279	0.21230700	13.07264203	-0.62481117
0.21186204	13.12877823	-0.52396701	0.21248820	13.12892850	-0.52388528
0.22640149	13.00209729	-0.74308554	0.22683041	13.00223157	-0.74300806
0.20511739	12.99735787	-0.69500158	0.20556771	12.99750808	-0.69491505
0.19079023	13.00055998	-0.69451488	0.19124411	13.00072099	-0.69442215
0.15269293	13.01561324	-0.68311575	0.15316401	13.01580343	-0.68300597
0.40369300	13.08953610	-0.26327439	0.40440807	13.08954685	-0.26328012
0.43880576	13.00873652	-0.17978071	0.43950018	13.00872136	-0.17980320
0.46658529	12.87783086	-0.13386576	0.46720516	12.87779507	-0.13390350
0.31832237	12.99105502	-0.86193005	0.31868428	12.99112379	-0.86189216
0.34093798	12.91306185	-0.95116107	0.34120586	12.91311755	-0.95112942
0.30151179	13.06033405	-0.74987879	0.30197658	13.06041461	-0.74983649
0.14553402	12.96218156	-0.05968246	0.14625917	12.96237328	-0.05956987
0.12414547	13.06653940	-0.10412039	0.12492849	13.06674878	-0.10399450
0.10270076	13.13021526	-0.17402217	0.10349914	13.13044287	-0.17388450
0.09517828	13.02954021	-0.62373357	0.09568818	13.02977554	-0.62359718
0.07588795	13.09496387	-0.54577671	0.07648461	13.09521517	-0.54563058
0.11350940	12.95738882	-0.67809367	0.11393985	12.95760823	-0.67796518
0.47975060	12.68270588	-0.13418331	0.48023018	12.68266028	-0.13423545
0.48738527	12.47385869	-0.16288749	0.48769323	12.47381178	-0.16294575
0.34857186	12.83234957	-1.00400298	0.34874597	12.83240372	-1.00397258
0.34836982	12.75750582	-1.03333502	0.34847436	12.75757172	-1.03331688
0.48655238	12.33669699	-0.20082702	0.48671274	12.33665298	-0.20088217
0.34611554	12.69761937	-1.05199668	0.34615476	12.69769016	-1.05198091
0.16320021	12.47237126	-0.10558698	0.16353779	12.47255356	-0.10550217
0.17049157	12.62832106	-0.07611124	0.17096119	12.62849503	-0.07602430
0.11326781	12.75649300	-0.74795558	0.11351796	12.75670988	-0.74782427
0.11429052	12.82515170	-0.72427390	0.11460321	12.82536858	-0.72414485
0.16280612	12.80760150	-0.05530752	0.16341824	12.80777985	-0.05520903
0.11711608	12.89059027	-0.70630300	0.11748452	12.89080588	-0.70617562
0.33899828	13.14278661	-0.50106154	0.33964051	13.14284494	-0.50103796
0.31225983	13.11452500	-0.62774720	0.31282153	13.11460016	-0.62771193
0.36990013	13.13426501	-0.37515395	0.37059520	13.13430200	-0.37514353
0.07322680	13.16490197	-0.34601537	0.07397070	13.16515549	-0.34586454
0.06935200	13.14120331	-0.44811902	0.07003020	13.14146052	-0.44796795
0.08503569	13.16197521	-0.25470725	0.08582022	13.16221784	-0.25456096
0.88171894	11.96325956	-0.58708769	0.88163659	11.96307333	-0.58720266
0.81676000	12.01719950	-0.47386000	0.81676000	12.01719950	-0.47386000
0.92268953	11.93429256	-0.71715868	0.92258048	11.93402966	-0.71733422
0.91086887	12.00068843	-0.72224322	0.91079925	12.00042399	-0.72243127
0.87536003	12.04801460	-0.63538401	0.87533089	12.04778967	-0.63555037
0.80728177	12.11174918	-0.53181432	0.80730304	12.11159871	-0.53195542
0.95631772	11.92624612	-0.84223351	0.95618555	11.92594897	-0.84245096
0.97570434	11.94193321	-0.95431351	0.97555158	11.94161739	-0.95456314
0.94481605	12.05991163	-0.93787945	0.94473434	12.05960289	-0.93813427
0.93022703	12.02998527	-0.81949642	0.93015800	12.02969471	-0.81971906
0.97485214	11.98445761	-1.04806298	0.97467862	11.98414788	-1.04833186
0.93993640	12.05966424	-1.13527196	0.93975255	12.05937714	-1.13554514
0.91730840	12.12247810	-1.11280053	0.91716966	12.12220402	-1.11306947
0.94177487	12.09521519	-1.03621424	0.94166627	12.09491990	-1.03648678
0.85861802	12.17888495	-1.22586496	0.85843404	12.17866543	-1.22610951
0.74137161	12.33132127	-1.27464468	0.74121810	12.33120507	-1.27480712
0.74633768	12.35923856	-1.20298620	0.74624352	12.35910556	-1.20315096
0.85766917	12.22454745	-1.16320048	0.85754817	12.22432066	-1.16344593
0.60053184	12.48279355	-1.23772747	0.60048225	12.48278547	-1.23772642
0.47096501	12.61368568	-1.15276078	0.47095901	12.61369118	-1.15276087
0.49420000	12.61570000	-1.07906000	0.49420000	12.61570000	-1.07906000
0.61447000	12.50220000	-1.16283000	0.61447000	12.50220000	-1.16283000
0.38307525	12.64771786	-1.04982215	0.38307870	12.64775517	-1.04981513
0.33254975	12.64825144	-0.95707343	0.33257323	12.64832300	-0.95705493
0.37140000	12.64100070	-0.89641000	0.37140000	12.64100070	-0.89641000
0.41679000	12.64250090	-0.98287004	0.41679000	12.64250090	-0.98287004
0.31552419	12.67991841	-0.89765167	0.31561220	12.67999721	-0.89761890
0.31240861	12.70717389	-0.87022993	0.31254583	12.70724601	-0.87019258
0.34133962	12.69435059	-0.81325968	0.34150879	12.69439359	-0.81323879
0.34961007	12.66935546	-0.84067547	0.34973470	12.66938834	-0.84065461
0.30332341	12.69456388	-0.87419300	0.30344932	12.69464367	-0.87415270
0.26057725	12.68449476	-0.84467478	0.26072012	12.68460264	-0.84461142
0.30140697	12.68103809	-0.77547058	0.30158929	12.68111251	-0.77542944
0.34014055	12.68295075	-0.81200950	0.34030237	12.68299496	-0.81198889
0.15566127	12.72050031	-0.71618702	0.15590200	12.72068556	-0.71607693
0.02514615	12.77489423	-0.57517561	0.02549284	12.77518097	-0.57500811
0.02992658	12.81253081	-0.49831293	0.03033642	12.81281461	-0.49814936
0.18032572	12.73527295	-0.64103325	0.18061678	12.73544100	-0.64093850
-0.09077879	12.81845272	-0.51190659	-0.09037222	12.81883084	-0.51168365
-0.19800739	12.85094740	-0.51543525	-0.19757647	12.85141039	-0.51516220
-0.20077394	12.91947008	-0.45511985	-0.20026173	12.91993481	-0.45484446
-0.09219593	12.87796078	-0.44179621	-0.09171080	12.87833969	-0.44157362
-0.30316124	12.87184794	-0.57492504	-0.30273961	12.87239632	-0.57460104
-0.40184652	12.88334422	-0.64230969	-0.40144228	12.88397330	-0.64193913
-0.41821249	12.91114587	-0.59048678	-0.41776320	12.91178778	-0.59010870
-0.31220545	12.92501532	-0.51987941	-0.31171661	12.92557047	-0.51955072
-0.48996082	12.88695814	-0.67008072	-0.48956157	12.88765896	-0.66967002
-0.56962186	12.88375838	-0.65807657	-0.56921577	12.88452187	-0.65763347
-0.56872302	12.88618732	-0.62269930	-0.56830118	12.88694998	-0.62225661
-0.51212308	12.89477785	-0.62178789	-0.51169687	12.89549594	-0.62136839
-0.64360125	12.87568172	-0.60630327	-0.64317794	12.87650219	-0.60583126
-0.69265442	12.85954623	-0.52665180	-0.69221223	12.86040353	-0.52615992
-0.65543782	12.87563148	-0.49849755	-0.65497240	12.87645946	-0.49801954
-0.61824011	12.88481389	-0.57540107	-0.61779900	12.88561438	-0.57493827
-0.69752812	12.83237319	-0.43145618	-0.69706824	12.83323297	-0.43096171
-0.67064056	12.78545799	-0.34177471	-0.67017803	12.78629358	-0.34129285
-0.64903878	12.79195477	-0.35475176	-0.64857698	12.79277389	-0.35427906
-0.66123591	12.83854429	-0.41494332	-0.66076417	12.83937506	-0.41446372
-0.62411346	12.71090448	-0.27874266	-0.62367992	12.71169883	-0.27828649
-0.55079327	12.65008936	-0.23030924	-0.55038543	12.65082350	-0.22989117
-0.53301046	12.70929906	-0.26167029	-0.53257063	12.71002102	-0.26125488
-0.60898271	12.75301694	-0.31128915	-0.60853167	12.75380179	-0.31083645
-0.44379425	12.64481432	-0.18331480	-0.44336823	12.64546015	-0.18294430
-0.31684988	12.62370335	-0.14782915	-0.31642040	12.62424737	-0.14751684
-0.29881489	12.67729901	-0.17675806	-0.29835854	12.67783068	-0.17645051
-0.42473179	12.70221797	-0.21326246	-0.42427492	12.70285091	-0.21289602
-0.18091175	12.51876484	-0.13495949	-0.18055288	12.51920453	-0.13471348
-0.03319168	12.40225471	-0.14290414	-0.03292310	12.40258424	-0.14272992
-0.03038783	12.47194946	-0.17400723	-0.03008177	12.47227772	-0.17383188
-0.16901007	12.58138571	-0.16385634	-0.16861790	12.58181743	-0.16361286
0.12738579	12.34099774	-0.16397712	0.12759637	12.34120918	-0.16387993
0.25550730	12.32185134	-0.18981520	0.25568662	12.32196823	-0.18977943
0.23512612	12.38171559	-0.24181380	0.23532773	12.38185067	-0.24176741
0.11795862	12.40838940	-0.20533411	0.11820038	12.40860888	-0.20523086
0.30542298	12.35601931	-0.21129780	0.30561252	12.35610157	-0.21128599
0.29126123	12.43978329	-0.28074491	0.29149428	12.43987773	-0.28072397
0.28298474	12.41205061	-0.26678771	0.28319999	12.41215096	-0.26676361
0.31620376	12.34664784	-0.22382710	0.31636650	12.34672722	-0.22382195
0.34620000	12.27620000	-0.23202000	0.34620000	12.27620000	-0.23202000
0.32188414	12.33305266	-0.29174616	0.32202066	12.33312311	-0.29174042
0.28990304	12.39832233	-0.28182306	0.29010325	12.39842080	-0.28180419
0.44425997	12.21770000	-0.27141000	0.44425997	12.21770000	-0.27141000
0.57587000	12.16340070	-0.32883000	0.57587000	12.16340070	-0.32883000
0.57119119	12.24145421	-0.38481097	0.57126345	12.24139347	-0.38488019
0.42937108	12.28530129	-0.32911755	0.42945478	12.28529891	-0.32914414
0.70622003	12.08180000	-0.39380000	0.70622003	12.08180000	-0.39380000
0.70153140	12.17908932	-0.45015151	0.70158465	12.17897976	-0.45025967
0.76534188	12.39031792	-1.05294409	0.76535848	12.39012706	-1.05313946
0.86754968	12.24066968	-1.05300172	0.86750907	12.24041250	-1.05325717
0.78850369	12.37122922	-0.86646946	0.78867346	12.37094563	-0.86672586
0.87807171	12.21821430	-0.91237232	0.87810091	12.21791917	-0.91262307
0.79842922	12.25861442	-0.67728388	0.79851264	12.25839538	-0.67749152
0.87696514	12.14516179	-0.75926893	0.87697599	12.14489589	-0.75948448
0.53582426	12.60624758	-0.90466275	0.53593504	12.60616373	-0.90472736
0.64918932	12.51984953	-0.99290823	0.64926955	12.51972762	-0.99300542
0.56879079	12.53572154	-0.69477267	0.56898466	12.53560353	-0.69489241
0.68203200	12.47452967	-0.78574502	0.68220026	12.47433206	-0.78592586
0.57365650	12.38426751	-0.51403842	0.57380216	12.38417387	-0.51414492
0.69535573	12.33698299	-0.59304421	0.69547607	12.33681898	-0.59320554
-0.21130780	12.91461668	-0.37027723	-0.21075978	12.91508762	-0.36999718
-0.10554804	12.87100411	-0.35497956	-0.10502746	12.87139238	-0.35475145
-0.23278090	12.85672981	-0.28371389	-0.23223687	12.85721424	-0.28342632
-0.12629358	12.80661562	-0.27079707	-0.12578153	12.80701707	-0.27056206
-0.00964072	12.73859509	-0.30684898	-0.00919656	12.73890836	-0.30667235
0.01353486	12.80470579	-0.40244882	0.01398407	12.80500162	-0.40227976
-0.26665376	12.76642378	-0.22081245	-0.26614990	12.76693221	-0.22051398
-0.14936907	12.69326009	-0.20853661	-0.14891376	12.69367796	-0.20829633
-0.02329298	12.60649647	-0.23009164	-0.02291160	12.60681960	-0.22991468
-0.54777455	12.91507952	-0.54051199	-0.54729776	12.91582425	-0.54007732
-0.58153036	12.90878942	-0.44868919	-0.58101908	12.90955836	-0.44824062
-0.47901642	12.92881025	-0.38777489	-0.47846326	12.92949506	-0.38737052
-0.44611595	12.94161505	-0.49344307	-0.44559995	12.94227723	-0.49305262
-0.59794681	12.83672526	-0.36956973	-0.59745692	12.83750429	-0.36911715
-0.50878343	12.82677566	-0.31136467	-0.50827526	12.82748083	-0.31095225
-0.32982904	12.93991788	-0.42604134	-0.32928587	12.94048424	-0.42570439
-0.35646068	12.90457081	-0.32732801	-0.35589962	12.90515463	-0.32698057
-0.39213994	12.80704515	-0.25857990	-0.39162275	12.80765468	-0.25822141
0.29709038	12.63911029	-0.65200870	0.29732063	12.63919306	-0.65197426
0.33870459	12.63550867	-0.67566481	0.33892213	12.63556054	-0.67564914
0.27109567	12.57214970	-0.50225339	0.27134176	12.57225475	-0.50221650
0.31744049	12.57088710	-0.51244518	0.31768174	12.57095683	-0.51242964
0.32176248	12.58886145	-0.49689741	0.32202530	12.58892858	-0.49688463
0.33984998	12.64978786	-0.66724865	0.34008282	12.64983891	-0.66723368
0.34678290	12.63229009	-0.68989616	0.34699623	12.63233734	-0.68988440
0.32402913	12.57464011	-0.51177126	0.32427754	12.57470523	-0.51176079
0.35614714	12.55465098	-0.55261339	0.35636970	12.55469200	-0.55261806
0.37559843	12.61352277	-0.74053105	0.37577486	12.61355221	-0.74053270
0.33063135	12.44026969	-0.40031240	0.33082944	12.44033532	-0.40031071
0.29874599	12.48728609	-0.37681370	0.29898408	12.48737288	-0.37679515
0.29308258	12.49140308	-0.37184037	0.29332182	12.49149348	-0.37181730
0.24551397	12.47748912	-0.35543145	0.24574786	12.47761686	-0.35538761
0.44936945	12.55239696	-0.61513956	0.44958030	12.55236998	-0.61518955
0.44131819	12.62055645	-0.81635262	0.44145572	12.62053491	-0.81638735
0.43697732	12.41095293	-0.44794096	0.43714333	12.41094132	-0.44798645
0.14261960	12.64091667	-0.40960857	0.14294905	12.64111668	-0.40950762
0.16888516	12.71122968	-0.53197774	0.16921125	12.71140889	-0.53188331
0.12370976	12.52385189	-0.29385095	0.12400099	12.52406820	-0.29374713
0.17244519	13.14577058	-0.39444610	0.17314805	13.14594951	-0.39434399
0.26850449	13.03090175	-0.12943842	0.26924577	13.03100643	-0.12938190
0.30727145	12.91661291	-0.08813667	0.30794612	12.91668748	-0.08810157
0.33507752	12.73647673	-0.09378909	0.33561727	12.73653069	-0.09377430
0.35360637	12.55714190	-0.12365680	0.35399939	12.55718575	-0.12365809
0.24580976	12.85913842	-0.81456070	0.24610096	12.85925859	-0.81448951
0.34241284	12.37506015	-0.18589454	0.34262316	12.37511340	-0.18589763
0.18386398	13.06206037	-0.58829404	0.18441288	13.06222962	-0.58819947
0.20858523	12.99211849	-0.68836808	0.20903521	12.99226615	-0.68828331
0.89587057	11.95793181	-0.57357081	0.89578597	11.95774359	-0.57368645
0.82729171	12.01969372	-0.45669173	0.82730003	12.01969343	-0.45669421
0.93987224	11.91989323	-0.70844568	0.93975424	11.91962406	-0.70862068
0.74461556	12.32998306	-1.29017292	0.74445029	12.32986745	-1.29033705
0.46137803	12.61943749	-1.16639001	0.46137304	12.61944216	-1.16638851
0.35392165	12.65872006	-1.05841242	0.35393368	12.65878123	-1.05839880
0.28815561	12.66292404	-0.96019150	0.28819463	12.66303393	-0.96015268
0.27501329	12.69280504	-0.89905588	0.27511692	12.69291521	-0.89900452
0.25920336	12.70392827	-0.88607909	0.25933313	12.70403938	-0.88601538
0.21102636	12.69004828	-0.86790182	0.21116049	12.69019328	-0.86781376
0.12373863	12.71232378	-0.75323103	0.12395243	12.71253287	-0.75310432
0.01671035	12.74620687	-0.62270457	0.01701297	12.74649891	-0.62253216
-0.19078829	12.78768702	-0.55638258	-0.19042644	12.78814457	-0.55611439
-0.29371205	12.82968492	-0.60609676	-0.29333892	12.83022554	-0.60577733
-0.47744340	12.89199537	-0.69236328	-0.47704994	12.89268646	-0.69195770
-0.55956160	12.89510421	-0.68061426	-0.55915654	12.89586016	-0.68017501
-0.70497000	12.86388179	-0.53813069	-0.70452895	12.86474887	-0.53763411
-0.18287691	12.52847187	-0.11289401	-0.18250077	12.52891212	-0.11264672
0.14535277	12.35658343	-0.13937137	0.14558661	12.35678065	-0.13928210
0.31296660	12.38382932	-0.22389753	0.31317083	12.38390754	-0.22388884
0.38453884	12.29371039	-0.19611445	0.38460621	12.29371497	-0.19614782
0.47012136	12.23699754	-0.23943479	0.47016189	12.23698710	-0.23946037
0.71447389	12.09169225	-0.37207156	0.71449006	12.09168411	-0.37208256
0.29991271	12.51445183	-0.36997489	0.30017138	12.51453699	-0.36995476
0.58984983	12.77506941	-0.54354015	0.59021641	12.77495009	-0.54363908
0.31254912	12.98900124	-0.53051623	0.31307053	12.98907522	-0.53048234
0.04239149	12.99658473	-0.26195070	0.04304892	12.99685852	-0.26178855
0.11127306	13.07867647	-0.30722127	0.11196927	13.07889993	-0.30709029
0.32707824	12.86812677	-0.29502923	0.32762149	12.86818877	-0.29500668
0.03842990	12.96936518	-0.42036438	0.03899322	12.96964343	-0.42020179
0.13247862	13.04648527	-0.41678007	0.13309882	13.04669345	-0.41666077
0.37227926	12.82288725	-0.69426275	0.37260957	12.82291076	-0.69425928
0.16768355	13.02959723	-0.17903808	0.16840262	13.02977630	-0.17893437
0.22509410	12.81595447	-0.79364740	0.22536432	12.81608899	-0.79356733
0.33575033	12.75777899	-0.53200662	0.33611327	12.75783443	-0.53199081
0.33389351	12.88695489	-0.84172406	0.33419314	12.88700901	-0.84169459
0.39844036	12.43536327	-0.24691509	0.39868083	12.43537617	-0.24693763
0.25404452	13.04697430	-0.44648813	0.25464781	13.04709239	-0.44642625
0.48142072	12.68298314	-0.66937553	0.48168502	12.68292857	-0.66943198
0.70287146	12.74580600	-0.77513270	0.70312504	12.74561591	-0.77527073
0.33645607	12.93928147	-0.20072523	0.33709381	12.93933713	-0.20070396
-0.41912196	12.91466589	-0.24186726	-0.41851361	12.91529555	-0.24149068
0.16351571	13.08219143	-0.24825739	0.16424130	13.08237493	-0.24815075
0.33053664	12.94620923	-0.68817259	0.33095389	12.94626628	-0.68814623
-0.50631011	12.91470227	-0.28187278	-0.50571988	12.91540366	-0.28145680
0.23796805	13.03176547	-0.32826666	0.23861650	13.03189438	-0.32819729
0.29487826	12.45959785	-0.20202430	0.29515960	12.45968696	-0.20200312
0.12905399	13.09985526	-0.36930336	0.12973639	13.10006609	-0.36918092
0.21944984	13.07782706	-0.48849296	0.22005657	13.07797088	-0.48841473
0.26080890	12.61282196	-0.24572106	0.26119054	12.61293413	-0.24567809
0.17574727	12.93829483	-0.50836329	0.17624480	12.93846949	-0.50826593
0.28296456	12.89165562	-0.83143314	0.28327172	12.89174819	-0.83137931
0.28914687	12.84090880	-0.83472493	0.28941397	12.84099682	-0.83467403
0.23966016	13.02236512	-0.54438799	0.24019992	13.02249285	-0.54431948
0.38416224	12.79849692	-0.19905045	0.38469643	12.79851899	-0.19905556
0.50321988	12.59026765	-0.43516150	0.50351180	12.59020745	-0.43523359
0.30866038	12.76140399	-0.88738515	0.30883124	12.76147855	-0.88734123
0.16865466	12.96579455	-0.64338013	0.16910686	12.96597262	-0.64327703
0.39474443	12.37527612	-0.22363934	0.39493446	12.37528271	-0.22366230
0.36270222	12.48330348	-0.31389355	0.36295914	12.48334355	-0.31390347
0.20370536	12.86891292	-0.18689789	0.20430025	12.86906527	-0.18681652
0.39197889	12.72999338	-0.91006754	0.39210965	12.73000189	-0.91006046
0.30118538	12.79352047	-0.84883222	0.30140851	12.79359902	-0.84878612
0.15592084	13.11464355	-0.28048045	0.15665563	13.11483354	-0.28036968
0.42096451	12.60563826	-0.24905821	0.42134115	12.60563603	-0.24909001
0.22089481	12.86096955	-0.77031938	0.22121026	12.86110756	-0.77023822
0.43151501	12.71218046	-0.82793200	0.43169956	12.71215917	-0.82795605
0.83142621	12.74092914	-0.87094446	0.83165023	12.74068428	-0.87112108
0.56974849	12.78926718	-0.92859240	0.56994204	12.78916269	-0.92865971
0.34812773	12.68557010	-0.20013882	0.34858133	12.68561877	-0.20013315
0.25891991	12.76305134	-0.18198703	0.25943907	12.76316296	-0.18193594
