0.85180835	12.73575652	-0.42115376	0.85157049	12.73588757	-0.42107791
0.82233478	12.87379460	-0.45005612	0.82202346	12.87391123	-0.44998912
0.89935898	12.83244891	-0.54811498	0.89912722	12.83259217	-0.54802213
0.93177961	12.69929619	-0.53342300	0.93161608	12.69945076	-0.53332217
0.77969552	12.96435367	-0.51061482	0.77935859	12.96444428	-0.51056407
0.86064415	12.91840546	-0.59120875	0.86038289	12.91853082	-0.59112930
0.91037266	12.87548023	-0.65145713	0.91016298	12.87562281	-0.65136463
0.94893668	12.80562109	-0.64566838	0.94876169	12.80577888	-0.64556500
0.98304686	12.67645303	-0.64663018	0.98292888	12.67661887	-0.64651933
0.71891084	12.76465143	-1.16556724	0.71890023	12.76468301	-1.16555634
0.84120581	12.71388191	-1.14375366	0.84120297	12.71395943	-1.14370918
0.81023699	12.82045976	-1.07513002	0.81019335	12.82053331	-1.07509544
0.68824828	12.86684755	-1.09209847	0.68820351	12.86687986	-1.09210375
0.94235143	12.67997295	-1.08097065	0.94234367	12.68009313	-1.08089702
0.90970962	12.79115285	-1.02228972	0.90965705	12.79126446	-1.02222236
0.87022327	12.85977137	-0.97167992	0.87013634	12.85987408	-0.97162012
0.79144414	12.90071580	-0.98721282	0.79135122	12.90079367	-0.98717875
0.66964001	12.94671774	-0.99296121	0.66954020	12.94675351	-0.99296753
0.59435740	12.83335598	-0.21039704	0.59391248	12.83338407	-0.21043059
0.57514075	12.96983650	-0.25901299	0.57461607	12.96984130	-0.25907029
0.71073695	12.92231577	-0.35048185	0.71032265	12.92238860	-0.35046263
0.73301819	12.78319142	-0.30960291	0.73268219	12.78328073	-0.30957148
0.54453462	13.05556021	-0.34399712	0.54399781	13.05553418	-0.34407442
0.67444792	13.01217593	-0.42667980	0.67401453	13.01221837	-0.42667851
0.46996242	12.87996075	-1.06622993	0.46991762	12.87992090	-1.06631444
0.59607857	12.82567802	-1.13840413	0.59606083	12.82567356	-1.13844055
0.56553766	12.91799344	-1.06619909	0.56547569	12.91798641	-1.06624582
0.44115004	12.96200163	-0.99188663	0.44104147	12.96194383	-0.99198398
0.54502640	12.99221933	-0.96474873	0.54489630	12.99220244	-0.96480137
0.41979616	13.03044737	-0.88963629	0.41960988	13.03035943	-0.88974873
-0.02046269	12.98539311	-0.07929195	-0.02122663	12.98497837	-0.07984485
-0.14841613	12.99574573	-0.10376805	-0.14917674	12.99520332	-0.10445022
-0.15078916	13.06817324	-0.15225796	-0.15157730	13.06760558	-0.15298059
-0.02677784	13.07195067	-0.12540259	-0.02758639	13.07151110	-0.12600247
-0.26648564	12.99566412	-0.14184370	-0.26721906	12.99498760	-0.14264307
-0.26719767	13.05601640	-0.19184019	-0.26794386	13.05531397	-0.19267189
-0.26771536	13.09568150	-0.25847026	-0.26843851	13.09494436	-0.25932427
-0.15210351	13.11350364	-0.21985849	-0.15287168	13.11290095	-0.22060844
-0.03122436	13.12453359	-0.19298771	-0.03202263	13.12405869	-0.19362140
0.03154048	12.95839888	-0.60371532	0.03123692	12.95777746	-0.60421462
0.01807482	13.01831887	-0.58170392	0.01774350	13.01764007	-0.58228098
-0.06399097	13.02308441	-0.57066101	-0.06434992	13.02238447	-0.57128366
-0.05002116	12.96675368	-0.58431664	-0.05033183	12.96606465	-0.58489140
-0.00047352	13.07295135	-0.53654866	-0.00085508	13.07226597	-0.53717766
-0.08574027	13.07024448	-0.53670290	-0.08616204	13.06954100	-0.53737471
-0.17950322	13.06224371	-0.55350301	-0.17991082	13.06143899	-0.55425465
-0.15638223	13.02044247	-0.58802548	-0.15672156	13.01964346	-0.58873338
-0.14143406	12.96884602	-0.60388981	-0.14171427	12.96805234	-0.60455571
0.98945381	12.28727676	-0.67252299	0.98950418	12.28743054	-0.67241272
0.96812923	12.06823003	-0.68807660	0.96826162	12.06836768	-0.68797547
0.91542195	12.09537342	-0.55264479	0.91548504	12.09547043	-0.55256102
0.93087995	12.30219369	-0.53714824	0.93088652	12.30231785	-0.53705226
0.83736617	12.14562091	-0.43136878	0.83737866	12.14567018	-0.43131302
0.84529500	12.32760328	-0.41161395	0.84526229	12.32769623	-0.41153807
0.98039643	12.37795435	-1.14269501	0.98050401	12.37809624	-1.14260681
0.88521007	12.43864660	-1.21161540	0.88529608	12.43874515	-1.21155037
0.88025144	12.27910983	-1.23614732	0.88041094	12.27920704	-1.23607190
0.97262999	12.18665505	-1.15775356	0.97282192	12.18679613	-1.15765949
0.75776920	12.51544250	-1.24005544	0.75780514	12.51548165	-1.24001736
0.75362544	12.39513166	-1.27120081	0.75372850	12.39516999	-1.27115124
0.86792096	12.17438892	-1.24376659	0.86812850	12.17448080	-1.24368681
0.95363076	12.05206155	-1.15551372	0.95387868	12.05219545	-1.15541742
0.99554138	12.49640817	-0.65787347	0.99550479	12.49657405	-0.65775992
0.93890996	12.51262065	-0.53118216	0.93883275	12.51276761	-0.53107730
0.85438545	12.54140781	-0.40913423	0.85425695	12.54153334	-0.40905184
0.86925265	12.58510604	-1.18482873	0.86928425	12.58518849	-1.18477261
0.96845708	12.54230754	-1.11913922	0.96850082	12.54243917	-1.11905684
0.74416314	12.64300868	-1.20978926	0.74418299	12.64303915	-1.20976226
0.60144225	12.41919723	-0.22588603	0.60132679	12.41923265	-0.22587283
0.60020439	12.63403227	-0.20447282	0.59991212	12.63406745	-0.20448677
0.73480488	12.58410351	-0.29814873	0.73460813	12.58418771	-0.29810747
0.72909982	12.36983147	-0.30857687	0.72902868	12.36989343	-0.30853204
0.46975136	12.70413953	-1.15173607	0.46975479	12.70411348	-1.15176580
0.61247754	12.61435972	-1.21980770	0.61248552	12.61435535	-1.21980286
0.60996533	12.71796022	-1.18685510	0.60996631	12.71795741	-1.18686291
0.47559379	12.78783217	-1.11898203	0.47557829	12.78780603	-1.11904244
0.58683750	12.17450000	-0.30173334	0.58683478	12.17450314	-0.30172864
0.59859802	12.27998563	-0.26252369	0.59856564	12.28001103	-0.26250637
0.72475253	12.21518376	-0.33771298	0.72474150	12.21521964	-0.33767875
0.60074191	12.48635723	-1.25172101	0.60077941	12.48634290	-1.25171872
0.60698198	12.53373223	-1.24363867	0.60700367	12.53372448	-1.24363859
0.46324977	12.64867284	-1.16699062	0.46325870	12.64864954	-1.16700692
-0.00891901	12.70728508	-0.07270048	-0.00941552	12.70688165	-0.07312023
-0.15834898	12.77462837	-0.08327720	-0.15891145	12.77408535	-0.08385926
-0.14975469	12.89778127	-0.08327990	-0.15043871	12.89724660	-0.08391433
-0.01134223	12.86209453	-0.06481649	-0.01199636	12.86169402	-0.06530438
-0.29444561	12.82431170	-0.11082505	-0.29504036	12.82362344	-0.11156111
-0.27666606	12.91961057	-0.11658502	-0.27734875	12.91893662	-0.11735486
0.02938615	12.83102579	-0.62900477	0.02921810	12.83044669	-0.62943101
0.03475936	12.89556546	-0.61759822	0.03452986	12.89497264	-0.61804389
-0.04666452	12.90514073	-0.59165742	-0.04691496	12.90445794	-0.59218976
-0.05425584	12.84048478	-0.59413432	-0.05444182	12.83979668	-0.59464025
-0.13791995	12.91137444	-0.61037609	-0.13814103	12.91058017	-0.61100466
-0.14720109	12.85061539	-0.60761217	-0.14736648	12.84981188	-0.60821261
-0.03430529	12.41034407	-0.12324290	-0.03448143	12.40989565	-0.12357776
-0.17760601	12.62680013	-0.09867839	-0.17800896	12.62622956	-0.09920610
-0.02126778	12.53600556	-0.09434940	-0.02158174	12.53558028	-0.09471622
-0.32869534	12.61784810	-0.13914852	-0.32905705	12.61711178	-0.13980654
-0.31606611	12.70607354	-0.12053037	-0.31653253	12.70535968	-0.12122370
0.02025332	12.76504087	-0.63999662	0.02015017	12.76446070	-0.64041419
-0.07277587	12.77410197	-0.58995255	-0.07289493	12.77339432	-0.59044307
-0.09041860	12.74726861	-0.56952695	-0.09051804	12.74654591	-0.57001999
-0.17088461	12.78836975	-0.59416687	-0.17099679	12.78754733	-0.59475204
-0.38790661	12.99075260	-0.19270617	-0.38859435	12.98992560	-0.19362674
-0.37978729	13.03999870	-0.23959073	-0.38047928	13.03915451	-0.24052996
-0.49679142	12.98188937	-0.25060871	-0.49742132	12.98091619	-0.25164093
-0.47678574	13.02189202	-0.29232057	-0.47741445	13.02091685	-0.29335275
-0.45423395	13.05414658	-0.34311564	-0.45484454	13.05316831	-0.34414135
-0.36927444	13.07577277	-0.29956918	-0.36994354	13.07490793	-0.30051659
-0.26048264	13.01716077	-0.60871783	-0.26079406	13.01624285	-0.60952649
-0.24557789	12.97136659	-0.63228933	-0.24582263	12.97044962	-0.63305830
-0.28144293	13.05451228	-0.56950845	-0.28182883	13.05359486	-0.57035821
-0.37597736	13.04516367	-0.57904823	-0.37634264	13.04414208	-0.57999059
-0.36029580	13.01291442	-0.62291173	-0.36058386	13.01188512	-0.62382129
-0.34999448	12.97379047	-0.65563520	-0.35020868	12.97275365	-0.65651408
-0.24649996	12.92241031	-0.64683406	-0.24668254	12.92148276	-0.64757713
-0.35693746	12.93419419	-0.67948215	-0.35708780	12.93313536	-0.68034751
-0.37127551	12.89646632	-0.69283094	-0.37137192	12.89538444	-0.69369183
-0.25886503	12.87272879	-0.65020144	-0.25899226	12.87178483	-0.65092874
-0.54077404	12.87674678	-0.20814036	-0.54133711	12.87575125	-0.20916289
-0.55976553	12.75447823	-0.21130181	-0.56019666	12.75346256	-0.21227296
-0.63538824	12.78952560	-0.27057184	-0.63579464	12.78839024	-0.27164901
-0.61801358	12.88567093	-0.27166158	-0.61852207	12.88455158	-0.27277495
-0.56678191	12.64935514	-0.22651868	-0.56708864	12.64832364	-0.22742960
-0.64192714	12.70660175	-0.28078536	-0.64223409	12.70545564	-0.28181455
-0.68996662	12.77453798	-0.35298002	-0.69026843	12.77329206	-0.35411245
-0.68413360	12.82701011	-0.34825552	-0.68449794	12.82577241	-0.34941229
-0.66855840	12.89018314	-0.35106758	-0.66898857	12.88895985	-0.35224045
-0.45781408	12.64103388	-0.17704620	-0.45816392	12.64014809	-0.17783972
-0.44768413	12.73767993	-0.15985008	-0.44814909	12.73681224	-0.16069231
-0.42664195	12.85735143	-0.15374621	-0.42723513	12.85650638	-0.15463494
-0.46706850	12.91141206	-0.70547419	-0.46715979	12.91023063	-0.70645051
-0.47368436	12.88410726	-0.71548474	-0.47373668	12.88291441	-0.71645671
-0.38321260	12.86306506	-0.69399103	-0.38327405	12.86196947	-0.69484697
-0.55394531	12.91659044	-0.68682516	-0.55406014	12.91533346	-0.68789959
-0.55836877	12.88950079	-0.70101379	-0.55844151	12.88823444	-0.70208247
-0.39408586	12.84649006	-0.68331665	-0.39414265	12.84538946	-0.68417471
-0.27836809	12.82465707	-0.64136210	-0.27845549	12.82369685	-0.64208131
0.90074933	12.88314618	-0.90292427	0.90063007	12.88326543	-0.90284989
0.80062682	12.95006515	-0.88913545	0.80047913	12.95014868	-0.88909079
0.91686629	12.89776624	-0.81409820	0.91670524	12.89790017	-0.81401411
0.82158627	12.97011425	-0.78447730	0.82138746	12.97021231	-0.78441796
0.71048012	13.02549115	-0.74381033	0.71022575	13.02553952	-0.74379335
0.68162402	13.00128216	-0.87290556	0.68144935	13.00131948	-0.87290114
0.91774171	12.89409311	-0.72206700	0.91755252	12.89423447	-0.72197567
0.83812314	12.96158319	-0.67787626	0.83787812	12.96169319	-0.67780832
0.74298603	13.01387578	-0.61631280	0.74268016	13.01394191	-0.61627910
1.00220937	12.66939322	-0.98624507	1.00218703	12.66954447	-0.98615132
0.96462899	12.79113493	-0.94113611	0.96455493	12.79127516	-0.94104849
1.02537513	12.67012384	-0.87475506	1.02532794	12.67029206	-0.87464781
0.98426827	12.80076575	-0.84419812	0.98416083	12.80092207	-0.84409738
1.01659530	12.66952015	-0.76121117	1.01651493	12.66969384	-0.76109801
0.97811552	12.80058275	-0.74468933	0.97797481	12.80074439	-0.74458435
0.56098326	13.04623202	-0.82851388	0.56076227	13.04621071	-0.82856004
0.59682072	13.07184570	-0.67964811	0.59650919	13.07183327	-0.67967886
0.47177056	13.10922175	-0.59885959	0.47137402	13.10912177	-0.59897234
0.43602222	13.08239953	-0.75057167	0.43573583	13.08228475	-0.75069216
0.63558423	13.06113514	-0.54144006	0.63519365	13.06114534	-0.54145585
0.50889207	13.10110337	-0.46055310	0.50840371	13.10103718	-0.46065112
-0.38540962	13.06409626	-0.52174043	-0.38585186	13.06309602	-0.52270159
-0.46861396	13.04488409	-0.53488875	-0.46902319	13.04378636	-0.53592787
-0.44803712	13.03253389	-0.57668724	-0.44839040	13.03143650	-0.57769889
-0.39841129	13.07169858	-0.45902612	-0.39892516	13.07071828	-0.46000353
-0.49142713	13.04775546	-0.49073002	-0.49188468	13.04665569	-0.49179437
-0.57521557	13.02016030	-0.52027408	-0.57561324	13.01895365	-0.52141519
-0.53715415	13.02157849	-0.55237377	-0.53752031	13.02039738	-0.55347494
-0.49908026	13.01953881	-0.57804682	-0.49941754	13.01838655	-0.57910591
-0.42474775	13.06960783	-0.39908162	-0.42531779	13.06863143	-0.40008466
-0.50593512	13.04473652	-0.43946822	-0.50644102	13.04364773	-0.44054564
-0.52148194	13.03135587	-0.38841591	-0.52202559	13.03027732	-0.38950280
-0.56647851	13.01330704	-0.42087562	-0.56697158	13.01216126	-0.42200202
-0.57772423	13.01718136	-0.46973124	-0.57817061	13.01599758	-0.47087259
-0.02023799	13.11693184	-0.45486749	-0.02077303	13.11631959	-0.45551885
-0.11196117	13.10429392	-0.46732117	-0.11248639	13.10360252	-0.46803606
-0.03195608	13.14172155	-0.35922299	-0.03261074	13.14115964	-0.35988268
-0.13453207	13.12423497	-0.38135147	-0.13515849	13.12356735	-0.38209514
-0.23498449	13.10566381	-0.41303412	-0.23556959	13.10487922	-0.41386239
-0.20766199	13.09023911	-0.49079437	-0.20815786	13.08943970	-0.49158883
-0.03429174	13.14589028	-0.27147533	-0.03503685	13.14537229	-0.27212964
-0.14728811	13.12971796	-0.29755846	-0.14799824	13.12908061	-0.29831488
-0.25608857	13.10984670	-0.33371770	-0.25675328	13.10908158	-0.33456849
0.99163718	11.97312627	-1.05905512	0.99190565	11.97328116	-1.05895418
1.01431591	12.11801924	-1.05751005	1.01452142	12.11818235	-1.05740491
0.99418575	11.92831230	-0.95349044	0.99445624	11.92847059	-0.95339087
1.02051216	12.07489815	-0.94310490	1.02071515	12.07506588	-0.94299614
1.03996977	12.29260705	-0.92807083	1.04007986	12.29278100	-0.92796082
1.02829543	12.32711620	-1.04412793	1.02841082	12.32728184	-1.04402571
0.97567419	11.91198790	-0.83433507	0.97592072	11.91213629	-0.83424216
1.00412094	12.05982535	-0.81947032	1.00430172	12.05998519	-0.81936364
1.02645454	12.28181139	-0.80349900	1.02654179	12.28198241	-0.80338528
1.02412618	12.51288923	-1.01991508	1.02416576	12.51304984	-1.01981582
1.04302241	12.49553005	-0.90456446	1.04304650	12.49570302	-0.90445248
1.03186430	12.49042727	-0.78308850	1.03186131	12.49060300	-0.78297165
-0.64063399	12.91205110	-0.63543494	-0.64079745	12.91072616	-0.63659761
-0.64709051	12.88193092	-0.64673405	-0.64721055	12.88059535	-0.64789179
-0.69943532	12.90337868	-0.55614176	-0.69966746	12.90202040	-0.55735909
-0.70959890	12.86698293	-0.56139187	-0.70978573	12.86561188	-0.56260508
-0.64875115	12.85849025	-0.64758876	-0.64884531	12.85715283	-0.64873920
-0.70237153	12.89611412	-0.45370368	-0.70270087	12.89479654	-0.45491985
-0.71555387	12.85091884	-0.45372978	-0.71583101	12.84958571	-0.45493802
-0.71826322	12.81516605	-0.45464947	-0.71849834	12.81382986	-0.45584402
-0.29872214	13.07804536	-0.50803016	-0.29919211	13.07714398	-0.50890941
-0.31803092	13.08956134	-0.43616761	-0.31858033	13.08867786	-0.43707203
-0.34511242	13.09055488	-0.36594427	-0.34573250	13.08968068	-0.36687613
-0.59808510	12.93792863	-0.28536936	-0.59863609	12.93682265	-0.28649007
-0.51864918	12.94295922	-0.22190018	-0.51926849	12.94197897	-0.22293511
-0.65106855	12.93027305	-0.36102904	-0.65153292	12.92906395	-0.36220458
-0.62787474	12.95962646	-0.37829777	-0.62835378	12.95843402	-0.37946409
-0.57492676	12.96953058	-0.31017315	-0.57548524	12.96843574	-0.31128544
-0.40490261	12.93577334	-0.16453652	-0.40556321	12.93494349	-0.16544525
-0.45443733	12.94294428	-0.68770357	-0.45458006	12.94178456	-0.68868034
-0.44310541	12.97601943	-0.66015472	-0.44331253	12.97488486	-0.66113427
-0.52744557	12.97501639	-0.64412948	-0.52766575	12.97380327	-0.64520075
-0.54286449	12.94588939	-0.66958358	-0.54302810	12.94464948	-0.67065794
-0.65859642	12.96108477	-0.54536171	-0.65890344	12.95977558	-0.54656179
-0.68267429	12.93330062	-0.55130638	-0.68294454	12.93196270	-0.55251937
-0.62719669	12.94073407	-0.62316477	-0.62740263	12.93942745	-0.62432511
-0.60670647	12.96847726	-0.60576361	-0.60695988	12.96719903	-0.60691439
-0.62682902	12.99067863	-0.53675887	-0.62717752	12.98940807	-0.53793976
-0.57993740	12.99568679	-0.57909258	-0.58024763	12.99444814	-0.58022768
-0.50993852	13.00179949	-0.60525071	-0.51022804	13.00062240	-0.60631385
-0.68508866	12.92935106	-0.45687449	-0.68545223	12.92805166	-0.45808765
-0.66081379	12.95744704	-0.46318432	-0.66120216	12.95617232	-0.46438428
-0.59552120	12.99034978	-0.40301282	-0.59600798	12.98918063	-0.40415953
-0.62717154	12.98752570	-0.47255698	-0.62758297	12.98628467	-0.47373595
-0.54696232	13.00351705	-0.34490683	-0.54752103	13.00243388	-0.34600679
-0.44025466	13.00775603	-0.62081397	-0.44053661	13.00664404	-0.62180574
0.17452036	13.11621845	-0.19713257	0.17374727	13.11592857	-0.19754910
0.14569605	13.15275838	-0.28415088	0.14495745	13.15240892	-0.28461308
0.17368501	13.14068059	-0.29776045	0.17297226	13.14035266	-0.29818469
0.20682978	13.10297858	-0.20759875	0.20608351	13.10271336	-0.20797572
0.12673090	13.15702656	-0.38047264	0.12607203	13.15661114	-0.38096473
0.15302476	13.14574475	-0.39603699	0.15238964	13.14535027	-0.39648689
0.17846621	13.13160696	-0.30737859	0.17777139	13.13127950	-0.30779205
0.21140726	13.09448737	-0.21368561	0.21067563	13.09422387	-0.21405403
0.18499316	13.13937107	-0.30838153	0.18429316	13.13904878	-0.30879073
0.21662373	13.10113302	-0.20854004	0.21588289	13.10087525	-0.20890570
0.16728177	13.14395175	-0.41241357	0.16666328	13.14357022	-0.41283976
0.21152584	13.15083444	-0.43660352	0.21092584	13.15050341	-0.43697154
0.23158539	13.14511799	-0.32487150	0.23090122	13.14483426	-0.32522720
0.26268772	13.10480143	-0.21836283	0.26195830	13.10457981	-0.21868540
0.25069381	12.93240166	-0.07207235	0.25000536	12.93222059	-0.07235605
0.21286673	13.04775483	-0.12039856	0.21210122	13.04752416	-0.12075590
0.24942207	13.03513010	-0.13083257	0.24868257	13.03492722	-0.13115219
0.29064820	12.91913464	-0.08440044	0.28998805	12.91898116	-0.08464754
0.25968789	13.03319427	-0.13105199	0.25895237	13.03299913	-0.13136131
0.30194938	12.91723366	-0.08760475	0.30129599	12.91708743	-0.08784262
0.30508879	13.03196018	-0.13739998	0.30436608	13.03180052	-0.13766664
0.34604205	12.90962180	-0.09283024	0.34540695	12.90950696	-0.09303330
0.37395601	12.72082194	-0.09459569	0.37349838	12.72073191	-0.09473674
0.33355920	12.73432817	-0.09079095	0.33308050	12.73421009	-0.09096222
0.39403240	12.52538179	-0.12349654	0.39376964	12.52531135	-0.12358395
0.35613166	12.54923681	-0.11929041	0.35584103	12.54913729	-0.11940336
0.32207521	12.73653153	-0.08620485	0.32158941	12.73640656	-0.08638393
0.34384950	12.55201038	-0.11448339	0.34355138	12.55190300	-0.11460357
0.29781140	12.56565154	-0.09690012	0.29748545	12.56551112	-0.09705178
0.27955426	12.75382683	-0.07081678	0.27903626	12.75367142	-0.07102925
0.26782907	12.78001665	-0.92305682	0.26777395	12.77986176	-0.92322414
0.25825520	12.84928057	-0.89884126	0.25816391	12.84909777	-0.89903116
0.23933486	12.85347249	-0.84039008	0.23922612	12.85324115	-0.84060442
0.25025301	12.79343610	-0.86347164	0.25018537	12.79322848	-0.86366627
0.24275282	12.91989913	-0.84921774	0.24260533	12.91967489	-0.84943221
0.22297823	12.91684061	-0.79440817	0.22280872	12.91656874	-0.79465189
0.22958398	12.91212307	-0.77675858	0.22941143	12.91184563	-0.77700372
0.25129764	12.79857613	-0.84303568	0.25122425	12.79835249	-0.84323871
0.22323480	12.85260512	-0.82664440	0.22312586	12.85233332	-0.82688317
0.22848760	12.79594904	-0.84925707	0.22842420	12.79569617	-0.84948616
0.21202794	12.91547957	-0.78510092	0.21185755	12.91518027	-0.78536152
0.17144707	12.92620950	-0.77140368	0.17126590	12.92585255	-0.77170366
0.17966777	12.85985577	-0.80903334	0.17954696	12.85952754	-0.80931163
0.18222456	12.79655104	-0.82961545	0.18215796	12.79623200	-0.82988346
0.27230316	12.71057138	-0.94801970	0.27228443	12.71042648	-0.94817107
0.25781053	12.73290288	-0.88727458	0.25778145	12.73271512	-0.88745473
0.25999045	12.74782517	-0.86529114	0.25995560	12.74762191	-0.86548191
0.27741935	12.71215727	-0.87809587	0.27740189	12.71198326	-0.87826613
0.23768962	12.73890950	-0.87563508	0.23767358	12.73867807	-0.87584949
0.18957209	12.72955712	-0.85906818	0.18957031	12.72925712	-0.85933170
0.28444412	12.32546015	-0.16264168	0.28437462	12.32530375	-0.16273533
0.30068819	12.42256397	-0.12973612	0.30050525	12.42243050	-0.12984458
0.34865341	12.42114570	-0.14585394	0.34848675	12.42105328	-0.14593482
0.33481644	12.35148026	-0.17798930	0.33472986	12.35137793	-0.17805725
0.35263463	12.43367467	-0.15322942	0.35246283	12.43358211	-0.15331199
0.36250037	12.41417800	-0.15083791	0.36234590	12.41409654	-0.15091080
0.34883445	12.34630428	-0.18429776	0.34875170	12.34622657	-0.18434524
0.39987652	12.38114773	-0.15897186	0.39975761	12.38110139	-0.15901875
0.11829391	13.12723962	-0.48644950	0.11775904	13.12673401	-0.48695595
0.14830303	13.11633027	-0.49846620	0.14778495	13.11589446	-0.49891572
0.12689181	13.07269930	-0.59353483	0.12654929	13.07217097	-0.59400708
0.16123713	13.06029470	-0.60167211	0.16089551	13.05984577	-0.60207498
0.16062384	13.10585522	-0.50409181	0.16012320	13.10544534	-0.50451247
0.16619276	13.11258758	-0.50394392	0.16568527	13.11218720	-0.50435595
0.17936361	13.05534340	-0.59641351	0.17900803	13.05493950	-0.59677881
0.20507391	13.06203542	-0.63412302	0.20472868	13.06167592	-0.63444285
0.20218374	13.11901930	-0.53469598	0.20170680	13.11865763	-0.53505259
0.22125609	12.99364900	-0.74989962	0.22101585	12.99335342	-0.75016068
0.20001201	12.98733136	-0.70295523	0.19975677	12.98698826	-0.70325073
0.18568893	12.98985395	-0.70323820	0.18543295	12.98948903	-0.70355690
0.14752094	13.00311724	-0.69374711	0.14725474	13.00269460	-0.69412170
0.38969232	13.08787112	-0.26873965	0.38904379	13.08774334	-0.26893604
0.42502238	13.00848619	-0.18378345	0.42438427	13.00840303	-0.18394452
0.45457781	12.87847851	-0.13610025	0.45402342	12.87842998	-0.13622098
0.31430051	12.98671238	-0.86604188	0.31412228	12.98655405	-0.86620961
0.33879346	12.91006418	-0.95461928	0.33869359	12.90995373	-0.95476470
0.29532605	13.05471231	-0.75516369	0.29504581	13.05450506	-0.75536336
0.12995261	12.95934727	-0.06944750	0.12921966	12.95906999	-0.06984688
0.10751760	13.06260788	-0.11665475	0.10672082	13.06229210	-0.11711760
0.08635881	13.12450572	-0.18872842	0.08556301	13.12414050	-0.18924064
0.09015996	13.01224198	-0.63877010	0.08986992	13.01168442	-0.63926617
0.07347786	13.07067431	-0.56571108	0.07315921	13.06997233	-0.56630954
0.10894966	12.94327526	-0.68820005	0.10872103	12.94279866	-0.68858374
0.47136714	12.68356826	-0.13443278	0.47098111	12.68353907	-0.13451037
0.48297318	12.47444260	-0.16178321	0.48278022	12.47442821	-0.16182544
0.34755541	12.83016097	-1.00680449	0.34750463	12.83007890	-1.00692313
0.34805613	12.75564892	-1.03566712	0.34803544	12.75557328	-1.03576837
0.48479275	12.33691724	-0.19931948	0.48472903	12.33691278	-0.19932794
0.34631959	12.69589621	-1.05375520	0.34632395	12.69582358	-1.05382910
0.15773857	12.46877901	-0.10774216	0.15749563	12.46851736	-0.10795575
0.16169205	12.62529487	-0.08011915	0.16128852	12.62504340	-0.08037828
0.11286692	12.74400638	-0.75540172	0.11282224	12.74357297	-0.75573642
0.11223494	12.81235772	-0.73222082	0.11212441	12.81191522	-0.73256293
0.15018995	12.80490923	-0.06206703	0.14960216	12.80465254	-0.06239469
0.11404769	12.87734958	-0.71491083	0.11388762	12.87689600	-0.71526366
0.32821974	13.13758446	-0.50776215	0.32771338	13.13736826	-0.50798986
0.30420313	13.10836720	-0.63407200	0.30381764	13.10813505	-0.63429377
0.35715443	13.13057815	-0.38174191	0.35655742	13.13039787	-0.38196581
0.06002071	13.15433705	-0.36334429	0.05935384	13.15386337	-0.36391081
0.05961640	13.12583360	-0.46667664	0.05908430	13.12527334	-0.46725933
0.06986635	13.15403067	-0.27100690	0.06911453	13.15361203	-0.27155420
0.88263164	11.96531419	-0.58443767	0.88273664	11.96540450	-0.58439245
0.81676000	12.01719950	-0.47386000	0.81676000	12.01719950	-0.47386000
0.92366243	11.93710969	-0.71342577	0.92385212	11.93723241	-0.71335278
0.91141817	12.00360134	-0.71840204	0.91158587	12.00372049	-0.71832995
0.87578325	12.05061764	-0.63195936	0.87589346	12.05071714	-0.63189998
0.80749308	12.11357417	-0.52890751	0.80754749	12.11363310	-0.52885854
0.95711734	11.92942476	-0.83787293	0.95735755	11.92956553	-0.83778551
0.97621777	11.94525196	-0.94941252	0.97647974	11.94540222	-0.94931657
0.94452184	12.06329342	-0.93285470	0.94472813	12.06342962	-0.93276273
0.93033865	12.03317457	-0.81508877	0.93052827	12.03330606	-0.81500705
0.97530464	11.98746471	-1.04273138	0.97556395	11.98761253	-1.04263307
0.94046415	12.06210144	-1.12974924	0.94070411	12.06223076	-1.12965525
0.91743479	12.12484517	-1.10741133	0.91764519	12.12496528	-1.10732335
0.94157088	12.09810719	-1.03084577	0.94178026	12.09824041	-1.03075415
0.85944568	12.18022337	-1.22086122	0.85964779	12.18031268	-1.22078290
0.74263132	12.33150350	-1.27129222	0.74276807	12.33153717	-1.27123767
0.74688886	12.35991322	-1.19969883	0.74700189	12.35995588	-1.19964833
0.85786827	12.22619916	-1.15829302	0.85804167	12.22629118	-1.15821822
0.60123157	12.48250642	-1.23760176	0.60126843	12.48249361	-1.23759972
0.47140408	12.61334141	-1.15308563	0.47141452	12.61332297	-1.15309717
0.49420000	12.61570000	-1.07906000	0.49420000	12.61570000	-1.07906000
0.61447000	12.50220000	-1.16283000	0.61447000	12.50220000	-1.16283000
0.38345294	12.64679311	-1.05064658	0.38346609	12.64675309	-1.05068004
0.33285709	12.64587640	-0.95892641	0.33286681	12.64578224	-0.95900416
0.37140000	12.64100070	-0.89641000	0.37140000	12.64100070	-0.89641000
0.41679000	12.64250090	-0.98287004	0.41679000	12.64250090	-0.98287004
0.31534910	12.67680517	-0.90035431	0.31533228	12.67668897	-0.90047537
0.31221339	12.70351378	-0.87324458	0.31219244	12.70338084	-0.87338203
0.34122989	12.69059868	-0.81569430	0.34121127	12.69045954	-0.81581472
0.34924683	12.66670812	-0.84239068	0.34922188	12.66660924	-0.84247649
0.30382374	12.69064012	-0.87762254	0.30382703	12.69049967	-0.87777789
0.26158535	12.67820716	-0.84906865	0.26160489	12.67798385	-0.84927049
0.30155411	12.67549760	-0.77892306	0.30153844	12.67529441	-0.77909238
0.34054652	12.67914879	-0.81463481	0.34054551	12.67900843	-0.81476438
0.15561309	12.70936862	-0.72264033	0.15557907	12.70897828	-0.72293935
0.02278032	12.75899573	-0.58391980	0.02265788	12.75841330	-0.58433003
0.02529484	12.79843912	-0.50729658	0.02507366	12.79789177	-0.50770942
0.17901260	12.72477323	-0.64687132	0.17892683	12.72439583	-0.64714970
-0.09541343	12.80110401	-0.52304942	-0.09561203	12.80040358	-0.52356826
-0.20329397	12.83208050	-0.52935503	-0.20351064	12.83126578	-0.52999732
-0.20787219	12.90229783	-0.47107255	-0.20820778	12.90151492	-0.47176158
-0.09912631	12.86252347	-0.45448175	-0.09944667	12.86186043	-0.45503754
-0.30774473	12.85028102	-0.59123823	-0.30790763	12.84932151	-0.59200297
-0.40544582	12.85912487	-0.66061604	-0.40553799	12.85802581	-0.66149442
-0.42296091	12.88807078	-0.60983849	-0.42313364	12.88698225	-0.61075011
-0.31824972	12.90481719	-0.53781925	-0.31851800	12.90387949	-0.53862404
-0.49314983	12.86126034	-0.68999930	-0.49320726	12.86006058	-0.69098226
-0.57299884	12.85766905	-0.67927589	-0.57306225	12.85639810	-0.68034694
-0.57270445	12.86095538	-0.64395917	-0.57280705	12.85969838	-0.64502908
-0.51618943	12.87007439	-0.64229798	-0.51630506	12.86887373	-0.64330827
-0.64775500	12.85016457	-0.62853573	-0.64785901	12.84883563	-0.62968101
-0.69794734	12.83542480	-0.54933334	-0.69811107	12.83407203	-0.55052176
-0.66134548	12.85252146	-0.52098602	-0.66155762	12.85122099	-0.52214008
-0.62298676	12.86025975	-0.59746461	-0.62313303	12.85896895	-0.59858616
-0.70406334	12.81037094	-0.45366319	-0.70429437	12.80905142	-0.45483937
-0.67807049	12.76569648	-0.36258407	-0.67835245	12.76445793	-0.36369748
-0.65633807	12.77215031	-0.37535825	-0.65661335	12.77092835	-0.37645153
-0.66809819	12.81727490	-0.43673223	-0.66835586	12.81600566	-0.43786993
-0.63166775	12.69301154	-0.29724640	-0.63194270	12.69186543	-0.29825492
-0.55834153	12.63409152	-0.24641598	-0.55861196	12.63305558	-0.24730735
-0.54078844	12.69283184	-0.27870806	-0.54108443	12.69179455	-0.27962061
-0.61652434	12.73459606	-0.33044348	-0.61680770	12.73344558	-0.33146509
-0.45196350	12.63105853	-0.19761831	-0.45228296	12.63016653	-0.19839962
-0.32503987	12.61211374	-0.15967048	-0.32537802	12.61137178	-0.16032280
-0.30735713	12.66537569	-0.18926837	-0.30771945	12.66463605	-0.18993048
-0.43312797	12.68803532	-0.22842531	-0.43347299	12.68714350	-0.22922364
-0.18721756	12.50912045	-0.14279814	-0.18747095	12.50852215	-0.14328431
-0.03702904	12.39469374	-0.14683932	-0.03717303	12.39423496	-0.14717158
-0.03503266	12.46396267	-0.17884449	-0.03521799	12.46349542	-0.17919748
-0.17594876	12.57143357	-0.17245769	-0.17623700	12.57083316	-0.17295948
0.12510697	12.33606157	-0.16501054	0.12502901	12.33575100	-0.16520568
0.25395999	12.31881601	-0.18944219	0.25391354	12.31862163	-0.18955350
0.23314116	12.37769085	-0.24216859	0.23307135	12.37746033	-0.24230781
0.11500294	12.40268324	-0.20729989	0.11489111	12.40234923	-0.20752402
0.30351001	12.35368893	-0.21091279	0.30344188	12.35354508	-0.21100156
0.28873436	12.43653119	-0.28119316	0.28862972	12.43634777	-0.28131723
0.28075579	12.40877326	-0.26703495	0.28066881	12.40858597	-0.26715516
0.31437199	12.34468566	-0.22357679	0.31429708	12.34457080	-0.22364922
0.34620000	12.27620000	-0.23202000	0.34620000	12.27620000	-0.23202000
0.32070308	12.33090693	-0.29172569	0.32066353	12.33076988	-0.29180610
0.28784554	12.39525464	-0.28211062	0.28776340	12.39507675	-0.28222307
0.44425997	12.21770000	-0.27141000	0.44425997	12.21770000	-0.27141000
0.57587000	12.16340070	-0.32883000	0.57587000	12.16340070	-0.32883000
0.57104342	12.24196162	-0.38304485	0.57105259	12.24195618	-0.38303702
0.42905529	12.28467850	-0.32824212	0.42905084	12.28462144	-0.32826830
0.70622003	12.08180000	-0.39380000	0.70622003	12.08180000	-0.39380000
0.70149624	12.18036027	-0.44764027	0.70152254	12.18039087	-0.44761102
0.76448047	12.39194872	-1.04920333	0.76456601	12.39200907	-1.04916015
0.86673192	12.24312842	-1.04790137	0.86688294	12.24322929	-1.04782752
0.78470816	12.37535438	-0.86116769	0.78477803	12.37542495	-0.86111964
0.87634578	12.22180247	-0.90733486	0.87648206	12.22191107	-0.90725878
0.79754994	12.26109406	-0.67300437	0.79761777	12.26116879	-0.67294694
0.87639811	12.14817135	-0.75497148	0.87652811	12.14828073	-0.75489823
0.53537990	12.60642879	-0.90442148	0.53538829	12.60641169	-0.90444657
0.64837160	12.52094968	-0.99151077	0.64840263	12.52096622	-0.99150248
0.56739818	12.53602865	-0.69289070	0.56738508	12.53599615	-0.69291238
0.68007726	12.47681852	-0.78238207	0.68010065	12.47684456	-0.78236570
0.57294153	12.38451882	-0.51177613	0.57293774	12.38449482	-0.51178104
0.69463728	12.33867242	-0.58967733	0.69466178	12.33870459	-0.58964590
-0.21979518	12.89957313	-0.38632218	-0.22020626	12.89882520	-0.38702101
-0.11391655	12.85789840	-0.36778692	-0.11430590	12.85726837	-0.36835660
-0.24206517	12.84339516	-0.29875016	-0.24250374	12.84266848	-0.29944207
-0.13509326	12.79510837	-0.28268715	-0.13549996	12.79449833	-0.28324933
-0.01660984	12.72844363	-0.31520832	-0.01692623	12.72793958	-0.31563410
0.00719053	12.79258806	-0.41163303	0.00689422	12.79206651	-0.41206137
-0.27575026	12.75399544	-0.23454499	-0.27615793	12.75326571	-0.23522379
-0.15745160	12.68268609	-0.21875489	-0.15780592	12.68208198	-0.21929004
-0.02938269	12.59762464	-0.23668624	-0.02964510	12.59714025	-0.23707914
-0.55339982	12.89201185	-0.56217428	-0.55361857	12.89081044	-0.56323188
-0.58859496	12.88756087	-0.47080432	-0.58889848	12.88636406	-0.47189243
-0.48731279	12.91004587	-0.40872955	-0.48770692	12.90899593	-0.40971560
-0.45278476	12.92066455	-0.51411063	-0.45308593	12.91959600	-0.51506832
-0.60550664	12.81713141	-0.39034657	-0.60581514	12.81595796	-0.39141091
-0.51717965	12.80945099	-0.33051990	-0.51754325	12.80841039	-0.33148053
-0.33762584	12.92191413	-0.44472403	-0.33800170	12.92100815	-0.44555648
-0.36550887	12.88863996	-0.34565744	-0.36594697	12.88775858	-0.34650003
-0.40112332	12.79226771	-0.27540915	-0.40152811	12.79138330	-0.27623623
0.29667649	12.63262226	-0.65503905	0.29663997	12.63237370	-0.65521865
0.33864794	12.63045717	-0.67810947	0.33862554	12.63025997	-0.67826055
0.26995167	12.56592677	-0.50447801	0.26989211	12.56566078	-0.50465731
0.31649846	12.56586994	-0.51393829	0.31644557	12.56565262	-0.51408569
0.31998332	12.58409211	-0.49848151	0.31989849	12.58388069	-0.49862908
0.33914124	12.64474353	-0.66965048	0.33909543	12.64454514	-0.66979846
0.34628510	12.62754448	-0.69218522	0.34625198	12.62735757	-0.69232762
0.32253873	12.56991017	-0.51325978	0.32246880	12.56970061	-0.51340368
0.35518987	12.55041869	-0.55368541	0.35514802	12.55023277	-0.55381193
0.37534877	12.60947888	-0.74244253	0.37533160	12.60931738	-0.74256558
0.32915394	12.43698226	-0.40065801	0.32909655	12.43680713	-0.40076977
0.29658105	12.48339877	-0.37774665	0.29648860	12.48319913	-0.37788396
0.29113634	12.48722706	-0.37273931	0.29105170	12.48701882	-0.37287868
0.24353726	12.47235455	-0.35685473	0.24345540	12.47210149	-0.35702254
0.44839453	12.55003087	-0.61511434	0.44836524	12.54991521	-0.61519321
0.44119816	12.61854452	-0.81741140	0.44119731	12.61845652	-0.81748696
0.43608179	12.40948127	-0.44701176	0.43605597	12.40938481	-0.44706587
0.13909691	12.63219216	-0.41421341	0.13893318	12.63181117	-0.41449326
0.16620976	12.70140620	-0.53719863	0.16607323	12.70102096	-0.53747628
0.12014861	12.51680793	-0.29713313	0.11999971	12.51644648	-0.29739039
0.15967349	13.13621258	-0.40772998	0.15905856	13.13582363	-0.40816480
0.25302175	13.02872412	-0.13777891	0.25229547	13.02852175	-0.13809310
0.29329628	12.91560120	-0.09369268	0.29264788	12.91544670	-0.09393649
0.32474217	12.73571716	-0.09665669	0.32426556	12.73559122	-0.09683381
0.34713370	12.55622076	-0.12436958	0.34683918	12.55611279	-0.12448901
0.24346403	12.85217122	-0.81970410	0.24335039	12.85192806	-0.81992232
0.33989698	12.37358443	-0.18546217	0.33979277	12.37348603	-0.18553173
0.17799674	13.04967506	-0.59934710	0.17765375	13.04926213	-0.59971563
0.20356437	12.98211685	-0.69627402	0.20331056	12.98177473	-0.69656810
0.89683137	11.95997414	-0.57092550	0.89693092	11.96006653	-0.57087452
0.82717320	12.01960375	-0.45661581	0.82716490	12.01960257	-0.45661325
0.94097226	11.92276733	-0.70475660	0.94116340	11.92289571	-0.70467737
0.74604056	12.33007002	-1.28678995	0.74618068	12.33010375	-1.28673439
0.46186057	12.61905824	-1.16679803	0.46187281	12.61903619	-1.16681305
0.35433029	12.65727888	-1.05977927	0.35434378	12.65721735	-1.05983543
0.28838405	12.65958695	-0.96291199	0.28838934	12.65945799	-0.96302850
0.27505342	12.68834696	-0.90256362	0.27504298	12.68818400	-0.90271978
0.26035877	12.69815759	-0.89056277	0.26038629	12.69795637	-0.89076287
0.21270280	12.68223499	-0.87354437	0.21274559	12.68196349	-0.87379506
0.12435727	12.70035808	-0.76041343	0.12435077	12.69994117	-0.76074013
0.01569472	12.72987885	-0.63164609	0.01562644	12.72928922	-0.63206657
-0.19449205	12.76782953	-0.56845889	-0.19460770	12.76699779	-0.56905473
-0.29728129	12.80740275	-0.62112012	-0.29737307	12.80643525	-0.62184935
-0.48029108	12.86585054	-0.71218212	-0.48032911	12.86465276	-0.71315317
-0.56265999	12.86854988	-0.70191230	-0.56271108	12.86727940	-0.70297738
-0.71012018	12.83937651	-0.56109859	-0.71027639	12.83800532	-0.56230187
-0.18971893	12.51913846	-0.12092761	-0.18999924	12.51854600	-0.12141950
0.14250008	12.35226580	-0.14039994	0.14239025	12.35197958	-0.14058867
0.31068018	12.38155130	-0.22374284	0.31058892	12.38141338	-0.22383510
0.38371353	12.29327362	-0.19532597	0.38369079	12.29325368	-0.19532796
0.46976496	12.23679386	-0.23864223	0.46975960	12.23678917	-0.23863388
0.71422664	12.09158476	-0.37173614	0.71422355	12.09158746	-0.37173311
0.29743633	12.51047597	-0.37106613	0.29732694	12.51027503	-0.37120825
0.58573325	12.77523882	-0.54304658	0.58553543	12.77522127	-0.54307102
0.30542313	12.98284772	-0.53611563	0.30506922	12.98260866	-0.53633242
0.03026036	12.98789738	-0.27472682	0.02967089	12.98744730	-0.27522409
0.09853274	13.06996668	-0.32063847	0.09790865	13.06955610	-0.32111218
0.31798558	12.86468909	-0.29913101	0.31755128	12.86450586	-0.29932765
0.02987098	12.95672037	-0.43253766	0.02944651	12.95620167	-0.43301595
0.12243267	13.03503285	-0.42930194	0.12193612	13.03458947	-0.42974171
0.36940665	12.81879268	-0.69723549	0.36926354	12.81863767	-0.69737448
0.15313413	13.02477330	-0.18960096	0.15244334	13.02446827	-0.18999934
0.22342572	12.80792934	-0.79905740	0.22333580	12.80764995	-0.79929285
0.33204586	12.75264349	-0.53500889	0.33185760	12.75243094	-0.53517649
0.33133981	12.88296414	-0.84532064	0.33121960	12.88282049	-0.84547420
0.39558011	12.43425908	-0.24638387	0.39545853	12.43417539	-0.24645543
0.24427089	13.03962378	-0.45460155	0.24379688	13.03932809	-0.45489641
0.47945450	12.68124408	-0.66991417	0.47937222	12.68115641	-0.66998596
0.70089713	12.74755180	-0.77372459	0.70081332	12.74759696	-0.77370496
0.32424653	12.93712765	-0.20574677	0.32367447	12.93696729	-0.20596283
-0.42977130	12.89991315	-0.26155816	-0.43030329	12.89900733	-0.26247339
0.14931981	13.07589744	-0.26016381	0.14863850	13.07556238	-0.26058645
0.32582305	12.94069239	-0.69285809	0.32559226	12.94049155	-0.69304154
-0.51622408	12.89803231	-0.30298306	-0.51671263	12.89700839	-0.30399205
0.22626096	13.02543859	-0.33703642	0.22570118	13.02515045	-0.33735853
0.29106739	12.45706717	-0.20257291	0.29089931	12.45690313	-0.20269776
0.11717494	13.08962140	-0.38321522	0.11658827	13.08919457	-0.38368578
0.21007063	13.06911847	-0.49810375	0.20960490	13.06878074	-0.49843970
0.25503266	12.60890457	-0.24814924	0.25476945	12.60868311	-0.24833774
0.16964534	12.92722005	-0.51643312	0.16932830	12.92681697	-0.51675794
0.28024208	12.88612964	-0.83600970	0.28011392	12.88593436	-0.83620102
0.28713919	12.83569213	-0.83888290	0.28704090	12.83550740	-0.83906249
0.23268930	13.01327786	-0.55222734	0.23232661	13.01294963	-0.55251528
0.37473980	12.79702201	-0.20166613	0.37429862	12.79690239	-0.20181826
0.50028865	12.58960846	-0.43431907	0.50015594	12.58955042	-0.43436749
0.30773340	12.75773892	-0.89066243	0.30768362	12.75760688	-0.89080731
0.16382646	12.95399936	-0.65208274	0.16357342	12.95359559	-0.65241364
0.39266902	12.37448843	-0.22288879	0.39258628	12.37442612	-0.22294153
0.35990205	12.48101104	-0.31395561	0.35978123	12.48087632	-0.31405602
0.19239175	12.86470082	-0.19353813	0.19186144	12.86443253	-0.19384237
0.39126585	12.72864758	-0.91173283	0.39122860	12.72859557	-0.91180943
0.29987564	12.78895838	-0.85249471	0.29980727	12.78879521	-0.85265580
0.14173445	13.10747717	-0.29346164	0.14105025	13.10712002	-0.29390677
0.41532002	12.60475641	-0.24935816	0.41506224	12.60466921	-0.24945238
0.21831133	12.85252646	-0.77622247	0.21818238	12.85223315	-0.77647020
0.43077165	12.71034919	-0.82929147	0.43073733	12.71027281	-0.82936895
0.82975841	12.74343398	-0.86885718	0.82969088	12.74352501	-0.86880502
0.56885249	12.78967503	-0.92897954	0.56881063	12.78967888	-0.92901289
0.34049080	12.68364025	-0.20212931	0.34013848	12.68349846	-0.20228091
0.24951775	12.75989730	-0.18630858	0.24908085	12.75968443	-0.18654057
