0.85175523	12.73522118	-0.41925232	0.85185759	12.73509703	-0.41921541
0.82342817	12.87345747	-0.44801774	0.82357823	12.87333673	-0.44799110
0.89961101	12.83171639	-0.54608586	0.89975656	12.83155925	-0.54604875
0.93103977	12.69843758	-0.53141342	0.93114031	12.69827362	-0.53136654
0.78139703	12.96441487	-0.50843124	0.78158489	12.96430158	-0.50841366
0.86152290	12.91789060	-0.58911642	0.86170258	12.91774099	-0.58908801
0.91078097	12.87469206	-0.64925884	0.91095068	12.87451767	-0.64921949
0.94882679	12.80464456	-0.64342341	0.94897093	12.80445751	-0.64337521
0.98224133	12.67537866	-0.64430775	0.98234071	12.67517925	-0.64424949
0.72111778	12.76416819	-1.16257812	0.72137385	12.76400791	-1.16250609
0.84489262	12.71262972	-1.13943802	0.84522877	12.71239934	-1.13929108
0.81235918	12.81943919	-1.07191349	0.81264824	12.81922986	-1.07184090
0.68977734	12.86651902	-1.08922090	0.69004595	12.86636974	-1.08917777
0.94435626	12.67826439	-1.07722844	0.94459336	12.67798725	-1.07711664
0.91133575	12.79021575	-1.01884379	0.91159010	12.78999233	-1.01875161
0.87117743	12.85906553	-0.96872530	0.87140896	12.85886769	-0.96866245
0.79247023	12.90019150	-0.98450793	0.79271122	12.90001603	-0.98446790
0.67057694	12.94682728	-0.99042408	0.67082668	12.94670342	-0.99040931
0.59696784	12.83371672	-0.20775255	0.59708261	12.83368652	-0.20774232
0.57915671	12.97072451	-0.25552012	0.57932232	12.97069685	-0.25551760
0.71316382	12.92243607	-0.34805899	0.71332066	12.92235909	-0.34804454
0.73414863	12.78303437	-0.30754682	0.73425568	12.78295657	-0.30752322
0.54900005	13.05714469	-0.34003351	0.54920431	13.05712201	-0.34003816
0.67741798	13.01286321	-0.42394939	0.67761425	13.01279174	-0.42394278
0.47060166	12.88130909	-1.06343232	0.47082620	12.88129183	-1.06343472
0.59747671	12.82607303	-1.13553138	0.59772645	12.82598504	-1.13549409
0.56657171	12.91867364	-1.06355501	0.56682683	12.91860062	-1.06354739
0.44212070	12.96388018	-0.98888250	0.44236477	12.96387342	-0.98889364
0.54614184	12.99333891	-0.96201613	0.54640022	12.99327486	-0.96201858
0.42123833	13.03326766	-0.88622810	0.42149689	13.03326762	-0.88624396
-0.01296280	12.99020564	-0.06697825	-0.01281912	12.99037753	-0.06704000
-0.14132275	13.00215967	-0.08919097	-0.14117471	13.00237249	-0.08927217
-0.14361283	13.07553396	-0.13581564	-0.14343451	13.07574672	-0.13589829
-0.01882129	13.07749300	-0.11101469	-0.01864317	13.07766543	-0.11107906
-0.26004549	13.00395943	-0.12564803	-0.25989374	13.00420924	-0.12574999
-0.26083233	13.06532589	-0.17414068	-0.26065308	13.06557510	-0.17424337
-0.26191895	13.10647898	-0.23970123	-0.26171605	13.10672782	-0.23980433
-0.14543487	13.12239837	-0.20203206	-0.14523099	13.12261081	-0.20211552
-0.02359948	13.13146398	-0.17693672	-0.02339421	13.13163657	-0.17700217
0.03288749	12.97608187	-0.59134654	0.03309405	12.97623069	-0.59139768
0.01793812	13.03849992	-0.56587490	0.01816417	13.03865440	-0.56592984
-0.06309734	13.04062400	-0.55546076	-0.06286836	13.04080519	-0.55552760
-0.04898181	12.98441128	-0.57103371	-0.04877059	12.98458717	-0.57109736
-0.00162431	13.09251440	-0.51854494	-0.00138504	13.09267622	-0.51860391
-0.08463101	13.08696266	-0.51982452	-0.08439132	13.08715162	-0.51989588
-0.17817330	13.07986994	-0.53610693	-0.17793026	13.08008981	-0.53619488
-0.15556500	13.03883147	-0.57193702	-0.15532964	13.03904328	-0.57202077
-0.14092416	12.98761896	-0.58931153	-0.14070350	12.98782485	-0.58939198
0.98708878	12.28647678	-0.67068445	0.98705971	12.28628815	-0.67063640
0.96566178	12.06768304	-0.68666213	0.96557886	12.06750498	-0.68661025
0.91358503	12.09532778	-0.55151736	0.91355206	12.09521667	-0.55147003
0.92861069	12.30184515	-0.53558144	0.92859856	12.30170936	-0.53552976
0.83570137	12.14589280	-0.43037782	0.83568269	12.14583743	-0.43032985
0.84317595	12.32756482	-0.41036189	0.84316897	12.32747273	-0.41031301
0.97980634	12.37669782	-1.13993320	0.97980218	12.37643896	-1.13986639
0.88540712	12.43796119	-1.20909862	0.88543803	12.43775460	-1.20903614
0.87967860	12.27859068	-1.23400096	0.87962354	12.27839112	-1.23393874
0.97104207	12.18562333	-1.15544757	0.97093882	12.18537778	-1.15538622
0.75864285	12.51541556	-1.23804489	0.75871247	12.51529924	-1.23798406
0.75414731	12.39528108	-1.26963012	0.75415663	12.39516688	-1.26957630
0.86667957	12.17397623	-1.24188955	0.86656773	12.17378286	-1.24182761
0.95136149	12.05114334	-1.15352348	0.95119877	12.05090672	-1.15345774
0.99382708	12.49534229	-0.65569872	0.99386086	12.49514194	-0.65564008
0.93718650	12.51189254	-0.52942499	0.93722544	12.51173426	-0.52937408
0.85291378	12.54091348	-0.40764574	0.85295419	12.54079800	-0.40760239
0.87060713	12.58409421	-1.18182315	0.87075902	12.58387065	-1.18173591
0.96918904	12.54074686	-1.11595322	0.96930823	12.54047000	-1.11586845
0.74597965	12.64298815	-1.20671089	0.74617145	12.64285791	-1.20661533
0.59982862	12.41963376	-0.22506993	0.59982462	12.41961127	-0.22503973
0.60059281	12.63435748	-0.20266744	0.60064390	12.63432993	-0.20264720
0.73394271	12.58410257	-0.29669481	0.73398704	12.58403152	-0.29666246
0.72715715	12.37011721	-0.30757277	0.72715379	12.37006477	-0.30752928
0.47056025	12.70519360	-1.15075894	0.47067344	12.70520891	-1.15076453
0.61391792	12.61466882	-1.21863382	0.61402945	12.61464163	-1.21859403
0.61155466	12.71817639	-1.18483126	0.61172657	12.71810186	-1.18477808
0.47645138	12.78878481	-1.11690115	0.47662756	12.78878155	-1.11689944
0.58639289	12.17462035	-0.30161943	0.58638428	12.17461039	-0.30160877
0.59689944	12.28041366	-0.26197817	0.59687896	12.28039635	-0.26194977
0.72299872	12.21560258	-0.33692577	0.72297832	12.21556633	-0.33688231
0.60167966	12.48698393	-1.25180938	0.60172642	12.48698576	-1.25180759
0.60808539	12.53433852	-1.24341114	0.60815372	12.53433541	-1.24340311
0.46393146	12.64978549	-1.16662215	0.46400691	12.64981955	-1.16663787
-0.00518318	12.71238010	-0.06584534	-0.00512893	12.71254951	-0.06589688
-0.15365723	12.78119700	-0.07336394	-0.15358316	12.78141476	-0.07344192
-0.14353282	12.90397923	-0.07088724	-0.14341932	12.90419317	-0.07096635
-0.00532259	12.86679250	-0.05518925	-0.00522023	12.86696266	-0.05524671
-0.28944840	12.83253766	-0.09815553	-0.28935678	12.83279828	-0.09825965
-0.27069453	12.92759774	-0.10203933	-0.27057131	12.92785174	-0.10214213
0.02853635	12.84663505	-0.62041298	0.02869749	12.84678391	-0.62045910
0.03489502	12.91199475	-0.60780248	0.03508014	12.91214234	-0.60785071
-0.04621475	12.92261905	-0.58034861	-0.04602463	12.92279289	-0.58041019
-0.05461120	12.85783558	-0.58435784	-0.05444264	12.85801097	-0.58441865
-0.13785057	12.93031657	-0.59751249	-0.13764777	12.93052049	-0.59759133
-0.14769432	12.86953003	-0.59634955	-0.14751321	12.86973634	-0.59642848
-0.03510717	12.41669401	-0.12032826	-0.03513795	12.41687123	-0.12037205
-0.17497835	12.63411895	-0.09123898	-0.17494776	12.63434363	-0.09131486
-0.02013193	12.54177717	-0.08986080	-0.02012657	12.54195029	-0.08990820
-0.32632773	12.62717068	-0.13011341	-0.32629481	12.62744329	-0.13021913
-0.31250559	12.71486801	-0.10999528	-0.31244916	12.71513625	-0.11010100
0.01836449	12.78037168	-0.63224831	0.01850141	12.78052317	-0.63229272
-0.07413524	12.79145698	-0.58154026	-0.07398973	12.79163753	-0.58160221
-0.09202710	12.76447329	-0.56149597	-0.09189263	12.76465950	-0.56155991
-0.17185719	12.80705932	-0.58432046	-0.17169860	12.80727293	-0.58440250
-0.38229071	13.00122245	-0.17505026	-0.38213371	13.00151021	-0.17517620
-0.37433127	13.05136880	-0.22082124	-0.37415040	13.05165318	-0.22094599
-0.49208803	12.99454692	-0.23181246	-0.49192520	12.99486715	-0.23196123
-0.47224490	13.03527365	-0.27278942	-0.47206125	13.03558772	-0.27293419
-0.45005085	13.06849393	-0.32303540	-0.44984708	13.06880092	-0.32317572
-0.36429669	13.08840350	-0.27996108	-0.36409340	13.08868433	-0.28008394
-0.25987881	13.03663535	-0.59163297	-0.25963650	13.03688122	-0.59173607
-0.24551448	12.99140429	-0.61655115	-0.24528232	12.99164489	-0.61665130
-0.28015497	13.07308478	-0.55123902	-0.27990834	13.07333768	-0.55134607
-0.37483393	13.06456865	-0.55996949	-0.37458596	13.06485202	-0.56009570
-0.35991759	13.03330977	-0.60479952	-0.35967031	13.03358820	-0.60492308
-0.35026961	12.99496733	-0.63859949	-0.35002679	12.99524241	-0.63872132
-0.24691833	12.94289976	-0.63236996	-0.24669889	12.94314019	-0.63247015
-0.35775892	12.95604914	-0.66336314	-0.35752336	12.95632589	-0.66348660
-0.37252111	12.91874151	-0.67747214	-0.37229295	12.91902235	-0.67759882
-0.25970393	12.89340472	-0.63690170	-0.25949901	12.89364864	-0.63700392
-0.53648123	12.88895202	-0.19122018	-0.53635885	12.88928614	-0.19137827
-0.55662718	12.76696809	-0.19675407	-0.55654017	12.76730832	-0.19691558
-0.63260169	12.80381377	-0.25437934	-0.63249158	12.80417518	-0.25455942
-0.61441167	12.89978982	-0.25360066	-0.61427368	12.90014566	-0.25377717
-0.56477533	12.66225108	-0.21401351	-0.56471580	12.66259377	-0.21417587
-0.63997999	12.72120523	-0.26623914	-0.63989108	12.72156889	-0.26642023
-0.68823302	12.79098448	-0.33644671	-0.68810838	12.79136111	-0.33664041
-0.68191995	12.84328493	-0.33067222	-0.68178176	12.84365963	-0.33086477
-0.66586722	12.90636139	-0.33227905	-0.66571055	12.90673126	-0.33246802
-0.45540144	12.65204703	-0.16602113	-0.45535546	12.65235784	-0.16615722
-0.44415200	12.74825020	-0.14702131	-0.44408025	12.74855802	-0.14715634
-0.42184752	12.86751860	-0.13865639	-0.42174011	12.86781973	-0.13878862
-0.46838868	12.93447495	-0.68851558	-0.46814860	12.93478620	-0.68866296
-0.47530937	12.90746101	-0.69909746	-0.47507396	12.90777392	-0.69924646
-0.38470063	12.88544591	-0.67932147	-0.38448220	12.88572996	-0.67945071
-0.55499919	12.93965658	-0.66865686	-0.55475964	12.93999316	-0.66882404
-0.55976246	12.91293469	-0.68342421	-0.55952648	12.91327234	-0.68359286
-0.39554815	12.86866292	-0.66892805	-0.39533766	12.86895045	-0.66905928
-0.27947973	12.84522737	-0.62908200	-0.27929229	12.84547729	-0.62918749
0.90141672	12.88235108	-0.90014500	0.90163221	12.88214900	-0.90008892
0.80154030	12.94977077	-0.88661850	0.80177585	12.94960553	-0.88658834
0.91748785	12.89686084	-0.81152379	0.91768812	12.89666416	-0.81147458
0.82250757	12.96982830	-0.78214966	0.82272963	12.96967085	-0.78212297
0.71199184	13.02604813	-0.74128100	0.71222625	13.02593706	-0.74127344
0.68269785	13.00172815	-0.87039522	0.68294418	13.00161132	-0.87038727
0.91821443	12.89323782	-0.71973143	0.91839996	12.89305240	-0.71968826
0.83916051	12.96123978	-0.67565689	0.83936443	12.96108829	-0.67563198
0.74463572	13.01430031	-0.61395647	0.74485466	13.01418978	-0.61394530
1.00290775	12.66764767	-0.98253401	1.00308103	12.66736210	-0.98242694
0.96529679	12.78994054	-0.93779570	0.96549919	12.78970027	-0.93770733
1.02510449	12.66863981	-0.87149465	1.02523349	12.66838155	-0.87140574
0.98441845	12.79955832	-0.84125682	0.98458986	12.79932926	-0.84118374
1.01594126	12.66815201	-0.75851108	1.01604880	12.66792156	-0.75844149
0.97808455	12.79941844	-0.74210883	0.97823906	12.79920707	-0.74204883
0.56246362	13.04784885	-0.82562882	0.56272007	13.04778715	-0.82563679
0.59881304	13.07357399	-0.67670174	0.59906107	13.07351157	-0.67670646
0.47469281	13.11278168	-0.59443489	0.47494605	13.11277104	-0.59445123
0.43798740	13.08623972	-0.74640301	0.43824901	13.08623486	-0.74642155
0.63823707	13.06247665	-0.53852553	0.63846467	13.06241061	-0.53852567
0.51289118	13.10377177	-0.45621541	0.51312535	13.10375575	-0.45622654
-0.38341233	13.08213555	-0.50210842	-0.38317029	13.08242174	-0.50223585
-0.46693115	13.06379730	-0.51477919	-0.46669139	13.06410862	-0.51492426
-0.44695967	13.05232998	-0.55708522	-0.44671487	13.05263533	-0.55722642
-0.39556916	13.08831102	-0.43910341	-0.39533772	13.08860092	-0.43923276
-0.48916994	13.06577284	-0.47031636	-0.48893859	13.06609075	-0.47046600
-0.57353958	13.03942431	-0.49952421	-0.57330942	13.03976704	-0.49969333
-0.53585864	13.04134325	-0.53202014	-0.53562137	13.04167489	-0.53218098
-0.49811322	13.03967474	-0.55817318	-0.49787126	13.03999550	-0.55832564
-0.42113378	13.08500069	-0.37893794	-0.42091431	13.08529858	-0.37907231
-0.50306696	13.06164927	-0.41898351	-0.50284708	13.06197132	-0.41913582
-0.51807475	13.04722631	-0.36810206	-0.51786927	13.04755301	-0.36825745
-0.56363532	13.03024571	-0.40045494	-0.56342881	13.03058578	-0.40062084
-0.57544149	13.03529215	-0.44905535	-0.57522306	13.03563552	-0.44922434
-0.01742761	13.13145344	-0.43666329	-0.01718616	13.13162101	-0.43672565
-0.10916367	13.11922151	-0.44931964	-0.10892378	13.11941950	-0.44939579
-0.02694305	13.15299224	-0.34138376	-0.02670718	13.15316423	-0.34144896
-0.13014191	13.13699055	-0.36284812	-0.12990889	13.13719621	-0.36292812
-0.23129407	13.11992787	-0.39407455	-0.23106146	13.12016568	-0.39417162
-0.20517361	13.10633920	-0.47239364	-0.20493249	13.10656821	-0.47248630
-0.02764282	13.15483063	-0.25425683	-0.02741871	13.15500358	-0.25432257
-0.14161506	13.14045050	-0.27908253	-0.14139344	13.14066071	-0.27916509
-0.25122200	13.12230720	-0.31458224	-0.25100165	13.12255181	-0.31468330
0.98884083	11.97202750	-1.05710626	0.98865228	11.97178127	-1.05703401
1.01202178	12.11679053	-1.05529511	1.01189205	12.11653360	-1.05523457
0.99125796	11.92722102	-0.95161352	0.99106594	11.92698306	-0.95153514
1.01783450	12.07370247	-0.94110058	1.01770091	12.07345451	-0.94104155
1.03797778	12.29120478	-0.92555050	1.03793195	12.29094291	-0.92549070
1.02695197	12.32566640	-1.04137447	1.02692205	12.32539512	-1.04130897
0.97273326	11.91101060	-0.83258713	0.97255638	11.91079729	-0.83250393
1.00131923	12.05883320	-0.81769268	1.00119954	12.05861143	-0.81763465
1.02411708	12.28062565	-0.80131752	1.02407144	12.28039505	-0.80126387
1.02389200	12.51119679	-1.01659569	1.02396966	12.51091077	-1.01650641
1.04221399	12.49384848	-0.90137604	1.04227699	12.49357143	-0.90128430
1.03040789	12.48901826	-0.78043558	1.03044518	12.48877923	-0.78036285
-0.64108577	12.93440266	-0.61636324	-0.64085799	12.93476348	-0.61655000
-0.64786598	12.90458871	-0.62827916	-0.64764341	12.90495124	-0.62846790
-0.69901325	12.92428782	-0.53661992	-0.69880584	12.92466528	-0.53681935
-0.70948268	12.88808647	-0.54258348	-0.70928370	12.88846682	-0.54278566
-0.64968655	12.88118578	-0.62965683	-0.64946992	12.88154874	-0.62984624
-0.70081748	12.91475515	-0.43435390	-0.70063610	12.91513386	-0.43455256
-0.71434099	12.86967130	-0.43523662	-0.71417185	12.87005393	-0.43543834
-0.71732686	12.83396983	-0.43691010	-0.71716716	12.83435345	-0.43711250
-0.29647867	13.09514899	-0.48898024	-0.29623654	13.09540752	-0.48909023
-0.31475591	13.10502193	-0.41664362	-0.31452317	13.10528652	-0.41675705
-0.34089863	13.10451807	-0.34618801	-0.34067882	13.10479107	-0.34630654
-0.59421496	12.95214681	-0.26639344	-0.59405892	12.95249662	-0.26656564
-0.51393916	12.95520678	-0.20376520	-0.51379425	12.95553391	-0.20391865
-0.64817294	12.94652534	-0.34154865	-0.64800293	12.94689006	-0.34173374
-0.62494158	12.97607310	-0.35842879	-0.62475964	12.97643105	-0.35860869
-0.57108261	12.98408553	-0.29073721	-0.57091175	12.98442835	-0.29090415
-0.39946716	12.94587183	-0.14796280	-0.39933283	12.94616567	-0.14809132
-0.45533270	12.96549281	-0.67014828	-0.45508826	12.96580053	-0.67029258
-0.44343389	12.99782335	-0.64194937	-0.44318688	12.99812757	-0.64209053
-0.52759262	12.99690498	-0.62492573	-0.52734747	12.99723415	-0.62508588
-0.54351481	12.96847931	-0.65087203	-0.54327169	12.96881281	-0.65103610
-0.65764547	12.98146662	-0.52499388	-0.65742532	12.98183273	-0.52518321
-0.68198759	12.95397951	-0.53129396	-0.68177334	12.95435226	-0.53148920
-0.62731783	12.96271369	-0.60359321	-0.62708540	12.96307085	-0.60377643
-0.60643496	12.98992435	-0.58579913	-0.60619932	12.99027574	-0.58597701
-0.62556232	13.01064809	-0.51608072	-0.62533614	13.01100517	-0.51626230
-0.57915330	13.01634078	-0.55882169	-0.57891664	13.01668457	-0.55899280
-0.50942761	13.02264850	-0.58564652	-0.50918433	13.02297253	-0.58580190
-0.68333052	12.94793048	-0.43697176	-0.68313936	12.94830419	-0.43716632
-0.65892571	12.97599338	-0.44292266	-0.65872551	12.97636020	-0.44311143
-0.59264349	13.00710312	-0.38279917	-0.59244740	13.00745159	-0.38297173
-0.62516111	13.00604089	-0.45198657	-0.62495037	13.00639809	-0.45216736
-0.54324709	13.01860961	-0.32499078	-0.54305887	13.01894393	-0.32515167
-0.43989006	13.02857374	-0.60187955	-0.43964300	13.02887686	-0.60201969
0.18250406	13.12099906	-0.18559246	0.18271038	13.12110379	-0.18563186
0.15312732	13.15963365	-0.27092814	0.15335707	13.15974675	-0.27097133
0.18082436	13.14746799	-0.28558919	0.18105227	13.14757170	-0.28562911
0.21447368	13.10762550	-0.19708558	0.21467746	13.10771968	-0.19712123
0.13293035	13.16664832	-0.36607560	0.13317471	13.16676674	-0.36612097
0.15905210	13.15528863	-0.38293934	0.15929495	13.15539797	-0.38298153
0.18539659	13.13855691	-0.29558908	0.18562297	13.13865895	-0.29562834
0.21884749	13.09921414	-0.20347564	0.21904939	13.09930680	-0.20351070
0.19206070	13.14623828	-0.29664163	0.19229000	13.14633802	-0.29668044
0.22425672	13.10570160	-0.19833961	0.22446036	13.10579255	-0.19837431
0.17315292	13.15335131	-0.40003767	0.17339738	13.15345548	-0.40007840
0.21723146	13.15903437	-0.42588541	0.21748095	13.15912254	-0.42592212
0.23855743	13.15141448	-0.31445164	0.23879133	13.15149799	-0.31448586
0.27018334	13.10888222	-0.20905790	0.27038977	13.10895738	-0.20908797
0.25729590	12.93437751	-0.06523021	0.25742573	12.93446054	-0.06525717
0.22074635	13.05084296	-0.11089372	0.22092021	13.05093673	-0.11092731
0.25689511	13.03794875	-0.12219984	0.25706641	13.03803041	-0.12222922
0.29681248	12.92097860	-0.07825219	0.29694007	12.92104836	-0.07827388
0.26712085	13.03592397	-0.12266315	0.26729184	13.03600227	-0.12269147
0.30801122	12.91904928	-0.08162262	0.30813897	12.91911534	-0.08164308
0.31234429	13.03431466	-0.12990882	0.31251609	13.03437784	-0.12993231
0.35178026	12.91113776	-0.08745300	0.35190654	12.91118956	-0.08746873
0.37677932	12.72216700	-0.09134043	0.37684439	12.72221030	-0.09134633
0.33676265	12.73597331	-0.08701855	0.33683142	12.73602953	-0.08702892
0.39396323	12.52669245	-0.12188519	0.39397198	12.52672733	-0.12188153
0.35649713	12.55088601	-0.11732133	0.35651221	12.55093280	-0.11732241
0.32538533	12.73820358	-0.08232002	0.32545394	12.73826361	-0.08233176
0.34432179	12.55371630	-0.11244588	0.34433699	12.55376712	-0.11244843
0.29869476	12.56763404	-0.09450088	0.29871139	12.56770059	-0.09450955
0.28338308	12.75571167	-0.06642656	0.28345484	12.75578607	-0.06644403
0.26770606	12.78402754	-0.91970060	0.26783294	12.78410440	-0.91971299
0.25833927	12.85416108	-0.89488748	0.25851115	12.85423841	-0.89490678
0.23913897	12.85988131	-0.83583816	0.23931126	12.85996022	-0.83585977
0.24956996	12.79913497	-0.85945295	0.24971104	12.79921361	-0.85946796
0.24330841	12.92602815	-0.84458421	0.24351209	12.92610380	-0.84460979
0.22337791	12.92445366	-0.78894716	0.22357513	12.92453663	-0.78897500
0.22982309	12.92001137	-0.77111092	0.23001672	12.92009124	-0.77113800
0.25046293	12.80484432	-0.83872094	0.25060547	12.80491816	-0.83873774
0.22280826	12.86026788	-0.82144138	0.22297941	12.86034990	-0.82146482
0.22745213	12.80301392	-0.84440098	0.22759434	12.80309588	-0.84442043
0.21229430	12.92395540	-0.77918097	0.21249001	12.92404130	-0.77920978
0.17173150	12.93624255	-0.76465678	0.17193129	12.93634260	-0.76468989
0.17929982	12.86897901	-0.80310364	0.17947356	12.86907728	-0.80313146
0.18101303	12.80541867	-0.82413582	0.18115770	12.80551708	-0.82415854
0.27203294	12.71415188	-0.94489133	0.27211492	12.71424055	-0.94490705
0.25676890	12.73796558	-0.88360571	0.25687266	12.73804253	-0.88361626
0.25869473	12.75346538	-0.86127811	0.25881048	12.75353744	-0.86129048
0.27610233	12.71693889	-0.87447313	0.27619480	12.71700465	-0.87448405
0.23601131	12.74532924	-0.87117038	0.23612422	12.74540902	-0.87118428
0.18728338	12.73784925	-0.85368658	0.18739653	12.73794585	-0.85370473
0.28207323	12.32800956	-0.16235550	0.28202600	12.32807447	-0.16235399
0.29976197	12.42458040	-0.12861862	0.29974391	12.42464053	-0.12862146
0.34756682	12.42275463	-0.14487060	0.34755137	12.42279696	-0.14486844
0.33293192	12.35324807	-0.17748279	0.33290079	12.35328935	-0.17747866
0.35160667	12.43534577	-0.15214441	0.35159531	12.43538683	-0.15214199
0.36127583	12.41572162	-0.14990219	0.36125957	12.41575930	-0.14989830
0.34744736	12.34766164	-0.18392171	0.34742771	12.34769160	-0.18392068
0.39837244	12.38234002	-0.15829383	0.39835064	12.38236545	-0.15828587
0.12233084	13.14144841	-0.47129874	0.12258002	13.14156876	-0.47134452
0.15226478	13.12808225	-0.48525997	0.15251088	13.12819211	-0.48530212
0.12589279	13.08924755	-0.57941419	0.12613596	13.08936516	-0.57945805
0.16116657	13.07387603	-0.59002806	0.16140499	13.07398133	-0.59006779
0.16427105	13.11675713	-0.49197009	0.16451394	13.11686271	-0.49201070
0.17010564	13.12313982	-0.49209581	0.17035072	13.12324336	-0.49213606
0.18022318	13.06713388	-0.58618188	0.18045855	13.06723271	-0.58621945
0.20654936	13.07246480	-0.62543583	0.20679018	13.07255335	-0.62547124
0.20568345	13.12884509	-0.52449766	0.20593428	13.12893532	-0.52453476
0.22243590	13.00198800	-0.74364343	0.22266039	13.00206989	-0.74367484
0.20077434	12.99722833	-0.69561022	0.20099263	12.99731833	-0.69564351
0.18639387	13.00035969	-0.69518089	0.18661333	13.00045461	-0.69521568
0.14811815	13.01523970	-0.68398221	0.14834271	13.01534810	-0.68402125
0.39595687	13.09082868	-0.26239771	0.39616431	13.09086004	-0.26241573
0.43088981	13.01028386	-0.17850824	0.43106028	13.01030691	-0.17851986
0.45897460	12.87953587	-0.13217765	0.45909687	12.87955166	-0.13218154
0.31549489	12.99111660	-0.86200534	0.31572941	12.99116091	-0.86202748
0.33937282	12.91310299	-0.95112472	0.33958786	12.91314229	-0.95114060
0.29736720	13.06053040	-0.75002281	0.29761639	13.06058343	-0.75005034
0.13726924	12.96236319	-0.06025266	0.13740592	12.96248574	-0.06029452
0.11571611	13.06659187	-0.10494716	0.11589259	13.06672040	-0.10499379
0.09442565	13.13010671	-0.17505707	0.09463233	13.13024077	-0.17510721
0.09013325	13.02894990	-0.62488060	0.09035933	13.02907934	-0.62492636
0.07001146	13.09437430	-0.54704177	0.07025365	13.09451166	-0.54709206
0.10920817	12.95684772	-0.67914229	0.10941060	12.95696970	-0.67918290
0.47303924	12.68440419	-0.13204161	0.47309716	12.68441563	-0.13203631
0.48210704	12.47529833	-0.16051667	0.48210713	12.47530737	-0.16050120
0.34798861	12.83230934	-1.00402868	0.34815774	12.83234948	-1.00403847
0.34838485	12.75751555	-1.03327177	0.34851023	12.75757328	-1.03328546
0.48314125	12.33778995	-0.19880594	0.48311941	12.33779380	-0.19878742
0.34645359	12.69765240	-1.05213494	0.34652410	12.69771771	-1.05215167
0.15765816	12.47235212	-0.10556354	0.15764662	12.47246350	-0.10558491
0.16386465	12.62847119	-0.07613473	0.16389629	12.62858359	-0.07616143
0.11049241	12.75595186	-0.74885069	0.11061907	12.75607419	-0.74887921
0.11098267	12.82461163	-0.72520975	0.11113713	12.82473323	-0.72524249
0.15520445	12.80781766	-0.05558498	0.15529007	12.80793461	-0.05562001
0.11334701	12.89006751	-0.70728805	0.11352698	12.89018761	-0.70732508
0.33259771	13.14349879	-0.50082201	0.33285102	13.14354414	-0.50084893
0.30689988	13.11495614	-0.62773176	0.30715705	13.11500753	-0.62776032
0.36269469	13.13526616	-0.37461987	0.36293045	13.13530548	-0.37464300
0.06583370	13.16449587	-0.34729186	0.06607452	13.16463701	-0.34734521
0.06267232	13.14068315	-0.44941862	0.06291847	13.14082401	-0.44947141
0.07711243	13.16170981	-0.25589275	0.07734002	13.16184829	-0.25594528
0.88133198	11.96486260	-0.58316140	0.88125708	11.96474346	-0.58308374
0.81676000	12.01719950	-0.47386000	0.81676000	12.01719950	-0.47386000
0.92119517	11.93639332	-0.71178308	0.92105979	11.93622070	-0.71169559
0.90885133	12.00295361	-0.71676355	0.90873739	12.00278617	-0.71668601
0.87366917	12.05024806	-0.63052164	0.87360080	12.05011864	-0.63045444
0.80564322	12.11367675	-0.52792656	0.80560976	12.11361035	-0.52788609
0.95417120	11.92846690	-0.83609300	0.95399989	11.92825992	-0.83600829
0.97330234	11.94419323	-0.94754685	0.97311734	11.94396266	-0.94746791
0.94177521	12.06233518	-0.93096012	0.94163799	12.06211822	-0.93089080
0.92752119	12.03230429	-0.81327604	0.92739243	12.03210904	-0.81320083
0.97251435	11.98640703	-1.04080124	0.97233331	11.98616866	-1.04072858
0.93814231	12.06121551	-1.12779366	0.93798487	12.06098562	-1.12772802
0.91533088	12.12404535	-1.10543256	0.91520161	12.12382732	-1.10536892
0.93910145	12.09717894	-1.02887099	0.93896558	12.09695590	-1.02880668
0.85812344	12.17982635	-1.21901095	0.85801460	12.17963749	-1.21894935
0.74275007	12.33172973	-1.26990771	0.74272393	12.33162023	-1.26985614
0.74667347	12.35998858	-1.19819888	0.74665316	12.35987641	-1.19814931
0.85650334	12.22571552	-1.15634829	0.85641706	12.22552764	-1.15628797
0.60197677	12.48305638	-1.23769441	0.60201441	12.48305685	-1.23769278
0.47184463	12.61425503	-1.15305799	0.47188977	12.61428807	-1.15307930
0.49420000	12.61570000	-1.07906000	0.49420000	12.61570000	-1.07906000
0.61447000	12.50220000	-1.16283000	0.61447000	12.50220000	-1.16283000
0.38336653	12.64788424	-1.05001870	0.38339219	12.64792647	-1.05003386
0.33234706	12.64819925	-0.95719160	0.33236726	12.64825366	-0.95720557
0.37140000	12.64100070	-0.89641000	0.37140000	12.64100070	-0.89641000
0.41679000	12.64250090	-0.98287004	0.41679000	12.64250090	-0.98287004
0.31477435	12.67981134	-0.89769253	0.31483394	12.67986614	-0.89770253
0.31106127	12.70719618	-0.87021672	0.31114746	12.70724610	-0.87022600
0.33937542	12.69473106	-0.81292709	0.33946605	12.69476248	-0.81293523
0.34823034	12.66962201	-0.84047999	0.34829664	12.66964663	-0.84048170
0.30202394	12.69454014	-0.87415752	0.30210642	12.69459431	-0.87416804
0.25897260	12.68450265	-0.84476614	0.25906003	12.68457055	-0.84477689
0.29919380	12.68138041	-0.77522235	0.29928319	12.68142991	-0.77523143
0.33818507	12.68333676	-0.81161054	0.33827227	12.68336870	-0.81161927
0.15280319	12.72022014	-0.71675743	0.15291489	12.72032674	-0.71678123
0.02095226	12.77412704	-0.57648112	0.02108506	12.77427702	-0.57652591
0.02507434	12.81181268	-0.49957133	0.02521340	12.81196310	-0.49961754
0.17677574	12.73519906	-0.64136475	0.17689271	12.73529641	-0.64138821
-0.09561678	12.81719710	-0.51386521	-0.09547103	12.81738707	-0.51393113
-0.20302722	12.84923315	-0.51794846	-0.20286532	12.84945956	-0.51803667
-0.20642424	12.91777385	-0.45767659	-0.20624771	12.91800256	-0.45776651
-0.09771050	12.87672493	-0.44376907	-0.09755297	12.87691778	-0.44383783
-0.30804803	12.86969532	-0.57793319	-0.30786201	12.86995567	-0.57804448
-0.40653570	12.88079769	-0.64576200	-0.40632545	12.88108904	-0.64589541
-0.42324835	12.90857214	-0.59404422	-0.42304014	12.90886956	-0.59418041
-0.31757903	12.92285326	-0.52297298	-0.31738559	12.92311781	-0.52308585
-0.49458850	12.88410872	-0.67392090	-0.49436539	12.88442710	-0.67407401
-0.57431818	12.88067384	-0.66225886	-0.57409557	12.88101542	-0.66243084
-0.57358753	12.88312989	-0.62688638	-0.57337297	12.88347145	-0.62705767
-0.51699842	12.89189351	-0.62573613	-0.51678399	12.89221860	-0.62589409
-0.64852535	12.87241444	-0.61081408	-0.64831556	12.87277716	-0.61100298
-0.69791726	12.85619072	-0.53137654	-0.69772959	12.85656799	-0.53157596
-0.66087506	12.87239888	-0.50307779	-0.66068999	12.87276590	-0.50326774
-0.62333438	12.88164259	-0.57981182	-0.62312989	12.88199843	-0.57999415
-0.70315459	12.82905491	-0.43619259	-0.70299649	12.82943457	-0.43639150
-0.67652258	12.78225558	-0.34637195	-0.67639820	12.78262876	-0.34656279
-0.65488183	12.78881013	-0.35926025	-0.65475275	12.78917692	-0.35944613
-0.66695169	12.83533718	-0.41953301	-0.66679578	12.83570674	-0.41972291
-0.63003030	12.70787179	-0.28309457	-0.62994135	12.70823231	-0.28327313
-0.55670310	12.64731615	-0.23430950	-0.55664328	12.64765618	-0.23446988
-0.53898622	12.70656345	-0.26563712	-0.53890152	12.70689761	-0.26579398
-0.61489312	12.75001295	-0.31560749	-0.61478476	12.75036868	-0.31578304
-0.44986932	12.64241834	-0.18685768	-0.44982167	12.64272697	-0.18699235
-0.32297510	12.62175417	-0.15078091	-0.32294007	12.62202479	-0.15088559
-0.30501369	12.67540750	-0.17964427	-0.30495620	12.67567124	-0.17974720
-0.43087525	12.69986490	-0.21675926	-0.43080347	12.70016724	-0.21689036
-0.18659827	12.51731805	-0.13712832	-0.18659675	12.51754483	-0.13720071
-0.03822025	12.40139097	-0.14410657	-0.03825256	12.40156804	-0.14414989
-0.03555890	12.47107482	-0.17522608	-0.03556447	12.47124932	-0.17527216
-0.17481952	12.57998405	-0.16598336	-0.17479348	12.58020546	-0.16605646
0.12286302	12.34080401	-0.16408628	0.12281601	12.34092557	-0.16410451
0.25136849	12.32207556	-0.18910627	0.25132184	12.32215024	-0.18910745
0.23107053	12.38180160	-0.24121759	0.23105133	12.38187989	-0.24122427
0.11340731	12.40811132	-0.20554570	0.11338838	12.40823346	-0.20556893
0.30145690	12.35621739	-0.21029738	0.30142897	12.35626864	-0.21029494
0.28710882	12.44005312	-0.27973528	0.28711204	12.44010934	-0.27973642
0.27894913	12.41227474	-0.26584980	0.27894315	12.41233409	-0.26585124
0.31307629	12.34640483	-0.22290013	0.31306285	12.34643943	-0.22289779
0.34620000	12.27620000	-0.23202000	0.34620000	12.27620000	-0.23202000
0.31903602	12.33324424	-0.29068295	0.31902319	12.33328021	-0.29067368
0.28616532	12.39842715	-0.28084288	0.28616055	12.39847922	-0.28084135
0.44425997	12.21770000	-0.27141000	0.44425997	12.21770000	-0.27141000
0.57587000	12.16340070	-0.32883000	0.57587000	12.16340070	-0.32883000
0.56917043	12.24277903	-0.38251822	0.56914981	12.24276662	-0.38249434
0.42733089	12.28609285	-0.32774535	0.42731416	12.28610420	-0.32773202
0.70622003	12.08180000	-0.39380000	0.70622003	12.08180000	-0.39380000
0.69958618	12.18080624	-0.44689033	0.69955802	12.18076859	-0.44685400
0.76323653	12.39184314	-1.04734990	0.76321589	12.39170052	-1.04730376
0.86487622	12.24252507	-1.04586290	0.86479913	12.24233200	-1.04580142
0.78243548	12.37532105	-0.85924360	0.78241238	12.37517728	-0.85920001
0.87388791	12.22117577	-0.90538463	0.87380954	12.22098778	-0.90532168
0.79492411	12.26118560	-0.67146663	0.79488752	12.26106790	-0.67141683
0.87366389	12.14767693	-0.75329099	0.87358268	12.14751156	-0.75322848
0.53402389	12.60761113	-0.90278416	0.53407612	12.60756493	-0.90278151
0.64728094	12.52113804	-0.99002821	0.64731010	12.52104850	-0.99000238
0.56505092	12.53808766	-0.69101322	0.56509305	12.53804224	-0.69099408
0.67782239	12.47763861	-0.78054116	0.67784177	12.47754537	-0.78051134
0.57037640	12.38620950	-0.51056068	0.57037552	12.38618009	-0.51053293
0.69205318	12.33947127	-0.58836108	0.69204145	12.33940128	-0.58832301
-0.21740134	12.91293818	-0.37288352	-0.21723919	12.91317124	-0.37297496
-0.11154921	12.86977467	-0.35699466	-0.11140423	12.86997287	-0.35706630
-0.23911094	12.85502864	-0.28638127	-0.23898073	12.85526965	-0.28647556
-0.13249228	12.80535290	-0.27285797	-0.13238027	12.80555927	-0.27293150
-0.01532689	12.73781050	-0.30816781	-0.01523249	12.73797597	-0.30821961
0.00812506	12.80395468	-0.40374149	0.00825203	12.80411186	-0.40379093
-0.27297107	12.76462819	-0.22359001	-0.27287850	12.76488067	-0.22368879
-0.15542899	12.69192280	-0.21062650	-0.15536083	12.69213713	-0.21070055
-0.02880229	12.60565226	-0.23134773	-0.02875846	12.60582301	-0.23139732
-0.55310873	12.91213646	-0.54464828	-0.55290558	12.91247264	-0.54481334
-0.58729093	12.90579973	-0.45298420	-0.58710880	12.90614623	-0.45315591
-0.48511174	12.92616686	-0.39164958	-0.48493814	12.92648397	-0.39179716
-0.45173120	12.93901100	-0.49716462	-0.45153329	12.93931772	-0.49730600
-0.60385745	12.83372754	-0.37389575	-0.60371249	12.83407937	-0.37406999
-0.51492437	12.82408427	-0.31530561	-0.51479483	12.82441077	-0.31545847
-0.33573774	12.93775854	-0.42923973	-0.33555656	12.93802914	-0.42935535
-0.36274554	12.90238034	-0.33063384	-0.36259258	12.90266000	-0.33075394
-0.39843594	12.80478025	-0.26199085	-0.39832378	12.80507167	-0.26211667
0.29384665	12.63966058	-0.65133008	0.29392753	12.63971570	-0.65133771
0.33559328	12.63625060	-0.67474470	0.33567215	12.63629106	-0.67474890
0.26722750	12.57258778	-0.50143270	0.26728221	12.57265107	-0.50144126
0.31361236	12.57157377	-0.51131805	0.31366683	12.57162186	-0.51132265
0.31773424	12.58955773	-0.49572591	0.31779356	12.58960418	-0.49572964
0.33660844	12.65054431	-0.66634077	0.33669217	12.65058471	-0.66634514
0.34375165	12.63304335	-0.68893126	0.34382925	12.63308184	-0.68893372
0.32013921	12.57534823	-0.51054107	0.32019479	12.57539324	-0.51054356
0.35249293	12.55556889	-0.55110206	0.35254272	12.55560339	-0.55110020
0.37304415	12.61433619	-0.73938928	0.37311115	12.61436285	-0.73938952
0.32698020	12.44083647	-0.39889451	0.32699065	12.44087771	-0.39888881
0.29469072	12.48773430	-0.37569635	0.29471255	12.48778816	-0.37569745
0.28898812	12.49185609	-0.37081929	0.28901077	12.49191331	-0.37082272
0.24145628	12.47766233	-0.35470276	0.24147459	12.47773464	-0.35471020
0.44572713	12.55382495	-0.61284797	0.44577502	12.55382334	-0.61283908
0.43929013	12.62153608	-0.81489758	0.43934993	12.62152962	-0.81489933
0.43363129	12.41219072	-0.44572958	0.43363598	12.41220006	-0.44571353
0.13798379	12.64073968	-0.40980514	0.13805591	12.64085003	-0.40983227
0.16466794	12.71116923	-0.53219676	0.16477151	12.71126931	-0.53222280
0.11904791	12.52357941	-0.29403550	0.11907492	12.52369713	-0.29406159
0.16539038	13.14577289	-0.39515614	0.16563160	13.14587984	-0.39519740
0.26028106	13.03163737	-0.12932201	0.26045124	13.03171779	-0.12935088
0.29927798	12.91756838	-0.08761673	0.29940575	12.91763710	-0.08763800
0.32792809	12.73749238	-0.09279685	0.32799780	12.73755119	-0.09280841
0.34756359	12.55800564	-0.12231159	0.34758114	12.55805501	-0.12231363
0.24311898	12.85901902	-0.81494183	0.24328964	12.85909452	-0.81496347
0.33836296	12.37532689	-0.18478698	0.33834237	12.37536490	-0.18478428
0.17842234	13.06193989	-0.58896267	0.17865617	13.06203921	-0.58900027
0.20420691	12.99201654	-0.68894028	0.20442267	12.99210532	-0.68897313
0.89566280	11.95955344	-0.56970470	0.89559106	11.95943289	-0.56962802
0.82723498	12.01964477	-0.45659352	0.82723823	12.01964161	-0.45658974
0.93858026	11.92205457	-0.70318135	0.93844301	11.92187743	-0.70309587
0.74627289	12.33029627	-1.28538351	0.74624843	12.33018422	-1.28533069
0.46238927	12.62017613	-1.16677121	0.46244443	12.62021621	-1.16679658
0.35426435	12.65887478	-1.05869497	0.35430385	12.65893928	-1.05871575
0.28790537	12.66274519	-0.96055427	0.28794038	12.66282945	-0.96057156
0.27412044	12.69262320	-0.89933264	0.27419379	12.69269930	-0.89934514
0.25783896	12.70375765	-0.88622328	0.25793067	12.70382819	-0.88623537
0.20956235	12.68978540	-0.86827840	0.20965363	12.68987273	-0.86829313
0.12122803	12.71184252	-0.75402138	0.12133532	12.71196118	-0.75404690
0.01299899	12.74537146	-0.62405955	0.01312317	12.74552368	-0.62410435
-0.19531123	12.78599604	-0.55883539	-0.19516486	12.78621825	-0.55892151
-0.29826185	12.82755872	-0.60903822	-0.29808485	12.82781512	-0.60914731
-0.48198695	12.88916813	-0.69615066	-0.48175727	12.88948268	-0.69630100
-0.56418734	12.89203382	-0.68475912	-0.56395651	12.89237252	-0.68492892
-0.71019232	12.86048483	-0.54291259	-0.71000068	12.86086541	-0.54311515
-0.18874117	12.52703119	-0.11508210	-0.18874021	12.52725968	-0.11515552
0.14060237	12.35647274	-0.13937715	0.14055762	12.35658936	-0.13939417
0.30904982	12.38398556	-0.22283241	0.30903524	12.38403209	-0.22283013
0.38296699	12.29389052	-0.19502396	0.38295365	12.29390161	-0.19501636
0.46903971	12.23722360	-0.23862245	0.46902797	12.23722423	-0.23861329
0.71402983	12.09158371	-0.37158343	0.71402540	12.09156985	-0.37157103
0.29566157	12.51494106	-0.36889345	0.29569061	12.51499600	-0.36889631
0.58524964	12.77721532	-0.54073727	0.58537073	12.77717045	-0.54072693
0.30705193	12.98960822	-0.53028181	0.30725345	12.98966190	-0.53030557
0.03525901	12.99609582	-0.26323031	0.03543257	12.99624797	-0.26328388
0.10401789	13.07847643	-0.30818930	0.10422502	13.07860531	-0.30823624
0.32059282	12.86898294	-0.29434436	0.32072679	12.86903849	-0.29436066
0.03237762	12.96871806	-0.42168720	0.03256232	12.96886853	-0.42173889
0.12602606	13.04629158	-0.41762844	0.12623625	13.04641130	-0.41767126
0.36861021	12.82369943	-0.69350248	0.36876066	12.82372597	-0.69351556
0.15983898	13.02977908	-0.17958334	0.16001406	13.02989162	-0.17962312
0.22242838	12.81581756	-0.79405912	0.22257841	12.81590028	-0.79408002
0.33121478	12.75859957	-0.53114306	0.33133159	12.75864370	-0.53115459
0.33131950	12.88715972	-0.84157812	0.33150743	12.88719724	-0.84159508
0.39414722	12.43622364	-0.24519506	0.39414678	12.43624951	-0.24518547
0.24775076	13.04733995	-0.44663319	0.24796409	13.04741725	-0.44666376
0.47775059	12.68461435	-0.66729493	0.47784564	12.68460008	-0.66729269
0.69990262	12.74807684	-0.77155591	0.70002718	12.74796742	-0.77153180
0.32905057	12.94027539	-0.20006012	0.32919890	12.94033127	-0.20007868
-0.42588153	12.91231255	-0.24547996	-0.42574092	12.91261279	-0.24561337
0.15586263	13.08229376	-0.24890154	0.15606385	13.08240641	-0.24894286
0.32633835	12.94673944	-0.68791500	0.32653589	12.94678234	-0.68793635
-0.51287179	12.91203603	-0.28586709	-0.51272326	12.91236212	-0.28602022
0.23100053	13.03215257	-0.32842598	0.23119504	13.03223858	-0.32845730
0.29011193	12.45995231	-0.20106761	0.29011201	12.46001218	-0.20107060
0.12207133	13.09968225	-0.37020688	0.12229362	13.09980429	-0.37025184
0.21329092	13.07798091	-0.48890548	0.21351975	13.07806932	-0.48894026
0.25528601	12.61324335	-0.24507075	0.25533356	12.61331822	-0.24508379
0.17034481	12.93826125	-0.50889104	0.17052761	12.93836385	-0.50892523
0.28027773	12.89164269	-0.83163574	0.28046505	12.89170292	-0.83165649
0.28672878	12.84093560	-0.83485031	0.28689102	12.84099424	-0.83486738
0.23411092	13.02258091	-0.54465942	0.23432623	13.02266081	-0.54469069
0.37738941	12.79967815	-0.19781447	0.37749192	12.79971821	-0.19782259
0.49871432	12.59201542	-0.43251063	0.49876781	12.59200786	-0.43249792
0.30719766	12.76136804	-0.88748633	0.30731049	12.76141952	-0.88749638
0.16408706	12.96556031	-0.64412871	0.16428996	12.96566342	-0.64416433
0.39100900	12.37603411	-0.22210081	0.39099382	12.37605717	-0.22209113
0.35831065	12.48407952	-0.31230765	0.35832583	12.48411575	-0.31230235
0.19661492	12.86923430	-0.18700016	0.19673797	12.86933376	-0.18703117
0.39090063	12.73027177	-0.90972424	0.39099051	12.73028082	-0.90972766
0.29911642	12.79358251	-0.84890068	0.29925335	12.79363605	-0.84891322
0.14832302	13.11468163	-0.28121349	0.14853917	13.11479623	-0.28125630
0.41538852	12.60687924	-0.24717015	0.41543261	12.60690293	-0.24716668
0.21780049	12.86083340	-0.77077784	0.21796978	12.86091784	-0.77080234
0.42938254	12.71307232	-0.82686225	0.42948284	12.71306709	-0.82686930
0.82926848	12.74302714	-0.86628204	0.82941003	12.74285736	-0.86623046
0.56834851	12.79039640	-0.92671524	0.56850216	12.79032193	-0.92671210
0.34192682	12.68649582	-0.19895288	0.34199327	12.68654566	-0.19896001
0.25227121	12.76359552	-0.18157787	0.25235973	12.76367578	-0.18159816
