0.83833692	12.74531834	-0.41929873	0.83770793	12.74569439	-0.41914991
0.80688333	12.88311401	-0.44859748	0.80610642	12.88346502	-0.44846427
0.88493000	12.84312249	-0.54563008	0.88427345	12.84354675	-0.54544237
0.91949637	12.71032450	-0.53037225	0.91898408	12.71077370	-0.53016576
0.76300398	12.97314542	-0.50960555	0.76215860	12.97345018	-0.50949932
0.84502549	12.92853701	-0.58920378	0.84429836	12.92892495	-0.58904044
0.89599533	12.88650638	-0.64877661	0.89536226	12.88694320	-0.64858228
0.93575519	12.81727344	-0.64244814	0.93519759	12.81774652	-0.64222999
0.97229510	12.68861057	-0.64273052	0.97187368	12.68910848	-0.64249176
0.71268446	12.77027146	-1.16393732	0.71250375	12.77045832	-1.16386979
0.83550174	12.72232584	-1.14083536	0.83534259	12.72264287	-1.14069671
0.80096026	12.82862264	-1.07266107	0.80065919	12.82892144	-1.07254208
0.67809180	12.87253670	-1.09112066	0.67776802	12.87271892	-1.09108320
0.93661502	12.69090063	-1.07691827	0.93644818	12.69133317	-1.07671724
0.90054148	12.80163725	-1.01887332	0.90023093	12.80204178	-1.01869222
0.85894176	12.86960276	-0.96893540	0.85853476	12.86997479	-0.96877742
0.77945678	12.90909675	-0.98530739	0.77902473	12.90939957	-0.98519917
0.65640543	12.95283879	-0.99230525	0.65593467	12.95302781	-0.99227393
0.58003312	12.83826596	-0.21044231	0.57913595	12.83838107	-0.21046414
0.55915791	12.97481213	-0.25868838	0.55810845	12.97489765	-0.25872745
0.69481739	12.92963624	-0.34992959	0.69390429	12.92987455	-0.34987365
0.71893413	12.79060550	-0.30894825	0.71817361	12.79086779	-0.30887908
0.52736450	13.06036870	-0.34367084	0.52626051	13.06041064	-0.34373106
0.65729907	13.01916813	-0.42636162	0.65632318	13.01935990	-0.42632988
0.45906065	12.88069162	-1.06751847	0.45872272	12.88065170	-1.06762616
0.58743665	12.82883607	-1.13837706	0.58718882	12.82891101	-1.13840067
0.55372549	12.92109979	-1.06651686	0.55333918	12.92116303	-1.06655674
0.42683925	12.96297509	-0.99381661	0.42633617	12.96290826	-0.99395016
0.52984262	12.99593309	-0.96548958	0.52928668	12.99598747	-0.96554331
0.40171768	13.03277884	-0.89202005	0.40102593	13.03269415	-0.89217895
-0.03365915	12.98055590	-0.07361918	-0.03491801	12.97983138	-0.07411048
-0.16202687	12.98957196	-0.09641008	-0.16329223	12.98864129	-0.09701058
-0.16568505	13.06283748	-0.14315230	-0.16703230	13.06189326	-0.14376375
-0.04124640	13.06764079	-0.11782429	-0.04260743	13.06689658	-0.11833113
-0.28047920	12.98876715	-0.13332617	-0.28172206	12.98763402	-0.13403056
-0.28237263	13.05006866	-0.18189070	-0.28367638	13.04892438	-0.18260416
-0.28402622	13.09113902	-0.24749894	-0.28534507	13.08998186	-0.24821873
-0.16823629	13.10956558	-0.20945229	-0.16960414	13.10860887	-0.21006979
-0.04692083	13.12140734	-0.18387409	-0.04831333	13.12064536	-0.18438870
0.01487959	12.96628714	-0.59782246	0.01406519	12.96561567	-0.59825777
-0.00161665	13.02843958	-0.57254893	-0.00254449	13.02774102	-0.57300038
-0.08260723	13.02887483	-0.56246623	-0.08355086	13.02803657	-0.56299402
-0.06719600	12.97290960	-0.57788620	-0.06803667	12.97209848	-0.57839548
-0.02256465	13.08219864	-0.52542307	-0.02361700	13.08146291	-0.52589760
-0.10529141	13.07483810	-0.52699688	-0.10633946	13.07396264	-0.52754902
-0.19848683	13.06585145	-0.54363858	-0.19951285	13.06480852	-0.54427238
-0.17488106	13.02519936	-0.57932211	-0.17580814	13.02419560	-0.57993070
-0.15910660	12.97424085	-0.59654957	-0.15993208	12.97326406	-0.59713896
0.98653675	12.29882029	-0.66760360	0.98652521	12.29928932	-0.66735100
0.96985099	12.07924044	-0.68396492	0.97004906	12.07967252	-0.68374918
0.91432607	12.10361795	-0.54958400	0.91437463	12.10392700	-0.54941651
0.92589564	12.31194630	-0.53361712	0.92578468	12.31232758	-0.53341874
0.83438949	12.15084142	-0.42979028	0.83433895	12.15101855	-0.42969242
0.83906120	12.33542653	-0.40951175	0.83887855	12.33571701	-0.40937072
0.98240893	12.38964333	-1.13747610	0.98258987	12.39013251	-1.13723482
0.88682319	12.44786400	-1.20764563	0.88696746	12.44823705	-1.20746295
0.88591250	12.28836957	-1.23220092	0.88625912	12.28874822	-1.23201178
0.97915161	12.19826953	-1.15259103	0.97956063	12.19876175	-1.15234884
0.75781169	12.52057431	-1.23787691	0.75785353	12.52076331	-1.23777094
0.75719817	12.40052483	-1.26904095	0.75741964	12.40072501	-1.26892329
0.87603507	12.18348068	-1.23997047	0.87651254	12.18385222	-1.23978564
0.96297400	12.06334091	-1.15077876	0.96353753	12.06381919	-1.15055757
0.98842642	12.50850224	-0.65333652	0.98820107	12.50900017	-0.65308486
0.93010268	12.52335568	-0.52772635	0.92979079	12.52379035	-0.52751160
0.84425733	12.55047982	-0.40703160	0.84385583	12.55083987	-0.40687505
0.86689119	12.59385805	-1.18150623	0.86686240	12.59419358	-1.18134774
0.96636473	12.55375665	-1.11443975	0.96635712	12.55422179	-1.11421550
0.74099971	12.64842624	-1.20777222	0.74093745	12.64860906	-1.20767964
0.59341704	12.42367242	-0.22662183	0.59310155	12.42379681	-0.22661368
0.58853904	12.63884531	-0.20482669	0.58790899	12.63897068	-0.20483759
0.72360310	12.59129114	-0.29749127	0.72309699	12.59154402	-0.29741495
0.72177111	12.37586060	-0.30813461	0.72152138	12.37606226	-0.30806669
0.46676278	12.70337815	-1.15182420	0.46668988	12.70333284	-1.15185458
0.61117915	12.61532209	-1.21959594	0.61115506	12.61534712	-1.21957945
0.60630094	12.72046345	-1.18676967	0.60620444	12.72052944	-1.18676608
0.46876733	12.78763206	-1.11957572	0.46857195	12.78759449	-1.11964743
0.58608312	12.17568184	-0.30196485	0.58606452	12.17570762	-0.30196346
0.59408574	12.28349503	-0.26282746	0.59395266	12.28359200	-0.26281041
0.72083008	12.21968656	-0.33743358	0.72073325	12.21982478	-0.33738679
0.60184712	12.48673114	-1.25193488	0.60192475	12.48673001	-1.25193823
0.60711268	12.53436185	-1.24367994	0.60714453	12.53437484	-1.24367992
0.46188619	12.64756556	-1.16677936	0.46186244	12.64751529	-1.16679012
-0.01956415	12.70297319	-0.07200795	-0.02039465	12.70227759	-0.07245322
-0.16952411	12.76835420	-0.08037484	-0.17045016	12.76741977	-0.08095124
-0.16213207	12.89136691	-0.07799289	-0.16325643	12.89044080	-0.07858094
-0.02329761	12.85735118	-0.06161537	-0.02437281	12.85664744	-0.06208354
-0.30626599	12.81672804	-0.10581351	-0.30725095	12.81555974	-0.10651466
-0.28956891	12.91219628	-0.10968074	-0.29070650	12.91105321	-0.11038259
0.01378196	12.83658804	-0.62664833	0.01317874	12.83591736	-0.62708074
0.01847888	12.90217769	-0.61416059	0.01777314	12.90151305	-0.61458995
-0.06299967	12.91114408	-0.58706399	-0.06373613	12.91034014	-0.58756482
-0.06989645	12.84619557	-0.59099001	-0.07052693	12.84537767	-0.59149123
-0.15476561	12.91700034	-0.60464381	-0.15548962	12.91602906	-0.60522347
-0.16331255	12.85604608	-0.60343690	-0.16393633	12.85505762	-0.60401534
-0.04214103	12.40661983	-0.12597491	-0.04248567	12.40588107	-0.12639680
-0.18742259	12.62083119	-0.09820135	-0.18810135	12.61986693	-0.09876954
-0.03037291	12.53208210	-0.09572780	-0.03092679	12.53136730	-0.09615783
-0.33853217	12.61059881	-0.13783891	-0.33914774	12.60937150	-0.13853569
-0.32672200	12.69856771	-0.11770304	-0.32750138	12.69736425	-0.11840282
0.00535355	12.76999218	-0.63832420	0.00485808	12.76930690	-0.63876360
-0.08796516	12.77948036	-0.58812445	-0.08848865	12.77862639	-0.58863395
-0.10544655	12.75222313	-0.56812154	-0.10593307	12.75133700	-0.56863978
-0.18623855	12.79316185	-0.59144763	-0.18676322	12.79213040	-0.59203417
-0.40232806	12.98346829	-0.18317118	-0.40352797	12.98211526	-0.18398373
-0.39522768	13.03376746	-0.22894378	-0.39647410	13.03241769	-0.22975751
-0.51162110	12.97457916	-0.24024352	-0.51276527	12.97301941	-0.24115715
-0.49247171	13.01569875	-0.28118944	-0.49365031	13.01416668	-0.28209084
-0.47077929	13.04933252	-0.33139470	-0.47197105	13.04783131	-0.33228056
-0.38573143	13.07096190	-0.28810193	-0.38698970	13.06961982	-0.28891062
-0.27901367	13.02094389	-0.59935553	-0.27991827	13.01974945	-0.60005924
-0.26365195	12.97597075	-0.62416634	-0.26445578	12.97480013	-0.62485020
-0.30017345	13.05704217	-0.55907681	-0.30117634	13.05581499	-0.55980454
-0.39457918	13.04674910	-0.56806528	-0.39556057	13.04534538	-0.56888132
-0.37888198	13.01574703	-0.61281430	-0.37976826	13.01436505	-0.61361139
-0.36839858	12.97756401	-0.64654860	-0.36918339	12.97619602	-0.64732975
-0.26402031	12.92743149	-0.63992905	-0.26472507	12.92625717	-0.64060644
-0.37505369	12.93851308	-0.67130017	-0.37574489	12.93712682	-0.67208021
-0.38909447	12.90094571	-0.68542297	-0.38970005	12.89952902	-0.68620878
-0.27582578	12.87772005	-0.64445571	-0.27643710	12.87652146	-0.64513518
-0.55402122	12.86812309	-0.19975408	-0.55501392	12.86649056	-0.20069249
-0.57167088	12.74578715	-0.20535806	-0.57243937	12.74411724	-0.20629858
-0.64822313	12.78120567	-0.26320117	-0.64899772	12.77938009	-0.26421920
-0.63193395	12.87752233	-0.26234736	-0.63288691	12.87573009	-0.26336094
-0.57765352	12.64096243	-0.22265766	-0.57821361	12.63927635	-0.22359659
-0.65392540	12.69847360	-0.27510596	-0.65453214	12.69663163	-0.27612737
-0.70338735	12.76741062	-0.34544024	-0.70405194	12.76546257	-0.34650917
-0.69810291	12.81982123	-0.33961668	-0.69887400	12.81788656	-0.34068564
-0.68325706	12.88320683	-0.34114937	-0.68414626	12.88130164	-0.34221316
-0.46814869	12.63286054	-0.17428159	-0.46875321	12.63138778	-0.17510830
-0.45895664	12.72925751	-0.15525112	-0.45974875	12.72780832	-0.15607907
-0.43917951	12.84897527	-0.14682959	-0.44018566	12.84756372	-0.14765571
-0.48522948	12.91505092	-0.69679804	-0.48584773	12.91343470	-0.69767452
-0.49164603	12.88793731	-0.70739628	-0.49219952	12.88630289	-0.70827163
-0.40065392	12.86744791	-0.68728604	-0.40119390	12.86600729	-0.68807542
-0.57201586	12.91877632	-0.67722054	-0.57265627	12.91698838	-0.67817959
-0.57626579	12.89199466	-0.69200520	-0.57683815	12.89019130	-0.69296072
-0.41121278	12.85047703	-0.67692386	-0.41173121	12.84901837	-0.67771844
-0.29467462	12.82920458	-0.63666464	-0.29520681	12.82797094	-0.63735129
0.88830861	12.89373849	-0.90002797	0.88783106	12.89414727	-0.89984822
0.78656196	12.95888157	-0.88734241	0.78600839	12.95919705	-0.88722282
0.90341284	12.90870213	-0.81123175	0.90285835	12.90913396	-0.81104120
0.80630095	12.97950454	-0.78272507	0.80565358	12.97984748	-0.78258821
0.69369794	13.03293712	-0.74308588	0.69294362	13.03316160	-0.74302283
0.66592609	13.00802961	-0.87224643	0.66529918	13.00822895	-0.87219989
0.90354567	12.90519135	-0.71930348	0.90293987	12.90563181	-0.71910734
0.82229807	12.97140207	-0.67604741	0.82158200	12.97176600	-0.67589972
0.72558037	13.02208940	-0.61555462	0.72475058	13.02235064	-0.61547177
0.99549977	12.68193626	-0.98148298	0.99529009	12.68244445	-0.98124033
0.95457467	12.80296767	-0.93720036	0.95421531	12.80343902	-0.93698256
1.01719655	12.68318061	-0.86985155	1.01692086	12.68371717	-0.86959079
0.97305367	12.81303462	-0.84021975	0.97262370	12.81353260	-0.83998542
1.00720529	12.68229692	-0.75667212	1.00686075	12.68282649	-0.75641414
0.96596445	12.81273277	-0.74093629	0.96547213	12.81322889	-0.74070329
0.54327629	13.05072490	-0.82918326	0.54254500	13.05078581	-0.82922602
0.57839180	13.07743894	-0.68002744	0.57752752	13.07753245	-0.68004513
0.45296030	13.11363438	-0.59885312	0.45197784	13.11357553	-0.59895977
0.41748418	13.08587442	-0.75137509	0.41664680	13.08577878	-0.75150834
0.61746891	13.06762527	-0.54143566	0.61651618	13.06776551	-0.54142869
0.49072670	13.10590144	-0.46027424	0.48964977	13.10589241	-0.46035837
-0.40373917	13.06418193	-0.51025599	-0.40480078	13.06277187	-0.51108265
-0.48677518	13.04436180	-0.52313610	-0.48779481	13.04278908	-0.52403952
-0.46643127	13.03324517	-0.56538052	-0.46739384	13.03170267	-0.56626252
-0.41624699	13.07015412	-0.44730187	-0.41737444	13.06873205	-0.44814042
-0.50920816	13.04593011	-0.47873463	-0.51026978	13.04432459	-0.47965945
-0.59291799	13.01809117	-0.50814098	-0.59390638	13.01631848	-0.50914278
-0.55517046	13.02069143	-0.54053701	-0.55613423	13.01898290	-0.54150322
-0.51730955	13.01968676	-0.56658799	-0.51824826	13.01804583	-0.56751797
-0.44200099	13.06638142	-0.38722060	-0.44317243	13.06492276	-0.38808214
-0.52321875	13.04154798	-0.42744353	-0.52431742	13.03992751	-0.42838025
-0.53813920	13.02683312	-0.37659573	-0.53925574	13.02519532	-0.37754383
-0.58319780	13.00901991	-0.40904448	-0.58425718	13.00729128	-0.41003399
-0.59493633	13.01389836	-0.45767624	-0.59596076	13.01213506	-0.45867852
-0.03956164	13.12099885	-0.44366697	-0.04074228	13.12023379	-0.44416254
-0.13080552	13.10672763	-0.45664437	-0.13196428	13.10581276	-0.45722240
-0.04998070	13.14255709	-0.34843759	-0.05127273	13.14177678	-0.34894829
-0.15255453	13.12421528	-0.37027180	-0.15381243	13.12326988	-0.37087225
-0.25302526	13.10503614	-0.40181442	-0.25423741	13.10391278	-0.40250481
-0.22629564	13.09188117	-0.48004493	-0.22741931	13.09079514	-0.48070787
-0.05112562	13.14455259	-0.26128359	-0.05249163	13.14377626	-0.26180005
-0.16446901	13.12757941	-0.28653189	-0.16580211	13.12662083	-0.28714578
-0.27334975	13.10711654	-0.32237371	-0.27463153	13.10596702	-0.32308448
1.00132030	11.98530367	-1.05409369	1.00190208	11.98582193	-1.05386242
1.02082086	12.13064095	-1.05194139	1.02124092	12.13117774	-1.05167704
1.00326708	11.94053199	-0.94886114	1.00381191	11.94103875	-0.94864393
1.02616464	12.08767271	-0.93765433	1.02654975	12.08820568	-0.93739183
1.04068860	12.30578152	-0.92213099	1.04083813	12.30633335	-0.92184872
1.02997811	12.33996038	-1.03827982	1.03015952	12.34050221	-1.03800733
0.98321334	11.92353351	-0.83048169	0.98368873	11.92400268	-0.83029050
1.00813006	12.07205912	-0.81454848	1.00844381	12.07255860	-0.81430475
1.02559350	12.29448246	-0.79787392	1.02567577	12.29500824	-0.79759754
1.02137519	12.52574901	-1.01446154	1.02134606	12.52628138	-1.01419913
1.03903365	12.50883486	-0.89899735	1.03895550	12.50938732	-0.89871904
1.02644618	12.50334684	-0.77783946	1.02630132	12.50388597	-0.77756496
-0.65818586	12.91200667	-0.62516509	-0.65886021	12.91006601	-0.62620805
-0.66440456	12.88208909	-0.63710532	-0.66500810	12.88013146	-0.63814644
-0.71617437	12.90085690	-0.54556236	-0.71690107	12.89882392	-0.54666011
-0.72598721	12.86449422	-0.55156304	-0.72663570	12.86243771	-0.55266117
-0.66580982	12.85866274	-0.63849330	-0.66636558	12.85670109	-0.63952911
-0.71808024	12.89112552	-0.44329679	-0.71888782	12.88912419	-0.44439512
-0.73075910	12.84579798	-0.44423785	-0.73147812	12.84377036	-0.44533982
-0.73308435	12.81005304	-0.44595595	-0.73373083	12.80801868	-0.44705232
-0.31718089	13.07885489	-0.49690314	-0.31827570	13.07760550	-0.49764920
-0.33598750	13.08845298	-0.42464764	-0.33715801	13.08717883	-0.42541177
-0.36238484	13.08748548	-0.35426045	-0.36361548	13.08617521	-0.35504999
-0.61272106	12.93027005	-0.27506643	-0.61375825	12.92851279	-0.27606993
-0.53276537	12.93481217	-0.21224272	-0.53386550	12.93321794	-0.21317073
-0.66630674	12.92370652	-0.35036367	-0.66726312	12.92183227	-0.35141776
-0.64359916	12.95370009	-0.36717591	-0.64459566	12.95186592	-0.36821287
-0.59014744	12.96266825	-0.29934620	-0.59122042	12.96094931	-0.30033360
-0.41842962	12.92778436	-0.15609899	-0.41956016	12.92640826	-0.15691798
-0.47278835	12.94627580	-0.67840232	-0.47348526	12.94469143	-0.67927468
-0.46157826	12.97880039	-0.65019457	-0.46236352	12.97724705	-0.65106227
-0.54577899	12.97644445	-0.63341311	-0.54657370	12.97472643	-0.63436133
-0.56110213	12.94776844	-0.65940005	-0.56181678	12.94601013	-0.66035615
-0.67586703	12.95871442	-0.53381570	-0.67671876	12.95676853	-0.53488774
-0.69969543	12.93082662	-0.54018437	-0.70048634	12.92882958	-0.54127312
-0.64496101	12.94054140	-0.61234982	-0.64570400	12.93863187	-0.61338712
-0.62462379	12.96809650	-0.59449965	-0.62543742	12.96623346	-0.59552293
-0.64435137	12.98844151	-0.52482085	-0.64526809	12.98656104	-0.52586790
-0.59791123	12.99496462	-0.56745220	-0.59880187	12.99316309	-0.56845467
-0.52821545	13.00247649	-0.59408927	-0.52909686	13.00080677	-0.59502647
-0.70119704	12.92461705	-0.44585655	-0.70206647	12.92264844	-0.44694580
-0.67729151	12.95311999	-0.45173848	-0.67821005	12.95119693	-0.45281068
-0.61181714	12.98533736	-0.39146095	-0.61284916	12.98355837	-0.39247331
-0.64407188	12.98378002	-0.46072408	-0.64503883	12.98191905	-0.46176912
-0.56289709	12.99772734	-0.33353659	-0.56400056	12.99605277	-0.33450358
-0.45874937	13.00960953	-0.61013646	-0.45962874	13.00807250	-0.61100752
0.15914224	13.11569360	-0.19161444	0.15778957	13.11524489	-0.19195545
0.12933176	13.15344866	-0.27719733	0.12798781	13.15295009	-0.27756067
0.15733106	13.14189137	-0.29171106	0.15602103	13.14143482	-0.29205014
0.19141139	13.10303771	-0.20292854	0.19009252	13.10263674	-0.20324186
0.10943734	13.15979034	-0.37247375	0.10815972	13.15925777	-0.37284930
0.13584405	13.14898873	-0.38920562	0.13460081	13.14849760	-0.38955698
0.16213621	13.13306264	-0.30167289	0.16084969	13.13261340	-0.30200699
0.19599742	13.09471345	-0.20927946	0.19469758	13.09431909	-0.20958842
0.16860827	13.14090223	-0.30270631	0.16731311	13.14046178	-0.30303593
0.20121354	13.10134627	-0.20413156	0.19990140	13.10095893	-0.20443669
0.15002466	13.14734320	-0.40623953	0.14880139	13.14687303	-0.40657834
0.19401589	13.15401869	-0.43190293	0.19280941	13.15361207	-0.43220535
0.21497982	13.14714303	-0.32030813	0.21369781	13.14676803	-0.32059898
0.24704828	13.10560512	-0.21460650	0.24574400	13.10528139	-0.21487621
0.23754728	12.93112443	-0.07042994	0.23638517	12.93080247	-0.07070057
0.19858286	13.04660830	-0.11654584	0.19727912	13.04622333	-0.11685426
0.23504296	13.03455346	-0.12763482	0.23376978	13.03421991	-0.12791342
0.27739900	12.91864469	-0.08320652	0.27626835	12.91837990	-0.08344551
0.24529357	13.03277436	-0.12803950	0.24402576	13.03245501	-0.12831013
0.28864403	12.91697759	-0.08650549	0.28751971	12.91672788	-0.08673619
0.29053271	13.03222265	-0.13504281	0.28927609	13.03196809	-0.13527810
0.33257492	12.91010361	-0.09205793	0.33146869	12.90991411	-0.09225610
0.36208787	12.72178849	-0.09529460	0.36125643	12.72164526	-0.09545596
0.32175782	12.73463080	-0.09126749	0.32090222	12.73443369	-0.09145897
0.38428463	12.52680934	-0.12509400	0.38375660	12.52670740	-0.12521491
0.34619146	12.55007964	-0.12086380	0.34562442	12.54992410	-0.12101333
0.31031098	12.73659828	-0.08665066	0.30944856	12.73638606	-0.08685026
0.33390864	12.55263724	-0.11607439	0.33333346	12.55246534	-0.11623218
0.28783426	12.56548451	-0.09848182	0.28722662	12.56524752	-0.09867488
0.26783062	12.75312676	-0.07107545	0.26693100	12.75285427	-0.07130776
0.25797223	12.77785319	-0.92536845	0.25766716	12.77757679	-0.92560433
0.24384046	12.84812622	-0.90186008	0.24337928	12.84782873	-0.90213330
0.22356507	12.85431964	-0.84233425	0.22304608	12.85400026	-0.84261472
0.23740961	12.79330040	-0.86547514	0.23701727	12.79299364	-0.86573755
0.22527979	12.92119685	-0.85106627	0.22466448	12.92089518	-0.85134281
0.20603556	12.91908351	-0.79499286	0.20539997	12.91874147	-0.79527722
0.21274888	12.91480610	-0.77710292	0.21211081	12.91446809	-0.77738301
0.23791522	12.79960795	-0.84450924	0.23750010	12.79930782	-0.84476938
0.20741605	12.85436434	-0.82761324	0.20689146	12.85401372	-0.82790242
0.21507358	12.79687512	-0.85012900	0.21466992	12.79653432	-0.85040669
0.19516616	12.91823589	-0.78521238	0.19452851	12.91787030	-0.78550539
0.15441815	12.92947563	-0.77072428	0.15375867	12.92904437	-0.77104626
0.16401636	12.86191923	-0.80907743	0.16347749	12.86150008	-0.80939327
0.16839524	12.79809960	-0.83002392	0.16797553	12.79768413	-0.83033839
0.26668461	12.70737818	-0.94883678	0.26652970	12.70709792	-0.94902289
0.24822542	12.73207107	-0.88881598	0.24796494	12.73177901	-0.88905386
0.24869850	12.74812483	-0.86658699	0.24838745	12.74783732	-0.86683171
0.26838228	12.71209277	-0.87896546	0.26814981	12.71183863	-0.87917743
0.22642064	12.73919021	-0.87652861	0.22613522	12.73886411	-0.87679352
0.17761178	12.73039861	-0.85920627	0.17732671	12.72999483	-0.85951350
0.27768009	12.32545810	-0.16532846	0.27748491	12.32521311	-0.16547601
0.29270530	12.42250586	-0.13190937	0.29232775	12.42228693	-0.13206610
0.34075034	12.42191149	-0.14772632	0.34038954	12.42176911	-0.14784632
0.32820248	12.35195027	-0.17991425	0.32797611	12.35179292	-0.18001986
0.34452488	12.43455972	-0.15504353	0.34415136	12.43442019	-0.15516442
0.35472882	12.41525407	-0.15261836	0.35438484	12.41513423	-0.15272769
0.34334673	12.34689224	-0.18588603	0.34313860	12.34677309	-0.18596228
0.39287936	12.38291886	-0.16052615	0.39259519	12.38286423	-0.16060174
0.09987201	13.13409607	-0.47772821	0.09871768	13.13354854	-0.47810427
0.13012305	13.12138679	-0.49152010	0.12900230	13.12088653	-0.49187006
0.10505106	13.08170300	-0.58571136	0.10406071	13.08116955	-0.58607484
0.14067149	13.06713887	-0.59613593	0.13971309	13.06666261	-0.59646942
0.14239811	13.11032569	-0.49814847	0.14130093	13.10984491	-0.49848773
0.14806045	13.11685491	-0.49825958	0.14695556	13.11638229	-0.49859442
0.15984583	13.06086238	-0.59217408	0.15889655	13.06041582	-0.59249157
0.18608989	13.06682436	-0.63130935	0.18516587	13.06642161	-0.63160394
0.18356142	13.12332242	-0.53049547	0.18248010	13.12290354	-0.53079858
0.20367847	12.99670692	-0.74940018	0.20292733	12.99635271	-0.74967809
0.18220241	12.99142502	-0.70149142	0.18142488	12.99103145	-0.70178950
0.16776880	12.99415999	-0.70114697	0.16698495	12.99374218	-0.70145708
0.12920488	13.00807157	-0.69007999	0.12839342	13.00759155	-0.69041878
0.37331103	13.09047918	-0.26720020	0.37208844	13.09032741	-0.26737184
0.40969316	13.01094930	-0.18286010	0.40852185	13.01085227	-0.18300589
0.44062873	12.88098559	-0.13600731	0.43960811	12.88093608	-0.13612633
0.29584260	12.98877033	-0.86857006	0.29515888	12.98857695	-0.86880122
0.32332639	12.91022047	-0.95791153	0.32281909	12.91005541	-0.95813337
0.27705026	13.05743629	-0.75574202	0.27622867	13.05719165	-0.75596663
0.11699147	12.95624522	-0.06613472	0.11577779	12.95574800	-0.06650174
0.09331290	13.05987348	-0.11114692	0.09197325	13.05933435	-0.11154053
0.07094030	13.12275826	-0.18149303	0.06955802	13.12217804	-0.18190788
0.07086658	13.02046258	-0.63124536	0.06999707	13.01988352	-0.63163409
0.04899754	13.08559959	-0.55361389	0.04797165	13.08497856	-0.55402616
0.09171167	12.94863927	-0.68531005	0.09098143	12.94810005	-0.68567943
0.45944423	12.68624033	-0.13521229	0.45869705	12.68622284	-0.13530395
0.47400376	12.47734834	-0.16299041	0.47357618	12.47736098	-0.16305394
0.33797542	12.82869275	-1.00875058	0.33767042	12.82853838	-1.00891784
0.34198457	12.75270838	-1.03630969	0.34180637	12.75253430	-1.03643078
0.47931964	12.33984879	-0.20023248	0.47913165	12.33988448	-0.20025427
0.34371093	12.69243768	-1.05382100	0.34365173	12.69226106	-1.05390114
0.14922833	12.46681768	-0.11016112	0.14877174	12.46637470	-0.11044285
0.15148159	12.62307309	-0.08117502	0.15077575	12.62263481	-0.08147736
0.09900977	12.74710992	-0.75461961	0.09861623	12.74658084	-0.75498789
0.09717617	12.81605469	-0.73112457	0.09666340	12.81552439	-0.73149105
0.13847814	12.80216864	-0.06107339	0.13749253	12.80170858	-0.06140778
0.09770011	12.88180944	-0.71334974	0.09708519	12.88128041	-0.71371581
0.30987846	13.14114690	-0.50625351	0.30876858	13.14090523	-0.50646292
0.28530670	13.11190410	-0.63330818	0.28433331	13.11164347	-0.63352838
0.33956889	13.13385137	-0.37977428	0.33837162	13.13364769	-0.37996906
0.04240682	13.15615113	-0.35397935	0.04111096	13.15551506	-0.35441193
0.04024964	13.13201998	-0.45609341	0.03907237	13.13137967	-0.45652171
0.05331289	13.15380316	-0.26248746	0.05194666	13.15318981	-0.26291620
0.88596294	11.97270741	-0.58338342	0.88616190	11.97299217	-0.58331034
0.81676000	12.01719950	-0.47386000	0.81676000	12.01719950	-0.47386000
0.92895585	11.94711139	-0.71091162	0.92930466	11.94750355	-0.71077539
0.91513244	12.01344174	-0.71562077	0.91542131	12.01382712	-0.71547568
0.87705988	12.05890019	-0.62970231	0.87722262	12.05921943	-0.62958411
0.80619340	12.11886006	-0.52706090	0.80623076	12.11905308	-0.52696407
0.96430047	11.94058740	-0.83425501	0.96476159	11.94103954	-0.83407572
0.98484742	11.95707235	-0.94503620	0.98537252	11.95756057	-0.94482940
0.95024746	12.07445555	-0.92863132	0.95063925	12.07490987	-0.92842527
0.93488452	12.04383368	-0.81153898	0.93522350	12.04426156	-0.81136218
0.98441612	11.99927429	-1.03800495	0.98497050	11.99977251	-1.03778393
0.94922241	12.07309631	-1.12519057	0.94975795	12.07355811	-1.12497672
0.92454583	12.13530780	-1.10308067	0.92499515	12.13573918	-1.10287508
0.94809121	12.10915023	-1.02634645	0.94851587	12.10960658	-1.02613086
0.86710602	12.18912643	-1.21716657	0.86756375	12.18948665	-1.21698604
0.74782551	12.33672734	-1.26915090	0.74813394	12.33691794	-1.26902788
0.75048266	12.36536359	-1.19743836	0.75071789	12.36556764	-1.19731866
0.86361741	12.23511564	-1.15457846	0.86398492	12.23547366	-1.15439899
0.60232285	12.48285037	-1.23781190	0.60239956	12.48284956	-1.23781587
0.47092496	12.61236852	-1.15285869	0.47092559	12.61232620	-1.15286531
0.49420000	12.61570000	-1.07906000	0.49420000	12.61570000	-1.07906000
0.61447000	12.50220000	-1.16283000	0.61447000	12.50220000	-1.16283000
0.38281133	12.64477913	-1.05041798	0.38281211	12.64468093	-1.05044833
0.33117852	12.64396583	-0.95842943	0.33115378	12.64379414	-0.95850554
0.37140000	12.64100070	-0.89641000	0.37140000	12.64100070	-0.89641000
0.41679000	12.64250090	-0.98287004	0.41679000	12.64250090	-0.98287004
0.31021789	12.67583793	-0.90063785	0.31007923	12.67564810	-0.90078000
0.30394183	12.70374853	-0.87400146	0.30372026	12.70355873	-0.87417244
0.33145398	12.69309532	-0.81642190	0.33119422	12.69295053	-0.81657128
0.34230426	12.66832155	-0.84331546	0.34210693	12.66821388	-0.84343403
0.29526694	12.69073846	-0.87799495	0.29507184	12.69053375	-0.87817841
0.25137904	12.67951186	-0.84944390	0.25116520	12.67922501	-0.84968339
0.29088285	12.67830423	-0.77954230	0.29060791	12.67808067	-0.77974709
0.33055560	12.68167200	-0.81508796	0.33031409	12.68152546	-0.81524175
0.14217274	12.71274262	-0.72220270	0.14180543	12.71227816	-0.72253738
0.00768224	12.76412738	-0.58252880	0.00716066	12.76344155	-0.58296530
0.01054446	12.80209229	-0.50575720	0.00990860	12.80141354	-0.50618938
0.16506962	12.72880353	-0.64674540	0.16462288	12.72836936	-0.64706001
-0.11041282	12.80491119	-0.52064896	-0.11102499	12.80402536	-0.52117605
-0.21857987	12.83475230	-0.52526825	-0.21922944	12.83367726	-0.52588908
-0.22365628	12.90327069	-0.46507662	-0.22447235	12.90219684	-0.46571460
-0.11409150	12.86448604	-0.45065892	-0.11485884	12.86360300	-0.45119760
-0.32392314	12.85314627	-0.58564486	-0.32454084	12.85187019	-0.58636229
-0.42252076	12.86242532	-0.65381162	-0.42308092	12.86094911	-0.65461883
-0.43992481	12.88990540	-0.60219081	-0.44058441	12.88840775	-0.60301902
-0.33469450	12.90613463	-0.53077298	-0.33545551	12.90485028	-0.53151036
-0.51060698	12.86425962	-0.68228742	-0.51113599	12.86259405	-0.68317370
-0.59033042	12.85948566	-0.67089366	-0.59085723	12.85766034	-0.67185314
-0.58974905	12.86192367	-0.63551370	-0.59031588	12.86011327	-0.63647458
-0.53330393	12.87164464	-0.63417704	-0.53389359	12.86994916	-0.63508749
-0.66455202	12.84990301	-0.61964918	-0.66510829	12.84795014	-0.62068154
-0.71389417	12.83279589	-0.54034996	-0.71448896	12.83076637	-0.54142740
-0.67720593	12.84959876	-0.51195134	-0.67786475	12.84765515	-0.51299774
-0.63961779	12.85954762	-0.58858005	-0.64022363	12.85765500	-0.58959050
-0.71882394	12.80539188	-0.44520906	-0.71946212	12.80338649	-0.44629063
-0.69148266	12.75891395	-0.35533604	-0.69212123	12.75698746	-0.35639264
-0.66994371	12.76589254	-0.36816140	-0.67058318	12.76400565	-0.36919739
-0.68278111	12.81229668	-0.42844724	-0.68345021	12.81036894	-0.42949620
-0.64366458	12.68534662	-0.29193143	-0.64422856	12.68352248	-0.29294273
-0.56922888	12.62620666	-0.24293293	-0.56973955	12.62453392	-0.24386328
-0.55261984	12.68578988	-0.27418251	-0.55320815	12.68414471	-0.27509984
-0.62929374	12.72780302	-0.32439427	-0.62990605	12.72600347	-0.32539003
-0.46235869	12.62335427	-0.19509403	-0.46292442	12.62188843	-0.19591459
-0.33494940	12.60522897	-0.15846888	-0.33553908	12.60400443	-0.15916271
-0.31807175	12.65922687	-0.18728523	-0.31872283	12.65802710	-0.18797323
-0.44444642	12.68116483	-0.22491831	-0.44508614	12.67972969	-0.22572694
-0.19602757	12.50371961	-0.14394036	-0.19649214	12.50273608	-0.14449970
-0.04472337	12.39118464	-0.14972313	-0.04502627	12.39043827	-0.15014492
-0.04354745	12.46082563	-0.18099647	-0.04392975	12.46007802	-0.18142849
-0.18558368	12.56659051	-0.17283106	-0.18611878	12.56561866	-0.17339264
0.11805143	12.33433055	-0.16845314	0.11784409	12.33382899	-0.16873875
0.24731129	12.31865767	-0.19231772	0.24714740	12.31835846	-0.19249053
0.22592323	12.37763977	-0.24487567	0.22570241	12.37729586	-0.24508097
0.10724930	12.40126303	-0.21017192	0.10697133	12.40074092	-0.21047658
0.29688278	12.35393707	-0.21308843	0.29667795	12.35371894	-0.21322382
0.28074853	12.43702220	-0.28320625	0.28045406	12.43675962	-0.28338161
0.27322713	12.40910940	-0.26923920	0.27296897	12.40883698	-0.26941359
0.30915160	12.34427454	-0.22517952	0.30895864	12.34408893	-0.22528674
0.34620000	12.27620000	-0.23202000	0.34620000	12.27620000	-0.23202000
0.31573690	12.33071651	-0.29282562	0.31558943	12.33051421	-0.29293813
0.28091567	12.39522975	-0.28393324	0.28067369	12.39496692	-0.28409220
0.44425997	12.21770000	-0.27141000	0.44425997	12.21770000	-0.27141000
0.57587000	12.16340070	-0.32883000	0.57587000	12.16340070	-0.32883000
0.56755939	12.24446951	-0.38319968	0.56749846	12.24451089	-0.38319262
0.42526490	12.28582467	-0.32905231	0.42518429	12.28576454	-0.32909724
0.70622003	12.08180000	-0.39380000	0.70622003	12.08180000	-0.39380000
0.69883399	12.18436950	-0.44705964	0.69880928	12.18449381	-0.44701348
0.76518911	12.39908379	-1.04653799	0.76531365	12.39934471	-1.04641806
0.87040447	12.25254679	-1.04414171	0.87068638	12.25292082	-1.04396204
0.78273770	12.38342835	-0.85821513	0.78277545	12.38371584	-0.85808352
0.87827151	12.23161738	-0.90372638	0.87848823	12.23200193	-0.90354903
0.79505024	12.26891287	-0.67058738	0.79507567	12.26919137	-0.67046142
0.87750839	12.15774104	-0.75183238	0.87769407	12.15811025	-0.75167184
0.53018691	12.61044425	-0.90356909	0.53006608	12.61051177	-0.90357125
0.64589865	12.52558663	-0.99015035	0.64587342	12.52572055	-0.99010381
0.55931924	12.54119621	-0.69257083	0.55910754	12.54126381	-0.69258079
0.67462540	12.48329501	-0.78071786	0.67452045	12.48347839	-0.78065236
0.56649633	12.38884426	-0.51190868	0.56634657	12.38890107	-0.51191213
0.68963650	12.34467465	-0.58854602	0.68955119	12.34484939	-0.58847928
-0.23483039	12.89833163	-0.38032333	-0.23571284	12.89724822	-0.38097129
-0.12813384	12.85742295	-0.36393732	-0.12896169	12.85652200	-0.36448862
-0.25562003	12.84007652	-0.29384077	-0.25648150	12.83896940	-0.29450038
-0.14794653	12.79267817	-0.27981589	-0.14874525	12.79175488	-0.28037683
-0.02901607	12.72765941	-0.31444312	-0.02969060	12.72692384	-0.31489964
-0.00663554	12.79407042	-0.41001394	-0.00733566	12.79336917	-0.41045795
-0.28779850	12.74904898	-0.23113522	-0.28856081	12.74789558	-0.23181016
-0.16858418	12.67887334	-0.21752829	-0.16925502	12.67792345	-0.21809228
-0.03972123	12.59538587	-0.23741476	-0.04026003	12.59463978	-0.23786357
-0.57004561	12.89122542	-0.55321736	-0.57074856	12.88948282	-0.55416815
-0.60436983	12.88422300	-0.46165072	-0.60514589	12.88244079	-0.46263536
-0.50274967	12.90637240	-0.40002361	-0.50362629	12.90480009	-0.40091673
-0.46929219	12.91983569	-0.50543417	-0.47009676	12.91830369	-0.50629703
-0.61976420	12.81176929	-0.38263155	-0.62047823	12.80997733	-0.38362192
-0.53079398	12.80374712	-0.32376736	-0.53155177	12.80213652	-0.32467372
-0.35347185	12.92074894	-0.43711908	-0.35434232	12.91944567	-0.43787706
-0.38009110	12.88490124	-0.33858957	-0.38098783	12.88356687	-0.33936676
-0.41402098	12.78669012	-0.27004213	-0.41480597	12.78530410	-0.27083625
0.28498738	12.63632279	-0.65569075	0.28466190	12.63605673	-0.65590803
0.32714388	12.63404390	-0.67880048	0.32683930	12.63384373	-0.67898576
0.25883754	12.56875204	-0.50572757	0.25850660	12.56843911	-0.50595349
0.30529516	12.56885565	-0.51534336	0.30496966	12.56861142	-0.51553562
0.30887465	12.58694687	-0.49976134	0.30851062	12.58670727	-0.49995056
0.32764456	12.64833328	-0.67038780	0.32731053	12.64813176	-0.67056939
0.33544359	12.63090099	-0.69288274	0.33514156	12.63070997	-0.69305802
0.31176370	12.57275318	-0.51449262	0.31142596	12.57251762	-0.51467820
0.34493048	12.55365889	-0.55476177	0.34463921	12.55346647	-0.55492453
0.36608469	12.61289533	-0.74281715	0.36584030	12.61274339	-0.74296308
0.32131024	12.43833353	-0.40207478	0.32106874	12.43811106	-0.40222793
0.28768179	12.48464293	-0.37938310	0.28737262	12.48437995	-0.37956787
0.28180353	12.48871309	-0.37460573	0.28149523	12.48844212	-0.37479671
0.23456926	12.47339392	-0.35867416	0.23427517	12.47305181	-0.35889687
0.43875567	12.55435371	-0.61566958	0.43849129	12.55428456	-0.61576543
0.43393622	12.62216773	-0.81672672	0.43375547	12.62212543	-0.81679218
0.42890919	12.41201690	-0.44803096	0.42871951	12.41193238	-0.44811084
0.12732153	12.63393154	-0.41500663	0.12684737	12.63343154	-0.41533553
0.15294238	12.70477861	-0.53751740	0.15245428	12.70431554	-0.53783613
0.11057121	12.51662261	-0.29899766	0.11018506	12.51609795	-0.29932076
0.14243498	13.13958976	-0.40137729	0.14121750	13.13910891	-0.40172199
0.23860079	13.02830682	-0.13472605	0.23734355	13.02797795	-0.13500144
0.27998809	12.91527462	-0.09254905	0.27887027	12.91501284	-0.09278594
0.31292890	12.73591971	-0.09711038	0.31207571	12.73571011	-0.09730745
0.33711146	12.55695954	-0.12593989	0.33653754	12.55679021	-0.12609666
0.22759321	12.85386109	-0.82124046	0.22706244	12.85354725	-0.82151678
0.33321273	12.37414082	-0.18727084	0.33295625	12.37399114	-0.18737675
0.15817835	13.05561945	-0.59496844	0.15723785	13.05517073	-0.59528772
0.18575342	12.98629215	-0.69483761	0.18497801	12.98590198	-0.69513429
0.90015969	11.96755829	-0.56979141	0.90035050	11.96784873	-0.56970936
0.82689768	12.01987864	-0.45666965	0.82688149	12.01988328	-0.45666821
0.94652860	11.93309290	-0.70211732	0.94688347	11.93349805	-0.70197066
0.75148174	12.33537621	-1.28462162	0.75180098	12.33557008	-1.28449638
0.46117301	12.61792720	-1.16660461	0.46117101	12.61787714	-1.16661606
0.35313010	12.65418059	-1.05958682	0.35311742	12.65402842	-1.05964218
0.28582118	12.65638109	-0.96297930	0.28577180	12.65612871	-0.96311097
0.26855748	12.68699196	-0.90323972	0.26839657	12.68672789	-0.90342954
0.25040877	12.69836555	-0.89089097	0.25021919	12.69807564	-0.89112653
0.20187499	12.68299914	-0.87330697	0.20167929	12.68263327	-0.87359244
0.11136547	12.70315439	-0.75950686	0.11104590	12.70264177	-0.75986569
0.00082534	12.73495016	-0.62997655	0.00037890	12.73425524	-0.63042016
-0.20938318	12.77167081	-0.56606601	-0.20989109	12.77060228	-0.56666652
-0.31317175	12.81119796	-0.61667992	-0.31369014	12.80993437	-0.61737865
-0.49801914	12.86954143	-0.70447270	-0.49853770	12.86789358	-0.70534879
-0.58032604	12.87102781	-0.69336129	-0.58085421	12.86921483	-0.69431416
-0.72622026	12.83689798	-0.55190739	-0.72681128	12.83483873	-0.55299822
-0.19853911	12.51342801	-0.12193662	-0.19903537	12.51244369	-0.12249892
0.13522854	12.35048996	-0.14366933	0.13497603	12.35001918	-0.14394338
0.30390539	12.38178316	-0.22567900	0.30366085	12.38157487	-0.22581475
0.38168389	12.29442608	-0.19547498	0.38161602	12.29440988	-0.19547278
0.46828226	12.23815910	-0.23912882	0.46824836	12.23817362	-0.23912444
0.71386794	12.09248557	-0.37192962	0.71385662	12.09250897	-0.37193055
0.28790306	12.51196097	-0.37272672	0.28755714	12.51169977	-0.37291708
0.57182816	12.78113888	-0.54325609	0.57123862	12.78123174	-0.54327298
0.28822924	12.98661599	-0.53569242	0.28735000	12.98635129	-0.53591768
0.01530395	12.98717897	-0.26971323	0.01419928	12.98651291	-0.27015935
0.08231123	13.07106190	-0.31452846	0.08111930	13.07049349	-0.31492388
0.30355485	12.86676027	-0.29916121	0.30266646	12.86652464	-0.29937281
0.01381116	12.95935266	-0.42816197	0.01287545	12.95867997	-0.42860266
0.10554154	13.03911713	-0.42382970	0.10448845	13.03858242	-0.42419980
0.35419653	12.82273683	-0.69864169	0.35364133	12.82259611	-0.69881930
0.13857264	13.02394525	-0.18552525	0.13735352	13.02346933	-0.18587667
0.20903544	12.81004157	-0.79986781	0.20857036	12.80969222	-0.80015154
0.31828190	12.75638959	-0.53575066	0.31771203	12.75616653	-0.53594980
0.31314674	12.88557895	-0.84867745	0.31255686	12.88542009	-0.84891091
0.38765944	12.43591411	-0.24798033	0.38734344	12.43581343	-0.24808767
0.22723728	13.04299792	-0.45229127	0.22621051	13.04264384	-0.45256448
0.46786212	12.68617408	-0.67004831	0.46747442	12.68615422	-0.67012331
0.68979973	12.75499979	-0.77228704	0.68941229	12.75522639	-0.77221378
0.30978422	12.93843366	-0.20492685	0.30872279	12.93820598	-0.20514000
-0.44373754	12.89363363	-0.25367671	-0.44472507	12.89219741	-0.25451327
0.13371888	13.07621035	-0.25499108	0.13247635	13.07572266	-0.25534743
0.30888009	12.94431032	-0.69351800	0.30816212	12.94409780	-0.69372893
-0.53056468	12.89169726	-0.29432178	-0.53151239	12.89009272	-0.29524019
0.21031911	13.02765971	-0.33407747	0.20921929	13.02728424	-0.33436689
0.28271095	12.45729740	-0.20463073	0.28233468	12.45704870	-0.20480622
0.10014141	13.09253999	-0.37651866	0.09896858	13.09199654	-0.37689817
0.19225737	13.07271626	-0.49478533	0.19121818	13.07231133	-0.49508411
0.24431505	12.60957360	-0.24951553	0.24375261	12.60925621	-0.24974890
0.15280345	12.93191923	-0.51470599	0.15198163	12.93145732	-0.51503222
0.26282282	12.88799612	-0.83829097	0.26223740	12.88774885	-0.83854890
0.27182537	12.83719739	-0.84100391	0.27133099	12.83695906	-0.84124729
0.21460352	13.01769921	-0.55037120	0.21368806	13.01732961	-0.55064962
0.36143986	12.79902103	-0.20202245	0.36058009	12.79886671	-0.20218988
0.48928442	12.59369357	-0.43523093	0.48886271	12.59368800	-0.43529640
0.29779809	12.75766461	-0.89209739	0.29749747	12.75746839	-0.89228926
0.14627162	12.95881130	-0.65017319	0.14550531	12.95835447	-0.65050302
0.38617215	12.37602590	-0.22433049	0.38593973	12.37595274	-0.22441326
0.35097486	12.48269238	-0.31558268	0.35063217	12.48252442	-0.31572406
0.17910496	12.86428294	-0.19242433	0.17813374	12.86386849	-0.19273222
0.38405712	12.72971602	-0.91233235	0.38383315	12.72966082	-0.91242739
0.28692506	12.79010002	-0.85431221	0.28652712	12.78988519	-0.85452979
0.12560142	13.10835799	-0.28741345	0.12433530	13.10785501	-0.28777697
0.40450448	12.60702005	-0.25051613	0.40394289	12.60692316	-0.25063749
0.20273380	12.85511367	-0.77672717	0.20218608	12.85475478	-0.77701639
0.42124282	12.71398445	-0.82926808	0.42096267	12.71395293	-0.82934708
0.81981993	12.75271926	-0.86625479	0.81947745	12.75305794	-0.86611429
0.55853769	12.79464462	-0.92847200	0.55822274	12.79475925	-0.92848339
0.32880887	12.68499162	-0.20304923	0.32810732	12.68479446	-0.20322927
0.23723081	12.75999174	-0.18644598	0.23640785	12.75966595	-0.18669998
