0.85053537	12.73679297	-0.41991595	0.85017951	12.73696907	-0.41970206
0.82155156	12.87497601	-0.44840595	0.82104565	12.87513775	-0.44812679
0.89771416	12.83381410	-0.54675781	0.89726343	12.83407803	-0.54649614
0.92974663	12.70063754	-0.53233987	0.92943148	12.70092031	-0.53213178
0.77897227	12.96586832	-0.50858538	0.77836711	12.96601584	-0.50825773
0.85913276	12.91990269	-0.58957346	0.85859776	12.92014987	-0.58927096
0.90846104	12.87708864	-0.64996754	0.90798163	12.87740350	-0.64968538
0.94685858	12.80722186	-0.64434707	0.94644999	12.80756506	-0.64409463
0.98087265	12.67814548	-0.64548316	0.98058852	12.67850624	-0.64527466
0.71684909	12.76674367	-1.16380265	0.71661442	12.76699809	-1.16362098
0.83917369	12.71624153	-1.14206502	0.83895980	12.71659521	-1.14187423
0.80763282	12.82270041	-1.07317435	0.80730386	12.82302586	-1.07294073
0.68546827	12.86891323	-1.08987998	0.68511047	12.86914857	-1.08964793
0.94034188	12.68251646	-1.07930237	0.94014012	12.68294742	-1.07910237
0.90720154	12.79357377	-1.02052620	0.90687901	12.79397401	-1.02029017
0.86756667	12.86202264	-0.96984608	0.86716451	12.86238619	-0.96958430
0.78874709	12.90285859	-0.98515826	0.78831796	12.90316268	-0.98488390
0.66677775	12.94876759	-0.99053813	0.66630875	12.94897761	-0.99025192
0.59570171	12.83376220	-0.20766719	0.59524024	12.83356105	-0.20738568
0.57720147	12.97075616	-0.25515569	0.57656315	12.97054637	-0.25478051
0.71127163	12.92325307	-0.34808920	0.71070142	12.92325483	-0.34777651
0.73293831	12.78386197	-0.30784411	0.73253489	12.78386968	-0.30760522
0.54649794	13.05719313	-0.33944784	0.54574579	13.05699051	-0.33900816
0.67495875	13.01365977	-0.42374885	0.67427551	13.01365652	-0.42337575
0.46712066	12.88172088	-1.06316549	0.46675952	12.88177898	-1.06294097
0.59342070	12.82754505	-1.13603626	0.59312533	12.82770636	-1.13583882
0.56260549	12.91990726	-1.06349799	0.56219567	12.92004560	-1.06324486
0.43849995	12.96415114	-0.98839562	0.43801824	12.96416487	-0.98810516
0.54231009	12.99442819	-0.96172568	0.54178214	12.99452237	-0.96140903
0.41757013	13.03346149	-0.88558909	0.41697021	13.03342275	-0.88523449
-0.01472370	12.98700599	-0.06513354	-0.01543694	12.98559758	-0.06446786
-0.14321827	12.99852648	-0.08708529	-0.14398521	12.99693343	-0.08636500
-0.14581272	13.07201972	-0.13338401	-0.14668085	13.07047484	-0.13250063
-0.02095472	13.07435122	-0.10881965	-0.02178375	13.07296720	-0.10798816
-0.26201675	13.00011044	-0.12343421	-0.26280405	12.99842542	-0.12271652
-0.26301733	13.06165543	-0.17165797	-0.26387138	13.06004700	-0.17080780
-0.26427897	13.10307975	-0.23703962	-0.26517129	13.10159505	-0.23609465
-0.14789517	13.11908363	-0.19938131	-0.14883988	13.11763307	-0.19838428
-0.02606391	13.12848929	-0.17444414	-0.02699676	13.12718225	-0.17346636
0.03041510	12.97456279	-0.58976351	0.02974480	12.97402971	-0.58920464
0.01525148	13.03689748	-0.56402952	0.01448195	13.03630995	-0.56334063
-0.06564255	13.03882894	-0.55338647	-0.06640023	13.03815645	-0.55262208
-0.05138837	12.98267102	-0.56921102	-0.05207362	12.98204380	-0.56857976
-0.00443495	13.09074817	-0.51633857	-0.00529644	13.09005376	-0.51547023
-0.08728705	13.08497956	-0.51751476	-0.08811563	13.08420392	-0.51663733
-0.18064009	13.07786956	-0.53377830	-0.18140820	13.07708588	-0.53291677
-0.15797185	13.03699315	-0.56980454	-0.15869319	13.03630219	-0.56903662
-0.14326054	12.98583371	-0.58738624	-0.14394067	12.98517721	-0.58672582
0.98742946	12.28908958	-0.67182048	0.98747598	12.28941696	-0.67171248
0.96659752	12.07013041	-0.68787234	0.96679027	12.07042699	-0.68780208
0.91396192	12.09681970	-0.55257462	0.91406005	12.09699779	-0.55252433
0.92880114	12.30366894	-0.53671490	0.92881799	12.30389175	-0.53663287
0.83600337	12.14661706	-0.43134038	0.83605833	12.14667686	-0.43131777
0.84337788	12.32874955	-0.41137773	0.84338128	12.32886711	-0.41131741
0.97953307	12.38054115	-1.14132528	0.97961572	12.38098145	-1.14118615
0.88461263	12.44108138	-1.21034412	0.88466971	12.44145316	-1.21021588
0.88010214	12.28157287	-1.23528269	0.88029169	12.28192824	-1.23518146
0.97216834	12.18921563	-1.15677232	0.97239452	12.18962707	-1.15666389
0.75735252	12.51721510	-1.23918430	0.75734401	12.51744741	-1.23908609
0.75367427	12.39702363	-1.27067726	0.75379766	12.39725735	-1.27060330
0.86794615	12.17685383	-1.24320219	0.86820250	12.17718981	-1.24311497
0.95334653	12.05458315	-1.15496424	0.95364279	12.05496342	-1.15487573
0.99335285	12.49813245	-0.65695201	0.99323383	12.49848688	-0.65679832
0.93672573	12.51401951	-0.53049870	0.93658649	12.51428665	-0.53035817
0.85251600	12.54238364	-0.40852080	0.85235938	12.54254562	-0.40839117
0.86792994	12.58756424	-1.18344504	0.86783748	12.58792870	-1.18329316
0.96701832	12.54494769	-1.11760751	0.96694889	12.54539595	-1.11743652
0.74268536	12.64503323	-1.20840530	0.74255655	12.64528061	-1.20826082
0.60009301	12.41976092	-0.22563114	0.60008695	12.41965325	-0.22557313
0.60015793	12.63443566	-0.20292723	0.59992461	12.63426772	-0.20277017
0.73356197	12.58489035	-0.29729196	0.73337611	12.58490278	-0.29715884
0.72736843	12.37071156	-0.30840949	0.72736629	12.37071757	-0.30836015
0.46870466	12.70502295	-1.15058284	0.46859799	12.70506982	-1.15050852
0.61202084	12.61513047	-1.21931317	0.61196865	12.61520805	-1.21925441
0.60867856	12.71941538	-1.18569105	0.60853610	12.71955712	-1.18558312
0.47364516	12.78892214	-1.11676452	0.47342327	12.78897761	-1.11662316
0.58654923	12.17475120	-0.30179870	0.58656531	12.17472989	-0.30179475
0.59731946	12.28054900	-0.26250934	0.59738039	12.28048105	-0.26249069
0.72338278	12.21603603	-0.33773836	0.72343955	12.21603297	-0.33772363
0.60079041	12.48698987	-1.25184679	0.60082853	12.48703417	-1.25185342
0.60688471	12.53441073	-1.24354874	0.60688784	12.53447018	-1.24353648
0.46267000	12.64929718	-1.16631858	0.46261668	12.64932317	-1.16627177
-0.00593327	12.70941241	-0.06493762	-0.00630021	12.70812591	-0.06471371
-0.15478877	12.77759644	-0.07212443	-0.15528837	12.77603706	-0.07183402
-0.14507170	12.90032239	-0.06917186	-0.14571524	12.89872582	-0.06864375
-0.00662864	12.86368023	-0.05379728	-0.00718744	12.86231375	-0.05333858
-0.29088606	12.82854560	-0.09665817	-0.29148016	12.82680837	-0.09631538
-0.27241053	12.92364075	-0.10016558	-0.27310824	12.92191352	-0.09961757
0.02651306	12.84509713	-0.61920786	0.02601071	12.84458928	-0.61885644
0.03263185	12.91049562	-0.60644417	0.03204541	12.90998478	-0.60600177
-0.04845370	12.92088964	-0.57876464	-0.04906731	12.92028029	-0.57826251
-0.05666090	12.85608426	-0.58296598	-0.05719888	12.85547105	-0.58257443
-0.14005283	12.92855453	-0.59579796	-0.14067043	12.92791848	-0.59525058
-0.14979182	12.86773513	-0.59483867	-0.15035963	12.86708753	-0.59441555
-0.03463693	12.41383953	-0.12002697	-0.03454073	12.41260807	-0.12010925
-0.17559252	12.63059408	-0.09041972	-0.17588761	12.62908711	-0.09035012
-0.02022325	12.53891874	-0.08932595	-0.02034953	12.53768916	-0.08928832
-0.32714360	12.62330087	-0.12930747	-0.32747408	12.62163627	-0.12930952
-0.31359737	12.71091440	-0.10894445	-0.31406264	12.70920753	-0.10883164
0.01657880	12.77879964	-0.63117077	0.01615215	12.77829422	-0.63090258
-0.07603619	12.78966441	-0.58032257	-0.07651312	12.78903179	-0.58005343
-0.09388159	12.76261174	-0.56033351	-0.09434600	12.76193996	-0.56010462
-0.17386527	12.80520109	-0.58302885	-0.17439424	12.80451870	-0.58275169
-0.38427140	12.99732828	-0.17283979	-0.38504570	12.99562362	-0.17217085
-0.37645443	13.04769800	-0.21837476	-0.37727045	13.04608984	-0.21758201
-0.49400661	12.99071612	-0.22958438	-0.49474107	12.98905451	-0.22894914
-0.47425580	13.03169223	-0.27038713	-0.47500859	13.03013606	-0.26965802
-0.45215607	13.06519311	-0.32049912	-0.45292051	13.06376497	-0.31968474
-0.36653535	13.08502431	-0.27736748	-0.36736893	13.08354747	-0.27648981
-0.26217287	13.03478712	-0.58940435	-0.26284369	13.03409504	-0.58864094
-0.24775547	12.98967122	-0.61452597	-0.24839629	12.98903852	-0.61386253
-0.28248932	13.07104001	-0.54883838	-0.28319905	13.07024391	-0.54799375
-0.37705443	13.06254215	-0.55754830	-0.37772299	13.06175083	-0.55672470
-0.36210838	13.03152530	-0.60254975	-0.36273908	13.03085905	-0.60180178
-0.35241912	12.99336770	-0.63654656	-0.35301608	12.99278949	-0.63588998
-0.24909387	12.94122970	-0.63055415	-0.24970171	12.94062857	-0.62999737
-0.35988167	12.95458088	-0.66149544	-0.36045280	12.95406329	-0.66093089
-0.37460023	12.91736790	-0.67580099	-0.37514338	12.91689144	-0.67533596
-0.26181957	12.89174949	-0.63528212	-0.26239962	12.89116045	-0.63484391
-0.53821251	12.88488114	-0.18950762	-0.53888281	12.88314021	-0.18911118
-0.55811882	12.76294891	-0.19565227	-0.55873272	12.76125661	-0.19550890
-0.63418521	12.79999544	-0.25317110	-0.63483249	12.79844117	-0.25296639
-0.61614559	12.89597196	-0.25186146	-0.61681371	12.89437847	-0.25146178
-0.56611085	12.65835473	-0.21336191	-0.56672916	12.65672570	-0.21338917
-0.64141957	12.71748761	-0.26549166	-0.64209292	12.71600285	-0.26543389
-0.68979635	12.78764374	-0.33538745	-0.69047957	12.78633926	-0.33521766
-0.68355819	12.83987857	-0.32928170	-0.68422604	12.83851821	-0.32902069
-0.66756993	12.90296466	-0.33049513	-0.66823282	12.90157652	-0.33009702
-0.45658625	12.64807801	-0.16528138	-0.45707422	12.64637205	-0.16532780
-0.44551515	12.74417768	-0.14590236	-0.44606543	12.74241707	-0.14578399
-0.42346804	12.86342848	-0.13702724	-0.42411253	12.86164762	-0.13665818
-0.47045588	12.93322730	-0.68680702	-0.47096872	12.93280566	-0.68636240
-0.47735054	12.90629561	-0.69756916	-0.47784188	12.90590619	-0.69721019
-0.38675337	12.88408920	-0.67782557	-0.38728641	12.88361982	-0.67745466
-0.55705271	12.93829082	-0.66692137	-0.55757667	12.93781102	-0.66650484
-0.56182939	12.91170208	-0.68187045	-0.56234165	12.91128312	-0.68154698
-0.39760394	12.86725862	-0.66753159	-0.39814110	12.86676221	-0.66721844
-0.28156349	12.84354376	-0.62767903	-0.28212530	12.84294240	-0.62737330
0.89816089	12.88532324	-0.90115276	0.89771547	12.88569806	-0.90087272
0.79804465	12.95222463	-0.88707768	0.79753275	12.95251447	-0.88676694
0.91457681	12.89968267	-0.81240616	0.91410188	12.90004715	-0.81211508
0.81934066	12.97208520	-0.78254894	0.81878223	12.97236880	-0.78222573
0.70875176	13.02764186	-0.74121277	0.70811392	13.02780692	-0.74085021
0.67912105	13.00350222	-0.87036212	0.67854781	13.00368430	-0.87002188
0.91560280	12.89583628	-0.72051190	0.91511658	12.89617747	-0.72022347
0.83636399	12.96333550	-0.67602450	0.83579643	12.96359429	-0.67570351
0.74170640	13.01579811	-0.61396317	0.74106341	13.01594829	-0.61360630
1.00003418	12.67193532	-0.98456935	0.99981540	12.67240060	-0.98435205
0.96210535	12.79349898	-0.93945513	0.96175888	12.79393451	-0.93920912
1.02306971	12.67240670	-0.87323738	1.02282636	12.67286688	-0.87302079
0.98184408	12.80287074	-0.84265802	0.98147057	12.80329765	-0.84240530
1.01434941	12.67143280	-0.75991044	1.01408876	12.67185008	-0.75969534
0.97586818	12.80240895	-0.74326983	0.97548105	12.80280113	-0.74301577
0.55885265	13.04885222	-0.82519254	0.55821296	13.04890998	-0.82482059
0.59546350	13.07448396	-0.67628802	0.59475171	13.07451895	-0.67588285
0.47140132	13.11296191	-0.59363589	0.47061048	13.11282503	-0.59316318
0.43443777	13.08647335	-0.74562830	0.43371803	13.08638501	-0.74519775
0.63528296	13.06330914	-0.53817482	0.63455623	13.06331963	-0.53777197
0.50994608	13.10387431	-0.45548061	0.50914520	13.10370329	-0.45500828
-0.38564933	13.07980051	-0.49958722	-0.38635865	13.07884602	-0.49872435
-0.46907615	13.06150885	-0.51230127	-0.46974803	13.06057496	-0.51148865
-0.44911612	13.05026714	-0.55468524	-0.44976251	13.04945324	-0.55389767
-0.39778769	13.08563929	-0.43654047	-0.39852564	13.08451355	-0.43567052
-0.49127188	13.06324027	-0.46779880	-0.49195987	13.06218149	-0.46698871
-0.57554831	13.03704048	-0.49709661	-0.57618344	13.03603751	-0.49636787
-0.53792437	13.03914665	-0.52961634	-0.53855618	13.03823845	-0.52887180
-0.50021674	13.03762729	-0.55580666	-0.50084396	13.03680000	-0.55505457
-0.42331941	13.08200540	-0.37635862	-0.42408272	13.08071764	-0.37550071
-0.50511845	13.05883169	-0.41646185	-0.50581763	13.05763180	-0.41566505
-0.52006861	13.04411060	-0.36562687	-0.52078051	13.04278040	-0.36486869
-0.56557866	13.02728188	-0.39803853	-0.56624855	13.02602116	-0.39732537
-0.57741481	13.03261970	-0.44662457	-0.57807118	13.03148251	-0.44590410
-0.02038417	13.12924245	-0.43404648	-0.02137697	13.12830824	-0.43297693
-0.11190811	13.11685344	-0.44680230	-0.11282821	13.11587531	-0.44583404
-0.03011139	13.15015755	-0.33837117	-0.03126422	13.14891940	-0.33712689
-0.13297796	13.13415868	-0.36016333	-0.13399911	13.13293822	-0.35912937
-0.23380363	13.11721489	-0.39145167	-0.23467664	13.11606166	-0.39048732
-0.20767406	13.10402604	-0.46989634	-0.20849331	13.10307216	-0.46896842
-0.03037891	13.15210919	-0.25154913	-0.03139131	13.15091865	-0.25045348
-0.14429110	13.13739337	-0.27634257	-0.14529086	13.13606515	-0.27529144
-0.25369517	13.11924226	-0.31188314	-0.25460247	13.11791624	-0.31090210
0.99108441	11.97552878	-1.05863672	0.99141174	11.97591969	-1.05855626
1.01352613	12.12048053	-1.05664384	1.01377022	12.12090507	-1.05654249
0.99343298	11.93055728	-0.95323769	0.99379618	11.93093670	-0.95317019
1.01937349	12.07721033	-0.94243498	1.01962471	12.07762024	-0.94234635
1.03839886	12.29497074	-0.92689484	1.03849643	12.29541643	-0.92676477
1.02708275	12.32962967	-1.04278575	1.02717828	12.33009228	-1.04264534
0.97471080	11.91399057	-0.83427197	0.97507066	11.91432253	-0.83421785
1.00268688	12.06192962	-0.81901639	1.00292873	12.06229839	-0.81893782
1.02461434	12.28388622	-0.80256611	1.02469566	12.28428783	-0.80244692
1.02244646	12.51544952	-1.01837620	1.02237737	12.51592610	-1.01819897
1.04106617	12.49791172	-0.90322663	1.04098920	12.49837943	-0.90305526
1.02978337	12.49243407	-0.78196102	1.02969079	12.49285714	-0.78179733
-0.64310614	12.93277677	-0.61457097	-0.64364466	12.93216281	-0.61419579
-0.64992682	12.90304279	-0.62664396	-0.65047291	12.90248752	-0.62637424
-0.70089293	12.92214317	-0.53478801	-0.70146873	12.92132114	-0.53443217
-0.71136623	12.88597719	-0.54093686	-0.71195308	12.88519815	-0.54069946
-0.65176587	12.87965480	-0.62815162	-0.65232330	12.87911553	-0.62796182
-0.70258255	12.91197458	-0.43253593	-0.70319801	12.91087282	-0.43217494
-0.71604816	12.86690160	-0.43367987	-0.71668607	12.86584445	-0.43343561
-0.71900445	12.83122247	-0.43558168	-0.71967196	12.83019907	-0.43542255
-0.29881855	13.09280247	-0.48646187	-0.29957082	13.09184772	-0.48556883
-0.31711872	13.10232149	-0.41406006	-0.31792559	13.10117930	-0.41314706
-0.34320705	13.10145775	-0.34355684	-0.34403191	13.10013656	-0.34263878
-0.59603667	12.94841936	-0.26437479	-0.59671832	12.94684024	-0.26385740
-0.51578800	12.95121101	-0.20172560	-0.51650000	12.94948357	-0.20117862
-0.64994735	12.94318874	-0.33955851	-0.65060834	12.94180406	-0.33906661
-0.62677740	12.97284524	-0.35628976	-0.62743656	12.97148865	-0.35572855
-0.57293903	12.98050861	-0.28853857	-0.57362916	12.97898022	-0.28793777
-0.40128330	12.94184084	-0.14599140	-0.40200347	12.94007825	-0.14544649
-0.45742696	12.96412281	-0.66824917	-0.45796507	12.96364610	-0.66770526
-0.44556577	12.99626792	-0.63986414	-0.44614295	12.99569920	-0.63921936
-0.52966906	12.99524826	-0.62282976	-0.53023506	12.99462162	-0.62222212
-0.54557521	12.96697408	-0.64894765	-0.54611231	12.96642828	-0.64843255
-0.65955736	12.97924303	-0.52286903	-0.66014187	12.97834476	-0.52232782
-0.68388136	12.95180321	-0.52931336	-0.68445966	12.95094754	-0.52886415
-0.62931084	12.96098636	-0.60164427	-0.62985863	12.96032001	-0.60116862
-0.60843032	12.98807481	-0.58369507	-0.60899795	12.98734374	-0.58313225
-0.62751232	13.00836598	-0.51380193	-0.62811636	13.00742484	-0.51316777
-0.58117648	13.01432008	-0.55656044	-0.58177847	13.01349931	-0.55590478
-0.51151996	13.02076004	-0.58338367	-0.51212736	13.02000994	-0.58268489
-0.68513341	12.94516782	-0.43497208	-0.68574781	12.94405391	-0.43450859
-0.66076629	12.97326722	-0.44077917	-0.66138188	12.97215104	-0.44022644
-0.59453436	13.00402611	-0.38049575	-0.59519768	13.00272448	-0.37984658
-0.62706383	13.00337208	-0.44969679	-0.62769307	13.00226089	-0.44905936
-0.54518367	13.01523786	-0.32263750	-0.54589061	13.01379303	-0.32195075
-0.44203672	13.02676683	-0.59961562	-0.44265278	13.02607545	-0.59888762
0.18005776	13.11903112	-0.18386089	0.17917219	13.11812923	-0.18313924
0.15031312	13.15771897	-0.26899235	0.14932767	13.15685747	-0.26818600
0.17802927	13.14571276	-0.28379688	0.17706291	13.14492073	-0.28304432
0.21205370	13.10583529	-0.19549690	0.21119256	13.10501012	-0.19482529
0.12986755	13.16489205	-0.36399000	0.12883319	13.16411949	-0.36311473
0.15604883	13.15370817	-0.38104084	0.15506219	13.15301518	-0.38024426
0.18262328	13.13685048	-0.29384411	0.18167805	13.13608194	-0.29311324
0.21644924	13.09746068	-0.20192804	0.21560049	13.09665128	-0.20127416
0.18924388	13.14456251	-0.29489593	0.18828646	13.14380656	-0.29416613
0.22184579	13.10396271	-0.19679678	0.22099188	13.10315663	-0.19614011
0.17016007	13.15187950	-0.39824165	0.16920265	13.15122976	-0.39748731
0.21415278	13.15779603	-0.42423789	0.21320269	13.15723105	-0.42353688
0.23568733	13.15002015	-0.31285374	0.23473938	13.14936247	-0.31216335
0.26773617	13.10737945	-0.20762955	0.26687976	13.10666516	-0.20700254
0.25582232	12.93252054	-0.06419549	0.25522653	12.93165250	-0.06375548
0.21873630	13.04890195	-0.10945579	0.21798174	13.04799850	-0.10884759
0.25491487	13.03619843	-0.12087518	0.25417407	13.03536841	-0.12030612
0.29536933	12.91935761	-0.07732157	0.29478952	12.91858483	-0.07690446
0.26515313	13.03422365	-0.12137240	0.26441040	13.03341317	-0.12081144
0.30658142	12.91748255	-0.08072205	0.30600871	12.91673501	-0.08031225
0.31036666	13.03284862	-0.12874937	0.30962918	13.03213612	-0.12822436
0.35037428	12.90979909	-0.08666823	0.34981242	12.90913894	-0.08627843
0.37612218	12.72103238	-0.09099214	0.37579091	12.72045149	-0.09075953
0.33604307	12.73463378	-0.08656061	0.33569482	12.73398225	-0.08631069
0.39403403	12.52584383	-0.12191611	0.39392827	12.52538840	-0.12181255
0.35647329	12.54983774	-0.11723831	0.35633721	12.54931093	-0.11712252
0.32465052	12.73679555	-0.08183075	0.32429723	12.73611627	-0.08157821
0.34427924	12.55259749	-0.11234274	0.34413857	12.55204345	-0.11222658
0.29861103	12.56625356	-0.09430756	0.29845294	12.56559815	-0.09418755
0.28259067	12.75406484	-0.06584349	0.28221258	12.75329152	-0.06557916
0.26588352	12.78315416	-0.91918796	0.26561588	12.78301112	-0.91904158
0.25589668	12.85332326	-0.89420371	0.25551339	12.85315655	-0.89398727
0.23674046	12.85907775	-0.83509588	0.23631878	12.85888063	-0.83485599
0.24757993	12.79831295	-0.85886520	0.24724087	12.79814080	-0.85868693
0.24049645	12.92528506	-0.84372802	0.24000748	12.92508826	-0.84343379
0.22072633	12.92362943	-0.78801528	0.22021063	12.92339374	-0.78769392
0.22723445	12.91922609	-0.77019334	0.22671196	12.91898917	-0.76986477
0.24847623	12.80411235	-0.83810174	0.24811772	12.80393663	-0.83790410
0.22043817	12.85947662	-0.82064121	0.21998536	12.85926559	-0.82036770
0.22547821	12.80222061	-0.84372066	0.22511584	12.80203536	-0.84350974
0.20968676	12.92313228	-0.77822882	0.20915788	12.92289199	-0.77788999
0.16909948	12.93528629	-0.76359623	0.16854698	12.93499961	-0.76322807
0.17692288	12.86802478	-0.80219659	0.17645363	12.86777113	-0.80190344
0.17901294	12.80445696	-0.82338297	0.17863806	12.80421880	-0.82315920
0.27082585	12.71307374	-0.94436958	0.27065772	12.71293978	-0.94426517
0.25528311	12.73714835	-0.88313041	0.25503772	12.73700290	-0.88300371
0.25704924	12.75274777	-0.86076694	0.25676424	12.75259892	-0.86061741
0.27477439	12.71626651	-0.87402882	0.27455452	12.71614122	-0.87391213
0.23440377	12.74456585	-0.87063435	0.23412484	12.74441195	-0.87048498
0.18566189	12.73691176	-0.85306714	0.18538235	12.73670758	-0.85290978
0.28293159	12.32683377	-0.16258225	0.28318262	12.32626936	-0.16265676
0.30015251	12.42341651	-0.12864779	0.30016946	12.42285818	-0.12862093
0.34796130	12.42189516	-0.14495555	0.34798135	12.42145737	-0.14491740
0.33357455	12.35248557	-0.17765271	0.33371898	12.35209230	-0.17766776
0.35195127	12.43450758	-0.15222113	0.35195412	12.43407877	-0.15217566
0.36170232	12.41494416	-0.15001282	0.36172905	12.41453941	-0.14997305
0.34788534	12.34710442	-0.18399336	0.34794185	12.34679408	-0.18396530
0.39887774	12.38177474	-0.15847996	0.39893633	12.38145408	-0.15843921
0.11927415	13.13999061	-0.46934000	0.11831647	13.13937952	-0.46852985
0.14925325	13.12675973	-0.48347508	0.14833847	13.12620301	-0.48273461
0.12291082	13.08802082	-0.57772672	0.12208357	13.08754766	-0.57705056
0.15821883	13.07276371	-0.58850287	0.15742493	13.07233522	-0.58789045
0.16129447	13.11548324	-0.49027758	0.16040584	13.11494651	-0.48957954
0.16710194	13.12187506	-0.49041582	0.16620934	13.12133569	-0.48972190
0.17729129	13.06606243	-0.58473687	0.17651261	13.06564313	-0.58416035
0.20350558	13.07153126	-0.62408001	0.20274656	13.07116308	-0.62353635
0.20256879	13.12777281	-0.52294982	0.20168941	13.12730395	-0.52230711
0.21947294	13.00116951	-0.74254156	0.21884334	13.00089666	-0.74213008
0.19795491	12.99630812	-0.69443119	0.19731006	12.99599002	-0.69399275
0.18359514	12.99940695	-0.69396297	0.18293883	12.99907698	-0.69350512
0.14528806	13.01417318	-0.68263664	0.14459765	13.01380305	-0.68213227
0.39346793	13.09003934	-0.26137416	0.39265111	13.08957762	-0.26085431
0.42890655	13.00949155	-0.17771469	0.42820749	13.00902304	-0.17727142
0.45763117	12.87881442	-0.13169967	0.45710997	12.87837118	-0.13136204
0.31222190	12.99074636	-0.86119645	0.31165808	12.99060781	-0.86085343
0.33623122	12.91273301	-0.95051698	0.33579397	12.91265067	-0.95025878
0.29403814	13.06003427	-0.74898981	0.29334457	13.05982091	-0.74855202
0.13567431	12.95989746	-0.05886463	0.13503289	12.95878445	-0.05833051
0.11364504	13.06410320	-0.10317567	0.11285478	13.06297731	-0.10247536
0.09199064	13.12769589	-0.17299977	0.09108742	13.12661351	-0.17216962
0.08734324	13.02765675	-0.62330780	0.08661487	13.02719614	-0.62270817
0.06707768	13.09291757	-0.54513346	0.06622243	13.09235723	-0.54437216
0.10663633	12.95565662	-0.67785392	0.10602952	12.95526476	-0.67740816
0.47250705	12.68381362	-0.13195221	0.47222521	12.68342542	-0.13175278
0.48232659	12.47489822	-0.16077118	0.48227995	12.47461000	-0.16068451
0.34545429	12.83187725	-1.00360608	0.34515757	12.83182408	-1.00343338
0.34645997	12.75678686	-1.03284590	0.34626334	12.75673150	-1.03272094
0.48361750	12.33758557	-0.19917188	0.48369120	12.33740619	-0.19914882
0.34533512	12.69679579	-1.05172142	0.34523698	12.69674290	-1.05164555
0.15787992	12.47035966	-0.10537236	0.15784550	12.46947107	-0.10536271
0.16351562	12.62636587	-0.07565122	0.16327570	12.62542449	-0.07550699
0.10876058	12.75472543	-0.74801515	0.10841008	12.75438900	-0.74780217
0.10893017	12.82340430	-0.72424388	0.10849079	12.82305336	-0.72396135
0.15418814	12.80550443	-0.05466657	0.15373229	12.80446061	-0.05433006
0.11100550	12.88888462	-0.70618016	0.11048114	12.88851736	-0.70582594
0.32942139	13.14287874	-0.49958381	0.32854122	13.14252713	-0.49901142
0.30359463	13.11441061	-0.62655776	0.30279206	13.11412869	-0.62603017
0.35979736	13.13454777	-0.37343374	0.35891183	13.13413104	-0.37286359
0.06273083	13.16227510	-0.34492094	0.06163982	13.16129178	-0.34393236
0.05964800	13.13890919	-0.44713839	0.05866397	13.13816448	-0.44619352
0.07434306	13.15940188	-0.25362992	0.07335213	13.15837752	-0.25270428
0.88219680	11.96652891	-0.58460157	0.88236257	11.96671701	-0.58460478
0.81676000	12.01719950	-0.47386000	0.81676000	12.01719950	-0.47386000
0.92270266	11.93880921	-0.71347871	0.92300190	11.93907241	-0.71344776
0.91013430	12.00531134	-0.71829254	0.91038887	12.00557267	-0.71825967
0.87444701	12.05205171	-0.63183077	0.87461161	12.05225544	-0.63181491
0.80606866	12.11454958	-0.52876100	0.80616012	12.11464488	-0.52874269
0.95609641	11.93138738	-0.83778809	0.95644363	11.93170759	-0.83773605
0.97540467	11.94745160	-0.94917398	0.97575457	11.94781715	-0.94910685
0.94335754	12.06545725	-0.93242595	0.94361665	12.06581127	-0.93235254
0.92899210	12.03508203	-0.81479695	0.92925466	12.03539271	-0.81474490
0.97466383	11.98981342	-1.04233884	0.97498128	11.99019323	-1.04225973
0.94005233	12.06455605	-1.12922755	0.94033919	12.06492845	-1.12914204
0.91683809	12.12722774	-1.10680130	0.91708923	12.12759174	-1.10671547
0.94069266	12.10040706	-1.03025204	0.94094629	12.10077683	-1.03016952
0.85934822	12.18263198	-1.22031393	0.85959745	12.18296374	-1.22022823
0.74276084	12.33340739	-1.27092408	0.74293729	12.33362972	-1.27085206
0.74666402	12.36169317	-1.19918371	0.74680029	12.36191957	-1.19911243
0.85741373	12.22850908	-1.15760744	0.85762130	12.22883976	-1.15751971
0.60124717	12.48308151	-1.23772942	0.60128520	12.48312168	-1.23773704
0.47107771	12.61376522	-1.15267588	0.47105228	12.61377896	-1.15264854
0.49420000	12.61570000	-1.07906000	0.49420000	12.61570000	-1.07906000
0.61447000	12.50220000	-1.16283000	0.61447000	12.50220000	-1.16283000
0.38293328	12.64731587	-1.04970921	0.38290321	12.64729297	-1.04967642
0.33203249	12.64754593	-0.95683397	0.33197795	12.64747613	-0.95678942
0.37140000	12.64100070	-0.89641000	0.37140000	12.64100070	-0.89641000
0.41679000	12.64250090	-0.98287004	0.41679000	12.64250090	-0.98287004
0.31391488	12.67918982	-0.89732926	0.31377902	12.67908735	-0.89724832
0.30981952	12.70667665	-0.86984121	0.30961611	12.70657107	-0.86973455
0.33806169	12.69446292	-0.81261549	0.33783126	12.69435341	-0.81250138
0.34728459	12.66939872	-0.84031711	0.34712234	12.66931712	-0.84024687
0.30080481	12.69397783	-0.87375663	0.30060599	12.69387253	-0.87365635
0.25767945	12.68386327	-0.84433841	0.25746337	12.68371892	-0.84423537
0.29790989	12.68091660	-0.77485166	0.29767216	12.68076185	-0.77473829
0.33690090	12.68306261	-0.81128449	0.33667348	12.68295384	-0.81117372
0.15126462	12.71913136	-0.71604556	0.15094652	12.71881422	-0.71586913
0.01921160	12.77252260	-0.57543182	0.01877655	12.77196778	-0.57517385
0.02332636	12.81003134	-0.49845751	0.02285614	12.80936193	-0.49815125
0.17521932	12.73416403	-0.64067860	0.17486527	12.73381060	-0.64048465
-0.09752566	12.81516659	-0.51256641	-0.09803740	12.81438946	-0.51225611
-0.20505188	12.84707593	-0.51650036	-0.20562546	12.84621804	-0.51613670
-0.20850216	12.91533427	-0.45595481	-0.20914106	12.91433222	-0.45544465
-0.09965052	12.87445229	-0.44229740	-0.10022230	12.87353404	-0.44187610
-0.31014079	12.86776352	-0.57643441	-0.31073037	12.86702037	-0.57606092
-0.40860944	12.87926406	-0.64431213	-0.40915618	12.87869877	-0.64396648
-0.42533560	12.90672850	-0.59244251	-0.42592110	12.90601768	-0.59203333
-0.31967970	12.92063929	-0.52122947	-0.32030365	12.91975787	-0.52073693
-0.49663831	12.88277909	-0.67254183	-0.49714801	12.88231067	-0.67226794
-0.57641022	12.87932616	-0.66090637	-0.57693937	12.87885421	-0.66069802
-0.57564179	12.88152170	-0.62547795	-0.57618788	12.88092454	-0.62524672
-0.51904089	12.89023495	-0.62427094	-0.51958432	12.88961384	-0.62397186
-0.65056938	12.87075721	-0.60935599	-0.65113930	12.87015517	-0.60918562
-0.69976415	12.85401122	-0.52991997	-0.70038343	12.85320249	-0.52976246
-0.66270000	12.87006239	-0.50157442	-0.66330818	12.86912751	-0.50134483
-0.62531382	12.87977436	-0.57833968	-0.62588917	12.87904506	-0.57811391
-0.70482784	12.82630684	-0.43490367	-0.70549720	12.82526662	-0.43474621
-0.67807178	12.77897810	-0.34535725	-0.67875750	12.77768876	-0.34520370
-0.65643858	12.78560918	-0.35820050	-0.65711679	12.78432694	-0.35804136
-0.66861980	12.83248443	-0.41820663	-0.66927933	12.83134823	-0.41800287
-0.63143790	12.70424761	-0.28239467	-0.63212188	12.70279757	-0.28235775
-0.55801871	12.64351357	-0.23369257	-0.55866340	12.64192700	-0.23374330
-0.54036012	12.70291451	-0.26478071	-0.54099052	12.70137342	-0.26472804
-0.61637580	12.74656721	-0.31469690	-0.61704747	12.74515622	-0.31459428
-0.45104693	12.63854103	-0.18614109	-0.45153981	12.63687729	-0.18619735
-0.32377156	12.61794423	-0.14997311	-0.32408636	12.61630903	-0.14997538
-0.30600652	12.67170796	-0.17869775	-0.30640304	12.67012139	-0.17863489
-0.43213677	12.69612083	-0.21580227	-0.43265139	12.69450499	-0.21575789
-0.18670162	12.51387626	-0.13650492	-0.18678822	12.51240990	-0.13655872
-0.03769679	12.39856482	-0.14382994	-0.03756649	12.39734654	-0.14392499
-0.03542088	12.46833280	-0.17481053	-0.03541154	12.46716059	-0.17484267
-0.17524202	12.57664133	-0.16525160	-0.17542720	12.57522532	-0.16523680
0.12367727	12.33876322	-0.16414068	0.12391976	12.33784474	-0.16426272
0.25222547	12.32078215	-0.18932617	0.25249512	12.32017187	-0.18942068
0.23152470	12.38051567	-0.24129599	0.23164476	12.37991570	-0.24134342
0.11380702	12.40612354	-0.20543823	0.11390843	12.40524565	-0.20549530
0.30205577	12.35532290	-0.21047152	0.30221074	12.35488085	-0.21051352
0.28722143	12.43912046	-0.27979014	0.28721385	12.43866933	-0.27978917
0.27920343	12.41129099	-0.26594069	0.27924830	12.41081722	-0.26595912
0.31340318	12.34581347	-0.22301179	0.31344045	12.34549943	-0.22302293
0.34620000	12.27620000	-0.23202000	0.34620000	12.27620000	-0.23202000
0.31933346	12.33262874	-0.29091869	0.31938050	12.33232084	-0.29098160
0.28637587	12.39756150	-0.28095625	0.28639637	12.39714038	-0.28098275
0.44425997	12.21770000	-0.27141000	0.44425997	12.21770000	-0.27141000
0.57587000	12.16340070	-0.32883000	0.57587000	12.16340070	-0.32883000
0.56952355	12.24287789	-0.38298947	0.56959369	12.24282047	-0.38299755
0.42764542	12.28585437	-0.32803220	0.42771532	12.28570051	-0.32805809
0.70622003	12.08180000	-0.39380000	0.70622003	12.08180000	-0.39380000
0.70000691	12.18126491	-0.44759579	0.70008394	12.18128310	-0.44759259
0.76333943	12.39400196	-1.04826966	0.76340376	12.39425611	-1.04818316
0.86569781	12.24537994	-1.04713890	0.86586226	12.24571099	-1.04705068
0.78265118	12.37744511	-0.86014004	0.78267570	12.37768257	-0.86005287
0.87477838	12.22392446	-0.90668559	0.87492568	12.22423659	-0.90660732
0.79536917	12.26284629	-0.67249382	0.79544082	12.26302617	-0.67244314
0.87460730	12.15003220	-0.75457592	0.87477661	12.15029645	-0.75452328
0.53319112	12.60836592	-0.90278823	0.53305849	12.60842775	-0.90268817
0.64673085	12.52255268	-0.99050700	0.64667396	12.52268771	-0.99043500
0.56445335	12.53879144	-0.69131953	0.56431517	12.53881579	-0.69122222
0.67749353	12.47902580	-0.78111574	0.67741585	12.47916232	-0.78102040
0.57044328	12.38658808	-0.51108743	0.57043675	12.38654720	-0.51105564
0.69222279	12.34043011	-0.58911730	0.69223404	12.34050715	-0.58907085
-0.21935824	12.91010911	-0.37113857	-0.22000829	12.90891141	-0.37062890
-0.11332226	12.86716246	-0.35551630	-0.11389168	12.86606896	-0.35509637
-0.24076303	12.85185415	-0.28482703	-0.24134400	12.85049775	-0.28442708
-0.13392387	12.80243441	-0.27155985	-0.13442319	12.80120127	-0.27123689
-0.01649358	12.73541153	-0.30719953	-0.01687863	12.73441201	-0.30697102
0.00658048	12.80188038	-0.40261103	0.00612419	12.80104898	-0.40229654
-0.27428481	12.76114033	-0.22234487	-0.27478129	12.75964719	-0.22212933
-0.15634095	12.68877359	-0.20963607	-0.15668741	12.68744066	-0.20947774
-0.02931516	12.60304923	-0.23066799	-0.02951509	12.60194993	-0.23057995
-0.55508843	12.91001444	-0.54301060	-0.55568461	12.90914728	-0.54264520
-0.58911979	12.90315123	-0.45129269	-0.58974524	12.90203037	-0.45091637
-0.48696434	12.92318037	-0.38982192	-0.48761014	12.92190009	-0.38935353
-0.45375273	12.93660724	-0.49535157	-0.45438116	12.93561317	-0.49485887
-0.60549766	12.83061190	-0.37254711	-0.60615452	12.82931395	-0.37230699
-0.51653420	12.82069407	-0.31392261	-0.51717083	12.81924157	-0.31366889
-0.33775129	12.93505324	-0.42738183	-0.33840259	12.93392310	-0.42685042
-0.36456954	12.89917621	-0.32887925	-0.36520982	12.89779859	-0.32842360
-0.39995341	12.80125964	-0.26060355	-0.40053167	12.79973981	-0.26035348
0.29274222	12.63909469	-0.65103446	0.29249621	12.63886081	-0.65092476
0.33449940	12.63585961	-0.67450305	0.33425785	12.63567754	-0.67439745
0.26655377	12.57179096	-0.50122043	0.26638713	12.57142519	-0.50114421
0.31293181	12.57096851	-0.51117563	0.31276339	12.57066800	-0.51109706
0.31701084	12.58896148	-0.49557688	0.31682081	12.58865442	-0.49548615
0.33546225	12.65015252	-0.66609912	0.33520866	12.64996529	-0.66598372
0.34267500	12.63267551	-0.68872723	0.34244219	12.63250540	-0.68862227
0.31945646	12.57478449	-0.51042674	0.31928064	12.57449160	-0.51034903
0.35186195	12.55516975	-0.55106560	0.35170802	12.55493738	-0.55099721
0.37209011	12.61413683	-0.73923887	0.37189366	12.61401178	-0.73914145
0.32694759	12.44020938	-0.39902502	0.32691425	12.43987800	-0.39902439
0.29451637	12.48691222	-0.37569366	0.29444320	12.48651378	-0.37566515
0.28880892	12.49099577	-0.37079639	0.28874430	12.49057964	-0.37076369
0.24134609	12.47658570	-0.35464193	0.24130113	12.47609357	-0.35463093
0.44508719	12.55391915	-0.61294375	0.44493368	12.55380430	-0.61286131
0.43839093	12.62175889	-0.81476534	0.43821872	12.62172978	-0.81466233
0.43365342	12.41201482	-0.44603962	0.43364009	12.41183503	-0.44603527
0.13713252	12.63926071	-0.40926327	0.13688578	12.63865088	-0.40913005
0.16335129	12.70997374	-0.53155486	0.16301528	12.70949934	-0.53137555
0.11883168	12.52180716	-0.29370747	0.11874821	12.52104140	-0.29367520
0.16242171	13.14425407	-0.39333985	0.16146636	13.14359055	-0.39258123
0.25831665	13.02992211	-0.12802806	0.25758183	13.02910917	-0.12746990
0.29783919	12.91597512	-0.08669878	0.29726540	12.91521863	-0.08628679
0.32719455	12.73612379	-0.09230914	0.32684164	12.73546205	-0.09205903
0.34749620	12.55692429	-0.12221658	0.34735194	12.55638421	-0.12209679
0.24076215	12.85827435	-0.81419752	0.24032666	12.85807243	-0.81394522
0.33883772	12.37461581	-0.18490206	0.33891524	12.37424705	-0.18489060
0.17550958	13.06086946	-0.58752296	0.17473754	13.06045426	-0.58694737
0.20142789	12.99110758	-0.68777760	0.20078350	12.99078843	-0.68734123
0.89649099	11.96122874	-0.57114952	0.89664959	11.96142031	-0.57114637
0.82720536	12.01969735	-0.45666194	0.82719675	12.01969584	-0.45666233
0.94010298	11.92451164	-0.70486818	0.94040748	11.92478491	-0.70483139
0.74624452	12.33201831	-1.28642238	0.74642723	12.33224339	-1.28634909
0.46145540	12.61958156	-1.16631106	0.46142360	12.61959806	-1.16628038
0.35361922	12.65800142	-1.05825525	0.35356675	12.65795575	-1.05820324
0.28737656	12.66170194	-0.96007685	0.28729546	12.66159143	-0.96001754
0.27305258	12.69176455	-0.89887076	0.27288632	12.69163642	-0.89877624
0.25648512	12.70309454	-0.88575830	0.25628074	12.70298004	-0.88564700
0.20819557	12.68896564	-0.86777434	0.20797880	12.68879752	-0.86766747
0.11972854	12.71064592	-0.75327443	0.11943241	12.71032691	-0.75310395
0.01134550	12.74378532	-0.62300747	0.01094867	12.74327087	-0.62276944
-0.19730915	12.78403175	-0.55762706	-0.19785119	12.78328448	-0.55741021
-0.30035114	12.82578380	-0.60774128	-0.30092470	12.82513113	-0.60750004
-0.48401381	12.88798800	-0.69474158	-0.48450222	12.88759067	-0.69444492
-0.56627793	12.89083643	-0.68335564	-0.56678972	12.89043217	-0.68310955
-0.71206064	12.85835876	-0.54140597	-0.71267371	12.85759229	-0.54124525
-0.18888543	12.52353501	-0.11444880	-0.18899894	12.52204357	-0.11449682
0.14136224	12.35446851	-0.13941499	0.14156061	12.35356538	-0.13951552
0.30943077	12.38317599	-0.22296534	0.30949568	12.38277189	-0.22298172
0.38323662	12.29365870	-0.19518291	0.38327614	12.29351094	-0.19516236
0.46926595	12.23717493	-0.23878933	0.46931072	12.23710167	-0.23876051
0.71411480	12.09179697	-0.37179333	0.71411690	12.09179895	-0.37179667
0.29539324	12.51409893	-0.36884265	0.29529313	12.51369216	-0.36879775
0.58369538	12.77781001	-0.54077394	0.58329894	12.77779161	-0.54055680
0.30451670	12.98893627	-0.52931101	0.30384107	12.98859748	-0.52888118
0.03316984	12.99362796	-0.26145220	0.03243903	12.99255816	-0.26079517
0.10144723	13.07640440	-0.30633904	0.10056552	13.07549419	-0.30560008
0.31900507	12.86795490	-0.29362305	0.31847910	12.86745027	-0.29328587
0.03017949	12.96674604	-0.42009355	0.02950878	12.96594112	-0.41952896
0.12346704	13.04470494	-0.41602844	0.12267163	13.04404239	-0.41540555
0.36659003	12.82348076	-0.69298820	0.36615447	12.82332969	-0.69273735
0.15778302	13.02770873	-0.17804947	0.15703816	13.02677284	-0.17743581
0.22036931	12.81500343	-0.79334409	0.21997532	12.81478217	-0.79311626
0.32974168	12.75805119	-0.53068613	0.32935011	12.75776058	-0.53047150
0.32867460	12.88684802	-0.84095406	0.32822210	12.88672484	-0.84068729
0.39432929	12.43569061	-0.24539123	0.39432178	12.43539099	-0.24536241
0.24512402	13.04627903	-0.44536272	0.24435071	13.04579453	-0.44482851
0.47646310	12.68490684	-0.66721086	0.47617588	12.68484719	-0.66705464
0.69810359	12.74968294	-0.77195649	0.69777840	12.74985229	-0.77175950
0.32732846	12.93907470	-0.19918984	0.32671648	12.93847805	-0.19878144
-0.42767119	12.90863578	-0.24365994	-0.42834353	12.90704343	-0.24319957
0.15343644	13.08034594	-0.24721698	0.15259027	13.07947148	-0.24652825
0.32373969	12.94633381	-0.68710067	0.32315417	12.94613176	-0.68674338
-0.51464325	12.90847096	-0.28405438	-0.51530794	12.90693726	-0.28361256
0.22864237	13.03077678	-0.32711322	0.22787839	13.03015103	-0.32656075
0.29026311	12.45886879	-0.20106310	0.29023244	12.45835130	-0.20103321
0.11934262	13.09792718	-0.36836708	0.11844728	13.09716950	-0.36762270
0.21046525	13.07686535	-0.48747614	0.20965128	13.07638110	-0.48688573
0.25480180	12.61196199	-0.24474620	0.25458838	12.61137522	-0.24461435
0.16809393	12.93702911	-0.50773669	0.16747433	12.93653768	-0.50730975
0.27767718	12.89106649	-0.83090384	0.27721307	12.89089518	-0.83062871
0.28446305	12.84036721	-0.83422941	0.28406103	12.84021015	-0.83400128
0.23141653	13.02164711	-0.54345372	0.23069501	13.02124741	-0.54296089
0.37625330	12.79875395	-0.19733106	0.37582241	12.79826697	-0.19704550
0.49811035	12.59204791	-0.43266249	0.49791965	12.59190656	-0.43255126
0.30559258	12.76083066	-0.88706480	0.30533443	12.76071824	-0.88692217
0.16150247	12.96447085	-0.64293492	0.16087434	12.96408395	-0.64250191
0.39139607	12.37555965	-0.22232157	0.39145670	12.37529681	-0.22231036
0.35825786	12.48344358	-0.31241108	0.35819881	12.48310123	-0.31237380
0.19518508	12.86742595	-0.18601176	0.19465351	12.86660425	-0.18562626
0.38959549	12.73023154	-0.90951977	0.38940064	12.73019888	-0.90941404
0.29718933	12.79305826	-0.84840033	0.29685460	12.79292246	-0.84821739
0.14567931	13.11276710	-0.27940781	0.14476793	13.11190879	-0.27866544
0.41497495	12.60628896	-0.24711702	0.41477182	12.60592973	-0.24697702
0.21551308	12.85999750	-0.76995976	0.21505643	12.85975519	-0.76968584
0.42791612	12.71327292	-0.82660612	0.42766318	12.71323752	-0.82646063
0.82712652	12.74553089	-0.86723118	0.82682051	12.74582137	-0.86702349
0.56599427	12.79158595	-0.92666070	0.56568472	12.79169493	-0.92646748
0.34123681	12.68546861	-0.19861637	0.34093737	12.68495206	-0.19841405
0.25127875	12.76207645	-0.18091926	0.25088187	12.76137364	-0.18064373
