0.85148358	12.73630729	-0.42045103	0.85154860	12.73624892	-0.42047190
0.82261160	12.87450074	-0.44905630	0.82264506	12.87443966	-0.44907268
0.89873983	12.83321008	-0.54738545	0.89879151	12.83315611	-0.54740413
0.93066268	12.70000745	-0.53288664	0.93074000	12.69995412	-0.53291287
0.78009893	12.96538634	-0.50930762	0.78011409	12.96531846	-0.50932134
0.86021564	12.91931422	-0.59025351	0.86025043	12.91925859	-0.59026779
0.90948935	12.87642065	-0.65063249	0.90953564	12.87637036	-0.65065014
0.94782278	12.80651517	-0.64497828	0.94788154	12.80646620	-0.64500129
0.98170127	12.67740051	-0.64606131	0.98177442	12.67734865	-0.64609364
0.71735457	12.76617870	-1.16428008	0.71739444	12.76614466	-1.16430403
0.83966114	12.71551940	-1.14260745	0.83970163	12.71548179	-1.14263860
0.80835948	12.82201303	-1.07377079	0.80841075	12.82197292	-1.07379629
0.68623344	12.86835857	-1.09044449	0.68628609	12.86831961	-1.09046534
0.94084310	12.68165835	-1.07990941	0.94088785	12.68161545	-1.07994694
0.90793790	12.79275915	-1.02115603	0.90798945	12.79271505	-1.02118544
0.86843157	12.86126460	-0.97048776	0.86848197	12.86122082	-0.97051051
0.78963528	12.90218934	-0.98580015	0.78968285	12.90214427	-0.98581884
0.66771679	12.94821942	-0.99117285	0.66776412	12.94817141	-0.99118878
0.59666863	12.83379056	-0.20832993	0.59667687	12.83371036	-0.20835391
0.57825934	12.97074313	-0.25606365	0.57822093	12.97064990	-0.25610394
0.71233726	12.92298902	-0.34881862	0.71233866	12.92291805	-0.34884037
0.73389847	12.78360682	-0.30841430	0.73393896	12.78354147	-0.30843392
0.54761682	13.05708812	-0.34049781	0.54755744	13.05697703	-0.34054511
0.67609201	13.01335325	-0.42458983	0.67607301	13.01326910	-0.42461304
0.46789885	12.88141835	-1.06371056	0.46795045	12.88137320	-1.06374136
0.59407966	12.82711764	-1.13653934	0.59413367	12.82708287	-1.13656514
0.56345122	12.91948721	-1.06407713	0.56350205	12.91944401	-1.06409812
0.43941858	12.96382833	-0.98904059	0.43945394	12.96375915	-0.98906746
0.54330809	12.99399152	-0.96239742	0.54334344	12.99392538	-0.96241430
0.41861213	13.03305667	-0.88635616	0.41862945	13.03294438	-0.88638460
-0.01369433	12.98839880	-0.06722982	-0.01382642	12.98813727	-0.06749427
-0.14199551	13.00007310	-0.08941096	-0.14211190	12.99976710	-0.08973961
-0.14443187	13.07333838	-0.13627365	-0.14455367	13.07300078	-0.13666394
-0.01981638	13.07561895	-0.11150437	-0.01996842	13.07533465	-0.11183389
-0.26066192	13.00163723	-0.12572656	-0.26075678	13.00127713	-0.12609616
-0.26157565	13.06290400	-0.17440048	-0.26167146	13.06251300	-0.17482157
-0.26273719	13.10389827	-0.24009252	-0.26281921	13.10345848	-0.24055206
-0.14637703	13.12000441	-0.20268616	-0.14648842	13.11961491	-0.20312382
-0.02477369	13.12943139	-0.17766060	-0.02492266	13.12910358	-0.17804500
0.03169391	12.97256895	-0.59188245	0.03173793	12.97192880	-0.59216862
0.01690025	13.03455993	-0.56681469	0.01697283	13.03383434	-0.56719227
-0.06429667	13.03676932	-0.55610199	-0.06427297	13.03605517	-0.55647050
-0.05015571	12.98067248	-0.57146325	-0.05012050	12.97998378	-0.57177509
-0.00187598	13.08718668	-0.51982967	-0.00167027	13.08618355	-0.52028854
-0.08562000	13.08325206	-0.52062181	-0.08557353	13.08256677	-0.52104007
-0.17920497	13.07628904	-0.53669196	-0.17917202	13.07560651	-0.53711952
-0.15670619	13.03510340	-0.57243803	-0.15666996	13.03439472	-0.57282929
-0.14213646	12.98379371	-0.58966486	-0.14209823	12.98306889	-0.59001200
0.98779343	12.28838459	-0.67222353	0.98787304	12.28831839	-0.67226978
0.96668569	12.06947949	-0.68810107	0.96673157	12.06940092	-0.68814936
0.91415788	12.09633515	-0.55274902	0.91421427	12.09626719	-0.55278409
0.92926806	12.30310243	-0.53702266	0.92936048	12.30303673	-0.53706104
0.83627266	12.14631555	-0.43145902	0.83634144	12.14626241	-0.43148096
0.84389173	12.32832709	-0.41159996	0.84399283	12.32826256	-0.41162460
0.97948462	12.37964384	-1.14186477	0.97951898	12.37960357	-1.14191673
0.88454714	12.44030680	-1.21080855	0.88457034	12.44027273	-1.21085206
0.87975134	12.28080179	-1.23565965	0.87977836	12.28077022	-1.23570763
0.97183019	12.18833906	-1.15721401	0.97186820	12.18830112	-1.15727021
0.75736124	12.51671988	-1.23949130	0.75737088	12.51669431	-1.23951555
0.75340862	12.39651354	-1.27092032	0.75341911	12.39648756	-1.27094782
0.86741007	12.17609843	-1.24348632	0.86745327	12.17607134	-1.24354467
0.95282105	12.05373702	-1.15525627	0.95287073	12.05370229	-1.15532807
0.99396781	12.49739184	-0.65744853	0.99405125	12.49733428	-0.65749047
0.93743309	12.51340398	-0.53092314	0.93752788	12.51334575	-0.53095511
0.85328150	12.54192337	-0.40888125	0.85338047	12.54186560	-0.40890273
0.86816602	12.58681262	-1.18392838	0.86819599	12.58677520	-1.18396440
0.96726050	12.54404848	-1.11818874	0.96729867	12.54400656	-1.11823433
0.74297823	12.64449491	-1.20881775	0.74300821	12.64446337	-1.20884515
0.60068181	12.41963723	-0.22571706	0.60079525	12.41956464	-0.22570963
0.60098180	12.63440743	-0.20329132	0.60105157	12.63433065	-0.20330267
0.73437153	12.58459829	-0.29761589	0.73446616	12.58452808	-0.29762698
0.72792738	12.37043225	-0.30855006	0.72803739	12.37036393	-0.30855834
0.46893427	12.70486750	-1.15078830	0.46895623	12.70485835	-1.15080549
0.61210213	12.61495011	-1.21945325	0.61211002	12.61494170	-1.21945757
0.60896978	12.71907508	-1.18596991	0.60899383	12.71905255	-1.18598155
0.47413344	12.78872702	-1.11715308	0.47417275	12.78870822	-1.11718114
0.58661654	12.17470455	-0.30180030	0.58663488	12.17468430	-0.30179746
0.59767183	12.28041746	-0.26254780	0.59776110	12.28036018	-0.26254568
0.72370655	12.21580471	-0.33780932	0.72378738	12.21574715	-0.33781731
0.60067876	12.48687003	-1.25182046	0.60068047	12.48686609	-1.25182123
0.60684556	12.53426132	-1.24357191	0.60684817	12.53425584	-1.24357306
0.46277973	12.64919216	-1.16643741	0.46279376	12.64918936	-1.16644992
-0.00508878	12.71054853	-0.06553893	-0.00509509	12.71028366	-0.06563966
-0.15382155	12.77903447	-0.07303840	-0.15385921	12.77872064	-0.07321826
-0.14397950	12.90189873	-0.07084864	-0.14406811	12.90159942	-0.07110757
-0.00569519	12.86500560	-0.05514414	-0.00577604	12.86475162	-0.05532350
-0.28975759	12.83016686	-0.09779238	-0.28980450	12.82980495	-0.09804506
-0.27116806	12.92528474	-0.10190430	-0.27124719	12.92493312	-0.10221839
0.02770385	12.84344437	-0.62042205	0.02779803	12.84287578	-0.62059564
0.03382250	12.90869686	-0.60799332	0.03388475	12.90810199	-0.60820384
-0.04729854	12.91899011	-0.58051155	-0.04724557	12.91832416	-0.58076299
-0.05555221	12.85426890	-0.58428782	-0.05547378	12.85361353	-0.58449245
-0.13903085	12.92649994	-0.59762230	-0.13897779	12.92577576	-0.59791344
-0.14879972	12.86576207	-0.59621566	-0.14872753	12.86504428	-0.59645710
-0.03412117	12.41472972	-0.11964956	-0.03399119	12.41442829	-0.11964313
-0.17478376	12.63186178	-0.09066387	-0.17475550	12.63152183	-0.09077211
-0.01953270	12.53988187	-0.08932750	-0.01946033	12.53959705	-0.08936262
-0.32632062	12.62469636	-0.12937612	-0.32628424	12.62429448	-0.12952162
-0.31263371	12.71242772	-0.10940987	-0.31263409	12.71204233	-0.10959689
0.01778083	12.77721498	-0.63214931	0.01790880	12.77665568	-0.63230320
-0.07489370	12.78792679	-0.58122845	-0.07478037	12.78726855	-0.58139243
-0.09272916	12.76098052	-0.56108739	-0.09259931	12.76032063	-0.56124190
-0.17289548	12.80338203	-0.58393897	-0.17280945	12.80267688	-0.58413600
-0.38287492	12.99872099	-0.17495357	-0.38294211	12.99829951	-0.17535679
-0.37499829	13.04879991	-0.22086411	-0.37506438	13.04835025	-0.22130748
-0.49265146	12.99192204	-0.23148042	-0.49268982	12.99143556	-0.23190320
-0.47288893	13.03258971	-0.27259329	-0.47292928	13.03207916	-0.27304624
-0.45077635	13.06570739	-0.32296442	-0.45081359	13.06516293	-0.32344138
-0.36505085	13.08570642	-0.28014527	-0.36510823	13.08521397	-0.28062060
-0.26101946	13.03299924	-0.59187378	-0.26097979	13.03227465	-0.59228544
-0.24673374	12.98767057	-0.61667793	-0.24668198	12.98692696	-0.61704945
-0.28120321	13.06959832	-0.55155460	-0.28117860	13.06890326	-0.55200150
-0.37587808	13.06123452	-0.56001949	-0.37585682	13.06051457	-0.56048105
-0.36105201	13.02986115	-0.60479490	-0.36101444	13.02910755	-0.60522715
-0.35150940	12.99143314	-0.63852706	-0.35145469	12.99065559	-0.63892585
-0.24819214	12.93912149	-0.63233902	-0.24812979	12.93836382	-0.63266981
-0.35908640	12.95248957	-0.66318620	-0.35901756	12.95169001	-0.66355452
-0.37394537	12.91521654	-0.67720610	-0.37386559	12.91440367	-0.67754742
-0.26101662	12.88966164	-0.63670543	-0.26094122	12.88889820	-0.63699828
-0.53695319	12.88637986	-0.19059900	-0.53697454	12.88590364	-0.19095050
-0.55705663	12.76440751	-0.19592224	-0.55704473	12.76391565	-0.19620043
-0.63317290	12.80122501	-0.25345224	-0.63315262	12.80068431	-0.25376500
-0.61498846	12.89719064	-0.25283856	-0.61499204	12.89666066	-0.25321227
-0.56521156	12.65969798	-0.21302427	-0.56516237	12.65918732	-0.21325854
-0.64057526	12.71862024	-0.26519498	-0.64052854	12.71806206	-0.26547345
-0.68899875	12.78836825	-0.33539275	-0.68895285	12.78775517	-0.33569963
-0.68266251	12.84065874	-0.32969169	-0.68263258	12.84005656	-0.33003021
-0.66658975	12.90372137	-0.33140630	-0.66657564	12.90312541	-0.33179232
-0.45566299	12.64950606	-0.16517696	-0.45562709	12.64905401	-0.16537459
-0.44444613	12.74572185	-0.14633606	-0.44444528	12.74528797	-0.14657723
-0.42223685	12.86502969	-0.13819679	-0.42227395	12.86461400	-0.13850941
-0.46982641	12.93124778	-0.68807331	-0.46975406	12.93039317	-0.68844383
-0.47683221	12.90425815	-0.69860232	-0.47674884	12.90339015	-0.69895047
-0.38618838	12.88197310	-0.67898745	-0.38609985	12.88115688	-0.67930306
-0.55638401	12.93667187	-0.66802786	-0.55631751	12.93580373	-0.66841870
-0.56122108	12.90994913	-0.68274428	-0.56114314	12.90906577	-0.68311330
-0.39704486	12.86524057	-0.66855683	-0.39695367	12.86443009	-0.66886127
-0.28080696	12.84156817	-0.62873787	-0.28072064	12.84080669	-0.62899597
0.89910348	12.88454603	-0.90182850	0.89915279	12.88450116	-0.90184976
0.79906188	12.95155057	-0.88776550	0.79910492	12.95149804	-0.88777929
0.91556037	12.89894368	-0.81309684	0.91560493	12.89889889	-0.81311585
0.82042193	12.97143465	-0.78325200	0.82045858	12.97138047	-0.78326335
0.70987611	13.02709505	-0.74198854	0.70989035	13.02702162	-0.74200473
0.68019620	13.00293897	-0.87107869	0.68022931	13.00287313	-0.87109182
0.91662780	12.89512959	-0.72119105	0.91667411	12.89508209	-0.72120811
0.83746336	12.96271841	-0.67673467	0.83749378	12.96266177	-0.67674797
0.74286936	13.01527393	-0.61472762	0.74288427	13.01519918	-0.61474118
1.00061565	12.67101251	-0.98522989	1.00066868	12.67096469	-0.98527125
0.96291078	12.79262920	-0.94011356	0.96296531	12.79258462	-0.94014527
1.02374858	12.67150340	-0.87389015	1.02380981	12.67145621	-0.87393095
0.98271389	12.80202469	-0.84331938	0.98276964	12.80198134	-0.84334934
1.01509896	12.67060877	-0.76052940	1.01516621	12.67056099	-0.76056652
0.97678121	12.80162512	-0.74392030	0.97683861	12.80158022	-0.74394772
0.55997238	13.04837251	-0.82597666	0.55998880	13.04828009	-0.82599628
0.59666584	13.07400537	-0.67714255	0.59666755	13.07390098	-0.67716181
0.47261512	13.11251281	-0.59473636	0.47258592	13.11235201	-0.59478922
0.43561257	13.08594432	-0.74660832	0.43560917	13.08578654	-0.74665373
0.63647332	13.06291149	-0.53905871	0.63645835	13.06281237	-0.53908153
0.51111921	13.10358825	-0.45660336	0.51106581	13.10344900	-0.45665708
-0.38436941	13.07893398	-0.50219657	-0.38436510	13.07825885	-0.50267446
-0.46789541	13.06074747	-0.51459426	-0.46788832	13.06004170	-0.51507441
-0.44799501	13.04917522	-0.55692652	-0.44797655	13.04843770	-0.55739282
-0.39643790	13.08525871	-0.43918726	-0.39645171	13.08463296	-0.43967263
-0.49006778	13.06281504	-0.47008723	-0.49007094	13.06214292	-0.47057389
-0.57449750	13.03656347	-0.49901178	-0.57449021	13.03584424	-0.49949167
-0.53686683	13.03839182	-0.53159769	-0.53685409	13.03765442	-0.53207161
-0.49915972	13.03662981	-0.55783730	-0.49914157	13.03587890	-0.55830244
-0.42194504	13.08209104	-0.37896839	-0.42197210	13.08150809	-0.37945512
-0.50388883	13.05878062	-0.41872683	-0.50390093	13.05814753	-0.41921236
-0.51883770	13.04444409	-0.36778579	-0.51885717	13.04384893	-0.36826100
-0.56443113	13.02745389	-0.39996971	-0.56443899	13.02682315	-0.40044067
-0.57632577	13.03247764	-0.44854307	-0.57632518	13.03180202	-0.44902044
-0.01853101	13.12810095	-0.43795862	-0.01853464	13.12748470	-0.43844026
-0.11021280	13.11587517	-0.45020771	-0.11021721	13.11526457	-0.45066380
-0.02818479	13.15030023	-0.34249500	-0.02826385	13.14982084	-0.34295222
-0.13121997	13.13402883	-0.36371574	-0.13127301	13.13350165	-0.36418497
-0.23223118	13.11689423	-0.39464459	-0.23226052	13.11633389	-0.39511945
-0.20616398	13.10302248	-0.47300443	-0.20616230	13.10239489	-0.47346322
-0.02891807	13.15251402	-0.25519542	-0.02904613	13.15211813	-0.25562310
-0.14263709	13.13780159	-0.27987053	-0.14272376	13.13734867	-0.28033376
-0.25211470	13.11953197	-0.31507695	-0.25217399	13.11903460	-0.31555352
0.99065011	11.97470498	-1.05887750	0.99067373	11.97465205	-1.05894765
1.01326245	12.11960432	-1.05706739	1.01330156	12.11955397	-1.05712692
0.99308242	11.92980187	-0.95341110	0.99306922	11.92973255	-0.95348281
1.01922130	12.07638628	-0.94280035	1.01925548	12.07632140	-0.94286074
1.03852560	12.29408457	-0.92742295	1.03858193	12.29402699	-0.92747886
1.02710698	12.32871040	-1.04334529	1.02715219	12.32866238	-1.04340160
0.97445029	11.91331216	-0.83440148	0.97443635	11.91324487	-0.83447169
1.00265500	12.06118255	-0.81931622	1.00269358	12.06111085	-0.81937428
1.02485795	12.28308116	-0.80303685	1.02492493	12.28301738	-0.80308992
1.02275935	12.51451155	-1.01899522	1.02280794	12.51446445	-1.01904591
1.04147951	12.49699214	-0.90382393	1.04154151	12.49694056	-0.90387386
1.03029050	12.49159800	-0.78251581	1.03036279	12.49154575	-0.78256374
-0.64239285	12.93162921	-0.61556971	-0.64232911	12.93076597	-0.61596360
-0.64923684	12.90183374	-0.62745282	-0.64915970	12.90095266	-0.62781696
-0.70021606	12.92162238	-0.53568676	-0.70015810	12.92080451	-0.53608541
-0.71074894	12.88543982	-0.54161064	-0.71067508	12.88460767	-0.54197234
-0.65109603	12.87843637	-0.62880989	-0.65100887	12.87755181	-0.62915081
-0.70178596	12.91208981	-0.43339721	-0.70174865	12.91138928	-0.43379442
-0.71533524	12.86700979	-0.43420582	-0.71528788	12.86630591	-0.43456287
-0.71834618	12.83131152	-0.43585323	-0.71829215	12.83060359	-0.43617213
-0.29743630	13.09186511	-0.48933839	-0.29743455	13.09121738	-0.48980820
-0.31565749	13.10196582	-0.41700762	-0.31567778	13.10137372	-0.41749043
-0.34171663	13.10165342	-0.34646899	-0.34175756	13.10111347	-0.34695523
-0.59480719	12.94952873	-0.26574062	-0.59482104	12.94899673	-0.26614967
-0.51444516	12.95262260	-0.20330483	-0.51448017	12.95214807	-0.20370123
-0.64889959	12.94386484	-0.34076486	-0.64889417	12.94326556	-0.34118062
-0.62569527	12.97338192	-0.35773288	-0.62569427	12.97277380	-0.35816814
-0.57171637	12.98143324	-0.29017996	-0.57173380	12.98088875	-0.29061113
-0.39995596	12.94340186	-0.14770086	-0.40001512	12.94299120	-0.14806570
-0.45667496	12.96223949	-0.66978141	-0.45661438	12.96140582	-0.67017583
-0.44467188	12.99455692	-0.64167485	-0.44462434	12.99374969	-0.64209338
-0.52881122	12.99388163	-0.62444673	-0.52876948	12.99306249	-0.62488051
-0.54482329	12.96547867	-0.65031048	-0.54476917	12.96463067	-0.65072323
-0.65873872	12.97873160	-0.52419598	-0.65870769	12.97795303	-0.52464382
-0.68313648	12.95128730	-0.53041905	-0.68309228	12.95048640	-0.53084454
-0.62856273	12.95991131	-0.60284835	-0.62851207	12.95907007	-0.60326886
-0.60761003	12.98708267	-0.58512685	-0.60757257	12.98626976	-0.58556866
-0.62659728	13.00786599	-0.51539314	-0.62657812	13.00711098	-0.51585955
-0.58024512	13.01345840	-0.55825295	-0.58022022	13.01268223	-0.55871306
-0.51054002	13.01960281	-0.58525370	-0.51051150	13.01882421	-0.58570617
-0.68427320	12.94524833	-0.43608338	-0.68424624	12.94455078	-0.43650919
-0.65984868	12.97328184	-0.44211589	-0.65983151	12.97258758	-0.44256329
-0.59342203	13.00435595	-0.38221620	-0.59342613	13.00373402	-0.38267280
-0.62607499	13.00328782	-0.45130312	-0.62606497	13.00259581	-0.45176731
-0.54394786	13.01589600	-0.32456128	-0.54396776	13.01533115	-0.32501567
-0.44102024	13.02533744	-0.60167850	-0.44098627	13.02456408	-0.60212229
0.18109619	13.11960217	-0.18612029	0.18092484	13.11936888	-0.18635190
0.15148031	13.15798463	-0.27158702	0.15131546	13.15769430	-0.27186450
0.17918956	13.14588267	-0.28617847	0.17903516	13.14559934	-0.28642765
0.21308835	13.10631844	-0.19755950	0.21292886	13.10609662	-0.19776208
0.13116858	13.16458811	-0.36688686	0.13102834	13.16421127	-0.36720307
0.15729197	13.15336954	-0.38359804	0.15716420	13.15301725	-0.38386797
0.18377497	13.13696966	-0.29613967	0.18362943	13.13668469	-0.29637769
0.21748262	13.09790624	-0.20392341	0.21733072	13.09768387	-0.20411756
0.19039668	13.14467874	-0.29720060	0.19024738	13.14439760	-0.29743861
0.22286581	13.10442485	-0.19879602	0.22270826	13.10420702	-0.19899046
0.17137351	13.15149998	-0.40063045	0.17125436	13.15115710	-0.40088002
0.21536169	13.15739724	-0.42637779	0.21524789	13.15708505	-0.42658664
0.23683231	13.15003589	-0.31494690	0.23668915	13.14977756	-0.31514863
0.26876176	13.10777629	-0.20950002	0.26860966	13.10757739	-0.20967169
0.25670619	12.93341044	-0.06542402	0.25660451	12.93326520	-0.06553163
0.21967877	13.04968359	-0.11129513	0.21952285	13.04949955	-0.11147478
0.25587077	13.03690430	-0.12258123	0.25572901	13.03673516	-0.12273678
0.29627371	12.92010191	-0.07846913	0.29618716	12.91996526	-0.07855960
0.26609544	13.03491196	-0.12303326	0.26595527	13.03474632	-0.12318308
0.30747402	12.91820055	-0.08184398	0.30738994	12.91806587	-0.08193126
0.31131549	13.03344783	-0.13026526	0.31118201	13.03329913	-0.13039189
0.35127732	12.91042268	-0.08771039	0.35120318	12.91030045	-0.08778486
0.37698003	12.72153016	-0.09152662	0.37699659	12.72141333	-0.09155288
0.33690210	12.73521062	-0.08715832	0.33690752	12.73508343	-0.08719405
0.39477688	12.52614529	-0.12203715	0.39487116	12.52603423	-0.12202730
0.35722733	12.55021643	-0.11741367	0.35731067	12.55009347	-0.11740914
0.32551840	12.73740764	-0.08244266	0.32552157	12.73727827	-0.08248027
0.34504393	12.55301298	-0.11251174	0.34512505	12.55288647	-0.11250749
0.29937990	12.56679575	-0.09448457	0.29945299	12.56665709	-0.09448559
0.28345221	12.75480236	-0.06649452	0.28344094	12.75466251	-0.06654159
0.26649989	12.78288346	-0.91966629	0.26654207	12.78275815	-0.91971709
0.25669998	12.85293814	-0.89482347	0.25674398	12.85277866	-0.89487868
0.23765105	12.85848785	-0.83580091	0.23770349	12.85826427	-0.83586950
0.24840144	12.79781396	-0.85944915	0.24846593	12.79761957	-0.85951263
0.24142166	12.92472319	-0.84450558	0.24145278	12.92451196	-0.84456985
0.22170772	12.92290774	-0.78891607	0.22174212	12.92264811	-0.78900155
0.22824958	12.91845560	-0.77113454	0.22828810	12.91818549	-0.77122659
0.24934324	12.80350965	-0.83874057	0.24941172	12.80329391	-0.83881069
0.22141041	12.85871258	-0.82145425	0.22146913	12.85845086	-0.82153919
0.22635724	12.80152147	-0.84442717	0.22643072	12.80128048	-0.84451160
0.21069562	12.92227630	-0.77920047	0.21073080	12.92198612	-0.77929828
0.17013420	12.93425801	-0.76468604	0.17016797	12.93391407	-0.76480242
0.17791715	12.86711916	-0.80309145	0.17797265	12.86681057	-0.80319231
0.17995549	12.80357074	-0.82414954	0.18003688	12.80327000	-0.82424488
0.27122614	12.71290912	-0.94481622	0.27126044	12.71280956	-0.94487733
0.25597162	12.73671742	-0.88361483	0.25603998	12.73654910	-0.88367902
0.25784759	12.75221343	-0.86132329	0.25792684	12.75201981	-0.86139343
0.27546250	12.71583422	-0.87451415	0.27553742	12.71567146	-0.87458216
0.23523231	12.74392561	-0.87122722	0.23532205	12.74370482	-0.87130985
0.18659143	12.73607960	-0.85375013	0.18670446	12.73579951	-0.85385386
0.28332130	12.32715604	-0.16217093	0.28348210	12.32700444	-0.16213185
0.30076039	12.42381029	-0.12853038	0.30087621	12.42367574	-0.12850482
0.34854558	12.42214379	-0.14488972	0.34866147	12.42202928	-0.14486563
0.33398406	12.35265516	-0.17744726	0.33411781	12.35254185	-0.17741861
0.35255258	12.43473595	-0.15218113	0.35266635	12.43462016	-0.15215939
0.36226837	12.41514676	-0.14995729	0.36238636	12.41503549	-0.14993413
0.34828105	12.34722316	-0.18388667	0.34838040	12.34713078	-0.18385526
0.39938369	12.38188374	-0.15842588	0.39950310	12.38178567	-0.15840172
0.12071606	13.13880399	-0.47219227	0.12065554	13.13830902	-0.47251957
0.15060989	13.12579151	-0.48594537	0.15055100	13.12536229	-0.48621645
0.12454850	13.08641135	-0.58014653	0.12458967	13.08588474	-0.58043254
0.15969629	13.07146124	-0.59054282	0.15971953	13.07101443	-0.59076886
0.16263157	13.11459198	-0.49254485	0.16257842	13.11418614	-0.49278830
0.16839668	13.12104946	-0.49264451	0.16833296	13.12065651	-0.49288083
0.17866183	13.06497090	-0.58657077	0.17866867	13.06457104	-0.58676296
0.20476639	13.07055194	-0.62568827	0.20476088	13.07019450	-0.62584133
0.20382927	13.12697228	-0.52490392	0.20376857	13.12661453	-0.52509404
0.22054683	13.00037494	-0.74366334	0.22055760	13.00008869	-0.74376131
0.19910577	12.99535625	-0.69571965	0.19912636	12.99501983	-0.69584575
0.18473310	12.99837045	-0.69535538	0.18475187	12.99801249	-0.69550029
0.14647173	13.01294676	-0.68427524	0.14648949	13.01253360	-0.68445997
0.39453277	13.09016814	-0.26277712	0.39442098	13.09001116	-0.26287732
0.42991076	13.00978228	-0.17888542	0.42982144	13.00965880	-0.17896134
0.45856243	12.87914231	-0.13254235	0.45852445	12.87903846	-0.13258789
0.31320564	12.99030366	-0.86199730	0.31322206	12.99014518	-0.86204199
0.33709868	12.91244707	-0.95115963	0.33713898	12.91234897	-0.95120159
0.29512799	13.05947038	-0.75005031	0.29511572	13.05925858	-0.75011657
0.13655978	12.96106579	-0.06044007	0.13643354	12.96087885	-0.06061028
0.11461355	13.06514064	-0.10538072	0.11444583	13.06491990	-0.10562435
0.09306733	13.12842457	-0.17568281	0.09289491	13.12815083	-0.17598373
0.08871449	13.02593497	-0.62553266	0.08874865	13.02538395	-0.62581570
0.06903440	13.09070601	-0.54814967	0.06912650	13.09002424	-0.54853795
0.10779659	12.95425282	-0.67931997	0.10783775	12.95379104	-0.67949513
0.47335859	12.68407071	-0.13238617	0.47340270	12.68397465	-0.13239962
0.48298762	12.47498752	-0.16088860	0.48309464	12.47489560	-0.16088082
0.34608161	12.83171026	-1.00407731	0.34611861	12.83165181	-1.00411450
0.34688682	12.75672349	-1.03325018	0.34691687	12.75668865	-1.03329215
0.48401857	12.33753461	-0.19915734	0.48412242	12.33745347	-0.19914495
0.34555040	12.69677282	-1.05199952	0.34556846	12.69674855	-1.05203471
0.15854054	12.47108164	-0.10522137	0.15864344	12.47088586	-0.10520715
0.16430727	12.62721018	-0.07594086	0.16434711	12.62702278	-0.07597206
0.10985770	12.75351944	-0.74885940	0.10998700	12.75310979	-0.74898403
0.11001947	12.82215299	-0.72522510	0.11011126	12.82173201	-0.72535521
0.15505294	12.80654339	-0.05556406	0.15500565	12.80636015	-0.05566099
0.11216208	12.88757080	-0.70733002	0.11223589	12.88713337	-0.70747139
0.33061096	13.14244912	-0.50110841	0.33053381	13.14221148	-0.50122124
0.30480367	13.11380533	-0.62790274	0.30477086	13.11355769	-0.62799729
0.36095391	13.13437451	-0.37499861	0.36085284	13.13416830	-0.37511820
0.06423772	13.16224260	-0.34823791	0.06410916	13.16183749	-0.34861543
0.06130982	13.13752267	-0.45059135	0.06127524	13.13693413	-0.45100727
0.07558262	13.15980250	-0.25665258	0.07542118	13.15947548	-0.25699129
0.88208598	11.96611277	-0.58464333	0.88208488	11.96605990	-0.58467778
0.81676000	12.01719950	-0.47386000	0.81676000	12.01719950	-0.47386000
0.92254257	11.93824618	-0.71356754	0.92254287	11.93818157	-0.71362536
0.91009312	12.00474639	-0.71843346	0.91011836	12.00468535	-0.71848446
0.87452543	12.05157094	-0.63196689	0.87456718	12.05151343	-0.63200531
0.80626522	12.11424146	-0.52888566	0.80632535	12.11419448	-0.52891156
0.95585742	11.93072864	-0.83791938	0.95585071	11.93066874	-0.83798671
0.97507980	11.94671506	-0.94934490	0.97507329	11.94665224	-0.94941512
0.94320418	12.06472761	-0.93268825	0.94323611	12.06467249	-0.93274755
0.92891878	12.03443892	-0.81500111	0.92894941	12.03438220	-0.81505575
0.97426971	11.98901497	-1.04257109	0.97429479	11.98896405	-1.04264151
0.93958661	12.06374242	-1.12950744	0.93963418	12.06370412	-1.12957788
0.91649936	12.12645523	-1.10710821	0.91654085	12.12641216	-1.10717008
0.94044611	12.09963563	-1.03056607	0.94048413	12.09958623	-1.03062511
0.85886510	12.18190270	-1.22059043	0.85890652	12.18187104	-1.22064759
0.74238813	12.33291534	-1.27113604	0.74240590	12.33288671	-1.27116714
0.74644650	12.36120333	-1.19941985	0.74646691	12.36117346	-1.19945056
0.85711222	12.22779957	-1.15792698	0.85714827	12.22776145	-1.15797676
0.60114537	12.48297288	-1.23770068	0.60114807	12.48296852	-1.23770161
0.47112669	12.61370004	-1.15274112	0.47113441	12.61369897	-1.15274998
0.49420000	12.61570000	-1.07906000	0.49420000	12.61570000	-1.07906000
0.61447000	12.50220000	-1.16283000	0.61447000	12.50220000	-1.16283000
0.38301693	12.64729226	-1.04983510	0.38302831	12.64728027	-1.04985358
0.33220160	12.64742823	-0.95710407	0.33222312	12.64736820	-0.95715020
0.37140000	12.64100070	-0.89641000	0.37140000	12.64100070	-0.89641000
0.41679000	12.64250090	-0.98287004	0.41679000	12.64250090	-0.98287004
0.31431033	12.67898475	-0.89770487	0.31435039	12.67888820	-0.89776019
0.31045259	12.70635111	-0.87026850	0.31052085	12.70622455	-0.87032459
0.33885941	12.69401793	-0.81301662	0.33895520	12.69386609	-0.81306381
0.34781962	12.66909277	-0.84057473	0.34788077	12.66898567	-0.84060516
0.30153170	12.69362991	-0.87422979	0.30162000	12.69349622	-0.87429946
0.25855303	12.68321271	-0.84487710	0.25867341	12.68299550	-0.84496359
0.29881192	12.68030172	-0.77534481	0.29892873	12.68009304	-0.77541453
0.33776557	12.68260935	-0.81172100	0.33787759	12.68245509	-0.81177632
0.15239408	12.71805155	-0.71678596	0.15254056	12.71767781	-0.71689770
0.02046857	12.77099630	-0.57634638	0.02060316	12.77043253	-0.57649069
0.02447521	12.80890275	-0.49945724	0.02456196	12.80838418	-0.49960354
0.17636925	12.73315100	-0.64138282	0.17650163	12.73278225	-0.64148117
-0.09641472	12.81379853	-0.51360721	-0.09633222	12.81317025	-0.51378963
-0.20405061	12.84575679	-0.51768706	-0.20399572	12.84509908	-0.51792480
-0.20738405	12.91451037	-0.45762845	-0.20735780	12.91390603	-0.45792219
-0.09856969	12.87353865	-0.44366852	-0.09853743	12.87296365	-0.44388599
-0.30929752	12.86619597	-0.57761693	-0.30922912	12.86547294	-0.57790200
-0.40797745	12.87742436	-0.64537622	-0.40789509	12.87662903	-0.64569305
-0.42454442	12.90530235	-0.59366827	-0.42447837	12.90454416	-0.59401070
-0.31868250	12.91949584	-0.52277635	-0.31863848	12.91881833	-0.52310758
-0.49610205	12.88097300	-0.67335431	-0.49601564	12.88012149	-0.67368591
-0.57579192	12.87773577	-0.66151574	-0.57570287	12.87686403	-0.66185791
-0.57499565	12.88021506	-0.62616136	-0.57491191	12.87937349	-0.62650387
-0.51839277	12.88884824	-0.62513317	-0.51831610	12.88803178	-0.62547610
-0.64991960	12.86967032	-0.60996346	-0.64983054	12.86880303	-0.61029666
-0.69919541	12.85353082	-0.53042146	-0.69911191	12.85271428	-0.53074638
-0.66206460	12.86968755	-0.50219552	-0.66199376	12.86892175	-0.50253902
-0.62466854	12.87885370	-0.57901035	-0.62458680	12.87803042	-0.57935411
-0.70417457	12.82638415	-0.43516656	-0.70411911	12.82568142	-0.43547938
-0.67731200	12.77962341	-0.34533323	-0.67726116	12.77900730	-0.34563374
-0.65570108	12.78614966	-0.35827946	-0.65564990	12.78553102	-0.35857945
-0.66792442	12.83264264	-0.41859172	-0.66787296	12.83196669	-0.41891070
-0.63066225	12.70526835	-0.28205151	-0.63060640	12.70470571	-0.28232359
-0.55718287	12.64474508	-0.23331407	-0.55711901	12.64422861	-0.23354333
-0.53953615	12.70393355	-0.26474532	-0.53948789	12.70340682	-0.26498917
-0.61560030	12.74736138	-0.31465137	-0.61554946	12.74678551	-0.31493200
-0.45016981	12.63985680	-0.18600249	-0.45012517	12.63939581	-0.18619452
-0.32297369	12.61925490	-0.15002999	-0.32292968	12.61884424	-0.15017200
-0.30517107	12.67286584	-0.17898553	-0.30514048	12.67244398	-0.17914902
-0.43125071	12.69725172	-0.21601007	-0.43121673	12.69678231	-0.21622185
-0.18608772	12.51497319	-0.13637358	-0.18600082	12.51460675	-0.13643663
-0.03721352	12.39939256	-0.14340624	-0.03707438	12.39908236	-0.14339537
-0.03483433	12.46904377	-0.17458847	-0.03471898	12.46872262	-0.17460141
-0.17454040	12.57761728	-0.16530622	-0.17447205	12.57724249	-0.16539011
0.12409291	12.33935226	-0.16357791	0.12425800	12.33911859	-0.16353776
0.25259254	12.32108675	-0.18885807	0.25275813	12.32091293	-0.18881833
0.23200436	12.38070767	-0.24097400	0.23214422	12.38051386	-0.24094286
0.11433161	12.40658115	-0.20507808	0.11446986	12.40633042	-0.20505437
0.30246325	12.35548238	-0.21020727	0.30260091	12.35534710	-0.21017775
0.28783040	12.43918588	-0.27968604	0.28794826	12.43902307	-0.27967443
0.27974923	12.41138692	-0.26575597	0.27987403	12.41122203	-0.26573638
0.31378665	12.34596015	-0.22287520	0.31387560	12.34587025	-0.22285262
0.34620000	12.27620000	-0.23202000	0.34620000	12.27620000	-0.23202000
0.31972386	12.33273341	-0.29080183	0.31981616	12.33263221	-0.29080519
0.28690758	12.39766721	-0.28081833	0.28701897	12.39752311	-0.28080780
0.44425997	12.21770000	-0.27141000	0.44425997	12.21770000	-0.27141000
0.57587000	12.16340070	-0.32883000	0.57587000	12.16340070	-0.32883000
0.56982824	12.24274860	-0.38299619	0.56991083	12.24269448	-0.38299962
0.42795485	12.28582011	-0.32796348	0.42804031	12.28575090	-0.32795965
0.70622003	12.08180000	-0.39380000	0.70622003	12.08180000	-0.39380000
0.70027552	12.18104073	-0.44765917	0.70034932	12.18099056	-0.44767192
0.76340698	12.39341877	-1.04858324	0.76344927	12.39337439	-1.04862115
0.86559846	12.24467124	-1.04747379	0.86564259	12.24462516	-1.04752345
0.78296847	12.37684778	-0.86047955	0.78304028	12.37678827	-0.86052128
0.87484636	12.22324272	-0.90699573	0.87490308	12.22318874	-0.90704307
0.79571449	12.26233631	-0.67272312	0.79579953	12.26227178	-0.67275746
0.87474823	12.14943151	-0.75480555	0.87480823	12.14936964	-0.75484839
0.53368517	12.60800352	-0.90310811	0.53374745	12.60793913	-0.90314050
0.64704290	12.52217065	-0.99075899	0.64709083	12.52212741	-0.99078690
0.56517396	12.53832110	-0.69162697	0.56527787	12.53821673	-0.69165572
0.67803941	12.47851801	-0.78144095	0.67812650	12.47844407	-0.78147574
0.57101657	12.38626802	-0.51120738	0.57113011	12.38617389	-0.51122020
0.69271544	12.34002415	-0.58930227	0.69281578	12.33995108	-0.58932569
-0.21819143	12.90997994	-0.37280214	-0.21818503	12.90944846	-0.37309439
-0.11227663	12.86699240	-0.35685282	-0.11226712	12.86650580	-0.35706786
-0.23969862	12.85229126	-0.28610469	-0.23970001	12.85181927	-0.28635669
-0.13293628	12.80278960	-0.27256196	-0.13292730	12.80236102	-0.27274431
-0.01555846	12.73547760	-0.30784019	-0.01550941	12.73508489	-0.30794878
0.00763381	12.80126591	-0.40357934	0.00769141	12.80079788	-0.40372016
-0.27334239	12.76200915	-0.22310892	-0.27333248	12.76156979	-0.22331192
-0.15552247	12.68948535	-0.21012188	-0.15548880	12.68908993	-0.21025123
-0.02855862	12.60350032	-0.23085401	-0.02848289	12.60315102	-0.23091399
-0.55432572	12.90922422	-0.54401631	-0.55426763	12.90846825	-0.54438181
-0.58831204	12.90299832	-0.45228324	-0.58827025	12.90231515	-0.45265186
-0.48596159	12.92329291	-0.39118640	-0.48594436	12.92268763	-0.39155523
-0.45279858	12.93593834	-0.49678949	-0.45276138	12.93525359	-0.49716214
-0.60470231	12.83100290	-0.37307341	-0.60466019	12.83038634	-0.37339195
-0.51561930	12.82135755	-0.31462513	-0.51559213	12.82080357	-0.31492516
-0.33664743	12.93465807	-0.42904182	-0.33662945	12.93405436	-0.42938754
-0.36345689	12.89951612	-0.33031229	-0.36345334	12.89898458	-0.33063591
-0.39896012	12.80209023	-0.26144235	-0.39894508	12.80159963	-0.26170652
0.29376779	12.63839232	-0.65147362	0.29390666	12.63813529	-0.65153664
0.33552740	12.63525635	-0.67493642	0.33566987	12.63504046	-0.67499381
0.26751351	12.57130045	-0.50146283	0.26765959	12.57104269	-0.50149765
0.31391179	12.57051879	-0.51138987	0.31406011	12.57029474	-0.51141534
0.31793797	12.58854753	-0.49583379	0.31806776	12.58833116	-0.49586322
0.33645249	12.64954949	-0.66652797	0.33657935	12.64933295	-0.66658359
0.34361627	12.63210093	-0.68914678	0.34373965	12.63189671	-0.68920279
0.32036596	12.57435761	-0.51066666	0.32049762	12.57414338	-0.51069596
0.35274427	12.55469767	-0.55130902	0.35287927	12.55449643	-0.55134062
0.37290448	12.61359011	-0.73965228	0.37301378	12.61340880	-0.73970946
0.32759770	12.44007598	-0.39903390	0.32771728	12.43991448	-0.39904241
0.29524201	12.48679732	-0.37573357	0.29536178	12.48661466	-0.37574072
0.28957253	12.49084422	-0.37079197	0.28970441	12.49064792	-0.37079217
0.24206377	12.47647096	-0.35460567	0.24219489	12.47624905	-0.35460995
0.44593002	12.55344039	-0.61322750	0.44605577	12.55328218	-0.61325860
0.43905351	12.62131682	-0.81518227	0.43913895	12.62119932	-0.81523629
0.43426214	12.41180148	-0.44607324	0.43438163	12.41168042	-0.44608026
0.13808094	12.63883114	-0.40960882	0.13819373	12.63849157	-0.40966328
0.16443770	12.70919491	-0.53211970	0.16455715	12.70883057	-0.53219900
0.11954358	12.52190864	-0.29368829	0.11965985	12.52162080	-0.29370099
0.16365552	13.14388221	-0.39574932	0.16353928	13.14353344	-0.39600158
0.25927477	13.03059291	-0.12969124	0.25914036	13.03042136	-0.12984335
0.29873873	12.91668633	-0.08782909	0.29865648	12.91654688	-0.08791807
0.32805141	12.73669892	-0.09292196	0.32805730	12.73656741	-0.09295952
0.34826254	12.55730500	-0.12238364	0.34834397	12.55717763	-0.12238027
0.24171193	12.85761027	-0.81494247	0.24176880	12.85737225	-0.81501673
0.33929860	12.37476523	-0.18477086	0.33941679	12.37465691	-0.18474393
0.17691642	13.05971739	-0.58936932	0.17693335	13.05930659	-0.58956536
0.20259125	12.99015093	-0.68906523	0.20261544	12.98981378	-0.68919216
0.89637073	11.96079913	-0.57118872	0.89636597	11.96074171	-0.57122304
0.82721507	12.01967948	-0.45665747	0.82721553	12.01967497	-0.45665690
0.93992132	11.92392825	-0.70495338	0.93991554	11.92385699	-0.70501245
0.74584177	12.33151404	-1.28663740	0.74585863	12.33148605	-1.28666881
0.46151710	12.61949808	-1.16638531	0.46152787	12.61949701	-1.16639597
0.35374632	12.65798782	-1.05845670	0.35376127	12.65796910	-1.05848611
0.28759774	12.66157684	-0.96041436	0.28762305	12.66149564	-0.96046984
0.27356786	12.69145102	-0.89930145	0.27362509	12.69131444	-0.89936468
0.25735921	12.70253363	-0.88631802	0.25747974	12.70233278	-0.88640468
0.20915245	12.68817784	-0.86839888	0.20928954	12.68792142	-0.86850834
0.12084552	12.70949715	-0.75405424	0.12099973	12.70910446	-0.75418090
0.01262347	12.74219287	-0.62392985	0.01278135	12.74162599	-0.62408468
-0.19631347	12.78241111	-0.55837617	-0.19623413	12.78172502	-0.55856748
-0.29957725	12.82398432	-0.60864856	-0.29949099	12.82323452	-0.60889692
-0.48354556	12.88599293	-0.69562096	-0.48345672	12.88512423	-0.69595389
-0.56568379	12.88905542	-0.68404050	-0.56559719	12.88816832	-0.68439256
-0.71149425	12.85784097	-0.54193309	-0.71140932	12.85700564	-0.54226338
-0.18824458	12.52470989	-0.11434299	-0.18816682	12.52435182	-0.11441064
0.14182260	12.35511105	-0.13891978	0.14197930	12.35489350	-0.13888220
0.30990655	12.38331062	-0.22279565	0.31002414	12.38318298	-0.22277359
0.38338675	12.29367123	-0.19519588	0.38342953	12.29361818	-0.19518979
0.46937723	12.23713093	-0.23878227	0.46941515	12.23709273	-0.23876703
0.71414476	12.09174838	-0.37178964	0.71415185	12.09173819	-0.37178944
0.29616694	12.51396806	-0.36891627	0.29628786	12.51377771	-0.36892446
0.58472112	12.77737521	-0.54129798	0.58479380	12.77726242	-0.54132143
0.30572967	12.98837462	-0.53046009	0.30573886	12.98811640	-0.53055126
0.03433833	12.99388877	-0.26351842	0.03427487	12.99351679	-0.26376324
0.10269023	13.07651122	-0.30864752	0.10258732	13.07616795	-0.30889977
0.32004568	12.86797952	-0.29449405	0.32004857	12.86778640	-0.29455696
0.03145188	12.96582553	-0.42190178	0.03146442	12.96530923	-0.42212711
0.12472648	13.04401438	-0.41795469	0.12468320	13.04360192	-0.41816364
0.36764002	12.82293472	-0.69366415	0.36771428	12.82274876	-0.69371950
0.15878913	13.02827396	-0.17991332	0.15866861	13.02802691	-0.18010723
0.22133783	12.81422089	-0.79407792	0.22141607	12.81395090	-0.79416162
0.33081805	12.75753200	-0.53128383	0.33090593	12.75729955	-0.53133846
0.32962658	12.88640981	-0.84163297	0.32967674	12.88625740	-0.84168120
0.39492092	12.43571885	-0.24537647	0.39503306	12.43560763	-0.24536650
0.24630967	13.04579854	-0.44689827	0.24626606	13.04550191	-0.44703718
0.47738649	12.68439663	-0.66767125	0.47748331	12.68425172	-0.66771144
0.69898391	12.74913543	-0.77245759	0.69905868	12.74906539	-0.77248249
0.32832234	12.93937866	-0.20028883	0.32826586	12.93921341	-0.20037029
-0.42646549	12.90963210	-0.24509357	-0.42648424	12.90914871	-0.24543891
0.15453667	13.08066351	-0.24934904	0.15440954	13.08038379	-0.24957391
0.32486020	12.94571363	-0.68805093	0.32489344	12.94549280	-0.68812521
-0.51351830	12.90933563	-0.28532237	-0.51352172	12.90880489	-0.28568566
0.22975810	13.03068702	-0.32872883	0.22968459	13.03042016	-0.32888115
0.29090167	12.45909873	-0.20100147	0.29101081	12.45894581	-0.20098608
0.12061799	13.09753564	-0.37076384	0.12052794	13.09714844	-0.37102776
0.21171233	13.07619585	-0.48922680	0.21166965	13.07585795	-0.48939452
0.25563271	12.61209184	-0.24501499	0.25571255	12.61188910	-0.24503488
0.16937399	12.93607598	-0.50900891	0.16942032	12.93567467	-0.50914466
0.27862826	12.89053656	-0.83164711	0.27867498	12.89034335	-0.83171000
0.28536471	12.83986321	-0.83488082	0.28542296	12.83967971	-0.83494063
0.23270087	13.02082616	-0.54487295	0.23270746	13.02049054	-0.54500489
0.37719462	12.79894518	-0.19803167	0.37720440	12.79879761	-0.19807294
0.49897127	12.59176142	-0.43292887	0.49908046	12.59163840	-0.43294160
0.30623675	12.76051800	-0.88753552	0.30628862	12.76039519	-0.88758715
0.16273776	12.96335759	-0.64427366	0.16278159	12.96296139	-0.64441965
0.39186491	12.37559004	-0.22225497	0.39197894	12.37549504	-0.22223931
0.35895092	12.48339310	-0.31244478	0.35906744	12.48324668	-0.31244396
0.19615110	12.86786278	-0.18704491	0.19612000	12.86763444	-0.18714413
0.39009037	12.73003445	-0.90984851	0.39013135	12.72997355	-0.90988060
0.29800819	12.79261724	-0.84895533	0.29807325	12.79245504	-0.84901105
0.14684220	13.11297379	-0.28174671	0.14670737	13.11267441	-0.28199633
0.41578970	12.60636097	-0.24740463	0.41586831	12.60623527	-0.24741301
0.21652458	12.85917269	-0.77080006	0.21658766	12.85888730	-0.77089058
0.42868175	12.71286725	-0.82704393	0.42876100	12.71275607	-0.82708452
0.82792793	12.74486026	-0.86778252	0.82799415	12.74480653	-0.86781039
0.56677453	12.79116583	-0.92715251	0.56683955	12.79110675	-0.92718125
0.34209608	12.68567870	-0.19907121	0.34214230	12.68552303	-0.19909603
0.25217921	12.76245810	-0.18160975	0.25219107	12.76226489	-0.18166720
