0.85098000	12.73670000	-0.42027998	0.85146817	12.73675044	-0.42056255
0.82218000	12.87490000	-0.44889998	0.82277008	12.87497815	-0.44924401
0.89827996	12.83360000	-0.54721000	0.89878129	12.83359661	-0.54756976
0.93015003	12.70040000	-0.53268000	0.93055817	12.70036891	-0.53297705
0.77972000	12.96580000	-0.50917000	0.78034830	12.96589677	-0.50954524
0.85980000	12.91970060	-0.59010000	0.86034077	12.91971066	-0.59048877
0.90906000	12.87680050	-0.65046000	0.90952281	12.87675265	-0.65085408
0.94737000	12.80690000	-0.64478004	0.94779207	12.80683422	-0.64515264
0.98124000	12.67780000	-0.64582000	0.98158722	12.67771901	-0.64613296
0.71713000	12.76640000	-1.16413009	0.71723387	12.76625488	-1.16437803
0.83944000	12.71580000	-1.14240000	0.83955794	12.71562118	-1.14268329
0.80804010	12.82230090	-1.07359000	0.80824232	12.82214913	-1.07392185
0.68590003	12.86860080	-1.09031000	0.68610148	12.86848771	-1.09061091
0.94060004	12.68200000	-1.07965000	0.94074745	12.68180290	-1.07996151
0.90761006	12.79310000	-1.02094007	0.90784078	12.79292879	-1.02131169
0.86807007	12.86160000	-0.97031003	0.86836055	12.86145955	-0.97069387
0.78928000	12.90249920	-0.98565000	0.78957969	12.90238435	-0.98601967
0.66735000	12.94850060	-0.99105996	0.66766786	12.94843274	-0.99140236
0.59628004	12.83420000	-0.20819000	0.59694829	12.83453664	-0.20843610
0.57800000	12.97120090	-0.25585002	0.57876221	12.97157086	-0.25614514
0.71198005	12.92340000	-0.34866000	0.71265682	12.92359761	-0.34897694
0.73344004	12.78399940	-0.30827000	0.73401510	12.78417571	-0.30853135
0.54743000	13.05760100	-0.34026000	0.54821969	13.05797762	-0.34059427
0.67580000	13.01380060	-0.42442998	0.67651228	13.01400579	-0.42478325
0.46756002	12.88159940	-1.06358993	0.46777890	12.88159155	-1.06379395
0.59376997	12.82730000	-1.13641012	0.59390991	12.82720444	-1.13663665
0.56310004	12.91970060	-1.06397000	0.56334420	12.91964427	-1.06424550
0.43909000	12.96410080	-0.98893994	0.43943031	12.96415881	-0.98919437
0.54296000	12.99430000	-0.96231000	0.54333812	12.99431560	-0.96263517
0.41830000	13.03350070	-0.88625000	0.41877761	13.03365256	-0.88654869
-0.01381000	12.98910000	-0.06632000	-0.01315021	12.98980852	-0.06657178
-0.14222000	13.00080000	-0.08833000	-0.14161530	13.00138230	-0.08858364
-0.14472000	13.07420060	-0.13491000	-0.14416072	13.07477187	-0.13516325
-0.01992000	13.07640080	-0.11030000	-0.01929288	13.07708947	-0.11056441
-0.26099000	13.00240000	-0.12461000	-0.26040901	13.00283353	-0.12485300
-0.26196000	13.06380000	-0.17306000	-0.26144323	13.06422679	-0.17328784
-0.26321003	13.10500050	-0.23859000	-0.26274526	13.10541373	-0.23881151
-0.14673000	13.12110000	-0.20109999	-0.14621260	13.12165958	-0.20135208
-0.02491000	13.13040070	-0.17619000	-0.02432204	13.13107578	-0.17645238
0.03121000	12.97520000	-0.59077000	0.03180453	12.97584372	-0.59099913
0.01617000	13.03760050	-0.56526000	0.01676749	13.03825911	-0.56551563
-0.06479000	13.03959940	-0.55471003	-0.06428107	13.04022860	-0.55495168
-0.05060000	12.98340000	-0.57033000	-0.05005103	12.98403975	-0.57055270
-0.00341000	13.09160000	-0.51788000	-0.00282639	13.09224842	-0.51814887
-0.08635000	13.08589940	-0.51902000	-0.08586907	13.08651121	-0.51926952
-0.17985000	13.07870000	-0.53517000	-0.17946627	13.07917440	-0.53536953
-0.15723000	13.03770000	-0.57106000	-0.15681973	13.03820243	-0.57125630
-0.14254001	12.98650070	-0.58848000	-0.14207525	12.98702352	-0.58866469
0.98743004	12.28880000	-0.67193000	0.98754446	12.28871867	-0.67206684
0.96647996	12.06990000	-0.68786000	0.96649274	12.06985486	-0.68791337
0.91390000	12.09670070	-0.55256003	0.91391295	12.09667519	-0.55261149
0.92882010	12.30350000	-0.53679000	0.92895800	12.30345663	-0.53691144
0.83595000	12.14660070	-0.43133003	0.83598596	12.14659770	-0.43137701
0.84339000	12.32870000	-0.41143999	0.84355484	12.32870584	-0.41154856
0.97943000	12.38000000	-1.14153000	0.97943421	12.37980795	-1.14171420
0.88453000	12.44060000	-1.21054000	0.88451225	12.44041422	-1.21070674
0.87983000	12.28110000	-1.23539007	0.87976783	12.28093376	-1.23550593
0.97187006	12.18870070	-1.15688000	0.97183560	12.18854285	-1.15700137
0.75735000	12.51690000	-1.23934007	0.75733340	12.51675807	-1.23946477
0.75349003	12.39670090	-1.27077000	0.75342068	12.39656279	-1.27085727
0.86754000	12.17640000	-1.24323000	0.86747961	12.17624436	-1.24332479
0.95291007	12.05410000	-1.15495000	0.95287238	12.05396064	-1.15503002
0.99353000	12.49780000	-0.65717000	0.99376974	12.49771397	-0.65739932
0.93692000	12.51380060	-0.53070000	0.93720273	12.51375751	-0.53091445
0.85271996	12.54230000	-0.40872002	0.85306144	12.54231918	-0.40891549
0.86804000	12.58710000	-1.18370000	0.86808891	12.58691257	-1.18392476
0.96711000	12.54440000	-1.11789000	0.96718549	12.54419528	-1.11814943
0.74284000	12.64470000	-1.20865000	0.74288207	12.64455404	-1.20884446
0.60008997	12.42000000	-0.22572999	0.60036585	12.42015763	-0.22583079
0.60045000	12.63480000	-0.20322001	0.60096702	12.63506550	-0.20338904
0.73379004	12.58500000	-0.29752000	0.73421056	12.58513283	-0.29769583
0.72737000	12.37080000	-0.30848000	0.72757539	12.37087226	-0.30858394
0.46882000	12.70490070	-1.15072000	0.46884405	12.70484695	-1.15078241
0.61207000	12.61500070	-1.21942000	0.61205859	12.61493269	-1.21949834
0.60884000	12.71920000	-1.18590009	0.60887646	12.71910098	-1.18604306
0.47390000	12.78880000	-1.11704000	0.47400657	12.78875562	-1.11716481
0.58653000	12.17480000	-0.30181000	0.58654901	12.17483248	-0.30183552
0.59724003	12.28070000	-0.26254000	0.59735361	12.28078321	-0.26260304
0.72332000	12.21610070	-0.33775002	0.72339682	12.21614397	-0.33781251
0.60072000	12.48690000	-1.25183000	0.60066994	12.48683931	-1.25182380
0.60686004	12.53430080	-1.24357009	0.60682430	12.53423168	-1.24358762
0.46272000	12.64919950	-1.16639006	0.46271559	12.64915130	-1.16642019
-0.00541000	12.71130000	-0.06534000	-0.00460577	12.71210620	-0.06562939
-0.15408000	12.77979950	-0.07262000	-0.15330267	12.78041548	-0.07290361
-0.14420001	12.90260000	-0.07008001	-0.14349919	12.90320680	-0.07034921
-0.00588000	12.86570000	-0.05461000	-0.00517431	12.86641825	-0.05484375
-0.29003000	12.83090110	-0.09720000	-0.28928186	12.83129984	-0.09747230
-0.27146003	12.92600000	-0.10104001	-0.27081044	12.92641999	-0.10128455
0.02713000	12.84570000	-0.61986000	0.02768972	12.84632358	-0.62003136
0.03334000	12.91109940	-0.60725003	0.03392791	12.91173510	-0.60745212
-0.04773000	12.92160000	-0.57967000	-0.04715845	12.92223527	-0.57987711
-0.05600000	12.85679910	-0.58369005	-0.05541675	12.85741702	-0.58387191
-0.13938001	12.92920110	-0.59671000	-0.13887232	12.92972714	-0.59688250
-0.14913000	12.86840060	-0.59556000	-0.14857100	12.86890188	-0.59568470
-0.03472000	12.41560000	-0.11991000	-0.03421052	12.41637769	-0.12025576
-0.17511000	12.63270090	-0.09055000	-0.17426593	12.63335475	-0.09091112
-0.02000000	12.54070000	-0.08941000	-0.01933317	12.54149542	-0.08971503
-0.32655000	12.62550000	-0.12926000	-0.32561632	12.62588299	-0.12967469
-0.31288000	12.71320060	-0.10910000	-0.31203849	12.71358239	-0.10944407
0.01711000	12.77940000	-0.63168000	0.01763442	12.77999816	-0.63179542
-0.07540000	12.79040050	-0.58086000	-0.07478096	12.79097542	-0.58095189
-0.09324000	12.76340000	-0.56080000	-0.09257881	12.76396812	-0.56083142
-0.17319000	12.80590060	-0.58353000	-0.17256405	12.80635110	-0.58358461
-0.38329002	12.99949930	-0.17385000	-0.38274963	12.99974272	-0.17403488
-0.37548003	13.04970000	-0.21959000	-0.37499471	13.04996906	-0.21976156
-0.49313998	12.99270060	-0.23046000	-0.49263097	12.99279898	-0.23054101
-0.47342000	13.03350070	-0.27143000	-0.47296985	13.03363304	-0.27151476
-0.45135003	13.06680000	-0.32168000	-0.45095959	13.06694935	-0.32177846
-0.36559000	13.08680000	-0.27872000	-0.36516385	13.08706848	-0.27889113
-0.26153000	13.03540000	-0.59059000	-0.26120825	13.03572131	-0.59076245
-0.24714000	12.99019910	-0.61556000	-0.24677691	12.99053424	-0.61572556
-0.28180000	13.07180000	-0.55014000	-0.28149873	13.07210705	-0.55031486
-0.37645000	13.06320100	-0.55873000	-0.37620250	13.06331946	-0.55884263
-0.36155000	13.03200050	-0.60361000	-0.36129249	13.03211343	-0.60371664
-0.35190000	12.99370000	-0.63746000	-0.35164099	12.99379935	-0.63755271
-0.24849999	12.94170090	-0.63141000	-0.24809562	12.94201812	-0.63154664
-0.35938000	12.95480060	-0.66225000	-0.35910339	12.95486382	-0.66230218
-0.37412000	12.91750050	-0.67638004	-0.37384235	12.91752158	-0.67637830
-0.26123000	12.89219950	-0.63596004	-0.26078084	12.89247341	-0.63604341
-0.53731000	12.88700000	-0.18991000	-0.53665762	12.88700156	-0.18998871
-0.55726000	12.76500000	-0.19554000	-0.55645850	12.76495782	-0.19570092
-0.63338000	12.80180070	-0.25304002	-0.63270813	12.80170700	-0.25301223
-0.61534000	12.89779950	-0.25218000	-0.61475712	12.89774146	-0.25213353
-0.56526000	12.66030000	-0.21289001	-0.56430522	12.66022871	-0.21320968
-0.64064000	12.71920000	-0.26498002	-0.63986974	12.71904976	-0.26494827
-0.68911000	12.78900050	-0.33506000	-0.68857507	12.78887491	-0.33486272
-0.68287003	12.84130000	-0.32923000	-0.68236387	12.84120081	-0.32906426
-0.66691000	12.90440080	-0.33078000	-0.66643583	12.90431649	-0.33063798
-0.45578000	12.65020000	-0.16502000	-0.45480694	12.65028047	-0.16543208
-0.44467002	12.74640000	-0.14595000	-0.44383334	12.74652111	-0.14623634
-0.42255998	12.86570000	-0.13751000	-0.42186293	12.86585518	-0.13770601
-0.47001000	12.93320000	-0.68729000	-0.46984242	12.93315471	-0.68724494
-0.47691998	12.90619950	-0.69790000	-0.47677328	12.90616313	-0.69784057
-0.38627002	12.88420000	-0.67825000	-0.38597294	12.88420306	-0.67820428
-0.55660003	12.93830000	-0.66731000	-0.55647179	12.93828020	-0.66723232
-0.56136000	12.91160000	-0.68211000	-0.56125199	12.91159341	-0.68203471
-0.39709002	12.86740000	-0.66786000	-0.39675858	12.86740222	-0.66778436
-0.28094003	12.84400080	-0.62815000	-0.28042477	12.84422887	-0.62816639
0.89871997	12.88490000	-0.90165010	0.89906235	12.88477369	-0.90205923
0.79868000	12.95190000	-0.88763000	0.79906876	12.95182390	-0.88803436
0.91517000	12.89930000	-0.81292003	0.91556712	12.89919824	-0.81333653
0.82003003	12.97180080	-0.78312004	0.82048957	12.97175956	-0.78353824
0.70954000	13.02749920	-0.74186003	0.71008289	13.02754756	-0.74225926
0.67983000	13.00330070	-0.87096995	0.68027263	13.00329877	-0.87135914
0.91621000	12.89550000	-0.72102000	0.91664646	12.89542509	-0.72143235
0.83707000	12.96309950	-0.67659000	0.83759283	12.96308973	-0.67699733
0.74250000	13.01570000	-0.61460000	0.74310498	13.01578323	-0.61499738
1.00032000	12.67140000	-0.98494000	1.00051755	12.67121462	-0.98527765
0.96255000	12.79300000	-0.93988000	0.96282703	12.79283935	-0.94027630
1.02339000	12.67190070	-0.87360000	1.02363823	12.67174100	-0.87394092
0.98232000	12.80240060	-0.84309000	0.98264655	12.80225970	-0.84349240
1.01469000	12.67100050	-0.76026005	1.01498252	12.67087604	-0.76059009
0.97636000	12.80200100	-0.74369997	0.97673210	12.80189071	-0.74409144
0.55964000	13.04880000	-0.82587004	0.56015981	13.04890406	-0.82623174
0.59634000	13.07450000	-0.67702000	0.59696799	13.07466401	-0.67740121
0.47237000	13.11320000	-0.59450000	0.47308869	13.11350759	-0.59485656
0.43532000	13.08660000	-0.74642000	0.43593036	13.08684248	-0.74675955
0.63618004	13.06340000	-0.53891003	0.63687367	13.06359167	-0.53928534
0.51093000	13.10420130	-0.45635000	0.51170683	13.10454562	-0.45670407
-0.38498002	13.08070090	-0.50084000	-0.38470867	13.08085273	-0.50096089
-0.46847000	13.06230070	-0.51340000	-0.46821655	13.06234337	-0.51347335
-0.44854003	13.05090000	-0.55575000	-0.44829578	13.05093823	-0.55582759
-0.39706000	13.08680000	-0.43781000	-0.39674734	13.08697877	-0.43793328
-0.49065000	13.06420000	-0.46890002	-0.49037468	13.06424114	-0.46896012
-0.57501000	13.03780080	-0.49801000	-0.57474636	13.03774856	-0.49797892
-0.53738000	13.03980000	-0.53056000	-0.53713078	13.03976886	-0.53055818
-0.49967000	13.03820000	-0.55677000	-0.49942730	13.03817924	-0.55679630
-0.42254000	13.08340000	-0.37761000	-0.42219897	13.08357404	-0.37772654
-0.50447005	13.06000000	-0.41755000	-0.50415740	13.06005574	-0.41760294
-0.51939005	13.04550080	-0.36666000	-0.51902195	13.04554647	-0.36670267
-0.56496000	13.02850060	-0.39896000	-0.56460473	13.02848231	-0.39895172
-0.57684004	13.03360000	-0.44754002	-0.57654750	13.03356270	-0.44751523
-0.01915000	13.13050000	-0.43595000	-0.01857944	13.13113511	-0.43622025
-0.11083000	13.11810000	-0.44846000	-0.11035708	13.11868178	-0.44870975
-0.02855000	13.15200000	-0.34064000	-0.02798749	13.15262530	-0.34090644
-0.13171001	13.13580000	-0.36194000	-0.13121583	13.13636245	-0.36219128
-0.23283000	13.11860080	-0.39301000	-0.23241611	13.11902984	-0.39322386
-0.20680001	13.10510000	-0.47139000	-0.20641420	13.10554956	-0.47159613
-0.02912000	13.15380000	-0.25350000	-0.02855235	13.15445308	-0.25377248
-0.14306001	13.13920000	-0.27815002	-0.14256485	13.13975284	-0.27840078
-0.25265000	13.12090000	-0.31348000	-0.25220412	13.12131193	-0.31370384
0.99070996	11.97510050	-1.05858000	0.99068585	11.97498682	-1.05864430
1.01325000	12.12000000	-1.05672000	1.01324210	12.11986352	-1.05682884
0.99313000	11.93020060	-0.95313996	0.99311680	11.93011100	-0.95319072
1.01915000	12.07680000	-0.94247000	1.01915997	12.07669174	-0.94255803
1.03833000	12.29450000	-0.92706007	1.03838957	12.29435380	-0.92722606
1.02699000	12.32910060	-1.04298007	1.02702256	12.32891996	-1.04316313
0.97445005	11.91370000	-0.83416003	0.97444067	11.91364564	-0.83419926
1.00251000	12.06160000	-0.81902000	1.00252938	12.06152397	-0.81909328
1.02458000	12.28350000	-0.80270004	1.02466685	12.28338193	-0.80284919
1.02255000	12.51490000	-1.01866000	1.02266600	12.51470862	-1.01892978
1.04119000	12.49740000	-0.90349000	1.04134076	12.49723402	-0.90375408
1.02993000	12.49200000	-0.78220004	1.03012380	12.49186890	-0.78245139
-0.64261000	12.93289950	-0.61489004	-0.64246359	12.93289544	-0.61476580
-0.64938000	12.90310100	-0.62684005	-0.64925957	12.90312112	-0.62672854
-0.70040005	12.92260000	-0.53506000	-0.70020460	12.92258888	-0.53488145
-0.71084000	12.88640000	-0.54106003	-0.71067240	12.88641596	-0.54089455
-0.65117997	12.87970000	-0.62825000	-0.65107532	12.87973192	-0.62815151
-0.70203000	12.91290000	-0.43280002	-0.70168837	12.91282785	-0.43260571
-0.71549004	12.86780000	-0.43372002	-0.71516577	12.86774848	-0.43351199
-0.71843000	12.83210000	-0.43544003	-0.71813370	12.83206694	-0.43523942
-0.29807000	13.09380050	-0.48784000	-0.29775079	13.09410528	-0.48801700
-0.31627000	13.10360000	-0.41546997	-0.31591314	13.10390154	-0.41564239
-0.34231000	13.10300000	-0.34497002	-0.34192127	13.10329165	-0.34513931
-0.59524006	12.95020000	-0.26494000	-0.59470526	12.95016585	-0.26489696
-0.51489000	12.95330000	-0.20242000	-0.51432497	12.95335142	-0.20248603
-0.64929000	12.94460000	-0.34003000	-0.64883713	12.94452449	-0.33990934
-0.62613004	12.97420000	-0.35691000	-0.62570536	12.97413779	-0.35681658
-0.57219000	12.98220060	-0.28928003	-0.57170399	12.98220126	-0.28926837
-0.40033004	12.94409940	-0.14678000	-0.39972861	12.94431436	-0.14696143
-0.45696002	12.96420000	-0.66890000	-0.45677269	12.96415746	-0.66888611
-0.44506000	12.99650000	-0.64068000	-0.44484327	12.99647757	-0.64071486
-0.52919000	12.99550060	-0.62354004	-0.52900906	12.99545546	-0.62350480
-0.54512000	12.96710110	-0.64950000	-0.54496947	12.96706758	-0.64943405
-0.65907997	12.97980000	-0.52342004	-0.65884591	12.97974627	-0.52327023
-0.68340004	12.95230000	-0.52972000	-0.68318597	12.95226855	-0.52955194
-0.62885000	12.96120000	-0.60210000	-0.62868572	12.96117950	-0.60197019
-0.60797000	12.98840000	-0.58430000	-0.60778196	12.98836751	-0.58419205
-0.62702000	13.00900000	-0.51452000	-0.62677735	13.00894877	-0.51441599
-0.58068000	13.01480000	-0.55733000	-0.58046113	13.01476417	-0.55726652
-0.51100004	13.02120110	-0.58425003	-0.51077967	13.02116079	-0.58425184
-0.68459004	12.94610000	-0.43540000	-0.68425099	12.94602405	-0.43522551
-0.66023004	12.97420000	-0.44134998	-0.65989489	12.97412512	-0.44120416
-0.59391000	13.00530000	-0.38129002	-0.59352265	13.00525887	-0.38124271
-0.62652004	13.00430000	-0.45043000	-0.62621532	13.00424745	-0.45033894
-0.54446000	13.01680000	-0.32354000	-0.54402972	13.01683026	-0.32354701
-0.44150000	13.02720070	-0.60058000	-0.44126921	13.02721486	-0.60064437
0.18115000	13.12039950	-0.18518000	0.18185721	13.12113439	-0.18546531
0.15155000	13.15899940	-0.27046000	0.15224957	13.15968735	-0.27078827
0.17924000	13.14689920	-0.28517002	0.17995520	13.14759728	-0.28549819
0.21312001	13.10710050	-0.19673000	0.21384599	13.10782514	-0.19700754
0.13118000	13.16600000	-0.36558002	0.13186387	13.16665139	-0.36590851
0.15728001	13.15470000	-0.38249000	0.15798881	13.15535289	-0.38282021
0.18381000	13.13800050	-0.29518002	0.18453660	13.13869597	-0.29550538
0.21750000	13.09870050	-0.20313000	0.21823121	13.09942221	-0.20340903
0.19045000	13.14570000	-0.29624000	0.19118784	13.14639042	-0.29657404
0.22290002	13.10520080	-0.19800000	0.22364153	13.10592199	-0.19828522
0.17134000	13.15280060	-0.39961000	0.17207680	13.15344568	-0.39994349
0.21533000	13.15860000	-0.42552000	0.21607844	13.15919982	-0.42584821
0.23687999	13.15100000	-0.31412002	0.23765118	13.15164263	-0.31444132
0.26879000	13.10850050	-0.20878999	0.26954838	13.10917515	-0.20907816
0.25658000	12.93390080	-0.06502000	0.25734042	12.93461570	-0.06524512
0.21968000	13.05030060	-0.11057001	0.22040822	13.05104287	-0.11083201
0.25584000	13.03750000	-0.12194001	0.25658642	13.03822935	-0.12218850
0.29611000	12.92060000	-0.07811000	0.29686043	12.92129579	-0.07832743
0.26607000	13.03550000	-0.12242001	0.26682924	13.03622530	-0.12267079
0.30731001	12.91870000	-0.08150000	0.30806990	12.91938146	-0.08171621
0.31127998	13.03399940	-0.12974000	0.31204645	13.03468594	-0.12999593
0.35109000	12.91089920	-0.08741000	0.35183956	12.91154337	-0.08763524
0.37657002	12.72200000	-0.09144000	0.37721341	12.72253459	-0.09159726
0.33652002	12.73570060	-0.08704000	0.33718008	12.73627470	-0.08718769
0.39418003	12.52660000	-0.12211000	0.39463742	12.52704135	-0.12222985
0.35666000	12.55070000	-0.11747000	0.35715086	12.55118731	-0.11758907
0.32514000	12.73790000	-0.08232000	0.32580339	12.73846967	-0.08246861
0.34448000	12.55350000	-0.11257000	0.34497707	12.55399162	-0.11269353
0.29884002	12.56730000	-0.09454000	0.29935542	12.56782526	-0.09466174
0.28311000	12.75530050	-0.06635001	0.28379126	12.75591230	-0.06650996
0.26621002	12.78330000	-0.91951000	0.26644431	12.78350113	-0.91953896
0.25636002	12.85350000	-0.89465000	0.25668955	12.85374354	-0.89474770
0.23726001	12.85930060	-0.83558000	0.23764699	12.85961367	-0.83569365
0.24799000	12.79850000	-0.85925000	0.24830851	12.79876926	-0.85929989
0.24109002	12.92550090	-0.84430000	0.24152409	12.92580995	-0.84447038
0.22135000	12.92390000	-0.78863000	0.22183616	12.92427516	-0.78880680
0.22787002	12.91950130	-0.77082000	0.22836589	12.91988495	-0.77099980
0.24891000	12.80430000	-0.83851004	0.24925404	12.80458644	-0.83857988
0.22100000	12.85970000	-0.82118000	0.22141084	12.86003514	-0.82131291
0.22591000	12.80240060	-0.84415000	0.22625895	12.80269993	-0.84422205
0.21033001	12.92340000	-0.77887005	0.21082526	12.92378942	-0.77904723
0.16977000	12.93560000	-0.76429003	0.17028984	12.93603775	-0.76447516
0.17751001	12.86830000	-0.80277010	0.17794821	12.86869156	-0.80289916
0.17947000	12.80470000	-0.82383007	0.17983140	12.80505729	-0.82389665
0.27102002	12.71320060	-0.94459003	0.27115868	12.71338311	-0.94456533
0.25557002	12.73730000	-0.88341000	0.25580575	12.73751632	-0.88339175
0.25739000	12.75290000	-0.86109000	0.25766941	12.75314604	-0.86111252
0.27504000	12.71640000	-0.87428000	0.27526521	12.71661306	-0.87426679
0.23473000	12.74470000	-0.87095004	0.23499927	12.74494567	-0.87095536
0.18600000	12.73710060	-0.85339004	0.18628341	12.73740697	-0.85337739
0.28261003	12.32770060	-0.16245000	0.28301065	12.32819745	-0.16259960
0.30014000	12.42430000	-0.12870000	0.30049487	12.42478003	-0.12879125
0.34793000	12.42260000	-0.14503000	0.34826721	12.42304118	-0.14511488
0.33336002	12.35310000	-0.17762999	0.33368151	12.35354296	-0.17773554
0.35194000	12.43520000	-0.15231000	0.35229312	12.43563612	-0.15239901
0.36165000	12.41560000	-0.15009001	0.36196554	12.41602209	-0.15017459
0.34779000	12.34760000	-0.18405001	0.34801582	12.34798697	-0.18414876
0.39878000	12.38230000	-0.15855001	0.39903753	12.38263672	-0.15863093
0.12045000	13.14080000	-0.47081000	0.12113039	13.14143645	-0.47111442
0.15037000	13.12750000	-0.48481998	0.15107453	13.12812271	-0.48511753
0.12392000	13.08860000	-0.57895005	0.12458517	13.08918963	-0.57922753
0.15919000	13.07330000	-0.58962005	0.15986414	13.07386467	-0.58989493
0.16238001	13.11620000	-0.49155003	0.16308865	13.11681465	-0.49184585
0.16819000	13.12260000	-0.49168000	0.16891854	13.12319962	-0.49197504
0.17825000	13.06660000	-0.58580000	0.17893332	13.06715318	-0.58607574
0.20444000	13.07200050	-0.62509000	0.20511808	13.07251083	-0.62537304
0.20365000	13.12840000	-0.52413005	0.20440273	13.12896373	-0.52443898
0.22024000	13.00150000	-0.74332000	0.22081090	13.00191014	-0.74356065
0.19874000	12.99669930	-0.69526000	0.19933672	12.99716739	-0.69549878
0.18438000	12.99980070	-0.69482005	0.18498222	13.00028552	-0.69505402
0.14611000	13.01460000	-0.68357000	0.14672528	13.01512570	-0.68379672
0.39448000	13.09080000	-0.26234000	0.39527872	13.09135211	-0.26264550
0.42978000	13.01030000	-0.17855000	0.43058070	13.01085774	-0.17883092
0.45829000	12.87960050	-0.13234000	0.45902206	12.88011586	-0.13257579
0.31291002	12.99090000	-0.86184996	0.31338609	12.99114085	-0.86209271
0.33676000	12.91280080	-0.95101994	0.33709590	12.91293801	-0.95120357
0.29489002	13.06030000	-0.74981000	0.29549303	13.06064284	-0.75010010
0.13649000	12.96160000	-0.05984000	0.13721380	12.96232710	-0.06009553
0.11463000	13.06580070	-0.10445000	0.11533186	13.06652822	-0.10472511
0.09309000	13.12930000	-0.17450000	0.09375740	13.13002359	-0.17479010
0.08823001	13.02820000	-0.62438005	0.08885566	13.02878429	-0.62461769
0.06812000	13.09360000	-0.54649000	0.06876148	13.09423595	-0.54676557
0.10737000	12.95610000	-0.67868000	0.10796386	12.95665741	-0.67887822
0.47287998	12.68450070	-0.13233000	0.47347702	12.68492608	-0.13249237
0.48238000	12.47540000	-0.16093001	0.48275635	12.47570681	-0.16103616
0.34581003	12.83190060	-1.00395000	0.34601967	12.83197666	-1.00406168
0.34669003	12.75680070	-1.03309000	0.34681516	12.75686416	-1.03315038
0.48351002	12.33790000	-0.19921000	0.48368458	12.33807916	-0.19927752
0.34545000	12.69680000	-1.05186009	0.34549094	12.69685506	-1.05187805
0.15796000	12.47170070	-0.10541000	0.15839718	12.47227433	-0.10559063
0.16386001	12.62780000	-0.07593000	0.16446841	12.62843230	-0.07610057
0.10919000	12.75510000	-0.74843997	0.10958647	12.75556443	-0.74848504
0.10947000	12.82380100	-0.72479004	0.10994541	12.82430429	-0.72490296
0.15480000	12.80710000	-0.05528000	0.15553306	12.80780884	-0.05546548
0.11165001	12.88930000	-0.70685000	0.11217453	12.88982017	-0.70701203
0.33050000	13.14340110	-0.50064003	0.33128327	13.14388623	-0.50096640
0.30458000	13.11479950	-0.62753004	0.30529393	13.11522779	-0.62785053
0.36089000	13.13520050	-0.37449000	0.36168436	13.13572269	-0.37481040
0.06415000	13.16369920	-0.34669003	0.06479674	13.16433632	-0.34698511
0.06087000	13.13990000	-0.44882998	0.06150406	13.14053746	-0.44910978
0.07558000	13.16089920	-0.25530001	0.07622361	13.16158448	-0.25559805
0.88209003	11.96640000	-0.58452004	0.88208110	11.96640972	-0.58455674
0.81676000	12.01719950	-0.47386000	0.81676000	12.01719950	-0.47386000
0.92250997	11.93860050	-0.71337000	0.92250212	11.93858761	-0.71340498
0.90997000	12.00510000	-0.71822000	0.90997173	12.00507648	-0.71826525
0.87434000	12.05190000	-0.63178000	0.87433604	12.05188671	-0.63182496
0.80600005	12.11450000	-0.52874000	0.80601568	12.11450773	-0.52877277
0.95584005	11.93110000	-0.83768000	0.95583280	11.93104742	-0.83772183
0.97511000	11.94710060	-0.94908000	0.97509934	11.94701392	-0.94913188
0.94313000	12.06510070	-0.93240994	0.94313974	12.06501207	-0.93248344
0.92880005	12.03480050	-0.81475000	0.92881433	12.03475021	-0.81481396
0.97431004	11.98940000	-1.04228008	0.97429028	11.98928989	-1.04234382
0.93965000	12.06410000	-1.12921000	0.93961934	12.06396680	-1.12928801
0.91652006	12.12680000	-1.10682000	0.91649758	12.12666887	-1.10690760
0.94042000	12.10000000	-1.03027000	0.94041276	12.09988471	-1.03035383
0.85897000	12.18220000	-1.22034000	0.85891556	12.18204848	-1.22043195
0.74250000	12.33310000	-1.27099000	0.74242438	12.33296585	-1.27106900
0.74648000	12.36140000	-1.19926012	0.74643231	12.36127972	-1.19933530
0.85714000	12.22810000	-1.15767000	0.85709907	12.22795936	-1.15776145
0.60118000	12.48300080	-1.23771000	0.60113680	12.48294625	-1.23770286
0.47110000	12.61370000	-1.15271000	0.47108910	12.61366454	-1.15271738
0.49420000	12.61570000	-1.07906000	0.49420000	12.61570000	-1.07906000
0.61447000	12.50220000	-1.16283000	0.61447000	12.50220000	-1.16283000
0.38297000	12.64730000	-1.04976000	0.38296987	12.64731853	-1.04976045
0.33210000	12.64760000	-0.95691997	0.33214175	12.64771488	-0.95689305
0.37140000	12.64100070	-0.89641000	0.37140000	12.64100070	-0.89641000
0.41679000	12.64250090	-0.98287004	0.41679000	12.64250090	-0.98287004
0.31408000	12.67930000	-0.89750004	0.31422699	12.67947126	-0.89747962
0.31007000	12.70680000	-0.87007000	0.31028547	12.70699056	-0.87007797
0.33836000	12.69460000	-0.81285000	0.33862691	12.69481740	-0.81289645
0.34749000	12.66950000	-0.84047000	0.34768536	12.66965583	-0.84048431
0.30106002	12.69410000	-0.87398005	0.30128171	12.69429167	-0.87396721
0.25795000	12.68400000	-0.84457000	0.25818949	12.68424502	-0.84453459
0.29822000	12.68110000	-0.77510000	0.29851813	12.68137608	-0.77511958
0.33720002	12.68320000	-0.81152004	0.33746736	12.68341737	-0.81156525
0.15166001	12.71950050	-0.71641004	0.15205689	12.71995536	-0.71644354
0.01977000	12.77320000	-0.57592004	0.02034730	12.77384071	-0.57604854
0.02392000	12.81090000	-0.49903002	0.02458284	12.81160430	-0.49924168
0.17567001	12.73460000	-0.64107000	0.17615040	12.73510317	-0.64116444
-0.09685000	12.81610000	-0.51316000	-0.09618080	12.81671147	-0.51328642
-0.20433000	12.84800000	-0.51710004	-0.20370432	12.84848143	-0.51720187
-0.20773001	12.91649910	-0.45678002	-0.20713009	12.91700213	-0.45696333
-0.09893000	12.87560000	-0.44303998	-0.09824762	12.87624603	-0.44325568
-0.30947003	12.86840060	-0.57695000	-0.30895048	12.86865347	-0.57699629
-0.40805998	12.87950000	-0.64467000	-0.40773939	12.87951718	-0.64462245
-0.42473003	12.90720080	-0.59290000	-0.42438912	12.90724130	-0.59289624
-0.31898000	12.92150000	-0.52193000	-0.31848960	12.92177973	-0.52203475
-0.49615002	12.88280000	-0.67273000	-0.49598205	12.88277597	-0.67266569
-0.57586000	12.87930000	-0.66097003	-0.57575390	12.87930697	-0.66089930
-0.57508004	12.88170050	-0.62559000	-0.57493107	12.88169163	-0.62551719
-0.51850003	12.89050000	-0.62450000	-0.51829091	12.89048748	-0.62443654
-0.64998000	12.87090000	-0.60942000	-0.64986297	12.87092243	-0.60932712
-0.69922000	12.85450000	-0.52992004	-0.69907971	12.85451192	-0.52979362
-0.66215000	12.87070000	-0.50165004	-0.66191980	12.87066064	-0.50153131
-0.62475000	12.88009930	-0.57844000	-0.62458444	12.88008509	-0.57834981
-0.70425004	12.82720090	-0.43475000	-0.70395014	12.82716302	-0.43456870
-0.67740005	12.78030000	-0.34501000	-0.67687494	12.78019076	-0.34484185
-0.65579003	12.78690050	-0.35792002	-0.65529697	12.78682540	-0.35780673
-0.66803000	12.83350090	-0.41813000	-0.66768513	12.83344464	-0.41799370
-0.63069004	12.70590000	-0.28186000	-0.62992547	12.70576983	-0.28185192
-0.55719000	12.64540000	-0.23321000	-0.55619888	12.64537959	-0.23358139
-0.53961000	12.70469950	-0.26450000	-0.53880082	12.70475432	-0.26475922
-0.61567000	12.74810000	-0.31435000	-0.61504851	12.74804325	-0.31436350
-0.45026000	12.64060000	-0.18587000	-0.44926567	12.64070344	-0.18629450
-0.32321000	12.62010000	-0.14993000	-0.32227111	12.62050432	-0.15035706
-0.30539998	12.67380000	-0.17878000	-0.30449997	12.67423837	-0.17917365
-0.43140003	12.69810000	-0.21574000	-0.43052696	12.69829363	-0.21609010
-0.18651001	12.51590000	-0.13647000	-0.18568765	12.51660785	-0.13692224
-0.03783000	12.40030000	-0.14369000	-0.03733510	12.40108966	-0.14404752
-0.03538000	12.47000000	-0.17478000	-0.03475603	12.47080841	-0.17513106
-0.17492001	12.57860090	-0.16531001	-0.17404677	12.57932412	-0.16574382
0.12338001	12.34010000	-0.16394000	0.12374162	12.34067706	-0.16424535
0.25188002	12.32170000	-0.18916000	0.25229365	12.32221881	-0.18933650
0.23137000	12.38140000	-0.24122000	0.23175808	12.38194123	-0.24138581
0.11369999	12.40740000	-0.20535000	0.11415165	12.40803918	-0.20559495
0.30184000	12.35600000	-0.21041000	0.30219721	12.35646038	-0.21054014
0.28724000	12.43980000	-0.27981000	0.28763507	12.44026992	-0.27992072
0.27915000	12.41200070	-0.26592000	0.27953068	12.41248606	-0.26604465
0.31335002	12.34630000	-0.22300999	0.31361829	12.34669844	-0.22309308
0.34620000	12.27620000	-0.23202000	0.34620000	12.27620000	-0.23202000
0.31928000	12.33310000	-0.29083000	0.31951662	12.33344355	-0.29086693
0.28636000	12.39820000	-0.28093000	0.28670424	12.39865762	-0.28102702
0.44425997	12.21770000	-0.27141000	0.44425997	12.21770000	-0.27141000
0.57587000	12.16340070	-0.32883000	0.57587000	12.16340070	-0.32883000
0.56945000	12.24300000	-0.38297000	0.56953355	12.24309953	-0.38298874
0.42756000	12.28610000	-0.32799003	0.42768176	12.28627785	-0.32799191
0.70622003	12.08180000	-0.39380000	0.70622003	12.08180000	-0.39380000
0.69994000	12.18130000	-0.44758000	0.69999338	12.18135551	-0.44761138
0.76328003	12.39370000	-1.04838000	0.76330929	12.39360988	-1.04847699
0.86552000	12.24500000	-1.04721010	0.86552351	12.24488319	-1.04730883
0.78267000	12.37720000	-0.86025000	0.78277887	12.37716647	-0.86035540
0.87466000	12.22360000	-0.90674000	0.87470249	12.22352195	-0.90683740
0.79534000	12.26270000	-0.67253000	0.79543240	12.26270496	-0.67260764
0.87450000	12.14980000	-0.75458000	0.87453832	12.14976517	-0.75465114
0.53338000	12.60830000	-0.90296000	0.53353570	12.60834005	-0.90304670
0.64683000	12.52240000	-0.99062010	0.64692480	12.52238288	-0.99070393
0.56466000	12.53880000	-0.69149000	0.56492883	12.53894072	-0.69158594
0.67763000	12.47890000	-0.78126000	0.67782183	12.47893978	-0.78136820
0.57048005	12.38670000	-0.51114005	0.57068501	12.38685562	-0.51119674
0.69225000	12.34040000	-0.58917000	0.69240788	12.34046904	-0.58924250
-0.21855000	12.91160000	-0.37197003	-0.21789575	12.91210989	-0.37218226
-0.11260001	12.86860080	-0.35625002	-0.11185382	12.86925651	-0.35648779
-0.24001001	12.85360000	-0.28547000	-0.23927244	12.85409401	-0.28570970
-0.13326000	12.80410000	-0.27212000	-0.13237732	12.80478172	-0.27241003
-0.01598000	12.73680000	-0.30762002	-0.01482439	12.73778226	-0.30793297
0.00716000	12.80300000	-0.40319000	0.00798578	12.80382587	-0.40348457
-0.27360000	12.76310000	-0.22270000	-0.27277652	12.76358097	-0.22301747
-0.15585001	12.69060000	-0.20992000	-0.15495136	12.69131024	-0.21028432
-0.02902000	12.60460000	-0.23085001	-0.02820327	12.60549299	-0.23117385
-0.55451006	12.91060070	-0.54333000	-0.55424412	12.91057155	-0.54327561
-0.58853000	12.90410000	-0.45161000	-0.58818201	12.90406943	-0.45155819
-0.48628998	12.92449950	-0.39038000	-0.48581438	12.92459330	-0.39043517
-0.45310003	12.93750000	-0.49594003	-0.45270853	12.93758005	-0.49597864
-0.60486000	12.83190060	-0.37257000	-0.60439620	12.83187488	-0.37253970
-0.51581997	12.82230090	-0.31408998	-0.51522565	12.82237660	-0.31420826
-0.33701000	12.93630120	-0.42815000	-0.33648405	12.93660592	-0.42828630
-0.36380002	12.90080000	-0.32953000	-0.36319008	12.90109816	-0.32969564
-0.39921000	12.80310060	-0.26092002	-0.39847801	12.80336565	-0.26116900
0.29307002	12.63940000	-0.65127003	0.29346160	12.63977511	-0.65133139
0.33482000	12.63610000	-0.67474000	0.33518381	12.63643303	-0.67479082
0.26679000	12.57230000	-0.50140000	0.26724875	12.57277094	-0.50151434
0.31317002	12.57140000	-0.51135004	0.31363093	12.57182745	-0.51146541
0.31727000	12.58940000	-0.49576998	0.31773782	12.58982185	-0.49587207
0.33580002	12.65040000	-0.66634005	0.33618317	12.65073940	-0.66639695
0.34299000	12.63290000	-0.68895000	0.34334499	12.63321592	-0.68899383
0.31970000	12.57520000	-0.51060003	0.32014421	12.57561272	-0.51069673
0.35208002	12.55550000	-0.55122000	0.35247395	12.55586397	-0.55129798
0.37236000	12.61430000	-0.73944000	0.37265818	12.61456635	-0.73947226
0.32701000	12.44070000	-0.39905000	0.32735438	12.44109170	-0.39912185
0.29463002	12.48750000	-0.37577000	0.29504202	12.48794765	-0.37586455
0.28891000	12.49160000	-0.37087000	0.28934717	12.49205642	-0.37097973
0.24142002	12.47730060	-0.35469002	0.24185705	12.47781441	-0.35482278
0.44531003	12.55410000	-0.61311000	0.44564994	12.55435834	-0.61318933
0.43863000	12.62180000	-0.81496000	0.43885143	12.62194845	-0.81502547
0.43369004	12.41230000	-0.44606000	0.43395430	12.41256179	-0.44610665
0.13746001	12.64010050	-0.40953000	0.13814478	12.64075681	-0.40972678
0.16378000	12.71060090	-0.53191000	0.16436887	12.71117266	-0.53206420
0.11896000	12.52290000	-0.29380000	0.11954776	12.52359425	-0.29401341
0.16361001	13.14520000	-0.39472002	0.16433191	13.14585119	-0.39504541
0.25923000	13.03119950	-0.12907000	0.25997536	13.03192470	-0.12931579
0.29857000	12.91720000	-0.08748000	0.29933325	12.91788823	-0.08769669
0.32767000	12.73720070	-0.09280000	0.32833112	12.73777592	-0.09295233
0.34770000	12.55780000	-0.12244000	0.34819760	12.55829253	-0.12256794
0.24130002	12.85850050	-0.81470007	0.24170828	12.85883103	-0.81482569
0.33872002	12.37520000	-0.18493001	0.33901664	12.37562237	-0.18502312
0.17646001	13.06140000	-0.58858000	0.17713731	13.06195527	-0.58885270
0.20221000	12.99150000	-0.68860000	0.20280764	12.99197097	-0.68883718
0.89638996	11.96110060	-0.57107000	0.89638221	11.96111064	-0.57110758
0.82721007	12.01970000	-0.45666000	0.82721357	12.01969744	-0.45666379
0.93991005	11.92430000	-0.70476000	0.93990081	11.92428660	-0.70479299
0.74597000	12.33170000	-1.28649000	0.74588780	12.33156305	-1.28657151
0.46148000	12.61950000	-1.16635000	0.46146718	12.61945618	-1.16635838
0.35367998	12.65800000	-1.05834000	0.35369205	12.65804309	-1.05834001
0.28747000	12.66179940	-0.96020000	0.28752969	12.66195554	-0.96015051
0.27325000	12.69190000	-0.89906997	0.27342124	12.69210260	-0.89902382
0.25676000	12.70320000	-0.88601000	0.25699447	12.70337220	-0.88596473
0.20847002	12.68910000	-0.86800003	0.20869679	12.68936555	-0.86794062
0.12009000	12.71100000	-0.75362000	0.12044238	12.71143709	-0.75361530
0.01184000	12.74440000	-0.62347000	0.01237111	12.74498768	-0.62354563
-0.19658999	12.78480050	-0.55803000	-0.19593090	12.78524698	-0.55804228
-0.29968000	12.82630060	-0.60810000	-0.29911944	12.82652082	-0.60807308
-0.48358002	12.88790000	-0.69497000	-0.48343800	12.88786880	-0.69490216
-0.56577003	12.89070000	-0.68347000	-0.56567385	12.89070040	-0.68339812
-0.71152000	12.85880000	-0.54143000	-0.71139739	12.85883871	-0.54129146
-0.18865000	12.52559950	-0.11442000	-0.18781825	12.52630372	-0.11486995
0.14112000	12.35580000	-0.13925001	0.14147891	12.35635207	-0.13952121
0.30934000	12.38380000	-0.22295001	0.30967249	12.38424554	-0.22305697
0.38318000	12.29390050	-0.19522001	0.38325967	12.29405461	-0.19529922
0.46920000	12.23730000	-0.23884001	0.46921946	12.23736954	-0.23890079
0.71411000	12.09180000	-0.37179002	0.71411505	12.09180966	-0.37180124
0.29554000	12.51470090	-0.36895000	0.29599048	12.51515253	-0.36905379
0.58419980	12.77790740	-0.54116964	0.58470654	12.77812008	-0.54137917
0.30534658	12.98941710	-0.53010890	0.30602094	12.98991029	-0.53035738
0.03408423	12.99517920	-0.26264066	0.03476775	12.99593848	-0.26287583
0.10256992	13.07773400	-0.30767626	0.10325893	13.07843082	-0.30795330
0.31967000	12.86874200	-0.29426143	0.32039204	12.86932755	-0.29444884
0.03099712	12.96783000	-0.42110503	0.03167194	12.96856758	-0.42136287
0.12445253	13.04561710	-0.41716427	0.12514910	13.04630097	-0.41744423
0.36713532	12.82368760	-0.69345874	0.36761370	12.82400285	-0.69362782
0.15871125	13.02911850	-0.17917030	0.15943854	13.02986685	-0.17942993
0.22085343	12.81524850	-0.79380230	0.22124782	12.81560619	-0.79389843
0.33023736	12.75846770	-0.53109790	0.33079835	12.75891565	-0.53124063
0.32923120	12.88699000	-0.84146810	0.32963733	12.88721862	-0.84164434
0.39433820	12.43617340	-0.24545248	0.39468816	12.43650211	-0.24553106
0.24607417	13.04696850	-0.44635114	0.24679881	13.04755713	-0.44662157
0.47683990	12.68501660	-0.66750280	0.47723303	12.68524481	-0.66763504
0.69852596	12.74952130	-0.77230150	0.69885766	12.74955149	-0.77254914
0.32809640	12.94002530	-0.19996144	0.32887068	12.94067466	-0.20018838
-0.42682603	12.91057110	-0.24428794	-0.42621821	12.91076898	-0.24444607
0.15449284	13.08164880	-0.24846537	0.15521231	13.08236453	-0.24874597
0.32445943	12.94660190	-0.68776876	0.32501999	12.94696369	-0.68799180
-0.51386845	12.91021820	-0.28456584	-0.51330363	12.91028509	-0.28463323
0.22959612	13.03170200	-0.32812786	0.23033680	13.03236947	-0.32839193
0.29031333	12.45966910	-0.20113373	0.29072807	12.46015466	-0.20123474
0.12046464	13.09899710	-0.36971685	0.12115954	13.09967162	-0.37000250
0.21146664	13.07753180	-0.48856267	0.21218684	13.07812051	-0.48884709
0.25509345	12.61285000	-0.24501102	0.25569043	12.61339703	-0.24513337
0.16885695	12.93768600	-0.50852907	0.16952901	12.93831821	-0.50876566
0.27824548	12.89126000	-0.83143930	0.27866361	12.89154480	-0.83160177
0.28495774	12.84054370	-0.83468150	0.28533149	12.84081160	-0.83479988
0.23230751	13.02218440	-0.54436594	0.23299170	13.02273110	-0.54462777
0.37680543	12.79955100	-0.19787398	0.37749927	12.80009463	-0.19805187
0.49836266	12.59230610	-0.43287584	0.49879069	12.59257997	-0.43298507
0.30590550	12.76095290	-0.88736033	0.30614688	12.76113909	-0.88740793
0.16226748	12.96494770	-0.64374170	0.16287070	12.96548770	-0.64396036
0.39130530	12.37598320	-0.22234745	0.39156038	12.37625723	-0.22241219
0.35834324	12.48397450	-0.31249592	0.35874870	12.48436489	-0.31259191
0.19586083	12.86866760	-0.18672179	0.19669042	12.86943582	-0.18692267
0.38983348	12.73026850	-0.90973040	0.39001724	12.73035575	-0.90979764
0.29759783	12.79321000	-0.84876960	0.29791768	12.79344834	-0.84884848
0.14682786	13.11403470	-0.28075470	0.14753865	13.11472905	-0.28105495
0.41524850	12.60688400	-0.24738798	0.41577687	12.60729120	-0.24751236
0.21607567	12.86027430	-0.77049850	0.21652799	12.86066503	-0.77063462
0.42824548	12.71332650	-0.82687885	0.42851381	12.71347377	-0.82698918
0.82752740	12.74521540	-0.86759144	0.82781549	12.74514397	-0.86789019
0.56638926	12.79145810	-0.92701140	0.56663668	12.79146597	-0.92722043
0.34163025	12.68629170	-0.19900528	0.34225730	12.68681475	-0.19913954
0.25179443	12.76316170	-0.18143922	0.25253611	12.76381637	-0.18158010
