0.84451962	12.74201266	-0.42098269	0.84414949	12.74226256	-0.42092787
0.81458610	12.88004417	-0.45006177	0.81413869	12.88028050	-0.45002040
0.89152620	12.83932266	-0.54774002	0.89114717	12.83959790	-0.54766652
0.92456681	12.70630305	-0.53269917	0.92426397	12.70659156	-0.53260970
0.77152642	12.97053715	-0.51077119	0.77104546	12.97074864	-0.51074828
0.85242659	12.92509872	-0.59105759	0.85201156	12.92535385	-0.59100131
0.90241592	12.88256812	-0.65100491	0.90205196	12.88284812	-0.65093025
0.94136754	12.81298417	-0.64491083	0.94104421	12.81328420	-0.64481953
0.97647181	12.68408698	-0.64537757	0.97622248	12.68440040	-0.64526756
0.71424433	12.76867400	-1.16507539	0.71412845	12.76878786	-1.16506665
0.83695583	12.71948306	-1.14266242	0.83685547	12.71967336	-1.14261180
0.80385399	12.82601547	-1.07440964	0.80366986	12.82620068	-1.07437764
0.68113331	12.87116839	-1.09218840	0.68093218	12.87128841	-1.09221060
0.93821419	12.68696709	-1.07933386	0.93811216	12.68722669	-1.07924648
0.90359415	12.79799579	-1.02118848	0.90340804	12.79824388	-1.02112019
0.86304564	12.86628712	-0.97103479	0.86280581	12.86652002	-0.97098361
0.78385050	12.90652536	-0.98696713	0.78359547	12.90671929	-0.98694746
0.66127142	12.95151647	-0.99333724	0.66099338	12.95164991	-0.99336818
0.58826202	12.83738139	-0.21054675	0.58773709	12.83748995	-0.21059660
0.56891804	12.97422747	-0.25848830	0.56831671	12.97432244	-0.25854789
0.70359296	12.92763240	-0.35057352	0.70306867	12.92780869	-0.35057691
0.72615612	12.78838794	-0.30983233	0.72570957	12.78857675	-0.30982636
0.53785930	13.06028467	-0.34318276	0.53723473	13.06035777	-0.34325571
0.66686939	13.01764952	-0.42670373	0.66631656	13.01780138	-0.42672320
0.46127340	12.88303149	-1.06738242	0.46103454	12.88306129	-1.06750040
0.58939134	12.82857387	-1.13860723	0.58922341	12.82862969	-1.13865830
0.55726219	12.92110086	-1.06672198	0.55701991	12.92115763	-1.06679085
0.43145798	12.96652691	-0.99371733	0.43113764	12.96657386	-0.99386571
0.53591328	12.99658941	-0.96582462	0.53558952	12.99666554	-0.96591443
0.41010672	13.03562297	-0.89116889	0.40971852	13.03565128	-0.89132529
-0.02324281	12.98680631	-0.07108042	-0.02397077	12.98647691	-0.07141534
-0.15159833	12.99740677	-0.09344778	-0.15232901	12.99697349	-0.09384952
-0.15454575	13.07077700	-0.14006237	-0.15531334	13.07033896	-0.14046738
-0.02993893	13.07404139	-0.11511899	-0.03071533	13.07370389	-0.11545952
-0.27019842	12.99805792	-0.13000752	-0.27091550	12.99752482	-0.13047280
-0.27152339	13.05944467	-0.17847428	-0.27226628	13.05890775	-0.17894220
-0.27290919	13.10062813	-0.24401562	-0.27365309	13.10008705	-0.24448522
-0.15675365	13.11763874	-0.20627577	-0.15752569	13.11719648	-0.20668259
-0.03518320	13.12797667	-0.18105414	-0.03596994	13.12763222	-0.18139760
0.02342800	12.97296257	-0.59546031	0.02296951	12.97267032	-0.59576301
0.00776016	13.03524772	-0.57001186	0.00724191	13.03494198	-0.57032266
-0.07320424	13.03659826	-0.55967287	-0.07373046	13.03622227	-0.56002886
-0.05850443	12.98049791	-0.57523854	-0.05897762	12.98013500	-0.57558560
-0.01240308	13.08913047	-0.52271209	-0.01298832	13.08880596	-0.52303488
-0.09523522	13.08274939	-0.52405478	-0.09581720	13.08235460	-0.52442364
-0.18859807	13.07485951	-0.54042590	-0.18916676	13.07438266	-0.54084588
-0.16557479	13.03400687	-0.57624843	-0.16609061	13.03354972	-0.57665479
-0.15044468	12.98290845	-0.59361251	-0.15090879	12.98246434	-0.59400935
0.98664619	12.29453876	-0.67025221	0.98662993	12.29483200	-0.67011545
0.96785713	12.07526172	-0.68622018	0.96796616	12.07553546	-0.68609816
0.91375354	12.10079761	-0.55137938	0.91377226	12.10099919	-0.55128518
0.92692537	12.30849657	-0.53576656	0.92684626	12.30874195	-0.53566239
0.83478783	12.14929346	-0.43094794	0.83474477	12.14941600	-0.43089703
0.84075840	12.33286077	-0.41113859	0.84063342	12.33305564	-0.41107141
0.98067908	12.38518573	-1.14005814	0.98077861	12.38547175	-1.13993217
0.88539633	12.44447798	-1.20967640	0.88547415	12.44469396	-1.20958563
0.88260138	12.28495665	-1.23422668	0.88279253	12.28517345	-1.23412610
0.97530045	12.19383004	-1.15509381	0.97552855	12.19411549	-1.15496068
0.75730404	12.51885542	-1.23910891	0.75732310	12.51896384	-1.23906117
0.75500006	12.39872325	-1.27032056	0.75511866	12.39883675	-1.27026363
0.87155220	12.18016672	-1.24192377	0.87181680	12.18037803	-1.24182092
0.95776529	12.05907015	-1.15312201	0.95807902	12.05934667	-1.15299447
0.99065815	12.50399209	-0.65603359	0.99051969	12.50430438	-0.65590585
0.93314263	12.51943269	-0.53006179	0.93294999	12.51971016	-0.52995741
0.84812783	12.54730038	-0.40883848	0.84787996	12.54753799	-0.40877201
0.86708063	12.59081728	-1.18340582	0.86705775	12.59101559	-1.18333580
0.96642925	12.54951204	-1.11697651	0.96642002	12.54978683	-1.11686809
0.74140903	12.64681686	-1.20901557	0.74136313	12.64692589	-1.20898482
0.59630796	12.42275738	-0.22715244	0.59609919	12.42286281	-0.22717665
0.59431198	12.63789419	-0.20517119	0.59392911	12.63800565	-0.20521180
0.72840006	12.58916755	-0.29859035	0.72808937	12.58934880	-0.29857660
0.72407906	12.37417801	-0.30912714	0.72391092	12.37432468	-0.30910898
0.46725243	12.70406380	-1.15141853	0.46719909	12.70403550	-1.15144232
0.61122581	12.61509591	-1.21991070	0.61120312	12.61510724	-1.21991308
0.60694550	12.71998550	-1.18708462	0.60687703	12.72002528	-1.18710491
0.47026915	12.78888938	-1.11894349	0.47013351	12.78888648	-1.11900674
0.58626690	12.17553532	-0.30205141	0.58625319	12.17556037	-0.30205507
0.59529419	12.28277961	-0.26328911	0.59519768	12.28286099	-0.26329564
0.72168365	12.21855386	-0.33814109	0.72161034	12.21865741	-0.33812656
0.60097960	12.48670331	-1.25189463	0.60101706	12.48669987	-1.25189770
0.60665866	12.53419940	-1.24370660	0.60666985	12.53420306	-1.24370956
0.46192951	12.64812502	-1.16652232	0.46190748	12.64808978	-1.16652821
-0.01249524	12.70908530	-0.06994180	-0.01300425	12.70876855	-0.07025951
-0.16168388	12.77629401	-0.07771401	-0.16224422	12.77585671	-0.07811140
-0.15281724	12.89918704	-0.07517785	-0.15347797	12.89875481	-0.07557652
-0.01431911	12.86347283	-0.05930116	-0.01495438	12.86315307	-0.05962765
-0.29793366	12.82631459	-0.10265575	-0.29852435	12.82576243	-0.10312783
-0.28011845	12.92157062	-0.10644770	-0.28078506	12.92103150	-0.10691533
0.02066010	12.84340784	-0.62453213	0.02031189	12.84311493	-0.62483633
0.02619126	12.90886904	-0.61192401	0.02578972	12.90857977	-0.61222488
-0.05507497	12.91871542	-0.58454434	-0.05549486	12.91835560	-0.58488858
-0.06276807	12.85386052	-0.58856739	-0.06313422	12.85349343	-0.58891447
-0.14680378	12.92563805	-0.60181937	-0.14721650	12.92519657	-0.60221288
-0.15606256	12.86478188	-0.60069396	-0.15642607	12.86433181	-0.60109005
-0.03895576	12.41312480	-0.12428223	-0.03920709	12.41278416	-0.12459358
-0.18142564	12.62903139	-0.09567279	-0.18185837	12.62857841	-0.09607075
-0.02549769	12.53837823	-0.09388398	-0.02586095	12.53805086	-0.09419707
-0.33274547	12.62063509	-0.13481241	-0.33314958	12.62005399	-0.13528621
-0.31982487	12.70843220	-0.11462077	-0.32031189	12.70786278	-0.11509609
0.01134321	12.77700687	-0.63635867	0.01105106	12.77670664	-0.63666925
-0.08162185	12.78734626	-0.58579281	-0.08193547	12.78696152	-0.58614814
-0.09933848	12.76023112	-0.56579651	-0.09963708	12.75983012	-0.56615921
-0.17968026	12.80213510	-0.58874012	-0.17999644	12.80166350	-0.58914541
-0.39228034	12.99424370	-0.17950423	-0.39297245	12.99360412	-0.18003654
-0.38473739	13.04451346	-0.22522752	-0.38544771	13.04387722	-0.22575761
-0.50187100	12.98667914	-0.23629151	-0.50253043	12.98594084	-0.23688581
-0.48236870	13.02762632	-0.27723045	-0.48304051	13.02690237	-0.27781504
-0.46043898	13.06108239	-0.32744339	-0.46111187	13.06037511	-0.32801653
-0.37498983	13.08168093	-0.28435021	-0.37570006	13.08105028	-0.28487560
-0.26981187	13.03096914	-0.59598726	-0.27031441	13.03041898	-0.59645203
-0.25503860	12.98586861	-0.62091657	-0.25548948	12.98533052	-0.62137187
-0.29043551	13.06723346	-0.55558753	-0.29099053	13.06666658	-0.55606484
-0.38498764	13.05801117	-0.56433096	-0.38553050	13.05736082	-0.56486180
-0.36977575	13.02691274	-0.60917382	-0.37026746	13.02627425	-0.60969542
-0.35981241	12.98867738	-0.64300044	-0.36025241	12.98804664	-0.64351556
-0.25601048	12.93736503	-0.63675963	-0.25641162	12.93682544	-0.63721411
-0.36697879	12.94974494	-0.66780035	-0.36737202	12.94910690	-0.66831867
-0.38146813	12.91236233	-0.68195261	-0.38182095	12.91171135	-0.68247863
-0.26839058	12.88779403	-0.64133472	-0.26874627	12.88724274	-0.64179430
-0.54536899	12.88067076	-0.19582165	-0.54595953	12.87989799	-0.19643568
-0.56444547	12.75855452	-0.20150678	-0.56492809	12.75776576	-0.20212233
-0.64073640	12.79488961	-0.25911188	-0.64121787	12.79402739	-0.25977591
-0.62334775	12.89100357	-0.25820033	-0.62391338	12.89015560	-0.25886049
-0.57169344	12.65382404	-0.21887758	-0.57207674	12.65302775	-0.21948512
-0.64742444	12.71225203	-0.27107529	-0.64782743	12.71138409	-0.27173453
-0.69626796	12.78179068	-0.34121841	-0.69669082	12.78087222	-0.34191560
-0.69037602	12.83412488	-0.33535945	-0.69084833	12.83321136	-0.33605682
-0.67482315	12.89733093	-0.33686296	-0.67535015	12.89643041	-0.33755352
-0.46216726	12.64443055	-0.17082959	-0.46257022	12.64373527	-0.17137462
-0.45179453	12.74069043	-0.15173564	-0.45228931	12.74000479	-0.15228534
-0.43059621	12.86015016	-0.14323826	-0.43119622	12.85948170	-0.14378523
-0.47746828	12.92751287	-0.69303575	-0.47782841	12.92677933	-0.69361820
-0.48420529	12.90048540	-0.70366359	-0.48453661	12.89974596	-0.70425005
-0.39340283	12.87899730	-0.68384360	-0.39372596	12.87833589	-0.68437584
-0.56414623	12.93212797	-0.67320846	-0.56452236	12.93132382	-0.67384066
-0.56872659	12.90541543	-0.68802518	-0.56907290	12.90460852	-0.68866066
-0.40412456	12.86212725	-0.67347969	-0.40443922	12.86145704	-0.67401748
-0.28777085	12.83947808	-0.63356955	-0.28808945	12.83890969	-0.63403798
0.89319013	12.89006666	-0.90228746	0.89291323	12.89032265	-0.90222444
0.79233769	12.95617470	-0.88904463	0.79201897	12.95637970	-0.88902041
0.90909689	12.90481471	-0.81350241	0.90877843	12.90508699	-0.81343178
0.81302196	12.97655578	-0.78448557	0.81265199	12.97678093	-0.78445111
0.70172462	13.03133882	-0.74397240	0.70130080	13.03150450	-0.74398015
0.67268778	13.00668463	-0.87325414	0.67232984	13.00683128	-0.87327640
0.90972249	12.90122222	-0.72158664	0.90937449	12.90150267	-0.72151240
0.82967562	12.96820411	-0.67780344	0.82926855	12.96844408	-0.67775938
0.73421538	13.02000104	-0.61652523	0.73374717	13.02018858	-0.61651923
0.99759047	12.67731675	-0.98431223	0.99746557	12.67762464	-0.98420160
0.95818782	12.79869474	-0.93984437	0.95797609	12.79898404	-0.93975502
1.01995642	12.67829396	-0.87280514	1.01979260	12.67862230	-0.87268301
0.97738814	12.80849724	-0.84295680	0.97713733	12.80880503	-0.84285784
1.01062412	12.67747510	-0.75956121	1.01042010	12.67780360	-0.75943979
0.97091022	12.80819529	-0.74360889	0.97062412	12.80850535	-0.74350953
0.55155566	13.05121129	-0.82916397	0.55114517	13.05129328	-0.82923975
0.58767422	13.07734549	-0.67998596	0.58719152	13.07744569	-0.68004176
0.46318540	13.11496133	-0.59795200	0.46264019	13.11498378	-0.59805665
0.42680771	13.08803924	-0.75032849	0.42634419	13.08804610	-0.75045415
0.62719170	13.06675186	-0.54153486	0.62665738	13.06687616	-0.54157199
0.50136351	13.10646995	-0.45955220	0.50076082	13.10651750	-0.45964092
-0.39377384	13.07544729	-0.50646784	-0.39436273	13.07479130	-0.50700391
-0.47708354	13.05655129	-0.51915260	-0.47765011	13.05582106	-0.51973510
-0.45698804	13.04528181	-0.56146845	-0.45752173	13.04456813	-0.56203954
-0.40602788	13.08145962	-0.44346968	-0.40665605	13.08079513	-0.44401266
-0.49936677	13.05829780	-0.47468961	-0.49995913	13.05754915	-0.47528461
-0.58347826	13.03140371	-0.50391466	-0.58403161	13.03057989	-0.50455640
-0.54579787	13.03364477	-0.53640664	-0.54633541	13.03285370	-0.53702723
-0.50802478	13.03227518	-0.56255953	-0.50854662	13.03151689	-0.56315876
-0.43163268	13.07788429	-0.38332223	-0.43228951	13.07719971	-0.38387943
-0.51326953	13.05399242	-0.42336820	-0.51388563	13.05323299	-0.42397088
-0.52820113	13.03937807	-0.37250500	-0.52883230	13.03860758	-0.37311609
-0.57356486	13.02210186	-0.40486159	-0.57416427	13.02128945	-0.40549762
-0.58538904	13.02716299	-0.45345341	-0.58596603	13.02633850	-0.45409617
-0.02868115	13.12796063	-0.44083786	-0.02933809	13.12762019	-0.44117167
-0.12015467	13.11479757	-0.45356819	-0.12079881	13.11438189	-0.45395168
-0.03853198	13.14945441	-0.34555083	-0.03925345	13.14910503	-0.34589257
-0.14141578	13.13238054	-0.36710419	-0.14211785	13.13194778	-0.36750043
-0.24223543	13.11441521	-0.39838606	-0.24291086	13.11389518	-0.39883739
-0.21590470	13.10108834	-0.47670955	-0.21652840	13.10058893	-0.47714554
-0.03936696	13.15130308	-0.25840018	-0.04013351	13.15095353	-0.25874448
-0.15302107	13.13573558	-0.28333212	-0.15376857	13.13529440	-0.28373613
-0.26228268	13.11659634	-0.31889101	-0.26300091	13.11606128	-0.31935451
0.99586054	11.98064948	-1.05656685	0.99619041	11.98095416	-1.05643083
1.01684003	12.12576308	-1.05464093	1.01707657	12.12607970	-1.05449291
0.99805491	11.93588635	-0.95122268	0.99837076	11.93619259	-0.95109263
1.02243903	12.08277360	-0.94033698	1.02265815	12.08309519	-0.94018808
1.03928788	12.30072500	-0.92506617	1.03936959	12.30105735	-0.92491303
1.02827227	12.33499906	-1.04114488	1.02837267	12.33531989	-1.04099930
0.97866261	11.91918973	-0.83256418	0.97893834	11.91947833	-0.83245004
1.00505556	12.06744556	-0.81706558	1.00523292	12.06775309	-0.81692695
1.02483012	12.28966353	-0.80074188	1.02487157	12.28998619	-0.80059088
1.02171773	12.52088249	-1.01734869	1.02169717	12.52120080	-1.01721702
1.03984920	12.50378994	-0.90200245	1.03979938	12.50412455	-0.90185994
1.02791003	12.49842605	-0.78076970	1.02782062	12.49875738	-0.78062831
-0.65023608	12.92621782	-0.62092573	-0.65063695	12.92534144	-0.62160434
-0.65681328	12.89639446	-0.63290021	-0.65718301	12.89551401	-0.63358361
-0.70811336	12.91553587	-0.54117608	-0.70854548	12.91460363	-0.54188519
-0.71833459	12.87928869	-0.54720843	-0.71873197	12.87834803	-0.54792466
-0.65847637	12.87298780	-0.63432411	-0.65882571	12.87210628	-0.63500948
-0.70983927	12.90571616	-0.43891845	-0.71031705	12.90477977	-0.43962985
-0.72301929	12.86053740	-0.43987487	-0.72345544	12.85958878	-0.44059350
-0.72574197	12.82482502	-0.44161907	-0.72614473	12.82387424	-0.44233972
-0.30700502	13.08912969	-0.49332965	-0.30761180	13.08855040	-0.49381679
-0.32546956	13.09881810	-0.42100479	-0.32612190	13.09822494	-0.42150249
-0.35166303	13.09803868	-0.35055139	-0.35235245	13.09742546	-0.35106424
-0.60357810	12.94353947	-0.27091039	-0.60418274	12.94270774	-0.27156185
-0.52338977	12.94712382	-0.20828692	-0.52403093	12.94636879	-0.20889193
-0.65744876	12.93764604	-0.34607526	-0.65800645	12.93676063	-0.34675745
-0.63445475	12.96740069	-0.36291313	-0.63502947	12.96653510	-0.36358332
-0.58070751	12.97570332	-0.29520905	-0.58132628	12.97489015	-0.29584844
-0.40895247	12.93871606	-0.15246478	-0.40961291	12.93806432	-0.15300393
-0.46463584	12.95857322	-0.67462010	-0.46503255	12.95785084	-0.67519507
-0.45298792	12.99092909	-0.64638512	-0.45342806	12.99021726	-0.64695363
-0.53715850	12.98944647	-0.62937832	-0.53760689	12.98866313	-0.62999467
-0.55286833	12.96097657	-0.65537046	-0.55327850	12.96018059	-0.65599559
-0.66714790	12.97294865	-0.52945301	-0.66763645	12.97205182	-0.53013918
-0.69129628	12.94532284	-0.53579877	-0.69175741	12.94440525	-0.53649833
-0.63666424	12.95458198	-0.60810076	-0.63709540	12.95371555	-0.60877126
-0.61597765	12.98188436	-0.59026045	-0.61644153	12.98103433	-0.59091941
-0.63528293	13.00232491	-0.52049999	-0.63580205	13.00145586	-0.52116923
-0.58889619	13.00841985	-0.56324453	-0.58939737	13.00759207	-0.56388898
-0.51919783	13.01522576	-0.59005822	-0.51968971	13.01445756	-0.59066395
-0.69259862	12.93902195	-0.44147933	-0.69310477	12.93810112	-0.44218085
-0.66840045	12.96726978	-0.44738506	-0.66892835	12.96637077	-0.44807267
-0.60239478	12.99871349	-0.38723812	-0.60298344	12.99787573	-0.38789040
-0.63486954	12.99757829	-0.45641463	-0.63541911	12.99670942	-0.45708402
-0.55315929	13.01049599	-0.32942425	-0.55378913	13.00970534	-0.33004907
-0.44970124	13.02163714	-0.60628191	-0.45018992	13.02092883	-0.60684869
0.17082769	13.11977009	-0.18946138	0.17006264	13.11958606	-0.18970030
0.14118250	13.15805041	-0.27486511	0.14042776	13.15784366	-0.27511685
0.16899774	13.14618287	-0.28948872	0.16826151	13.14599789	-0.28972633
0.20291790	13.10675043	-0.20090741	0.20217101	13.10659122	-0.20113044
0.12104075	13.16481581	-0.37005824	0.12032779	13.16459321	-0.37031801
0.14726726	13.15373152	-0.38689026	0.14657325	13.15352995	-0.38713597
0.17366328	13.13731785	-0.29948160	0.17294006	13.13713656	-0.29971662
0.20738255	13.09838469	-0.20728917	0.20664607	13.09822900	-0.20750995
0.18022873	13.14507900	-0.30052538	0.17950104	13.14490231	-0.30075729
0.21270154	13.10494070	-0.20214620	0.21195812	13.10478867	-0.20236451
0.16137507	13.15194767	-0.40397038	0.16069275	13.15175710	-0.40420866
0.20536260	13.15813800	-0.42976383	0.20469091	13.15798036	-0.42998042
0.22662458	13.15079051	-0.31827289	0.22590550	13.15064750	-0.31848182
0.25856117	13.10865706	-0.21278460	0.25782295	13.10853814	-0.21298136
0.24743071	12.93404086	-0.06890615	0.24675459	12.93391812	-0.06910831
0.20969645	13.05006813	-0.11466704	0.20895117	13.04991482	-0.11488814
0.24598025	13.03759010	-0.12591059	0.24525164	13.03746357	-0.12611421
0.28709448	12.92109718	-0.08184867	0.28643606	12.92100402	-0.08203147
0.25621526	13.03568636	-0.12635406	0.25548932	13.03556718	-0.12655291
0.29831028	12.91929839	-0.08519316	0.29765578	12.91921327	-0.08537089
0.30143075	13.03459534	-0.13352199	0.30071159	13.03450977	-0.13369951
0.34214723	12.91190072	-0.09093057	0.34150294	12.91184740	-0.09108831
0.36931725	12.72323635	-0.09460046	0.36881676	12.72320607	-0.09473829
0.32915832	12.73655698	-0.09038512	0.32864432	12.73649806	-0.09054137
0.38891192	12.52797702	-0.12477015	0.38857498	12.52796664	-0.12488303
0.35114599	12.55171534	-0.12035668	0.35078724	12.55167656	-0.12048789
0.31774685	12.73865302	-0.08571692	0.31722849	12.73858614	-0.08587832
0.33891519	12.55441328	-0.11551541	0.33855130	12.55436589	-0.11565223
0.29307635	12.56781271	-0.09773612	0.29269270	12.56773175	-0.09789611
0.27552349	12.75568217	-0.06995372	0.27498378	12.75558388	-0.07013605
0.26244674	12.78237752	-0.92324419	0.26227862	12.78228070	-0.92341282
0.24986708	12.85364213	-0.89963233	0.24959502	12.85356299	-0.89984062
0.23080139	12.85920915	-0.84030898	0.23051074	12.85910821	-0.84051991
0.24311098	12.79823115	-0.86362109	0.24289238	12.79813465	-0.86381704
0.23343094	12.92567813	-0.84852393	0.23308568	12.92558635	-0.84872064
0.21407438	12.92368639	-0.79289314	0.21372079	12.92357022	-0.79310013
0.22075739	12.91936508	-0.77523243	0.22040354	12.91925194	-0.77544164
0.24390872	12.80428881	-0.84283213	0.24367899	12.80419540	-0.84302829
0.21463794	12.85934191	-0.82581530	0.21434531	12.85922440	-0.82603134
0.22097932	12.80192414	-0.84849914	0.22075593	12.80180760	-0.84870595
0.20319590	12.92305710	-0.78330387	0.20284246	12.92292979	-0.78352052
0.16252378	12.93479937	-0.76874519	0.16215758	12.93463721	-0.76897962
0.17116896	12.86741359	-0.80729139	0.17086782	12.86725840	-0.80752329
0.17430448	12.80374272	-0.82834191	0.17406874	12.80358786	-0.82857342
0.26898744	12.71176918	-0.94735288	0.26889849	12.71165609	-0.94748454
0.25232809	12.73673058	-0.88710261	0.25218309	12.73663177	-0.88727449
0.25347789	12.75274651	-0.86500299	0.25330479	12.75265589	-0.86518435
0.27206867	12.71621170	-0.87761907	0.27193758	12.71613132	-0.87777574
0.23099367	12.74420363	-0.87497535	0.23083478	12.74409295	-0.87517022
0.18209728	12.73608770	-0.85770800	0.18193436	12.73593641	-0.85793315
0.27949347	12.32790732	-0.16489418	0.27933419	12.32781604	-0.16502423
0.29598423	12.42473539	-0.13139591	0.29572816	12.42465968	-0.13153141
0.34392166	12.42347478	-0.14741202	0.34367859	12.42343875	-0.14752190
0.33027110	12.35364312	-0.17968035	0.33010349	12.35359404	-0.17977889
0.34783851	12.43609525	-0.15472384	0.34758924	12.43606081	-0.15483431
0.35777343	12.41662398	-0.15237121	0.35754090	12.41660005	-0.15247365
0.34523088	12.34827673	-0.18580169	0.34508459	12.34824653	-0.18587898
0.39539236	12.38370773	-0.16048701	0.39519585	12.38371783	-0.16056584
0.11082009	13.13945356	-0.47531100	0.11017896	13.13922459	-0.47557263
0.14087403	13.12641253	-0.48922747	0.14025124	13.12620773	-0.48947361
0.11503440	13.08723007	-0.58341019	0.11448492	13.08700961	-0.58366596
0.15044816	13.07225758	-0.59397269	0.14991566	13.07206635	-0.59421091
0.15299690	13.11521799	-0.49591717	0.15238642	13.11502315	-0.49615712
0.15874011	13.12167547	-0.49603270	0.15812551	13.12148487	-0.49626985
0.16955672	13.06573445	-0.59009370	0.16902845	13.06555851	-0.59032219
0.19576909	13.07143363	-0.62930272	0.19525608	13.07128173	-0.62951750
0.19420996	13.12778361	-0.52837285	0.19360974	13.12762097	-0.52859107
0.21239044	13.00129982	-0.74750724	0.21197395	13.00117744	-0.74771260
0.19089956	12.99620300	-0.69955149	0.19046680	12.99605812	-0.69976973
0.17650885	12.99913360	-0.69916045	0.17607289	12.99897619	-0.69938616
0.13809656	13.01350846	-0.68798738	0.13764582	13.01331869	-0.68823063
0.38447002	13.09209174	-0.26590165	0.38377870	13.09206257	-0.26604014
0.42018980	13.01197594	-0.18187565	0.41951913	13.01197349	-0.18199936
0.44969741	12.88156503	-0.13538612	0.44910228	12.88158580	-0.13549536
0.30463925	12.99259944	-0.86670153	0.30425748	12.99257691	-0.86688780
0.32663461	12.91798362	-0.95873112	0.32625879	12.91806573	-0.95898133
0.28638088	13.06107343	-0.75387690	0.28592620	13.06101019	-0.75404975
0.12716912	12.96063674	-0.06413821	0.12646522	12.96042363	-0.06439841
0.10457852	13.06462163	-0.10888393	0.10381362	13.06438892	-0.10915640
0.08272777	13.12789404	-0.17904115	0.08194635	13.12764234	-0.17932430
0.08000578	13.02650953	-0.62894746	0.07952136	13.02626626	-0.62922052
0.05912949	13.09173679	-0.55112135	0.05855945	13.09147107	-0.55140652
0.09991212	12.95457742	-0.68321820	0.09950293	12.95435540	-0.68348172
0.46607733	12.68658644	-0.13498031	0.46562562	12.68662226	-0.13507361
0.47781727	12.47748849	-0.16304123	0.47754048	12.47753779	-0.16311409
0.33915788	12.83388279	-1.00883665	0.33891757	12.83389158	-1.00900611
0.34373690	12.75624702	-1.03555356	0.34362102	12.75618954	-1.03565247
0.48101619	12.33975958	-0.20046764	0.48088240	12.33981400	-0.20050472
0.34424529	12.69544701	-1.05316089	0.34420344	12.69536874	-1.05321995
0.15320076	12.47090179	-0.10905161	0.15289537	12.47071213	-0.10927024
0.15751410	12.62707950	-0.07982589	0.15707455	12.62689413	-0.08005560
0.10428037	12.75344761	-0.75294621	0.10405131	12.75323073	-0.75321184
0.10358083	12.82221605	-0.72930086	0.10328801	12.82199848	-0.72956442
0.14679550	12.80630451	-0.05940336	0.14620875	12.80610919	-0.05964876
0.10498863	12.88781078	-0.71138705	0.10464113	12.88759403	-0.71164950
0.32081862	13.14399889	-0.50454775	0.32020264	13.14392741	-0.50470969
0.29549677	13.11527891	-0.63151114	0.29495863	13.11520162	-0.63168032
0.35086184	13.13610056	-0.37824367	0.35019145	13.13604656	-0.37839598
0.05401811	13.16194663	-0.35135640	0.05329449	13.16167094	-0.35165056
0.05123489	13.13804651	-0.45349665	0.05058030	13.13777011	-0.45378969
0.06520037	13.15929834	-0.25991687	0.06443349	13.15903200	-0.26020760
0.88399771	11.97011790	-0.58422641	0.88411686	11.97030245	-0.58418704
0.81676000	12.01719950	-0.47386000	0.81676000	12.01719950	-0.47386000
0.92557888	11.94347333	-0.71240106	0.92578206	11.94372159	-0.71232134
0.91230449	12.00988684	-0.71719109	0.91246860	12.01013016	-0.71710834
0.87541224	12.05600469	-0.63101290	0.87550041	12.05620944	-0.63094682
0.80576943	12.11713849	-0.52817101	0.80578092	12.11726624	-0.52811806
0.95988751	11.93640466	-0.83621442	0.96015375	11.93668248	-0.83610787
0.97982174	11.95260062	-0.94729188	0.98012525	11.95289559	-0.94716856
0.94646400	12.07031571	-0.93080838	0.94668649	12.07059147	-0.93069097
0.93159736	12.03989656	-0.81342514	0.93178961	12.04016081	-0.81332464
0.97919743	11.99478839	-1.04038087	0.97951176	11.99508248	-1.04025090
0.94425470	12.06896972	-1.12746327	0.94455332	12.06923836	-1.12734000
0.92033095	12.13144027	-1.10525178	0.92058192	12.13169345	-1.10513567
0.94405308	12.10502918	-1.02860259	0.94429238	12.10530077	-1.02848068
0.86280838	12.18590685	-1.21907595	0.86306212	12.18611327	-1.21897562
0.74484272	12.33501797	-1.27044782	0.74501002	12.33512549	-1.27038519
0.74822540	12.36354671	-1.19873004	0.74835344	12.36366524	-1.19867027
0.86015372	12.23191703	-1.15648248	0.86035738	12.23212617	-1.15638469
0.60149047	12.48283605	-1.23776915	0.60152828	12.48283297	-1.23777223
0.47077796	12.61283442	-1.15264036	0.47077301	12.61280529	-1.15264138
0.49420000	12.61570000	-1.07906000	0.49420000	12.61570000	-1.07906000
0.61447000	12.50220000	-1.16283000	0.61447000	12.50220000	-1.16283000
0.38265573	12.64643921	-1.05010975	0.38265065	12.64639330	-1.05012954
0.33184321	12.64675533	-0.95781880	0.33183068	12.64668610	-0.95786924
0.37140000	12.64100070	-0.89641000	0.37140000	12.64100070	-0.89641000
0.41679000	12.64250090	-0.98287004	0.41679000	12.64250090	-0.98287004
0.31227488	12.67900775	-0.89977080	0.31219415	12.67894447	-0.89987624
0.30730377	12.70698917	-0.87291321	0.30717908	12.70693609	-0.87304197
0.33484147	12.69560154	-0.81573485	0.33468605	12.69557496	-0.81585751
0.34484735	12.67023716	-0.84273649	0.34472898	12.67021823	-0.84283262
0.29841523	12.69415620	-0.87692461	0.29830409	12.69409573	-0.87706116
0.25476932	12.68387636	-0.84823128	0.25464099	12.68378175	-0.84841018
0.29447163	12.68166182	-0.77851405	0.29430532	12.68159816	-0.77867192
0.33376213	12.68418712	-0.81441321	0.33361587	12.68415930	-0.81453884
0.14701036	12.71836571	-0.72072243	0.14679262	12.71818113	-0.72096717
0.01379720	12.77089202	-0.58056661	0.01348670	12.77058957	-0.58087548
0.01736142	12.80863404	-0.50366703	0.01698704	12.80833328	-0.50397214
0.17041953	12.73378546	-0.64525154	0.17015508	12.73361340	-0.64548287
-0.10352457	12.81288726	-0.51817167	-0.10388974	12.81248493	-0.51853747
-0.21132319	12.84397979	-0.52238327	-0.21170913	12.84348434	-0.52280783
-0.21541706	12.91244719	-0.46205850	-0.21589060	12.91195029	-0.46248866
-0.10628861	12.87237273	-0.44804423	-0.10673731	12.87196967	-0.44841417
-0.31659108	12.86366386	-0.58242503	-0.31695850	12.86307314	-0.58291108
-0.41522922	12.87415383	-0.65031270	-0.41556737	12.87347467	-0.65085759
-0.43217952	12.90173218	-0.59858727	-0.43256988	12.90103978	-0.59914212
-0.32659578	12.91667842	-0.52742980	-0.32703782	12.91608139	-0.52792290
-0.50334915	12.87697033	-0.67853906	-0.50367545	12.87621565	-0.67913675
-0.58308449	12.87302892	-0.66692554	-0.58341627	12.87221060	-0.66757000
-0.58237831	12.87540855	-0.63154322	-0.58273013	12.87458927	-0.63218661
-0.52583078	12.88452087	-0.63034853	-0.52618978	12.88374779	-0.63095864
-0.65725928	12.86418254	-0.61549586	-0.65761033	12.86330094	-0.61618083
-0.70655036	12.84744822	-0.53607179	-0.70692490	12.84651756	-0.53678354
-0.66960859	12.86382438	-0.50774258	-0.67001258	12.86292541	-0.50843221
-0.63213391	12.87349833	-0.58447382	-0.63250809	12.87263551	-0.58514436
-0.71153239	12.82000825	-0.44091434	-0.71193130	12.81907024	-0.44162651
-0.68448736	12.77316969	-0.35115411	-0.68489696	12.77226085	-0.35184346
-0.66290341	12.77991562	-0.36403148	-0.66331150	12.77902495	-0.36470874
-0.67537066	12.82650350	-0.42424382	-0.67578509	12.82559869	-0.42493388
-0.63736223	12.69902323	-0.28794005	-0.63774412	12.69816209	-0.28859169
-0.56349578	12.63898566	-0.23918354	-0.56385492	12.63819367	-0.23978400
-0.54627831	12.69840484	-0.27043939	-0.54667014	12.69762488	-0.27103838
-0.62258258	12.74133595	-0.32040664	-0.62298208	12.74048466	-0.32105499
-0.45654810	12.63487664	-0.19166792	-0.45693144	12.63418378	-0.19220866
-0.32929744	12.61525220	-0.15546413	-0.32968673	12.61467241	-0.15593596
-0.31186038	12.66908244	-0.18427455	-0.31227807	12.66851465	-0.18474231
-0.43804687	12.69250527	-0.22149748	-0.43846229	12.69182521	-0.22203502
-0.19163302	12.51210477	-0.14154473	-0.19195047	12.51164083	-0.14193941
-0.04181827	12.39776375	-0.14804953	-0.04204541	12.39741883	-0.14836110
-0.03987336	12.46743439	-0.17921637	-0.04013902	12.46708937	-0.17953212
-0.18050897	12.57488552	-0.17038762	-0.18086116	12.57442824	-0.17078161
0.12008567	12.33891435	-0.16742989	0.11991500	12.33869348	-0.16765036
0.24895161	12.32156333	-0.19177697	0.24881063	12.32144366	-0.19192353
0.22820644	12.38092151	-0.24417898	0.22804277	12.38077782	-0.24434592
0.11000925	12.40604761	-0.20901937	0.10980674	12.40581571	-0.20925255
0.29888200	12.35613483	-0.21271831	0.29872799	12.35605345	-0.21283715
0.28368960	12.43965203	-0.28258856	0.28349228	12.43954767	-0.28273320
0.27583941	12.41180281	-0.26865108	0.27566047	12.41169341	-0.26879561
0.31100954	12.34616477	-0.22490826	0.31087584	12.34608993	-0.22500309
0.34620000	12.27620000	-0.23202000	0.34620000	12.27620000	-0.23202000
0.31727769	12.33264912	-0.29242839	0.31717309	12.33255955	-0.29251726
0.28334580	12.39781178	-0.28337557	0.28318053	12.39770125	-0.28350597
0.44425997	12.21770000	-0.27141000	0.44425997	12.21770000	-0.27141000
0.57587000	12.16340070	-0.32883000	0.57587000	12.16340070	-0.32883000
0.56814595	12.24421076	-0.38354112	0.56809459	12.24425161	-0.38354922
0.42608374	12.28648007	-0.32902112	0.42601904	12.28646425	-0.32906441
0.70622003	12.08180000	-0.39380000	0.70622003	12.08180000	-0.39380000
0.69901598	12.18334535	-0.44772708	0.69898768	12.18343498	-0.44770872
0.76405103	12.39686183	-1.04789652	0.76411792	12.39702275	-1.04783771
0.86775619	12.24922381	-1.04606500	0.86791235	12.24944809	-1.04596825
0.78249747	12.38099736	-0.85973166	0.78251309	12.38118190	-0.85966722
0.87623366	12.22820275	-0.90564386	0.87635245	12.22843949	-0.90554864
0.79483678	12.26652524	-0.67205758	0.79483975	12.26670774	-0.67199537
0.87570620	12.15443099	-0.75358240	0.87580629	12.15466387	-0.75349568
0.53142508	12.61025458	-0.90394864	0.53134653	12.61031970	-0.90397011
0.64621599	12.52463415	-0.99081462	0.64619763	12.52472853	-0.99079928
0.56165366	12.54109434	-0.69293823	0.56151927	12.54116825	-0.69297070
0.67582457	12.48196165	-0.78169779	0.67575479	12.48209303	-0.78167913
0.56806665	12.38863542	-0.51232088	0.56796130	12.38869690	-0.51234603
0.69054142	12.34331426	-0.58950969	0.69047702	12.34343975	-0.58948776
-0.22639549	12.90748769	-0.37727427	-0.22690899	12.90698361	-0.37771046
-0.12014151	12.86530802	-0.36128187	-0.12062759	12.86489352	-0.36165973
-0.24760500	12.84934507	-0.29081294	-0.24811591	12.84882625	-0.29125876
-0.14047033	12.80066668	-0.27718928	-0.14094843	12.80023797	-0.27757602
-0.02246701	12.73429601	-0.31230485	-0.02287549	12.73396105	-0.31262822
0.00039074	12.80061617	-0.40785156	-0.00002353	12.80030131	-0.40816468
-0.28065566	12.75860617	-0.22811892	-0.28112371	12.75806223	-0.22857726
-0.16227873	12.68701783	-0.21499340	-0.16269686	12.68657339	-0.21538572
-0.03455031	12.60202548	-0.23543916	-0.03489349	12.60168249	-0.23576177
-0.56212250	12.90436622	-0.54924596	-0.56254154	12.90356198	-0.54987565
-0.59625939	12.89760104	-0.45758383	-0.59671975	12.89676645	-0.45823060
-0.49423520	12.91857478	-0.39619647	-0.49474797	12.91783411	-0.39678414
-0.46093345	12.93182197	-0.50168912	-0.46140145	12.93110711	-0.50225963
-0.61224567	12.82524184	-0.37859442	-0.61268532	12.82439565	-0.37924565
-0.52322150	12.81616770	-0.31997600	-0.52368630	12.81540509	-0.32057365
-0.34492893	12.93135166	-0.43369440	-0.34543322	12.93074232	-0.43419773
-0.37166822	12.89565708	-0.33513311	-0.37219485	12.89502883	-0.33564955
-0.40652594	12.79773093	-0.26660197	-0.40700566	12.79707487	-0.26713168
0.28889105	12.63973246	-0.65469937	0.28869140	12.63964420	-0.65486752
0.33081114	12.63691049	-0.67796186	0.33062418	12.63685675	-0.67810820
0.26259167	12.57214195	-0.50479336	0.26238239	12.57202156	-0.50497009
0.30899967	12.57168261	-0.51457923	0.30879392	12.57159798	-0.51473540
0.31286879	12.58969001	-0.49896241	0.31264212	12.58960719	-0.49911531
0.33159126	12.65120220	-0.66954208	0.33138851	12.65114830	-0.66968660
0.33907837	12.63370961	-0.69203676	0.33889464	12.63366023	-0.69217525
0.31551883	12.57548763	-0.51372419	0.31530748	12.57540633	-0.51387417
0.34825239	12.55606838	-0.55412530	0.34806803	12.55600988	-0.55425910
0.36903839	12.61537978	-0.74215927	0.36888788	12.61535040	-0.74227678
0.32387113	12.44066897	-0.40153921	0.32371035	12.44058273	-0.40166428
0.29089480	12.48737799	-0.37868010	0.29069383	12.48727516	-0.37882928
0.28507869	12.49152936	-0.37389086	0.28487638	12.49142492	-0.37404650
0.23771414	12.47677996	-0.35782526	0.23751886	12.47663796	-0.35800021
0.44172521	12.55563522	-0.61546284	0.44155769	12.55564221	-0.61555303
0.43601442	12.62336307	-0.81662265	0.43590131	12.62338199	-0.81668517
0.43094612	12.41309723	-0.44790448	0.43081651	12.41308136	-0.44797938
0.13229144	12.63882687	-0.41355301	0.13199910	12.63861136	-0.41379634
0.15834035	12.70960750	-0.53601847	0.15804738	12.70941541	-0.53625403
0.11450430	12.52150065	-0.29767278	0.11425164	12.52126886	-0.29791541
0.15370484	13.14427558	-0.39909731	0.15302517	13.14407953	-0.39933941
0.24944081	13.03131612	-0.13302455	0.24872084	13.03119199	-0.13322655
0.28961107	12.91771068	-0.09120503	0.28896017	12.91761923	-0.09138658
0.32032146	12.73796275	-0.09618477	0.31980902	12.73789718	-0.09634472
0.34213572	12.55871630	-0.12538338	0.34177337	12.55867008	-0.12551938
0.23490132	12.85853795	-0.81944121	0.23460599	12.85844000	-0.81965205
0.33554795	12.37576146	-0.18703102	0.33536773	12.37571617	-0.18712964
0.16781922	13.06052012	-0.59288596	0.16729581	13.06034294	-0.59311565
0.19440658	12.99102476	-0.69290555	0.19397463	12.99088126	-0.69312329
0.89827071	11.96491644	-0.57072368	0.89838617	11.96510547	-0.57067944
0.82705461	12.01985293	-0.45669694	0.82704480	12.01985758	-0.45669666
0.94309023	11.92933290	-0.70370629	0.94329830	11.92959001	-0.70362038
0.74838075	12.33363155	-1.28594219	0.74855380	12.33374052	-1.28587842
0.46101971	12.61845120	-1.16630707	0.46101153	12.61841647	-1.16631054
0.35313409	12.65670200	-1.05907844	0.35312085	12.65663151	-1.05911630
0.28689654	12.66013502	-0.96178458	0.28687074	12.66002426	-0.96187066
0.27104117	12.69116543	-0.90190739	0.27094548	12.69107032	-0.90204440
0.25395243	12.70288382	-0.88961718	0.25384261	12.70279117	-0.88979256
0.20536282	12.68833900	-0.87203245	0.20524630	12.68820576	-0.87224308
0.11584864	12.70940320	-0.75798800	0.11565870	12.70919395	-0.75824784
0.00638426	12.74199138	-0.62812728	0.00611643	12.74168580	-0.62844181
-0.20298855	12.78086307	-0.56331731	-0.20329959	12.78037229	-0.56373318
-0.30641736	12.82164751	-0.61356187	-0.30673214	12.82106391	-0.61404018
-0.49076668	12.88215311	-0.70075328	-0.49108444	12.88140827	-0.70134354
-0.57301756	12.88449583	-0.68940251	-0.57334645	12.88368589	-0.69004111
-0.71886056	12.85169291	-0.54759409	-0.71923295	12.85075173	-0.54831248
-0.19394339	12.52180716	-0.11951689	-0.19427932	12.52134287	-0.11991325
0.13755580	12.35481502	-0.14268074	0.13735948	12.35461049	-0.14289383
0.30625674	12.38390462	-0.22527953	0.30608557	12.38382655	-0.22539723
0.38234524	12.29478455	-0.19578794	0.38229726	12.29479918	-0.19580182
0.46858798	12.23816085	-0.23936758	0.46855938	12.23818549	-0.23937745
0.71398218	12.09232521	-0.37196684	0.71397473	12.09234429	-0.37196997
0.29147203	12.51469444	-0.37198839	0.29124983	12.51459510	-0.37214254
0.57792869	12.78078831	-0.54347049	0.57758332	12.78088456	-0.54351831
0.29717084	12.98978190	-0.53413540	0.29667554	12.98969709	-0.53431086
0.02515690	12.99317083	-0.26730585	0.02452419	12.99287483	-0.26761369
0.09303289	13.07631674	-0.31218624	0.09235938	13.07607325	-0.31246059
0.31182915	12.86927885	-0.29793669	0.31131287	12.86920291	-0.29810404
0.02279348	12.96567354	-0.42578690	0.02225988	12.96537646	-0.42609255
0.11551230	13.04430848	-0.42160899	0.11491857	13.04408349	-0.42186936
0.36077613	12.82522650	-0.69752376	0.36045758	12.82521344	-0.69767549
0.14916790	13.02827433	-0.18346769	0.14847088	13.02807506	-0.18371633
0.21531506	12.81492629	-0.79825290	0.21505386	12.81480627	-0.79846596
0.32427907	12.75911216	-0.53472088	0.32394449	12.75904526	-0.53488152
0.32149940	12.88935461	-0.84727450	0.32116681	12.88935789	-0.84747919
0.39063857	12.43704147	-0.24772499	0.39042890	12.43702139	-0.24782364
0.23715526	13.04676125	-0.45046568	0.23657804	13.04662952	-0.45066757
0.47219581	12.68717379	-0.66995622	0.47196506	12.68721409	-0.67003635
0.69378407	12.75329963	-0.77359003	0.69355290	12.75346163	-0.77358484
0.31928707	12.94071392	-0.20363445	0.31867417	12.94064216	-0.20380128
-0.43495464	12.90499333	-0.25002027	-0.43553532	12.90431381	-0.25057238
0.14471048	13.08072718	-0.25281559	0.14400653	13.08052402	-0.25306569
0.31700675	12.94744962	-0.69200660	0.31660455	12.94739830	-0.69217648
-0.52191251	12.90407963	-0.29043124	-0.52247084	12.90332010	-0.29103351
0.22045272	13.03139915	-0.33223848	0.21982892	13.03125443	-0.33244993
0.28618429	12.45977606	-0.20400444	0.28593583	12.45968235	-0.20415092
0.11091838	13.09769662	-0.37419164	0.11025960	13.09746738	-0.37445590
0.20240421	13.07699568	-0.49278143	0.20182327	13.07683889	-0.49299813
0.24956187	12.61269275	-0.24851514	0.24921403	12.61256806	-0.24869922
0.16115381	12.93672925	-0.51281930	0.16068603	12.93654144	-0.51305586
0.27109926	12.89208661	-0.83650026	0.27077643	12.89202724	-0.83670477
0.27890410	12.84132822	-0.83939619	0.27863034	12.84127232	-0.83958949
0.22389731	13.02182264	-0.54852848	0.22338417	13.02168449	-0.54873468
0.36922986	12.80066470	-0.20117589	0.36872268	12.80062986	-0.20131635
0.49355820	12.59417260	-0.43517975	0.49329766	12.59421077	-0.43525386
0.30257984	12.76123989	-0.89064695	0.30242183	12.76118949	-0.89079068
0.15466169	12.96398715	-0.64818223	0.15423161	12.96380674	-0.64842114
0.38833080	12.37688632	-0.22420409	0.38816853	12.37687793	-0.22428395
0.35435363	12.48450701	-0.31513437	0.35413106	12.48445406	-0.31525638
0.18773221	12.86813522	-0.19078470	0.18716383	12.86796541	-0.19101201
0.38668754	12.73176439	-0.91208770	0.38655092	12.73178346	-0.91217555
0.29282036	12.79401401	-0.85282070	0.29260215	12.79396658	-0.85298986
0.13687152	13.11303098	-0.28515067	0.13615781	13.11282129	-0.28540408
0.40967656	12.60815563	-0.25013587	0.40933037	12.60814506	-0.25024697
0.20979434	12.85992652	-0.77499312	0.20948769	12.85980145	-0.77520961
0.42452770	12.71533942	-0.82927671	0.42435968	12.71537319	-0.82935989
0.82329382	12.74983312	-0.86813461	0.82308991	12.75005220	-0.86808740
0.56163848	12.79419971	-0.92923335	0.56143912	12.79429919	-0.92928416
0.33516030	12.68700137	-0.20224958	0.33473651	12.68694088	-0.20239889
0.24458670	12.76311041	-0.18518454	0.24409626	12.76298449	-0.18538003
