0.85056510	12.73674239	-0.42009293	0.84991897	12.73715372	-0.42004214
0.82182880	12.87492693	-0.44873386	0.82117544	12.87531232	-0.44877808
0.89802592	12.83361252	-0.54700016	0.89751252	12.83396576	-0.54695192
0.92984621	12.70042205	-0.53245073	0.92934935	12.70079178	-0.53230869
0.77946789	12.96582404	-0.50904927	0.77887240	12.96616253	-0.50919320
0.85961394	12.91970798	-0.58992746	0.85913007	12.92002909	-0.58996432
0.90890637	12.87678984	-0.65026247	0.90849031	12.87708811	-0.65024202
0.94718685	12.80689234	-0.64455240	0.94678039	12.80720455	-0.64445803
0.98102016	12.67779847	-0.64557076	0.98063630	12.67811842	-0.64538838
0.71724341	12.76635981	-1.16408960	0.71726712	12.76631405	-1.16417883
0.83953139	12.71575938	-1.14228773	0.83954523	12.71574883	-1.14226801
0.80813462	12.82226510	-1.07350754	0.80809423	12.82229348	-1.07357368
0.68603417	12.86857778	-1.09031617	0.68600458	12.86857208	-1.09051081
0.94064742	12.68196317	-1.07947236	0.94061586	12.68200802	-1.07936265
0.90766179	12.79306210	-1.02078259	0.90758231	12.79313496	-1.02074769
0.86812734	12.86156729	-0.97018432	0.86801250	12.86166161	-0.97022204
0.78937418	12.90247718	-0.98558385	0.78927491	12.90256060	-0.98571114
0.66748402	12.94849637	-0.99108985	0.66739273	12.94855479	-0.99134900
0.59556042	12.83431135	-0.20824009	0.59455808	12.83478470	-0.20854054
0.57741314	12.97131184	-0.25592270	0.57645919	12.97176549	-0.25632420
0.71151137	12.92346064	-0.34858184	0.71070697	12.92387876	-0.34877377
0.73287589	12.78407508	-0.30817329	0.73204991	12.78451911	-0.30826847
0.54701823	13.05771964	-0.34037814	0.54617984	13.05812298	-0.34086984
0.67547309	13.01386401	-0.42439885	0.67476246	13.01423332	-0.42469000
0.46771559	12.88161490	-1.06375450	0.46768297	12.88156735	-1.06414207
0.59390705	12.82727351	-1.13646458	0.59390041	12.82721153	-1.13670375
0.56326330	12.91969567	-1.06407221	0.56322000	12.91967279	-1.06440141
0.43927216	12.96416054	-0.98916350	0.43919191	12.96417296	-0.98965670
0.54313448	12.99434409	-0.96245430	0.54303112	12.99440440	-0.96286858
0.41847655	13.03362735	-0.88652542	0.41831377	13.03372311	-0.88711426
-0.01465538	12.98954285	-0.06729814	-0.01594278	12.99018990	-0.06869450
-0.14295684	13.00143863	-0.08945131	-0.14415587	13.00221684	-0.09106001
-0.14533259	13.07485263	-0.13594676	-0.14640892	13.07560475	-0.13757561
-0.02058443	13.07688597	-0.11119250	-0.02173354	13.07754589	-0.11261050
-0.26165037	13.00312610	-0.12573200	-0.26277754	13.00400420	-0.12746992
-0.26256666	13.06458331	-0.17412657	-0.26359195	13.06545394	-0.17588605
-0.26378005	13.10583243	-0.23963138	-0.26469052	13.10665505	-0.24142210
-0.14727650	13.12180623	-0.20208556	-0.14823077	13.12252128	-0.20373344
-0.02546178	13.13094891	-0.17704614	-0.02649297	13.13159679	-0.17850013
0.03102902	12.97584308	-0.59163763	0.03053524	12.97618955	-0.59287519
0.01599143	13.03826519	-0.56613812	0.01547956	13.03864405	-0.56745380
-0.06507582	13.04043293	-0.55569892	-0.06561339	13.04088533	-0.55717474
-0.05087351	12.98421385	-0.57133552	-0.05141293	12.98463669	-0.57274924
-0.00362572	13.09227689	-0.51875334	-0.00417719	13.09270612	-0.52014381
-0.08665075	13.08674845	-0.51998738	-0.08722068	13.08724698	-0.52152838
-0.18028500	13.07961683	-0.53619003	-0.18086611	13.08016145	-0.53787339
-0.15763339	13.03864122	-0.57209782	-0.15818756	13.03914748	-0.57372113
-0.14292814	12.98746508	-0.58955536	-0.14349687	12.98795337	-0.59111270
0.98721548	12.28885092	-0.67172928	0.98700889	12.28918350	-0.67137731
0.96636633	12.06997884	-0.68773912	0.96631486	12.07031214	-0.68734426
0.91374281	12.09678977	-0.55244451	0.91362200	12.09712691	-0.55210999
0.92852113	12.30357522	-0.53660406	0.92819629	12.30394743	-0.53629496
0.83572691	12.14670043	-0.43123476	0.83548157	12.14697010	-0.43100735
0.84300323	12.32880112	-0.41128597	0.84255520	12.32917890	-0.41105804
0.97944756	12.38000347	-1.14135280	0.97947053	12.38002542	-1.14107147
0.88457834	12.44060023	-1.21040615	0.88462313	12.44055650	-1.21021140
0.87987896	12.28112317	-1.23527660	0.87997241	12.28105487	-1.23499132
0.97188955	12.18873590	-1.15674510	0.97196457	12.18874067	-1.15634799
0.75740641	12.51688766	-1.23926451	0.75745488	12.51682069	-1.23918997
0.75355373	12.39670429	-1.27069728	0.75362728	12.39660520	-1.27054978
0.86758902	12.17643675	-1.24314067	0.86773878	12.17634642	-1.24280362
0.95294075	12.05415008	-1.15486165	0.95309055	12.05412965	-1.15437922
0.99329122	12.49782197	-0.65692372	0.99297690	12.49815576	-0.65664310
0.93658509	12.51384252	-0.53046868	0.93614216	12.51421651	-0.53022661
0.85226618	12.54236918	-0.40853575	0.85167764	12.54277857	-0.40837797
0.86810757	12.58707149	-1.18356693	0.86813612	12.58703608	-1.18345906
0.96714636	12.54437699	-1.11770283	0.96714120	12.54440501	-1.11750672
0.74292794	12.64466918	-1.20858092	0.74297660	12.64460163	-1.20857407
0.59944977	12.42017523	-0.22573281	0.59873132	12.42059252	-0.22577203
0.59969055	12.63494181	-0.20324537	0.59875138	12.63540765	-0.20341354
0.73319105	12.58511285	-0.29743646	0.73243224	12.58555652	-0.29743020
0.72687556	12.37093780	-0.30838798	0.72630022	12.37132918	-0.30828042
0.46890187	12.70488297	-1.15076655	0.46890805	12.70477814	-1.15087497
0.61213428	12.61498267	-1.21941107	0.61216041	12.61492052	-1.21945041
0.60893530	12.71916397	-1.18589940	0.60896872	12.71909232	-1.18600989
0.47401541	12.78878970	-1.11713454	0.47399870	12.78870144	-1.11737773
0.58645825	12.17484697	-0.30179723	0.58637842	12.17493408	-0.30179301
0.59684750	12.28085088	-0.26250757	0.59641101	12.28116124	-0.26247610
0.72301285	12.21622506	-0.33768035	0.72266347	12.21651240	-0.33756311
0.60076944	12.48689902	-1.25183769	0.60079821	12.48683317	-1.25181778
0.60691151	12.53429608	-1.24357267	0.60693454	12.53423749	-1.24357966
0.46277958	12.64919111	-1.16642396	0.46277676	12.64909618	-1.16646858
-0.00655295	12.71180156	-0.06655669	-0.00795347	12.71251109	-0.06787649
-0.15502250	12.78046409	-0.07410861	-0.15637215	12.78127932	-0.07578643
-0.14511779	12.90323536	-0.07143022	-0.14645618	12.90402089	-0.07311231
-0.00693891	12.86614832	-0.05578616	-0.00835070	12.86681058	-0.05721913
-0.29076012	12.83156978	-0.09844222	-0.29202659	12.83242730	-0.10013612
-0.27218459	12.92670597	-0.10221444	-0.27340440	12.92757682	-0.10393801
0.02690101	12.84633801	-0.62075852	0.02640652	12.84665250	-0.62190632
0.03313086	12.91173472	-0.60813384	0.03263520	12.91206101	-0.60932705
-0.04802768	12.92240507	-0.58071460	-0.04859100	12.92280993	-0.58208188
-0.05633441	12.85762193	-0.58477195	-0.05692622	12.85802939	-0.58611114
-0.13980071	12.93016555	-0.59783073	-0.14040538	12.93063686	-0.59935081
-0.14954428	12.86937292	-0.59674107	-0.15018063	12.86985652	-0.59823111
-0.03594511	12.41606859	-0.12140309	-0.03719964	12.41675540	-0.12247045
-0.17613767	12.63335095	-0.09211823	-0.17749121	12.63415521	-0.09365992
-0.02118351	12.54117779	-0.09069857	-0.02250647	12.54188199	-0.09188317
-0.32738540	12.62617697	-0.13073394	-0.32872114	12.62708084	-0.13233192
-0.31365835	12.71387813	-0.11045440	-0.31497556	12.71476787	-0.11211874
0.01685306	12.78003767	-0.63258923	0.01636513	12.78034518	-0.63370144
-0.07578561	12.79124282	-0.58205933	-0.07641908	12.79167365	-0.58341792
-0.09369374	12.76426643	-0.56206873	-0.09437703	12.76472753	-0.56345327
-0.17361389	12.80690343	-0.58480456	-0.17432342	12.80741235	-0.58627422
-0.38389026	13.00030589	-0.17481713	-0.38494614	13.00128035	-0.17659719
-0.37609904	13.05051841	-0.22057611	-0.37707509	13.05148112	-0.22240500
-0.49375109	12.99355897	-0.23133646	-0.49474155	12.99468285	-0.23318021
-0.47406101	13.03435279	-0.27233118	-0.47498322	13.03542238	-0.27420505
-0.45200464	13.06767398	-0.32259597	-0.45285196	13.06868479	-0.32448478
-0.36618965	13.08766773	-0.27968580	-0.36707461	13.08858590	-0.28152940
-0.26210819	13.03635037	-0.59162600	-0.26270628	13.03691166	-0.59335219
-0.24770330	12.99115550	-0.61661235	-0.24830814	12.99169259	-0.61828434
-0.28239707	13.07272237	-0.55115169	-0.28299274	13.07333778	-0.55292246
-0.37717681	13.06400454	-0.55968736	-0.37779902	13.06470910	-0.56151362
-0.36228505	13.03278347	-0.60454931	-0.36290784	13.03343273	-0.60633350
-0.35262253	12.99444865	-0.63835734	-0.35327442	12.99505586	-0.64009517
-0.24904389	12.94265582	-0.63246539	-0.24967958	12.94318503	-0.63409057
-0.36005593	12.95550989	-0.66309019	-0.36072730	12.95610718	-0.66479626
-0.37477156	12.91815064	-0.67713930	-0.37548669	12.91875199	-0.67881497
-0.26175030	12.89315226	-0.63702399	-0.26242933	12.89367749	-0.63861630
-0.53786691	12.88783504	-0.19068454	-0.53899988	12.88905596	-0.19242531
-0.55780090	12.76578375	-0.19628496	-0.55909452	12.76704124	-0.19786978
-0.63397778	12.80251640	-0.25356222	-0.63522246	12.80388196	-0.25521318
-0.61599212	12.89853636	-0.25282403	-0.61708977	12.89987114	-0.25460390
-0.56578850	12.66103874	-0.21369097	-0.56723474	12.66228376	-0.21511487
-0.64127573	12.71990586	-0.26539929	-0.64264863	12.72125262	-0.26688160
-0.68976391	12.78949412	-0.33542981	-0.69099727	12.79086860	-0.33706424
-0.68352233	12.84180516	-0.32972358	-0.68468377	12.84318841	-0.33144493
-0.66763422	12.90493220	-0.33140628	-0.66869373	12.90628481	-0.33322691
-0.45645757	12.65091166	-0.16612739	-0.45785399	12.65199885	-0.16766067
-0.44528603	12.74712841	-0.14700340	-0.44657652	12.74819023	-0.14864844
-0.42316758	12.86644532	-0.13850998	-0.42434885	12.86747394	-0.14023533
-0.47071218	12.93337678	-0.68785507	-0.47141699	12.93410193	-0.68959117
-0.47756771	12.90624346	-0.69833220	-0.47830909	12.90697054	-0.70005412
-0.38686897	12.88481898	-0.67893747	-0.38763301	12.88543529	-0.68058295
-0.55726655	12.93824693	-0.66781127	-0.55800584	12.93919021	-0.66961939
-0.56192810	12.91142022	-0.68249762	-0.56270678	12.91237193	-0.68427178
-0.39762540	12.86798162	-0.66851363	-0.39840892	12.86861496	-0.67015409
-0.28141523	12.84492865	-0.62923146	-0.28214795	12.84547338	-0.63078726
0.89874929	12.88486999	-0.90149794	0.89857610	12.88500664	-0.90151862
0.79874067	12.95188844	-0.88755693	0.79855541	12.95202811	-0.88769898
0.91514479	12.89927178	-0.81274606	0.91488108	12.89947394	-0.81275506
0.82002632	12.97179305	-0.78301306	0.81974026	12.97199496	-0.78313666
0.70955625	13.02753119	-0.74183750	0.70923378	13.02774122	-0.74209061
0.67993018	13.00332518	-0.87099263	0.67974077	13.00346464	-0.87126890
0.91611646	12.89548255	-0.72083029	0.91577180	12.89574007	-0.72082404
0.83697477	12.96309709	-0.67645254	0.83657667	12.96336334	-0.67654426
0.74238541	13.01573245	-0.61453322	0.74191078	13.01601282	-0.61474553
1.00031684	12.67137115	-0.98472739	1.00022182	12.67148868	-0.98456961
0.96255717	12.79296356	-0.93967948	0.96242344	12.79308975	-0.93959473
1.02332537	12.67187454	-0.87335686	1.02315141	12.67206262	-0.87316162
0.98227019	12.80236725	-0.84286495	0.98205330	12.80256252	-0.84276154
1.01454999	12.67098520	-0.76000691	1.01427545	12.67125008	-0.75980624
0.97624298	12.80197412	-0.74346717	0.97592988	12.80223299	-0.74336043
0.55975732	13.04888039	-0.82599919	0.55952843	13.04902806	-0.82643069
0.59633685	13.07458794	-0.67711018	0.59593521	13.07481437	-0.67752076
0.47232135	13.11337149	-0.59472462	0.47182736	13.11364551	-0.59533510
0.43542118	13.08677232	-0.74669048	0.43510742	13.08695651	-0.74731310
0.63602299	13.06347715	-0.53893436	0.63545534	13.06377912	-0.53929876
0.51069865	13.10434739	-0.45651829	0.51001989	13.10468590	-0.45707875
-0.38568582	13.08155209	-0.50180999	-0.38634402	13.08233063	-0.50366981
-0.46926078	13.06293602	-0.51429028	-0.46990387	13.06379999	-0.51618023
-0.44934545	13.05151530	-0.55663926	-0.44997451	13.05231560	-0.55851426
-0.39774815	13.08768539	-0.43877999	-0.39845861	13.08854068	-0.44065270
-0.49143568	13.06486377	-0.46978883	-0.49213552	13.06580074	-0.47169216
-0.57587048	13.03822018	-0.49881100	-0.57657078	13.03925982	-0.50073458
-0.53823318	13.04025253	-0.53139148	-0.53889243	13.04121234	-0.53328965
-0.50051796	13.03869404	-0.55763116	-0.50115493	13.03956513	-0.55950607
-0.42320202	13.08428355	-0.37855866	-0.42398114	13.08522008	-0.38044346
-0.50525252	13.06070295	-0.41843629	-0.50602402	13.06170371	-0.42034681
-0.52012336	13.04624297	-0.36752567	-0.52096437	13.04730811	-0.36943898
-0.56575332	13.02913422	-0.39978982	-0.56658602	13.03023470	-0.40170733
-0.57765892	13.03410573	-0.44835396	-0.57842943	13.03518362	-0.45028028
-0.01941614	13.13117244	-0.43680974	-0.02006571	13.13166404	-0.43826009
-0.11117229	13.11895448	-0.44943259	-0.11180433	13.11952101	-0.45103823
-0.02892781	13.15265116	-0.34148661	-0.02970379	13.15321294	-0.34296523
-0.13212842	13.13663009	-0.36291910	-0.13288263	13.13727438	-0.36456441
-0.23333844	13.11951395	-0.39405764	-0.23405675	13.12023524	-0.39584733
-0.20727202	13.10599297	-0.47241025	-0.20790581	13.10661032	-0.47415229
-0.02957259	13.15440439	-0.25433377	-0.03046980	13.15501121	-0.25581181
-0.14353308	13.13996648	-0.27912102	-0.14438193	13.14064714	-0.28077540
-0.25318597	13.12176870	-0.31451538	-0.25399064	13.12256052	-0.31630915
0.99072267	11.97515751	-1.05850156	0.99080819	11.97520821	-1.05790952
1.01323757	12.12004058	-1.05658004	1.01328201	12.12012211	-1.05612318
0.99313821	11.93025572	-0.95306851	0.99315101	11.93039833	-0.95245957
1.01910994	12.07684448	-0.94233707	1.01913165	12.07701330	-0.94186651
1.03824857	12.29451922	-0.92685229	1.03819578	12.29470474	-0.92648725
1.02696412	12.32910861	-1.04278114	1.02695381	12.32920835	-1.04244111
0.97443394	11.91375694	-0.83408852	0.97442126	11.91397273	-0.83353791
1.00243130	12.06165351	-0.81889066	1.00241337	12.06190465	-0.81843988
1.02443681	12.28353511	-0.80249074	1.02431909	12.28381169	-0.80212053
1.02253281	12.51488132	-1.01843828	1.02247813	12.51498504	-1.01818629
1.04110594	12.49738914	-0.90324237	1.04097958	12.49757354	-0.90295390
1.02977207	12.49199935	-0.78194433	1.02955716	12.49226300	-0.78164635
-0.64326438	12.93276614	-0.61538765	-0.64406744	12.93388876	-0.61723761
-0.64989105	12.90286286	-0.62724315	-0.65073937	12.90400551	-0.62906656
-0.70108955	12.92252952	-0.53559158	-0.70202768	12.92381030	-0.53744994
-0.71138606	12.88622678	-0.54150663	-0.71240437	12.88752835	-0.54333217
-0.65158577	12.87942172	-0.62856221	-0.65248018	12.88057435	-0.63035465
-0.70273467	12.91310281	-0.43334290	-0.70371598	12.91442330	-0.43520977
-0.71615269	12.86794105	-0.43419881	-0.71723035	12.86927764	-0.43599551
-0.71904113	12.83218787	-0.43583216	-0.72020629	12.83352462	-0.43756128
-0.29867950	13.09472364	-0.48885031	-0.29932356	13.09541367	-0.49066172
-0.31685966	13.10451212	-0.41646735	-0.31757301	13.10529168	-0.41829961
-0.34290414	13.10390344	-0.34594642	-0.34369528	13.10476660	-0.34779143
-0.59591482	12.95095233	-0.26567251	-0.59693367	12.95222403	-0.26751193
-0.51547387	12.95415071	-0.20325677	-0.51652683	12.95532703	-0.20506376
-0.65003300	12.94515803	-0.34069247	-0.65102312	12.94646720	-0.34255621
-0.62687048	12.97477028	-0.35761345	-0.62780417	12.97601178	-0.35951048
-0.57289823	12.98294980	-0.29007053	-0.57386338	12.98415868	-0.29193790
-0.40093825	12.94486538	-0.14777192	-0.40205871	12.94586531	-0.14953141
-0.45771296	12.96451282	-0.66959213	-0.45838307	12.96522038	-0.67134311
-0.44584503	12.99694563	-0.64146353	-0.44648339	12.99764673	-0.64324870
-0.53000638	12.99572998	-0.62423809	-0.53066975	12.99660046	-0.62607352
-0.54587625	12.96719454	-0.65010970	-0.54656730	12.96809557	-0.65193745
-0.65990320	12.97992006	-0.52406860	-0.66070392	12.98111210	-0.52597688
-0.68416272	12.95231231	-0.53030214	-0.68503054	12.95355802	-0.53218549
-0.62961147	12.96117962	-0.60268274	-0.63036887	12.96227335	-0.60454972
-0.60880386	12.98850683	-0.58494921	-0.60951534	12.98955720	-0.58682063
-0.62786822	13.00922300	-0.51523117	-0.62861341	13.01035227	-0.51714855
-0.58154011	13.01505150	-0.55805836	-0.58222489	13.01606646	-0.55995637
-0.51184258	13.02160993	-0.58505778	-0.51248714	13.02247089	-0.58691504
-0.68533343	12.94634490	-0.43600591	-0.68624750	12.94762743	-0.43791100
-0.66101833	12.97449830	-0.44201727	-0.66186787	12.97572123	-0.44394373
-0.59468818	13.00590344	-0.38206329	-0.59556932	13.00707098	-0.38397574
-0.62732452	13.00464773	-0.45115825	-0.62812642	13.00581071	-0.45309189
-0.54516688	13.01756424	-0.32437610	-0.54607217	13.01870480	-0.32627177
-0.44229418	13.02776632	-0.60143782	-0.44292043	13.02850305	-0.60326369
0.18058964	13.12077705	-0.18581982	0.17953649	13.12130002	-0.18692825
0.15113039	13.15941723	-0.27111973	0.15021440	13.15992678	-0.27228857
0.17882766	13.14729530	-0.28579817	0.17791869	13.14778992	-0.28691200
0.21255326	13.10745386	-0.19732124	0.21150129	13.10796172	-0.19837304
0.13088782	13.16647045	-0.36626553	0.13012858	13.16694454	-0.36746438
0.15700521	13.15513557	-0.38315417	0.15625105	13.15558475	-0.38430669
0.18340072	13.13839288	-0.29580624	0.18250990	13.13887669	-0.29690719
0.21693323	13.09905301	-0.20371660	0.21588832	13.09955576	-0.20475187
0.19005310	13.14608883	-0.29685841	0.18916488	13.14657000	-0.29794753
0.22233903	13.10555428	-0.19857861	0.22128636	13.10606128	-0.19961173
0.17109027	13.15322528	-0.40025599	0.17035601	13.15366145	-0.40138101
0.21512564	13.15897754	-0.42608849	0.21443040	13.15938431	-0.42712508
0.23650916	13.15134521	-0.31466184	0.23564487	13.15179939	-0.31567055
0.26823984	13.10879926	-0.20929210	0.26720853	13.10928467	-0.21024409
0.25563813	12.93418099	-0.06560885	0.25434140	12.93474277	-0.06652158
0.21892444	13.05062797	-0.11117712	0.21773949	13.05116832	-0.11218663
0.25509577	13.03780831	-0.12248259	0.25391810	13.03834077	-0.12343098
0.29517081	12.92086195	-0.07861186	0.29390643	12.92140863	-0.07943827
0.26533520	13.03579851	-0.12294287	0.26415912	13.03633091	-0.12386951
0.30638533	12.91895641	-0.08198599	0.30513260	12.91950089	-0.08279125
0.31055328	13.03424950	-0.13018623	0.30938916	13.03476936	-0.13103711
0.35017163	12.91112468	-0.08781947	0.34893615	12.91167069	-0.08854427
0.37553570	12.72220636	-0.09181119	0.37432763	12.72274036	-0.09237289
0.33547002	12.73593083	-0.08747464	0.33424048	12.73646612	-0.08812211
0.39315522	12.52679322	-0.12243783	0.39208973	12.52730525	-0.12282935
0.35560972	12.55090549	-0.11786525	0.35451001	12.55142117	-0.11832982
0.32406922	12.73814292	-0.08277749	0.32281904	12.73869256	-0.08344099
0.34340934	12.55370980	-0.11298438	0.34228913	12.55422406	-0.11347483
0.29772473	12.56753114	-0.09505807	0.29654533	12.56808153	-0.09565707
0.28201377	12.75556265	-0.06690119	0.28071830	12.75612427	-0.06766000
0.26627817	12.78341547	-0.91981522	0.26616510	12.78343769	-0.92034433
0.25645985	12.85367195	-0.89502872	0.25631117	12.85372747	-0.89567187
0.23733517	12.85954588	-0.83601301	0.23712694	12.85966112	-0.83671407
0.24803706	12.79868864	-0.85962165	0.24786465	12.79878372	-0.86023257
0.24122172	12.92575111	-0.84474982	0.24102943	12.92586613	-0.84550711
0.22143708	12.92420071	-0.78910745	0.22118643	12.92434906	-0.78990539
0.22793813	12.91980555	-0.77129588	0.22766842	12.91996854	-0.77208441
0.24895075	12.80451325	-0.83889776	0.24876064	12.80462374	-0.83952846
0.22109057	12.85997902	-0.82166922	0.22088017	12.86009437	-0.82242912
0.22596991	12.80262790	-0.84458249	0.22580264	12.80272615	-0.84526920
0.21042784	12.92372882	-0.77938257	0.21016888	12.92388597	-0.78020959
0.16986983	12.93599232	-0.76488311	0.16960127	12.93616679	-0.76579548
0.17760579	12.86864691	-0.80333820	0.17738620	12.86878086	-0.80418445
0.17951759	12.80501040	-0.82435268	0.17932086	12.80512960	-0.82513179
0.27107479	12.71326869	-0.94481698	0.27100786	12.71323918	-0.94520332
0.25560259	12.73743314	-0.88370773	0.25545754	12.73750102	-0.88422621
0.25741790	12.75306507	-0.86141583	0.25725851	12.75315806	-0.86196998
0.27505700	12.71651957	-0.87454212	0.27491289	12.71659753	-0.87500877
0.23477888	12.74486969	-0.87131512	0.23463665	12.74495821	-0.87191773
0.18601256	12.73734565	-0.85383681	0.18585703	12.73743355	-0.85455124
0.28155160	12.32789321	-0.16297679	0.28051148	12.32836901	-0.16329370
0.29909930	12.42447680	-0.12916359	0.29806955	12.42496279	-0.12958628
0.34696492	12.42276084	-0.14536960	0.34601830	12.42320624	-0.14569613
0.33244789	12.35319840	-0.17793412	0.33158088	12.35355681	-0.17815560
0.35099576	12.43536722	-0.15264731	0.35006134	12.43580658	-0.15297926
0.36072435	12.41577658	-0.15040453	0.35982399	12.41622018	-0.15069787
0.34713154	12.34770294	-0.18430616	0.34650490	12.34800514	-0.18452324
0.39795411	12.38250502	-0.15878127	0.39714656	12.38294185	-0.15899987
0.12026793	13.14130804	-0.47151214	0.11965810	13.14172402	-0.47271529
0.15021303	13.12796432	-0.48548511	0.14961358	13.12836334	-0.48661889
0.12386124	13.08909880	-0.57964512	0.12338643	13.08943646	-0.58079443
0.15914738	13.07374935	-0.59025270	0.15867781	13.07406278	-0.59132288
0.16222595	13.11664596	-0.49219607	0.16162665	13.11703185	-0.49330143
0.16804954	13.12303181	-0.49231976	0.16745342	13.12341514	-0.49341665
0.17820212	13.06701950	-0.58640692	0.17771911	13.06732643	-0.58743420
0.20444647	13.07238830	-0.62565944	0.20401154	13.07266628	-0.62663293
0.20356700	13.12880120	-0.52471536	0.20301773	13.12914685	-0.52574795
0.22033444	13.00183740	-0.74383108	0.22003091	13.00202334	-0.74470372
0.19878227	12.99707126	-0.69580597	0.19842203	12.99729540	-0.69671795
0.18444065	13.00019801	-0.69539161	0.18409295	13.00043194	-0.69633858
0.14617985	13.01506094	-0.68421433	0.14583035	13.01531388	-0.68524923
0.39398283	13.09100366	-0.26265602	0.39302453	13.09144862	-0.26339149
0.42909381	13.01047357	-0.17882488	0.42800999	13.01096457	-0.17947463
0.45745478	12.87976592	-0.13258158	0.45631662	12.88027802	-0.13311181
0.31307138	12.99110011	-0.86223030	0.31289396	12.99120736	-0.86292826
0.33690311	12.91291340	-0.95132640	0.33678733	12.91293634	-0.95189596
0.29500987	13.06056353	-0.75023650	0.29471356	13.06073893	-0.75103347
0.13556051	12.96191266	-0.06062281	0.13424452	12.96249376	-0.06175535
0.11392078	13.06617214	-0.10519804	0.11273048	13.06675698	-0.10638955
0.09253993	13.12973639	-0.17523722	0.09148864	13.13029122	-0.17649093
0.08819097	13.02874187	-0.62514144	0.08775159	13.02905312	-0.62631526
0.06798675	13.09419001	-0.54727229	0.06747223	13.09456210	-0.54853406
0.10736414	12.95659341	-0.67941874	0.10698901	12.95684683	-0.68048651
0.47194193	12.68466579	-0.13253591	0.47083996	12.68517104	-0.13292229
0.48151936	12.47560504	-0.16109502	0.48060592	12.47608245	-0.16132473
0.34593165	12.83195386	-1.00417011	0.34587351	12.83191772	-1.00459334
0.34678691	12.75681983	-1.03325260	0.34676355	12.75672359	-1.03355186
0.48294888	12.33811639	-0.19926570	0.48235907	12.33849860	-0.19933616
0.34552961	12.69679859	-1.05197281	0.34554698	12.69667760	-1.05215321
0.15681723	12.47199163	-0.10626485	0.15562037	12.47256985	-0.10703605
0.16270744	12.62811831	-0.07676109	0.16141541	12.62872168	-0.07766532
0.10909540	12.75553181	-0.74909156	0.10880085	12.75570486	-0.74997940
0.10941623	12.82425615	-0.72547898	0.10908738	12.82445882	-0.72642017
0.15372246	12.80741588	-0.05610536	0.15237100	12.80802296	-0.05715861
0.11160985	12.88977123	-0.70755081	0.11126160	12.88999614	-0.70853799
0.33038701	13.14367334	-0.50104195	0.32978778	13.14399825	-0.50187903
0.30460554	13.11508025	-0.62796662	0.30416300	13.11533750	-0.62881285
0.36058275	13.13544985	-0.37484633	0.35979361	13.13584888	-0.37564202
0.06382098	13.16423502	-0.34743024	0.06304580	13.16473674	-0.34874633
0.06064728	13.14047995	-0.44958741	0.06001463	13.14092803	-0.45089391
0.07515712	13.16138798	-0.25602979	0.07424819	13.16192937	-0.25732063
0.88208920	11.96644787	-0.58444610	0.88216415	11.96670218	-0.58415325
0.81676000	12.01719950	-0.47386000	0.81676000	12.01719950	-0.47386000
0.92248278	11.93865461	-0.71328701	0.92250077	11.93894577	-0.71283974
0.90990045	12.00514864	-0.71812143	0.90987731	12.00543497	-0.71771338
0.87423409	12.05194844	-0.63167599	0.87418763	12.05223188	-0.63134062
0.80582961	12.11455296	-0.52865940	0.80568930	12.11478755	-0.52842771
0.95581735	11.93114885	-0.83760484	0.95580119	11.93136314	-0.83707032
0.97511121	11.94714919	-0.94900727	0.97512312	11.94729685	-0.94842555
0.94308945	12.06513185	-0.93230144	0.94310123	12.06529493	-0.93185437
0.92873494	12.03483308	-0.81464437	0.92871592	12.03506362	-0.81421258
0.97431477	11.98944908	-1.04219936	0.97438850	11.98951426	-1.04163622
0.93966941	12.06414315	-1.12912175	0.93979496	12.06413683	-1.12865796
0.91652396	12.12682951	-1.10671955	0.91659804	12.12684033	-1.10631634
0.94039992	12.10002916	-1.03016231	0.94043771	12.10010984	-1.02973391
0.85901080	12.18223094	-1.22025082	0.85914208	12.18215361	-1.21992296
0.74256210	12.33310888	-1.27092590	0.74265623	12.33299799	-1.27074338
0.74651404	12.36140151	-1.19918954	0.74656541	12.36134754	-1.19902654
0.85715728	12.22811847	-1.15756775	0.85722424	12.22809253	-1.15726628
0.60122207	12.48299909	-1.23771677	0.60125094	12.48293944	-1.23769707
0.47114176	12.61369618	-1.15273829	0.47114795	12.61362687	-1.15276198
0.49420000	12.61570000	-1.07906000	0.49420000	12.61570000	-1.07906000
0.61447000	12.50220000	-1.16283000	0.61447000	12.50220000	-1.16283000
0.38301053	12.64729681	-1.04981283	0.38302820	12.64721648	-1.04988003
0.33212478	12.64761845	-0.95701163	0.33211128	12.64757151	-0.95714744
0.37140000	12.64100070	-0.89641000	0.37140000	12.64100070	-0.89641000
0.41679000	12.64250090	-0.98287004	0.41679000	12.64250090	-0.98287004
0.31408664	12.67936544	-0.89766790	0.31399357	12.67938680	-0.89796211
0.31006557	12.70690306	-0.87027960	0.30992000	12.70697094	-0.87065944
0.33829221	12.69474644	-0.81305160	0.33808666	12.69486919	-0.81341096
0.34743522	12.66960361	-0.84061409	0.34727095	12.66969718	-0.84087756
0.30105348	12.69419639	-0.87418126	0.30090844	12.69425682	-0.87457024
0.25791196	12.68416316	-0.84485594	0.25774069	12.68425116	-0.84537850
0.29810136	12.68128423	-0.77535967	0.29783473	12.68141613	-0.77581359
0.33712011	12.68334411	-0.81171406	0.33691393	12.68346710	-0.81207526
0.15148607	12.71988649	-0.71697142	0.15114222	12.72007418	-0.71775924
0.01938639	12.77386196	-0.57684200	0.01878474	12.77421759	-0.57795475
0.02346451	12.81153932	-0.49998569	0.02276149	12.81193585	-0.50114624
0.17542626	12.73499128	-0.64163539	0.17497657	12.73522504	-0.64240445
-0.09735341	12.81695397	-0.51438559	-0.09810636	12.81744717	-0.51580814
-0.20477291	12.84895400	-0.51829320	-0.20553626	12.84953522	-0.51984239
-0.20825090	12.91745885	-0.45798295	-0.20907631	12.91810157	-0.45961842
-0.09945339	12.87643178	-0.44427090	-0.10027804	12.87699191	-0.44577294
-0.30992130	12.86926244	-0.57792806	-0.31068283	12.86988537	-0.57955330
-0.40857548	12.88006679	-0.64529784	-0.40935971	12.88072354	-0.64696077
-0.42525730	12.90782741	-0.59356449	-0.42604345	12.90852946	-0.59526079
-0.31950165	12.92239970	-0.52293886	-0.32028272	12.92306774	-0.52462665
-0.49668778	12.88290522	-0.67305736	-0.49750263	12.88369637	-0.67477897
-0.57629665	12.87911886	-0.66121551	-0.57716314	12.88011280	-0.66294950
-0.57555938	12.88172062	-0.62591375	-0.57644129	12.88271799	-0.62766714
-0.51903353	12.89074337	-0.62491044	-0.51987544	12.89160323	-0.62665418
-0.65037732	12.87071180	-0.60972139	-0.65131562	12.87186655	-0.61151133
-0.69964448	12.85438475	-0.53027414	-0.70074970	12.85566475	-0.53208755
-0.66271497	12.87082341	-0.50206227	-0.66377461	12.87203039	-0.50387446
-0.62525029	12.88015278	-0.57878889	-0.62620260	12.88126801	-0.58057674
-0.70485825	12.82732913	-0.43513789	-0.70603381	12.82863853	-0.43685958
-0.67806279	12.78078970	-0.34538807	-0.67930888	12.78212990	-0.34700228
-0.65644702	12.78738127	-0.35833003	-0.65768617	12.78867227	-0.35994438
-0.66865449	12.83378118	-0.41857936	-0.66981730	12.83504193	-0.42031019
-0.63140038	12.70661597	-0.28232506	-0.63279871	12.70792130	-0.28378290
-0.55774477	12.64615836	-0.23407152	-0.55924158	12.64736166	-0.23547216
-0.54026266	12.70546727	-0.26533517	-0.54168230	12.70662030	-0.26683726
-0.61635755	12.74874617	-0.31485340	-0.61768333	12.75000428	-0.31639512
-0.45096971	12.64132954	-0.18701415	-0.45240084	12.64239681	-0.18853764
-0.32404397	12.62079549	-0.15141864	-0.32536341	12.62167968	-0.15300465
-0.30624419	12.67454710	-0.18021917	-0.30756209	12.67539970	-0.18184548
-0.43213367	12.69885852	-0.21687400	-0.43350800	12.69986543	-0.21847049
-0.18756509	12.51654150	-0.13820917	-0.18884385	12.51727636	-0.13962083
-0.03898599	12.40080954	-0.14523568	-0.04019445	12.40147408	-0.14628976
-0.03640014	12.47053099	-0.17617688	-0.03755114	12.47116229	-0.17729521
-0.17588681	12.57929481	-0.16693486	-0.17712862	12.58002427	-0.16838810
0.12227812	12.34044225	-0.16495562	0.12115566	12.34100414	-0.16564964
0.25087759	12.32192081	-0.18977321	0.24987936	12.32238018	-0.19014320
0.23058455	12.38164442	-0.24186552	0.22975513	12.38204197	-0.24235285
0.11278107	12.40777504	-0.20633649	0.11177260	12.40829218	-0.20711089
0.30102258	12.35613957	-0.21082071	0.30020632	12.35649029	-0.21108920
0.28657381	12.43995173	-0.28025829	0.28583615	12.44025192	-0.28066152
0.27845620	12.41216293	-0.26640284	0.27770777	12.41248386	-0.26680196
0.31279234	12.34631198	-0.22334497	0.31223793	12.34649680	-0.22356785
0.34620000	12.27620000	-0.23202000	0.34620000	12.27620000	-0.23202000
0.31882957	12.33312590	-0.29107200	0.31834832	12.33326655	-0.29121042
0.28574329	12.39828831	-0.28133572	0.28508025	12.39852458	-0.28165397
0.44425997	12.21770000	-0.27141000	0.44425997	12.21770000	-0.27141000
0.57587000	12.16340070	-0.32883000	0.57587000	12.16340070	-0.32883000
0.56916494	12.24307203	-0.38295991	0.56885626	12.24325941	-0.38291007
0.42723350	12.28615805	-0.32807028	0.42686859	12.28631893	-0.32812044
0.70622003	12.08180000	-0.39380000	0.70622003	12.08180000	-0.39380000
0.69969336	12.18136767	-0.44752765	0.69945145	12.18159374	-0.44739680
0.76325238	12.39370293	-1.04829704	0.76323076	12.39373482	-1.04814267
0.86549412	12.24501042	-1.04709449	0.86550419	12.24506478	-1.04679326
0.78255369	12.37721437	-0.86014818	0.78243913	12.37735933	-0.85996828
0.87457354	12.22361665	-0.90661444	0.87453003	12.22377002	-0.90629579
0.79512947	12.26274218	-0.67242505	0.79493686	12.26298967	-0.67219670
0.87436955	12.14983636	-0.75446601	0.87429152	12.15008419	-0.75413626
0.53334108	12.60833693	-0.90298581	0.53325292	12.60842196	-0.90306696
0.64679801	12.52240037	-0.99058421	0.64675674	12.52245239	-0.99055524
0.56445757	12.53887205	-0.69152114	0.56416373	12.53904398	-0.69160431
0.67748303	12.47893625	-0.78121633	0.67729010	12.47909658	-0.78116831
0.57013785	12.38678777	-0.51116118	0.56973955	12.38701574	-0.51117141
0.69197985	12.34045859	-0.58911164	0.69168410	12.34069558	-0.58899560
-0.21921785	12.91255836	-0.37321625	-0.22018545	12.91329333	-0.37489622
-0.11330336	12.86950545	-0.35761612	-0.11431010	12.87020662	-0.35922177
-0.24085556	12.85450776	-0.28683236	-0.24202702	12.85532288	-0.28855296
-0.13429954	12.80501422	-0.27385479	-0.13563089	12.80581812	-0.27572435
-0.01680142	12.73743191	-0.30882124	-0.01785233	12.73799808	-0.31012975
0.00657408	12.80361951	-0.40423825	0.00573184	12.80408000	-0.40546847
-0.27444030	12.76388808	-0.22409294	-0.27570326	12.76470312	-0.22578292
-0.15676284	12.69135639	-0.21148107	-0.15798514	12.69208852	-0.21306718
-0.02989912	12.60517181	-0.23212182	-0.03098442	12.60576523	-0.23335155
-0.55510325	12.91097552	-0.54385161	-0.55598394	12.91195832	-0.54563433
-0.58917400	12.90455050	-0.45219804	-0.59015354	12.90563725	-0.45400705
-0.48697707	12.92529641	-0.39118314	-0.48796459	12.92628871	-0.39295650
-0.45371076	12.93823749	-0.49671446	-0.45454879	12.93908430	-0.49847141
-0.60552328	12.83246162	-0.37314624	-0.60669188	12.83365081	-0.37485576
-0.51651855	12.82307800	-0.31489165	-0.51773275	12.82415809	-0.31656780
-0.33761871	12.93724535	-0.42922572	-0.33850170	12.93804013	-0.43096223
-0.36449644	12.90173445	-0.33063551	-0.36554831	12.90263715	-0.33238640
-0.39995167	12.80393598	-0.26203889	-0.40117669	12.80489027	-0.26372966
0.29281942	12.63964325	-0.65161299	0.29241865	12.63983789	-0.65210882
0.33458820	12.63629437	-0.67500240	0.33421794	12.63647548	-0.67542337
0.26637428	12.57255826	-0.50186231	0.26580853	12.57280779	-0.50240248
0.31277701	12.57163219	-0.51173974	0.31221829	12.57186784	-0.51220878
0.31686083	12.58961488	-0.49614555	0.31629329	12.58985424	-0.49661012
0.33557634	12.65060266	-0.66660709	0.33519954	12.65078739	-0.66703359
0.34278732	12.63308383	-0.68919328	0.34244264	12.63325503	-0.68958838
0.31931053	12.57540255	-0.51095607	0.31876943	12.57563041	-0.51139595
0.35173485	12.55568289	-0.55151416	0.35125289	12.55589329	-0.55188431
0.37219612	12.61445455	-0.73962797	0.37191764	12.61460004	-0.73995099
0.32652938	12.44083104	-0.39936810	0.32596199	12.44104174	-0.39967550
0.29409508	12.48768054	-0.37618284	0.29344711	12.48793477	-0.37661099
0.28835648	12.49182544	-0.37133203	0.28768685	12.49211735	-0.37179156
0.24085807	12.47753982	-0.35522741	0.24017670	12.47783837	-0.35574225
0.44502261	12.55422923	-0.61327199	0.44462020	12.55442149	-0.61351278
0.43854527	12.62188833	-0.81504907	0.43838355	12.62198778	-0.81522959
0.43328502	12.41239543	-0.44620402	0.43280547	12.41259765	-0.44634863
0.13689090	12.64051891	-0.41030053	0.13614726	12.64088081	-0.41116065
0.16338778	12.71100820	-0.53256762	0.16279630	12.71130063	-0.53338254
0.11823449	12.52331019	-0.29469505	0.11736525	12.52374787	-0.29554210
0.16334447	13.14562772	-0.39538177	0.16260256	13.14606629	-0.39651734
0.25849584	13.03150269	-0.12960074	0.25733131	13.03203373	-0.13053339
0.29765513	12.91746134	-0.08798149	0.29641096	12.91800327	-0.08880003
0.32663368	12.73743523	-0.09325199	0.32541353	12.73796965	-0.09389366
0.34665749	12.55800662	-0.12284695	0.34555561	12.55851414	-0.12333602
0.24135781	12.85875783	-0.81514292	0.24113133	12.85888416	-0.81584741
0.33791105	12.37530867	-0.18523540	0.33712514	12.37564544	-0.18549353
0.17640886	13.06182641	-0.58918783	0.17592971	13.06213177	-0.59021338
0.20223724	12.99186872	-0.68913821	0.20187042	12.99209723	-0.69004408
0.89639657	11.96115825	-0.57099666	0.89648119	11.96142309	-0.57070147
0.82720437	12.01971263	-0.45665458	0.82718953	12.01972474	-0.45664927
0.93989258	11.92436305	-0.70468058	0.93992561	11.92466445	-0.70422960
0.74603806	12.33171013	-1.28642494	0.74614191	12.33158900	-1.28623876
0.46153008	12.61949653	-1.16638514	0.46152798	12.61941237	-1.16641250
0.35373841	12.65799867	-1.05842589	0.35375550	12.65789095	-1.05854217
0.28750869	12.66183773	-0.96035757	0.28747943	12.66178388	-0.96059953
0.27326974	12.69198796	-0.89929374	0.27315746	12.69201865	-0.89968859
0.25682141	12.70324860	-0.88626641	0.25669645	12.70337892	-0.88681538
0.20845285	12.68930132	-0.86835553	0.20832883	12.68937095	-0.86899668
0.11995056	12.71140144	-0.75421686	0.11966125	12.71156072	-0.75504915
0.01152378	12.74505486	-0.62437528	0.01101277	12.74537754	-0.62547626
-0.19698574	12.78575993	-0.55934906	-0.19773780	12.78628916	-0.56084483
-0.30008171	12.82717368	-0.60914993	-0.30083279	12.82774844	-0.61070105
-0.48416727	12.88790072	-0.69530241	-0.48494109	12.88864128	-0.69701721
-0.56625838	12.89046337	-0.68374652	-0.56707512	12.89142775	-0.68548877
-0.71192580	12.85859223	-0.54180925	-0.71301775	12.85990753	-0.54363067
-0.18972738	12.52622032	-0.11614314	-0.19103880	12.52698404	-0.11757080
0.13995684	12.35611425	-0.14020279	0.13879267	12.35669128	-0.14088535
0.30862016	12.38391011	-0.22332982	0.30788199	12.38421524	-0.22361583
0.38293834	12.29402626	-0.19523045	0.38268846	12.29425517	-0.19525273
0.46904906	12.23739947	-0.23885113	0.46886895	12.23756414	-0.23888725
0.71408572	12.09181808	-0.37177688	0.71405152	12.09185782	-0.37176393
0.29498280	12.51490220	-0.36937544	0.29429917	12.51518712	-0.36983410
0.58390460	12.77800074	-0.54121645	0.58337857	12.77827742	-0.54144531
0.30514734	12.98970258	-0.53052808	0.30457241	12.99000415	-0.53129254
0.03348233	12.99572226	-0.26355569	0.03250502	12.99626128	-0.26486042
0.10211392	13.07821868	-0.30843734	0.10122831	13.07871638	-0.30965118
0.31904969	12.86898098	-0.29469360	0.31813230	12.86938184	-0.29540011
0.03057089	12.96844709	-0.42202510	0.02981392	12.96890497	-0.42329473
0.12411390	13.04611839	-0.41790072	0.12338259	13.04654024	-0.41904567
0.36704489	12.82388435	-0.69373257	0.36669269	12.82408099	-0.69423556
0.15804650	13.02950350	-0.17987645	0.15694883	13.03003358	-0.18098121
0.22085841	12.81552991	-0.79426050	0.22061279	12.81566637	-0.79497185
0.32990477	12.75871046	-0.53145857	0.32933710	12.75897065	-0.53201857
0.32930993	12.88717035	-0.84179814	0.32911263	12.88729091	-0.84238107
0.39365040	12.43632000	-0.24569584	0.39289355	12.43664491	-0.24595463
0.24579853	13.04731111	-0.44687851	0.24510876	13.04768058	-0.44779511
0.47665516	12.68514519	-0.66762991	0.47630067	12.68534127	-0.66789427
0.69844360	12.74955075	-0.77225085	0.69819457	12.74973276	-0.77232644
0.32738834	12.94026098	-0.20039390	0.32631934	12.94072896	-0.20115633
-0.42747976	12.91143895	-0.24526809	-0.42857436	12.91244854	-0.24702181
0.15397875	13.08205375	-0.24915473	0.15300449	13.08255672	-0.25028646
0.32444043	12.94683687	-0.68812824	0.32407774	12.94704634	-0.68879459
-0.51453996	12.91104404	-0.28538246	-0.51560876	12.91215576	-0.28714612
0.22914167	13.03205534	-0.32869682	0.22827992	13.03248406	-0.32966024
0.28945756	12.45984532	-0.20160358	0.28855368	12.46023518	-0.20205285
0.12011707	13.09948053	-0.37043867	0.11933538	13.09993489	-0.37162235
0.21128428	13.07791781	-0.48914075	0.21066514	13.07827685	-0.49013020
0.25429926	12.61311901	-0.24557372	0.25335493	12.61353365	-0.24623334
0.16856961	12.93812871	-0.50918129	0.16794915	12.93846736	-0.51015054
0.27833420	12.89148049	-0.83183118	0.27812737	12.89160572	-0.83249859
0.28501323	12.84074389	-0.83503579	0.28481361	12.84086118	-0.83563862
0.23215607	13.02254803	-0.54490332	0.23160244	13.02285828	-0.54581567
0.37601762	12.79976085	-0.19822949	0.37497822	12.80021948	-0.19882622
0.49789136	12.59244006	-0.43300623	0.49726425	12.59273100	-0.43323383
0.30593958	12.76107008	-0.88761390	0.30580466	12.76113338	-0.88805845
0.16219808	12.96537165	-0.64436914	0.16177067	12.96562894	-0.64534102
0.39064831	12.37613352	-0.22255634	0.38996144	12.37645417	-0.22274378
0.35770964	12.48413912	-0.31281020	0.35697568	12.48443972	-0.31315091
0.19506226	12.86901809	-0.18743056	0.19395359	12.86952400	-0.18840138
0.38984525	12.73032692	-0.90985699	0.38974330	12.73037939	-0.91010885
0.29763131	12.79337530	-0.84907133	0.29745552	12.79347958	-0.84959104
0.14638360	13.11445669	-0.28143674	0.14546686	13.11495453	-0.28259227
0.41448972	12.60705714	-0.24765838	0.41358924	12.60744910	-0.24805194
0.21609550	12.86058209	-0.77098815	0.21582024	12.86074101	-0.77174993
0.42820417	12.71343018	-0.82701226	0.42803003	12.71355709	-0.82727527
0.82747972	12.74520805	-0.86746959	0.82729858	12.74536178	-0.86745811
0.56642869	12.79148687	-0.92706961	0.56633056	12.79158268	-0.92727857
0.34080225	12.68651400	-0.19941531	0.33978749	12.68695739	-0.19999314
0.25092615	12.76344305	-0.18202808	0.24982648	12.76391651	-0.18282672
