0.85144610	12.73596301	-0.42064797	0.85206891	12.73558077	-0.42092466
0.82402027	12.87424536	-0.44984058	0.82495985	12.87388911	-0.45019633
0.89954790	12.83228324	-0.54795284	0.90029622	12.83177294	-0.54832252
0.93025701	12.69902457	-0.53294117	0.93072280	12.69848613	-0.53324140
0.78242960	12.96530682	-0.51054664	0.78354553	12.96500661	-0.51094754
0.86181112	12.91847960	-0.59119537	0.86272186	12.91801176	-0.59160257
0.91062510	12.87516419	-0.65133310	0.91139012	12.87459671	-0.65172988
0.94836240	12.80509807	-0.64537308	0.94898120	12.80447637	-0.64574140
0.98131056	12.67596722	-0.64601112	0.98168657	12.67531750	-0.64632076
0.71791766	12.76521212	-1.16448311	0.71818195	12.76486152	-1.16466260
0.84002973	12.71398206	-1.14261555	0.84024721	12.71343992	-1.14283141
0.80908627	12.82063705	-1.07410289	0.80948556	12.82013888	-1.07436390
0.68708586	12.86748950	-1.09094337	0.68752609	12.86716222	-1.09116520
0.94097234	12.67972883	-1.07977024	0.94116545	12.67902978	-1.08002521
0.90851621	12.79099152	-1.02137951	0.90890831	12.79034753	-1.02167843
0.86938875	12.85969404	-0.97101290	0.86991479	12.85911210	-0.97134156
0.79084107	12.90094733	-0.98650502	0.79141887	12.90047335	-0.98681975
0.66910439	12.94752545	-0.99209994	0.66974350	12.94722677	-0.99238619
0.59823306	12.83628369	-0.20906170	0.59932258	12.83649741	-0.20926270
0.58185540	12.97344065	-0.25739442	0.58333785	12.97368951	-0.25767691
0.71473828	12.92387952	-0.34988519	0.71593578	12.92376863	-0.35021295
0.73453290	12.78438102	-0.30887964	0.73536972	12.78424650	-0.30912591
0.55229875	13.05989938	-0.34230443	0.55396996	13.06019195	-0.34263669
0.67954680	13.01445178	-0.42614322	0.68093505	13.01440121	-0.42652010
0.46865279	12.88147248	-1.06422729	0.46909650	12.88147351	-1.06433527
0.59466029	12.82664814	-1.13689817	0.59499276	12.82646716	-1.13704095
0.56449818	12.91914152	-1.06481712	0.56502370	12.91899158	-1.06501058
0.44088862	12.96432584	-0.99001062	0.44156707	12.96441532	-0.99017737
0.54504216	12.99408310	-0.96360338	0.54580222	12.99400955	-0.96386496
0.42087549	13.03430456	-0.88772803	0.42181114	13.03451943	-0.88794507
-0.00656057	13.00551489	-0.06637880	-0.00438819	13.00825276	-0.06606391
-0.13461552	13.02173446	-0.08756745	-0.13234886	13.02525013	-0.08705022
-0.13567972	13.09437727	-0.13558799	-0.13310931	13.09783524	-0.13519334
-0.01092054	13.09265081	-0.11155235	-0.00839160	13.09539695	-0.11133077
-0.25385493	13.02759619	-0.12288403	-0.25161561	13.03190070	-0.12214975
-0.25373749	13.08766255	-0.17299779	-0.25126237	13.09185005	-0.17240158
-0.25457987	13.12703362	-0.23967617	-0.25200010	13.13107336	-0.23916852
-0.13723878	13.14003357	-0.20269222	-0.13455803	13.14339537	-0.20237446
-0.01522714	13.14587791	-0.17830741	-0.01254131	13.14858243	-0.17815825
0.03432067	12.98322894	-0.59095890	0.03555464	12.98507105	-0.59071293
0.02060315	13.04621668	-0.56615932	0.02213614	13.04815691	-0.56597352
-0.06024495	13.04978376	-0.55539458	-0.05864619	13.05213496	-0.55509000
-0.04733127	12.99309461	-0.57011634	-0.04602115	12.99535787	-0.56974621
0.00241965	13.10135999	-0.51954693	0.00428792	13.10347090	-0.51941101
-0.08054178	13.09721917	-0.52040317	-0.07865015	13.09973521	-0.52014060
-0.17442078	13.09155632	-0.53591168	-0.17257010	13.09455461	-0.53548386
-0.15295640	13.04936922	-0.57097918	-0.15138445	13.05218801	-0.57051353
-0.13950430	12.99758783	-0.58733909	-0.13821267	13.00031625	-0.58680816
0.98550787	12.28751807	-0.67134912	0.98524535	12.28695541	-0.67150091
0.96430849	12.06897958	-0.68718329	0.96379503	12.06848689	-0.68725032
0.91224316	12.09647435	-0.55193920	0.91195698	12.09619733	-0.55198816
0.92685276	12.30291329	-0.53615473	0.92667960	12.30253432	-0.53626200
0.83430874	12.14696135	-0.43069440	0.83412389	12.14687939	-0.43069870
0.84126399	12.32876217	-0.41082484	0.84114407	12.32855447	-0.41089606
0.97822683	12.37756007	-1.14106418	0.97788233	12.37676565	-1.14121665
0.88375936	12.43853383	-1.21021426	0.88351441	12.43789434	-1.21034296
0.87824532	12.27905650	-1.23485776	0.87767494	12.27841395	-1.23492497
0.96976334	12.18637705	-1.15617929	0.96903887	12.18558261	-1.15625246
0.75729731	12.51569275	-1.23929710	0.75724869	12.51533898	-1.23940382
0.75265089	12.39538289	-1.27053334	0.75231872	12.39500993	-1.27059918
0.86544085	12.17437337	-1.24255052	0.86464677	12.17374861	-1.24256636
0.95026489	12.05186542	-1.15402267	0.94926150	12.05110546	-1.15400338
0.99247221	12.49615169	-0.65689242	0.99252302	12.49552458	-0.65712131
0.93573264	12.51271164	-0.53044906	0.93584775	12.51222119	-0.53065718
0.85141688	12.54181067	-0.40850060	0.85160571	12.54147408	-0.40867700
0.86807995	12.58517723	-1.18364271	0.86810718	12.58459960	-1.18381509
0.96677567	12.54197173	-1.11772555	0.96672660	12.54121370	-1.11793722
0.74320829	12.64349750	-1.20873944	0.74331503	12.64314873	-1.20888308
0.59735335	12.42154200	-0.22533661	0.59730633	12.42169166	-0.22535290
0.59978569	12.63667050	-0.20322197	0.60029051	12.63686094	-0.20330510
0.73256955	12.58552947	-0.29737721	0.73287451	12.58543276	-0.29750960
0.72497272	12.37158538	-0.30794331	0.72488711	12.37155688	-0.30797725
0.46913963	12.70471443	-1.15089558	0.46924929	12.70469329	-1.15093086
0.61237030	12.61467445	-1.21959412	0.61242916	12.61458655	-1.21966115
0.60938709	12.71862913	-1.18616031	0.60954576	12.71846670	-1.18625426
0.47451773	12.78857395	-1.11736311	0.47476937	12.78854570	-1.11742002
0.58602751	12.17513721	-0.30173708	0.58598129	12.17517179	-0.30173675
0.59489504	12.28186606	-0.26210358	0.59471268	12.28196884	-0.26209409
0.72135879	12.21687163	-0.33721224	0.72118274	12.21688297	-0.33720167
0.60058018	12.48670507	-1.25179904	0.60048758	12.48666371	-1.25179297
0.60692402	12.53405115	-1.24362151	0.60690274	12.53398614	-1.24363958
0.46289241	12.64910161	-1.16652097	0.46293806	12.64909933	-1.16654884
-0.00448556	12.72670043	-0.06291669	-0.00359879	12.72935217	-0.06241827
-0.15175581	12.80079585	-0.06834743	-0.15058357	12.80434612	-0.06757007
-0.13876619	12.92377832	-0.06765308	-0.13695251	12.92731954	-0.06700421
-0.00158428	12.88168249	-0.05329520	0.00000154	12.88436830	-0.05288397
-0.28750193	12.85955409	-0.08951844	-0.28615233	12.86426426	-0.08827284
-0.26598071	12.95264974	-0.09707342	-0.26408259	12.95711401	-0.09614832
0.02807580	12.85357936	-0.61863896	0.02879279	12.85540395	-0.61823638
0.03527114	12.91891463	-0.60671389	0.03623148	12.92072672	-0.60639495
-0.04569919	12.93120437	-0.57839939	-0.04467620	12.93345157	-0.57794066
-0.05517109	12.86657199	-0.58140174	-0.05443216	12.86887697	-0.58085444
-0.13761476	12.94004389	-0.59447803	-0.13661123	12.94275806	-0.59386658
-0.14837672	12.87947465	-0.59203862	-0.14764836	12.88225881	-0.59134039
-0.04064120	12.43151886	-0.11580122	-0.04106802	12.43433869	-0.11514072
-0.17672073	12.65412912	-0.08497742	-0.17629654	12.65780123	-0.08412906
-0.02313983	12.55620692	-0.08602212	-0.02301574	12.55893323	-0.08544023
-0.32922993	12.65351028	-0.11936849	-0.32900685	12.65832143	-0.11799779
-0.31323085	12.74143769	-0.09998818	-0.31252046	12.74619000	-0.09866240
0.01705992	12.78741510	-0.62975413	0.01752206	12.78927612	-0.62925437
-0.07568141	12.80063024	-0.57725377	-0.07521981	12.80305767	-0.57659170
-0.09375906	12.77428151	-0.55648550	-0.09340639	12.77684180	-0.55574522
-0.17345097	12.81766776	-0.57838340	-0.17300068	12.82060650	-0.57756074
-0.37719227	13.02725779	-0.17118514	-0.37507859	13.03222069	-0.17023309
-0.36840768	13.07563462	-0.21853627	-0.36608344	13.08042446	-0.21770859
-0.48818025	13.02186928	-0.22744207	-0.48618978	13.02740788	-0.22630383
-0.46764699	13.06068609	-0.26973178	-0.46549416	13.06598070	-0.26873304
-0.44503948	13.09178438	-0.32106567	-0.44279097	13.09680996	-0.32018239
-0.35810214	13.11068876	-0.27866847	-0.35568766	13.11526917	-0.27794238
-0.25760498	13.04844610	-0.58996202	-0.25605704	13.05178919	-0.58931675
-0.24432265	13.00233299	-0.61384276	-0.24305119	13.00557336	-0.61314310
-0.27681593	13.08624408	-0.55032946	-0.27500310	13.08976016	-0.54971819
-0.37187796	13.07914616	-0.55837971	-0.37010620	13.08315723	-0.55760213
-0.35793488	13.04632919	-0.60242125	-0.35641901	13.05017474	-0.60160416
-0.34928651	13.00684127	-0.63518081	-0.34803190	13.01059161	-0.63430435
-0.24676690	12.95344511	-0.62843870	-0.24576591	12.95668054	-0.62765115
-0.35757373	12.96730017	-0.65873880	-0.35656146	12.97106646	-0.65779006
-0.37302800	12.92975020	-0.67160116	-0.37223691	12.93359069	-0.67056977
-0.26047525	12.90402488	-0.63158367	-0.25973546	12.90733464	-0.63070134
-0.53469163	12.91852316	-0.18324141	-0.53325182	12.92446087	-0.18172980
-0.55744982	12.79646974	-0.18504612	-0.55672965	12.80250989	-0.18321062
-0.63271478	12.83285284	-0.24357029	-0.63191042	12.83925171	-0.24166252
-0.61278347	12.92862705	-0.24577875	-0.61139630	12.93490672	-0.24416344
-0.56749469	12.69117985	-0.19962393	-0.56737259	12.69724797	-0.19763001
-0.64146465	12.74983378	-0.25329229	-0.64118175	12.75623945	-0.25117815
-0.68847059	12.81803694	-0.32507536	-0.68797358	12.82461089	-0.32297226
-0.68155915	12.87057415	-0.32086791	-0.68067984	12.87710469	-0.31895585
-0.66452571	12.93338625	-0.32455421	-0.66326360	12.93980286	-0.32286569
-0.45836458	12.68062725	-0.15221251	-0.45816758	12.68610773	-0.15044573
-0.44531823	12.77693506	-0.13514560	-0.44460530	12.78236550	-0.13348312
-0.42002367	12.89600553	-0.13027756	-0.41859980	12.90133638	-0.12890504
-0.46855717	12.94619591	-0.68239516	-0.46772045	12.95044810	-0.68118687
-0.47581848	12.91883417	-0.69200940	-0.47516140	12.92310360	-0.69072486
-0.38568892	12.89652828	-0.67231863	-0.38507755	12.90044803	-0.67121962
-0.55486339	12.95328648	-0.66232865	-0.55394591	12.95797578	-0.66093853
-0.55996376	12.92602503	-0.67615273	-0.55921923	12.93070668	-0.67468476
-0.39665142	12.88017670	-0.66134577	-0.39610139	12.88417252	-0.66021679
-0.28096052	12.85635336	-0.62233993	-0.28044157	12.85979273	-0.62136072
0.90023501	12.88290981	-0.90247153	0.90084862	12.88229135	-0.90284304
0.80067442	12.95045421	-0.88875423	0.80141897	12.94999152	-0.88912785
0.91686235	12.89733497	-0.81382636	0.91756981	12.89671099	-0.81422436
0.82229219	12.97038001	-0.78437269	0.82315656	12.96990925	-0.78478442
0.71252412	13.02691034	-0.74348061	0.71358727	13.02665570	-0.74388058
0.68224790	13.00256994	-0.87240306	0.68311298	13.00230850	-0.87276187
0.91787313	12.89366830	-0.72194075	0.91862361	12.89306498	-0.72234680
0.83940412	12.96183264	-0.67782578	0.84034378	12.96137465	-0.67824372
0.74543697	13.01521226	-0.61618467	0.74656345	13.01494812	-0.61659841
1.00055157	12.66892375	-0.98505381	1.00075983	12.66814107	-0.98534813
0.96343600	12.79068333	-0.94033801	0.96386675	12.78996241	-0.94067326
1.02354657	12.66947356	-0.87372549	1.02379984	12.66868543	-0.87403875
0.98327988	12.80009817	-0.84360273	0.98378086	12.79936530	-0.84396293
1.01479000	12.66880716	-0.76042450	1.01509649	12.66806985	-0.76074279
0.97732914	12.79987548	-0.74422810	0.97788601	12.79917979	-0.74459421
0.56256068	13.04893711	-0.82757268	0.56358746	13.04891755	-0.82790187
0.59991045	13.07493661	-0.67900119	0.60115654	13.07493734	-0.67938528
0.47691383	13.11523987	-0.59672243	0.47842330	13.11559909	-0.59705318
0.43895897	13.08815677	-0.74838570	0.44020107	13.08848151	-0.74867011
0.64009396	13.06404636	-0.54087476	0.64147686	13.06403786	-0.54127174
0.51594628	13.10642813	-0.45859508	0.51761214	13.10676256	-0.45893912
-0.37958668	13.09856723	-0.50096906	-0.37761021	13.10275745	-0.50022216
-0.46377148	13.08127053	-0.51277071	-0.46189202	13.08589914	-0.51186620
-0.44436078	13.06815758	-0.55480071	-0.44263259	13.07258366	-0.55389337
-0.39111506	13.10683940	-0.43807731	-0.38898345	13.11124281	-0.43733294
-0.48565789	13.08502507	-0.46831737	-0.48367983	13.08989785	-0.46738243
-0.57093091	13.05916671	-0.49650469	-0.56914160	13.06447400	-0.49537352
-0.53339890	13.05940387	-0.52917825	-0.53166420	13.06439229	-0.52811252
-0.49582859	13.05632593	-0.55540445	-0.49415927	13.06102784	-0.55439961
-0.41614996	13.10586848	-0.37762610	-0.41391672	13.11057146	-0.37683163
-0.49922096	13.08277255	-0.41681700	-0.49717720	13.08786692	-0.41584785
-0.51407957	13.07028749	-0.36544111	-0.51202355	13.07562235	-0.36440666
-0.56044663	13.05313753	-0.39721004	-0.55854554	13.05867303	-0.39606126
-0.57248464	13.05673856	-0.44591794	-0.57063156	13.06220325	-0.44476825
-0.01178759	13.14189000	-0.43818072	-0.00958076	13.14420683	-0.43807126
-0.10369468	13.13128847	-0.45025786	-0.10150595	13.13403916	-0.45000606
-0.01997383	13.16498780	-0.34311284	-0.01748684	13.16748472	-0.34300939
-0.12346701	13.15118891	-0.36393600	-0.12103069	13.15420706	-0.36367491
-0.22539438	13.13599467	-0.39464274	-0.22305699	13.13953817	-0.39422166
-0.20028895	13.11996394	-0.47269594	-0.19817287	13.12321782	-0.47227810
-0.01964769	13.16815875	-0.25601257	-0.01698869	13.17077898	-0.25590476
-0.13392097	13.15653211	-0.28013191	-0.13129974	13.15975099	-0.27985547
-0.24435775	13.14074718	-0.31499334	-0.24185455	13.14457009	-0.31453954
0.98788558	11.97298265	-1.05754191	0.98682454	11.97220384	-1.05752170
1.01085896	12.11774065	-1.05592248	1.01006750	12.11692335	-1.05599386
0.99047851	11.92834966	-0.95205111	0.98947902	11.92762652	-0.95202214
1.01667771	12.07482922	-0.94165380	1.01591346	12.07406826	-0.94172334
1.03653386	12.29228564	-0.92645202	1.03613042	12.29148623	-0.92661493
1.02544006	12.32663617	-1.04241884	1.02504059	12.32580308	-1.04258038
0.97187349	11.91217176	-0.83308913	0.97097139	11.91153978	-0.83303717
1.00002865	12.06003800	-0.81821784	0.99934649	12.05937890	-0.81827793
1.02266943	12.28167588	-0.80209862	1.02231707	12.28097499	-0.80226142
1.02194985	12.51235703	-1.01841868	1.02188167	12.51153414	-1.01865173
1.04036818	12.49499273	-0.90321191	1.04031502	12.49418502	-0.90345489
1.02896858	12.48988130	-0.78192654	1.02895670	12.48914207	-0.78216969
-0.64081596	12.95117638	-0.60967505	-0.63978715	12.95650237	-0.60813339
-0.64794597	12.92104582	-0.62061300	-0.64711226	12.92637406	-0.61895858
-0.69857824	12.94433268	-0.52930507	-0.69744526	12.95025699	-0.52766335
-0.70949089	12.90797849	-0.53404691	-0.70857445	12.91394901	-0.53226904
-0.65001997	12.89760936	-0.62120447	-0.64932465	12.90294869	-0.61947047
-0.69991438	12.93845223	-0.42678264	-0.69871642	12.94477498	-0.42509517
-0.71404701	12.89342474	-0.42610583	-0.71313178	12.89985029	-0.42424946
-0.71741507	12.85759983	-0.42651840	-0.71672802	12.86404628	-0.42451680
-0.29213323	13.11020820	-0.48850457	-0.29008447	13.11393166	-0.48791353
-0.30954674	13.12237864	-0.41621233	-0.30730974	13.12635954	-0.41561186
-0.33500182	13.12440818	-0.34557289	-0.33262289	13.12869489	-0.34493132
-0.59166137	12.98023492	-0.26043521	-0.58997285	12.98634932	-0.25900829
-0.51074307	12.98387319	-0.19812235	-0.50892186	12.98961864	-0.19684116
-0.64619659	12.97293392	-0.33522758	-0.64469091	12.97920114	-0.33368949
-0.62254057	13.00149292	-0.35319126	-0.62087521	13.00755723	-0.35178007
-0.56799389	13.01088973	-0.28592155	-0.56616280	13.01678757	-0.28462520
-0.39557425	12.97338549	-0.14241928	-0.39371651	12.97854081	-0.14130628
-0.45497326	12.97769939	-0.66515158	-0.45393457	12.98192027	-0.66403956
-0.44240318	13.01084407	-0.63800963	-0.44112886	13.01506347	-0.63699137
-0.52643336	13.01170729	-0.62062958	-0.52511875	13.01637559	-0.61945199
-0.54293291	12.98261998	-0.64557331	-0.54181622	12.98729239	-0.64428979
-0.65630590	13.00150207	-0.51978111	-0.65484567	13.00722236	-0.51838078
-0.68110506	12.97404238	-0.52505066	-0.67980107	12.97988661	-0.52353437
-0.62664101	12.97972953	-0.59787379	-0.62543010	12.98501544	-0.59644562
-0.60524880	13.00722687	-0.58100607	-0.60386185	13.01245382	-0.57970038
-0.62361850	13.03052612	-0.51195237	-0.62199220	13.03608610	-0.51068014
-0.57736633	13.03416186	-0.55500317	-0.57579639	13.03931784	-0.55380951
-0.50763807	13.03857735	-0.58229552	-0.50611170	13.04326315	-0.58122133
-0.68195156	12.97131429	-0.43056886	-0.68056274	12.97751087	-0.42901616
-0.65713702	12.99884163	-0.43756018	-0.65559999	13.00485768	-0.43613546
-0.58979855	13.03113059	-0.37870290	-0.58799472	13.03690999	-0.37743381
-0.62284767	13.02807073	-0.44774139	-0.62115956	13.03384387	-0.44644354
-0.53958809	13.04366132	-0.32140326	-0.53761327	13.04928125	-0.32025001
-0.43807325	13.04289754	-0.59895082	-0.43656162	13.04717800	-0.59799429
0.18961931	13.13013184	-0.18768965	0.19204837	13.13180706	-0.18776714
0.16031799	13.16857880	-0.27329746	0.16281199	13.17031537	-0.27341104
0.18749700	13.15564950	-0.28788819	0.18987874	13.15724877	-0.28801797
0.22102735	13.11590435	-0.19909842	0.22334063	13.11742819	-0.19920256
0.13937349	13.17495325	-0.36849924	0.14174282	13.17667413	-0.36860572
0.16497261	13.16289120	-0.38528500	0.16723249	13.16447545	-0.38539844
0.19172700	13.14653904	-0.29779295	0.19403955	13.14810406	-0.29791309
0.22511730	13.10730592	-0.20538293	0.22737301	13.10880385	-0.20548370
0.19844987	13.15410439	-0.29891529	0.20078192	13.15564411	-0.29904825
0.23063577	13.11373721	-0.20027514	0.23291844	13.11522560	-0.20039220
0.17876846	13.16055262	-0.40235070	0.18096832	13.16206070	-0.40247146
0.22254483	13.16535307	-0.42830082	0.22469217	13.16666835	-0.42846211
0.24456129	13.15832543	-0.31686678	0.24683654	13.15965884	-0.31703966
0.27632359	13.11606875	-0.21115766	0.27856636	13.11736254	-0.21131574
0.26165257	12.94280420	-0.06585882	0.26340682	12.94424811	-0.06584022
0.22699375	13.05974294	-0.11244169	0.22921039	13.06131428	-0.11248880
0.26269005	13.04601167	-0.12378306	0.26480606	13.04742465	-0.12385942
0.30070920	12.92837205	-0.07906455	0.30236814	12.92962654	-0.07908322
0.27278126	13.04376657	-0.12423447	0.27487553	13.04513688	-0.12431683
0.31179284	12.92619183	-0.08245957	0.31343204	12.92739759	-0.08248593
0.31773316	13.04121470	-0.13157442	0.31977731	13.04239045	-0.13170136
0.35527074	12.91744003	-0.08842282	0.35685294	12.91847175	-0.08848382
0.37742595	12.72761877	-0.09153740	0.37831565	12.72852380	-0.09151611
0.33772248	12.74211948	-0.08711495	0.33867303	12.74317095	-0.08707043
0.39198290	12.53113418	-0.12177230	0.39221613	12.53191118	-0.12170736
0.35483040	12.55600187	-0.11707157	0.35514202	12.55691950	-0.11697627
0.32640981	12.74460689	-0.08238013	0.32737547	12.74570688	-0.08232731
0.34270479	12.55910437	-0.11213291	0.34302656	12.56007446	-0.11203095
0.29730564	12.57406444	-0.09392924	0.29767752	12.57523565	-0.09379097
0.28482865	12.76315794	-0.06627386	0.28588199	12.76445288	-0.06618597
0.26681703	12.78485163	-0.91955536	0.26716091	12.78531396	-0.91946031
0.25743173	12.85541525	-0.89499307	0.25795559	12.85596279	-0.89494175
0.23838120	12.86189312	-0.83587278	0.23896653	12.86258732	-0.83579924
0.24861035	12.80077216	-0.85924735	0.24902402	12.80139281	-0.85913472
0.24282347	12.92801397	-0.84498022	0.24356717	12.92868692	-0.84496961
0.22326016	12.92710021	-0.78925585	0.22407251	12.92790885	-0.78921690
0.22979953	12.92279449	-0.77143295	0.23062255	12.92361469	-0.77139516
0.24956058	12.80678371	-0.83847838	0.25000159	12.80744197	-0.83836362
0.22212286	12.86263624	-0.82136815	0.22272636	12.86341803	-0.82126684
0.22647667	12.80511503	-0.84397224	0.22690079	12.80583973	-0.84381663
0.21226784	12.92687168	-0.77943237	0.21309791	12.92774715	-0.77937561
0.17187637	12.93979838	-0.76475425	0.17276262	12.94084535	-0.76465945
0.17875685	12.87199324	-0.80280441	0.17940423	12.87295211	-0.80265859
0.18001259	12.80822381	-0.82343312	0.18045887	12.80914455	-0.82321889
0.27127246	12.71452554	-0.94434015	0.27145282	12.71495251	-0.94421060
0.25573317	12.73930406	-0.88314127	0.25597890	12.73985640	-0.88298675
0.25759560	12.75509987	-0.86082112	0.25788488	12.75569303	-0.86066745
0.27501959	12.71827614	-0.87390293	0.27521597	12.71878542	-0.87374521
0.23476264	12.74715670	-0.87048424	0.23500614	12.74781813	-0.87028063
0.18583724	12.74034014	-0.85257619	0.18606043	12.74119419	-0.85228029
0.27609768	12.33408212	-0.16098920	0.27558719	12.33526902	-0.16069501
0.29655488	12.43020748	-0.12792940	0.29649521	12.43128269	-0.12775548
0.34439493	12.42713707	-0.14447241	0.34434088	12.42795933	-0.14434352
0.32838047	12.35729579	-0.17672867	0.32807408	12.35810728	-0.17654546
0.34854964	12.43966058	-0.15176600	0.34852389	12.44046703	-0.15163998
0.35806073	12.41980969	-0.14958343	0.35798974	12.42056757	-0.14946420
0.34454538	12.35076756	-0.18381686	0.34439734	12.35137604	-0.18374767
0.39512822	12.38573002	-0.15819186	0.39498565	12.38631204	-0.15811320
0.12736092	13.14869392	-0.47341204	0.12944162	13.15033274	-0.47347390
0.15680902	13.13468242	-0.48728537	0.15878775	13.13617615	-0.48735837
0.12912030	13.09522869	-0.58085785	0.13080005	13.09670393	-0.58086731
0.16398471	13.07922230	-0.59141401	0.16556626	13.08053764	-0.59144598
0.16851222	13.12309587	-0.49388708	0.17041997	13.12453339	-0.49396017
0.17439186	13.12942752	-0.49405932	0.17631155	13.13084630	-0.49414102
0.18288387	13.07226545	-0.58754344	0.18442834	13.07350784	-0.58758395
0.20884103	13.07696457	-0.62686676	0.21031439	13.07807121	-0.62694123
0.20955297	13.13434727	-0.52654146	0.21139651	13.13559270	-0.52666495
0.22316729	13.00518767	-0.74448267	0.22424632	13.00607123	-0.74450949
0.20185005	13.00108602	-0.69635590	0.20299364	13.00210827	-0.69634877
0.18755341	13.00440270	-0.69589065	0.18872190	13.00548523	-0.69586822
0.14956585	13.01987452	-0.68465347	0.15081181	13.02112093	-0.68460087
0.40075088	13.09565389	-0.26463437	0.40273980	13.09644610	-0.26488118
0.43495665	13.01499128	-0.18028633	0.43674491	13.01571291	-0.18048676
0.46138642	12.88387402	-0.13335314	0.46275112	12.88450987	-0.13348430
0.31522755	12.99266952	-0.86308582	0.31610861	12.99313855	-0.86319956
0.33820037	12.91378589	-0.95178197	0.33880869	12.91408541	-0.95183997
0.29839438	13.06304523	-0.75156303	0.29960603	13.06369085	-0.75172521
0.14255576	12.97371218	-0.06038635	0.14450480	12.97571026	-0.06024869
0.12281468	13.07817122	-0.10612864	0.12519681	13.08024231	-0.10607108
0.10224371	13.14143232	-0.17694186	0.10481926	13.14353052	-0.17693675
0.09214906	13.03493875	-0.62547718	0.09353234	13.03649221	-0.62537621
0.07369302	13.10151421	-0.54835173	0.07547221	13.10325743	-0.54830490
0.10993992	12.96199203	-0.67901380	0.11098701	12.96338758	-0.67885093
0.47291603	12.68821148	-0.13249100	0.47362651	12.68877061	-0.13252886
0.47973212	12.47841807	-0.16057277	0.47981219	12.47888053	-0.16054400
0.34666992	12.83246941	-1.00432439	0.34705407	12.83267479	-1.00433021
0.34717310	12.75718382	-1.03317960	0.34740390	12.75736496	-1.03315267
0.48045331	12.34017136	-0.19873583	0.48026306	12.34048803	-0.19869135
0.34568373	12.69711872	-1.05183980	0.34577913	12.69728771	-1.05180206
0.15457362	12.48202555	-0.10351290	0.15457641	12.48383056	-0.10315711
0.16334498	12.63826575	-0.07461916	0.16392989	12.64007259	-0.07433856
0.10906062	12.76030193	-0.74724189	0.10940483	12.76159051	-0.74686680
0.11018327	12.82922962	-0.72408436	0.11075977	12.83055362	-0.72378509
0.15775669	12.81837266	-0.05476530	0.15906454	12.82025733	-0.05455605
0.11320085	12.89492036	-0.70661233	0.11399131	12.89626944	-0.70638125
0.33640452	13.14769786	-0.50321999	0.33824662	13.14853171	-0.50347858
0.30935946	13.11842502	-0.62980608	0.31091233	13.11920058	-0.63002609
0.36735039	13.13992250	-0.37703304	0.36935453	13.14076177	-0.37729111
0.07267521	13.17442019	-0.34952035	0.07512967	13.17646608	-0.34954583
0.06813927	13.14927563	-0.45137528	0.07030843	13.15119888	-0.45137669
0.08481336	13.17254284	-0.25810825	0.08741239	13.17464362	-0.25812704
0.88097945	11.96582202	-0.58368719	0.88060690	11.96551148	-0.58358763
0.81676000	12.01719950	-0.47386000	0.81676000	12.01719950	-0.47386000
0.92039565	11.93755247	-0.71232112	0.91969540	11.93707776	-0.71222541
0.90773923	12.00407127	-0.71724566	0.90710750	12.00361609	-0.71718424
0.87247749	12.05127210	-0.63089206	0.87204494	12.05093483	-0.63084191
0.80430214	12.11449900	-0.52809077	0.80402828	12.11435230	-0.52808061
0.95325089	11.92957249	-0.83659811	0.95236802	11.92896508	-0.83653239
0.97246834	11.94527430	-0.94801072	0.97149732	11.94457979	-0.94797270
0.94062734	12.06336517	-0.93153209	0.93985069	12.06272948	-0.93153079
0.92633087	12.03337640	-0.81379867	0.92561918	12.03281805	-0.81376464
0.97153032	11.98735259	-1.04125296	0.97051084	11.98661156	-1.04122504
0.93703691	12.06196324	-1.12830316	0.93607174	12.06124156	-1.12828315
0.91414835	12.12479963	-1.10603117	0.91332740	12.12413399	-1.10603911
0.93795125	12.09807319	-1.02944824	0.93714381	12.09739818	-1.02946271
0.85687500	12.18025952	-1.21968004	0.85610462	12.17966315	-1.21969564
0.74126682	12.33182424	-1.27070547	0.74078874	12.33147367	-1.27074770
0.74528098	12.36019642	-1.19897707	0.74488668	12.35984947	-1.19903184
0.85519652	12.22628317	-1.15708020	0.85455143	12.22570981	-1.15711879
0.60100389	12.48282710	-1.23766671	0.60090830	12.48279167	-1.23765788
0.47118683	12.61365305	-1.15279948	0.47120176	12.61365902	-1.15281598
0.49420000	12.61570000	-1.07906000	0.49420000	12.61570000	-1.07906000
0.61447000	12.50220000	-1.16283000	0.61447000	12.50220000	-1.16283000
0.38300094	12.64744008	-1.04973582	0.38301173	12.64752618	-1.04971712
0.33205483	12.64834401	-0.95662895	0.33208082	12.64859520	-0.95654037
0.37140000	12.64100070	-0.89641000	0.37140000	12.64100070	-0.89641000
0.41679000	12.64250090	-0.98287004	0.41679000	12.64250090	-0.98287004
0.31412395	12.68048849	-0.89718135	0.31425997	12.68083659	-0.89706299
0.31005314	12.70828901	-0.86979223	0.31024215	12.70868828	-0.86967809
0.33811132	12.69637954	-0.81259032	0.33830049	12.69680272	-0.81250117
0.34736127	12.67076341	-0.84027577	0.34751359	12.67106985	-0.84020050
0.30080374	12.69564784	-0.87349342	0.30093374	12.69607103	-0.87333664
0.25741363	12.68646900	-0.84379226	0.25752100	12.68710879	-0.84354729
0.29771802	12.68367604	-0.77447039	0.29789195	12.68428982	-0.77428855
0.33674846	12.68499873	-0.81112798	0.33689251	12.68543099	-0.81101692
0.15115440	12.72441590	-0.71516146	0.15141848	12.72559903	-0.71480157
0.01970252	12.78182903	-0.57387276	0.02017357	12.78377443	-0.57337287
0.02451382	12.82045229	-0.49733673	0.02520214	12.82247305	-0.49688846
0.17538275	12.73992962	-0.64001912	0.17575998	12.74113689	-0.63971566
-0.09618419	12.82781430	-0.50962181	-0.09554482	12.83044342	-0.50896788
-0.20334270	12.86176657	-0.51251167	-0.20259630	12.86495022	-0.51169443
-0.20533479	12.93189336	-0.45369649	-0.20417451	12.93518707	-0.45293349
-0.09719862	12.88873887	-0.44041130	-0.09621143	12.89146582	-0.43979869
-0.30861965	12.88263654	-0.57148062	-0.30789265	12.88629535	-0.57048104
-0.40731574	12.89320951	-0.63842470	-0.40665631	12.89728722	-0.63726001
-0.42328998	12.92293781	-0.58744873	-0.42238974	12.92718092	-0.58627277
-0.31693411	12.93750197	-0.51795108	-0.31585237	12.94129122	-0.51699585
-0.49528796	12.89666163	-0.66593329	-0.49467131	12.90108132	-0.66455028
-0.57484911	12.89473827	-0.65379246	-0.57422682	12.89955166	-0.65220455
-0.57405177	12.89852890	-0.61858788	-0.57333953	12.90344256	-0.61701389
-0.51742817	12.90652680	-0.61799997	-0.51667001	12.91115861	-0.61657571
-0.64892265	12.88948725	-0.60206567	-0.64823734	12.89488112	-0.60031043
-0.69818425	12.87632317	-0.52184414	-0.69743687	12.88227370	-0.51996497
-0.66093985	12.89323234	-0.49423944	-0.66008035	12.89906485	-0.49246566
-0.62361813	12.89945238	-0.57139994	-0.62281732	12.90479938	-0.56972497
-0.70330832	12.85259163	-0.42569742	-0.70265700	12.85895066	-0.42369937
-0.67691679	12.80885320	-0.33478423	-0.67649833	12.81533037	-0.33268486
-0.65533063	12.81476345	-0.34793888	-0.65488240	12.82105246	-0.34590619
-0.66705432	12.85921452	-0.40944509	-0.66634836	12.86539030	-0.40753311
-0.63172932	12.73589758	-0.26986368	-0.63157429	12.74222101	-0.26774460
-0.55980263	12.67541647	-0.21944419	-0.55982747	12.68143993	-0.21747637
-0.54102117	12.73373993	-0.25252243	-0.54080187	12.73957460	-0.25062551
-0.61595118	12.77687517	-0.30336828	-0.61563376	12.78303547	-0.30135966
-0.45328688	12.67055259	-0.17298367	-0.45319151	12.67599385	-0.17122403
-0.32644801	12.64793783	-0.14006664	-0.32630663	12.65273430	-0.13869513
-0.30811522	12.70132810	-0.16925752	-0.30780725	12.70604400	-0.16790794
-0.43341222	12.72689900	-0.20430342	-0.43308797	12.73218760	-0.20263876
-0.19165979	12.53730152	-0.13044461	-0.19182359	12.54102138	-0.12957415
-0.04428743	12.41619627	-0.13942185	-0.04480172	12.41901896	-0.13874212
-0.04069931	12.48561251	-0.17069404	-0.04096371	12.48839464	-0.17002674
-0.17908793	12.59966765	-0.15937836	-0.17905705	12.60333925	-0.15849746
0.11635551	12.35137010	-0.16099524	0.11573516	12.35337088	-0.16047083
0.24493766	12.32891748	-0.18731209	0.24435186	12.33024766	-0.18695350
0.22596830	12.38881303	-0.23932741	0.22558936	12.39016643	-0.23897404
0.10802831	12.41854505	-0.20252833	0.10765000	12.42053268	-0.20202902
0.29656914	12.36107986	-0.20907886	0.29620590	12.36203567	-0.20882671
0.28364728	12.44504389	-0.27842512	0.28352669	12.44604441	-0.27816044
0.27489770	12.41757767	-0.26441385	0.27467881	12.41863579	-0.26413040
0.31038402	12.34943787	-0.22227616	0.31025619	12.35010874	-0.22209273
0.34620000	12.27620000	-0.23202000	0.34620000	12.27620000	-0.23202000
0.31629215	12.33661600	-0.28931170	0.31609775	12.33730488	-0.28902858
0.28284828	12.40300672	-0.27949911	0.28269220	12.40394480	-0.27922166
0.44425997	12.21770000	-0.27141000	0.44425997	12.21770000	-0.27141000
0.57587000	12.16340070	-0.32883000	0.57587000	12.16340070	-0.32883000
0.56726585	12.24407628	-0.38235138	0.56703648	12.24420792	-0.38229459
0.42508458	12.28809888	-0.32717135	0.42485513	12.28844552	-0.32704301
0.70622003	12.08180000	-0.39380000	0.70622003	12.08180000	-0.39380000
0.69800970	12.18180142	-0.44698053	0.69777137	12.18178629	-0.44694978
0.76201980	12.39245271	-1.04801726	0.76173092	12.39206232	-1.04807807
0.86357160	12.24329523	-1.04659232	0.86301291	12.24273704	-1.04663740
0.78105758	12.37624441	-0.85974657	0.78080246	12.37588590	-0.85980722
0.87254320	12.22214329	-0.90604730	0.87202613	12.22162216	-0.90608466
0.79318509	12.26224840	-0.67182751	0.79286628	12.26197499	-0.67185166
0.87218168	12.14879184	-0.75380502	0.87167025	12.14835334	-0.75381710
0.53304823	12.60838820	-0.90288859	0.53310836	12.60836967	-0.90291680
0.64627064	12.52188231	-0.99042614	0.64621963	12.52171250	-0.99046320
0.56342284	12.53946290	-0.69111517	0.56344936	12.53953460	-0.69111636
0.67634495	12.47864976	-0.78089021	0.67626556	12.47848679	-0.78093547
0.56809420	12.38792451	-0.51043516	0.56792083	12.38807686	-0.51038302
0.69012721	12.34064485	-0.58853652	0.68991954	12.34056184	-0.58853815
-0.21604478	12.92961875	-0.36868591	-0.21478569	12.93317932	-0.36788258
-0.11094462	12.88385893	-0.35336962	-0.10988320	12.88682476	-0.35270980
-0.23856065	12.87529565	-0.28020158	-0.23745867	12.87925896	-0.27919871
-0.13261264	12.82171561	-0.26799512	-0.13171241	12.82494841	-0.26721543
-0.01660353	12.75025075	-0.30482123	-0.01600092	12.75276320	-0.30425566
0.00775651	12.81414707	-0.40128175	0.00853221	12.81636078	-0.40081151
-0.27644343	12.79095750	-0.21324596	-0.27594132	12.79561277	-0.21187007
-0.15840639	12.71078633	-0.20457794	-0.15801660	12.71433695	-0.20370152
-0.03213370	12.61946339	-0.22726508	-0.03195548	12.62214666	-0.22663298
-0.55283694	12.93014340	-0.53752870	-0.55182391	12.93520498	-0.53606391
-0.58661133	12.92742544	-0.44558431	-0.58551658	12.93298371	-0.44403295
-0.48376044	12.94816166	-0.38536738	-0.48246331	12.95326099	-0.38406747
-0.45071053	12.95696706	-0.49145168	-0.44949939	12.96157320	-0.49025649
-0.60392352	12.85848447	-0.36405959	-0.60319223	12.86440646	-0.36226092
-0.51520913	12.84943096	-0.30554221	-0.51442722	12.85496317	-0.30390049
-0.33427641	12.95555985	-0.42456393	-0.33296569	12.95967284	-0.42359327
-0.36158675	12.92405630	-0.32462904	-0.36032157	12.92859793	-0.32351350
-0.39964321	12.83010474	-0.25211073	-0.39887930	12.83513906	-0.25063330
0.29199439	12.64310163	-0.65027529	0.29215535	12.64391294	-0.65004511
0.33376440	12.63900214	-0.67395433	0.33390351	12.63964265	-0.67377398
0.26442645	12.57752707	-0.49997294	0.26445715	12.57857248	-0.49968204
0.31082466	12.57564392	-0.51018177	0.31084445	12.57649590	-0.50994633
0.31537290	12.59363382	-0.49471680	0.31548501	12.59447937	-0.49450712
0.33500375	12.65334469	-0.66564962	0.33520432	12.65398808	-0.66548813
0.34213551	12.63560396	-0.68824787	0.34229645	12.63620802	-0.68808421
0.31774377	12.57929519	-0.50949989	0.31782280	12.58011537	-0.50927818
0.35004827	12.55895428	-0.55013865	0.35006682	12.55964890	-0.54993786
0.37155909	12.61648861	-0.73879709	0.37167490	12.61697983	-0.73866110
0.32408207	12.44487816	-0.39760427	0.32396403	12.44568533	-0.39734144
0.29178446	12.49239480	-0.37442083	0.29174954	12.49334003	-0.37415836
0.28558512	12.49677437	-0.36946783	0.28549984	12.49777043	-0.36919892
0.23776438	12.48364943	-0.35274441	0.23763548	12.48486091	-0.35239113
0.44366318	12.55623873	-0.61235590	0.44369153	12.55664192	-0.61225068
0.43815454	12.62283914	-0.81459094	0.43825183	12.62305989	-0.81453530
0.43095848	12.41487312	-0.44497253	0.43079398	12.41533201	-0.44481296
0.13572620	12.64830463	-0.40751261	0.13598493	12.64992772	-0.40709947
0.16311017	12.71738456	-0.53044864	0.16349612	12.71879811	-0.53010851
0.11509783	12.53312842	-0.29119174	0.11504634	12.53500966	-0.29071426
0.17097278	13.15312220	-0.39739400	0.17316026	13.15466299	-0.39750208
0.26587434	13.03956261	-0.13085281	0.26795130	13.04095955	-0.13092191
0.30302578	12.92481315	-0.08841857	0.30465726	12.92604692	-0.08843634
0.32886957	12.74376383	-0.09287629	0.32982883	12.74484395	-0.09281870
0.34594905	12.56328721	-0.12200870	0.34627395	12.56423825	-0.12190793
0.24244536	12.86125907	-0.81496558	0.24305035	12.86197942	-0.81489193
0.33472777	12.37910425	-0.18427922	0.33454464	12.37985057	-0.18413418
0.18101272	13.06705223	-0.59028016	0.18253692	13.06829751	-0.59031432
0.20528943	12.99589432	-0.68967024	0.20642850	12.99691419	-0.68966254
0.89539417	11.96057676	-0.57028947	0.89504513	11.96026449	-0.57020551
0.82725457	12.01977277	-0.45664793	0.82727555	12.01977987	-0.45664906
0.93786864	11.92327794	-0.70376500	0.93716736	11.92278761	-0.70368594
0.74475293	12.33038003	-1.28620009	0.74426482	12.33001767	-1.28624265
0.46157744	12.61943741	-1.16644224	0.46159454	12.61944183	-1.16645746
0.35376469	12.65827232	-1.05829042	0.35379629	12.65841743	-1.05825407
0.28748930	12.66289770	-0.95986788	0.28754808	12.66326546	-0.95974304
0.27322463	12.69358075	-0.89869825	0.27336922	12.69406142	-0.89854559
0.25635316	12.70528632	-0.88533313	0.25644178	12.70586640	-0.88511063
0.20784000	12.69200978	-0.86699218	0.20791305	12.69277280	-0.86666065
0.11947871	12.71600346	-0.75216688	0.11968445	12.71724684	-0.75174734
0.01123972	12.75267425	-0.62114324	0.01157116	12.75458194	-0.62057387
-0.19687955	12.79743885	-0.55213451	-0.19649611	12.80053199	-0.55126022
-0.29975857	12.83946869	-0.60161205	-0.29928925	12.84303498	-0.60058868
-0.48266662	12.90068047	-0.68837729	-0.48208186	12.90499500	-0.68704381
-0.56461695	12.90510120	-0.67670978	-0.56398126	12.90980725	-0.67517499
-0.71045073	12.88032482	-0.53347871	-0.70968329	12.88630269	-0.53160918
-0.19327080	12.54711983	-0.10841663	-0.19335566	12.55085093	-0.10755307
0.13474892	12.36663997	-0.13661092	0.13423476	12.36856045	-0.13613524
0.30532048	12.38829117	-0.22182500	0.30512047	12.38915623	-0.22160174
0.38165043	12.29554620	-0.19482252	0.38154421	12.29581100	-0.19480443
0.46803975	12.23826012	-0.23889422	0.46792582	12.23839342	-0.23892908
0.71394241	12.09187322	-0.37168219	0.71392966	12.09186906	-0.37167024
0.29280126	12.51972144	-0.36765346	0.29281324	12.52068337	-0.36740225
0.58487345	12.77879926	-0.54162205	0.58549334	12.77888411	-0.54177326
0.30885738	12.99368441	-0.53149250	0.31015633	12.99454871	-0.53158914
0.03956567	13.00753515	-0.26311226	0.04138521	13.00980212	-0.26288447
0.10936055	13.08797790	-0.30942269	0.11144982	13.08988284	-0.30937848
0.32225283	12.87417586	-0.29496467	0.32343795	12.87514718	-0.29497820
0.03482155	12.97819478	-0.42112738	0.03626552	12.98027036	-0.42085954
0.12976967	13.05395924	-0.41854680	0.13152226	13.05562461	-0.41849435
0.36810801	12.82588068	-0.69388424	0.36872532	12.82636574	-0.69391028
0.16525963	13.03923268	-0.18058631	0.16730486	13.04099988	-0.18054951
0.22155006	12.81847511	-0.79365911	0.22205258	12.81929537	-0.79350954
0.33069025	12.76236731	-0.53090894	0.33128356	12.76315473	-0.53082016
0.33059190	12.88863407	-0.84215851	0.33122922	12.88905974	-0.84220650
0.39122720	12.43964168	-0.24461836	0.39116163	12.44024757	-0.24447668
0.25103425	13.05280545	-0.44810085	0.25268863	13.05395331	-0.44818452
0.47659830	12.68644162	-0.66738597	0.47691347	12.68670671	-0.66739167
0.69891357	12.74893702	-0.77262437	0.69930415	12.74869073	-0.77281665
0.33227491	12.94615547	-0.20112534	0.33383044	12.94718782	-0.20119218
-0.42393584	12.93807993	-0.23902918	-0.42247311	12.94322103	-0.23781007
0.16169402	13.09127135	-0.25043411	0.16386301	13.09299876	-0.25045537
0.32694973	12.94936576	-0.68889295	0.32793430	12.94998808	-0.68898023
-0.51122238	12.93816597	-0.27890514	-0.50983057	12.94372916	-0.27751506
0.23502486	13.03877196	-0.32981032	0.23681061	13.04008454	-0.32986820
0.28709536	12.46542353	-0.20012479	0.28708377	12.46647845	-0.19990988
0.12722267	13.10804433	-0.37178965	0.12929119	13.10978872	-0.37179812
0.21677495	13.08361122	-0.49051673	0.21849503	13.08485230	-0.49059568
0.25373911	12.61960016	-0.24408164	0.25411708	12.62083776	-0.24386662
0.17168883	12.94423144	-0.50895561	0.17286181	12.94560587	-0.50884330
0.27968859	12.89348176	-0.83202720	0.28035631	12.89406430	-0.83202413
0.28593605	12.84264019	-0.83499518	0.28647260	12.84319107	-0.83495645
0.23633625	13.02737909	-0.54580851	0.23775249	13.02847649	-0.54585837
0.37847703	12.80454580	-0.19835985	0.37951115	12.80538510	-0.19838280
0.49695621	12.59434081	-0.43252888	0.49716625	12.59467177	-0.43251394
0.30632888	12.76237892	-0.88734010	0.30663895	12.76277282	-0.88726211
0.16509873	12.97035902	-0.64439166	0.16620836	12.97158622	-0.64430079
0.38781180	12.37906723	-0.22162319	0.38763456	12.37959401	-0.22149487
0.35542828	12.48805675	-0.31142815	0.35541929	12.48880903	-0.31123959
0.19900839	12.87771560	-0.18675316	0.20035236	12.87930799	-0.18661782
0.39013830	12.73081050	-0.90979104	0.39036855	12.73095152	-0.90977441
0.29819425	12.79506149	-0.84888394	0.29860314	12.79554940	-0.84882125
0.15448729	13.12353686	-0.28305384	0.15675362	13.12527482	-0.28310402
0.41413088	12.61076222	-0.24709339	0.41452702	12.61141936	-0.24704140
0.21727492	12.86374937	-0.77062590	0.21792566	12.86461480	-0.77051348
0.42830161	12.71427387	-0.82690757	0.42855107	12.71448182	-0.82691488
0.82800265	12.74379018	-0.86791047	0.82836584	12.74332143	-0.86815624
0.56701376	12.79117850	-0.92741096	0.56736156	12.79106417	-0.92753866
0.34163892	12.69177225	-0.19888577	0.34231994	12.69272319	-0.19881624
0.25308170	12.77072788	-0.18130783	0.25403865	12.77205592	-0.18119003
