0.85161163	12.73734450	-0.42178835	0.85183134	12.73739779	-0.42211597
0.82343397	12.87560636	-0.45118502	0.82382137	12.87566820	-0.45165757
0.89954504	12.83357147	-0.54909659	0.89991997	12.83347472	-0.54950743
0.93088057	12.70028222	-0.53389365	0.93110675	12.70016670	-0.53417610
0.78144813	12.96641353	-0.51205999	0.78196317	12.96646586	-0.51264572
0.86145066	12.91965433	-0.59249634	0.86193011	12.91955877	-0.59300276
0.91061822	12.87631700	-0.65253074	0.91105755	12.87612149	-0.65298375
0.94864630	12.80629685	-0.64645858	0.94900845	12.80607139	-0.64683950
0.98202100	12.67709821	-0.64692120	0.98224384	12.67685086	-0.64719179
0.71827910	12.76491544	-1.16563406	0.71854506	12.76456527	-1.16596966
0.84051466	12.71396308	-1.14371945	0.84075326	12.71350715	-1.14403162
0.80954922	12.82072287	-1.07542399	0.80991338	12.82032993	-1.07583858
0.68752454	12.86730833	-1.09243217	0.68792290	12.86700691	-1.09288976
0.94155829	12.67998632	-1.08084914	0.94177234	12.67946685	-1.08114918
0.90905304	12.79133320	-1.02258338	0.90939753	12.79087851	-1.02297348
0.86978850	12.86009548	-0.97229911	0.87021889	12.85970769	-0.97275176
0.79112329	12.90120176	-0.98792498	0.79159395	12.90087098	-0.98842363
0.66933849	12.94751914	-0.99371103	0.66985658	12.94728640	-0.99426984
0.59693139	12.83743999	-0.21103129	0.59715657	12.83803843	-0.21159289
0.57932626	12.97439068	-0.25974884	0.57974758	12.97498313	-0.26049728
0.71326802	12.92520742	-0.35161120	0.71367227	12.92550298	-0.35219221
0.73404142	12.78579660	-0.31033696	0.73425809	12.78609305	-0.31075728
0.54930566	13.06040964	-0.34491201	0.54988586	13.06094691	-0.34579548
0.67762699	13.01538378	-0.42807126	0.67818084	13.01564719	-0.42877941
0.46913664	12.88090225	-1.06607471	0.46954529	12.88078943	-1.06658037
0.59512832	12.82617790	-1.13840070	0.59545676	12.82593464	-1.13881924
0.56488825	12.91876374	-1.06654241	0.56534815	12.91857000	-1.06707424
0.44101550	12.96371649	-0.99211960	0.44154836	12.96368722	-0.99276276
0.54507457	12.99376841	-0.96551692	0.54565558	12.99367392	-0.96617520
0.42049706	13.03354148	-0.89010480	0.42113838	13.03362432	-0.89087952
-0.01182879	12.99921918	-0.07325663	-0.01140062	13.00130376	-0.07471492
-0.14009263	13.01082947	-0.09510831	-0.13963331	13.01298771	-0.09662035
-0.14247741	13.08354065	-0.14299672	-0.14192287	13.08558495	-0.14472175
-0.01746733	13.08622832	-0.11909959	-0.01688483	13.08826204	-0.12086641
-0.25890193	13.01194959	-0.13104990	-0.25843516	13.01412852	-0.13259352
-0.25990247	13.07252872	-0.18056351	-0.25936687	13.07457007	-0.18228078
-0.26135212	13.11255082	-0.24680018	-0.26077316	13.11439857	-0.24863578
-0.14460404	13.12929197	-0.21006627	-0.14399347	13.13114891	-0.21193159
-0.02223748	13.13914293	-0.18660106	-0.02155015	13.14100147	-0.18861976
0.03261742	12.97705427	-0.59668783	0.03318984	12.97775063	-0.59790705
0.01769143	13.03976094	-0.57231326	0.01832791	13.04052036	-0.57373010
-0.06356401	13.04172142	-0.56205198	-0.06295359	13.04253963	-0.56356417
-0.04937797	12.98537589	-0.57665926	-0.04880959	12.98615737	-0.57799427
-0.00191571	13.09433999	-0.52601945	-0.00125965	13.09521400	-0.52763280
-0.08506679	13.08855894	-0.52719740	-0.08443214	13.08947942	-0.52886418
-0.17885578	13.08096141	-0.54300184	-0.17824401	13.08189573	-0.54469414
-0.15629737	13.03939848	-0.57817774	-0.15570257	13.04022466	-0.57973548
-0.14159778	12.98798960	-0.59471695	-0.14103149	12.98877216	-0.59611877
0.98699842	12.28815759	-0.67178201	0.98688600	12.28793865	-0.67179160
0.96570323	12.06938727	-0.68728601	0.96549383	12.06920416	-0.68717667
0.91332474	12.09673527	-0.55203116	0.91318878	12.09669854	-0.55193239
0.92831387	12.30348982	-0.53659697	0.92820343	12.30342503	-0.53658452
0.83528250	12.14703111	-0.43092371	0.83513872	12.14709889	-0.43085151
0.84273206	12.32925922	-0.41131202	0.84259540	12.32932893	-0.41130870
0.97908023	12.37784539	-1.14181330	0.97892847	12.37725338	-1.14191341
0.88431257	12.43858951	-1.21093876	0.88420503	12.43805301	-1.21105434
0.87896818	12.27913292	-1.23534584	0.87865742	12.27857846	-1.23533944
0.97086745	12.18668256	-1.15668986	0.97050024	12.18609319	-1.15665835
0.75744434	12.51550133	-1.23981095	0.75744136	12.51515055	-1.23993161
0.75295188	12.39523384	-1.27086298	0.75275764	12.39484447	-1.27088559
0.86633487	12.17449846	-1.24289816	0.86589786	12.17394298	-1.24280076
0.95159969	12.05220297	-1.15438396	0.95110868	12.05162715	-1.15422552
0.99367050	12.49710158	-0.65758834	0.99371951	12.49686156	-0.65771868
0.93696581	12.51369948	-0.53113781	0.93700385	12.51359447	-0.53126284
0.85261503	12.54290828	-0.40928656	0.85262986	12.54296448	-0.40943150
0.86854289	12.58515149	-1.18451622	0.86863260	12.58465663	-1.18472365
0.96747246	12.54222674	-1.11864318	0.96751863	12.54165449	-1.11884964
0.74355286	12.64321095	-1.20962468	0.74370164	12.64285388	-1.20985312
0.59920305	12.42194979	-0.22609732	0.59901691	12.42233170	-0.22619961
0.60033166	12.63760104	-0.20469877	0.60033837	12.63812861	-0.20501234
0.73360471	12.58657210	-0.29842405	0.73360436	12.58684264	-0.29863256
0.72656271	12.37201827	-0.30856265	0.72639677	12.37223911	-0.30860002
0.46930710	12.70420580	-1.15151610	0.46942208	12.70407027	-1.15167680
0.61233153	12.61437184	-1.21993562	0.61238568	12.61423355	-1.22005180
0.60954938	12.71819443	-1.18696068	0.60970985	12.71797057	-1.18718755
0.47485240	12.78809960	-1.11864253	0.47509330	12.78796832	-1.11896588
0.58632089	12.17516780	-0.30185410	0.58627793	12.17524168	-0.30186461
0.59631039	12.28195934	-0.26255408	0.59611221	12.28220821	-0.26257339
0.72250306	12.21695558	-0.33757071	0.72232952	12.21711423	-0.33754498
0.60055397	12.48642731	-1.25176345	0.60049234	12.48631838	-1.25173983
0.60685635	12.53375690	-1.24369498	0.60684224	12.53363466	-1.24372062
0.46295802	12.64864315	-1.16681377	0.46301028	12.64853582	-1.16690063
-0.00448720	12.72026677	-0.06791343	-0.00439399	12.72216751	-0.06863212
-0.15257983	12.78964973	-0.07568600	-0.15237437	12.79180060	-0.07659706
-0.14234062	12.91275291	-0.07521100	-0.14199668	12.91493666	-0.07645530
-0.00443393	12.87530462	-0.05933862	-0.00417112	12.87731008	-0.06043016
-0.28822553	12.84083650	-0.10055856	-0.28794537	12.84311307	-0.10161969
-0.26946528	12.93591462	-0.10610712	-0.26908285	12.93816700	-0.10743443
0.02831068	12.84742946	-0.62399207	0.02874244	12.84808771	-0.62489112
0.03464074	12.91282721	-0.61218292	0.03514757	12.91349277	-0.61322683
-0.04655325	12.92353326	-0.58493651	-0.04604373	12.92429880	-0.58609087
-0.05490738	12.85872657	-0.58801113	-0.05445617	12.85949248	-0.58900898
-0.13847518	12.93059930	-0.60197638	-0.13795325	12.93136473	-0.60321763
-0.14816753	12.86985810	-0.59984748	-0.14768846	12.87063604	-0.60092889
-0.03560252	12.42372092	-0.11920723	-0.03589952	12.42548715	-0.11935392
-0.17426217	12.64207525	-0.09154609	-0.17423867	12.64417088	-0.09211064
-0.01995356	12.54901965	-0.09003110	-0.02006747	12.55082549	-0.09041466
-0.32551581	12.63481501	-0.12933486	-0.32549076	12.63703158	-0.12984496
-0.31142825	12.72289575	-0.11045472	-0.31128379	12.72515762	-0.11119263
0.01820488	12.78109741	-0.63510766	0.01856456	12.78175019	-0.63587618
-0.07429704	12.79239184	-0.58424586	-0.07390036	12.79318087	-0.58509993
-0.09205866	12.76562848	-0.56381000	-0.09168410	12.76646936	-0.56461669
-0.17217459	12.80753017	-0.58674909	-0.17173780	12.80835795	-0.58768428
-0.38136738	13.00824246	-0.17970808	-0.38090436	13.01040624	-0.18125949
-0.37366455	13.05760847	-0.22636961	-0.37314705	13.05962046	-0.22807097
-0.49146581	13.00045931	-0.23573864	-0.49100724	13.00259232	-0.23731107
-0.47187140	13.04050320	-0.27752432	-0.47136434	13.04247061	-0.27921782
-0.44995349	13.07285383	-0.32845995	-0.44940924	13.07463844	-0.33024943
-0.36398050	13.09364099	-0.28619755	-0.36342298	13.09546349	-0.28800602
-0.26085526	13.03663615	-0.59737480	-0.26027160	13.03746059	-0.59898598
-0.24651374	12.99101925	-0.62156481	-0.24595147	12.99177018	-0.62303677
-0.28103375	13.07372806	-0.55754003	-0.28043692	13.07467753	-0.55926984
-0.37580396	13.06483146	-0.56561476	-0.37522654	13.06579823	-0.56736254
-0.36104480	13.03279368	-0.60994775	-0.36048162	13.03361253	-0.61158965
-0.35151540	12.99385355	-0.64309792	-0.35096576	12.99456802	-0.64461445
-0.24789097	12.94225674	-0.63653002	-0.24735407	12.94296779	-0.63786160
-0.35904281	12.95448156	-0.66711729	-0.35850256	12.95512662	-0.66851644
-0.37385887	12.91686888	-0.68043731	-0.37332970	12.91747643	-0.68172405
-0.26063009	12.89266152	-0.64015709	-0.26011966	12.89336936	-0.64135373
-0.53556574	12.89547923	-0.19314018	-0.53521791	12.89780257	-0.19437028
-0.55563725	12.77335327	-0.19653633	-0.55544051	12.77569191	-0.19736406
-0.63190196	12.80904413	-0.25431693	-0.63166074	12.81130191	-0.25525169
-0.61382031	12.90510815	-0.25525658	-0.61346018	12.90732692	-0.25652906
-0.56368672	12.66828305	-0.21207163	-0.56364514	12.67058357	-0.21256111
-0.63918296	12.72614339	-0.26470281	-0.63906740	12.72838132	-0.26535347
-0.68789077	12.79454050	-0.33576894	-0.68766378	12.79659008	-0.33664463
-0.68162707	12.84703546	-0.33096651	-0.68132995	12.84908563	-0.33203870
-0.66569531	12.91017193	-0.33377167	-0.66532355	12.91218026	-0.33507614
-0.45429846	12.65906484	-0.16466004	-0.45424710	12.66137093	-0.16515958
-0.44301584	12.75560319	-0.14718837	-0.44283115	12.75793864	-0.14798637
-0.42072555	12.87502866	-0.14086597	-0.42040506	12.87735192	-0.14202721
-0.46976270	12.93214396	-0.69120387	-0.46923670	12.93271409	-0.69256116
-0.47669501	12.90489108	-0.70120318	-0.47617323	12.90542706	-0.70247213
-0.38599340	12.88350105	-0.68158707	-0.38547374	12.88410966	-0.68277527
-0.55620828	12.93751621	-0.67099853	-0.55569458	12.93817429	-0.67239509
-0.56095383	12.91045704	-0.68521741	-0.56044284	12.91106680	-0.68651987
-0.39672846	12.86686957	-0.67082413	-0.39621535	12.86751176	-0.67196929
-0.28026144	12.84457948	-0.63139951	-0.27977777	12.84532218	-0.63246998
0.90053365	12.88351718	-0.90374972	0.90100049	12.88314519	-0.90422366
0.80072776	12.95088474	-0.89021029	0.80127128	12.95060868	-0.89076655
0.91696081	12.89820733	-0.81509896	0.91744022	12.89788703	-0.81558236
0.82210065	12.97107893	-0.78578936	0.82266672	12.97085675	-0.78635907
0.71178450	13.02733743	-0.74517512	0.71242662	13.02726460	-0.74585179
0.68205725	13.00273094	-0.87406621	0.68266826	13.00258291	-0.87471011
0.91791531	12.89472275	-0.72316314	0.91838439	12.89446480	-0.72363538
0.83899950	12.96277253	-0.67922693	0.83954432	12.96262435	-0.67978422
0.74455793	13.01595786	-0.61782134	0.74515849	13.01595537	-0.61847547
1.00127063	12.66945262	-0.98614006	1.00148968	12.66893427	-0.98644763
0.96400577	12.79127240	-0.94149494	0.96436215	12.79081547	-0.94188642
1.02432606	12.67023592	-0.87474312	1.02455435	12.66977877	-0.87503798
0.98376260	12.80095137	-0.84471906	0.98413447	12.80054615	-0.84510983
1.01553505	12.66980461	-0.76136106	1.01575892	12.66944758	-0.76164020
0.97771332	12.80094978	-0.74532118	0.97807918	12.80062501	-0.74570215
0.56197078	13.04876319	-0.82957135	0.56264076	13.04876966	-0.83032053
0.59871873	13.07498184	-0.68100876	0.59941871	13.07507591	-0.68180317
0.47477675	13.11456165	-0.59946526	0.47552337	13.11488417	-0.60042962
0.43771107	13.08720201	-0.75097112	0.43843903	13.08739808	-0.75187201
0.63835318	13.06447679	-0.54289589	0.63900939	13.06466486	-0.54367625
0.51314072	13.10630061	-0.46134550	0.51382920	13.10673378	-0.46230114
-0.38414489	13.08343844	-0.50805519	-0.38356407	13.08459156	-0.50986272
-0.46772573	13.06470159	-0.51996383	-0.46716464	13.06585455	-0.52175351
-0.44791791	13.05251489	-0.56215124	-0.44736040	13.05351630	-0.56389143
-0.39602963	13.09072119	-0.44512015	-0.39545413	13.09208330	-0.44695412
-0.48978594	13.06743058	-0.47544490	-0.48923004	13.06875336	-0.47725297
-0.57429254	13.04041367	-0.50373214	-0.57375771	13.04169585	-0.50549101
-0.53671960	13.04181811	-0.53643915	-0.53617882	13.04295656	-0.53818966
-0.49906541	13.03975804	-0.56275158	-0.49852183	13.04078054	-0.56448162
-0.42131478	13.08842512	-0.38479310	-0.42074936	13.09000196	-0.38662507
-0.50346712	13.06420704	-0.42399995	-0.50292169	13.06571791	-0.42579875
-0.51820784	13.05066447	-0.37280544	-0.51767971	13.05236225	-0.37456088
-0.56393993	13.03305083	-0.40461332	-0.56342391	13.03468421	-0.40633669
-0.57598468	13.03718439	-0.45321653	-0.57545776	13.03865142	-0.45496173
-0.01759400	13.13447521	-0.44518409	-0.01694012	13.13555294	-0.44698814
-0.10940671	13.12192642	-0.45726514	-0.10877009	13.12305190	-0.45905945
-0.02672963	13.15757430	-0.35075956	-0.02606820	13.15892279	-0.35272034
-0.13009010	13.14113209	-0.37116433	-0.12945859	13.14251675	-0.37304681
-0.23148401	13.12337108	-0.40153824	-0.23088065	13.12474626	-0.40339455
-0.20564569	13.10846855	-0.47968787	-0.20503386	13.10959752	-0.48148044
-0.02700300	13.16135026	-0.26433000	-0.02633280	13.16301937	-0.26640997
-0.14120093	13.14601827	-0.28744163	-0.14057217	13.14764909	-0.28935139
-0.25104994	13.12709853	-0.32200881	-0.25045115	13.12871798	-0.32388198
0.98944195	11.97341886	-1.05782605	0.98897032	11.97290429	-1.05762334
1.01223004	12.11818238	-1.05635555	1.01185817	12.11764417	-1.05628779
0.99185205	11.92882054	-0.95224050	0.99143235	11.92839602	-0.95200988
1.01817946	12.07531155	-0.94195923	1.01784419	12.07486721	-0.94186095
1.03788716	12.29284287	-0.92706797	1.03772853	12.29236871	-0.92711534
1.02657788	12.32709258	-1.04313041	1.02641180	12.32653282	-1.04320544
0.97320740	11.91270992	-0.83320614	0.97284275	11.91237998	-0.83296095
1.00158405	12.06054181	-0.81843158	1.00129604	12.06020995	-0.81831766
1.02414000	12.28231836	-0.80260243	1.02400404	12.28196709	-0.80262537
1.02285174	12.51284721	-1.01932145	1.02289014	12.51229309	-1.01951611
1.04144899	12.49565018	-0.90402243	1.04149064	12.49516712	-0.90418988
1.03012112	12.49073355	-0.78265695	1.03016388	12.49036089	-0.78280296
-0.64204129	12.93299518	-0.61828344	-0.64154607	12.93388025	-0.61968254
-0.64876030	12.90293148	-0.62963306	-0.64828076	12.90376984	-0.63091559
-0.69971848	12.92429801	-0.53819833	-0.69925788	12.92553683	-0.53957281
-0.71013280	12.88797909	-0.54345876	-0.70970033	12.88920450	-0.54469074
-0.65051072	12.87949621	-0.63057705	-0.65004596	12.88033147	-0.63176877
-0.70115321	12.91660910	-0.43575963	-0.70073489	12.91826492	-0.43710498
-0.71460360	12.87147017	-0.43576137	-0.71423638	12.87314345	-0.43694044
-0.71753258	12.83572557	-0.43677109	-0.71720705	12.83739664	-0.43780606
-0.29711412	13.09684602	-0.49561536	-0.29652035	13.09798646	-0.49742026
-0.31509353	13.10793468	-0.42339472	-0.31450434	13.10930412	-0.42523470
-0.34091158	13.10864377	-0.35280789	-0.34033202	13.11024857	-0.35465734
-0.59373486	12.95729614	-0.26908082	-0.59331578	12.95943507	-0.27053342
-0.51313155	12.96156190	-0.20689230	-0.51271340	12.96381627	-0.20834106
-0.64809372	12.95021676	-0.34382531	-0.64767268	12.95216343	-0.34526898
-0.62497287	12.97951645	-0.36132571	-0.62451202	12.98136969	-0.36286965
-0.57077786	12.98884072	-0.29408967	-0.57032219	12.99086309	-0.29564977
-0.39840312	12.95329413	-0.15160012	-0.39799891	12.95555505	-0.15299387
-0.45666749	12.96355928	-0.67352202	-0.45613524	12.96418408	-0.67497846
-0.44468520	12.99645536	-0.64601592	-0.44414257	12.99717037	-0.64757308
-0.52875749	12.99568091	-0.62850469	-0.52822598	12.99648076	-0.63009444
-0.54473282	12.96672819	-0.65381754	-0.54420801	12.96744395	-0.65531572
-0.65842537	12.98177581	-0.52776072	-0.65792444	12.98302556	-0.52934488
-0.68273275	12.95411504	-0.53347005	-0.68225047	12.95535941	-0.53495485
-0.62832341	12.96160058	-0.60608579	-0.62781561	12.96253078	-0.60758866
-0.60744798	12.98921070	-0.58887204	-0.60692649	12.99019741	-0.59047142
-0.62635635	13.01120492	-0.51950659	-0.62583644	13.01246273	-0.52118612
-0.58010332	13.01620953	-0.56253286	-0.57957268	13.01728072	-0.56421523
-0.51047191	13.02220330	-0.58983745	-0.50993537	13.02313524	-0.59151083
-0.68374130	12.94978012	-0.43905966	-0.68329049	12.95140445	-0.44052433
-0.65940428	12.97779383	-0.44562912	-0.65892807	12.97936608	-0.44719283
-0.59284282	13.01017807	-0.38640128	-0.59234814	13.01190615	-0.38804894
-0.62571382	13.00776502	-0.45537713	-0.62521171	13.00926762	-0.45703798
-0.54314016	13.02280128	-0.32907293	-0.54264188	13.02467369	-0.33074138
-0.44100943	13.02796674	-0.60654766	-0.44045992	13.02881652	-0.60820409
0.18299569	13.12768066	-0.19422036	0.18356522	13.12915835	-0.19589301
0.15456680	13.16560170	-0.28090081	0.15538259	13.16698220	-0.28281666
0.18191857	13.15275715	-0.29456692	0.18268359	13.15400255	-0.29630057
0.21491529	13.11379548	-0.20492521	0.21547108	13.11516110	-0.20645525
0.13357073	13.17089755	-0.37554111	0.13434424	13.17201395	-0.37738517
0.15968221	13.15921686	-0.39174176	0.16044871	13.16025889	-0.39345787
0.18631137	13.14360580	-0.30419181	0.18704812	13.14480883	-0.30585878
0.21925311	13.10521460	-0.21105016	0.21980062	13.10654813	-0.21253465
0.19297459	13.15125834	-0.30524090	0.19371953	13.15244518	-0.30690339
0.22467982	13.11173336	-0.20594429	0.22522910	13.11306518	-0.20742860
0.17375887	13.15703887	-0.40844040	0.17452879	13.15802633	-0.41008422
0.21785505	13.16236488	-0.43368685	0.21864913	13.16324466	-0.43521180
0.23932193	13.15597334	-0.32231826	0.24006118	13.15703735	-0.32384199
0.27062324	13.11448678	-0.21624529	0.27119149	13.11570281	-0.21763940
0.25763119	12.94154637	-0.07016305	0.25790539	12.94305779	-0.07119680
0.22115128	13.05807995	-0.11782794	0.22157925	13.05961742	-0.11921070
0.25724985	13.04470957	-0.12875813	0.25766732	13.04613796	-0.13005591
0.29705184	12.92765590	-0.08298852	0.29731105	12.92905212	-0.08395997
0.26741387	13.04256778	-0.12907590	0.26782504	13.04396816	-0.13034789
0.30820479	12.92557392	-0.08629130	0.30846085	12.92693440	-0.08724514
0.31261508	13.04049291	-0.13593994	0.31303036	13.04177922	-0.13712529
0.35192983	12.91725883	-0.09192846	0.35217868	12.91851032	-0.09282215
0.37681691	12.72758200	-0.09401076	0.37686689	12.72869049	-0.09456352
0.33684453	12.74171296	-0.08989170	0.33690970	12.74291599	-0.09050079
0.39379643	12.53104930	-0.12325304	0.39367077	12.53194753	-0.12353878
0.35641472	12.55559382	-0.11879810	0.35631289	12.55658464	-0.11912771
0.32552456	12.74409035	-0.08521959	0.32559468	12.74533163	-0.08584088
0.34428997	12.55857365	-0.11391932	0.34419336	12.55960136	-0.11425610
0.29874744	12.57298320	-0.09595516	0.29866037	12.57414469	-0.09632407
0.28362259	12.76207731	-0.06940364	0.28371114	12.76343979	-0.07007026
0.26715498	12.78353289	-0.92169731	0.26743467	12.78371541	-0.92213592
0.25769850	12.85381879	-0.89758548	0.25809546	12.85404060	-0.89816717
0.23866417	12.85980170	-0.83876833	0.23908705	12.86009198	-0.83939575
0.24912524	12.79891278	-0.86179076	0.24946009	12.79917342	-0.86230157
0.24276466	12.92599858	-0.84803993	0.24327314	12.92628403	-0.84877479
0.22299336	12.92462089	-0.79261266	0.22350808	12.92496712	-0.79339386
0.22949394	12.92026554	-0.77480718	0.23000798	12.92061597	-0.77559372
0.25008927	12.80474016	-0.84117802	0.25044209	12.80500380	-0.84171673
0.22245273	12.86010783	-0.82457361	0.22289365	12.86039965	-0.82524559
0.22711172	12.80273604	-0.84695861	0.22747300	12.80300628	-0.84752665
0.21198641	12.92407578	-0.78296717	0.21251212	12.92442647	-0.78377890
0.17144505	12.93634046	-0.76870816	0.17199119	12.93673467	-0.76959271
0.17899669	12.86883622	-0.80642335	0.17945239	12.86918184	-0.80715556
0.18069417	12.80513455	-0.82683980	0.18106552	12.80545200	-0.82745601
0.27162881	12.71336053	-0.94615985	0.27180542	12.71351131	-0.94648219
0.25639918	12.73759581	-0.88535392	0.25663875	12.73781313	-0.88575280
0.25836044	12.75322975	-0.86326278	0.25864125	12.75346482	-0.86370890
0.27580671	12.71668410	-0.87605446	0.27602555	12.71688718	-0.87642219
0.23571275	12.74493289	-0.87316995	0.23599677	12.74517166	-0.87363152
0.18702397	12.73736406	-0.85580515	0.18731459	12.73764554	-0.85631408
0.28079439	12.33240398	-0.16186897	0.28039928	12.33338741	-0.16186176
0.29947392	12.42919148	-0.12910489	0.29927135	12.43019512	-0.12927809
0.34714564	12.42667059	-0.14553790	0.34694083	12.42750378	-0.14570846
0.33198623	12.35666500	-0.17758389	0.33169186	12.35740582	-0.17764893
0.35119431	12.43919645	-0.15290259	0.35100369	12.44001471	-0.15308693
0.36077808	12.41941772	-0.15058533	0.36056696	12.42020041	-0.15074922
0.34693328	12.35045418	-0.18440720	0.34674703	12.35105069	-0.18453245
0.39772637	12.38547608	-0.15895482	0.39748692	12.38613042	-0.15909163
0.12250055	13.14398205	-0.47941562	0.12324152	13.14483732	-0.48105032
0.15245849	13.13051235	-0.49290239	0.15319530	13.13131760	-0.49444144
0.12581699	13.09054912	-0.58614355	0.12653226	13.09119751	-0.58754461
0.16110512	13.07516375	-0.59625022	0.16181001	13.07577220	-0.59754566
0.16446970	13.11914043	-0.49930878	0.16519836	13.11992357	-0.50079093
0.17032961	13.12555133	-0.49946393	0.17106869	13.12633364	-0.50094990
0.18019621	13.06852506	-0.59216002	0.18089182	13.06913328	-0.59340115
0.20647734	13.07365402	-0.63110725	0.20718573	13.07419573	-0.63228260
0.20592253	13.13095376	-0.53139076	0.20668974	13.13164850	-0.53277675
0.22215777	13.00247017	-0.74810242	0.22278001	13.00286412	-0.74904298
0.20057478	12.99793362	-0.70029502	0.20119319	12.99839401	-0.70129047
0.18620355	13.00099757	-0.70000121	0.18683092	13.00146074	-0.70103304
0.14794927	13.01582215	-0.68916950	0.14859941	13.01631880	-0.69029356
0.39633256	13.09517149	-0.26827080	0.39691306	13.09605228	-0.26939051
0.43112839	13.01516951	-0.18354091	0.43155369	13.01611686	-0.18449660
0.45901800	12.88446070	-0.13607643	0.45925545	12.88539666	-0.13681175
0.31488310	12.99127555	-0.86581041	0.31547793	12.99148242	-0.86659890
0.33841125	12.91280114	-0.95411641	0.33888306	12.91289247	-0.95473611
0.29707029	13.06120211	-0.75471638	0.29776554	13.06153458	-0.75567714
0.13788753	12.97059992	-0.06595824	0.13821875	12.97240270	-0.06720323
0.11644367	13.07506900	-0.11315567	0.11692869	13.07691834	-0.11482451
0.09522693	13.13839292	-0.18578037	0.09584221	13.14021794	-0.18786101
0.08992562	13.02979557	-0.63077072	0.09057462	13.03040733	-0.63204477
0.06987291	13.09590036	-0.55433053	0.07057083	13.09664842	-0.55585580
0.10901976	12.95733276	-0.68376309	0.10958946	12.95786116	-0.68479791
0.47291694	12.68883690	-0.13443367	0.47294107	12.68968225	-0.13487928
0.48166282	12.47864854	-0.16178389	0.48149174	12.47930403	-0.16199543
0.34699492	12.83171526	-1.00613907	0.34732208	12.83174508	-1.00657698
0.34750194	12.75653764	-1.03466495	0.34772206	12.75654158	-1.03498129
0.48241112	12.33997932	-0.19934765	0.48217562	12.34040899	-0.19940858
0.34592073	12.69649220	-1.05281306	0.34604130	12.69647882	-1.05300360
0.15757995	12.47844790	-0.10574065	0.15740113	12.47986386	-0.10597222
0.16417568	12.63509686	-0.07772076	0.16415877	12.63661175	-0.07821690
0.11026633	12.75591591	-0.75138370	0.11059268	12.75634979	-0.75201320
0.11073788	12.82477466	-0.72837592	0.11114429	12.82524103	-0.72912892
0.15572493	12.81528348	-0.05906352	0.15589003	12.81694991	-0.05991447
0.11310598	12.89038857	-0.71108409	0.11359763	12.89087783	-0.71196228
0.33295842	13.14591489	-0.50704021	0.33374220	13.14651804	-0.50825175
0.30691582	13.11638712	-0.63333421	0.30768159	13.11684783	-0.63445297
0.36317744	13.13870484	-0.38095809	0.36389456	13.13945746	-0.38217348
0.06628357	13.16911269	-0.35762226	0.06700508	13.17036127	-0.35965276
0.06269404	13.14350353	-0.45804531	0.06339711	13.14446661	-0.45980336
0.07878574	13.17018725	-0.26902671	0.07962334	13.17203678	-0.27147787
0.88164211	11.96623503	-0.58381460	0.88152811	11.96615843	-0.58362855
0.81676000	12.01719950	-0.47386000	0.81676000	12.01719950	-0.47386000
0.92149790	11.93807639	-0.71246189	0.92123597	11.93787904	-0.71221768
0.90904052	12.00459042	-0.71743533	0.90879112	12.00439865	-0.71724131
0.87365532	12.05170622	-0.63110103	0.87347832	12.05160753	-0.63095095
0.80540850	12.11471367	-0.52827010	0.80526872	12.11472833	-0.52818343
0.95462429	11.93013514	-0.83675055	0.95426486	11.92981136	-0.83650746
0.97386664	11.94576182	-0.94821095	0.97345680	11.94534867	-0.94798423
0.94213956	12.06381484	-0.93180159	0.94180114	12.06343311	-0.93165642
0.92782214	12.03392023	-0.81403307	0.92752687	12.03363084	-0.81386207
0.97308192	11.98778375	-1.04154120	0.97262884	11.98729264	-1.04134132
0.93839923	12.06229213	-1.12864654	0.93793292	12.06175025	-1.12849031
0.91544171	12.12507965	-1.10638989	0.91504614	12.12458133	-1.10627872
0.93938869	12.09843461	-1.02977929	0.93901655	12.09797986	-1.02966366
0.85781479	12.18037281	-1.22001090	0.85739808	12.17984684	-1.21991498
0.74170490	12.33168596	-1.27095086	0.74142537	12.33130488	-1.27092452
0.74586810	12.36011226	-1.19927225	0.74565487	12.35977790	-1.19927493
0.85620465	12.22640810	-1.15745376	0.85587256	12.22593682	-1.15740122
0.60101868	12.48257502	-1.23762812	0.60095903	12.48247876	-1.23760139
0.47123598	12.61331358	-1.15293626	0.47126220	12.61324018	-1.15298196
0.49420000	12.61570000	-1.07906000	0.49420000	12.61570000	-1.07906000
0.61447000	12.50220000	-1.16283000	0.61447000	12.50220000	-1.16283000
0.38316041	12.64705045	-1.05013422	0.38320237	12.64702538	-1.05020931
0.33234575	12.64757980	-0.95755231	0.33240773	12.64763821	-0.95767890
0.37140000	12.64100070	-0.89641000	0.37140000	12.64100070	-0.89641000
0.41679000	12.64250090	-0.98287004	0.41679000	12.64250090	-0.98287004
0.31455486	12.67955488	-0.89870009	0.31469079	12.67969993	-0.89894739
0.31078127	12.70713284	-0.87161217	0.31098178	12.70730729	-0.87193208
0.33917416	12.69510698	-0.81436661	0.33939236	12.69530360	-0.81468497
0.34800031	12.66989062	-0.84149742	0.34814480	12.67003840	-0.84171175
0.30181635	12.69439840	-0.87552977	0.30201522	12.69457557	-0.87585460
0.25877514	12.68427953	-0.84632136	0.25898875	12.68450544	-0.84669519
0.29900598	12.68173246	-0.77677844	0.29921711	12.68198664	-0.77713430
0.33804850	12.68371547	-0.81302315	0.33826428	12.68391317	-0.81334005
0.15261679	12.72049816	-0.71893818	0.15289623	12.72092988	-0.71948326
0.02085735	12.77536693	-0.57925120	0.02120546	12.77610001	-0.58000995
0.02497826	12.81402017	-0.50274121	0.02533464	12.81491676	-0.50358163
0.17661818	12.73610630	-0.64368895	0.17691196	12.73661060	-0.64425528
-0.09565111	12.81901016	-0.51683203	-0.09525771	12.81997258	-0.51775128
-0.20317931	12.85065364	-0.52088121	-0.20274752	12.85167221	-0.52193703
-0.20656472	12.92020220	-0.46173310	-0.20611323	12.92138809	-0.46298142
-0.09769858	12.87958940	-0.44754153	-0.09728662	12.88073476	-0.44861837
-0.30861495	12.86984691	-0.58051516	-0.30813732	12.87074366	-0.58165655
-0.40760134	12.87942440	-0.64782259	-0.40709566	12.88013978	-0.64900031
-0.42408101	12.90812922	-0.59657040	-0.42358757	12.90901266	-0.59783619
-0.31804438	12.92392550	-0.52646277	-0.31756468	12.92498817	-0.52776179
-0.49576875	12.88197672	-0.67546793	-0.49526240	12.88260921	-0.67666460
-0.57528602	12.87854293	-0.66339727	-0.57479435	12.87923680	-0.66458313
-0.57446061	12.88170212	-0.62810547	-0.57398393	12.88252553	-0.62930132
-0.51793793	12.89066112	-0.62737245	-0.51745273	12.89146486	-0.62859963
-0.64928424	12.87109233	-0.61158508	-0.64883235	12.87200116	-0.61274366
-0.69849979	12.85632192	-0.53171506	-0.69810224	12.85758576	-0.53281129
-0.66136955	12.87309865	-0.50385904	-0.66096285	12.87444426	-0.50502837
-0.62404627	12.88097809	-0.58083939	-0.62359608	12.88199971	-0.58203635
-0.70334677	12.83085633	-0.43603548	-0.70302745	12.83251597	-0.43704894
-0.67621682	12.78566786	-0.34560765	-0.67600113	12.78766752	-0.34645281
-0.65466039	12.79207265	-0.35871907	-0.65442939	12.79399282	-0.35958930
-0.66707791	12.83753486	-0.41969439	-0.66675738	12.83922214	-0.42073136
-0.62929857	12.71254118	-0.28139726	-0.62920807	12.71471198	-0.28200705
-0.55567522	12.65303489	-0.23218736	-0.55566375	12.65525741	-0.23262613
-0.53826538	12.71181646	-0.26456312	-0.53816591	12.71391044	-0.26519535
-0.61441313	12.75418420	-0.31470105	-0.61425121	12.75621367	-0.31544732
-0.44884625	12.64912370	-0.18540641	-0.44881827	12.65136253	-0.18587593
-0.32229576	12.62914933	-0.14998200	-0.32228062	12.63131622	-0.15048123
-0.30436070	12.68243639	-0.17962243	-0.30427857	12.68451146	-0.18024797
-0.43008539	12.70612727	-0.21630178	-0.42997718	12.70824327	-0.21695338
-0.18657123	12.52473446	-0.13615416	-0.18671026	12.52673859	-0.13648221
-0.03892092	12.40821108	-0.14282140	-0.03923974	12.40993718	-0.14293854
-0.03600320	12.47753407	-0.17462523	-0.03620776	12.47919899	-0.17486657
-0.17466464	12.58706197	-0.16571965	-0.17471585	12.58899460	-0.16616675
0.12172213	12.34656766	-0.16290429	0.12131838	12.34794689	-0.16289426
0.24996115	12.32650384	-0.18838285	0.24955370	12.32752083	-0.18835269
0.23012234	12.38588771	-0.24091927	0.22985400	12.38684986	-0.24098520
0.11259930	12.41346656	-0.20495511	0.11232745	12.41478070	-0.20506727
0.30042456	12.35971138	-0.21021229	0.30012703	12.36049527	-0.21025909
0.28661673	12.44338640	-0.28008875	0.28648495	12.44415399	-0.28022973
0.27827455	12.41574503	-0.26597441	0.27809074	12.41654585	-0.26608018
0.31275054	12.34896473	-0.22305073	0.31262378	12.34952405	-0.22312150
0.34620000	12.27620000	-0.23202000	0.34620000	12.27620000	-0.23202000
0.31862892	12.33553343	-0.29039683	0.31849326	12.33603985	-0.29036336
0.28570163	12.40153284	-0.28094184	0.28556160	12.40223896	-0.28102179
0.44425997	12.21770000	-0.27141000	0.44425997	12.21770000	-0.27141000
0.57587000	12.16340070	-0.32883000	0.57587000	12.16340070	-0.32883000
0.56870642	12.24395405	-0.38270610	0.56854465	12.24414127	-0.38266893
0.42678976	12.28754429	-0.32772734	0.42662493	12.28784136	-0.32770402
0.70622003	12.08180000	-0.39380000	0.70622003	12.08180000	-0.39380000
0.69924865	12.18193051	-0.44724190	0.69909295	12.18204106	-0.44718294
0.76300839	12.39250698	-1.04853371	0.76289961	12.39219810	-1.04857982
0.86481382	12.24351808	-1.04702072	0.86455954	12.24311087	-1.04698336
0.78252194	12.37645326	-0.86035656	0.78246078	12.37624504	-0.86039960
0.87403369	12.22249425	-0.90646043	0.87381999	12.22217912	-0.90640571
0.79484292	12.26255304	-0.67226072	0.79471223	12.26247638	-0.67222384
0.87377736	12.14921192	-0.75410960	0.87357109	12.14901631	-0.75401548
0.53396882	12.60814886	-0.90379846	0.53410739	12.60812193	-0.90397549
0.64714985	12.52184914	-0.99101040	0.64720963	12.52171600	-0.99110042
0.56499137	12.53916852	-0.69226164	0.56508328	12.53925176	-0.69243301
0.67783499	12.47869198	-0.78173610	0.67788028	12.47862449	-0.78184959
0.57003721	12.38767938	-0.51123881	0.56994417	12.38787835	-0.51128367
0.69185839	12.34078449	-0.58912624	0.69176998	12.34083862	-0.58913596
-0.21730412	12.91683709	-0.37684027	-0.21689209	12.91827432	-0.37808510
-0.11136117	12.87404338	-0.36064204	-0.11099020	12.87543091	-0.36172038
-0.23866453	12.86038818	-0.28931697	-0.23832955	12.86209404	-0.29041083
-0.13206775	12.81092981	-0.27551832	-0.13178970	12.81255785	-0.27645173
-0.01518725	12.74271629	-0.31033830	-0.01498643	12.74410036	-0.31106399
0.00809430	12.80747394	-0.40685715	0.00839735	12.80860268	-0.40771442
-0.27236115	12.77100197	-0.22502173	-0.27215011	12.77292299	-0.22587920
-0.15511036	12.69835026	-0.21174994	-0.15500349	12.70014745	-0.21243307
-0.02887450	12.61146443	-0.23205907	-0.02887464	12.61301591	-0.23253642
-0.55376308	12.91233860	-0.54657027	-0.55329859	12.91344976	-0.54787175
-0.58764728	12.90760681	-0.45475491	-0.58722983	12.90908189	-0.45604165
-0.48518619	12.92929239	-0.39437450	-0.48476463	12.93089402	-0.39571720
-0.45221469	12.94030099	-0.50018826	-0.45174367	12.94151874	-0.50156222
-0.60378097	12.83691851	-0.37442372	-0.60348124	12.83871333	-0.37545696
-0.51457730	12.82851839	-0.31624410	-0.51430117	12.83041023	-0.31725165
-0.33589534	12.94046923	-0.43296536	-0.33544237	12.94183154	-0.43431811
-0.36249388	12.90679964	-0.33366983	-0.36210497	12.90849244	-0.33492143
-0.39789457	12.81034361	-0.26334046	-0.39763911	12.81227964	-0.26430941
0.29374047	12.64064674	-0.65287240	0.29393123	12.64102613	-0.65322860
0.33554989	12.63716234	-0.67624223	0.33574450	12.63748238	-0.67656927
0.26694634	12.57463897	-0.50258152	0.26701732	12.57521919	-0.50288631
0.31335605	12.57347587	-0.51248607	0.31343127	12.57398532	-0.51277252
0.31749335	12.59156140	-0.49701017	0.31758414	12.59208222	-0.49731167
0.33651501	12.65149928	-0.66791027	0.33671869	12.65182746	-0.66824974
0.34365927	12.63387873	-0.69039977	0.34384707	12.63418092	-0.69071186
0.31989883	12.57724634	-0.51173802	0.31998185	12.57774416	-0.51201629
0.35225695	12.55715144	-0.55221173	0.35232688	12.55756410	-0.55245421
0.37296808	12.61499313	-0.74071497	0.37313169	12.61522616	-0.74098480
0.32658776	12.44327402	-0.39931565	0.32650847	12.44384044	-0.39942910
0.29432126	12.49050995	-0.37637607	0.29427025	12.49117572	-0.37656775
0.28855078	12.49471865	-0.37147780	0.28848772	12.49541321	-0.37168081
0.24095050	12.48078636	-0.35511565	0.24086547	12.48156910	-0.35529942
0.44559213	12.55517328	-0.61402034	0.44567898	12.55543817	-0.61423304
0.43930174	12.62202438	-0.81603199	0.43946779	12.62211589	-0.81625375
0.43321464	12.41399769	-0.44616110	0.43312013	12.41436263	-0.44622136
0.13777030	12.64373674	-0.41130459	0.13788482	12.64462473	-0.41177340
0.16453046	12.71308816	-0.53426722	0.16477330	12.71376651	-0.53481500
0.11858890	12.52791597	-0.29443836	0.11851594	12.52904809	-0.29472548
0.16598598	13.14953403	-0.40360474	0.16674567	13.15053902	-0.40526013
0.26059137	13.03825487	-0.13574943	0.26100379	13.03965735	-0.13702589
0.29948037	12.92409063	-0.09229997	0.29973933	12.92545687	-0.09326032
0.32802848	12.74323664	-0.09568402	0.32810189	12.74444706	-0.09630258
0.34750367	12.56275209	-0.12382050	0.34741303	12.56375722	-0.12415990
0.24271632	12.85904394	-0.81793699	0.24314606	12.85934017	-0.81857911
0.33769482	12.37855930	-0.18516689	0.33746652	12.37925691	-0.18528140
0.17837998	13.06329078	-0.59489462	0.17906977	13.06389246	-0.59612961
0.20402665	12.99276275	-0.69359307	0.20463819	12.99322485	-0.69458068
0.89598585	11.96095004	-0.57037886	0.89588462	11.96088039	-0.57019588
0.82721331	12.01973837	-0.45665371	0.82721606	12.01974716	-0.45665209
0.93890609	11.92376611	-0.70386122	0.93864895	11.92357001	-0.70361858
0.74515077	12.33024397	-1.28645193	0.74486068	12.32984594	-1.28642513
0.46162796	12.61902602	-1.16661626	0.46165636	12.61893451	-1.16666825
0.35396496	12.65772665	-1.05896081	0.35403202	12.65771169	-1.05908383
0.28779143	12.66186281	-0.96116284	0.28788062	12.66197152	-0.96136141
0.27382873	12.69215769	-0.90054507	0.27399493	12.69234277	-0.90085162
0.25761129	12.70335935	-0.88785971	0.25785694	12.70356890	-0.88826108
0.20938929	12.68925946	-0.86999268	0.20962855	12.68950488	-0.87042486
0.12104935	12.71178619	-0.75617203	0.12132276	12.71220543	-0.75672557
0.01288620	12.74613951	-0.62659889	0.01321076	12.74680223	-0.62730919
-0.19541652	12.78677404	-0.56081891	-0.19499806	12.78767639	-0.56171844
-0.29886587	12.82720572	-0.61092890	-0.29839414	12.82801150	-0.61195939
-0.48331952	12.88662857	-0.69784853	-0.48280200	12.88717835	-0.69906026
-0.56529577	12.88949268	-0.68613285	-0.56478998	12.89010267	-0.68735968
-0.71082333	12.86040567	-0.54329313	-0.71041728	12.86163200	-0.54440536
-0.18853929	12.53467229	-0.11417242	-0.18866139	12.53672283	-0.11451849
0.13967318	12.36234799	-0.13842540	0.13930074	12.36373613	-0.13844900
0.30839697	12.38723136	-0.22300375	0.30819518	12.38795506	-0.22309117
0.38266671	12.29535732	-0.19538718	0.38256116	12.29566311	-0.19544608
0.46867943	12.23811407	-0.23909888	0.46857056	12.23828501	-0.23916236
0.71402913	12.09189664	-0.37176026	0.71401336	12.09191451	-0.37175386
0.29531568	12.51780122	-0.36972587	0.29528408	12.51848811	-0.36995272
0.58522855	12.77892830	-0.54324118	0.58554037	12.77913304	-0.54366869
0.30711878	12.99163520	-0.53495804	0.30769850	12.99219765	-0.53590612
0.03581674	13.00193305	-0.26932605	0.03631240	13.00342894	-0.27070089
0.10466625	13.08367788	-0.31651975	0.10529678	13.08499133	-0.31818744
0.32072827	12.87299247	-0.29817265	0.32105282	12.87388912	-0.29895916
0.03243913	12.97202672	-0.42711170	0.03294303	12.97310516	-0.42835636
0.12625473	13.04952616	-0.42449556	0.12686632	13.05049377	-0.42590965
0.36846620	12.82463372	-0.69627159	0.36887187	12.82492225	-0.69684237
0.16018786	13.03646475	-0.18636122	0.16063228	13.03797288	-0.18775838
0.22209607	12.81585177	-0.79677542	0.22247612	12.81616903	-0.79737808
0.33116758	12.76050411	-0.53365298	0.33146184	12.76100521	-0.53418776
0.33081571	12.88741780	-0.84459410	0.33128052	12.88761916	-0.84522371
0.39359751	12.43899809	-0.24587748	0.39343782	12.43958673	-0.24601685
0.24798652	13.05017033	-0.45249806	0.24861155	13.05094072	-0.45368058
0.47768359	12.68575129	-0.66910958	0.47792811	12.68594452	-0.66945054
0.69972215	12.74925014	-0.77386530	0.70004084	12.74915828	-0.77420861
0.32923480	12.94533803	-0.20471886	0.32958666	12.94641694	-0.20565261
-0.42524656	12.91811139	-0.24837348	-0.42486637	12.92012858	-0.24966649
0.15621401	13.08804930	-0.25684329	0.15676313	13.08940540	-0.25842373
0.32620704	12.94769426	-0.69180244	0.32676350	12.94803979	-0.69259821
-0.51244676	12.91698772	-0.28826567	-0.51206456	12.91897133	-0.28957027
0.23131609	13.03631691	-0.33464180	0.23186518	13.03733228	-0.33588846
0.28977378	12.46399417	-0.20168929	0.28963207	12.46489846	-0.20188552
0.12254102	13.10382151	-0.37846728	0.12321154	13.10493793	-0.38011750
0.21351961	13.08040688	-0.49529787	0.21420535	13.08114726	-0.49658966
0.25516470	12.61744877	-0.24669992	0.25518554	12.61843207	-0.24711550
0.17032967	12.94029406	-0.51347169	0.17083831	12.94100987	-0.51446825
0.27980795	12.89176427	-0.83479408	0.28027935	12.89202151	-0.83546225
0.28630063	12.84102280	-0.83755423	0.28670245	12.84126712	-0.83812922
0.23416472	13.02440321	-0.54995403	0.23479483	13.02501557	-0.55104615
0.37742519	12.80412712	-0.20110391	0.37761892	12.80505539	-0.20176299
0.49848835	12.59407258	-0.43400522	0.49855113	12.59444648	-0.43425886
0.30679156	12.76124560	-0.88930944	0.30705187	12.76141516	-0.88970437
0.16394661	12.96652824	-0.64872809	0.16451965	12.96707390	-0.64972864
0.39028917	12.37849168	-0.22252913	0.39007144	12.37901268	-0.22261730
0.35788194	12.48692762	-0.31309286	0.35779038	12.48755940	-0.31327179
0.19690194	12.87498903	-0.19109155	0.19718491	12.87631044	-0.19201089
0.39052882	12.73038167	-0.91103306	0.39072614	12.73044722	-0.91129844
0.29873346	12.79363606	-0.85114216	0.29906607	12.79385305	-0.85162084
0.14927862	13.12024474	-0.29005614	0.14997724	13.12157005	-0.29178344
0.41523199	12.61042426	-0.24895420	0.41523852	12.61114449	-0.24930538
0.21748277	12.86101972	-0.77393722	0.21792494	12.86136977	-0.77462866
0.42918867	12.71363084	-0.82843749	0.42944083	12.71374215	-0.82876392
0.82876518	12.74425856	-0.86905495	0.82907948	12.74399456	-0.86939220
0.56772364	12.79107283	-0.92883732	0.56806283	12.79098963	-0.92922316
0.34188508	12.69087661	-0.20134428	0.34196272	12.69181918	-0.20185354
0.25240259	12.76885466	-0.18463859	0.25255990	12.77003653	-0.18533113
