0.85334310	12.73710057	-0.42374218	0.85361571	12.73698753	-0.42396688
0.82636915	12.87541611	-0.45393270	0.82680683	12.87530967	-0.45423630
0.90233113	12.83239673	-0.55153154	0.90273501	12.83217473	-0.55181015
0.93259041	12.69898263	-0.53562726	0.93284532	12.69874499	-0.53583633
0.78529825	12.96622977	-0.51543880	0.78585790	12.96613362	-0.51580545
0.86499020	12.91852944	-0.59546159	0.86549596	12.91831905	-0.59579259
0.91382461	12.87455836	-0.65521529	0.91427648	12.87427179	-0.65552146
0.95128514	12.80432389	-0.64874840	0.95165787	12.80400841	-0.64901611
0.98365891	12.67497070	-0.64860475	0.98389431	12.67463537	-0.64881242
0.72015475	12.76258767	-1.16763460	0.72039947	12.76229567	-1.16785813
0.84218464	12.71085870	-1.14561222	0.84240036	12.71045724	-1.14583190
0.81212605	12.81800717	-1.07790720	0.81246683	12.81765037	-1.07818890
0.69038147	12.86528280	-1.09514932	0.69076188	12.86502504	-1.09544888
0.94305207	12.67637112	-1.08269238	0.94324583	12.67589180	-1.08291302
0.91148464	12.78812149	-1.02494041	0.91180728	12.78768965	-1.02521423
0.87283730	12.85731385	-0.97500860	0.87324507	12.85693421	-0.97531791
0.79447138	12.89885329	-0.99088361	0.79491969	12.89853552	-0.99121475
0.67306647	12.94589898	-0.99701138	0.67356847	12.94568395	-0.99737290
0.59879254	12.84057832	-0.21426083	0.59911263	12.84086361	-0.21460158
0.58265069	12.97752541	-0.26398626	0.58317589	12.97781521	-0.26442409
0.71639329	12.92646800	-0.35492549	0.71687334	12.92653261	-0.35527749
0.73580154	12.78706838	-0.31278228	0.73609326	12.78713407	-0.31304949
0.55378803	13.06331048	-0.34990115	0.55446697	13.06358796	-0.35041389
0.68183096	13.01653528	-0.43209727	0.68245423	13.01659987	-0.43252065
0.47211113	12.88030541	-1.06905369	0.47251031	12.88024969	-1.06936907
0.59749013	12.82463088	-1.14086113	0.59780311	12.82444665	-1.14112548
0.56822250	12.91753901	-1.06967949	0.56867006	12.91739293	-1.07001730
0.44493038	12.96366668	-0.99590149	0.44546471	12.96367745	-0.99630252
0.54931408	12.99315260	-0.96938548	0.54989180	12.99307543	-0.96980094
0.42524674	13.03420533	-0.89464961	0.42590581	13.03430142	-0.89513128
-0.00856673	13.01210190	-0.08194324	-0.00803255	13.01360664	-0.08285555
-0.13658283	13.02462629	-0.10434086	-0.13601281	13.02630299	-0.10532838
-0.13805444	13.09679036	-0.15330580	-0.13733734	13.09842500	-0.15438547
-0.01295643	13.09887583	-0.12937812	-0.01223860	13.10036507	-0.13043192
-0.25527628	13.02639371	-0.14073430	-0.25468643	13.02822051	-0.14179421
-0.25553515	13.08630307	-0.19109662	-0.25481984	13.08807635	-0.19222394
-0.25641062	13.12539164	-0.25790473	-0.25559465	13.12709259	-0.25907698
-0.13953970	13.14161715	-0.22108290	-0.13871541	13.14317586	-0.22222307
-0.01682170	13.15092454	-0.19819055	-0.01597126	13.15234224	-0.19936293
0.03727679	12.98246584	-0.60391947	0.03798047	12.98325122	-0.60467549
0.02295476	13.04560123	-0.58063498	0.02376025	13.04644128	-0.58149823
-0.05826895	13.04828342	-0.57101157	-0.05743440	13.04925825	-0.57194539
-0.04458177	12.99164324	-0.58466770	-0.04384004	12.99257514	-0.58551269
0.00368693	13.10092229	-0.53542346	0.00456674	13.10185384	-0.53639160
-0.07946448	13.09578072	-0.53701980	-0.07856723	13.09683681	-0.53803740
-0.17322864	13.08880958	-0.55321280	-0.17230864	13.09001530	-0.55429440
-0.15090097	13.04654770	-0.58764439	-0.15003154	13.04766701	-0.58865547
-0.13660878	12.99478193	-0.60333059	-0.13582245	12.99584854	-0.60426052
0.98619651	12.28624919	-0.67205049	0.98609064	12.28594858	-0.67211579
0.96405238	12.06769500	-0.68689702	0.96381421	12.06742365	-0.68688900
0.91232436	12.09609177	-0.55165754	0.91218959	12.09596043	-0.55164481
0.92758803	12.30260909	-0.53669953	0.92750412	12.30243785	-0.53673979
0.83435566	12.14722075	-0.43061897	0.83424654	12.14720964	-0.43060302
0.84188985	12.32930223	-0.41142984	0.84180131	12.32924999	-0.41146509
0.97804141	12.37380178	-1.14253574	0.97789532	12.37327333	-1.14264169
0.88358672	12.43501230	-1.21171659	0.88348361	12.43455633	-1.21182159
0.87688514	12.27549567	-1.23545902	0.87660372	12.27503854	-1.23549622
0.96836643	12.18268400	-1.15667523	0.96802567	12.18216489	-1.15670337
0.75743105	12.51319700	-1.24057348	0.75742464	12.51290979	-1.24066817
0.75166426	12.39272782	-1.27107627	0.75149075	12.39242126	-1.27111471
0.86345507	12.17089387	-1.24253054	0.86307177	12.17044532	-1.24251942
0.94823770	12.04832250	-1.15371738	0.94777867	12.04782299	-1.15367902
0.99405392	12.49503416	-0.65849743	0.99411561	12.49470885	-0.65862629
0.93731833	12.51250119	-0.53199867	0.93738580	12.51228099	-0.53211847
0.85285079	12.54274377	-0.41023727	0.85291403	12.54264884	-0.41036115
0.86916566	12.58181253	-1.18580573	0.86924121	12.58138387	-1.18596237
0.96780222	12.53828828	-1.11996184	0.96783947	12.53777066	-1.12012929
0.74457930	12.64085304	-1.21101459	0.74470786	12.64055919	-1.21117566
0.59802144	12.42403894	-0.22683004	0.59789854	12.42423978	-0.22692602
0.60054587	12.64040306	-0.20658750	0.60062698	12.64066206	-0.20679742
0.73376710	12.58778061	-0.29973967	0.73383124	12.58785206	-0.29989776
0.72554361	12.37307292	-0.30889514	0.72543964	12.37314829	-0.30894758
0.47015036	12.70345864	-1.15245451	0.47026182	12.70338601	-1.15255227
0.61273874	12.61351733	-1.22061934	0.61279298	12.61341963	-1.22069445
0.61069606	12.71676966	-1.18828100	0.61084589	12.71660083	-1.18842244
0.47662628	12.78736937	-1.12053206	0.47686482	12.78729657	-1.12072941
0.58605009	12.17559672	-0.30192028	0.58601934	12.17564122	-0.30192780
0.59504360	12.28334804	-0.26275755	0.59490030	12.28348459	-0.26279088
0.72140302	12.21775478	-0.33749873	0.72127814	12.21781913	-0.33750171
0.60016618	12.48579289	-1.25163377	0.60011526	12.48572644	-1.25161976
0.60679147	12.53302245	-1.24384712	0.60678340	12.53294145	-1.24386294
0.46334643	12.64808022	-1.16733043	0.46339732	12.64802982	-1.16738496
-0.00402931	12.73216686	-0.07274638	-0.00393368	12.73357737	-0.07331237
-0.15135254	12.80345431	-0.08191005	-0.15115193	12.80513962	-0.08264602
-0.13988408	12.92667608	-0.08308156	-0.13948349	12.92836318	-0.08395237
-0.00253670	12.88774837	-0.06612890	-0.00221268	12.88920863	-0.06687239
-0.28640785	12.85590903	-0.10794749	-0.28611895	12.85781310	-0.10883377
-0.26667883	12.95077371	-0.11475672	-0.26622833	12.95264337	-0.11573726
0.03168343	12.85258225	-0.62948028	0.03217692	12.85333660	-0.63006517
0.03868056	12.91803716	-0.61846668	0.03928119	12.91879850	-0.61913115
-0.04237409	12.92966640	-0.59198230	-0.04174062	12.93057891	-0.59273687
-0.05134049	12.86486809	-0.59421854	-0.05081429	12.86578532	-0.59489376
-0.13399860	12.93725716	-0.60973228	-0.13330746	12.93830574	-0.61058270
-0.14429429	12.87662704	-0.60675092	-0.14371969	12.87769481	-0.60752351
-0.03796348	12.43506928	-0.12101483	-0.03827584	12.43645635	-0.12131338
-0.17448294	12.65573401	-0.09600818	-0.17450542	12.65742858	-0.09659695
-0.02104366	12.56050665	-0.09310886	-0.02117811	12.56189350	-0.09351926
-0.32574887	12.64985220	-0.13409459	-0.32577998	12.65179914	-0.13478691
-0.31077534	12.73803579	-0.11633015	-0.31067384	12.73996986	-0.11710817
0.02092672	12.78623642	-0.63985541	0.02131373	12.78699341	-0.64036312
-0.07136408	12.79872212	-0.58962505	-0.07095390	12.79967212	-0.59021534
-0.08941589	12.77235842	-0.56891019	-0.08906166	12.77336687	-0.56947188
-0.16891412	12.81468906	-0.59287056	-0.16845950	12.81581588	-0.59357237
-0.37767403	13.02321672	-0.18981822	-0.37706724	13.02519536	-0.19096149
-0.36933413	13.07182449	-0.23716251	-0.36861731	13.07373953	-0.23835294
-0.48769257	13.01578199	-0.24626932	-0.48706759	13.01788229	-0.24748603
-0.46753510	13.05498867	-0.28855343	-0.46681375	13.05701567	-0.28979668
-0.44511814	13.08637270	-0.33987079	-0.44430898	13.08830831	-0.34113324
-0.35910435	13.10690551	-0.29747475	-0.35829146	13.10873924	-0.29869934
-0.25534770	13.04440566	-0.60736666	-0.25444575	13.04568815	-0.60845138
-0.24131604	12.99831550	-0.63081460	-0.24048087	12.99954035	-0.63183209
-0.27535599	13.08225706	-0.56817866	-0.27441406	13.08362635	-0.56932356
-0.37015102	13.07409057	-0.57661623	-0.36920206	13.07563400	-0.57782315
-0.35550166	13.04125489	-0.62040497	-0.35457825	13.04271985	-0.62156591
-0.34615724	13.00174626	-0.65292537	-0.34527856	13.00315469	-0.65403400
-0.24306741	12.94935059	-0.64507241	-0.24231065	12.95055835	-0.64603017
-0.35391582	12.96208487	-0.67639706	-0.35309446	12.96347886	-0.67746495
-0.36896784	12.92440766	-0.68924098	-0.36820337	12.92581660	-0.69027888
-0.25622257	12.89980755	-0.64802958	-0.25555349	12.90103260	-0.64893160
-0.53298189	12.91187607	-0.20229758	-0.53256182	12.91408852	-0.20344854
-0.55428862	12.78992380	-0.20400305	-0.55406015	12.79216821	-0.20506593
-0.62996495	12.82557831	-0.26261998	-0.62963178	12.82788699	-0.26378893
-0.61091310	12.92139370	-0.26491507	-0.61043075	12.92367222	-0.26614221
-0.56343287	12.68473531	-0.21808682	-0.56335790	12.68698419	-0.21907044
-0.63809520	12.74264994	-0.27186112	-0.63787483	12.74496589	-0.27298397
-0.68575234	12.81048914	-0.34412153	-0.68536818	12.81282539	-0.34534080
-0.67898472	12.86293613	-0.34006248	-0.67853165	12.86526210	-0.34130360
-0.66241254	12.92580967	-0.34376099	-0.66185829	12.92810589	-0.34503394
-0.45424631	12.67506937	-0.17011936	-0.45422624	12.67719112	-0.17097404
-0.44197807	12.77169397	-0.15395558	-0.44181303	12.77381159	-0.15488701
-0.41849660	12.89095459	-0.14924010	-0.41813883	12.89304049	-0.15027020
-0.46471482	12.94027135	-0.70071187	-0.46390840	12.94186307	-0.70185270
-0.47182252	12.91293550	-0.71034552	-0.47106187	12.91453296	-0.71146522
-0.38136955	12.89112966	-0.68996300	-0.38066774	12.89256052	-0.69097278
-0.55124240	12.94669107	-0.68101229	-0.55044120	12.94848378	-0.68223547
-0.55617098	12.91947056	-0.69483160	-0.55541642	12.92126172	-0.69603198
-0.39230261	12.87475058	-0.67901569	-0.39164323	12.87621705	-0.68001392
-0.27632857	12.85202563	-0.63866478	-0.27575796	12.85329908	-0.63951838
0.90385132	12.88077988	-0.90658053	0.90429883	12.88039680	-0.90690408
0.80461934	12.94883256	-0.89350109	0.80514741	12.94854270	-0.89386871
0.92040187	12.89573455	-0.81797279	0.92087351	12.89537351	-0.81830055
0.82618767	12.96929807	-0.78914460	0.82675045	12.96902993	-0.78951889
0.71648637	13.02658150	-0.74910721	0.71714246	13.02644751	-0.74953308
0.68647390	13.00159389	-0.87785256	0.68707740	13.00142769	-0.87826670
0.92130607	12.89260408	-0.72596562	0.92177678	12.89227920	-0.72628545
0.84297812	12.96137844	-0.68248868	0.84353640	12.96114504	-0.68285112
0.74900133	13.01554584	-0.62160787	0.74963327	13.01543860	-0.62201819
1.00280779	12.66575229	-0.98805295	1.00300953	12.66524877	-0.98828637
0.96652140	12.78796617	-0.94386791	0.96685778	12.78751047	-0.94414650
1.02594212	12.66685101	-0.87658752	1.02615971	12.66637481	-0.87681548
0.98640170	12.79790706	-0.84708574	0.98675986	12.79747283	-0.84736473
1.01714831	12.66700624	-0.76310996	1.01737246	12.66659374	-0.76332694
0.98034090	12.79836906	-0.74762399	0.98070450	12.79798417	-0.74789526
0.56689330	13.04872346	-0.83394199	0.56757635	13.04870533	-0.83441021
0.60389633	13.07537954	-0.68560344	0.60462707	13.07539704	-0.68609250
0.48040696	13.11651210	-0.60500177	0.48121758	13.11673076	-0.60557894
0.44314359	13.08851262	-0.75620687	0.44391038	13.08867731	-0.75675870
0.64327424	13.06530925	-0.54735664	0.64398515	13.06535698	-0.54782688
0.51839663	13.10874653	-0.46677021	0.51917202	13.10899676	-0.46732963
-0.37855328	13.09363213	-0.51935757	-0.37761233	13.09525521	-0.52058903
-0.46224312	13.07545097	-0.53142291	-0.46131574	13.07722068	-0.53269513
-0.44239157	13.06243448	-0.57333276	-0.44145866	13.06412062	-0.57458010
-0.39061281	13.10196310	-0.45657198	-0.38970085	13.10367649	-0.45781659
-0.48444016	13.07908105	-0.48704410	-0.48353589	13.08093698	-0.48833260
-0.56906169	13.05241573	-0.51538018	-0.56817647	13.05440120	-0.51670621
-0.53136766	13.05294679	-0.54792973	-0.53046175	13.05482997	-0.54922984
-0.49364474	13.05012098	-0.57402526	-0.49272812	13.05190542	-0.57529518
-0.41613420	13.10082201	-0.39631001	-0.41526453	13.10264762	-0.39756873
-0.49834679	13.07679162	-0.43559309	-0.49748233	13.07872619	-0.43688524
-0.51341308	13.06417800	-0.38424367	-0.51260883	13.06619042	-0.38553111
-0.55917344	13.04651897	-0.41604140	-0.55837277	13.04857760	-0.41734391
-0.57097520	13.05000963	-0.46479393	-0.57013127	13.05204752	-0.46611359
-0.01192721	13.14221998	-0.45561579	-0.01101932	13.14327419	-0.45668086
-0.10375515	13.13035992	-0.46780918	-0.10283742	13.13154986	-0.46889817
-0.02105868	13.16678395	-0.36204233	-0.02014420	13.16798153	-0.36318853
-0.12453447	13.15099841	-0.38220851	-0.12362563	13.15233285	-0.38334578
-0.22599897	13.13372814	-0.41265632	-0.22508688	13.13519917	-0.41382109
-0.20001213	13.11745974	-0.49044639	-0.19908129	13.11879159	-0.49157849
-0.02143934	13.17221521	-0.27624155	-0.02054696	13.17356130	-0.27744503
-0.13580140	13.15719342	-0.29866460	-0.13491806	13.15865139	-0.29982102
-0.24575847	13.13877141	-0.33326879	-0.24488106	13.14036958	-0.33445061
0.98593476	11.96972380	-1.05693090	0.98543313	11.96922202	-1.05686819
1.00959123	12.11435261	-1.05615281	1.00922442	12.11383585	-1.05616368
0.98856314	11.92557528	-0.95117924	0.98807375	11.92511761	-0.95109353
1.01566941	12.07196827	-0.94161247	1.01531128	12.07149866	-0.94160962
1.03673209	12.28934604	-0.92753471	1.03656807	12.28885873	-0.92762059
1.02541066	12.32313918	-1.04373927	1.02524622	12.32260727	-1.04383780
0.97025629	11.91008927	-0.83205152	0.96980760	11.90971084	-0.83195529
0.99936032	12.05788894	-0.81800342	0.99903916	12.05750023	-0.81799123
1.02313435	12.27956021	-0.80294633	1.02299332	12.27915668	-0.80302059
1.02311933	12.50892305	-1.02059763	1.02314943	12.50839306	-1.02076524
1.04173238	12.49210397	-0.90515438	1.04176713	12.49160952	-0.90530907
1.03043524	12.48784220	-0.78366485	1.03048032	12.48742018	-0.78380621
-0.63734195	12.94381471	-0.62859720	-0.63658585	12.94583910	-0.62987718
-0.64431199	12.91362325	-0.63946968	-0.64360987	12.91565417	-0.64072700
-0.69539339	12.93694976	-0.54860251	-0.69468931	12.93914552	-0.54991206
-0.70612912	12.90063103	-0.55330576	-0.70548788	12.90284071	-0.55459090
-0.64628716	12.89019066	-0.64003065	-0.64563093	12.89222465	-0.64126812
-0.69731961	12.93098998	-0.44605144	-0.69668611	12.93326752	-0.44735743
-0.71120632	12.88598982	-0.44541748	-0.71064196	12.88828799	-0.44669984
-0.71447275	12.85025709	-0.44587242	-0.71396152	12.85255954	-0.44713548
-0.29148484	13.10642676	-0.50666928	-0.29054242	13.10790159	-0.50785316
-0.30963125	13.11874598	-0.43468511	-0.30871626	13.12034002	-0.43589511
-0.33567601	13.12072454	-0.36421004	-0.33480004	13.12244284	-0.36543533
-0.59026214	12.97314670	-0.27943580	-0.58968603	12.97538192	-0.28068971
-0.50985239	12.97753832	-0.21694421	-0.50931465	12.97970228	-0.21814027
-0.64437645	12.96549842	-0.35434800	-0.64375401	12.96775617	-0.35564126
-0.62089490	12.99428062	-0.37219436	-0.62021654	12.99648531	-0.37349449
-0.56688913	13.00407408	-0.30482658	-0.56624163	13.00625054	-0.30609058
-0.39534614	12.96882672	-0.16099678	-0.39484867	12.97086451	-0.16209103
-0.45144061	12.97183479	-0.68342901	-0.45058825	12.97341809	-0.68459048
-0.43930311	13.00504988	-0.65634698	-0.43841258	13.00663875	-0.65753365
-0.52345041	13.00526800	-0.63927300	-0.52256729	13.00704469	-0.64052825
-0.53956735	12.97605867	-0.66423466	-0.53872102	12.97784217	-0.66547551
-0.65360863	12.99421056	-0.53892235	-0.65280779	12.99633831	-0.54025641
-0.67814881	12.96668911	-0.54428932	-0.67739416	12.96885868	-0.54561496
-0.62339704	12.97248635	-0.61680761	-0.62259000	12.97448989	-0.61810534
-0.60233170	13.00017275	-0.59994594	-0.60148238	13.00214755	-0.60125504
-0.62130610	13.02345571	-0.53098413	-0.62045895	13.02552823	-0.53232390
-0.57485832	13.02733208	-0.57387363	-0.57397738	13.02927504	-0.57518552
-0.50509758	13.03224264	-0.60090602	-0.50419290	13.03402237	-0.60217003
-0.67957183	12.96392738	-0.44979466	-0.67887944	12.96617202	-0.45111587
-0.65494737	12.99158450	-0.45669845	-0.65420339	12.99378108	-0.45802604
-0.58835987	13.02421960	-0.39760376	-0.58761067	13.02634554	-0.39890733
-0.62094828	13.02105181	-0.46675930	-0.62014818	13.02317881	-0.46809101
-0.53877535	13.03722186	-0.34020017	-0.53804800	13.03931809	-0.34147722
-0.43552206	13.03714135	-0.61732747	-0.43460207	13.03876601	-0.61854486
0.18766167	13.13668044	-0.20368596	0.18841935	13.13771278	-0.20463947
0.16084360	13.17418983	-0.29168869	0.16179087	13.17520086	-0.29277129
0.18786997	13.16053884	-0.30433517	0.18877463	13.16145819	-0.30531603
0.21945171	13.12207699	-0.21358335	0.22018553	13.12302155	-0.21445637
0.13977254	13.17820121	-0.38596060	0.14072447	13.17910909	-0.38700817
0.16579872	13.16601022	-0.40144289	0.16673229	13.16685178	-0.40241967
0.19208095	13.15114676	-0.31359168	0.19296259	13.15204103	-0.31453645
0.22371749	13.11331957	-0.21945979	0.22443908	13.11424557	-0.22030884
0.19881783	13.15869268	-0.31460604	0.19971008	13.15957345	-0.31554637
0.22916724	13.11980604	-0.21435058	0.22989436	13.12072566	-0.21519912
0.17987831	13.16348775	-0.41773834	0.18080769	13.16428845	-0.41867489
0.22409931	13.16808184	-0.44229541	0.22503808	13.16878700	-0.44316210
0.24514310	13.16259582	-0.33088977	0.24603175	13.16337436	-0.33174991
0.27523004	13.12178004	-0.22411327	0.27596808	13.12260053	-0.22490544
0.25986072	12.95039902	-0.07619033	0.26025794	12.95136723	-0.07681628
0.22469121	13.06723316	-0.12570854	0.22528872	13.06825439	-0.12650804
0.26069049	13.05316155	-0.13615074	0.26127049	13.05409699	-0.13690077
0.29917793	12.93574840	-0.08861811	0.29955931	12.93662206	-0.08920008
0.27081065	13.05083569	-0.13631849	0.27138460	13.05174808	-0.13705313
0.31031635	12.93344751	-0.09181853	0.31069613	12.93429567	-0.09239017
0.31603027	13.04798384	-0.14265641	0.31660342	13.04879625	-0.14333600
0.35399142	12.92442713	-0.09709158	0.35436216	12.92518772	-0.09762524
0.37727101	12.73395863	-0.09736203	0.37739373	12.73463655	-0.09772692
0.33740234	12.74868922	-0.09357856	0.33753987	12.74944065	-0.09397861
0.39288383	12.53630071	-0.12515434	0.39279354	12.53686875	-0.12538200
0.35565672	12.56142647	-0.12096908	0.35558900	12.56206459	-0.12122507
0.32608981	12.75129631	-0.08898366	0.32622666	12.75207411	-0.08939177
0.34354647	12.56463911	-0.11614551	0.34347864	12.56530531	-0.11640853
0.29803617	12.57990718	-0.09842476	0.29797212	12.58067734	-0.09871839
0.28430003	12.77006877	-0.07347267	0.28445301	12.77094347	-0.07391601
0.26926827	12.78501771	-0.92430323	0.26956185	12.78524163	-0.92456983
0.26068808	12.85558068	-0.90105970	0.26110509	12.85584144	-0.90142246
0.24186440	12.86202706	-0.84253886	0.24231432	12.86234921	-0.84293572
0.25165865	12.80089844	-0.86486128	0.25201200	12.80118702	-0.86518093
0.24659953	12.92819268	-0.85240224	0.24713965	12.92850997	-0.85286008
0.22690865	12.92723284	-0.79724825	0.22746600	12.92760558	-0.79773420
0.23341187	12.92289750	-0.77947406	0.23397057	12.92327191	-0.77996379
0.25276023	12.80676228	-0.84441827	0.25313306	12.80705730	-0.84475731
0.22579831	12.86239616	-0.82863271	0.22626982	12.86273359	-0.82906379
0.22985943	12.80482398	-0.85040749	0.23024127	12.80513267	-0.85077090
0.21599053	12.92675846	-0.78779737	0.21656109	12.92714598	-0.78830551
0.17562367	12.93942041	-0.77397018	0.17622166	12.93987192	-0.77452323
0.18248029	12.87156336	-0.81084032	0.18297466	12.87196905	-0.81130783
0.18351836	12.80766466	-0.83057637	0.18391179	12.80804679	-0.83096877
0.27294589	12.71464821	-0.94804045	0.27312368	12.71484978	-0.94822357
0.25821457	12.73928753	-0.88773449	0.25846376	12.73954050	-0.88797577
0.26047736	12.75502486	-0.86593796	0.26076827	12.75528920	-0.86621333
0.27745773	12.71824006	-0.87824575	0.27768260	12.71846994	-0.87846725
0.23785395	12.74677132	-0.87595541	0.23814465	12.74704832	-0.87624239
0.18919192	12.73960090	-0.85888229	0.18948237	12.73994358	-0.85919963
0.27795586	12.33842889	-0.16221558	0.27758617	12.33912454	-0.16230378
0.29791352	12.43524229	-0.13047208	0.29771681	12.43592418	-0.13065834
0.34564501	12.43164828	-0.14682197	0.34546201	12.43220281	-0.14699235
0.32990232	12.36115412	-0.17825813	0.32963795	12.36166422	-0.17836658
0.34980584	12.44407914	-0.15425691	0.34964009	12.44462246	-0.15443280
0.35925801	12.42408689	-0.15181623	0.35907386	12.42460608	-0.15197954
0.34562889	12.35405536	-0.18538649	0.34546819	12.35446286	-0.18552179
0.39605647	12.38936821	-0.15999878	0.39585463	12.38979771	-0.16013958
0.12856844	13.14994946	-0.48874764	0.12950013	13.15073946	-0.48969355
0.15842525	13.13608769	-0.50168116	0.15933366	13.13682049	-0.50257141
0.13158722	13.09537086	-0.59423781	0.13245475	13.09604530	-0.59506815
0.16671421	13.07961207	-0.60374593	0.16754934	13.08022464	-0.60451704
0.17032795	13.12454576	-0.50776724	0.17121550	13.12525387	-0.50862561
0.17625174	13.13093540	-0.50793077	0.17714706	13.13163875	-0.50878883
0.18568907	13.07288907	-0.59934360	0.18650379	13.07348130	-0.60008358
0.21199600	13.07754543	-0.63792363	0.21280467	13.07807383	-0.63862807
0.21196423	13.13572720	-0.53931096	0.21286363	13.13634872	-0.54011755
0.22690236	13.00540488	-0.75362198	0.22758223	13.00581759	-0.75419760
0.20533707	13.00133015	-0.70612346	0.20602659	13.00180411	-0.70672933
0.19106797	13.00446274	-0.70605038	0.19177486	13.00495187	-0.70667986
0.15303929	13.01963303	-0.69575939	0.15378354	13.02018156	-0.69644423
0.40094585	13.10028715	-0.27456827	0.40166578	13.10083805	-0.27520394
0.43455836	13.02053657	-0.18894264	0.43511623	13.02109431	-0.18949172
0.46100904	12.88969941	-0.14030186	0.46136173	12.89023394	-0.14074010
0.31932839	12.99287310	-0.87044318	0.31995027	12.99310227	-0.87093004
0.34191182	12.91363099	-0.95777571	0.34239457	12.91376323	-0.95815990
0.30232849	13.06359240	-0.76031060	0.30307744	13.06391681	-0.76089412
0.14051450	12.98143626	-0.07327566	0.14096724	12.98265975	-0.07403839
0.12036267	13.08624706	-0.12271329	0.12101090	13.08751787	-0.12368489
0.10022267	13.14955916	-0.19753664	0.10102681	13.15084878	-0.19871568
0.09513022	13.03452562	-0.63822209	0.09590615	13.03520834	-0.63899403
0.07561453	13.10149172	-0.56316623	0.07649211	13.10227711	-0.56407342
0.11345367	12.96145525	-0.68988512	0.11409999	12.96205677	-0.69052412
0.47321981	12.69358113	-0.13711805	0.47331813	12.69406576	-0.13741153
0.48050927	12.48241692	-0.16319545	0.48038954	12.48281217	-0.16336552
0.34943696	12.83212908	-1.00871301	0.34977115	12.83220804	-1.00897936
0.34913045	12.75679988	-1.03652667	0.34934996	12.75686315	-1.03671676
0.48085719	12.34251512	-0.19985849	0.48067662	12.34278944	-0.19993176
0.34679527	12.69665609	-1.05393283	0.34690876	12.69670952	-1.05404467
0.15608606	12.48718501	-0.10767546	0.15589656	12.48820266	-0.10794316
0.16389957	12.64433705	-0.08107836	0.16389450	12.64539821	-0.08147691
0.11271779	12.75939793	-0.75521836	0.11305813	12.75992229	-0.75562018
0.11385216	12.82847253	-0.73292973	0.11429606	12.82902191	-0.73340934
0.15692526	12.82534595	-0.06431420	0.15715117	12.82648748	-0.06488810
0.11689503	12.89424439	-0.71634843	0.11744048	12.89481278	-0.71690233
0.33899075	13.14976549	-0.51392890	0.33987881	13.15022976	-0.51463150
0.31277699	13.11951898	-0.63978109	0.31362610	13.11992224	-0.64044782
0.36876998	13.14326641	-0.38780890	0.36961291	13.14378472	-0.38850138
0.07223651	13.17738975	-0.36913397	0.07317142	13.17843386	-0.37029163
0.06859677	13.15030212	-0.46811836	0.06952165	13.15121205	-0.46914067
0.08522038	13.18158380	-0.28276578	0.08619112	13.18291225	-0.28413391
0.88055871	11.96534237	-0.58287801	0.88038797	11.96518402	-0.58278905
0.81676000	12.01719950	-0.47386000	0.81676000	12.01719950	-0.47386000
0.91930559	11.93634051	-0.71127820	0.91897086	11.93607336	-0.71117413
0.90702604	12.00291959	-0.71650441	0.90672716	12.00266259	-0.71642557
0.87225737	12.05068513	-0.63036885	0.87205669	12.05051019	-0.63030624
0.80441626	12.11453055	-0.52788919	0.80428542	12.11447143	-0.52786554
0.95173503	11.92758861	-0.83559139	0.95129836	11.92722418	-0.83549267
0.97067370	11.94262705	-0.94716386	0.97020091	11.94218787	-0.94707941
0.93959931	12.06095602	-0.93117119	0.93923627	12.06055721	-0.93113262
0.92551470	12.03163082	-0.81323727	0.92517758	12.03129947	-0.81317568
0.96971561	11.98425491	-1.04065247	0.96923481	11.98377601	-1.04058940
0.93518227	12.05860825	-1.12798941	0.93474116	12.05813083	-1.12795154
0.91269688	12.12165654	-1.10595642	0.91231916	12.12120936	-1.10593999
0.93671496	12.09518780	-1.02931070	0.93634121	12.09474918	-1.02929005
0.85505060	12.17692992	-1.21964931	0.85468075	12.17649882	-1.21963845
0.73985246	12.32924129	-1.27089998	0.73960525	12.32894396	-1.27091373
0.74443307	12.35790781	-1.19938227	0.74423830	12.35763172	-1.19941108
0.85395052	12.22324522	-1.15731219	0.85364404	12.22284031	-1.15732234
0.60063738	12.48201191	-1.23747731	0.60058668	12.48195263	-1.23746074
0.47142433	12.61294116	-1.15321867	0.47144752	12.61290985	-1.15324883
0.49420000	12.61570000	-1.07906000	0.49420000	12.61570000	-1.07906000
0.61447000	12.50220000	-1.16283000	0.61447000	12.50220000	-1.16283000
0.38344970	12.64704221	-1.05058333	0.38348408	12.64706188	-1.05062824
0.33278474	12.64816881	-0.95828259	0.33283934	12.64827159	-0.95835006
0.37140000	12.64100070	-0.89641000	0.37140000	12.64100070	-0.89641000
0.41679000	12.64250090	-0.98287004	0.41679000	12.64250090	-0.98287004
0.31557652	12.68068709	-0.90014657	0.31571599	12.68085426	-0.90028780
0.31228606	12.70845957	-0.87351143	0.31249210	12.70865109	-0.87370399
0.34077350	12.69653561	-0.81627128	0.34099184	12.69673270	-0.81647076
0.34908729	12.67095790	-0.84276735	0.34923988	12.67110407	-0.84289790
0.30330473	12.69576191	-0.87746746	0.30350405	12.69596083	-0.87766343
0.26034690	12.68600947	-0.84855430	0.26055384	12.68626788	-0.84878002
0.30055600	12.68360421	-0.77890384	0.30076847	12.68386800	-0.77912331
0.33961860	12.68515065	-0.81492190	0.33982974	12.68534895	-0.81512033
0.15468910	12.72385149	-0.72226496	0.15497579	12.72434334	-0.72261386
0.02345796	12.78097689	-0.58395498	0.02382780	12.78178499	-0.58446066
0.02770963	12.82051377	-0.50794662	0.02811501	12.82140596	-0.50851006
0.17882078	12.73984027	-0.64715308	0.17913488	12.74036496	-0.64752143
-0.09272106	12.82646410	-0.52268728	-0.09230192	12.82754816	-0.52333899
-0.19983812	12.85905192	-0.52780936	-0.19934818	12.86032743	-0.52860380
-0.20280257	12.92946397	-0.46972542	-0.20221303	12.93081605	-0.47062010
-0.09443280	12.88803449	-0.45432500	-0.09393400	12.88921220	-0.45507358
-0.30470580	12.87830023	-0.58829487	-0.30412439	12.87969748	-0.58921163
-0.40319548	12.88773311	-0.65624208	-0.40252929	12.88924782	-0.65726837
-0.41970088	12.91734478	-0.60547596	-0.41901910	12.91894963	-0.60654976
-0.31390376	12.93326558	-0.53508031	-0.31325399	12.93474654	-0.53607344
-0.49122912	12.89058626	-0.68436095	-0.49053603	12.89225040	-0.68547514
-0.57091307	12.88804558	-0.67255647	-0.57024345	12.88989139	-0.67373766
-0.57019690	12.89175192	-0.63730847	-0.56953891	12.89362930	-0.63849248
-0.51357186	12.90020010	-0.63648739	-0.51289510	12.90196034	-0.63763032
-0.64520764	12.88208429	-0.62089873	-0.64457558	12.88413219	-0.62212823
-0.69483166	12.86905946	-0.54098727	-0.69424945	12.87125705	-0.54224178
-0.65767236	12.88597742	-0.51327312	-0.65707915	12.88813589	-0.51451430
-0.61998401	12.89224906	-0.59023355	-0.61934774	12.89427130	-0.59145536
-0.70034052	12.84526655	-0.44499380	-0.69983746	12.84754704	-0.44624254
-0.67412733	12.80135013	-0.35377850	-0.67374816	12.80366096	-0.35498056
-0.65243884	12.80731396	-0.36688715	-0.65204227	12.80958061	-0.36807242
-0.66409724	12.85186163	-0.42858627	-0.66359757	12.85409616	-0.42980773
-0.62829029	12.72870924	-0.28832314	-0.62807191	12.73099691	-0.28942518
-0.55551423	12.66911054	-0.23794502	-0.55544009	12.67132981	-0.23890762
-0.53731782	12.72723235	-0.27107378	-0.53712230	12.72939220	-0.27206647
-0.61280286	12.76967411	-0.32213876	-0.61249738	12.77191056	-0.32325413
-0.44884396	12.66478922	-0.19070306	-0.44882085	12.66688231	-0.19154270
-0.32253089	12.64390343	-0.15466071	-0.32255676	12.64582184	-0.15534240
-0.30394023	12.69660694	-0.18490749	-0.30385669	12.69845577	-0.18563412
-0.42933932	12.72113637	-0.22231720	-0.42919686	12.72316682	-0.22318640
-0.18790980	12.53797718	-0.13933387	-0.18808908	12.53964515	-0.13980663
-0.04138938	12.41935005	-0.14446500	-0.04171335	12.42072000	-0.14474848
-0.03761869	12.48831259	-0.17693495	-0.03782095	12.48964479	-0.17727572
-0.17526072	12.59984590	-0.16951680	-0.17532575	12.60146069	-0.17004013
0.11876225	12.35527459	-0.16353778	0.11837653	12.35631911	-0.16368972
0.24706099	12.33280647	-0.18864615	0.24668501	12.33354690	-0.18873152
0.22823763	12.39191213	-0.24175662	0.22800489	12.39263176	-0.24189994
0.11060599	12.42181765	-0.20627894	0.11035569	12.42282995	-0.20649533
0.29833966	12.36451746	-0.21080453	0.29807814	12.36507506	-0.21090798
0.28568563	12.44811906	-0.28122730	0.28558080	12.44867390	-0.28138280
0.27698414	12.42069122	-0.26693491	0.27683116	12.42127256	-0.26707653
0.31180384	12.35235610	-0.22370858	0.31168385	12.35274519	-0.22380893
0.34620000	12.27620000	-0.23202000	0.34620000	12.27620000	-0.23202000
0.31766432	12.33860485	-0.29040000	0.31754640	12.33895949	-0.29042254
0.28470008	12.40586761	-0.28169890	0.28458183	12.40637432	-0.28181215
0.44425997	12.21770000	-0.27141000	0.44425997	12.21770000	-0.27141000
0.57587000	12.16340070	-0.32883000	0.57587000	12.16340070	-0.32883000
0.56763754	12.24497501	-0.38259161	0.56751014	12.24507421	-0.38259178
0.42568113	12.28930728	-0.32772860	0.42554813	12.28950344	-0.32774380
0.70622003	12.08180000	-0.39380000	0.70622003	12.08180000	-0.39380000
0.69820030	12.18241038	-0.44699062	0.69807087	12.18243674	-0.44697614
0.76223590	12.39037439	-1.04890412	0.76212522	12.39009452	-1.04896103
0.86302895	12.24067351	-1.04696630	0.86278075	12.24029549	-1.04698581
0.78205761	12.37486117	-0.86073327	0.78198917	12.37463259	-0.86079454
0.87247126	12.22015052	-0.90631499	0.87225079	12.21982220	-0.90632574
0.79390315	12.26173307	-0.67219358	0.79377721	12.26158870	-0.67220871
0.87219639	12.14756566	-0.75373438	0.87197077	12.14731399	-0.75371802
0.53491369	12.60792301	-0.90487609	0.53503447	12.60788876	-0.90499617
0.64751780	12.52089528	-0.99158671	0.64755834	12.52076679	-0.99165682
0.56565991	12.53957615	-0.69334422	0.56575563	12.53960889	-0.69346987
0.67814459	12.47805945	-0.78249795	0.67818543	12.47795543	-0.78259447
0.56943647	12.38875300	-0.51162844	0.56937161	12.38885636	-0.51168553
0.69126421	12.34085716	-0.58930525	0.69119361	12.34082884	-0.58934192
-0.21387003	12.92740835	-0.38485880	-0.21331881	12.92888179	-0.38576054
-0.10840339	12.88380086	-0.36750663	-0.10793731	12.88510781	-0.36827132
-0.23603115	12.87239647	-0.29665923	-0.23560705	12.87400744	-0.29751324
-0.12996456	12.82199521	-0.28172685	-0.12962629	12.82343093	-0.28244498
-0.01368177	12.75193682	-0.31513387	-0.01343652	12.75311135	-0.31568529
0.01047454	12.81526201	-0.41224563	0.01084585	12.81628714	-0.41283845
-0.27084152	12.78422946	-0.23133060	-0.27058953	12.78596936	-0.23212087
-0.15439211	12.71036023	-0.21674864	-0.15425807	12.71189324	-0.21737158
-0.02892640	12.62160162	-0.23561067	-0.02890292	12.62286735	-0.23605819
-0.54955391	12.92348891	-0.55615191	-0.54888379	12.92540179	-0.55734573
-0.58385338	12.92056846	-0.46437619	-0.58323279	12.92263406	-0.46558646
-0.48147745	12.94219529	-0.40382284	-0.48086800	12.94413215	-0.40496155
-0.44797812	12.95124782	-0.50968558	-0.44729439	12.95301238	-0.51081533
-0.60103510	12.85134495	-0.38301528	-0.60056776	12.85351125	-0.38417834
-0.51217728	12.84291394	-0.32431677	-0.51176733	12.84498515	-0.32538730
-0.33198515	12.95135063	-0.44188898	-0.33135562	12.95296974	-0.44291164
-0.35927119	12.91940427	-0.34220052	-0.35874703	12.92118204	-0.34320458
-0.39587674	12.82432209	-0.27068634	-0.39553887	12.82624384	-0.27162532
0.29513247	12.64333158	-0.65505783	0.29532856	12.64369501	-0.65529158
0.33695676	12.63938925	-0.67822432	0.33715141	12.63968622	-0.67843507
0.26749195	12.57851400	-0.50459976	0.26758283	12.57900998	-0.50483276
0.31392085	12.57681859	-0.51435400	0.31401208	12.57723860	-0.51456884
0.31819613	12.59495246	-0.49895773	0.31831085	12.59537496	-0.49918014
0.33800892	12.65377636	-0.66996938	0.33821962	12.65407808	-0.67018867
0.34503202	12.63597980	-0.69229058	0.34522464	12.63625982	-0.69249088
0.32053996	12.58049741	-0.51354960	0.32064458	12.58090348	-0.51375648
0.35279694	12.55985584	-0.55378104	0.35288427	12.56019522	-0.55395985
0.37415066	12.61663240	-0.74234021	0.37431409	12.61685324	-0.74251157
0.32605536	12.44680640	-0.40020543	0.32600322	12.44722629	-0.40032247
0.29398350	12.49469419	-0.37776240	0.29396020	12.49519566	-0.37793580
0.28812298	12.49909963	-0.37295537	0.28808682	12.49962692	-0.37314182
0.24037492	12.48578820	-0.35655038	0.24031993	12.48640017	-0.35673842
0.44623083	12.55683259	-0.61537582	0.44632699	12.55703061	-0.61553011
0.44046238	12.62265769	-0.81736202	0.44061558	12.62274217	-0.81750416
0.43259756	12.41619413	-0.44667524	0.43253315	12.41644353	-0.44674694
0.13866485	12.64971271	-0.41441624	0.13881511	12.65048268	-0.41477494
0.16636642	12.71785104	-0.53770940	0.16663898	12.71848961	-0.53808678
0.11808683	12.53525732	-0.29667360	0.11804676	12.53616873	-0.29696517
0.17202675	13.15610555	-0.41297200	0.17294546	13.15692172	-0.41391563
0.26399596	13.04655817	-0.14302169	0.26456981	13.04747757	-0.14375967
0.30161309	12.93202401	-0.09787087	0.30199457	12.93288199	-0.09844700
0.32863234	12.75027883	-0.09942809	0.32877552	12.75104075	-0.09983231
0.34682109	12.56868377	-0.12605138	0.34676287	12.56933528	-0.12631404
0.24597440	12.86130838	-0.82179710	0.24643374	12.86163547	-0.82220447
0.33607720	12.38276960	-0.18611462	0.33587716	12.38324638	-0.18624919
0.18383014	13.06762651	-0.60204255	0.18463828	13.06821672	-0.60277918
0.20874671	12.99616283	-0.69938117	0.20943089	12.99663574	-0.69998354
0.89498681	11.96007996	-0.56947951	0.89482710	11.95992192	-0.56939722
0.82725014	12.01979228	-0.45664462	0.82725732	12.01979835	-0.45664347
0.93672623	11.92200440	-0.70270861	0.93639091	11.92172981	-0.70261122
0.74323288	12.32770275	-1.28639857	0.74297762	12.32739499	-1.28641236
0.46184218	12.61855711	-1.16693289	0.46186946	12.61851712	-1.16696596
0.35444152	12.65785415	-1.05969155	0.35450084	12.65789960	-1.05976406
0.28843627	12.66286428	-0.96230582	0.28851861	12.66302937	-0.96241135
0.27507476	12.69360770	-0.90234090	0.27524237	12.69382569	-0.90251504
0.25945804	12.70491603	-0.89024149	0.25969824	12.70514965	-0.89048072
0.21113331	12.69119123	-0.87257697	0.21135668	12.69148927	-0.87283759
0.12307133	12.71512245	-0.75954938	0.12334575	12.71562381	-0.75990092
0.01528985	12.75136070	-0.63101485	0.01562434	12.75213039	-0.63148749
-0.19248126	12.79452032	-0.56677373	-0.19208849	12.79573040	-0.56746513
-0.29519445	12.83511686	-0.61804207	-0.29467567	12.83645461	-0.61888874
-0.47861365	12.89478853	-0.70675930	-0.47789344	12.89640402	-0.70786649
-0.56071087	12.89854723	-0.69543250	-0.56000234	12.90034813	-0.69661628
-0.70706758	12.87304745	-0.55267200	-0.70647336	12.87525563	-0.55393552
-0.18982193	12.54817868	-0.11746877	-0.18999850	12.54987273	-0.11795471
0.13688715	12.37103996	-0.13921931	0.13652150	12.37207121	-0.13938260
0.30696946	12.39164739	-0.22380910	0.30679520	12.39215703	-0.22393021
0.38197390	12.29721280	-0.19582125	0.38189301	12.29742183	-0.19587965
0.46798602	12.23915622	-0.23952620	0.46790605	12.23927304	-0.23957885
0.71393886	12.09198412	-0.37171661	0.71392971	12.09199045	-0.37171094
0.29512165	12.52211708	-0.37131667	0.29511904	12.52263375	-0.37151099
0.58756781	12.77997523	-0.54576130	0.58791187	12.78006508	-0.54603581
0.31159964	12.99532727	-0.54044103	0.31226182	12.99578750	-0.54100843
0.03977652	13.01159690	-0.27743156	0.04040573	13.01278449	-0.27827501
0.10969549	13.09212334	-0.32605179	0.11047641	13.09315522	-0.32701788
0.32329057	12.87841080	-0.30276890	0.32370126	12.87902598	-0.30324911
0.03653470	12.97949674	-0.43449210	0.03717176	12.98048156	-0.43526432
0.13116575	13.05605122	-0.43263669	0.13191966	13.05688794	-0.43346873
0.37149269	12.82658960	-0.69965633	0.37192219	12.82684164	-0.70001560
0.16384915	13.04569796	-0.19440132	0.16445500	13.04676509	-0.19522266
0.22497381	12.81829710	-0.80041240	0.22537819	12.81865383	-0.80079522
0.33341954	12.76378093	-0.53685360	0.33375579	12.76418914	-0.53719419
0.33428581	12.88892501	-0.84832721	0.33476955	12.88913638	-0.84872173
0.39251426	12.44251460	-0.24691280	0.39239599	12.44290783	-0.24704709
0.25290533	13.05518386	-0.45926836	0.25364758	13.05580310	-0.45995973
0.47948689	12.68695195	-0.67116170	0.47974301	12.68709217	-0.67138531
0.70199517	12.74841403	-0.77593320	0.70230554	12.74827714	-0.77616808
0.33206975	12.95169079	-0.21009528	0.33253792	12.95238946	-0.21064874
-0.42222429	12.93258517	-0.25735519	-0.42172975	12.93456399	-0.25842716
0.16071546	13.09650594	-0.26584978	0.16143969	13.09750474	-0.26676292
0.33042352	12.95009450	-0.69645557	0.33102803	12.95041012	-0.69694224
-0.50928298	12.93175419	-0.29764131	-0.50876029	12.93384121	-0.29878892
0.23569904	13.04269294	-0.34177326	0.23638149	13.04345082	-0.34250026
0.28871858	12.46949329	-0.20315872	0.28859738	12.47012414	-0.20334996
0.12793709	13.11115926	-0.38787740	0.12876993	13.11207557	-0.38883026
0.21892901	13.08538173	-0.50268930	0.21974017	13.08601661	-0.50344278
0.25534627	12.62351248	-0.24941014	0.25540792	12.62422131	-0.24972177
0.17432961	12.94527420	-0.51932630	0.17492936	12.94593320	-0.51993574
0.28335184	12.89371573	-0.83877130	0.28384950	12.89399421	-0.83919032
0.28932030	12.84286866	-0.84099388	0.28974303	12.84313182	-0.84135591
0.23907577	13.02860276	-0.55627229	0.23980275	13.02914948	-0.55692358
0.37901587	12.80955943	-0.20498707	0.37929620	12.81015093	-0.20539819
0.49902356	12.59623429	-0.43559734	0.49912298	12.59646473	-0.43577905
0.30875342	12.76255637	-0.89165934	0.30902616	12.76274703	-0.89190170
0.16839645	12.97054468	-0.65461344	0.16904680	12.97110396	-0.65522580
0.38880950	12.38161801	-0.22326858	0.38863456	12.38196839	-0.22337305
0.35727122	12.49077661	-0.31437115	0.35721513	12.49121939	-0.31453106
0.19914693	12.88309967	-0.19658783	0.19952465	12.88403979	-0.19717119
0.39199666	12.73087060	-0.91260336	0.39219934	12.73093884	-0.91276706
0.30123199	12.79527175	-0.85400042	0.30158028	12.79550500	-0.85429875
0.15475461	13.12857704	-0.29984465	0.15559478	13.12956934	-0.30083118
0.41535268	12.61463389	-0.25116143	0.41540888	12.61509090	-0.25141067
0.22084086	12.86368547	-0.77808501	0.22131687	12.86406985	-0.77852212
0.43101338	12.71439086	-0.83039334	0.43126117	12.71448897	-0.83060381
0.83099072	12.74225825	-0.87110104	0.83128987	12.74197197	-0.87133896
0.57013246	12.79045355	-0.93113745	0.57045286	12.79036644	-0.93138923
0.34254574	12.69648060	-0.20447111	0.34268593	12.69710421	-0.20481456
0.25365238	12.77601202	-0.18885323	0.25388000	12.77682851	-0.18930957
