0.87260544	12.72732622	-0.43081025	0.87391563	12.72653301	-0.43139537
0.84906675	12.86636539	-0.46036836	0.85073377	12.86561237	-0.46098422
0.92085865	12.82175925	-0.55975180	0.92222698	12.82083085	-0.56044549
0.94765604	12.68765863	-0.54444677	0.94868420	12.68668641	-0.54512020
0.80903301	12.95847426	-0.52078810	0.81086757	12.95781023	-0.52138940
0.88485216	12.90889897	-0.60277787	0.88638922	12.90804117	-0.60345828
0.93072648	12.86388277	-0.66354682	0.93203793	12.86291160	-0.66426069
0.96636773	12.79273585	-0.65788458	0.96749890	12.79168885	-0.65861576
0.99548404	12.66276288	-0.65834199	0.99630120	12.66167042	-0.65906322
0.72290928	12.75861451	-1.17078099	0.72324526	12.75814393	-1.17109686
0.84447468	12.70384748	-1.15128644	0.84474757	12.70309406	-1.15175010
0.81791197	12.81132037	-1.08303296	0.81848705	12.81060810	-1.08350507
0.69649403	12.86134275	-1.09756315	0.69712363	12.86088218	-1.09788329
0.94589480	12.66653383	-1.09056899	0.94616852	12.66553216	-1.09116561
0.91790227	12.77891521	-1.03235931	0.91849123	12.77797790	-1.03296294
0.88171561	12.84879934	-0.98171936	0.88251875	12.84793583	-0.98230920
0.80370278	12.89196054	-0.99582399	0.80456281	12.89124814	-0.99632506
0.68305127	12.94171307	-0.99924906	0.68399770	12.94124947	-0.99961049
0.62829732	12.83624425	-0.21478204	0.63034341	12.83609262	-0.21506800
0.61511150	12.97404554	-0.26338137	0.61753619	12.97393998	-0.26369451
0.74391221	12.91979326	-0.35849203	0.74594672	12.91931230	-0.35898226
0.76004686	12.77971025	-0.31700740	0.76170697	12.77919582	-0.31746006
0.58631700	13.06121427	-0.34811706	0.58887428	13.06118351	-0.34842543
0.70988666	13.01118229	-0.43450887	0.71207557	13.01078703	-0.43499067
0.47879768	12.88140433	-1.06659014	0.47947348	12.88140385	-1.06662960
0.60171918	12.82316704	-1.14114800	0.60219125	12.82293124	-1.14131871
0.57588660	12.91627611	-1.06941736	0.57665733	12.91606135	-1.06960676
0.45576969	12.96543627	-0.99271295	0.45679185	12.96550569	-0.99277299
0.56143191	12.99209490	-0.96872081	0.56256137	12.99192035	-0.96894908
0.44093829	13.03677271	-0.89074768	0.44234527	13.03693074	-0.89082983
0.02976555	13.02108552	-0.06141666	0.03292850	13.02307254	-0.06068173
-0.09884969	13.03768632	-0.08088819	-0.09563738	13.04017596	-0.07989678
-0.09951287	13.11078171	-0.12800288	-0.09609884	13.11327584	-0.12701832
0.02618602	13.10816091	-0.10603806	0.02960449	13.11016351	-0.10530765
-0.21840734	13.04328897	-0.11489187	-0.21521811	13.04626168	-0.11365266
-0.21811869	13.10440222	-0.16371891	-0.21478120	13.10737855	-0.16248175
-0.21926138	13.14515834	-0.22952616	-0.21588547	13.14814172	-0.22829031
-0.10110789	13.15721975	-0.19453615	-0.09764230	13.15971594	-0.19355736
0.02194181	13.16178897	-0.17227047	0.02543918	13.16380571	-0.17154480
0.06172182	13.00041066	-0.58647267	0.06372622	13.00209351	-0.58582938
0.05017034	13.06382997	-0.56133267	0.05246976	13.06557957	-0.56068791
-0.03034309	13.06959375	-0.54908250	-0.02796488	13.07169622	-0.54826124
-0.01891414	13.01262536	-0.56445084	-0.01679949	13.01466594	-0.56364005
0.03411073	13.11921950	-0.51409050	0.03673547	13.12107275	-0.51342639
-0.04916787	13.11709333	-0.51339300	-0.04652029	13.11929245	-0.51254209
-0.14331888	13.11343847	-0.52754446	-0.14068912	13.11605141	-0.52649727
-0.12310145	13.07126623	-0.56355668	-0.12072630	13.07377622	-0.56254577
-0.11084846	13.01931214	-0.58082957	-0.10873164	13.02175826	-0.57983203
0.98731924	12.27443838	-0.68153898	0.98720160	12.27343319	-0.68214716
0.95897470	12.05678208	-0.69494295	0.95838367	12.05587345	-0.69541985
0.91136736	12.08775527	-0.55839559	0.91113457	12.08711534	-0.55879092
0.93205712	12.29256629	-0.54486490	0.93216644	12.29177266	-0.54537695
0.83689531	12.14216232	-0.43539983	0.83691255	12.14183184	-0.43566954
0.84918600	12.32128526	-0.41792697	0.84947022	12.32071395	-0.41833189
0.97236842	12.36264116	-1.15124928	0.97184396	12.36154132	-1.15182781
0.87866518	12.42672360	-1.21845185	0.87824200	12.42586736	-1.21891303
0.86684769	12.26730966	-1.24235345	0.86596045	12.26647351	-1.24278484
0.95700626	12.17160039	-1.16530030	0.95596809	12.17053078	-1.16582877
0.75523104	12.50910469	-1.24458188	0.75507812	12.50864272	-1.24487828
0.74477124	12.38870824	-1.27536267	0.74419239	12.38825258	-1.27564442
0.85018842	12.16304907	-1.24924322	0.84901443	12.16224998	-1.24963489
0.93306378	12.03774806	-1.16180543	0.93169816	12.03673520	-1.16226489
1.00098813	12.48269639	-0.66841126	1.00135843	12.48161866	-0.66908599
0.94741941	12.50139102	-0.54092851	0.94798612	12.50046742	-0.54154212
0.86655151	12.53319095	-0.41744611	0.86733310	12.53245332	-0.41795851
0.86842822	12.57442264	-1.19201263	0.86840799	12.57363373	-1.19247055
0.96672722	12.52769471	-1.12840628	0.96663496	12.52662642	-1.12900356
0.74462418	12.63705866	-1.21494872	0.74470905	12.63660452	-1.21527622
0.61141026	12.41957934	-0.22883177	0.61202585	12.41942400	-0.22899428
0.62349143	12.63580395	-0.20792626	0.62488280	12.63564289	-0.20814025
0.75173579	12.58054456	-0.30425143	0.75278480	12.58007409	-0.30462228
0.73576952	12.36700914	-0.31303731	0.73621864	12.36665735	-0.31330632
0.47106393	12.70439203	-1.15169053	0.47119959	12.70440097	-1.15170276
0.61238624	12.61304695	-1.22153167	0.61240999	12.61295624	-1.22163147
0.61177454	12.71553440	-1.18914795	0.61195185	12.71533909	-1.18928049
0.48011842	12.78818372	-1.11885143	0.48049235	12.78817261	-1.11886670
0.58716757	12.17482411	-0.30233781	0.58719712	12.17480707	-0.30236007
0.60162669	12.27992307	-0.26464202	0.60184245	12.27980642	-0.26475718
0.72609046	12.21351140	-0.34061916	0.72621893	12.21328874	-0.34079195
0.59746337	12.48598944	-1.25154759	0.59726314	12.48597210	-1.25153341
0.60521221	12.53276703	-1.24390277	0.60511568	12.53270616	-1.24391394
0.46329072	12.64903413	-1.16693019	0.46332450	12.64906506	-1.16694133
0.02759218	12.74389128	-0.05876286	0.02971727	12.74588926	-0.05801309
-0.11877751	12.81726906	-0.06369698	-0.11639130	12.81981682	-0.06267390
-0.10416684	12.93983032	-0.06191315	-0.10129695	12.94233584	-0.06090785
0.03302985	12.89760840	-0.04871795	0.03574068	12.89957791	-0.04797491
-0.25313242	12.87290466	-0.08585999	-0.25056251	12.87600055	-0.08456319
-0.23123692	12.96741070	-0.09059378	-0.22830205	12.97042762	-0.08932971
0.05094697	12.87059721	-0.61394289	0.05242250	12.87228812	-0.61322867
0.06052593	12.93597151	-0.60227280	0.06225655	12.93764321	-0.60160600
-0.01898749	12.95052728	-0.57321541	-0.01713735	12.95255775	-0.57238538
-0.03013195	12.88595635	-0.57633163	-0.02854259	12.88803285	-0.57546028
-0.11020651	12.96177668	-0.58855904	-0.10834438	12.96421697	-0.58754932
-0.12249864	12.90132220	-0.58645212	-0.12088543	12.90381998	-0.58540299
-0.01712424	12.45099786	-0.11369944	-0.01621937	12.45321448	-0.11294133
-0.14454830	12.67081600	-0.08231383	-0.14273520	12.67345945	-0.08130202
0.00699999	12.57546007	-0.08447447	0.00848985	12.57757431	-0.08376135
-0.29685276	12.66815999	-0.11744404	-0.29514560	12.67142113	-0.11613834
-0.28012368	12.75563120	-0.09715778	-0.27803952	12.75882461	-0.09584257
0.03746071	12.80448677	-0.62440925	0.03867293	12.80622006	-0.62362639
-0.05229271	12.82030678	-0.57208369	-0.05096379	12.82249296	-0.57114278
-0.07068689	12.79432249	-0.55116458	-0.06944451	12.79660766	-0.55018109
-0.14875586	12.83983026	-0.57310652	-0.14738192	12.84245670	-0.57199480
-0.34192680	13.04428140	-0.16161875	-0.33881035	13.04777598	-0.16011860
-0.33327644	13.09390827	-0.20788171	-0.33004906	13.09737716	-0.20639765
-0.45329261	13.04082796	-0.21596187	-0.45028545	13.04480519	-0.21421705
-0.43299610	13.08069790	-0.25762502	-0.42990895	13.08460101	-0.25592189
-0.41079127	13.11287581	-0.30856646	-0.40767427	13.11669109	-0.30691173
-0.32326839	13.13025072	-0.26747511	-0.32001164	13.13368266	-0.26601799
-0.22783738	13.07278028	-0.58095520	-0.22547759	13.07576125	-0.57971254
-0.21568896	13.02682666	-0.60582647	-0.21358443	13.02974706	-0.60460294
-0.24588733	13.11025365	-0.54040876	-0.24327716	13.11332360	-0.53913056
-0.34106028	13.10491806	-0.54708148	-0.33847018	13.10843478	-0.54558533
-0.32823022	13.07286786	-0.59200905	-0.32587502	13.07632225	-0.59054048
-0.32059486	13.03397191	-0.62573379	-0.31849068	13.03738642	-0.62428064
-0.21922374	12.97822388	-0.62120864	-0.21736534	12.98115687	-0.61996924
-0.33000625	12.99509268	-0.65001993	-0.32813115	12.99855146	-0.64854341
-0.34626162	12.95818397	-0.66354341	-0.34458879	12.96172106	-0.66203033
-0.23385277	12.92912020	-0.62501595	-0.23222310	12.93212411	-0.62373764
-0.50021253	12.93675652	-0.17381557	-0.49755594	12.94091651	-0.17198913
-0.52433816	12.81534616	-0.17845024	-0.52219092	12.81960994	-0.17661029
-0.60038150	12.85441312	-0.23446429	-0.59818956	12.85901885	-0.23246141
-0.57912723	12.94980670	-0.23458677	-0.57654111	12.95432695	-0.23258848
-0.53610052	12.71080772	-0.19538050	-0.53441540	12.71512967	-0.19355271
-0.61065040	12.77194063	-0.24581021	-0.60881946	12.77659762	-0.24382787
-0.65832155	12.84303715	-0.31504508	-0.65633270	12.84791539	-0.31294704
-0.65013922	12.89511630	-0.30981591	-0.64793400	12.89996497	-0.30769649
-0.63209801	12.95760774	-0.31223016	-0.62963573	12.96239094	-0.31011239
-0.42602073	12.69729290	-0.14989746	-0.42428545	12.70112687	-0.14830291
-0.41142147	12.79318904	-0.13116890	-0.40926103	12.79695441	-0.12956978
-0.38518989	12.91188111	-0.12363869	-0.38253356	12.91554102	-0.12206167
-0.44171437	12.97690811	-0.67271013	-0.43996402	12.98093399	-0.67100027
-0.44968801	12.95003121	-0.68294491	-0.44809278	12.95409844	-0.68122044
-0.35959265	12.92526102	-0.66487249	-0.35807767	12.92886283	-0.66333015
-0.52762433	12.98477157	-0.65105461	-0.52578665	12.98925414	-0.64916893
-0.53352663	12.95808314	-0.66551766	-0.53185110	12.96260090	-0.66362582
-0.37083451	12.90896116	-0.65407427	-0.36937230	12.91261700	-0.65250900
-0.25522704	12.88168663	-0.61627937	-0.25379110	12.88479515	-0.61495050
0.91488694	12.87127421	-0.91415133	0.91584671	12.87033390	-0.91480882
0.81746561	12.94147521	-0.89896538	0.81860108	12.94073653	-0.89953344
0.93400972	12.88548720	-0.82601626	0.93514180	12.88450411	-0.82671549
0.84212945	12.96116316	-0.79534049	0.84347783	12.96037543	-0.79596858
0.73541241	13.02116594	-0.75257273	0.73702309	13.02064018	-0.75308833
0.70104281	12.99695888	-0.88064084	0.70234175	12.99647961	-0.88108792
0.93687042	12.88198148	-0.73430467	0.93811698	12.88099108	-0.73502266
0.86166002	12.95253608	-0.68917651	0.86317135	12.95171912	-0.68983553
0.77113978	13.00907241	-0.62595880	0.77292746	13.00848712	-0.62652593
1.00716113	12.65397338	-0.99744788	1.00751657	12.65281602	-0.99814539
0.97459648	12.77705925	-0.95265467	0.97528641	12.77598151	-0.95334669
1.03247337	12.65421747	-0.88672571	1.03296286	12.65301182	-0.88746916
0.99682614	12.78617643	-0.85653611	0.99766971	12.78505019	-0.85727635
1.02618944	12.65425076	-0.77331154	1.02683123	12.65307515	-0.77405976
0.99304955	12.78645391	-0.75715304	0.99403312	12.78534358	-0.75790012
0.58430264	13.04730547	-0.83367840	0.58583678	13.04712385	-0.83398753
0.62622457	13.07300500	-0.68605717	0.62810983	13.07277341	-0.68645018
0.50693045	13.11774805	-0.60142520	0.50916315	13.11788927	-0.60164800
0.46439220	13.09100649	-0.75218074	0.46623643	13.09119649	-0.75233095
0.66941459	13.06151450	-0.54870378	0.67153660	13.06121079	-0.54915196
0.54886409	13.10837659	-0.46396194	0.55134625	13.10843512	-0.46423649
-0.34770927	13.12318165	-0.48915236	-0.34492252	13.12673073	-0.48764156
-0.43217203	13.10736553	-0.49994921	-0.42946243	13.11132396	-0.49824278
-0.41354590	13.09498178	-0.54258284	-0.41097974	13.09885482	-0.54092287
-0.35826265	13.13017986	-0.42592037	-0.35531271	13.13377436	-0.42438384
-0.45335138	13.11035440	-0.45504670	-0.45053512	13.11440331	-0.45328905
-0.53924593	13.08645874	-0.48236550	-0.53658337	13.09092464	-0.48041242
-0.50223733	13.08695344	-0.51564352	-0.49964359	13.09125434	-0.51377635
-0.46515263	13.08394225	-0.54255627	-0.46262853	13.08806953	-0.54077510
-0.38256336	13.12810698	-0.36518522	-0.37950071	13.13180620	-0.36359379
-0.46622119	13.10704591	-0.40339290	-0.46331217	13.11114244	-0.40160579
-0.48056393	13.09345054	-0.35209714	-0.47761119	13.09759615	-0.35027810
-0.52743225	13.07771861	-0.38340856	-0.52460701	13.08208480	-0.38148025
-0.54014759	13.08277084	-0.43181569	-0.53739962	13.08722135	-0.42985903
0.02188430	13.15950376	-0.43215491	0.02484251	13.16144955	-0.43146479
-0.07078500	13.15091446	-0.44263487	-0.06785149	13.15323307	-0.44174259
0.01553808	13.18218467	-0.33684180	0.01878202	13.18419413	-0.33613033
-0.08896548	13.17014783	-0.35581027	-0.08577641	13.17256794	-0.35487492
-0.19166541	13.15650701	-0.38463442	-0.18855792	13.15936284	-0.38347361
-0.16786732	13.14138188	-0.46343873	-0.16498581	13.14411997	-0.46233682
0.01700281	13.18473895	-0.24968648	0.02043403	13.18676441	-0.24896482
-0.09837527	13.17459728	-0.27180280	-0.09499639	13.17707299	-0.27083913
-0.20966347	13.16009693	-0.30474524	-0.20637984	13.16303960	-0.30353701
0.97033689	11.95793300	-1.06546644	0.96891249	11.95684427	-1.06593859
0.99817810	12.10194386	-1.06552302	0.99710250	12.10078729	-1.06608585
0.97396748	11.91375186	-0.95950027	0.97259212	11.91268226	-0.95993840
1.00530808	12.05935305	-0.95099405	1.00429400	12.05820769	-0.95154932
1.03266445	12.27622455	-0.93768835	1.03219157	12.27501348	-0.93834257
1.02008947	12.31051348	-1.05353146	1.01955354	12.30930994	-1.05416979
0.95778053	11.89889124	-0.83960795	0.95656275	11.89790984	-0.83999024
0.99114578	12.04577239	-0.82691066	0.99028670	12.04470801	-0.82743250
1.02129906	12.26669580	-0.81300779	1.02097328	12.26555330	-0.81365317
1.02303319	12.49656592	-1.03036725	1.02297747	12.49536420	-1.03104506
1.04345009	12.47905483	-0.91558489	1.04349565	12.47782375	-0.91629773
1.03455705	12.47482689	-0.79412260	1.03474800	12.47364178	-0.79483445
-0.61262027	12.98256697	-0.59701398	-0.61068395	12.98745417	-0.59492945
-0.62055999	12.95286400	-0.60857071	-0.61879274	12.95779844	-0.60647894
-0.66907981	12.97491317	-0.51606112	-0.66699558	12.98000873	-0.51384185
-0.68080114	12.93900898	-0.52154070	-0.67889444	12.94416151	-0.51931042
-0.62312268	12.92951218	-0.60974598	-0.62146992	12.93445954	-0.60765658
-0.66897056	12.96628707	-0.41368280	-0.66669535	12.97130427	-0.41147196
-0.68396770	12.92167977	-0.41393900	-0.68187788	12.92675349	-0.41171911
-0.68815753	12.88609529	-0.41525876	-0.68621671	12.89118401	-0.41305518
-0.26001282	13.13334149	-0.47796607	-0.25717151	13.13648587	-0.47665835
-0.27621332	13.14432299	-0.40531523	-0.27318142	13.14754982	-0.40397088
-0.30082925	13.14516932	-0.33430996	-0.29764482	13.14850545	-0.33290391
-0.55753000	13.00146356	-0.24812081	-0.55475367	13.00590125	-0.24615046
-0.47582143	13.00229994	-0.18719948	-0.47291640	13.00636408	-0.18541077
-0.61332341	12.99711575	-0.32213733	-0.61071655	13.00182694	-0.32004559
-0.58952538	13.02579851	-0.33969986	-0.58683685	13.03041883	-0.33764892
-0.53391362	13.03252686	-0.27317888	-0.53105662	13.03687663	-0.27125021
-0.36041499	12.98961448	-0.13383285	-0.35746324	12.99318002	-0.13229616
-0.42728278	13.00766263	-0.65485398	-0.42534770	13.01161307	-0.65317127
-0.41371426	13.03980354	-0.62712474	-0.41157250	13.04368354	-0.62547005
-0.49745581	13.04154796	-0.60837646	-0.49526155	13.04585747	-0.60653826
-0.51485515	13.01339180	-0.63374401	-0.51284644	13.01779962	-0.63187511
-0.62570037	13.03088627	-0.50571088	-0.62333911	13.03577567	-0.50356982
-0.65101954	13.00410321	-0.51130862	-0.64879235	13.00911394	-0.50911930
-0.59771367	13.01055766	-0.58474181	-0.59561623	13.01536270	-0.58268083
-0.57560178	13.03727245	-0.56758359	-0.57334252	13.04195790	-0.56556306
-0.59251288	13.05914180	-0.49766970	-0.59000667	13.06387059	-0.49559716
-0.54689473	13.06306403	-0.54137416	-0.54446244	13.06759583	-0.53941184
-0.47761763	13.06705803	-0.56967115	-0.47522515	13.07125532	-0.56786858
-0.65049933	12.99886848	-0.41691595	-0.64808796	13.00380903	-0.41473111
-0.62535598	13.02610866	-0.42357807	-0.62283778	13.03094248	-0.42143813
-0.55678484	13.05562502	-0.36497728	-0.55401783	13.06011297	-0.36298940
-0.59085408	13.05502892	-0.43354594	-0.58822883	13.05971290	-0.43147707
-0.50571461	13.06594895	-0.30824581	-0.50279091	13.07018852	-0.30637439
-0.40827956	13.07071235	-0.58735580	-0.40591447	13.07456326	-0.58571146
0.22774295	13.14254371	-0.18568216	0.23108157	13.14376368	-0.18537018
0.19785588	13.18167152	-0.27069605	0.20117872	13.18298418	-0.27034712
0.22468493	13.16815575	-0.28592184	0.22791332	13.16935939	-0.28562292
0.25883801	13.12760463	-0.19778915	0.26208040	13.12870110	-0.19753655
0.17556411	13.18875127	-0.36542160	0.17872121	13.19011986	-0.36504211
0.20076067	13.17610924	-0.38281697	0.20381863	13.17737084	-0.38248788
0.22863222	13.15895921	-0.29594594	0.23179931	13.16014393	-0.29565293
0.26270007	13.11893568	-0.20419407	0.26589249	13.12001546	-0.20394674
0.23560129	13.16632145	-0.29723681	0.23878776	13.16748151	-0.29695912
0.26850715	13.12521182	-0.19924996	0.27172961	13.12627309	-0.19901509
0.21431625	13.17338195	-0.40024984	0.21731541	13.17458528	-0.39994955
0.25777593	13.17675216	-0.42721787	0.26070989	13.17778633	-0.42700791
0.28178005	13.16924272	-0.31618619	0.28491199	13.17023063	-0.31600444
0.31421072	13.12618789	-0.21110391	0.31739411	13.12708286	-0.21095500
0.29804250	12.95351437	-0.06530514	0.30088882	12.95448737	-0.06506827
0.26498590	13.07131380	-0.11116751	0.26819341	13.07240966	-0.11089988
0.30030522	13.05669437	-0.12317645	0.30342461	13.05765778	-0.12297206
0.33668467	12.93823919	-0.07904610	0.33943991	12.93906502	-0.07887688
0.31045527	13.05418896	-0.12386304	0.31355832	13.05511628	-0.12367620
0.34770450	12.93573137	-0.08267200	0.35043932	12.93651644	-0.08252129
0.35538352	13.05044945	-0.13222206	0.35844065	13.05120937	-0.13211953
0.39084746	12.92567868	-0.08952443	0.39351848	12.92630874	-0.08944834
0.40779197	12.73475023	-0.09232179	0.40976993	12.73528229	-0.09223902
0.36868726	12.75054289	-0.08717782	0.37074333	12.75121253	-0.08703244
0.41482269	12.53660500	-0.12213462	0.41602038	12.53703310	-0.12206065
0.37895664	12.56287267	-0.11683372	0.38027003	12.56343715	-0.11670318
0.35761287	12.75340245	-0.08224174	0.35969120	12.75411334	-0.08207853
0.36716275	12.56634666	-0.11169906	0.36850208	12.56695462	-0.11155097
0.32292599	12.58282407	-0.09284034	0.32436576	12.58360750	-0.09261820
0.31695677	12.77326651	-0.06549544	0.31914771	12.77414132	-0.06526310
0.27663270	12.79197134	-0.91729217	0.27727277	12.79252853	-0.91701627
0.27117281	12.86323499	-0.89326569	0.27208423	12.86384997	-0.89300312
0.25421404	12.87080678	-0.83395146	0.25525642	12.87153099	-0.83365581
0.26128206	12.80912033	-0.85695020	0.26208877	12.80979596	-0.85664424
0.26078113	12.93674052	-0.84363773	0.26200866	12.93743921	-0.84338300
0.24280310	12.93690257	-0.78759220	0.24414887	12.93771151	-0.78729905
0.24969994	12.93249291	-0.76996316	0.25106882	12.93329727	-0.76968013
0.26311785	12.81511556	-0.83642977	0.26397779	12.81580388	-0.83612609
0.23865259	12.87222263	-0.81940516	0.23973097	12.87302443	-0.81907698
0.23997569	12.81426602	-0.84153848	0.24082363	12.81503626	-0.84118363
0.23224912	12.93712936	-0.77770444	0.23362215	12.93799411	-0.77739034
0.19286362	12.95156896	-0.76240861	0.19431888	12.95259524	-0.76202273
0.19628412	12.88326340	-0.80007803	0.19743893	12.88423510	-0.79966840
0.19442042	12.81920812	-0.82011891	0.19532617	12.82016487	-0.81967102
0.27708868	12.72182971	-0.94207462	0.27746328	12.72239232	-0.94180510
0.26493228	12.74702928	-0.88037249	0.26549181	12.74766338	-0.88005087
0.26832073	12.76291159	-0.85839942	0.26897007	12.76355909	-0.85808202
0.28357168	12.72520067	-0.87159450	0.28407238	12.72577281	-0.87130056
0.24505576	12.75569940	-0.86754601	0.24566107	12.75642763	-0.86717256
0.19663738	12.75080858	-0.84862623	0.19725810	12.75173076	-0.84814081
0.29118130	12.34259633	-0.15928975	0.29152707	12.34342913	-0.15905527
0.31545927	12.43836167	-0.12631619	0.31630032	12.43909624	-0.12611346
0.36240009	12.43332705	-0.14386068	0.36318084	12.43384884	-0.14374046
0.34285248	12.36379218	-0.17605701	0.34328572	12.36434322	-0.17592679
0.36695881	12.44576115	-0.15124357	0.36777364	12.44627216	-0.15112644
0.37541984	12.42533466	-0.14921254	0.37615298	12.42580021	-0.14911415
0.35649629	12.35622493	-0.18363767	0.35692723	12.35665007	-0.18358106
0.40984316	12.38907424	-0.15854613	0.41041315	12.38937736	-0.15851098
0.16118180	13.16306199	-0.47022837	0.16401997	13.16444067	-0.46983093
0.19012349	13.14820886	-0.48479055	0.19286089	13.14946558	-0.48444900
0.15954805	13.10950300	-0.57797453	0.16195034	13.11082092	-0.57757318
0.19374135	13.09234922	-0.58926143	0.19604449	13.09352331	-0.58892378
0.20141991	13.13625814	-0.49166765	0.20409166	13.13746584	-0.49134549
0.20750617	13.14236570	-0.49198540	0.21019391	13.14355186	-0.49167704
0.21249476	13.08475862	-0.58576712	0.21476675	13.08586214	-0.58546316
0.23764500	13.08835947	-0.62571451	0.23982523	13.08934489	-0.62546470
0.24225807	13.14608599	-0.52530707	0.24486260	13.14712684	-0.52507476
0.24658043	13.01531306	-0.74333732	0.24825947	13.01616002	-0.74308277
0.22646825	13.01226429	-0.69478310	0.22825112	13.01322204	-0.69448352
0.21243619	13.01609251	-0.69412454	0.21424456	13.01710523	-0.69380086
0.17538414	13.03295689	-0.68222754	0.17728549	13.03412182	-0.68183950
0.43751964	13.10205846	-0.26724340	0.44044239	13.10251311	-0.26731649
0.47135344	13.02064329	-0.18332920	0.47414707	13.02099846	-0.18342319
0.49506432	12.88862987	-0.13646639	0.49747518	12.88889574	-0.13655838
0.33479048	12.99870688	-0.86370005	0.33615450	12.99916587	-0.86360463
0.35262716	12.91814140	-0.95210823	0.35360037	12.91846906	-0.95199992
0.32333748	13.07050432	-0.75227195	0.32515327	13.07108842	-0.75218805
0.17924015	12.98679625	-0.05789527	0.18224943	12.98821075	-0.05744661
0.16068611	13.09161759	-0.10295266	0.16401417	13.09310231	-0.10248956
0.14023376	13.15554812	-0.17311172	0.14367439	13.15710569	-0.17262640
0.11997723	13.05022258	-0.62189853	0.12207714	13.05165353	-0.62139852
0.10496684	13.11755335	-0.54430664	0.10749058	13.11910336	-0.54379166
0.13412051	12.97639403	-0.67570884	0.13583598	12.97771594	-0.67520990
0.50078629	12.69193471	-0.13502319	0.50251258	12.69213941	-0.13508271
0.49866581	12.48025004	-0.16237307	0.49958185	12.48038562	-0.16240463
0.35609645	12.83595189	-1.00406461	0.35672449	12.83621742	-1.00393915
0.35301866	12.76096640	-1.03285657	0.35340053	12.76124957	-1.03274026
0.49033177	12.34018256	-0.20034229	0.49067249	12.34024666	-0.20038908
0.34797128	12.70091956	-1.05123090	0.34812290	12.70121160	-1.05112664
0.17697975	12.49441558	-0.10075181	0.17807551	12.49576894	-0.10029174
0.19307380	12.65174435	-0.07187282	0.19484874	12.65307853	-0.07142282
0.12436287	12.77415054	-0.74245802	0.12526586	12.77543377	-0.74183403
0.12869555	12.84322762	-0.71999874	0.12987332	12.84452002	-0.71942646
0.19132783	12.83138599	-0.05231971	0.19377277	12.83273841	-0.05187185
0.13449171	12.90892300	-0.70309811	0.13591974	12.91021737	-0.70257001
0.36985726	13.15530327	-0.50481051	0.37248305	13.15591180	-0.50481571
0.33913723	13.12632029	-0.63093505	0.34139539	13.12695263	-0.63089552
0.40306637	13.14698746	-0.37915212	0.40592302	13.14753438	-0.37919091
0.10880922	13.18965143	-0.34502071	0.11203544	13.19128946	-0.34450291
0.10208269	13.16510963	-0.44687265	0.10500398	13.16673106	-0.44634861
0.12219501	13.18719881	-0.25386178	0.12559654	13.18880886	-0.25335684
0.87506850	11.95834924	-0.58675443	0.87454684	11.95777227	-0.58690597
0.81676000	12.01719950	-0.47386000	0.81676000	12.01719950	-0.47386000
0.91018093	11.92682512	-0.71723550	0.90926906	11.92601635	-0.71751024
0.89961249	11.99353242	-0.72266446	0.89883319	11.99273510	-0.72296649
0.86816404	12.04268134	-0.63571629	0.86768284	12.04202564	-0.63597762
0.80410722	12.10930270	-0.53227548	0.80392414	12.10891267	-0.53251401
0.93968971	11.91685622	-0.84280651	0.93850910	11.91591308	-0.84316521
0.95665246	11.93128720	-0.95516048	0.95532612	11.93025939	-0.95558024
0.92922183	12.05043182	-0.93897022	0.92820584	12.04947054	-0.93940716
0.91677755	12.02148009	-0.82031055	0.91587875	12.02058338	-0.82068123
0.95488679	11.97293443	-1.04890096	0.95352355	11.97188726	-1.04935580
0.92081048	12.04839078	-1.13585693	0.91950659	12.04741274	-1.13630325
0.90059076	12.11208505	-1.11350828	0.89947531	12.11116337	-1.11394740
0.92535605	12.08481337	-1.03723369	0.92428080	12.08384160	-1.03769051
0.84240226	12.16931274	-1.22622460	0.84127507	12.16853795	-1.22660892
0.73083228	12.32557012	-1.27524239	0.73005793	12.32515051	-1.27551721
0.73764280	12.35374228	-1.20370999	0.73703857	12.35329240	-1.20399005
0.84383236	12.21551386	-1.16388335	0.84290746	12.21474051	-1.16428095
0.59807668	12.48220094	-1.23737865	0.59788349	12.48218607	-1.23736257
0.47098807	12.61374962	-1.15283817	0.47097872	12.61378479	-1.15283605
0.49420000	12.61570000	-1.07906000	0.49420000	12.61570000	-1.07906000
0.61447000	12.50220000	-1.16283000	0.61447000	12.50220000	-1.16283000
0.38326240	12.64937151	-1.04939244	0.38327542	12.64952787	-1.04934400
0.33372596	12.65285092	-0.95548706	0.33382343	12.65320115	-0.95534419
0.37140000	12.64100070	-0.89641000	0.37140000	12.64100070	-0.89641000
0.41679000	12.64250090	-0.98287004	0.41679000	12.64250090	-0.98287004
0.31962460	12.68589437	-0.89556962	0.31995785	12.68631014	-0.89536066
0.31817372	12.71376766	-0.86827353	0.31864584	12.71420582	-0.86805312
0.34785544	12.70112097	-0.81191922	0.34839207	12.70151522	-0.81175417
0.35463224	12.67426468	-0.83935903	0.35504374	12.67454940	-0.83921878
0.30845962	12.70147633	-0.87169635	0.30887510	12.70194943	-0.87144037
0.26615495	12.69423490	-0.84088716	0.26661056	12.69491422	-0.84051949
0.30862528	12.69035494	-0.77271760	0.30921225	12.69093954	-0.77243909
0.34621928	12.68982074	-0.81036537	0.34671567	12.69022313	-0.81018287
0.16609922	12.73696363	-0.71103237	0.16693910	12.73811907	-0.71047424
0.04156397	12.79898548	-0.56879237	0.04285071	12.80075390	-0.56801935
0.04965158	12.83765356	-0.49298981	0.05123591	12.83943236	-0.49227064
0.19328518	12.75202550	-0.63689689	0.19432108	12.75314712	-0.63641321
-0.07085921	12.84785278	-0.50435035	-0.06929549	12.85014532	-0.50338958
-0.17662096	12.88403108	-0.50664149	-0.17492287	12.88678817	-0.50548048
-0.17575126	12.95326416	-0.44720154	-0.17363159	12.95602848	-0.44605468
-0.06855307	12.90824751	-0.43521668	-0.06659243	12.91054994	-0.43428286
-0.28169381	12.90770032	-0.56484531	-0.28003497	12.91093313	-0.56346406
-0.38084366	12.92162550	-0.63082111	-0.37927514	12.92533223	-0.62923708
-0.39544294	12.95032527	-0.57895880	-0.39363100	12.95410485	-0.57734806
-0.28799996	12.96167136	-0.51018208	-0.28598026	12.96493611	-0.50879532
-0.46911848	12.92742098	-0.65716889	-0.46758411	12.93158896	-0.65540907
-0.54856939	12.92642663	-0.64382673	-0.54700678	12.93101674	-0.64191018
-0.54701424	12.92913968	-0.60847904	-0.54536087	12.93370686	-0.60656555
-0.49022503	12.93621910	-0.60857489	-0.48854025	12.94049148	-0.60677263
-0.62183492	12.92085818	-0.59086015	-0.62017844	12.92578863	-0.58877807
-0.67001954	12.90685700	-0.51032234	-0.66822813	12.91195113	-0.50813768
-0.63187831	12.92212020	-0.48288633	-0.62995840	12.92702493	-0.48078286
-0.59572861	12.92956427	-0.56041972	-0.59396044	12.93434859	-0.55839708
-0.67413711	12.88073711	-0.41479360	-0.67221807	12.88576535	-0.41262566
-0.64712293	12.83388831	-0.32519725	-0.64519253	12.83872557	-0.32312547
-0.62555522	12.83964334	-0.33863144	-0.62363366	12.84440201	-0.33659736
-0.63737822	12.88599177	-0.39894323	-0.63540699	12.89085284	-0.39685237
-0.60152397	12.75825855	-0.26285896	-0.59978237	12.76288606	-0.26090098
-0.52896688	12.69561063	-0.21585767	-0.52738761	12.69991016	-0.21404651
-0.51015558	12.75423771	-0.24759871	-0.50840204	12.75846978	-0.24580863
-0.58582257	12.79980381	-0.29583351	-0.58397675	12.80437754	-0.29388646
-0.42128304	12.68753700	-0.17087009	-0.41963396	12.69136191	-0.16928991
-0.29400510	12.66287021	-0.13829735	-0.29235403	12.66612961	-0.13699819
-0.27540147	12.71606821	-0.16704189	-0.27361265	12.71926326	-0.16574790
-0.40122139	12.74433141	-0.20119541	-0.39940577	12.74808010	-0.19963340
-0.16084254	12.55564547	-0.12854262	-0.15952401	12.55838230	-0.12753462
-0.02156227	12.43578841	-0.13741839	-0.02075861	12.43802470	-0.13665428
-0.01476540	12.50522615	-0.16922535	-0.01371641	12.50743120	-0.16847366
-0.14677830	12.61778746	-0.15777950	-0.14527415	12.62047588	-0.15678353
0.13350652	12.36482701	-0.15841638	0.13394790	12.36637683	-0.15789104
0.25977464	12.33847459	-0.18541838	0.26005991	12.33945498	-0.18512352
0.24229143	12.39919257	-0.23749559	0.24278141	12.40025643	-0.23715669
0.12778465	12.43255749	-0.20027357	0.12846465	12.43412849	-0.19974035
0.31107726	12.36878354	-0.20798895	0.31147847	12.36949479	-0.20778901
0.30061820	12.45386301	-0.27699892	0.30129490	12.45465578	-0.27673828
0.29118307	12.42657350	-0.26296353	0.29176402	12.42740674	-0.26269637
0.32222048	12.35671720	-0.22127111	0.32265246	12.35726433	-0.22112453
0.34620000	12.27620000	-0.23202000	0.34620000	12.27620000	-0.23202000
0.32640605	12.34329035	-0.28803543	0.32673402	12.34386251	-0.28782586
0.29757085	12.41183960	-0.27789520	0.29812512	12.41261040	-0.27764212
0.44425997	12.21770000	-0.27141000	0.44425997	12.21770000	-0.27141000
0.57587000	12.16340070	-0.32883000	0.57587000	12.16340070	-0.32883000
0.57148129	12.24351749	-0.38394354	0.57154222	12.24349538	-0.38400408
0.43084958	12.29038822	-0.32722040	0.43097827	12.29061250	-0.32716359
0.70622003	12.08180000	-0.39380000	0.70622003	12.08180000	-0.39380000
0.70035700	12.17890712	-0.44981657	0.70032235	12.17869195	-0.44996335
0.75884704	12.38480450	-1.05349345	0.75849455	12.38423552	-1.05379981
0.85545454	12.23238181	-1.05368161	0.85471976	12.23157689	-1.05409141
0.78162228	12.36843938	-0.86599059	0.78145404	12.36783460	-0.86633591
0.86700930	12.21136642	-0.91318191	0.86641197	12.21055194	-0.91359217
0.79434108	12.25501673	-0.67768813	0.79417204	12.25445437	-0.67801552
0.86782502	12.13874221	-0.76021573	0.86728302	12.13797568	-0.76058188
0.53797475	12.60703668	-0.90525531	0.53820222	12.60692812	-0.90534559
0.64819337	12.51839377	-0.99367099	0.64822162	12.51812179	-0.99383332
0.57269789	12.53862604	-0.69425743	0.57310473	12.53854182	-0.69437528
0.68174059	12.47418567	-0.78571702	0.68190099	12.47382383	-0.78596108
0.57622190	12.38737647	-0.51299516	0.57647570	12.38733856	-0.51308911
0.69534967	12.33662055	-0.59298400	0.69544210	12.33629836	-0.59321338
-0.18473247	12.94956228	-0.36222227	-0.18243657	12.95238388	-0.36105759
-0.08016456	12.90280535	-0.34832616	-0.07803434	12.90519119	-0.34737242
-0.20634609	12.89300886	-0.27501766	-0.20408761	12.89592533	-0.27380815
-0.10101900	12.84013632	-0.26353655	-0.09893539	12.84262270	-0.26254280
0.01345694	12.76940370	-0.30114354	0.01522618	12.77146067	-0.30037056
0.03583906	12.83214407	-0.39736304	0.03762337	12.83402983	-0.39663579
-0.24157767	12.80408234	-0.21143974	-0.23953768	12.80714300	-0.21017965
-0.12568489	12.72802611	-0.20146953	-0.12388548	12.73061780	-0.20045934
0.00129096	12.63991468	-0.22663855	0.00283454	12.64207231	-0.22590959
-0.52385751	12.95821240	-0.52691715	-0.52188954	12.96262878	-0.52504032
-0.55621879	12.95367636	-0.43454842	-0.55405370	12.95820178	-0.43259871
-0.45213617	12.97133702	-0.37547460	-0.44976905	12.97535536	-0.37374237
-0.42072139	12.98236287	-0.48173764	-0.41854695	12.98625872	-0.48007344
-0.57337211	12.88277894	-0.35468318	-0.57132063	12.88733058	-0.35272671
-0.48348725	12.87071333	-0.29803436	-0.48136777	12.87484964	-0.29626374
-0.30344783	12.97784997	-0.41620574	-0.30114926	12.98118989	-0.41478742
-0.32934154	12.94406563	-0.31686403	-0.32696494	12.94751613	-0.31539250
-0.36649510	12.84803098	-0.24724039	-0.36435905	12.85164140	-0.24571483
0.30614050	12.65112379	-0.64868954	0.30686404	12.65184934	-0.64838584
0.34692791	12.64552181	-0.67302230	0.34758721	12.64608495	-0.67279109
0.28116103	12.58674700	-0.49841717	0.28192143	12.58763631	-0.49808278
0.32713296	12.58347504	-0.50935238	0.32786280	12.58418712	-0.50909992
0.33247702	12.60137334	-0.49399568	0.33330299	12.60206990	-0.49375647
0.34882322	12.65990377	-0.66485681	0.34955290	12.66046768	-0.66464027
0.35476261	12.64183659	-0.68737929	0.35541442	12.64236629	-0.68716772
0.33384612	12.58689870	-0.50870231	0.33460701	12.58758305	-0.50846306
0.36423592	12.56531066	-0.54972671	0.36487183	12.56587984	-0.54952531
0.38189966	12.62157691	-0.73833201	0.38241830	12.62200670	-0.73816646
0.33782604	12.45228850	-0.39663753	0.33836676	12.45295083	-0.39640849
0.30844217	12.50109593	-0.37306521	0.30915954	12.50187468	-0.37279519
0.30327097	12.50562778	-0.36826892	0.30398820	12.50643747	-0.36799547
0.25577090	12.49389594	-0.35138832	0.25647600	12.49489567	-0.35103527
0.45582659	12.55931759	-0.61353280	0.45637265	12.55958288	-0.61347692
0.44556993	12.62477522	-0.81566258	0.44593569	12.62493251	-0.81562982
0.44161197	12.41825954	-0.44555146	0.44198881	12.41856470	-0.44547655
0.15850926	12.66215316	-0.40510156	0.15969528	12.66353653	-0.40457299
0.18383471	12.73005433	-0.52787688	0.18500902	12.73129716	-0.52738588
0.13908350	12.54767928	-0.28935844	0.14009833	12.54920761	-0.28882255
0.20636747	13.16620676	-0.39510076	0.20935615	13.16744077	-0.39478214
0.30326360	13.05016006	-0.13030200	0.30634164	13.05111112	-0.13010096
0.33878020	12.93461845	-0.08842836	0.34150270	12.93543396	-0.08826186
0.35982255	12.75245004	-0.09274786	0.36187703	12.75315035	-0.09258767
0.37033822	12.57045908	-0.12163358	0.37167423	12.57105701	-0.12148884
0.25891595	12.87013600	-0.81326867	0.25999651	12.87086631	-0.81297961
0.34940599	12.38535463	-0.18365517	0.34993593	12.38586993	-0.18353897
0.21039716	13.07961743	-0.58845606	0.21264720	13.08072642	-0.58814616
0.22990726	13.00699528	-0.68815995	0.23168826	13.00794650	-0.68786439
0.88963838	11.95288236	-0.57361784	0.88913668	11.95229313	-0.57379268
0.82774580	12.01968268	-0.45681410	0.82778413	12.01968243	-0.45682356
0.92735458	11.91211407	-0.70892139	0.92642760	11.91127618	-0.70921958
0.73382773	12.32399012	-1.29081489	0.73302551	12.32356298	-1.29109404
0.46137717	12.61948250	-1.16639113	0.46136847	12.61952063	-1.16638063
0.35456690	12.66149253	-1.05761885	0.35461604	12.66174604	-1.05753133
0.29007459	12.66945677	-0.95776425	0.29023695	12.66996583	-0.95753548
0.27965088	12.70070824	-0.89620917	0.28003294	12.70128313	-0.89592236
0.26435467	12.71278982	-0.88257008	0.26477691	12.71343760	-0.88221558
0.21621638	12.70145972	-0.86296704	0.21664329	12.70230010	-0.86249109
0.13291796	12.72944340	-0.74715877	0.13366038	12.73068872	-0.74652343
0.03081564	12.76978846	-0.61549450	0.03191196	12.77156129	-0.61467138
-0.17248404	12.82002669	-0.54680834	-0.17114448	12.82276484	-0.54565019
-0.27426512	12.86491358	-0.59565162	-0.27286081	12.86811221	-0.59428356
-0.45684969	12.93194835	-0.67970688	-0.45534092	12.93605290	-0.67796973
-0.53859411	12.93730885	-0.66661641	-0.53702573	12.94185283	-0.66471827
-0.68239170	12.91144525	-0.52165098	-0.68060779	12.91660341	-0.51943203
-0.16193628	12.56536547	-0.10651177	-0.16053884	12.56810084	-0.10550291
0.15252748	12.37948928	-0.13396081	0.15307697	12.38095295	-0.13346847
0.32015913	12.39593023	-0.22070407	0.32068586	12.39658916	-0.22051191
0.38596138	12.29691709	-0.19658836	0.38609706	12.29705555	-0.19663565
0.47020687	12.23828624	-0.24014050	0.47025170	12.23832629	-0.24020116
0.71448404	12.09149770	-0.37201653	0.71450642	12.09147032	-0.37202528
0.31085701	12.52837739	-0.36646299	0.31166373	12.52915574	-0.36619635
0.60523559	12.77795343	-0.54670123	0.60650462	12.77780828	-0.54694321
0.33708573	13.00214461	-0.53201627	0.33914748	13.00283245	-0.53190842
0.07357553	13.02386316	-0.25863865	0.07634296	13.02565539	-0.25800092
0.14446762	13.10254778	-0.30600914	0.14742401	13.10405150	-0.30553673
0.35247977	12.88301161	-0.29511270	0.35460628	12.88370849	-0.29497573
0.06557364	12.99521778	-0.41687325	0.06790972	12.99698095	-0.41622775
0.16233934	13.06840862	-0.41568586	0.16493234	13.06979663	-0.41525235
0.38657080	12.83111233	-0.69488965	0.38774737	12.83150723	-0.69482042
0.20157289	13.05249883	-0.17823497	0.20458770	13.05381417	-0.17784893
0.23716956	12.82817234	-0.79133907	0.23815956	12.82899872	-0.79098370
0.35184834	12.76992850	-0.53095761	0.35316138	12.77056286	-0.53078396
0.34700701	12.89400984	-0.84249599	0.34809307	12.89441715	-0.84238377
0.40711747	12.44391481	-0.24462485	0.40779219	12.44429433	-0.24452065
0.28288157	13.06347414	-0.44751853	0.28535098	13.06439372	-0.44732109
0.49108544	12.68837167	-0.66980942	0.49190183	12.68850033	-0.66985248
0.71214865	12.74343491	-0.77968829	0.71293187	12.74295908	-0.78005883
0.36644242	12.95501231	-0.20178440	0.36900381	12.95570354	-0.20168255
-0.39016034	12.95647118	-0.23049082	-0.38754540	12.96017543	-0.22889203
0.19794560	13.10451953	-0.24797251	0.20101530	13.10583188	-0.24759983
0.34963907	12.95620504	-0.68960894	0.35123051	12.95673639	-0.68952193
-0.47798133	12.95871097	-0.26905873	-0.47543572	12.96281052	-0.26727188
0.26885573	13.05022499	-0.32877707	0.27153347	13.05123583	-0.32853615
0.30626720	12.47406035	-0.19841612	0.30713410	12.47484354	-0.19817239
0.16181924	13.12235558	-0.36865240	0.16471667	13.12376872	-0.36822676
0.24865940	13.09525182	-0.48931803	0.25116517	13.09627990	-0.48907181
0.27880964	12.63012824	-0.24239861	0.28018538	12.63107855	-0.24208681
0.19950012	12.95734611	-0.50688707	0.20148659	12.95854319	-0.50649927
0.29669752	12.90088345	-0.83129849	0.29783387	12.90146912	-0.83109498
0.30092793	12.84970180	-0.83400513	0.30189939	12.85026201	-0.83378950
0.26545112	13.03826092	-0.54501375	0.26762826	13.03919516	-0.54478654
0.40877227	12.81162645	-0.19940757	0.41081454	12.81214807	-0.19934325
0.51442901	12.59626330	-0.43490592	0.51533512	12.59638185	-0.43495764
0.31608434	12.76788717	-0.88599439	0.31669759	12.76832043	-0.88578292
0.19018875	12.98304675	-0.64212690	0.19198643	12.98417829	-0.64173958
0.40052019	12.38223158	-0.22171295	0.40097773	12.38254112	-0.22163792
0.37270937	12.49427632	-0.31111682	0.37347097	12.49482188	-0.31095118
0.23217143	12.89043543	-0.18506519	0.23457376	12.89163131	-0.18470201
0.39742862	12.73259440	-0.90996099	0.39787927	12.73272367	-0.90989229
0.31079287	12.80139506	-0.84773403	0.31158553	12.80189871	-0.84752136
0.19093571	13.13692531	-0.28042608	0.19406470	13.13825900	-0.28005158
0.43719207	12.61574327	-0.24808223	0.43848607	12.61612185	-0.24802956
0.23525816	12.87382630	-0.76861183	0.23643869	12.87468279	-0.76827435
0.43825344	12.71614632	-0.82837477	0.43882362	12.71628279	-0.82836928
0.83935670	12.73457825	-0.87715583	0.84003040	12.73382715	-0.87766264
0.57695571	12.78831947	-0.93164324	0.57756507	12.78808398	-0.93182172
0.36895453	12.69964587	-0.19877142	0.37063021	12.70028544	-0.19862214
0.28348686	12.78181647	-0.17999942	0.28550138	12.78279485	-0.17971463
