0.85105511	12.74026020	-0.42316890	0.85097683	12.74076104	-0.42349793
0.82155818	12.87830609	-0.45189802	0.82137005	12.87878654	-0.45224373
0.89763873	12.83780197	-0.55074485	0.89745990	12.83839007	-0.55114640
0.93014452	12.70486257	-0.53596904	0.93006796	12.70548483	-0.53633774
0.77836838	12.96901279	-0.51204692	0.77807576	12.96946250	-0.51238201
0.85840381	12.92367229	-0.59346736	0.85811943	12.92422638	-0.59385265
0.90764664	12.88138889	-0.65436893	0.90737312	12.88202616	-0.65481336
0.94665176	12.81198055	-0.64924120	0.94647462	12.81268362	-0.64974642
0.98115004	12.68325275	-0.64953386	0.98107461	12.68400458	-0.64994710
0.71452386	12.76801254	-1.16689419	0.71416866	12.76824666	-1.16721334
0.83725214	12.71838918	-1.14557055	0.83695341	12.71876964	-1.14592972
0.80515023	12.82528761	-1.07720298	0.80474000	12.82570845	-1.07761625
0.68257327	12.87037703	-1.09329330	0.68210520	12.87062802	-1.09364173
0.93904069	12.68577044	-1.08307374	0.93881928	12.68631861	-1.08345497
0.90490019	12.79716205	-1.02572172	0.90451249	12.79773429	-1.02626399
0.86486265	12.86605973	-0.97479105	0.86439815	12.86666959	-0.97530061
0.78589717	12.90593629	-0.98932729	0.78540697	12.90640950	-0.98975018
0.66378888	12.95072018	-0.99402447	0.66326885	12.95102345	-0.99437137
0.59649725	12.83614427	-0.21016276	0.59641400	12.83641093	-0.21040191
0.57754817	12.97311130	-0.25784981	0.57735336	12.97337054	-0.25809671
0.71147237	12.92603316	-0.35110829	0.71128411	12.92640307	-0.35139782
0.73360698	12.78667710	-0.31065221	0.73352903	12.78705362	-0.31093122
0.54633636	13.05939176	-0.34223314	0.54604566	13.05962831	-0.34247990
0.67459061	13.01630494	-0.42683759	0.67429986	13.01665117	-0.42712607
0.46458733	12.88159190	-1.06534401	0.46415967	12.88158493	-1.06555851
0.59068570	12.82794562	-1.13876792	0.59026050	12.82803924	-1.13904807
0.55963667	12.92051940	-1.06632397	0.55914073	12.92063124	-1.06660515
0.43582917	12.96428224	-0.99072563	0.43533968	12.96429179	-0.99094527
0.53943774	12.99550334	-0.96463447	0.53890787	12.99565908	-0.96491297
0.41501816	13.03399104	-0.88805909	0.41449877	13.03403196	-0.88828276
-0.01371703	12.98898103	-0.06663819	-0.01382985	12.98887394	-0.06668143
-0.14221120	13.00034561	-0.08834469	-0.14233358	13.00016483	-0.08833943
-0.14499691	13.07372800	-0.13494481	-0.14517730	13.07354034	-0.13494874
-0.02017106	13.07624956	-0.11063614	-0.02035074	13.07613498	-0.11068850
-0.26106312	13.00166548	-0.12436018	-0.26119520	13.00141741	-0.12430497
-0.26228055	13.06305485	-0.17282025	-0.26246542	13.06280070	-0.17277255
-0.26376107	13.10424410	-0.23835493	-0.26399377	13.10398135	-0.23831229
-0.14727288	13.12059847	-0.20115116	-0.14750572	13.12040050	-0.20116121
-0.02546268	13.13021514	-0.17653750	-0.02569891	13.13008985	-0.17659678
0.02994439	12.97473092	-0.59119364	0.02964211	12.97455806	-0.59125565
0.01479868	13.03714708	-0.56570270	0.01446548	13.03697159	-0.56576960
-0.06602084	13.03901831	-0.55493358	-0.06634767	13.03880455	-0.55496861
-0.05175138	12.98280596	-0.57055485	-0.05205166	12.98259558	-0.57058677
-0.00476725	13.09120674	-0.51831027	-0.00511409	13.09103335	-0.51837851
-0.08759135	13.08531963	-0.51922003	-0.08793044	13.08510168	-0.51925332
-0.18101536	13.07799016	-0.53516573	-0.18135486	13.07772586	-0.53515891
-0.15840163	13.03698772	-0.57109469	-0.15873427	13.03672796	-0.57109135
-0.14366746	12.98577288	-0.58851744	-0.14398034	12.98551695	-0.58851233
0.98903187	12.29303768	-0.67331231	0.98923739	12.29363901	-0.67344528
0.96857822	12.07366823	-0.68858807	0.96889073	12.07420686	-0.68865124
0.91494242	12.09936817	-0.55340396	0.91508733	12.09974393	-0.55349001
0.93005901	12.30695897	-0.53837870	0.93020373	12.30744410	-0.53854688
0.83663725	12.14815099	-0.43248779	0.83672072	12.14836712	-0.43262031
0.84447002	12.33132768	-0.41312543	0.84458535	12.33169524	-0.41331295
0.98024253	12.38354795	-1.14331254	0.98038619	12.38408847	-1.14349319
0.88462359	12.44308088	-1.21231885	0.88466830	12.44346660	-1.21250764
0.88103140	12.28351852	-1.23658114	0.88126178	12.28390105	-1.23670125
0.97402987	12.19213336	-1.15795445	0.97439543	12.19266419	-1.15805475
0.75662286	12.51803180	-1.24078968	0.75654195	12.51821221	-1.24094773
0.75352022	12.39780818	-1.27178950	0.75357452	12.39798990	-1.27189781
0.86954901	12.17873896	-1.24400347	0.86991021	12.17911227	-1.24407781
0.95592771	12.05744568	-1.15560615	0.95644047	12.05796326	-1.15566616
0.99439468	12.50278616	-0.65974567	0.99447101	12.50348173	-0.66002213
0.93772246	12.51802450	-0.53322454	0.93777979	12.51861450	-0.53350127
0.85356633	12.54564200	-0.41110005	0.85361932	12.54611019	-0.41136766
0.86692265	12.58965167	-1.18625187	0.86678058	12.59003446	-1.18653539
0.96663472	12.54806510	-1.12055465	0.96657905	12.54861148	-1.12084323
0.74109744	12.64608834	-1.21096504	0.74086954	12.64629645	-1.21122814
0.60123233	12.42137960	-0.22733058	0.60134452	12.42156658	-0.22751990
0.60135760	12.63657337	-0.20502493	0.60140002	12.63681574	-0.20524067
0.73465064	12.58751664	-0.29961402	0.73469629	12.58786721	-0.29985493
0.72838355	12.37270054	-0.31023645	0.72848415	12.37296341	-0.31044110
0.46732233	12.70413725	-1.15125224	0.46712307	12.70403973	-1.15131552
0.61069358	12.61489772	-1.22039647	0.61051875	12.61489134	-1.22050939
0.60678788	12.71964403	-1.18769486	0.60651551	12.71971185	-1.18790705
0.47157030	12.78840192	-1.11828875	0.47124817	12.78834890	-1.11844160
0.58681370	12.17525652	-0.30222977	0.58684718	12.17531500	-0.30228157
0.59816992	12.28166645	-0.26373394	0.59827548	12.28179698	-0.26387590
0.72413996	12.21740200	-0.33913898	0.72423460	12.21758084	-0.33930449
0.60009097	12.48647514	-1.25177715	0.60002980	12.48642484	-1.25177141
0.60594446	12.53392398	-1.24376632	0.60583746	12.53388218	-1.24378838
0.46170587	12.64820352	-1.16641940	0.46157474	12.64807685	-1.16641985
-0.00452352	12.71123403	-0.06555589	-0.00447435	12.71113202	-0.06557200
-0.15346695	12.77932369	-0.07254155	-0.15345817	12.77913680	-0.07250606
-0.14388847	12.90214191	-0.07005614	-0.14394759	12.90196150	-0.07003869
-0.00540881	12.86561815	-0.05490232	-0.00544556	12.86551592	-0.05493430
-0.28964521	12.83010749	-0.09686166	-0.28967204	12.82984572	-0.09677493
-0.27130030	12.92524463	-0.10075466	-0.27138077	12.92499300	-0.10068578
0.02621264	12.84510669	-0.62012492	0.02599117	12.84492206	-0.62016448
0.03222807	12.91058641	-0.60761796	0.03196281	12.91041022	-0.60767117
-0.04875929	12.92097666	-0.57985211	-0.04902556	12.92076580	-0.57987527
-0.05686727	12.85614382	-0.58379966	-0.05709633	12.85592907	-0.58380990
-0.14040578	12.92846139	-0.59671859	-0.14069082	12.92820634	-0.59670597
-0.15004828	12.86764377	-0.59550822	-0.15029990	12.86738547	-0.59548276
-0.03314197	12.41549195	-0.11988431	-0.03295363	12.41537447	-0.11985797
-0.17414667	12.63219731	-0.09037405	-0.17406404	12.63199885	-0.09031680
-0.01870251	12.54063218	-0.08950027	-0.01857102	12.54052348	-0.08949319
-0.32573519	12.62464604	-0.12882283	-0.32566571	12.62436235	-0.12869954
-0.31224735	12.71236476	-0.10870783	-0.31221628	12.71208981	-0.10859950
0.01639459	12.77872567	-0.63179697	0.01621820	12.77853049	-0.63181857
-0.07610586	12.78972391	-0.58085142	-0.07629566	12.78950279	-0.58084146
-0.09388425	12.76273793	-0.56072825	-0.09405661	12.76251485	-0.56070664
-0.17398325	12.80512763	-0.58339919	-0.17419963	12.80486217	-0.58335451
-0.38345720	12.99852442	-0.17335894	-0.38360308	12.99820881	-0.17324940
-0.37584735	13.04874324	-0.21911439	-0.37603845	13.04842731	-0.21901417
-0.49339673	12.99152771	-0.22974419	-0.49355747	12.99115337	-0.22958213
-0.47383843	13.03237562	-0.27075248	-0.47403828	13.03200676	-0.27060463
-0.45193614	13.06571834	-0.32104843	-0.45217534	13.06535441	-0.32091502
-0.36615657	13.08586161	-0.27827497	-0.36639210	13.08554363	-0.27818473
-0.26266329	13.03456183	-0.59037972	-0.26300491	13.03425220	-0.59032928
-0.24825857	12.98936465	-0.61537082	-0.24858897	12.98905843	-0.61532034
-0.28290553	13.07095105	-0.54989102	-0.28324754	13.07063759	-0.54983667
-0.37750529	13.06226890	-0.55826730	-0.37784719	13.06191323	-0.55816770
-0.36264303	13.03109095	-0.60318399	-0.36299050	13.03073694	-0.60308712
-0.35300688	12.99280502	-0.63706185	-0.35335325	12.99245158	-0.63696478
-0.24957729	12.94085436	-0.63120769	-0.24989119	12.94054573	-0.63114976
-0.36049225	12.95390639	-0.66184511	-0.36083290	12.95354809	-0.66174008
-0.37521615	12.91660845	-0.67596334	-0.37554929	12.91624382	-0.67584777
-0.26224813	12.89134365	-0.63572558	-0.26254192	12.89103007	-0.63565532
-0.53728462	12.88574135	-0.18912883	-0.53737487	12.88535026	-0.18893463
-0.55699771	12.76372121	-0.19475329	-0.55703044	12.76332110	-0.19453782
-0.63331616	12.80041275	-0.25212145	-0.63339332	12.79997426	-0.25187236
-0.61545805	12.89643809	-0.25125684	-0.61557999	12.89600797	-0.25102531
-0.56482312	12.65902961	-0.21211277	-0.56481261	12.65862502	-0.21188272
-0.64043324	12.71781197	-0.26407941	-0.64047711	12.71736909	-0.26381848
-0.68919210	12.78757111	-0.33406187	-0.68930249	12.78710319	-0.33378413
-0.68304056	12.83987525	-0.32821316	-0.68317226	12.83941048	-0.32794288
-0.66719154	12.90300472	-0.32975397	-0.66735222	12.90254713	-0.32949654
-0.45519210	12.64909809	-0.16440136	-0.45515319	12.64874775	-0.16422207
-0.44424400	12.74530940	-0.14534190	-0.44424544	12.74496576	-0.14517770
-0.42236463	12.86465190	-0.13693628	-0.42242360	12.86431989	-0.13679400
-0.47111670	12.93229893	-0.68669380	-0.47146849	12.93189959	-0.68653727
-0.47802130	12.90530759	-0.69731236	-0.47836974	12.90490683	-0.69715148
-0.38733988	12.88330527	-0.67782544	-0.38766061	12.88293669	-0.67770118
-0.55766491	12.93734858	-0.66654413	-0.55801340	12.93692063	-0.66634550
-0.56242749	12.91066339	-0.68136025	-0.56277540	12.91023474	-0.68115815
-0.39813001	12.86649866	-0.66742193	-0.39843868	12.86612721	-0.66729121
-0.28188705	12.84313365	-0.62787354	-0.28215509	12.84281359	-0.62778822
0.89493131	12.89068589	-0.90672559	0.89438499	12.89145647	-0.90730079
0.79531182	12.95566990	-0.89125193	0.79480399	12.95618502	-0.89166722
0.91251781	12.90459247	-0.81716404	0.91210360	12.90530949	-0.81764700
0.81703091	12.97591105	-0.78670163	0.81655758	12.97647063	-0.78711225
0.70683906	13.03049503	-0.74462988	0.70638325	13.03090105	-0.74495360
0.67647595	13.00602453	-0.87387533	0.67595694	13.00639166	-0.87421426
0.91414854	12.90044821	-0.72519232	0.91379885	12.90112754	-0.72566686
0.83491799	12.96708500	-0.67996205	0.83454011	12.96763611	-0.68034846
0.74031075	13.01881456	-0.61741466	0.73991175	13.01924329	-0.61774304
0.99924892	12.67622809	-0.98853418	0.99908202	12.67691774	-0.98892977
0.95999650	12.79864396	-0.94648222	0.95961784	12.79941511	-0.94723300
1.02230730	12.67834875	-0.87725363	1.02213079	12.67923300	-0.87765619
0.97938976	12.81349103	-0.85302201	0.97895686	12.81491066	-0.85417138
1.01436590	12.67733497	-0.76429774	1.01427132	12.67820011	-0.76474685
0.97502596	12.80821319	-0.75024004	0.97478154	12.80905571	-0.75098770
0.55642424	13.05052235	-0.82815800	0.55590614	13.05074343	-0.82843235
0.59362163	13.07658852	-0.67937335	0.59314758	13.07686279	-0.67965588
0.47000888	13.11461308	-0.59637035	0.46956021	13.11477917	-0.59660385
0.43240313	13.08763143	-0.74825249	0.43190305	13.08774104	-0.74847993
0.63420184	13.06572621	-0.54127182	0.63381141	13.06604017	-0.54155582
0.50918164	13.10580775	-0.45827255	0.50880350	13.10601022	-0.45851399
-0.38595717	13.07974633	-0.50035421	-0.38628218	13.07939312	-0.50025316
-0.46940758	13.06128257	-0.51273064	-0.46972814	13.06089436	-0.51258731
-0.44954293	13.04991854	-0.55513217	-0.44987763	13.04953433	-0.55499703
-0.39792167	13.08581703	-0.43729303	-0.39822133	13.08546537	-0.43718759
-0.49150173	13.06313388	-0.46817871	-0.49180250	13.06274048	-0.46802477
-0.57585679	13.03666618	-0.49711642	-0.57615805	13.03623568	-0.49691648
-0.53829935	13.03872716	-0.52974676	-0.53861721	13.03830949	-0.52956575
-0.50064122	13.03717899	-0.55603702	-0.50097067	13.03677402	-0.55587450
-0.42327740	13.08237233	-0.37703814	-0.42354991	13.08201580	-0.37692037
-0.50521213	13.05889023	-0.41679869	-0.50548729	13.05849545	-0.41663775
-0.52001032	13.04434800	-0.36587912	-0.52025603	13.04395138	-0.36570937
-0.56560249	13.02729976	-0.39808239	-0.56585273	13.02688048	-0.39788739
-0.57758593	13.03242461	-0.44663943	-0.57786170	13.03199709	-0.44643866
-0.02037281	13.13016402	-0.43634816	-0.02071008	13.12999935	-0.43641505
-0.11196638	13.11753739	-0.44861605	-0.11229550	13.11731963	-0.44864381
-0.02956993	13.15172677	-0.34101755	-0.02988291	13.15157413	-0.34108210
-0.13267757	13.13525344	-0.36204300	-0.13298282	13.13503940	-0.36206387
-0.23375379	13.11786289	-0.39286185	-0.23405655	13.11759434	-0.39283621
-0.20787158	13.10438144	-0.47131754	-0.20819896	13.10411433	-0.47130228
-0.02992590	13.15357275	-0.25385803	-0.03020598	13.15343386	-0.25392092
-0.14382908	13.13867231	-0.27822127	-0.14410282	13.13846523	-0.27823653
-0.25340456	13.12015142	-0.31327789	-0.25367651	13.11988454	-0.31324272
0.99426722	11.97896436	-1.05918997	0.99486746	11.97955100	-1.05924887
1.01600891	12.12403228	-1.05764084	1.01645572	12.12464326	-1.05772144
0.99670331	11.93429418	-0.95380013	0.99731371	11.93489918	-0.95387048
1.02210785	12.08110230	-0.94324139	1.02257506	12.08174006	-0.94330478
1.04013575	12.29916745	-0.92854003	1.04039829	12.29984983	-0.92867906
1.02841213	12.33336625	-1.04463937	1.02863309	12.33400166	-1.04480134
0.97777209	11.91775907	-0.83499590	0.97834047	11.91834166	-0.83508401
1.00529830	12.06583766	-0.81979018	1.00572825	12.06645349	-0.81985568
1.02643665	12.28813541	-0.80405059	1.02669230	12.28880112	-0.80417528
1.02262589	12.51949015	-1.02131748	1.02263620	12.52015953	-1.02159951
1.04163639	12.50264036	-0.90611282	1.04168387	12.50338768	-0.90639025
1.03066914	12.49743831	-0.78484614	1.03074271	12.49820087	-0.78512698
-0.64356522	12.93183102	-0.61393745	-0.64388723	12.93137363	-0.61369316
-0.65032861	12.90204285	-0.62590300	-0.65064670	12.90158344	-0.62565384
-0.70116518	12.92137762	-0.53397090	-0.70144001	12.92089809	-0.53369469
-0.71157381	12.88517647	-0.53998294	-0.71183814	12.88469292	-0.53969938
-0.65210583	12.87864328	-0.62733257	-0.65241642	12.87818347	-0.62708171
-0.70255308	12.91154938	-0.43170689	-0.70276894	12.91107190	-0.43143072
-0.71593715	12.86642895	-0.43262918	-0.71613334	12.86594531	-0.43234276
-0.71882317	12.83072990	-0.43437585	-0.71900440	12.83024496	-0.43408608
-0.29908461	13.09294422	-0.48755536	-0.29941081	13.09263155	-0.48749704
-0.31716265	13.10273616	-0.41514667	-0.31746480	13.10242497	-0.41508170
-0.34304711	13.10209346	-0.34457931	-0.34331839	13.10177848	-0.34450165
-0.59547836	12.94887901	-0.26403159	-0.59563062	12.94845708	-0.26381458
-0.51501624	12.95208302	-0.20166824	-0.51514442	12.95170112	-0.20149135
-0.64966457	12.94323850	-0.33902242	-0.64984802	12.94278781	-0.33877765
-0.62659739	12.97288638	-0.35593600	-0.62680277	12.97244444	-0.35570566
-0.57253402	12.98093133	-0.28840290	-0.57271322	12.98051785	-0.28820031
-0.40032028	12.94309529	-0.14624750	-0.40042497	12.94277386	-0.14612393
-0.45806370	12.96328876	-0.66830720	-0.45841728	12.96289404	-0.66815892
-0.44614995	12.99557137	-0.64009457	-0.44650190	12.99518214	-0.63995529
-0.53023216	12.99451873	-0.62278359	-0.53057828	12.99409994	-0.62260282
-0.54618295	12.96613469	-0.64873051	-0.54653208	12.96570992	-0.64853935
-0.65989559	12.97860662	-0.52237468	-0.66018639	12.97814321	-0.52212436
-0.68419247	12.95108935	-0.52864372	-0.68447606	12.95061668	-0.52837856
-0.62980872	12.96012637	-0.60115042	-0.63013363	12.95967353	-0.60091489
-0.60892467	12.98732289	-0.58337164	-0.60925008	12.98687767	-0.58314921
-0.62785846	13.00783125	-0.51352655	-0.62815656	13.00738062	-0.51329590
-0.58161461	13.01371893	-0.55644239	-0.58193608	13.01328445	-0.55623691
-0.51199890	13.02019327	-0.58350720	-0.51233479	13.01978230	-0.58333750
-0.68516943	12.94477645	-0.43431890	-0.68540062	12.94430618	-0.43405396
-0.66086408	12.97291525	-0.44029910	-0.66111002	12.97245468	-0.44004875
-0.59447796	13.00404671	-0.38036568	-0.59470912	13.00361658	-0.38015415
-0.62722059	13.00306900	-0.44943661	-0.62748434	13.00262184	-0.44920683
-0.54494338	13.01558717	-0.32271317	-0.54515569	13.01518306	-0.32252796
-0.44255555	13.02624486	-0.59998655	-0.44290070	13.02585948	-0.59985186
0.18052614	13.12079654	-0.18605709	0.18027858	13.12079068	-0.18618852
0.15058348	13.15925880	-0.27128782	0.15028063	13.15922387	-0.27141670
0.17824795	13.14722940	-0.28606642	0.17794422	13.14720862	-0.28620310
0.21248261	13.10758476	-0.19769269	0.21223580	13.10759590	-0.19783334
0.12992954	13.16614020	-0.36637514	0.12958620	13.16607782	-0.36649918
0.15597898	13.15489819	-0.38335161	0.15563289	13.15484835	-0.38348264
0.18280521	13.13833574	-0.29608506	0.18250201	13.13831591	-0.29622188
0.21686581	13.09919457	-0.20410077	0.21662101	13.09920738	-0.20424169
0.18940854	13.14605944	-0.29716832	0.18909874	13.14604403	-0.29730836
0.22225437	13.10571523	-0.19898631	0.22200642	13.10573224	-0.19912954
0.16996396	13.15303062	-0.40051177	0.16960985	13.15298702	-0.40064696
0.21380202	13.15896088	-0.42655291	0.21342934	13.15894370	-0.42670318
0.23572066	13.15151470	-0.31519241	0.23539544	13.15152742	-0.31534827
0.26807900	13.10917629	-0.20991530	0.26782172	13.10922257	-0.21007461
0.25686404	12.93460439	-0.06602089	0.25677568	12.93465756	-0.06615431
0.21947778	13.05085558	-0.11151324	0.21930106	13.05088132	-0.11164751
0.25564678	13.03817398	-0.12297946	0.25547247	13.03822149	-0.12312482
0.29640787	12.92141904	-0.07920909	0.29632199	12.92149373	-0.07935508
0.26588215	13.03621043	-0.12348859	0.26570814	13.03626476	-0.12363714
0.30760848	12.91955532	-0.08263111	0.30752190	12.91963666	-0.08278075
0.31106410	13.03485674	-0.13094119	0.31088592	13.03493862	-0.13110527
0.35139457	12.91190366	-0.08866665	0.35130917	12.91201184	-0.08883038
0.37750288	12.72307742	-0.09267484	0.37753674	12.72319741	-0.09282837
0.33741314	12.73663647	-0.08815759	0.33744059	12.73673130	-0.08829873
0.39555794	12.52765991	-0.12326657	0.39568672	12.52777747	-0.12340589
0.35799555	12.55166211	-0.11853929	0.35811543	12.55176092	-0.11866923
0.32602846	12.73880261	-0.08340622	0.32605625	12.73889102	-0.08354332
0.34581687	12.55443246	-0.11360540	0.34593733	12.55452541	-0.11373081
0.30018127	12.56811974	-0.09545886	0.30030179	12.56819010	-0.09556919
0.28397054	12.75608474	-0.06733693	0.28399336	12.75615072	-0.06746104
0.26483600	12.78248959	-0.92011378	0.26461596	12.78234305	-0.92020067
0.25446953	12.85280543	-0.89546001	0.25416296	12.85266748	-0.89557159
0.23554469	12.85883303	-0.83636196	0.23525056	12.85871705	-0.83646981
0.24661522	12.79793836	-0.85990068	0.24638215	12.79781547	-0.85999308
0.23891386	12.92504018	-0.84522150	0.23854742	12.92492447	-0.84534632
0.21946373	12.92353288	-0.78946140	0.21912655	12.92342357	-0.78957563
0.22609752	12.91923859	-0.77167435	0.22577326	12.91914389	-0.77179045
0.24758749	12.80387687	-0.83918281	0.24735641	12.80377166	-0.83927624
0.21939339	12.85925886	-0.82195525	0.21910855	12.85914250	-0.82206073
0.22460433	12.80185532	-0.84477698	0.22437519	12.80172972	-0.84486493
0.20853837	12.92306274	-0.77969525	0.20820982	12.92295462	-0.77980701
0.16799035	12.93516607	-0.76503763	0.16765765	12.93503486	-0.76514011
0.17594797	12.86774648	-0.80343704	0.17566367	12.86760431	-0.80353060
0.17818688	12.80405317	-0.82436524	0.17795681	12.80390158	-0.82444352
0.27016651	12.71215053	-0.94487710	0.27003312	12.71197597	-0.94492349
0.25459402	12.73664717	-0.88388494	0.25443087	12.73651779	-0.88395637
0.25633501	12.75241061	-0.86163922	0.25615405	12.75230117	-0.86171866
0.27423436	12.71592754	-0.87471618	0.27409659	12.71582647	-0.87478102
0.23370227	12.74408945	-0.87143700	0.23352676	12.74395969	-0.87150943
0.18500919	12.73634174	-0.85375761	0.18483787	12.73618041	-0.85381762
0.28417315	12.32839952	-0.16308327	0.28436449	12.32844928	-0.16315157
0.30163764	12.42509960	-0.12947452	0.30180372	12.42516708	-0.12956476
0.34936823	12.42346450	-0.14592565	0.34952464	12.42354977	-0.14603155
0.33474658	12.35388624	-0.17838370	0.33490845	12.35395838	-0.17847043
0.35335626	12.43606984	-0.15323527	0.35350699	12.43615654	-0.15334561
0.36307681	12.41647389	-0.15102233	0.36323190	12.41656265	-0.15113259
0.34895250	12.34844433	-0.18475421	0.34908457	12.34852834	-0.18483499
0.40013299	12.38315030	-0.15953566	0.40028399	12.38324337	-0.15965170
0.11895848	13.14081641	-0.47159819	0.11859002	13.14072829	-0.47171613
0.14883867	13.12758634	-0.48567648	0.14847028	13.12751430	-0.48580210
0.12222536	13.08846900	-0.57972845	0.12184711	13.08835970	-0.57984069
0.15747153	13.07324518	-0.59048209	0.15709668	13.07315521	-0.59060389
0.16084281	13.11630970	-0.49242965	0.16047744	13.11624363	-0.49255752
0.16661294	13.12273415	-0.49257608	0.16624172	13.12267255	-0.49270623
0.17652762	13.06660578	-0.58670367	0.17615597	13.06652903	-0.58683014
0.20248251	13.07204338	-0.62608560	0.20208516	13.07197745	-0.62622248
0.20186397	13.12861967	-0.52514007	0.20146865	13.12857649	-0.52528385
0.21810327	13.00129551	-0.74428203	0.21771211	13.00120487	-0.74441282
0.19687165	12.99652746	-0.69614134	0.19650951	12.99643535	-0.69626268
0.18255176	12.99959167	-0.69568088	0.18219155	12.99949114	-0.69579899
0.14430365	13.01430243	-0.68435549	0.14393921	13.01418004	-0.68446464
0.39359550	13.09192666	-0.26383143	0.39332043	13.09205275	-0.26402917
0.42945418	13.01158131	-0.18009161	0.42926607	13.01173708	-0.18029168
0.45856192	12.88098237	-0.13390441	0.45847608	12.88115645	-0.13410171
0.31017860	12.99079540	-0.86316761	0.30973155	12.99074091	-0.86333717
0.33412368	12.91234877	-0.95228222	0.33371683	12.91226131	-0.95244372
0.29231057	13.06043495	-0.75110922	0.29185434	13.06040343	-0.75127914
0.13668401	12.96192806	-0.06052759	0.13658359	12.96191011	-0.06062179
0.11440062	13.06603965	-0.10512409	0.11422156	13.06600424	-0.10522414
0.09250093	13.12944184	-0.17515055	0.09225810	13.12938503	-0.17525281
0.08661273	13.02785550	-0.62501278	0.08626067	13.02771083	-0.62510398
0.06657586	13.09334145	-0.54711791	0.06621073	13.09320308	-0.54721203
0.10580437	12.95566379	-0.67928171	0.10548465	12.95551550	-0.67936735
0.47385289	12.68588495	-0.13381236	0.47389606	12.68606004	-0.13399343
0.48371418	12.47654772	-0.16228377	0.48384406	12.47669059	-0.16244571
0.34363769	12.83120136	-1.00490338	0.34331578	12.83108917	-1.00502704
0.34512787	12.75578141	-1.03370191	0.34490311	12.75562888	-1.03378125
0.48459013	12.33871926	-0.20030266	0.48471183	12.33882073	-0.20043240
0.34454224	12.69560107	-1.05202404	0.34441751	12.69542746	-1.05204711
0.15945123	12.47213852	-0.10589006	0.15961416	12.47213262	-0.10593932
0.16503115	12.62823600	-0.07652981	0.16512442	12.62823206	-0.07659895
0.10832229	12.75440043	-0.74871732	0.10814768	12.75422360	-0.74876425
0.10833450	12.82320904	-0.72521101	0.10810583	12.82304436	-0.72527430
0.15548360	12.80750008	-0.05595202	0.15547976	12.80749230	-0.05603564
0.11026748	12.88879722	-0.70737438	0.10998869	12.88864331	-0.70744949
0.32859713	13.14414687	-0.50202578	0.32818777	13.14420176	-0.50221161
0.30227519	13.11527492	-0.62888590	0.30182963	13.11528704	-0.62906488
0.35948161	13.13615502	-0.37592808	0.35913173	13.13624710	-0.37612085
0.06301109	13.16366938	-0.34731028	0.06268184	13.16356998	-0.34741035
0.05951753	13.13976704	-0.44944796	0.05916393	13.13964669	-0.44954469
0.07468888	13.16094950	-0.25593150	0.07439664	13.16087093	-0.25603321
0.88368036	11.96923020	-0.58582222	0.88392678	11.96962295	-0.58598094
0.81676000	12.01719950	-0.47386000	0.81676000	12.01719950	-0.47386000
0.92515077	11.94231173	-0.71454042	0.92558547	11.94282955	-0.71467467
0.91243668	12.00875885	-0.71933936	0.91282663	12.00926784	-0.71946822
0.87603047	12.05498145	-0.63292994	0.87628283	12.05540870	-0.63306573
0.80707785	12.11633515	-0.52960204	0.80722309	12.11659034	-0.52969902
0.95911428	11.93510211	-0.83859266	0.95966974	11.93566963	-0.83869338
0.97860955	11.95113408	-0.94979180	0.97920262	11.95172315	-0.94986897
0.94612601	12.06905681	-0.93327039	0.94660228	12.06962645	-0.93335759
0.93164932	12.03874848	-0.81579022	0.93209907	12.03930462	-0.81590612
0.97778637	11.99321734	-1.04292392	0.97836847	11.99379024	-1.04298761
0.94265166	12.06744664	-1.12986842	0.94315621	12.06795826	-1.12992937
0.91916743	12.13004821	-1.10760074	0.91960598	12.13053877	-1.10767484
0.94331733	12.10364030	-1.03106830	0.94378379	12.10418022	-1.03114417
0.86100768	12.18455630	-1.22110199	0.86136802	12.18492744	-1.22117548
0.74309983	12.33413180	-1.27175375	0.74324733	12.33430184	-1.27183258
0.74720507	12.36273780	-1.20011909	0.74734924	12.36294555	-1.20020852
0.85902332	12.23068180	-1.15857999	0.85934321	12.23107582	-1.15866936
0.60071179	12.48264288	-1.23765135	0.60067033	12.48260058	-1.23764511
0.47051079	12.61287199	-1.15248458	0.47043654	12.61276658	-1.15245509
0.49420000	12.61570000	-1.07906000	0.49420000	12.61570000	-1.07906000
0.61447000	12.50220000	-1.16283000	0.61447000	12.50220000	-1.16283000
0.38264281	12.64646874	-1.04964226	0.38260114	12.64635242	-1.04962818
0.33197650	12.64692029	-0.95685311	0.33195516	12.64681011	-0.95684977
0.37140000	12.64100070	-0.89641000	0.37140000	12.64100070	-0.89641000
0.41679000	12.64250090	-0.98287004	0.41679000	12.64250090	-0.98287004
0.31359581	12.67887841	-0.89777554	0.31351252	12.67879475	-0.89781783
0.30936754	12.70652933	-0.87053313	0.30924482	12.70646313	-0.87059906
0.33781785	12.69475754	-0.81344675	0.33770919	12.69475024	-0.81352514
0.34712126	12.66960296	-0.84090337	0.34704483	12.66959557	-0.84096235
0.30040154	12.69376865	-0.87439963	0.30028773	12.69369312	-0.87446158
0.25731370	12.68359712	-0.84496568	0.25719975	12.68349914	-0.84502710
0.29777370	12.68113768	-0.77564785	0.29767437	12.68110356	-0.77572385
0.33671090	12.68335521	-0.81209136	0.33661142	12.68334677	-0.81216715
0.15104690	12.71905004	-0.71673452	0.15091009	12.71891551	-0.71678613
0.01918581	12.77268558	-0.57605557	0.01902387	12.77251183	-0.57607809
0.02339613	12.81051479	-0.49927876	0.02323100	12.81035915	-0.49931354
0.17518497	12.73445571	-0.64154995	0.17505201	12.73436582	-0.64161806
-0.09749833	12.81547085	-0.51315593	-0.09768345	12.81525111	-0.51314555
-0.20505695	12.84722150	-0.51693650	-0.20526909	12.84694905	-0.51688708
-0.20841795	12.91574131	-0.45663065	-0.20864139	12.91547441	-0.45658954
-0.09951624	12.87502818	-0.44308928	-0.09970825	12.87481731	-0.44308766
-0.31034776	12.86751303	-0.57662627	-0.31060585	12.86718614	-0.57653343
-0.40906522	12.87858092	-0.64420715	-0.40936968	12.87820700	-0.64407400
-0.42565791	12.90624600	-0.59238882	-0.42594971	12.90586874	-0.59225200
-0.31979674	12.92060151	-0.52157910	-0.32005510	12.92027550	-0.52148969
-0.49718968	12.88187846	-0.67212301	-0.49751825	12.88147239	-0.67195234
-0.57685803	12.87833687	-0.66021874	-0.57718479	12.87790451	-0.66000857
-0.57601144	12.88069892	-0.62483030	-0.57631885	12.88026646	-0.62462021
-0.51945048	12.88952466	-0.62383648	-0.51975712	12.88911178	-0.62365451
-0.65085497	12.86982348	-0.60851041	-0.65115160	12.86936415	-0.60825989
-0.69988639	12.85327877	-0.52890307	-0.70013170	12.85280011	-0.52862483
-0.66277487	12.86948467	-0.50068950	-0.66301077	12.86902161	-0.50043222
-0.62557090	12.87900763	-0.57757100	-0.62585296	12.87855754	-0.57733468
-0.70463400	12.82584963	-0.43371899	-0.70481278	12.82537063	-0.43343646
-0.67748579	12.77889604	-0.34403670	-0.67759714	12.77843247	-0.34376398
-0.65591831	12.78554098	-0.35698503	-0.65603937	12.78508594	-0.35672369
-0.66838776	12.83218225	-0.41716089	-0.66856117	12.83171929	-0.41689753
-0.63048643	12.70453651	-0.28097840	-0.63053234	12.70409663	-0.28072085
-0.55676034	12.64415320	-0.23244968	-0.55675235	12.64375066	-0.23222185
-0.53935535	12.70348275	-0.26375328	-0.53939186	12.70308528	-0.26354000
-0.61562177	12.74677701	-0.31348502	-0.61570365	12.74634164	-0.31323944
-0.44969363	12.63951229	-0.18525945	-0.44965974	12.63916277	-0.18508167
-0.32241797	12.61924352	-0.14949028	-0.32235396	12.61895973	-0.14936788
-0.30480706	12.67296484	-0.17838550	-0.30478493	12.67268680	-0.17827632
-0.43100439	12.69704456	-0.21514986	-0.43101331	12.69670095	-0.21498681
-0.18529729	12.51535727	-0.13619483	-0.18516838	12.51514967	-0.13612174
-0.03626656	12.40016898	-0.14364764	-0.03607918	12.40004743	-0.14361865
-0.03407653	12.46984677	-0.17478815	-0.03393659	12.46972200	-0.17476831
-0.17394927	12.57806209	-0.16509365	-0.17386575	12.57785706	-0.16503136
0.12502394	12.34041056	-0.16424280	0.12522715	12.34037908	-0.16426309
0.25340956	12.32230563	-0.18972465	0.25359758	12.32233657	-0.18978310
0.23269382	12.38193303	-0.24181946	0.23284351	12.38195030	-0.24188460
0.11508200	12.40765291	-0.20567696	0.11523860	12.40761085	-0.20570318
0.30318922	12.35669701	-0.21112975	0.30334560	12.35675102	-0.21121171
0.28840777	12.44046177	-0.28058650	0.28852568	12.44050826	-0.28067883
0.28036754	12.41264159	-0.26665317	0.28049710	12.41268353	-0.26673863
0.31448359	12.34703975	-0.22367398	0.31461086	12.34710604	-0.22375135
0.34620000	12.27620000	-0.23202000	0.34620000	12.27620000	-0.23202000
0.32039329	12.33362409	-0.29141876	0.32051963	12.33366547	-0.29149071
0.28756475	12.39885642	-0.28163690	0.28769334	12.39890387	-0.28172105
0.44425997	12.21770000	-0.27141000	0.44425997	12.21770000	-0.27141000
0.57587000	12.16340070	-0.32883000	0.57587000	12.16340070	-0.32883000
0.57039182	12.24384136	-0.38383351	0.57050641	12.24395244	-0.38393552
0.42841448	12.28659609	-0.32862803	0.42851611	12.28665102	-0.32870460
0.70622003	12.08180000	-0.39380000	0.70622003	12.08180000	-0.39380000
0.70100876	12.18266730	-0.44861452	0.70114357	12.18285437	-0.44873684
0.76443508	12.39606070	-1.04951127	0.76460748	12.39640253	-1.04963350
0.86756083	12.24813256	-1.04825934	0.86788154	12.24859247	-1.04836584
0.78431508	12.38045724	-0.86150944	0.78453126	12.38090853	-0.86164541
0.87694209	12.22728144	-0.90790228	0.87727957	12.22780347	-0.90802532
0.79707568	12.26578075	-0.67383040	0.79730274	12.26620387	-0.67397468
0.87682015	12.15345008	-0.75570992	0.87715611	12.15396031	-0.75583377
0.53352230	12.60938800	-0.90374876	0.53352062	12.60953225	-0.90384178
0.64737731	12.52427605	-0.99177124	0.64744193	12.52452945	-0.99190410
0.56541329	12.54063629	-0.69283793	0.56547597	12.54087329	-0.69299782
0.67875829	12.48151755	-0.78271297	0.67888349	12.48186990	-0.78287887
0.57168775	12.38823368	-0.51241415	0.57182155	12.38843309	-0.51256551
0.69366101	12.34265481	-0.59055344	0.69382898	12.34296009	-0.59071350
-0.21899454	12.91086533	-0.37178898	-0.21917910	12.91060539	-0.37174294
-0.11291731	12.86807823	-0.35627304	-0.11307200	12.86787558	-0.35626480
-0.24009999	12.85285372	-0.28522286	-0.24021678	12.85259464	-0.28516033
-0.13316964	12.80357951	-0.27207486	-0.13325172	12.80337818	-0.27205138
-0.01574369	12.73654544	-0.30779247	-0.01579563	12.73640639	-0.30780720
0.00694350	12.80268515	-0.40342830	0.00681717	12.80253832	-0.40345852
-0.27332559	12.76230704	-0.22237473	-0.27336908	12.76203949	-0.22228835
-0.15529479	12.69007447	-0.20978827	-0.15529050	12.68987180	-0.20974409
-0.02820828	12.60439485	-0.23094704	-0.02815896	12.60426280	-0.23094456
-0.55530822	12.90953168	-0.54257004	-0.55558160	12.90910827	-0.54237177
-0.58909687	12.90291270	-0.45076124	-0.58931920	12.90248038	-0.45054432
-0.48676426	12.92338894	-0.38970198	-0.48696481	12.92300288	-0.38953685
-0.45384898	12.93647357	-0.49534439	-0.45410672	12.93609219	-0.49519689
-0.60511008	12.83062690	-0.37170598	-0.60525976	12.83019266	-0.37147410
-0.51591779	12.82112900	-0.31336820	-0.51603507	12.82073741	-0.31317829
-0.33762611	12.93537730	-0.42774421	-0.33784897	12.93505379	-0.42764859
-0.36410414	12.89983413	-0.32905895	-0.36426474	12.89950913	-0.32894720
-0.39913769	12.80209526	-0.26037929	-0.39921962	12.80176240	-0.26024145
0.29310842	12.63974911	-0.65196700	0.29306190	12.63974873	-0.65205861
0.33486163	12.63658529	-0.67549650	0.33481818	12.63661131	-0.67559507
0.26731849	12.57277355	-0.50216286	0.26733702	12.57278587	-0.50225793
0.31369680	12.57201561	-0.51220466	0.31371604	12.57205558	-0.51231081
0.31776943	12.59005458	-0.49666096	0.31778059	12.59010033	-0.49677186
0.33579693	12.65090815	-0.66712743	0.33574422	12.65093743	-0.66722924
0.34305260	12.63339383	-0.68971095	0.34301347	12.63342188	-0.68981029
0.32023991	12.57585572	-0.51148983	0.32025942	12.57590230	-0.51160102
0.35267202	12.55623034	-0.55215804	0.35270397	12.55629201	-0.55227489
0.37250206	12.61484740	-0.74016500	0.37248126	12.61488902	-0.74025886
0.32810376	12.44140191	-0.39990879	0.32821318	12.44145995	-0.40001404
0.29562128	12.48812169	-0.37659281	0.29570963	12.48816299	-0.37669304
0.28987603	12.49220196	-0.37167229	0.28996070	12.49223881	-0.37176915
0.24242201	12.47778489	-0.35538252	0.24251351	12.47779713	-0.35546466
0.44595430	12.55530143	-0.61425836	0.44599668	12.55543988	-0.61439811
0.43871226	12.62252011	-0.81566651	0.43869390	12.62260125	-0.81575322
0.43478313	12.41322109	-0.44709236	0.43489837	12.41332626	-0.44721767
0.13785457	12.64018595	-0.41001288	0.13784056	12.64012147	-0.41007187
0.16365579	12.71065223	-0.53242722	0.16356632	12.71058605	-0.53249493
0.11990508	12.52308194	-0.29421519	0.11998113	12.52302917	-0.29425856
0.16228512	13.14540358	-0.39559567	0.16193905	13.14535572	-0.39572756
0.25903604	13.03188123	-0.13011735	0.25886265	13.03192998	-0.13026314
0.29885646	12.91802247	-0.08858419	0.29876925	12.91809732	-0.08873069
0.32853868	12.73810342	-0.09389191	0.32856317	12.73819212	-0.09402981
0.34900533	12.55873703	-0.12349118	0.34912074	12.55883075	-0.12361844
0.23968448	12.85815492	-0.81550618	0.23939978	12.85805512	-0.81561572
0.34002195	12.37599242	-0.18571662	0.34016837	12.37606721	-0.18580839
0.17475567	13.06139334	-0.58947343	0.17438710	13.06131453	-0.58959888
0.20040239	12.99136046	-0.68948728	0.20004798	12.99127315	-0.68960890
0.89789877	11.96392886	-0.57234764	0.89813273	11.96432423	-0.57250049
0.82712531	12.01976843	-0.45675746	0.82711198	12.01977781	-0.45676951
0.94254318	11.92804749	-0.70586589	0.94297894	11.92857571	-0.70598778
0.74649213	12.33271810	-1.28727553	0.74663282	12.33288777	-1.28735684
0.46073216	12.61848887	-1.16610080	0.46063750	12.61836039	-1.16606832
0.35317613	12.65680905	-1.05821492	0.35310945	12.65664059	-1.05820114
0.28716390	12.66072380	-0.96014184	0.28711542	12.66055159	-0.96014360
0.27260664	12.69119403	-0.89933500	0.27249955	12.69106363	-0.89937927
0.25596767	12.70264839	-0.88641736	0.25583482	12.70253506	-0.88648022
0.20771913	12.68839195	-0.86827884	0.20759253	12.68824408	-0.86832884
0.11943315	12.71030124	-0.75381314	0.11929781	12.71012824	-0.75385072
0.01126417	12.74373890	-0.62349350	0.01111402	12.74354502	-0.62350301
-0.19731790	12.78402094	-0.55785320	-0.19751423	12.78374889	-0.55779606
-0.30057728	12.82542207	-0.60779598	-0.30082817	12.82509658	-0.60770047
-0.48466356	12.88700419	-0.69438438	-0.48500485	12.88660217	-0.69421998
-0.56682207	12.88976377	-0.68273169	-0.56716443	12.88933438	-0.68252703
-0.71221960	12.85757921	-0.54038148	-0.71247329	12.85709528	-0.54009631
-0.18742343	12.52506351	-0.11415097	-0.18729129	12.52485681	-0.11407789
0.14278071	12.35617547	-0.13960331	0.14298439	12.35615688	-0.13963160
0.31059639	12.38452181	-0.22370924	0.31073495	12.38458128	-0.22379790
0.38376455	12.29438033	-0.19592449	0.38383238	12.29443228	-0.19600677
0.46953057	12.23767724	-0.23947173	0.46957020	12.23772275	-0.23954683
0.71422974	12.09220054	-0.37214466	0.71424359	12.09225368	-0.37218907
0.29645864	12.51532326	-0.36978228	0.29653315	12.51536437	-0.36988424
0.58390985	12.77986331	-0.54306537	0.58378791	12.78012131	-0.54329033
0.30402261	12.98999140	-0.53127764	0.30372150	12.99001982	-0.53143222
0.03365556	12.99508247	-0.26307198	0.03346160	12.99497523	-0.26313536
0.10175182	13.07781486	-0.30833607	0.10148705	13.07774245	-0.30843595
0.31957703	12.86950304	-0.29538424	0.31945291	12.86956658	-0.29553127
0.03021443	12.96758364	-0.42151008	0.02997677	12.96744740	-0.42156970
0.12340466	13.04565446	-0.41786704	0.12311623	13.04557584	-0.41797063
0.36612189	12.82430086	-0.69458531	0.36590907	12.82434908	-0.69472703
0.15838776	13.02944342	-0.17993820	0.15819997	13.02942279	-0.18004950
0.21956423	12.81487095	-0.79446178	0.21932826	12.81476286	-0.79455368
0.33003126	12.75914587	-0.53207954	0.32992118	12.75919514	-0.53220504
0.32727089	12.88702577	-0.84262043	0.32694171	12.88699536	-0.84276801
0.39550427	12.43695077	-0.24647639	0.39562111	12.43703329	-0.24659951
0.24484226	13.04738601	-0.44739122	0.24453501	13.04738296	-0.44753512
0.47677760	12.68637594	-0.66878683	0.47670983	12.68653862	-0.66894138
0.69778271	12.75253167	-0.77479032	0.69762798	12.75293854	-0.77507633
0.32799282	12.94088726	-0.20116051	0.32785029	12.94096889	-0.20131905
-0.42696028	12.90950517	-0.24370156	-0.42708809	12.90915977	-0.24356233
0.15380851	13.08191744	-0.24925793	0.15356136	13.08188524	-0.24937570
0.32282359	12.94701661	-0.68894078	0.32250441	12.94702863	-0.68909249
-0.51408063	12.90902993	-0.28382496	-0.51422515	12.90864132	-0.28364441
0.22881413	13.03214177	-0.32910197	0.22856509	13.03214300	-0.32923872
0.29160030	12.46037668	-0.20193427	0.29173090	12.46042996	-0.20202978
0.11939963	13.09908033	-0.37044216	0.11909671	13.09900841	-0.37055203
0.21000647	13.07779130	-0.48953728	0.20966323	13.07775768	-0.48967457
0.25596362	12.61342196	-0.24582086	0.25601294	12.61344975	-0.24592111
0.16787699	12.93774737	-0.50926684	0.16762611	12.93768008	-0.50936933
0.27634426	12.89104753	-0.83242091	0.27601872	12.89097293	-0.83255029
0.28337844	12.84032760	-0.83555504	0.28310625	12.84025615	-0.83567118
0.23084418	13.02244390	-0.54536523	0.23051635	13.02241416	-0.54550180
0.37718469	12.80056124	-0.19914437	0.37713156	12.80066977	-0.19930570
0.49900052	12.59364427	-0.43426352	0.49902693	12.59381064	-0.43443069
0.30480130	12.76060600	-0.88798341	0.30461648	12.76052841	-0.88806869
0.16073953	12.96474845	-0.64448962	0.16042182	12.96464500	-0.64459369
0.39244524	12.37662316	-0.22325853	0.39256995	12.37669044	-0.22336703
0.35942590	12.48476271	-0.31349905	0.35952529	12.48483790	-0.31362079
0.19603352	12.86911356	-0.18751748	0.19594363	12.86911489	-0.18762239
0.38894611	12.73041118	-0.91040169	0.38880027	12.73041747	-0.91048692
0.29631984	12.79299743	-0.84952119	0.29609873	12.79293138	-0.84962232
0.14596119	13.11426653	-0.28154631	0.14568174	13.11422579	-0.28166669
0.41619362	12.60795881	-0.24861150	0.41625180	12.60808138	-0.24876119
0.21461418	12.85995919	-0.77124090	0.21434246	12.85985631	-0.77134259
0.42764137	12.71400525	-0.82777604	0.42752178	12.71407967	-0.82788537
0.82642401	12.74956146	-0.87110014	0.82623074	12.75015146	-0.87149911
0.56474411	12.79298320	-0.92884312	0.56448863	12.79318705	-0.92905942
0.34237639	12.68716570	-0.20009227	0.34239365	12.68724945	-0.20022873
0.25232702	12.76377650	-0.18232573	0.25230417	12.76381023	-0.18243960
