0.84507527	12.73997791	-0.41830699	0.84337721	12.74088756	-0.41773015
0.81526074	12.87794709	-0.44715856	0.81324520	12.87878532	-0.44662427
0.89267992	12.83701984	-0.54490209	0.89103570	12.83801239	-0.54422872
0.92553294	12.70401581	-0.53012926	0.92419897	12.70507601	-0.52940506
0.77257152	12.96844635	-0.50779890	0.77046282	12.96917022	-0.50734386
0.85385815	12.92280801	-0.58811497	0.85209546	12.92370946	-0.58750963
0.90400154	12.88019137	-0.64814043	0.90248754	12.88118885	-0.64746358
0.94280559	12.81054376	-0.64217361	0.94145625	12.81162748	-0.64142901
0.97756681	12.68159442	-0.64296593	0.97650864	12.68274236	-0.64216447
0.71630954	12.76757475	-1.16326681	0.71600851	12.76797010	-1.16301921
0.83870527	12.71786725	-1.14073639	0.83844222	12.71854847	-1.14027921
0.80631230	12.82430592	-1.07218222	0.80574327	12.82495618	-1.07177862
0.68412663	12.86981480	-1.08976623	0.68353215	12.87020617	-1.08959229
0.93964456	12.68490539	-1.07731004	0.93933766	12.68585154	-1.07666780
0.90568531	12.79585044	-1.01877865	0.90506439	12.79673577	-1.01818828
0.86546019	12.86418636	-0.96844074	0.86462517	12.86500712	-0.96791628
0.78656632	12.90462167	-0.98436641	0.78570216	12.90529028	-0.98398287
0.66447543	12.94985862	-0.99064788	0.66355093	12.95027839	-0.99048455
0.58722322	12.83616237	-0.20830130	0.58459491	12.83653810	-0.20826263
0.56788131	12.97292526	-0.25623522	0.56493911	12.97322221	-0.25623560
0.70349134	12.92592185	-0.34784594	0.70102456	12.92652946	-0.34753470
0.72597952	12.78672654	-0.30722758	0.72383063	12.78740483	-0.30688661
0.53746475	13.05880550	-0.34105705	0.53453809	13.05898436	-0.34113426
0.66724453	13.01586425	-0.42398033	0.66473432	13.01634854	-0.42374520
0.46571490	12.88143691	-1.06456414	0.46510199	12.88137911	-1.06478301
0.59256311	12.82777165	-1.13648000	0.59214020	12.82793601	-1.13647465
0.56093408	12.92017823	-1.06430637	0.56021900	12.92032824	-1.06434750
0.43610770	12.96382969	-0.99021520	0.43515013	12.96372479	-0.99049723
0.53957234	12.99481982	-0.96282573	0.53848992	12.99496308	-0.96289971
0.41393242	13.03315684	-0.88781410	0.41257794	13.03301068	-0.88815619
-0.02521756	12.98557008	-0.07175707	-0.02884325	12.98417457	-0.07342119
-0.15307631	12.99638212	-0.09440747	-0.15662704	12.99464778	-0.09643010
-0.15571314	13.06981707	-0.14107577	-0.15932913	13.06807786	-0.14311099
-0.03176650	13.07294713	-0.11597585	-0.03552199	13.07154379	-0.11767245
-0.27126280	12.99747430	-0.13107007	-0.27469342	12.99545192	-0.13339267
-0.27228777	13.05891202	-0.17956677	-0.27574945	13.05689335	-0.18189206
-0.27334209	13.10016012	-0.24512290	-0.27673166	13.09815292	-0.24744518
-0.15763139	13.11673299	-0.20732377	-0.16119716	13.11499685	-0.20936685
-0.03662956	13.12692270	-0.18203134	-0.04034818	13.12550907	-0.18375485
0.02391261	12.97151850	-0.59608379	0.02185421	12.97023465	-0.59756889
0.00810595	13.03382159	-0.57079114	0.00579289	13.03248553	-0.57234443
-0.07298548	13.03535814	-0.56063851	-0.07537682	13.03381481	-0.56243977
-0.05830502	12.97922234	-0.57616144	-0.06049596	12.97771714	-0.57790954
-0.01225221	13.08775197	-0.52359724	-0.01486199	13.08636114	-0.52523399
-0.09505378	13.08158451	-0.52505705	-0.09766428	13.07998624	-0.52692709
-0.18830022	13.07412807	-0.54155696	-0.19088640	13.07231141	-0.54367427
-0.16534167	13.03319459	-0.57735236	-0.16774133	13.03143284	-0.57940409
-0.15035315	12.98205593	-0.59471412	-0.15257946	12.98034743	-0.59672146
0.98680197	12.29243483	-0.66902409	0.98671749	12.29355975	-0.66823608
0.96756505	12.07326409	-0.68536203	0.96807921	12.07433457	-0.68468140
0.91387484	12.09933368	-0.55047849	0.91397215	12.10011558	-0.54992669
0.92723252	12.30667662	-0.53431044	0.92685855	12.30761128	-0.53363801
0.83494409	12.14827344	-0.42986976	0.83473411	12.14873584	-0.42949412
0.84100067	12.33134403	-0.40950025	0.84038616	12.33208239	-0.40897968
0.98080683	12.38328016	-1.13882490	0.98125213	12.38436338	-1.13810949
0.88576572	12.44305371	-1.20843713	0.88613762	12.44386502	-1.20787863
0.88242483	12.28354798	-1.23315685	0.88324260	12.28436342	-1.23258230
0.97476642	12.19199192	-1.15416169	0.97572962	12.19309104	-1.15347085
0.75790445	12.51809940	-1.23810534	0.75805263	12.51850258	-1.23776938
0.75534349	12.39793029	-1.26939184	0.75589822	12.39835053	-1.26903352
0.87093272	12.17881944	-1.24102183	0.87202354	12.17961659	-1.24046535
0.95679023	12.05729604	-1.15236124	0.95813614	12.05836223	-1.15170326
0.99124485	12.50161854	-0.65418480	0.99063329	12.50278533	-0.65336684
0.93372553	12.51732153	-0.52804817	0.93284655	12.51836184	-0.52731702
0.84849451	12.54546488	-0.40663533	0.84731566	12.54635146	-0.40606141
0.86812253	12.58927723	-1.18182518	0.86813067	12.58999746	-1.18131616
0.96721929	12.54752059	-1.11533516	0.96725986	12.54854120	-1.11464205
0.74277608	12.64582374	-1.20749171	0.74271869	12.64620590	-1.20717099
0.59600140	12.42170640	-0.22532739	0.59487895	12.42210441	-0.22523173
0.59355614	12.63671934	-0.20312743	0.59158703	12.63711938	-0.20307894
0.72832480	12.58761141	-0.29634725	0.72678443	12.58828088	-0.29601863
0.72415594	12.37293331	-0.30732158	0.72329395	12.37348929	-0.30702027
0.46859274	12.70466101	-1.15099917	0.46849110	12.70459467	-1.15105895
0.61218030	12.61512624	-1.21917907	0.61218533	12.61518188	-1.21910465
0.60853952	12.71955326	-1.18570439	0.60840433	12.71968840	-1.18564236
0.47295504	12.78860590	-1.11765597	0.47262346	12.78855271	-1.11779930
0.58616308	12.17513770	-0.30172522	0.58607381	12.17521684	-0.30170394
0.59512047	12.28199829	-0.26205999	0.59457528	12.28230902	-0.26194807
0.72172519	12.21760614	-0.33684159	0.72134038	12.21799612	-0.33661750
0.60148345	12.48686641	-1.25184986	0.60170214	12.48687037	-1.25185657
0.60731546	12.53438775	-1.24356458	0.60743642	12.53442527	-1.24355690
0.46275592	12.64896256	-1.16654211	0.46274330	12.64889093	-1.16656413
-0.01445285	12.70780612	-0.07056706	-0.01722672	12.70645816	-0.07216951
-0.16349509	12.77517134	-0.07876976	-0.16647271	12.77340131	-0.08081565
-0.15447059	12.89811405	-0.07615059	-0.15779253	12.89636997	-0.07817354
-0.01636112	12.86216439	-0.05997710	-0.01964339	12.86079671	-0.06162346
-0.29943853	12.82569014	-0.10388280	-0.30248398	12.82359366	-0.10628657
-0.28140460	12.92095063	-0.10753835	-0.28469315	12.91890117	-0.10988827
0.02125946	12.84198565	-0.62501130	0.01964272	12.84069869	-0.62647265
0.02673923	12.90742770	-0.61245765	0.02490230	12.90615494	-0.61392106
-0.05489163	12.91745590	-0.58544865	-0.05688443	12.91597271	-0.58717549
-0.06266714	12.85270300	-0.58951593	-0.06448003	12.85122410	-0.59126025
-0.14686159	12.92482332	-0.60294548	-0.14892693	12.92314532	-0.60494845
-0.15626774	12.86405824	-0.60201330	-0.15817867	12.86238216	-0.60405765
-0.04053371	12.41198961	-0.12502591	-0.04215591	12.41058662	-0.12656174
-0.18334715	12.62796196	-0.09690948	-0.18584589	12.62615487	-0.09899259
-0.02727372	12.53718582	-0.09451692	-0.02941270	12.53582420	-0.09609303
-0.33471339	12.62013531	-0.13642900	-0.33715970	12.61796235	-0.13895542
-0.32162842	12.70785513	-0.11602702	-0.32435057	12.70570532	-0.11850211
0.01198012	12.77566159	-0.63688087	0.01057218	12.77436042	-0.63836039
-0.08167663	12.78638167	-0.58705641	-0.08333763	12.78488606	-0.58886868
-0.09969228	12.75932087	-0.56740066	-0.10135194	12.75779119	-0.56928426
-0.18020353	12.80159834	-0.59041442	-0.18200135	12.79989482	-0.59255182
-0.39295550	12.99425945	-0.18063974	-0.39623178	12.99198047	-0.18324169
-0.38514632	13.04458738	-0.22634396	-0.38843116	13.04234218	-0.22891976
-0.50222941	12.98742579	-0.23731826	-0.50533318	12.98493203	-0.24012963
-0.48251715	13.02834008	-0.27825822	-0.48562179	13.02590175	-0.28102508
-0.46039360	13.06175757	-0.32848395	-0.46345874	13.05937022	-0.33120363
-0.37513689	13.08178008	-0.28549731	-0.37836639	13.07956390	-0.28805453
-0.26956533	13.03071066	-0.59714047	-0.27198028	13.02872961	-0.59944081
-0.25497799	12.98555958	-0.62207458	-0.25724564	12.98362365	-0.62434484
-0.29006763	13.06704997	-0.55674866	-0.29264335	13.06502138	-0.55909858
-0.38459909	13.05844248	-0.56542342	-0.38717567	13.05623413	-0.56797359
-0.36952903	13.02726695	-0.61027259	-0.37196622	13.02508748	-0.61278702
-0.35975251	12.98901754	-0.64412721	-0.36207732	12.98686150	-0.64662069
-0.25615873	12.93709746	-0.63797004	-0.25828779	12.93517807	-0.64024933
-0.36708222	12.95018857	-0.66898533	-0.36929120	12.94803810	-0.67149915
-0.38176444	12.91292052	-0.68318192	-0.38390477	12.91075657	-0.68573003
-0.26880990	12.88764324	-0.64269553	-0.27083334	12.88571675	-0.64501172
-0.54626161	12.88159134	-0.19685950	-0.54922247	12.87900783	-0.19977994
-0.56600876	12.75961553	-0.20263839	-0.56868640	12.75701509	-0.20564113
-0.64206856	12.79654771	-0.26016206	-0.64472056	12.79381733	-0.26328967
-0.62409983	12.89256638	-0.25913234	-0.62695770	12.88987240	-0.26217190
-0.57394775	12.65497713	-0.22006436	-0.57637243	12.65239828	-0.22311569
-0.64931559	12.71400560	-0.27225463	-0.65177476	12.71128909	-0.27542917
-0.69760253	12.78397860	-0.34232566	-0.70007168	12.78116821	-0.34556888
-0.69144288	12.83630591	-0.33629967	-0.69404130	12.83352066	-0.33947538
-0.67552720	12.89947013	-0.33769826	-0.67824504	12.89673587	-0.34079370
-0.46425199	12.64479662	-0.17220847	-0.46673503	12.64239141	-0.17503064
-0.45342561	12.74092695	-0.15303466	-0.45615429	12.73852083	-0.15581349
-0.43174598	12.86029316	-0.14443212	-0.43477562	12.85792623	-0.14713620
-0.47746648	12.92863764	-0.69417786	-0.47969525	12.92636273	-0.69692190
-0.48420937	12.90157056	-0.70475390	-0.48641454	12.89929811	-0.70752242
-0.39387589	12.87962446	-0.68510915	-0.39595996	12.87744982	-0.68768304
-0.56405718	12.93402624	-0.67430933	-0.56637325	12.93175507	-0.67725094
-0.56864247	12.90733722	-0.68911463	-0.57092313	12.90508702	-0.69209309
-0.40468552	12.86277152	-0.67482106	-0.40674862	12.86057853	-0.67742223
-0.28847243	12.83945481	-0.63514734	-0.29040526	12.83750119	-0.63751501
0.89545496	12.88778266	-0.89955897	0.89442614	12.88869328	-0.89895943
0.79490229	12.95421126	-0.88622827	0.79372729	12.95491743	-0.88579485
0.91112179	12.90246711	-0.81070215	0.90988343	12.90343012	-0.81005462
0.81532144	12.97440393	-0.78150341	0.81388156	12.97517585	-0.78100252
0.70398573	13.02936690	-0.74108852	0.70230374	13.02989583	-0.74079757
0.67561194	13.00488521	-0.87040572	0.67430077	13.00534877	-0.87018758
0.91156334	12.89883193	-0.71871810	0.91015914	12.89982402	-0.71804429
0.83151292	12.96592440	-0.67482127	0.82984435	12.96675478	-0.67427199
0.73594108	13.01794267	-0.61356176	0.73397785	13.01856265	-0.61319127
0.99889140	12.67488734	-0.98216054	0.99845971	12.67601464	-0.98139520
0.96013844	12.79624538	-0.93731475	0.95937353	12.79729261	-0.93661171
1.02132391	12.67564187	-0.87060536	1.02071203	12.67684526	-0.86977699
0.97919012	12.80591422	-0.84035207	0.97822801	12.80703203	-0.83959373
1.01184815	12.67487722	-0.75726037	1.01102541	12.67608347	-0.75642525
0.97251096	12.80567100	-0.74097576	0.97136227	12.80679559	-0.74020355
0.55464092	13.04956823	-0.82626228	0.55311249	13.04975755	-0.82628680
0.58979530	13.07560385	-0.67719699	0.58782783	13.07586997	-0.67714019
0.46453435	13.11339816	-0.59590769	0.46221248	13.11335255	-0.59615536
0.42918773	13.08640050	-0.74796740	0.42735107	13.08627005	-0.74828533
0.62838190	13.06495439	-0.53879969	0.62606065	13.06531850	-0.53865117
0.50171411	13.10486063	-0.45751032	0.49900388	13.10491877	-0.45767224
-0.39337281	13.07589706	-0.50756484	-0.39609465	13.07366479	-0.51013747
-0.47670070	13.05762142	-0.52020214	-0.47937683	13.05529596	-0.52292743
-0.45663923	13.04625474	-0.56255298	-0.45921734	13.04396515	-0.56524885
-0.40569751	13.08193348	-0.44457470	-0.40854659	13.07966941	-0.44717986
-0.49900728	13.05947078	-0.47568058	-0.50176882	13.05710225	-0.47843901
-0.58322065	13.03333355	-0.50483435	-0.58589842	13.03086792	-0.50772131
-0.54550679	13.03531533	-0.53739555	-0.54812882	13.03291321	-0.54022312
-0.50773723	13.03367088	-0.56362588	-0.51030230	13.03131380	-0.56639280
-0.43145051	13.07845865	-0.38440277	-0.43442869	13.07613792	-0.38706231
-0.51301562	13.05520493	-0.42432171	-0.51586502	13.05279528	-0.42710697
-0.52809957	13.04060784	-0.37342081	-0.53102725	13.03815467	-0.37623993
-0.57346842	13.02373261	-0.40572861	-0.57629666	13.02122055	-0.40861192
-0.58521576	13.02902452	-0.45433499	-0.58797579	13.02652989	-0.45723032
-0.02884820	13.12674142	-0.44185482	-0.03180657	13.12531589	-0.44355888
-0.12012507	13.11373398	-0.45463014	-0.12301521	13.11207628	-0.45657820
-0.03916560	13.14832930	-0.34659183	-0.04246952	13.14689415	-0.34833578
-0.14172883	13.13141545	-0.36822319	-0.14490549	13.12970965	-0.37023426
-0.24218288	13.11388461	-0.39955820	-0.24521123	13.11195260	-0.40181063
-0.21567130	13.10046450	-0.47786869	-0.21847619	13.09859620	-0.48005818
-0.04039682	13.15022404	-0.25945141	-0.04394719	13.14879755	-0.26119576
-0.15361215	13.13482881	-0.28442570	-0.15702005	13.13310294	-0.28646207
-0.26246128	13.11614254	-0.32003676	-0.26569809	13.11416868	-0.32233298
0.99458996	11.97857846	-1.05585636	0.99612982	11.97980633	-1.05516836
1.01610737	12.12365661	-1.05379106	1.01713857	12.12490061	-1.05304727
0.99662002	11.93368293	-0.95050172	0.99818911	11.93490226	-0.94983499
1.02164047	12.08053386	-0.93955295	1.02264144	12.08180548	-0.93879202
1.03918395	12.29838294	-0.92392914	1.03953671	12.29965711	-0.92309626
1.02821927	12.33282287	-1.03994905	1.02865590	12.33404707	-1.03914877
0.97738427	11.91706806	-0.83173017	0.97879649	11.91818570	-0.83109167
1.00440257	12.06524360	-0.81626859	1.00523349	12.06645473	-0.81553013
1.02478699	12.28737153	-0.79960039	1.02496049	12.28861264	-0.79876708
1.02233783	12.51853727	-1.01569968	1.02230504	12.51972607	-1.01489739
1.04043329	12.50127485	-0.90032367	1.04025737	12.50252315	-0.89946389
1.02847273	12.49593061	-0.77903477	1.02809959	12.49716766	-0.77816693
-0.65029332	12.92878729	-0.62183791	-0.65275676	12.92643115	-0.62486933
-0.65698861	12.89906896	-0.63378399	-0.65943812	12.89673965	-0.63684997
-0.70837943	12.91835863	-0.54192241	-0.71093297	12.91584220	-0.54497862
-0.71877664	12.88220062	-0.54788240	-0.72131381	12.87969822	-0.55096970
-0.65875738	12.87570418	-0.63517791	-0.66120134	12.87338274	-0.63826709
-0.71037260	12.90840052	-0.43969450	-0.71299382	12.90571546	-0.44278120
-0.72375413	12.86323923	-0.44068002	-0.72629573	12.86052257	-0.44380103
-0.72663032	12.82750287	-0.44241956	-0.72911972	12.82478218	-0.44557320
-0.30663581	13.08899761	-0.49450326	-0.30938713	13.08693198	-0.49689909
-0.32526950	13.09876733	-0.42218623	-0.32821314	13.09666293	-0.42462858
-0.35159746	13.09806835	-0.35170129	-0.35469704	13.09590590	-0.35420002
-0.60399205	12.94497778	-0.27176811	-0.60693141	12.94233448	-0.27475249
-0.52392832	12.94794475	-0.20930653	-0.52700635	12.94540289	-0.21216280
-0.65790677	12.93971270	-0.34688149	-0.66068887	12.93702064	-0.34993151
-0.63472422	12.96936881	-0.36370980	-0.63753848	12.96673270	-0.36671247
-0.58097049	12.97707279	-0.29607431	-0.58392365	12.97448971	-0.29900135
-0.40981575	12.93876541	-0.15362251	-0.41301782	12.93644480	-0.15626745
-0.46456291	12.95964554	-0.67578288	-0.46684587	12.95736644	-0.67848995
-0.45282377	12.99194523	-0.64752670	-0.45518612	12.98967540	-0.65021634
-0.53696081	12.99112526	-0.63046080	-0.53938879	12.98879365	-0.63329748
-0.55273034	12.96279451	-0.65646373	-0.55509619	12.96048900	-0.65935030
-0.66716045	12.97551671	-0.53032206	-0.66975628	12.97300308	-0.53331207
-0.69142588	12.94803681	-0.53661072	-0.69400207	12.94552087	-0.53963778
-0.63663017	12.95702066	-0.60905037	-0.63911110	12.95463717	-0.61203794
-0.61587140	12.98415174	-0.59122487	-0.61838680	12.98175180	-0.59416993
-0.63515205	13.00465866	-0.52140635	-0.63778815	13.00216938	-0.52435450
-0.58869728	13.01044707	-0.56421233	-0.59126707	13.00804031	-0.56711133
-0.51896615	13.01674822	-0.59113175	-0.52147084	13.01439515	-0.59392562
-0.69295103	12.94162795	-0.44227599	-0.69561075	12.93897278	-0.44532366
-0.66859345	12.96974488	-0.44821660	-0.67127392	12.96712877	-0.45122212
-0.60245152	13.00051477	-0.38806329	-0.60527430	12.99794787	-0.39100120
-0.63486120	12.99984146	-0.45726932	-0.63757503	12.99728687	-0.46023012
-0.55323911	13.01177693	-0.33031359	-0.55619972	13.00926045	-0.33318611
-0.44944138	13.02260387	-0.60738458	-0.45190566	13.02032761	-0.61006480
0.16821876	13.11867979	-0.18994235	0.16438858	13.11786810	-0.19111800
0.13967256	13.15680070	-0.27544864	0.13609590	13.15587630	-0.27671524
0.16746091	13.14492321	-0.29011876	0.16396079	13.14408389	-0.29129776
0.19991721	13.10554984	-0.20162184	0.19610294	13.10482207	-0.20275772
0.12034465	13.16351565	-0.37065253	0.11704932	13.16251595	-0.37194096
0.14669250	13.15240609	-0.38734768	0.14348980	13.15147843	-0.38854565
0.17220451	13.13603308	-0.30012301	0.16876075	13.13520389	-0.30128791
0.20424097	13.09714159	-0.20804646	0.20044703	13.09641879	-0.20918442
0.17876710	13.14383436	-0.30114047	0.17531202	13.14302760	-0.30228976
0.20955839	13.10373127	-0.20296595	0.20572332	13.10302573	-0.20408659
0.16095744	13.15060286	-0.40433874	0.15782001	13.14971276	-0.40549006
0.20512383	13.15679093	-0.42985830	0.20206679	13.15602909	-0.43087685
0.22552051	13.14954479	-0.31852154	0.22212708	13.14886911	-0.31954420
0.25518772	13.10768917	-0.21369151	0.25134551	13.10715648	-0.21475836
0.24442148	12.93297337	-0.06871497	0.24085489	12.93240286	-0.06963659
0.20613079	13.04912132	-0.11498734	0.20224158	13.04842878	-0.11606013
0.24179814	13.03649099	-0.12645614	0.23787326	13.03589980	-0.12750137
0.28420570	12.92013612	-0.08153386	0.28072905	12.91970917	-0.08234272
0.25147143	13.03469328	-0.12683789	0.24748232	13.03414782	-0.12785963
0.29532733	12.91843853	-0.08487622	0.29185641	12.91805524	-0.08566003
0.29395634	13.03418185	-0.13493401	0.28958333	13.03384028	-0.13600294
0.33933048	12.91138206	-0.09043155	0.33592724	12.91117959	-0.09110589
0.36758874	12.72230460	-0.09342494	0.36495301	12.72211404	-0.09394168
0.32729974	12.73564619	-0.08952172	0.32459067	12.73534609	-0.09015619
0.38779970	12.52693477	-0.12351529	0.38593481	12.52682504	-0.12392284
0.34992918	12.55068359	-0.11926285	0.34795386	12.55045635	-0.11977456
0.31585801	12.73773135	-0.08489131	0.31312321	12.73739667	-0.08555466
0.33766376	12.55339526	-0.11448125	0.33565750	12.55313539	-0.11502378
0.29165555	12.56676199	-0.09692215	0.28953344	12.56636609	-0.09759562
0.27350821	12.75466017	-0.06932646	0.27065270	12.75419280	-0.07011710
0.26426362	12.78171786	-0.92182472	0.26365359	12.78121086	-0.92243287
0.25351296	12.85181782	-0.89728753	0.25263262	12.85126379	-0.89796277
0.23383410	12.85751734	-0.83847301	0.23280202	12.85691334	-0.83922253
0.24532360	12.79677649	-0.86187838	0.24451736	12.79620379	-0.86257431
0.23721589	12.92371831	-0.84735220	0.23603413	12.92312192	-0.84810749
0.21692156	12.92191989	-0.79190864	0.21560300	12.92124705	-0.79273167
0.22329166	12.91757696	-0.77403587	0.22194028	12.91691622	-0.77484975
0.24602041	12.80260471	-0.84118246	0.24515478	12.80203060	-0.84189025
0.21743540	12.85770675	-0.82429274	0.21637851	12.85704190	-0.82511080
0.22311697	12.80044053	-0.84711936	0.22227339	12.79980185	-0.84790243
0.20580539	12.92129525	-0.78226966	0.20446772	12.92058408	-0.78313736
0.16492924	12.93307621	-0.76814666	0.16351993	12.93223689	-0.76914745
0.17368012	12.86587476	-0.80639075	0.17256065	12.86506758	-0.80734818
0.17644542	12.80227487	-0.82733378	0.17554533	12.80147361	-0.82827472
0.27002162	12.71153071	-0.94648716	0.26969357	12.71099736	-0.94699401
0.25378558	12.73562198	-0.88579927	0.25322085	12.73508082	-0.88644760
0.25526074	12.75126356	-0.86356302	0.25460003	12.75072224	-0.86423153
0.27343044	12.71494874	-0.87642853	0.27292193	12.71447392	-0.87701342
0.23281320	12.74281447	-0.87371902	0.23220721	12.74220143	-0.87446913
0.18399603	12.73470325	-0.85677319	0.18336930	12.73393086	-0.85769113
0.27847588	12.32696229	-0.16429073	0.27738062	12.32651551	-0.16485124
0.29484204	12.42370649	-0.13057892	0.29332857	12.42331618	-0.13114909
0.34291190	12.42250653	-0.14643937	0.34149276	12.42229081	-0.14685876
0.32936790	12.35275929	-0.17889227	0.32831104	12.35247893	-0.17928322
0.34685574	12.43512147	-0.15371585	0.34541380	12.43491184	-0.15413351
0.35682166	12.41565642	-0.15135605	0.35546262	12.41549965	-0.15173341
0.34447014	12.34739664	-0.18507289	0.34359473	12.34719029	-0.18537207
0.39458244	12.38280026	-0.15941041	0.39342854	12.38280111	-0.15966702
0.11081157	13.13810012	-0.47574752	0.10793026	13.13706578	-0.47702440
0.14096937	13.12503010	-0.48947148	0.13817609	13.12407914	-0.49065083
0.11562555	13.08573373	-0.58363315	0.11324925	13.08470508	-0.58485628
0.15113558	13.07070932	-0.59397920	0.14884819	13.06978701	-0.59508652
0.15313156	13.11381277	-0.49608221	0.15039736	13.11289744	-0.49722386
0.15887913	13.12028327	-0.49617962	0.15613395	13.11937773	-0.49730819
0.17025026	13.06419693	-0.58997694	0.16797489	13.06333362	-0.59102183
0.19685338	13.06984510	-0.62892987	0.19468902	13.06906969	-0.62988287
0.19461989	13.12628586	-0.52833602	0.19197089	13.12548729	-0.52934530
0.21463242	12.99947805	-0.74676411	0.21298784	12.99878382	-0.74761781
0.19259573	12.99447781	-0.69897665	0.19083156	12.99370762	-0.69990890
0.17814840	12.99740386	-0.69871160	0.17637943	12.99658493	-0.69969716
0.13955707	13.01181601	-0.68789464	0.13771669	13.01087615	-0.68900974
0.38304136	13.09085350	-0.26476553	0.37967769	13.09063678	-0.26526891
0.41735310	13.01091014	-0.18049239	0.41384984	13.01081862	-0.18091157
0.44756539	12.88073331	-0.13398224	0.44446749	12.88078364	-0.13432748
0.30864085	12.98975504	-0.86428697	0.30733213	12.98935903	-0.86486301
0.33382732	12.91183900	-0.95304812	0.33290462	12.91151202	-0.95353912
0.28888499	13.05896849	-0.75260221	0.28710760	13.05849275	-0.75325337
0.12447064	12.95934452	-0.06434879	0.12083532	12.95838365	-0.06561015
0.10185027	13.06346909	-0.10934024	0.09800770	13.06245097	-0.11068351
0.08065209	13.12681402	-0.17971968	0.07685280	13.12574431	-0.18112731
0.08088386	13.02496803	-0.62926634	0.07880553	13.02384993	-0.63057420
0.05944662	13.09028808	-0.55169244	0.05693642	13.08909852	-0.55310716
0.10134950	12.95298296	-0.68329473	0.09964462	12.95193364	-0.68451952
0.46469927	12.68559146	-0.13336144	0.46232875	12.68567772	-0.13361465
0.47698589	12.47646256	-0.16154641	0.47545647	12.47662021	-0.16172639
0.34403410	12.83100134	-1.00554703	0.34345651	12.83070959	-1.00595055
0.34572223	12.75574679	-1.03431846	0.34539448	12.75541068	-1.03462958
0.48054634	12.33894068	-0.19929627	0.47976338	12.33914671	-0.19933588
0.34523095	12.69569768	-1.05273935	0.34514068	12.69534934	-1.05295761
0.15175346	12.46973674	-0.10878967	0.14994730	12.46890412	-0.10982009
0.15576585	12.62587701	-0.07963770	0.15334583	12.62504981	-0.08072150
0.10579248	12.75200814	-0.75271045	0.10483015	12.75096969	-0.75388065
0.10515619	12.82071586	-0.72912464	0.10393963	12.81967447	-0.73030388
0.14468669	12.80499631	-0.05938786	0.14160277	12.80410655	-0.06056144
0.10646740	12.88624149	-0.71122744	0.10501118	12.88520797	-0.71241219
0.32124339	13.14248133	-0.50360629	0.31851800	13.14204360	-0.50424593
0.29681597	13.11356074	-0.63048733	0.29455348	13.11307661	-0.63115738
0.35042361	13.13476034	-0.37723907	0.34732203	13.13442275	-0.37782489
0.05327655	13.16070630	-0.35222130	0.04993302	13.15952692	-0.35370650
0.05108057	13.13672634	-0.45423147	0.04813013	13.13552089	-0.45570384
0.06387739	13.15813698	-0.26073739	0.06026730	13.15700835	-0.26218939
0.88353754	11.96865150	-0.58323436	0.88410732	11.96935093	-0.58293564
0.81676000	12.01719950	-0.47386000	0.81676000	12.01719950	-0.47386000
0.92476777	11.94157541	-0.71139957	0.92578685	11.94250001	-0.71089821
0.91171520	12.00803674	-0.71619598	0.91251887	12.00894060	-0.71569305
0.87520957	12.05444745	-0.63005199	0.87562948	12.05521566	-0.62963355
0.80584309	12.11621493	-0.52735207	0.80589224	12.11670634	-0.52700120
0.95867588	11.93435584	-0.83533858	0.96003209	11.93540587	-0.83473779
0.97846961	11.95047821	-0.94653618	0.97996832	11.95162973	-0.94589236
0.94562695	12.06830864	-0.92995004	0.94665893	12.06935061	-0.92931516
0.93085366	12.03793120	-0.81247094	0.93177717	12.03892223	-0.81190002
0.97799416	11.99277277	-1.03965045	0.97945751	11.99393629	-1.03898109
0.94332096	12.06720094	-1.12668838	0.94460669	12.06822853	-1.12604509
0.91961139	12.12970975	-1.10440366	0.92068909	12.13066557	-1.10378618
0.94325511	12.10313930	-1.02776007	0.94431285	12.10417868	-1.02712134
0.86221165	12.18455718	-1.21816837	0.86326116	12.18533267	-1.21762075
0.74489583	12.33428833	-1.26953054	0.74562931	12.33469146	-1.26917138
0.74827476	12.36272717	-1.19784272	0.74884072	12.36316401	-1.19747742
0.85973304	12.23046637	-1.15551513	0.86058964	12.23124281	-1.15496446
0.60190023	12.48297778	-1.23773305	0.60210908	12.48298114	-1.23774109
0.47124386	12.61350316	-1.15284333	0.47127117	12.61344032	-1.15286508
0.49420000	12.61570000	-1.07906000	0.49420000	12.61570000	-1.07906000
0.61447000	12.50220000	-1.16283000	0.61447000	12.50220000	-1.16283000
0.38307603	12.64669766	-1.05014594	0.38309578	12.64650564	-1.05023660
0.33191841	12.64651020	-0.95775305	0.33185480	12.64616333	-0.95797096
0.37140000	12.64100070	-0.89641000	0.37140000	12.64100070	-0.89641000
0.41679000	12.64250090	-0.98287004	0.41679000	12.64250090	-0.98287004
0.31308885	12.67817908	-0.89893968	0.31276697	12.67780718	-0.89932764
0.30849228	12.70573713	-0.87176615	0.30800264	12.70537741	-0.87222478
0.33631518	12.69383904	-0.81432701	0.33571630	12.69355098	-0.81472755
0.34593222	12.66894706	-0.84160650	0.34546993	12.66873850	-0.84191925
0.29973126	12.69292979	-0.87580659	0.29929964	12.69254724	-0.87631248
0.25636585	12.68231333	-0.84704080	0.25586777	12.68176293	-0.84773053
0.29586554	12.67985661	-0.77714687	0.29518854	12.67941063	-0.77771739
0.33531735	12.68243048	-0.81301420	0.33476286	12.68214105	-0.81342655
0.14826340	12.71683052	-0.72020278	0.14731029	12.71591098	-0.72125050
0.01401548	12.76953425	-0.58111144	0.01244611	12.76824142	-0.58259142
0.01722375	12.80722158	-0.50424505	0.01535244	12.80591668	-0.50573838
0.17132501	12.73214831	-0.64463492	0.17012016	12.73128416	-0.64562547
-0.10399188	12.81182438	-0.51950084	-0.10594696	12.81025492	-0.52139985
-0.21186285	12.84329075	-0.52389744	-0.21394342	12.84146896	-0.52610757
-0.21593332	12.91167466	-0.46332467	-0.21833291	12.90980454	-0.46552151
-0.10687985	12.87117815	-0.44917346	-0.10916161	12.86955507	-0.45107422
-0.31718267	12.86363391	-0.58384302	-0.31929248	12.86159859	-0.58627806
-0.41570914	12.87485923	-0.65154111	-0.41786001	12.87264806	-0.65417551
-0.43260949	12.90254982	-0.59976643	-0.43491656	12.90029707	-0.60244705
-0.32701086	12.91660848	-0.52869456	-0.32935472	12.91452194	-0.53114879
-0.50353989	12.87827004	-0.67957963	-0.50578765	12.87599742	-0.68241150
-0.58320001	12.87509526	-0.66793798	-0.58553079	12.87284211	-0.67097348
-0.58265776	12.87746827	-0.63254380	-0.58504130	12.87517119	-0.63556232
-0.52616951	12.88609671	-0.63141023	-0.52850724	12.88380056	-0.63429096
-0.65763239	12.86687137	-0.61632549	-0.66008942	12.86452648	-0.61941805
-0.70717226	12.85026601	-0.53669708	-0.70970162	12.84776056	-0.53981726
-0.67022795	12.86638386	-0.50852389	-0.67275333	12.86386227	-0.51161714
-0.63254011	12.87591946	-0.58535060	-0.63500678	12.87353477	-0.58841543
-0.71245464	12.82260342	-0.44174277	-0.71493259	12.81990363	-0.44489650
-0.68587697	12.77530235	-0.35227399	-0.68831125	12.77252346	-0.35550372
-0.66425161	12.78196214	-0.36510617	-0.66668862	12.77924781	-0.36829113
-0.67633831	12.82886805	-0.42514347	-0.67883184	12.82621258	-0.42827616
-0.63935748	12.70073240	-0.28913101	-0.64176036	12.69804327	-0.29229002
-0.56597944	12.64009349	-0.24037484	-0.56833354	12.63754496	-0.24342166
-0.54827446	12.69943844	-0.27161780	-0.55068991	12.69691461	-0.27460434
-0.62424716	12.74299479	-0.32154257	-0.62667143	12.74033931	-0.32466828
-0.45873431	12.63525104	-0.19305367	-0.46115671	12.63286855	-0.19586855
-0.33122206	12.61476750	-0.15707159	-0.33359148	12.61260024	-0.15958097
-0.31368873	12.66856097	-0.18572951	-0.31613531	12.66643842	-0.18818339
-0.43993860	12.69278967	-0.22285483	-0.44241309	12.69044059	-0.22561147
-0.19338105	12.51112674	-0.14296251	-0.19535898	12.50928820	-0.14502202
-0.04326421	12.39665307	-0.14883822	-0.04476078	12.39522706	-0.15036863
-0.04120493	12.46625803	-0.17991631	-0.04285020	12.46481954	-0.18148239
-0.18218120	12.57388834	-0.17166523	-0.18428269	12.57206775	-0.17371289
0.11885493	12.33781202	-0.16740413	0.11764344	12.33686249	-0.16847968
0.24800754	12.32061109	-0.19128573	0.24700010	12.32005185	-0.19193440
0.22746630	12.37990780	-0.24361910	0.22642241	12.37924577	-0.24435347
0.10901389	12.40491826	-0.20895800	0.10771827	12.40391655	-0.21007161
0.29808348	12.35526422	-0.21199586	0.29709583	12.35484795	-0.21247681
0.28313872	12.43862392	-0.28175329	0.28200329	12.43809956	-0.28234164
0.27524130	12.41081032	-0.26787971	0.27417328	12.41027136	-0.26847576
0.31032005	12.34536199	-0.22426738	0.30951153	12.34494820	-0.22464433
0.34620000	12.27620000	-0.23202000	0.34620000	12.27620000	-0.23202000
0.31682928	12.33198946	-0.29188246	0.31618373	12.33153033	-0.29222910
0.28281175	12.39688945	-0.28265397	0.28183732	12.39632976	-0.28318600
0.44425997	12.21770000	-0.27141000	0.44425997	12.21770000	-0.27141000
0.57587000	12.16340070	-0.32883000	0.57587000	12.16340070	-0.32883000
0.56819554	12.24366973	-0.38259952	0.56790190	12.24380953	-0.38252870
0.42599497	12.28602298	-0.32830680	0.42560805	12.28592140	-0.32842405
0.70622003	12.08180000	-0.39380000	0.70622003	12.08180000	-0.39380000
0.69911330	12.18258588	-0.44670996	0.69895744	12.18292108	-0.44650303
0.76407943	12.39546831	-1.04690930	0.76436992	12.39603495	-1.04652062
0.86740763	12.24755291	-1.04505133	0.86807530	12.24837607	-1.04449055
0.78259317	12.37929655	-0.85859341	0.78265481	12.37994468	-0.85815724
0.87591286	12.22633379	-0.90454897	0.87643061	12.22719742	-0.90398098
0.79497356	12.26494200	-0.67081314	0.79497521	12.26560101	-0.67037078
0.87542895	12.15259594	-0.75251606	0.87588303	12.15345944	-0.75198794
0.53242963	12.60882709	-0.90286160	0.53215972	12.60896824	-0.90283022
0.64653799	12.52329248	-0.98995738	0.64648120	12.52356934	-0.98978332
0.56253312	12.53952983	-0.69132020	0.56195860	12.53970368	-0.69127809
0.67645267	12.48035631	-0.78029590	0.67616625	12.48077752	-0.78004006
0.56841962	12.38751369	-0.51083491	0.56789336	12.38768747	-0.51077607
0.69090232	12.34198845	-0.58806843	0.69059512	12.34241999	-0.58779229
-0.22716556	12.90672192	-0.37853440	-0.22974585	12.90480926	-0.38076158
-0.12114554	12.86413424	-0.36240459	-0.12364129	12.86246454	-0.36434805
-0.24870755	12.84861637	-0.29203052	-0.25134331	12.84664598	-0.29430735
-0.14172017	12.79951894	-0.27827614	-0.14423508	12.79779103	-0.28026869
-0.02354768	12.73293594	-0.31301317	-0.02572486	12.73150803	-0.31463721
-0.00023735	12.79917617	-0.40857644	-0.00234883	12.79780933	-0.41014487
-0.28218413	12.75797360	-0.22941854	-0.28474609	12.75592048	-0.23178231
-0.16381900	12.68594182	-0.21611424	-0.16615430	12.68416179	-0.21813985
-0.03578718	12.60075969	-0.23609114	-0.03772880	12.59931443	-0.23770335
-0.56254128	12.90621239	-0.55023575	-0.56502673	12.90382753	-0.55317739
-0.59688488	12.89958912	-0.45850832	-0.59945449	12.89708852	-0.46149401
-0.49482900	12.91955677	-0.39728141	-0.49748466	12.91715808	-0.40009195
-0.46133296	12.93275892	-0.50282088	-0.46384575	12.93044826	-0.50556176
-0.61337897	12.82704132	-0.37960328	-0.61590143	12.82444931	-0.38266123
-0.52447716	12.81715750	-0.32111276	-0.52706026	12.81468374	-0.32401561
-0.34542035	12.93134380	-0.43494255	-0.34797041	12.92920289	-0.43744001
-0.37246661	12.89566230	-0.33638140	-0.37514358	12.89344631	-0.33894392
-0.40788170	12.79789044	-0.26787534	-0.41049179	12.79560816	-0.27053359
0.28984121	12.63796550	-0.65354851	0.28895312	12.63743189	-0.65418643
0.33190612	12.63507670	-0.67658085	0.33109935	12.63468078	-0.67709263
0.26299874	12.57063900	-0.50385971	0.26195292	12.57001514	-0.50457128
0.30947385	12.57017482	-0.51340769	0.30845788	12.56968798	-0.51398723
0.31325306	12.58822158	-0.49778613	0.31213891	12.58774749	-0.49835817
0.33261428	12.64937489	-0.66817537	0.33172818	12.64897709	-0.66868358
0.34013013	12.63192178	-0.69067260	0.33933687	12.63154411	-0.69115316
0.31595859	12.57402166	-0.51255068	0.31492512	12.57355324	-0.51311170
0.34885488	12.55456862	-0.55283587	0.34797078	12.55419398	-0.55330389
0.37008215	12.61351874	-0.74080447	0.36945062	12.61321500	-0.74118629
0.32377417	12.43960188	-0.40057538	0.32289105	12.43914899	-0.40104298
0.29069862	12.48622650	-0.37776490	0.28960592	12.48570241	-0.37835415
0.28490200	12.49033629	-0.37295915	0.28378951	12.48981031	-0.37357810
0.23742991	12.47558530	-0.35714406	0.23633134	12.47490798	-0.35788254
0.44252103	12.55395541	-0.61390379	0.44175658	12.55383568	-0.61413521
0.43708679	12.62162662	-0.81551839	0.43665086	12.62153506	-0.81567109
0.43110852	12.41213432	-0.44666081	0.43042098	12.41198830	-0.44686177
0.13204596	12.63741892	-0.41338181	0.13052791	12.63643194	-0.41450095
0.15868703	12.70804459	-0.53561239	0.15726536	12.70712384	-0.53665866
0.11377442	12.52026837	-0.29756625	0.11233471	12.51924524	-0.29870249
0.15322299	13.14292650	-0.39951368	0.15008746	13.14201442	-0.40068741
0.24512334	13.03017885	-0.13352802	0.24120641	13.02958600	-0.13456139
0.28677828	12.91672385	-0.09087047	0.28334583	12.91629334	-0.09167107
0.31851003	12.73701257	-0.09533896	0.31581054	12.73667880	-0.09599643
0.34092139	12.55769561	-0.12433511	0.33892787	12.55743661	-0.12487110
0.23768274	12.85674723	-0.81759265	0.23660394	12.85614525	-0.81834195
0.33471214	12.37487571	-0.18618837	0.33363015	12.37461297	-0.18656914
0.16852922	13.05896763	-0.59275920	0.16627498	13.05809979	-0.59381123
0.19603856	12.98931138	-0.69227727	0.19426941	12.98854812	-0.69320272
0.89781454	11.96341278	-0.56971986	0.89836815	11.96413862	-0.56939361
0.82706657	12.01974922	-0.45662279	0.82701955	12.01976046	-0.45661216
0.94224864	11.92738158	-0.70273744	0.94329483	11.92835873	-0.70220148
0.74847339	12.33290164	-1.28500714	0.74923365	12.33331022	-1.28464314
0.46163106	12.61928069	-1.16653586	0.46165900	12.61920998	-1.16656871
0.35372963	12.65706854	-1.05900460	0.35372844	12.65676892	-1.05916728
0.28713714	12.66025286	-0.96160195	0.28702164	12.65975921	-0.96197493
0.27212062	12.69034250	-0.90101898	0.27175523	12.68983931	-0.90154383
0.25555962	12.70152013	-0.88847241	0.25514274	12.70102467	-0.88916885
0.20715013	12.68690603	-0.87111573	0.20670742	12.68620578	-0.87197348
0.11720590	12.70800936	-0.75775552	0.11638083	12.70700539	-0.75889094
0.00692504	12.74065638	-0.62870104	0.00558154	12.73934240	-0.63018294
-0.20367389	12.78030692	-0.56524184	-0.20548549	12.77854204	-0.56746662
-0.30721357	12.82164395	-0.61524611	-0.30913949	12.81964871	-0.61765862
-0.49080715	12.88325967	-0.70179587	-0.49301795	12.88099059	-0.70458924
-0.57298919	12.88644348	-0.69045654	-0.57527215	12.88420253	-0.69346792
-0.71944399	12.85460804	-0.54817260	-0.72198024	12.85212125	-0.55128691
-0.19578115	12.52082057	-0.12094352	-0.19786055	12.51898421	-0.12302056
0.13625033	12.35369057	-0.14254960	0.13491763	12.35280090	-0.14358011
0.30552907	12.38300808	-0.22449349	0.30449859	12.38259675	-0.22496389
0.38195807	12.29425526	-0.19512960	0.38164613	12.29429308	-0.19510882
0.46844605	12.23773420	-0.23876936	0.46826778	12.23782150	-0.23874817
0.71392657	12.09198952	-0.37170659	0.71388339	12.09204194	-0.37168960
0.29125441	12.51348676	-0.37103414	0.29006098	12.51297769	-0.37164283
0.57892766	12.77905106	-0.54112194	0.57739747	12.77930905	-0.54106589
0.29773892	12.98823290	-0.53297304	0.29552917	12.98773376	-0.53365208
0.02373939	12.99176737	-0.26813861	0.02062258	12.99048446	-0.26970476
0.09186219	13.07492821	-0.31290389	0.08864033	13.07384468	-0.31427912
0.31085188	12.86792039	-0.29714753	0.30827825	12.86748540	-0.29783551
0.02231018	12.96423235	-0.42651168	0.01975564	12.96293147	-0.42804778
0.11505495	13.04289807	-0.42207694	0.11227614	13.04187209	-0.42335502
0.36273192	12.82306560	-0.69519563	0.36145402	12.82279487	-0.69562437
0.14639629	13.02695944	-0.18398396	0.14281908	13.02604579	-0.18522908
0.21739271	12.81325233	-0.79686840	0.21637735	12.81257274	-0.79768328
0.32475951	12.75743000	-0.53334804	0.32319748	12.75699600	-0.53393242
0.32566845	12.88607114	-0.84355380	0.32458600	12.88573585	-0.84406706
0.39009387	12.43616856	-0.24656030	0.38891630	12.43602476	-0.24689506
0.23707509	13.04533796	-0.45014378	0.23442405	13.04466603	-0.45104076
0.47341115	12.68518435	-0.66811501	0.47243640	12.68516884	-0.66826948
0.69549267	12.75129283	-0.77131628	0.69459808	12.75180270	-0.77102376
0.31678526	12.93945548	-0.20323680	0.31357852	12.93905179	-0.20398325
-0.43577037	12.90527769	-0.25119602	-0.43866313	12.90292116	-0.25390017
0.14276406	13.07939987	-0.25342119	0.13929613	13.07847685	-0.25467817
0.31884243	12.94556150	-0.69012647	0.31720419	12.94515909	-0.69069303
-0.52263352	12.90501208	-0.29148515	-0.52545450	12.90251655	-0.29434976
0.21950345	13.03002050	-0.33236151	0.21651530	13.02930970	-0.33337209
0.28529630	12.45876566	-0.20316473	0.28386926	12.45829567	-0.20377196
0.11018914	13.09631439	-0.37478274	0.10710473	13.09527694	-0.37609208
0.20255973	13.07555984	-0.49263588	0.19994658	13.07478854	-0.49362339
0.24862675	12.61150071	-0.24783204	0.24676086	12.61089723	-0.24862488
0.16131082	12.93523029	-0.51270888	0.15914753	12.93433278	-0.51379576
0.27453911	12.88984529	-0.83402522	0.27341993	12.88935652	-0.83467491
0.28172222	12.83921620	-0.83707280	0.28074620	12.83875391	-0.83768832
0.22442535	13.02030084	-0.54803274	0.22215409	13.01959206	-0.54892693
0.36785654	12.79957625	-0.20007088	0.36525142	12.79935392	-0.20059947
0.49389357	12.59286282	-0.43338803	0.49262777	12.59291874	-0.43352216
0.30390757	12.75985895	-0.88923926	0.30329423	12.75949006	-0.88973650
0.15583188	12.96238098	-0.64783312	0.15399191	12.96148689	-0.64889451
0.38778885	12.37615001	-0.22319010	0.38684174	12.37607441	-0.22345365
0.35398095	12.48345922	-0.31398207	0.35276552	12.48315878	-0.31442016
0.18589760	12.86671752	-0.19077943	0.18296738	12.86591688	-0.19185988
0.38832772	12.73000622	-0.91063757	0.38786274	12.72990174	-0.91087131
0.29493262	12.79202857	-0.85088533	0.29412642	12.79161353	-0.85144094
0.13533466	13.11171185	-0.28581555	0.13190493	13.11076729	-0.28708855
0.40894282	12.60707541	-0.24876200	0.40713063	12.60695371	-0.24912851
0.21197291	12.85824064	-0.77370439	0.21077599	12.85754057	-0.77454530
0.42613805	12.71326492	-0.82763347	0.42551143	12.71320212	-0.82782243
0.82501023	12.74764516	-0.86588974	0.82424670	12.74840073	-0.86540701
0.56439970	12.79231363	-0.92700969	0.56377820	12.79255888	-0.92698188
0.33400436	12.68588763	-0.20126100	0.33178478	12.68555517	-0.20185160
0.24311130	12.76184178	-0.18471156	0.24056310	12.76122772	-0.18557823
