0.85132293	12.73595361	-0.42130170	0.85135188	12.73588349	-0.42140541
0.82248333	12.87407884	-0.44999002	0.82250744	12.87400063	-0.45010167
0.89868453	12.83280371	-0.54816365	0.89872396	12.83272641	-0.54826071
0.93060993	12.69963761	-0.53358898	0.93065529	12.69956379	-0.53368038
0.78003637	12.96492376	-0.51027791	0.78006328	12.96483903	-0.51039313
0.86020177	12.91887866	-0.59107508	0.86024176	12.91879840	-0.59117570
0.90953550	12.87599456	-0.65137813	0.90958467	12.87591470	-0.65147259
0.94787107	12.80609851	-0.64567197	0.94792292	12.80601908	-0.64576280
0.98176505	12.67699335	-0.64668940	0.98181896	12.67691312	-0.64677687
0.71760276	12.76581732	-1.16495258	0.71765596	12.76575408	-1.16504045
0.83998540	12.71511166	-1.14329666	0.84004521	12.71503734	-1.14339076
0.80864378	12.82163349	-1.07449861	0.80871148	12.82156223	-1.07459566
0.68648633	12.86796590	-1.09123039	0.68655354	12.86789869	-1.09133065
0.94115755	12.68121343	-1.08055850	0.94121813	12.68112919	-1.08065309
0.90822528	12.79233377	-1.02183713	0.90829331	12.79225246	-1.02193158
0.86870932	12.86085476	-0.97120097	0.86878054	12.86077661	-0.97129544
0.78991906	12.90181070	-0.98655725	0.78999103	12.90173866	-0.98665480
0.66796415	12.94780822	-0.99199576	0.66803511	12.94773685	-0.99209844
0.59658363	12.83360313	-0.20941412	0.59659184	12.83354945	-0.20954640
0.57830685	12.97048754	-0.25719162	0.57831425	12.97042153	-0.25733725
0.71226048	12.92260482	-0.34990136	0.71227437	12.92253049	-0.35003096
0.73374245	12.78330919	-0.30941841	0.73375958	12.78324626	-0.30953746
0.54774941	13.05678840	-0.34162373	0.54776144	13.05671105	-0.34177354
0.67609559	13.01292403	-0.42568915	0.67611366	13.01284007	-0.42582242
0.46810446	12.88105234	-1.06450848	0.46816900	12.88099596	-1.06461337
0.59428894	12.82674469	-1.13736555	0.59434882	12.82668529	-1.13746994
0.56368225	12.91908897	-1.06490469	0.56375076	12.91902530	-1.06500915
0.43961105	12.96343257	-0.98986668	0.43967385	12.96336554	-0.98997500
0.54352360	12.99356624	-0.96325876	0.54359047	12.99349227	-0.96336647
0.41877028	13.03265172	-0.88722064	0.41882698	13.03256780	-0.88733588
-0.01336894	12.98867117	-0.06766044	-0.01338089	12.98861598	-0.06786007
-0.14175003	13.00039143	-0.08963340	-0.14175989	13.00032964	-0.08984736
-0.14422871	13.07374562	-0.13628912	-0.14423690	13.07367728	-0.13651357
-0.01945695	13.07592988	-0.11172816	-0.01946828	13.07586851	-0.11193980
-0.26050436	13.00201320	-0.12584479	-0.26050988	13.00194305	-0.12607066
-0.26146471	13.06336606	-0.17435867	-0.26146765	13.06328918	-0.17459383
-0.26271786	13.10449977	-0.23993149	-0.26271600	13.10441325	-0.24017330
-0.14624315	13.12057528	-0.20252872	-0.14624678	13.12049755	-0.20275998
-0.02444599	13.12986290	-0.17767686	-0.02445343	13.12979244	-0.17789606
0.03156208	12.97413554	-0.59211880	0.03159976	12.97401191	-0.59230827
0.01653074	13.03657629	-0.56667060	0.01656429	13.03645592	-0.56686976
-0.06444308	13.03862916	-0.55610325	-0.06440998	13.03850481	-0.55631452
-0.05026813	12.98240335	-0.57166878	-0.05023136	12.98227746	-0.57187058
-0.00303358	13.09064225	-0.51934735	-0.00300702	13.09052708	-0.51955694
-0.08597706	13.08498153	-0.52045094	-0.08594908	13.08486128	-0.52067101
-0.17949727	13.07782333	-0.53653587	-0.17946618	13.07769598	-0.53676619
-0.15691334	13.03676999	-0.57239377	-0.15687724	13.03663840	-0.57261570
-0.14225224	12.98554617	-0.58976721	-0.14221251	12.98541271	-0.58998003
0.98786124	12.28796868	-0.67266203	0.98790643	12.28788565	-0.67273424
0.96673629	12.06908181	-0.68840746	0.96676490	12.06899991	-0.68845900
0.91416465	12.09606651	-0.55301720	0.91419306	12.09600405	-0.55305981
0.92924816	12.30280206	-0.53748018	0.92929162	12.30273372	-0.53754735
0.83625627	12.14622336	-0.43173656	0.83628662	12.14618717	-0.43177545
0.84378954	12.32814253	-0.41208177	0.84382783	12.32808954	-0.41214500
0.97970917	12.37912203	-1.14244184	0.97973601	12.37902789	-1.14253488
0.88471237	12.43982084	-1.21141806	0.88472996	12.43973716	-1.21150773
0.87986402	12.28029820	-1.23620037	0.87986153	12.28021213	-1.23628059
0.97201059	12.18780428	-1.15771420	0.97201736	12.18770798	-1.15779768
0.75742733	12.51637245	-1.23995310	0.75743542	12.51631561	-1.24001592
0.75338777	12.39614867	-1.27136796	0.75337471	12.39608971	-1.27142752
0.86754852	12.17558648	-1.24398094	0.86753723	12.17549949	-1.24405241
0.95299053	12.05320442	-1.15568691	0.95298233	12.05310946	-1.15575613
0.99404951	12.49698069	-0.65799119	0.99410301	12.49689924	-0.65807256
0.93740676	12.51305914	-0.53149878	0.93745508	12.51298687	-0.53157785
0.85313433	12.54165428	-0.40955832	0.85317237	12.54159387	-0.40964243
0.86842741	12.58636419	-1.18455657	0.86846869	12.58628487	-1.18464494
0.96753223	12.54354816	-1.11880143	0.96757669	12.54345683	-1.11889526
0.74322676	12.64414489	-1.20948214	0.74326886	12.64408458	-1.20956880
0.60041583	12.41967389	-0.22645424	0.60044080	12.41964672	-0.22653125
0.60075584	12.63431868	-0.20426026	0.60077066	12.63427669	-0.20437211
0.73413344	12.58444626	-0.29846428	0.73415948	12.58439631	-0.29856222
0.72772793	12.37036103	-0.30914295	0.72775941	12.37032125	-0.30921036
0.46898543	12.70457844	-1.15109956	0.46900551	12.70454337	-1.15114146
0.61207258	12.61480597	-1.21969232	0.61207440	12.61478401	-1.21972125
0.60907800	12.71881522	-1.18644082	0.60910578	12.71877273	-1.18649912
0.47420771	12.78845640	-1.11779572	0.47424509	12.78841956	-1.11787958
0.58662352	12.17477282	-0.30185200	0.58663260	12.17477133	-0.30185647
0.59753148	12.28048630	-0.26295868	0.59755731	12.28046881	-0.26300248
0.72362350	12.21579577	-0.33815821	0.72365205	12.21576794	-0.33819901
0.60059742	12.48673541	-1.25181266	0.60058462	12.48671734	-1.25181069
0.60677873	12.53410495	-1.24360961	0.60677083	12.53408353	-1.24361400
0.46279248	12.64894868	-1.16659149	0.46280157	12.64892112	-1.16661371
-0.00506032	12.71088057	-0.06641518	-0.00506264	12.71082737	-0.06657794
-0.15368861	12.77940532	-0.07370063	-0.15369182	12.77934547	-0.07388519
-0.14376158	12.90220832	-0.07128809	-0.14376962	12.90214888	-0.07148898
-0.00548069	12.86528133	-0.05583395	-0.00548903	12.86522853	-0.05601714
-0.28960602	12.83054596	-0.09825054	-0.28960793	12.83047858	-0.09845389
-0.27099780	12.92563802	-0.10219076	-0.27100271	12.92557077	-0.10240643
0.02751122	12.84459725	-0.62109309	0.02755747	12.84446849	-0.62126749
0.03369709	12.91001000	-0.60853890	0.03373926	12.90988361	-0.60871999
-0.04740666	12.92059330	-0.58094494	-0.04736686	12.92046595	-0.58113771
-0.05569176	12.85580040	-0.58490694	-0.05564861	12.85567166	-0.58509288
-0.13911740	12.92824102	-0.59794087	-0.13907463	12.92810632	-0.59814552
-0.14888346	12.86745504	-0.59672871	-0.14883820	12.86731983	-0.59692592
-0.03441367	12.41514571	-0.12063122	-0.03439872	12.41508537	-0.12075388
-0.17477584	12.63229803	-0.09148222	-0.17477226	12.63223491	-0.09164814
-0.01969322	12.54028254	-0.09028445	-0.01968702	12.54022761	-0.09042395
-0.32624296	12.62512914	-0.13009868	-0.32623525	12.62505537	-0.13027471
-0.31251975	12.71284093	-0.11002765	-0.31251657	12.71277085	-0.11021548
0.01748955	12.77831679	-0.63287571	0.01753839	12.77818822	-0.63304566
-0.07511817	12.78943376	-0.58201324	-0.07507246	12.78930423	-0.58219273
-0.09298102	12.76247163	-0.56192891	-0.09293550	12.76234346	-0.56210691
-0.17297333	12.80499276	-0.58462676	-0.17292619	12.80485789	-0.58481779
-0.38280605	12.99913542	-0.17499039	-0.38280514	12.99905511	-0.17522743
-0.37499101	13.04929064	-0.22078633	-0.37498742	13.04920363	-0.22103070
-0.49266946	12.99236155	-0.23149426	-0.49266097	12.99227088	-0.23174074
-0.47295252	13.03310814	-0.27252361	-0.47294157	13.03301119	-0.27277512
-0.45089528	13.06634086	-0.32282698	-0.45088089	13.06623654	-0.32308210
-0.36511350	13.08632347	-0.27996463	-0.36510562	13.08622779	-0.28021409
-0.26124877	13.03452035	-0.59184528	-0.26120933	13.03438039	-0.59207900
-0.24689993	12.98928495	-0.61677536	-0.24685646	12.98914171	-0.61700097
-0.28147305	13.07097682	-0.55142153	-0.28143884	13.07084229	-0.55166258
-0.37614420	13.06243708	-0.55992072	-0.37610762	13.06229758	-0.56016996
-0.36129666	13.03117745	-0.60477457	-0.36125500	13.03103144	-0.60501787
-0.35170411	12.99283282	-0.63858759	-0.35165818	12.99268199	-0.63882438
-0.24829793	12.94077336	-0.63257020	-0.24825105	12.94062755	-0.63278889
-0.35922780	12.95391594	-0.66332528	-0.35917829	12.95376129	-0.66355729
-0.37401474	12.91661345	-0.67739750	-0.37396332	12.91645655	-0.67762565
-0.26106723	12.89128104	-0.63705665	-0.26101804	12.89113388	-0.63726954
-0.53688532	12.88673246	-0.19079819	-0.53687731	12.88664765	-0.19103069
-0.55693246	12.76474489	-0.19629553	-0.55692143	12.76465893	-0.19650905
-0.63307873	12.80156566	-0.25375022	-0.63306285	12.80147066	-0.25397530
-0.61495472	12.89755094	-0.25299882	-0.61494034	12.89745601	-0.25323937
-0.56502998	12.66003796	-0.21353908	-0.56501566	12.65994883	-0.21373565
-0.64042373	12.71895980	-0.26560541	-0.64040652	12.71886287	-0.26581598
-0.68890508	12.78875140	-0.33569980	-0.68888175	12.78864301	-0.33592627
-0.68260618	12.84104982	-0.32992429	-0.68258366	12.84094221	-0.33016020
-0.66658812	12.90413559	-0.33155173	-0.66656629	12.90402746	-0.33179766
-0.45549799	12.64988939	-0.16576986	-0.45548741	12.64980866	-0.16595805
-0.44431052	12.74609542	-0.14679915	-0.44430397	12.74601777	-0.14700192
-0.42212235	12.86539049	-0.13848739	-0.42211994	12.86531458	-0.13870730
-0.46992000	12.93237541	-0.68824110	-0.46986891	12.93221636	-0.68847910
-0.47686479	12.90536923	-0.69881109	-0.47681270	12.90520916	-0.69904611
-0.38619209	12.88332344	-0.67921783	-0.38613990	12.88316632	-0.67944248
-0.55649985	12.93757927	-0.66819543	-0.55645093	12.93742209	-0.66843986
-0.56129835	12.91086703	-0.68295812	-0.56124800	12.91070834	-0.68319935
-0.39701176	12.86654206	-0.66880055	-0.39696003	12.86638619	-0.66902408
-0.28079837	12.84310748	-0.62917992	-0.28074809	12.84296069	-0.62938798
0.89934720	12.88413408	-0.90253054	0.89941671	12.88405460	-0.90262337
0.79926950	12.95113579	-0.88855033	0.79933592	12.95105733	-0.88864905
0.91574878	12.89854698	-0.81379428	0.91581166	12.89847001	-0.81388577
0.82055942	12.97099206	-0.78405947	0.82061763	12.97091041	-0.78415893
0.71002280	13.02664974	-0.74286355	0.71007515	13.02656514	-0.74297188
0.68038920	13.00251556	-0.87192131	0.68045319	13.00243622	-0.87202562
0.91673325	12.89471501	-0.72191133	0.91678907	12.89463617	-0.72200366
0.83752816	12.96227050	-0.67755318	0.83757618	12.96218810	-0.67765398
0.74287156	13.01481534	-0.61566396	0.74290881	13.01472848	-0.61577681
1.00090130	12.67055235	-0.98585167	1.00096413	12.67046283	-0.98594621
0.96317557	12.79219545	-0.94077364	0.96324426	12.79211103	-0.94086683
1.02397157	12.67105860	-0.87448871	1.02403409	12.67097106	-0.87457990
0.98293001	12.80160871	-0.84396795	0.98299604	12.80152686	-0.84405871
1.01525071	12.67020082	-0.76112300	1.01530977	12.67011966	-0.76121045
0.97692453	12.80122016	-0.74457094	0.97698433	12.80114096	-0.74466026
0.56013115	13.04794540	-0.82688457	0.56018769	13.04786060	-0.82699870
0.59672394	13.07357262	-0.67814943	0.59676445	13.07348108	-0.67827367
0.47271074	13.11221034	-0.59575692	0.47274175	13.11211228	-0.59590035
0.43574682	13.08558346	-0.74751847	0.43579441	13.08548221	-0.74764707
0.63650419	13.06246959	-0.54012026	0.63653161	13.06237876	-0.54025068
0.51125620	13.10328808	-0.45768142	0.51127644	13.10319894	-0.45783030
-0.38462586	13.08000549	-0.50204844	-0.38459544	13.07987472	-0.50230084
-0.46813779	13.06166770	-0.51451395	-0.46810439	13.06153282	-0.51477082
-0.44824542	13.05020363	-0.55686640	-0.44820794	13.05006266	-0.55711985
-0.39665907	13.08618060	-0.43902000	-0.39663480	13.08605940	-0.43927420
-0.49028562	13.06363358	-0.46999782	-0.49025616	13.06350520	-0.47025676
-0.57468698	13.03728464	-0.49899850	-0.57465351	13.03714996	-0.49925960
-0.53707785	13.03921405	-0.53158438	-0.53704185	13.03907508	-0.53184288
-0.49938788	13.03754781	-0.55782733	-0.49934965	13.03740565	-0.55808257
-0.42211026	13.08286280	-0.37879845	-0.42209143	13.08275043	-0.37905396
-0.50407607	13.05949905	-0.41863394	-0.50405120	13.05937841	-0.41889320
-0.51897350	13.04506197	-0.36771561	-0.51895283	13.04494926	-0.36797360
-0.56457355	13.02807145	-0.39995264	-0.56454871	13.02795286	-0.40021162
-0.57648722	13.03313656	-0.44852486	-0.57645799	13.03300975	-0.44878557
-0.01874549	13.12964934	-0.43745630	-0.01872826	13.12954382	-0.43767393
-0.11042125	13.11727527	-0.44991300	-0.11040121	13.11716390	-0.45014025
-0.02812042	13.15127248	-0.34216086	-0.02811290	13.15117956	-0.34238313
-0.13127059	13.13508727	-0.36340155	-0.13125967	13.13498748	-0.36363342
-0.23239631	13.11791541	-0.39439047	-0.23238029	13.11780716	-0.39463206
-0.20640605	13.10431229	-0.47276986	-0.20638204	13.10419327	-0.47300686
-0.02866862	13.15317749	-0.25501758	-0.02866955	13.15309643	-0.25524037
-0.14259267	13.13858917	-0.27960388	-0.14258969	13.13850071	-0.27983737
-0.25218281	13.12031521	-0.31484725	-0.25217441	13.12021806	-0.31509072
0.99079580	11.97418339	-1.05925515	0.99079435	11.97408916	-1.05932001
1.01344365	12.11907830	-1.05750641	1.01345726	12.11898134	-1.05758488
0.99321264	11.92930318	-0.95374533	0.99321829	11.92921244	-0.95380273
1.01937853	12.07588298	-0.94318574	1.01940024	12.07578874	-0.94325610
1.03872807	12.29358114	-0.92790220	1.03876906	12.29348572	-0.92798738
1.02733787	12.32819332	-1.04386803	1.02737235	12.32809747	-1.04395838
0.97454507	11.91286382	-0.83468123	0.97455526	11.91277969	-0.83472906
1.00276349	12.06072066	-0.81965615	1.00279073	12.06063154	-0.81971734
1.02500704	12.28261188	-0.80348265	1.02505188	12.28252184	-0.80356054
1.02302218	12.51401892	-1.01956928	1.02307201	12.51392566	-1.01966253
1.04170689	12.49651231	-0.90436577	1.04176148	12.49641983	-0.90445444
1.03045989	12.49115924	-0.78304548	1.03051533	12.49107359	-0.78312996
-0.64248073	12.93233530	-0.61569879	-0.64243596	12.93218268	-0.61594786
-0.64929249	12.90253221	-0.62760788	-0.64924614	12.90237793	-0.62785307
-0.70022661	12.92219229	-0.53581125	-0.70018715	12.92204882	-0.53606253
-0.71071159	12.88599964	-0.54176206	-0.71067076	12.88585498	-0.54200844
-0.65111969	12.87913256	-0.62898865	-0.65107261	12.87897816	-0.62923066
-0.70178508	12.91258875	-0.43353975	-0.70175382	12.91246235	-0.43379008
-0.71529752	12.86750441	-0.43440336	-0.71526534	12.86737776	-0.43464681
-0.71828071	12.83180664	-0.43608606	-0.71824771	12.83167969	-0.43632304
-0.29769310	13.09305501	-0.48913686	-0.29766572	13.09292945	-0.48938242
-0.31585524	13.10294582	-0.41676710	-0.31583517	13.10283081	-0.41701530
-0.34185576	13.10243845	-0.34624650	-0.34184227	13.10233343	-0.34649667
-0.59482037	12.94992188	-0.26582721	-0.59480588	12.94982489	-0.26607523
-0.51442445	12.95300353	-0.20339343	-0.51441712	12.95291703	-0.20363510
-0.64893553	12.94430862	-0.34085637	-0.64891355	12.94419895	-0.34110791
-0.62575998	12.97387036	-0.35778674	-0.62573710	12.97375795	-0.35804164
-0.57176561	12.98188079	-0.29022131	-0.57174990	12.98177985	-0.29047298
-0.39985789	12.94377005	-0.14785250	-0.39985745	12.94369315	-0.14808266
-0.45682633	12.96338366	-0.66990099	-0.45677713	12.96322689	-0.67014224
-0.44487461	12.99570577	-0.64173248	-0.44482830	12.99555276	-0.64197758
-0.52900125	12.99480304	-0.62451691	-0.52895653	12.99465131	-0.62476782
-0.54497679	12.96639001	-0.65043036	-0.54492963	12.96623487	-0.65067810
-0.65883466	12.97935296	-0.52426933	-0.65879754	12.97921257	-0.52452692
-0.68318980	12.95187653	-0.53051802	-0.68315150	12.95173444	-0.53077288
-0.62868166	12.96063391	-0.60295274	-0.62863836	12.96048329	-0.60320520
-0.60776002	12.98783047	-0.58520239	-0.60771859	12.98768267	-0.58545764
-0.62673860	13.00852639	-0.51542965	-0.62670291	13.00838806	-0.51568968
-0.58042346	13.01423086	-0.55828611	-0.58038461	13.01408734	-0.55854378
-0.51075604	13.02053041	-0.58527644	-0.51071495	13.02038401	-0.58552984
-0.68431149	12.94576686	-0.43618986	-0.68428075	12.94564030	-0.43644436
-0.65992631	12.97383379	-0.44219252	-0.65989580	12.97370667	-0.44244975
-0.59353101	13.00491641	-0.38222982	-0.59350696	13.00480036	-0.38248735
-0.62619541	13.00388870	-0.45133637	-0.62616490	13.00376066	-0.45159597
-0.54403508	13.01642426	-0.32454193	-0.54401742	13.01631812	-0.32479717
-0.44125675	13.02644999	-0.60167355	-0.44121468	13.02630244	-0.60192272
0.18155850	13.11979770	-0.18669575	0.18155213	13.11973279	-0.18689200
0.15195883	13.15830236	-0.27201666	0.15195850	13.15822542	-0.27221960
0.17963600	13.14617611	-0.28671309	0.17963768	13.14609800	-0.28691108
0.21351486	13.10647406	-0.19823107	0.21351034	13.10640840	-0.19842211
0.13157718	13.16519249	-0.36714167	0.13158568	13.16510208	-0.36734647
0.15766562	13.15386514	-0.38403697	0.15767625	13.15377371	-0.38423635
0.18419848	13.13726310	-0.29671243	0.18420147	13.13718360	-0.29690854
0.21788891	13.09806492	-0.20462130	0.21788522	13.09799838	-0.20481072
0.19083567	13.14496173	-0.29777932	0.19083855	13.14488245	-0.29797547
0.22328799	13.10457064	-0.19949756	0.22328366	13.10450501	-0.19968734
0.17171752	13.15194371	-0.40115096	0.17172988	13.15185070	-0.40134765
0.21569929	13.15770850	-0.42705342	0.21571394	13.15761376	-0.42724443
0.23724877	13.15023887	-0.31565937	0.23725345	13.15015882	-0.31585030
0.26916618	13.10785405	-0.21029049	0.26916310	13.10778795	-0.21047581
0.25694823	12.93342520	-0.06636321	0.25693892	12.93337817	-0.06653257
0.22007948	13.04977481	-0.11202042	0.22006987	13.04972033	-0.11220598
0.25622705	13.03695330	-0.12338548	0.25621892	13.03689814	-0.12356681
0.29646639	12.92010806	-0.07944550	0.29645886	12.92006066	-0.07961002
0.26645122	13.03495054	-0.12386344	0.26644317	13.03489538	-0.12404351
0.30766209	12.91820616	-0.08283339	0.30765495	12.91815880	-0.08299671
0.31164834	13.03343066	-0.13118600	0.31164115	13.03337509	-0.13136161
0.35143218	12.91039882	-0.08873400	0.35142612	12.91035202	-0.08889275
0.37688657	12.72156059	-0.09256814	0.37688789	12.72152067	-0.09270231
0.33684112	12.73525897	-0.08818555	0.33684107	12.73521786	-0.08832444
0.39448185	12.52626614	-0.12299636	0.39449284	12.52623723	-0.12310149
0.35696162	12.55034197	-0.11839326	0.35697076	12.55030945	-0.11850451
0.32546379	12.73746105	-0.08346700	0.32546320	12.73742005	-0.08360695
0.34477987	12.55313870	-0.11349522	0.34478802	12.55310567	-0.11360772
0.29914146	12.56693361	-0.09548093	0.29914720	12.56689883	-0.09559866
0.28344018	12.75486746	-0.06751277	0.28343715	12.75482576	-0.06765806
0.26652099	12.78264487	-0.92036598	0.26655869	12.78258050	-0.92046997
0.25677101	12.85267324	-0.89559773	0.25682046	12.85259154	-0.89571443
0.23772591	12.85826709	-0.83661856	0.23778079	12.85816340	-0.83674686
0.24846095	12.79752805	-0.86019862	0.24851541	12.79743159	-0.86031542
0.24154345	12.92447815	-0.84536807	0.24159738	12.92437604	-0.84550004
0.22178359	12.92278026	-0.78977258	0.22183427	12.92266688	-0.78991459
0.22830184	12.91835783	-0.77197827	0.22835200	12.91824163	-0.77212206
0.24938279	12.80327593	-0.83949709	0.24943777	12.80317293	-0.83961888
0.22147392	12.85857349	-0.82228040	0.22153048	12.85845823	-0.82241784
0.22639628	12.80133318	-0.84521521	0.22645358	12.80122509	-0.84534759
0.21076218	12.92224448	-0.78004137	0.21081329	12.92212612	-0.78018840
0.17019509	12.93442389	-0.76550076	0.17024539	12.93430129	-0.76565621
0.17797304	12.86713000	-0.80392186	0.17802838	12.86700898	-0.80406858
0.17994595	12.80355665	-0.82494292	0.18000232	12.80343852	-0.82508423
0.27119739	12.71265423	-0.94545088	0.27121993	12.71259993	-0.94555201
0.25596365	12.73645886	-0.88434353	0.25600882	12.73637594	-0.88445663
0.25786738	12.75193619	-0.86207288	0.25792187	12.75184021	-0.86219232
0.27545877	12.71556459	-0.87522810	0.27550597	12.71548167	-0.87534130
0.23521297	12.74371294	-0.87197341	0.23526899	12.74361447	-0.87209946
0.18650344	12.73601360	-0.85449784	0.18656264	12.73590213	-0.85463776
0.28295001	12.32733498	-0.16302116	0.28297587	12.32729810	-0.16309399
0.30041661	12.42397756	-0.12940624	0.30042862	12.42394690	-0.12949550
0.34821983	12.42232157	-0.14571345	0.34823516	12.42229693	-0.14579720
0.33366463	12.35282491	-0.17817769	0.33368716	12.35279923	-0.17824534
0.35223482	12.43490720	-0.15301870	0.35225086	12.43488097	-0.15310505
0.36194901	12.41533816	-0.15075780	0.36196642	12.41531556	-0.15083901
0.34803216	12.34743317	-0.18448776	0.34804981	12.34741930	-0.18454206
0.39908421	12.38209618	-0.15913285	0.39910450	12.38208058	-0.15920239
0.12082969	13.13986802	-0.47233630	0.12084962	13.13976391	-0.47253701
0.15074328	13.12654429	-0.48632660	0.15076497	13.12643987	-0.48652111
0.12429170	13.08753947	-0.58039879	0.12432392	13.08742328	-0.58058884
0.15956238	13.07221999	-0.59104187	0.15959609	13.07210428	-0.59122455
0.16275013	13.11523290	-0.49304082	0.16277280	13.11512813	-0.49323201
0.16855864	13.12163334	-0.49317588	0.16858102	13.12152897	-0.49336694
0.17861958	13.06552202	-0.58721068	0.17865279	13.06540776	-0.58738969
0.20481487	13.07088431	-0.62647603	0.20485110	13.07076798	-0.62664933
0.20401118	13.12739556	-0.52561470	0.20403633	13.12728912	-0.52580011
0.22065293	13.00035505	-0.74452603	0.22069977	13.00023813	-0.74467672
0.19914688	12.99554352	-0.69652561	0.19919119	12.99542389	-0.69668516
0.18478508	12.99863619	-0.69610485	0.18482974	12.99851477	-0.69626833
0.14651088	13.01343540	-0.68489707	0.14655480	13.01331177	-0.68506943
0.39482039	13.09007853	-0.26379957	0.39482372	13.09000797	-0.26396899
0.43010897	13.00967337	-0.17995577	0.43010777	13.00961428	-0.18011722
0.45860682	12.87906976	-0.13362195	0.45860653	12.87902163	-0.13376820
0.31337080	12.98996028	-0.86288194	0.31342599	12.98986731	-0.86300729
0.33722948	12.91210243	-0.95195908	0.33728633	12.91203312	-0.95207177
0.29529945	13.05919566	-0.75099447	0.29534538	13.05908544	-0.75113798
0.13688949	12.96114621	-0.06118686	0.13687823	12.96109660	-0.06136917
0.11505576	13.06530299	-0.10589794	0.11504419	13.06524666	-0.10609464
0.09352289	13.12873020	-0.17601407	0.09351501	13.12866383	-0.17622060
0.08860027	13.02709978	-0.62576293	0.08863805	13.02697803	-0.62594903
0.06849333	13.09258454	-0.54795724	0.06852272	13.09246897	-0.54815692
0.10777443	12.95493480	-0.67996394	0.10781951	12.95480830	-0.68013504
0.47318707	12.68404604	-0.13341930	0.47319373	12.68400610	-0.13354292
0.48270138	12.47509724	-0.16173106	0.48271972	12.47507270	-0.16182214
0.34614346	12.83142123	-1.00476998	0.34618497	12.83137320	-1.00486604
0.34689191	12.75642319	-1.03390082	0.34691853	12.75638468	-1.03399268
0.48380567	12.33770681	-0.19969383	0.48382937	12.33769213	-0.19974778
0.34556342	12.69648492	-1.05240640	0.34557917	12.69645188	-1.05246806
0.15825106	12.47129505	-0.10622272	0.15825967	12.47124979	-0.10633658
0.16417513	12.62739158	-0.07694448	0.16417627	12.62734738	-0.07708205
0.10967538	12.75387715	-0.74963999	0.10973323	12.75374525	-0.74979790
0.10991953	12.82259032	-0.72600583	0.10997289	12.82245939	-0.72616664
0.15515586	12.80667111	-0.05647963	0.15514920	12.80662519	-0.05664156
0.11207075	12.88810788	-0.70807412	0.11212073	12.88797855	-0.70823739
0.33084542	13.14242320	-0.50208240	0.33086781	13.14232384	-0.50225296
0.30494873	13.11369724	-0.62888541	0.30498354	13.11358599	-0.62904748
0.36123013	13.13435984	-0.37596376	0.36124166	13.13427530	-0.37613672
0.06456333	13.16293353	-0.34824424	0.06457037	13.16284315	-0.34845717
0.06126200	13.13900850	-0.45035509	0.06127984	13.13890440	-0.45056423
0.07601026	13.16023967	-0.25684638	0.07600868	13.16016205	-0.25705812
0.88208917	11.96586015	-0.58479128	0.88209088	11.96580658	-0.58481434
0.81676000	12.01719950	-0.47386000	0.81676000	12.01719950	-0.47386000
0.92260362	11.93785830	-0.71380513	0.92261512	11.93778377	-0.71384350
0.91015871	12.00434243	-0.71871096	0.91018014	12.00426653	-0.71875582
0.87456213	12.05123552	-0.63222675	0.87458689	12.05116945	-0.63226828
0.80626459	12.11400792	-0.52914829	0.80629259	12.11395955	-0.52918759
0.95595850	11.93027843	-0.83820950	0.95597102	11.93019570	-0.83825791
0.97521469	11.94622068	-0.94968707	0.97522275	11.94613166	-0.94974402
0.94336364	12.06423845	-0.93308303	0.94338606	12.06415059	-0.93314661
0.92903012	12.03398424	-0.81533856	0.92905495	12.03390167	-0.81539367
0.97441974	11.98850089	-1.04295326	0.97442202	11.98840875	-1.04301694
0.93976055	12.06321849	-1.12994184	0.93975745	12.06312607	-1.13001021
0.91668185	12.12594066	-1.10757542	0.91668922	12.12585135	-1.10764725
0.94062829	12.09912831	-1.03100316	0.94064432	12.09903836	-1.03107362
0.85901366	12.18139645	-1.22108675	0.85900720	12.18131150	-1.22115776
0.74240200	12.33252923	-1.27158987	0.74238729	12.33246910	-1.27164864
0.74652320	12.36082079	-1.19989711	0.74652465	12.36076023	-1.19996000
0.85728415	12.22730130	-1.15844790	0.85729265	12.22721745	-1.15852352
0.60108956	12.48284962	-1.23769662	0.60107997	12.48283312	-1.23769497
0.47112970	12.61352725	-1.15280754	0.47113386	12.61350815	-1.15281846
0.49420000	12.61570000	-1.07906000	0.49420000	12.61570000	-1.07906000
0.61447000	12.50220000	-1.16283000	0.61447000	12.50220000	-1.16283000
0.38304174	12.64711230	-1.04999338	0.38305100	12.64709233	-1.05001967
0.33219819	12.64713568	-0.95745026	0.33221048	12.64708842	-0.95750963
0.37140000	12.64100070	-0.89641000	0.37140000	12.64100070	-0.89641000
0.41679000	12.64250090	-0.98287004	0.41679000	12.64250090	-0.98287004
0.31425751	12.67872254	-0.89832261	0.31427855	12.67866537	-0.89841662
0.31053598	12.70601131	-0.87095558	0.31058745	12.70593299	-0.87105889
0.33923761	12.69337243	-0.81376680	0.33933024	12.69324950	-0.81387287
0.34806550	12.66868956	-0.84134030	0.34812676	12.66860796	-0.84143571
0.30153100	12.69333775	-0.87497373	0.30158387	12.69326193	-0.87508944
0.25854226	12.68288417	-0.84572566	0.25860840	12.68277137	-0.84586307
0.29891727	12.67981365	-0.77633706	0.29899279	12.67968288	-0.77647941
0.33807937	12.68196830	-0.81252484	0.33817275	12.68184499	-0.81264046
0.15216140	12.71825806	-0.71760632	0.15222031	12.71812533	-0.71776012
0.02011514	12.77215845	-0.57711041	0.02015984	12.77203292	-0.57727976
0.02425987	12.80994116	-0.50025133	0.02429551	12.80982668	-0.50042458
0.17614353	12.73336552	-0.64229754	0.17619771	12.73323327	-0.64245319
-0.09655613	12.81520620	-0.51433115	-0.09651790	12.81508496	-0.51451565
-0.20406444	12.84716307	-0.51821850	-0.20402637	12.84703638	-0.51841859
-0.20742165	12.91572321	-0.45796566	-0.20739260	12.91560556	-0.45817538
-0.09860917	12.87477273	-0.44425809	-0.09858113	12.87466173	-0.44445062
-0.30928147	12.86757438	-0.57798483	-0.30923755	12.86743417	-0.57819918
-0.40795935	12.87867506	-0.64561658	-0.40791020	12.87852229	-0.64584238
-0.42457236	12.90644297	-0.59387253	-0.42452821	12.90629705	-0.59410313
-0.31872952	12.92073324	-0.52302298	-0.31869280	12.92060101	-0.52324539
-0.49609656	12.88201782	-0.67359899	-0.49604612	12.88186084	-0.67383223
-0.57581683	12.87860814	-0.66176888	-0.57576741	12.87845200	-0.66200673
-0.57500554	12.88104962	-0.62639593	-0.57495865	12.88089756	-0.62663364
-0.51840343	12.88979522	-0.62536452	-0.51835675	12.88964389	-0.62559975
-0.64991535	12.87035307	-0.61015091	-0.64986933	12.87020107	-0.61039145
-0.69911991	12.85409776	-0.53059780	-0.69907911	12.85395510	-0.53083814
-0.66200642	12.87028057	-0.50238081	-0.66196856	12.87014331	-0.50262134
-0.62464947	12.87955778	-0.57920561	-0.62460591	12.87941046	-0.57944579
-0.70410502	12.82689175	-0.43540537	-0.70407212	12.82676508	-0.43564041
-0.67721315	12.78003055	-0.34565370	-0.67718900	12.77992040	-0.34587778
-0.65560832	12.78659818	-0.35859070	-0.65558309	12.78648567	-0.35881446
-0.66786005	12.83316342	-0.41882794	-0.66782909	12.83304007	-0.41906159
-0.63050310	12.70563608	-0.28248277	-0.63048478	12.70553633	-0.28269037
-0.55699401	12.64511395	-0.23385205	-0.55697814	12.64502169	-0.23404566
-0.53939950	12.70437007	-0.26521458	-0.53938249	12.70427296	-0.26541682
-0.61547911	12.74779430	-0.31502764	-0.61545803	12.74768893	-0.31524188
-0.45000452	12.64026804	-0.18661572	-0.44999229	12.64018424	-0.18680205
-0.32291495	12.61970668	-0.15076412	-0.32290546	12.61963005	-0.15093918
-0.30510260	12.67337041	-0.17967616	-0.30509272	12.67329032	-0.17985761
-0.43113277	12.69772556	-0.21655557	-0.43111961	12.69763736	-0.21674996
-0.18621390	12.51544980	-0.13727006	-0.18620183	12.51537941	-0.13742052
-0.03752549	12.39981484	-0.14438927	-0.03750745	12.39975056	-0.14450978
-0.03508434	12.46948133	-0.17556813	-0.03506749	12.46941290	-0.17569906
-0.17462609	12.57811801	-0.16618371	-0.17461443	12.57804412	-0.16634214
0.12370950	12.33961153	-0.16458401	0.12373364	12.33955439	-0.16467961
0.25222622	12.32127151	-0.18973938	0.25225520	12.32122586	-0.18981557
0.23167551	12.38088843	-0.24190066	0.23170182	12.38083169	-0.24199170
0.11400293	12.40686267	-0.20607633	0.11402526	12.40679888	-0.20618379
0.30215672	12.35563285	-0.21100134	0.30218271	12.35559511	-0.21107584
0.28753015	12.43925135	-0.28058853	0.28755401	12.43919321	-0.28068636
0.27944467	12.41147902	-0.26664594	0.27946965	12.41142336	-0.26673837
0.31356105	12.34603804	-0.22351245	0.31357726	12.34601115	-0.22357516
0.34620000	12.27620000	-0.23202000	0.34620000	12.27620000	-0.23202000
0.31952700	12.33264012	-0.29134347	0.31954971	12.33259020	-0.29140641
0.28663556	12.39768210	-0.28161626	0.28665876	12.39762650	-0.28170252
0.44425997	12.21770000	-0.27141000	0.44425997	12.21770000	-0.27141000
0.57587000	12.16340070	-0.32883000	0.57587000	12.16340070	-0.32883000
0.56969496	12.24258083	-0.38336437	0.56971911	12.24253956	-0.38340569
0.42777319	12.28569549	-0.32837937	0.42779351	12.28565392	-0.32842380
0.70622003	12.08180000	-0.39380000	0.70622003	12.08180000	-0.39380000
0.70020096	12.18084276	-0.44797890	0.70022714	12.18079841	-0.44801864
0.76369268	12.39292095	-1.04920144	0.76373424	12.39284064	-1.04928377
0.86582205	12.24416479	-1.04800056	0.86584988	12.24407833	-1.04807779
0.78321166	12.37634729	-0.86108971	0.78326887	12.37626066	-0.86117437
0.87504327	12.22274833	-0.90748634	0.87508219	12.22266124	-0.90755889
0.79578640	12.26190843	-0.67322264	0.79583382	12.26182927	-0.67329141
0.87485318	12.14898754	-0.75521194	0.87489147	12.14890556	-0.75527282
0.53417400	12.60726775	-0.90420694	0.53425613	12.60716577	-0.90433448
0.64749263	12.52177061	-0.99144546	0.64756101	12.52170690	-0.99152913
0.56523117	12.53772252	-0.69255425	0.56529215	12.53761501	-0.69266673
0.67823526	12.47797972	-0.78217681	0.67829987	12.47788729	-0.78227143
0.57087939	12.38592473	-0.51191502	0.57092072	12.38584729	-0.51199733
0.69269630	12.33960784	-0.58989608	0.69274330	12.33952920	-0.58997012
-0.21821333	12.91092213	-0.37314856	-0.21819264	12.91081693	-0.37335824
-0.11227378	12.86788349	-0.35745145	-0.11225416	12.86778453	-0.35764462
-0.23966615	12.85302412	-0.28657852	-0.23965183	12.85293080	-0.28678155
-0.13292869	12.80348086	-0.27325086	-0.13291506	12.80339287	-0.27343756
-0.01567334	12.73609959	-0.30874980	-0.01565518	12.73601091	-0.30891859
0.00749026	12.80216607	-0.40439794	0.00751629	12.80206481	-0.40457255
-0.27328150	12.76260899	-0.22370084	-0.27327044	12.76252367	-0.22389301
-0.15554428	12.69006514	-0.21091961	-0.15553284	12.68998567	-0.21109231
-0.02872536	12.60400562	-0.23181669	-0.02870965	12.60392840	-0.23196785
-0.55434121	12.91001936	-0.54419630	-0.55430129	12.90987832	-0.54443633
-0.58830582	12.90364712	-0.45244904	-0.58827337	12.90351913	-0.45268968
-0.48598707	12.92400245	-0.39134307	-0.48596165	12.92388600	-0.39157897
-0.45285418	12.93686857	-0.49693499	-0.45281942	12.93673622	-0.49717115
-0.60464474	12.83153484	-0.37333238	-0.60461871	12.83141986	-0.37356112
-0.51555670	12.82190326	-0.31493447	-0.51553677	12.82179835	-0.31515494
-0.33669777	12.93564555	-0.42925592	-0.33667061	12.93552745	-0.42948141
-0.36345702	12.90026248	-0.33058661	-0.36343823	12.90015893	-0.33080822
-0.39890266	12.80266110	-0.26185774	-0.39888789	12.80256675	-0.26206653
0.29370533	12.63787935	-0.65281313	0.29377463	12.63772340	-0.65298782
0.33547990	12.63444070	-0.67642848	0.33555224	12.63427354	-0.67661342
0.26713967	12.57133160	-0.50247226	0.26717877	12.57122733	-0.50260456
0.31351107	12.57037244	-0.51242372	0.31354994	12.57026499	-0.51255263
0.31762974	12.58841425	-0.49691077	0.31766819	12.58831114	-0.49704582
0.33650007	12.64873054	-0.66803873	0.33657493	12.64856245	-0.66822465
0.34397946	12.63112374	-0.69093396	0.34408220	12.63094585	-0.69114578
0.32006742	12.57420011	-0.51172803	0.32010742	12.57409538	-0.51186101
0.35251719	12.55445816	-0.55235063	0.35256523	12.55434995	-0.55248156
0.37373548	12.61224355	-0.74212779	0.37387482	12.61203969	-0.74240422
0.32732917	12.43995161	-0.39987021	0.32736041	12.43987240	-0.39996953
0.29494464	12.48676092	-0.37666789	0.29497394	12.48668262	-0.37677863
0.28921081	12.49085561	-0.37175959	0.28923982	12.49077654	-0.37187033
0.24172380	12.47659688	-0.35554341	0.24175307	12.47651941	-0.35565432
0.44577299	12.55297199	-0.61443134	0.44582390	12.55285719	-0.61457516
0.44033752	12.61835145	-0.81951980	0.44051048	12.61801867	-0.81997141
0.43404535	12.41153874	-0.44684448	0.43408159	12.41146055	-0.44693293
0.13779498	12.63927434	-0.41061164	0.13782641	12.63917985	-0.41075770
0.16419677	12.70953035	-0.53314543	0.16424122	12.70941238	-0.53330410
0.11924559	12.52225073	-0.29470146	0.11926889	12.52217400	-0.29482921
0.16398902	13.14434878	-0.39625544	0.16400113	13.14425605	-0.39645240
0.25961171	13.03064421	-0.13050999	0.25960449	13.03058819	-0.13069016
0.29892284	12.91669891	-0.08881317	0.29891630	12.91665050	-0.08897713
0.32799081	12.73675274	-0.09394777	0.32799112	12.73671060	-0.09408758
0.34800145	12.55742632	-0.12337391	0.34801033	12.55739193	-0.12348725
0.24177120	12.85742833	-0.81576328	0.24182657	12.85731985	-0.81589475
0.33900252	12.37493253	-0.18550135	0.33902223	12.37490752	-0.18557180
0.17683079	13.06031920	-0.58998377	0.17686451	13.06020451	-0.59016234
0.20261785	12.99034160	-0.68986575	0.20266208	12.99022163	-0.69002526
0.89636637	11.96056099	-0.57132800	0.89636580	11.96050742	-0.57134955
0.82721643	12.01970044	-0.45665851	0.82721678	12.01970058	-0.45665820
0.93997542	11.92354884	-0.70517639	0.93998405	11.92347336	-0.70521286
0.74583680	12.33112636	-1.28709274	0.74581834	12.33106569	-1.28715181
0.46151884	12.61927871	-1.16646251	0.46152415	12.61925450	-1.16647525
0.35376694	12.65773419	-1.05872726	0.35377869	12.65770621	-1.05877100
0.28758147	12.66128721	-0.96084834	0.28759571	12.66123571	-0.96092354
0.27352714	12.69118805	-0.89994990	0.27355880	12.69111715	-0.90005377
0.25731310	12.70230302	-0.88710329	0.25737536	12.70221612	-0.88723525
0.20903344	12.68802462	-0.86916714	0.20909855	12.68791508	-0.86931081
0.12058971	12.70978284	-0.75481882	0.12064911	12.70965220	-0.75497559
0.01220732	12.74333427	-0.62464759	0.01225665	12.74320566	-0.62481629
-0.19636558	12.78392873	-0.55909251	-0.19631977	12.78379623	-0.55928302
-0.29952803	12.82543870	-0.60909476	-0.29947902	12.82529410	-0.60930237
-0.48353884	12.88708003	-0.69585356	-0.48348686	12.88692052	-0.69608681
-0.56573152	12.88997073	-0.68428928	-0.56568074	12.88981200	-0.68452812
-0.71142449	12.85840165	-0.54210070	-0.71138277	12.85825680	-0.54234268
-0.18834740	12.52517565	-0.11523061	-0.18833761	12.52510839	-0.11538260
0.14144239	12.35534996	-0.13991293	0.14146272	12.35529845	-0.14000931
0.30962094	12.38342816	-0.22358756	0.30964279	12.38339011	-0.22366707
0.38334518	12.29386183	-0.19544323	0.38335994	12.29386105	-0.19546924
0.46933564	12.23726314	-0.23894968	0.46934804	12.23726160	-0.23896247
0.71416561	12.09177611	-0.37181662	0.71417104	12.09177404	-0.37181923
0.29585342	12.51396198	-0.36989312	0.29588196	12.51388384	-0.37000901
0.58452651	12.77683186	-0.54246047	0.58455840	12.77672655	-0.54259765
0.30571233	12.98835610	-0.53145068	0.30574311	12.98824783	-0.53161100
0.03446534	12.99451352	-0.26401699	0.03447098	12.99443291	-0.26421240
0.10295871	13.07699747	-0.30914427	0.10296526	13.07691334	-0.30934209
0.32001005	12.86796667	-0.29560294	0.32002357	12.86788916	-0.29576246
0.03135451	12.96696261	-0.42246028	0.03137622	12.96685986	-0.42265152
0.12481693	13.04473190	-0.41860347	0.12483502	13.04463310	-0.41879355
0.36762468	12.82232828	-0.69472902	0.36767864	12.82219348	-0.69487369
0.15909829	13.02852519	-0.18059334	0.15909491	13.02846015	-0.18078089
0.22132250	12.81408412	-0.79489527	0.22137747	12.81396477	-0.79503138
0.33066158	12.75729714	-0.53248456	0.33070294	12.75717735	-0.53264456
0.32974740	12.88603875	-0.84246679	0.32980734	12.88594493	-0.84258631
0.39463903	12.43576397	-0.24620332	0.39466149	12.43572379	-0.24629204
0.24643076	13.04602859	-0.44777042	0.24645146	13.04593061	-0.44794522
0.47726826	12.68335424	-0.66928137	0.47731576	12.68319027	-0.66946790
0.69911921	12.74861330	-0.77333896	0.69918386	12.74852279	-0.77344795
0.32843925	12.93937298	-0.20133787	0.32844192	12.93930893	-0.20150243
-0.42642630	12.91016383	-0.24530454	-0.42641518	12.91007188	-0.24553242
0.15488393	13.08097124	-0.24994128	0.15488485	13.08089681	-0.25013476
0.32490330	12.94537717	-0.68900696	0.32495091	12.94525471	-0.68915319
-0.51350052	12.90984520	-0.28549542	-0.51348445	12.90974541	-0.28573051
0.22995491	13.03090770	-0.32956116	0.22996512	13.03082464	-0.32974034
0.29059858	12.45923085	-0.20192603	0.29061553	12.45918577	-0.20202552
0.12084632	13.09817844	-0.37120858	0.12085782	13.09808653	-0.37140631
0.21182716	13.07655429	-0.49000456	0.21185054	13.07645094	-0.49018494
0.25539387	12.61226783	-0.24604544	0.25540970	12.61220599	-0.24617604
0.16922003	12.93665499	-0.50985933	0.16925173	12.93654319	-0.51003050
0.27873171	12.89026231	-0.83247191	0.27878858	12.89016299	-0.83259799
0.28544616	12.83954439	-0.83568950	0.28550295	12.83944489	-0.83581138
0.23267465	13.02113045	-0.54573148	0.23270586	13.02102026	-0.54590079
0.37712659	12.79895192	-0.19911188	0.37713448	12.79889440	-0.19925709
0.49869624	12.59148307	-0.43399080	0.49872718	12.59140203	-0.43411259
0.30626054	12.76025924	-0.88820783	0.30630201	12.76019056	-0.88830868
0.16266278	12.96381239	-0.64501180	0.16270445	12.96369191	-0.64517628
0.39159938	12.37568457	-0.22294051	0.39162238	12.37565631	-0.22301074
0.35865408	12.48337745	-0.31337413	0.35867983	12.48331634	-0.31347878
0.19620023	12.86807258	-0.18801290	0.19620311	12.86800843	-0.18818007
0.39010795	12.72973678	-0.91050639	0.39013989	12.72968471	-0.91059253
0.29812287	12.79224642	-0.84969939	0.29818241	12.79215087	-0.84981099
0.14722191	13.11332262	-0.28226274	0.14722448	13.11324384	-0.28246045
0.41554977	12.60633415	-0.24843413	0.41556555	12.60628094	-0.24855482
0.21652538	12.85911611	-0.77162643	0.21657819	12.85899721	-0.77176757
0.42902755	12.71191149	-0.82825751	0.42911052	12.71177285	-0.82840416
0.82817521	12.74444824	-0.86849762	0.82824571	12.74436961	-0.86859247
0.56705604	12.79071320	-0.92802025	0.56713006	12.79063866	-0.92812940
0.34193230	12.68575911	-0.20011776	0.34194230	12.68570650	-0.20025128
0.25211260	12.76260266	-0.18262624	0.25211847	12.76254475	-0.18277571
