0.86151105	12.72779280	-0.42665415	0.86243983	12.72710759	-0.42711885
0.83475840	12.86641498	-0.45456401	0.83590129	12.86576385	-0.45499779
0.90931707	12.82348605	-0.55386702	0.91028197	12.82270951	-0.55437949
0.93909395	12.68963466	-0.54023757	0.93984866	12.68881439	-0.54079270
0.79326183	12.95809922	-0.51411122	0.79450328	12.95751492	-0.51450019
0.87187864	12.91037110	-0.59601555	0.87294705	12.90965435	-0.59648428
0.91984565	12.86636374	-0.65699701	0.92077435	12.86556386	-0.65751174
0.95698848	12.79556630	-0.65204456	0.95780397	12.79470154	-0.65260313
0.98864245	12.66555638	-0.65417777	0.98925145	12.66463717	-0.65478840
0.72036308	12.76184896	-1.16739237	0.72061288	12.76149927	-1.16762920
0.84214106	12.70815081	-1.14760929	0.84234340	12.70756906	-1.14798709
0.81347463	12.81509470	-1.07823470	0.81390113	12.81454374	-1.07858396
0.69168952	12.86401684	-1.09327287	0.69215292	12.86366714	-1.09348726
0.94330727	12.67125849	-1.08674689	0.94350963	12.67045584	-1.08725750
0.91322466	12.78325931	-1.02702480	0.91366393	12.78251560	-1.02748716
0.87545003	12.85257544	-0.97577271	0.87604027	12.85188993	-0.97619638
0.79698554	12.89511188	-0.99002548	0.79761118	12.89454885	-0.99036600
0.67559899	12.94361873	-0.99392617	0.67628015	12.94325152	-0.99414316
0.61016291	12.83021785	-0.21128726	0.61150652	12.82995560	-0.21147679
0.59371154	12.96743947	-0.25864197	0.59526602	12.96720611	-0.25881497
0.72619469	12.91714973	-0.35296864	0.72754262	12.91668300	-0.35328685
0.74569357	12.77750391	-0.31303094	0.74682667	12.77701204	-0.31336678
0.56379473	13.05433087	-0.34261364	0.56542053	13.05415049	-0.34275637
0.69081284	13.00813732	-0.42817662	0.69224656	13.00773088	-0.42845827
0.47348812	12.88097401	-1.06434582	0.47397540	12.88095481	-1.06435504
0.59813080	12.82495320	-1.13832636	0.59847824	12.82477931	-1.13844370
0.56987970	12.91730871	-1.06560323	0.57043724	12.91713798	-1.06570575
0.44740116	12.96369093	-0.98950043	0.44811292	12.96370168	-0.98949587
0.55222129	12.99180698	-0.96388189	0.55301179	12.99164139	-0.96398409
0.42902552	13.03318765	-0.88670154	0.42997740	13.03322902	-0.88668844
0.00296458	12.99505913	-0.06373608	0.00483515	12.99596595	-0.06323123
-0.12565284	13.00854685	-0.08480059	-0.12377508	13.00971870	-0.08414483
-0.12757026	13.08190283	-0.13141232	-0.12559448	13.08308143	-0.13075156
-0.00229999	13.08236415	-0.10771772	-0.00030152	13.08328464	-0.10720318
-0.24485515	13.01161419	-0.12029386	-0.24300806	13.01303644	-0.11950025
-0.24540613	13.07293570	-0.16879664	-0.24348748	13.07436234	-0.16799987
-0.24665837	13.11404593	-0.23435365	-0.24472888	13.11547895	-0.23355415
-0.12946334	13.12875889	-0.19759859	-0.12746746	13.12994492	-0.19693479
-0.00706208	13.13636153	-0.17356272	-0.00503034	13.13729555	-0.17304065
0.04356875	12.98066881	-0.58823428	0.04479582	12.98149040	-0.58778184
0.02967838	13.04323126	-0.56261954	0.03106305	13.04408448	-0.56215121
-0.05127999	13.04620379	-0.55157325	-0.04986781	13.04722945	-0.55100737
-0.03796317	12.98986581	-0.56726099	-0.03668673	12.99086106	-0.56671166
0.01120748	13.09739902	-0.51513712	0.01276145	13.09829551	-0.51464571
-0.07196494	13.09274650	-0.51576900	-0.07041392	13.09381710	-0.51517786
-0.16579256	13.08655127	-0.53129710	-0.16426467	13.08782234	-0.53059777
-0.14392055	13.04530644	-0.56729591	-0.14252136	13.04653048	-0.56662370
-0.12996619	12.99395528	-0.58478102	-0.12869576	12.99514813	-0.58412581
0.98717941	12.27583494	-0.68350376	0.98713019	12.27492198	-0.68422550
0.96042696	12.05806958	-0.69706345	0.95996501	12.05724915	-0.69763541
0.91223279	12.08858981	-0.55967487	0.91208229	12.08801160	-0.56013088
0.93098911	12.29374504	-0.54561317	0.93112803	12.29303388	-0.54618389
0.83720816	12.14230660	-0.43630979	0.83727603	12.14199073	-0.43663100
0.84723975	12.32158541	-0.41825093	0.84751820	12.32105786	-0.41869403
0.97341174	12.36694159	-1.15223539	0.97295803	12.36600833	-1.15290729
0.87954283	12.43154717	-1.21821904	0.87917131	12.43087025	-1.21871550
0.86823715	12.27205845	-1.24429644	0.86741560	12.27139334	-1.24482898
0.95773528	12.17479672	-1.16855220	0.95674754	12.17384054	-1.16923914
0.75535451	12.51260696	-1.24360731	0.75521152	12.51227118	-1.24389412
0.74607848	12.39282449	-1.27596986	0.74555268	12.39251216	-1.27629108
0.85130232	12.16777172	-1.25256487	0.85017357	12.16713389	-1.25309115
0.93254315	12.04051683	-1.16612539	0.93116094	12.03959546	-1.16673626
0.99748851	12.48502728	-0.66679889	0.99779217	12.48409385	-0.66745542
0.94262203	12.50301707	-0.53902080	0.94307470	12.50221398	-0.53959731
0.86004612	12.53376778	-0.41549522	0.86065069	12.53311836	-0.41596522
0.86764727	12.57903175	-1.18979031	0.86761612	12.57842024	-1.19021110
0.96604842	12.53251244	-1.12623104	0.96596077	12.53164040	-1.12680280
0.74355508	12.64051059	-1.21274023	0.74360905	12.64018127	-1.21302327
0.60643140	12.41677692	-0.22874776	0.60694373	12.41655010	-0.22892492
0.61106342	12.63101552	-0.20644614	0.61203266	12.63075893	-0.20663377
0.74275207	12.57880048	-0.30259898	0.74352565	12.57833776	-0.30293544
0.73258051	12.36587621	-0.31304406	0.73298266	12.36551448	-0.31333410
0.47016062	12.70476658	-1.15109169	0.47026188	12.70477369	-1.15110035
0.61207682	12.61431109	-1.22045660	0.61208304	12.61425546	-1.22052969
0.61048845	12.71743488	-1.18733400	0.61061764	12.71729937	-1.18743018
0.47724965	12.78845923	-1.11765929	0.47752176	12.78844972	-1.11766812
0.58723241	12.17437881	-0.30215358	0.58727698	12.17434704	-0.30217528
0.60048527	12.27839841	-0.26475501	0.60071587	12.27823334	-0.26488838
0.72581367	12.21286263	-0.34107190	0.72597961	12.21262613	-0.34128011
0.59800862	12.48730671	-1.25192908	0.59782315	12.48732181	-1.25192887
0.60545753	12.53406692	-1.24364356	0.60536411	12.53404039	-1.24365038
0.46314254	12.64931773	-1.16666102	0.46316961	12.64934173	-1.16666951
0.00737471	12.71728717	-0.06258138	0.00868291	12.71818121	-0.06209519
-0.14040724	12.78786477	-0.06873689	-0.13896346	12.78906346	-0.06807592
-0.12883636	12.91044587	-0.06643631	-0.12713775	12.91162179	-0.06578134
0.00925433	12.87162649	-0.05198707	0.01088672	12.87251804	-0.05149527
-0.27593417	12.84061742	-0.09242007	-0.27440884	12.84210167	-0.09159991
-0.25614770	12.93542151	-0.09655453	-0.25443077	12.93686543	-0.09575185
0.03716461	12.85130072	-0.61726915	0.03809837	12.85212883	-0.61680581
0.04458009	12.91657420	-0.60470751	0.04565860	12.91739067	-0.60425550
-0.03604356	12.92804348	-0.57658911	-0.03490534	12.92903251	-0.57604212
-0.04524543	12.86331955	-0.58052040	-0.04424422	12.86432687	-0.57996199
-0.12759289	12.93660437	-0.59299269	-0.12645137	12.93779115	-0.59234113
-0.13810066	12.87588390	-0.59169913	-0.13708467	12.87709252	-0.59103563
-0.02706331	12.42205822	-0.11668085	-0.02641484	12.42302832	-0.11617478
-0.16365192	12.64108121	-0.08627127	-0.16252803	12.64232978	-0.08559328
-0.01006108	12.54693788	-0.08639100	-0.00912551	12.54786945	-0.08589594
-0.31531484	12.63566599	-0.12378289	-0.31424872	12.63723407	-0.12293425
-0.30037566	12.72323066	-0.10391940	-0.29910703	12.72476626	-0.10307939
0.02597048	12.78515234	-0.62902974	0.02675632	12.78600153	-0.62854815
-0.06549041	12.79708425	-0.57750168	-0.06462118	12.79813455	-0.57691396
-0.08340894	12.77024819	-0.55725907	-0.08257190	12.77133888	-0.55664661
-0.16278270	12.81360409	-0.57939558	-0.16188207	12.81486491	-0.57870427
-0.36770921	13.01004351	-0.16875300	-0.36591763	13.01172875	-0.16781853
-0.35962651	13.06003884	-0.21461587	-0.35778252	13.06170961	-0.21368881
-0.47821275	13.00430255	-0.22475865	-0.47649416	13.00622739	-0.22369838
-0.45828100	13.04479223	-0.26589293	-0.45652441	13.04667720	-0.26485457
-0.43615138	13.07775998	-0.31630793	-0.43438348	13.07959994	-0.31529428
-0.34970465	13.09692678	-0.27382368	-0.34785186	13.09857991	-0.27290715
-0.24842183	13.04404667	-0.58621035	-0.24704003	13.04549338	-0.58541612
-0.23469681	12.99866909	-0.61121651	-0.23344042	13.00008611	-0.61043918
-0.26801811	13.08069624	-0.54568389	-0.26651192	13.08218452	-0.54486582
-0.36288628	13.07297254	-0.55376592	-0.36139988	13.07466278	-0.55283947
-0.34860328	13.04155499	-0.59868417	-0.34723507	13.04321512	-0.59777552
-0.33952674	13.00310587	-0.63252418	-0.33828003	13.00474627	-0.63162703
-0.23669997	12.95015959	-0.62699907	-0.23556428	12.95158027	-0.62622041
-0.34755103	12.96420615	-0.65719601	-0.34641552	12.96586337	-0.65629000
-0.36268916	12.92698869	-0.67116579	-0.36164984	12.92867684	-0.67024134
-0.24997194	12.90074525	-0.63138378	-0.24894609	12.90219365	-0.63058966
-0.52329003	12.89915777	-0.18377646	-0.52174679	12.90117586	-0.18267020
-0.54461107	12.77733729	-0.18903052	-0.54332946	12.77940114	-0.18790807
-0.62064711	12.81467996	-0.24622288	-0.61935150	12.81691129	-0.24501320
-0.60161870	12.91049169	-0.24567536	-0.60012052	12.91268336	-0.24448125
-0.55384890	12.67266005	-0.20609560	-0.55280485	12.67474463	-0.20497254
-0.62881699	12.73212181	-0.25793948	-0.62770727	12.73437024	-0.25672569
-0.67693290	12.80211215	-0.32791411	-0.67575479	12.80446905	-0.32664359
-0.67015866	12.85437046	-0.32225590	-0.66886508	12.85671272	-0.32098960
-0.65359900	12.91730054	-0.32404801	-0.65217440	12.91960861	-0.32279575
-0.44430029	12.66162889	-0.15880017	-0.44322556	12.66347528	-0.15780201
-0.43196898	12.75776142	-0.14001454	-0.43067196	12.75958027	-0.13902151
-0.40839425	12.87680407	-0.13195539	-0.40683850	12.87857277	-0.13098124
-0.45843117	12.94336068	-0.68158552	-0.45736439	12.94526253	-0.68055159
-0.46559360	12.91635884	-0.69208728	-0.46459897	12.91827713	-0.69104474
-0.37514697	12.89376928	-0.67289019	-0.37418106	12.89548317	-0.67195032
-0.54483541	12.94911267	-0.66120390	-0.54373077	12.95121174	-0.66007426
-0.54988230	12.92238131	-0.67590689	-0.54885279	12.92449271	-0.67477324
-0.38607215	12.87708747	-0.66238318	-0.38513021	12.87882466	-0.66143036
-0.27014431	12.85272171	-0.62334684	-0.26921064	12.85421252	-0.62252874
0.90727025	12.87500532	-0.90759737	0.90796951	12.87425222	-0.90806615
0.80835017	12.94402638	-0.89229623	0.80916061	12.94342887	-0.89266847
0.92485417	12.88894885	-0.81917577	0.92566725	12.88815722	-0.81967190
0.83107127	12.96333771	-0.78819550	0.83201999	12.96269283	-0.78860620
0.72187291	13.02120353	-0.74566947	0.72297094	13.02074115	-0.74597243
0.69039865	12.99779623	-0.87423491	0.69130670	12.99739021	-0.87449282
0.92664539	12.88499214	-0.72746894	0.92753421	12.88418673	-0.72798055
0.84905032	12.95422196	-0.68204757	0.85010100	12.95354395	-0.68248495
0.75593368	13.00872448	-0.61894907	0.75714706	13.00820484	-0.61929487
1.00385699	12.65834708	-0.99344009	1.00412376	12.65738914	-0.99404942
0.96900425	12.78139505	-0.94693362	0.96951607	12.78052249	-0.94747131
1.02794600	12.65817142	-0.88258181	1.02830829	12.65716129	-0.88322973
0.98996153	12.79028784	-0.85056508	0.99058272	12.78937129	-0.85113879
1.02068005	12.65776247	-0.76919580	1.02116179	12.65677860	-0.76984188
0.98502881	12.79007090	-0.75120191	0.98574689	12.78916310	-0.75177863
0.57137618	13.04563918	-0.82780298	0.57241820	13.04543522	-0.82794275
0.61005520	13.07039244	-0.67956028	0.61131215	13.07012365	-0.67975232
0.48738378	13.11132994	-0.59581952	0.48882169	13.11128513	-0.59588152
0.44842469	13.08560330	-0.74720353	0.44963682	13.08562154	-0.74721974
0.65100803	13.05847924	-0.54205829	0.65240436	13.05814264	-0.54229692
0.52703932	13.10158313	-0.45819392	0.52862096	13.10146985	-0.45829826
-0.37082762	13.09066402	-0.49585160	-0.36923835	13.09237043	-0.49491457
-0.45468138	13.07292691	-0.50796486	-0.45313831	13.07481610	-0.50693356
-0.43513933	13.06126864	-0.55039205	-0.43366963	13.06311654	-0.54938409
-0.38242734	13.09699519	-0.43276005	-0.38075239	13.09872458	-0.43180857
-0.47656101	13.07512457	-0.46336341	-0.47496267	13.07705952	-0.46230681
-0.56143231	13.04935988	-0.49204300	-0.55991801	13.05148126	-0.49089067
-0.52397357	13.05095363	-0.52477685	-0.52249361	13.05299476	-0.52366731
-0.48643277	13.04898741	-0.55116287	-0.48498751	13.05094730	-0.55009606
-0.40751099	13.09395802	-0.37241454	-0.40577379	13.09573909	-0.37143358
-0.49008197	13.07117470	-0.41193332	-0.48843344	13.07313721	-0.41086093
-0.50480767	13.05694258	-0.36094671	-0.50313176	13.05893453	-0.35985727
-0.55083167	13.04027966	-0.39301080	-0.54922568	13.04237234	-0.39186982
-0.56296756	13.04532562	-0.44154927	-0.56140551	13.04744761	-0.44039479
-0.00336503	13.13641381	-0.43316262	-0.00163449	13.13734379	-0.43265144
-0.09549849	13.12523128	-0.44508132	-0.09379733	13.12635236	-0.44446102
-0.01171492	13.15797346	-0.33786784	-0.00982915	13.15892226	-0.33734409
-0.11547361	13.14319542	-0.35846595	-0.11363476	13.14435749	-0.35782024
-0.21725780	13.12713459	-0.38890578	-0.21547988	13.12851196	-0.38814278
-0.19196469	13.11327280	-0.46739788	-0.19030672	13.11459889	-0.46666632
-0.01156275	13.15977689	-0.25079095	-0.00957247	13.16072358	-0.25026452
-0.12614053	13.14675999	-0.27464819	-0.12419669	13.14794202	-0.27398834
-0.23644669	13.12971709	-0.30929739	-0.23457118	13.13113219	-0.30851013
0.96988896	11.95956209	-1.06947903	0.96847146	11.95854884	-1.07008068
0.99854756	12.10285042	-1.07020645	0.99752822	12.10173637	-1.07098246
0.97467101	11.91487517	-0.96302412	0.97337294	11.91388177	-0.96358531
1.00628963	12.06003732	-0.95460295	1.00538303	12.05894583	-0.95531903
1.03606430	12.27438362	-0.94353825	1.03579534	12.27311495	-0.94448787
1.02172149	12.31308847	-1.05602165	1.02129833	12.31199432	-1.05681715
0.95889715	11.90007487	-0.84242223	0.95778016	11.89917960	-0.84290919
0.99234748	12.04679765	-0.82971722	0.99161305	12.04581016	-0.83036502
1.02228989	12.26812851	-0.81643864	1.02207998	12.26707500	-0.81726507
1.02207493	12.50041392	-1.02865535	1.02202552	12.49938200	-1.02933141
1.04218802	12.48178761	-0.91403443	1.04223798	12.48069381	-0.91474703
1.03236754	12.47762389	-0.79253261	1.03253765	12.47659095	-0.79323497
-0.63058665	12.94456744	-0.60836880	-0.62943132	12.94685109	-0.60714449
-0.63766560	12.91478186	-0.62020399	-0.63658682	12.91708184	-0.61897510
-0.68801530	12.93497338	-0.52824280	-0.68679127	12.93737492	-0.52695273
-0.69877960	12.89882700	-0.53409260	-0.69764049	12.90125279	-0.53279461
-0.63966532	12.89138722	-0.62153795	-0.63863794	12.89369144	-0.62030930
-0.68920079	12.92569898	-0.42594587	-0.68787626	12.92809125	-0.42465371
-0.70306734	12.88071224	-0.42668352	-0.70183875	12.88313376	-0.42537906
-0.70632384	12.84502735	-0.42828626	-0.70517326	12.84745639	-0.42698192
-0.28361229	13.10293699	-0.48331506	-0.28198764	13.10445738	-0.48247768
-0.30114489	13.11299901	-0.41084981	-0.29941669	13.11455491	-0.40999079
-0.32671809	13.11278152	-0.34022673	-0.32490845	13.11438882	-0.33933666
-0.58106413	12.96265702	-0.25866611	-0.57946996	12.96480630	-0.25749323
-0.50023557	12.96519579	-0.19653888	-0.49856719	12.96716561	-0.19545500
-0.63564406	12.95730912	-0.33348024	-0.63414566	12.95957975	-0.33224664
-0.61228869	12.98664573	-0.35054299	-0.61074813	12.98886780	-0.34933460
-0.55781486	12.99435938	-0.28319316	-0.55618179	12.99646051	-0.28204505
-0.38525845	12.95490735	-0.14149912	-0.38355044	12.95662789	-0.14054706
-0.44502840	12.97433506	-0.66333883	-0.44387319	12.97620643	-0.66232048
-0.43268895	13.00663098	-0.63523648	-0.43143198	13.00847441	-0.63423288
-0.51671398	13.00629352	-0.61770151	-0.51543623	13.00832478	-0.61660143
-0.53302618	12.97791116	-0.64352127	-0.53183950	12.97998161	-0.64240321
-0.64616446	12.99191112	-0.51695036	-0.64480330	12.99421943	-0.51570291
-0.67074445	12.96456618	-0.52306468	-0.66944995	12.96692912	-0.52179125
-0.61652686	12.97280588	-0.59572100	-0.61529655	12.97505714	-0.59450944
-0.59532521	12.99991031	-0.57808195	-0.59401591	13.00211250	-0.57689241
-0.61379765	13.02089427	-0.50826480	-0.61236332	13.02313080	-0.50705281
-0.56765802	13.02619349	-0.55129214	-0.56626133	13.02833195	-0.55013329
-0.49808142	13.03199711	-0.57855435	-0.49670369	13.03398395	-0.57747496
-0.67148673	12.95874213	-0.42871946	-0.67009456	12.96109679	-0.42744485
-0.64691437	12.98662068	-0.43485737	-0.64546929	12.98892313	-0.43360877
-0.57990643	13.01738507	-0.37515096	-0.57832871	13.01953921	-0.37397804
-0.61296884	13.01640921	-0.44415567	-0.61147060	13.01863940	-0.44294500
-0.52990884	13.02860254	-0.31765472	-0.52824350	13.03064584	-0.31653727
-0.42860964	13.03741444	-0.59522024	-0.42724217	13.03924875	-0.59422081
0.19916668	13.12329716	-0.18410915	0.20114814	13.12381479	-0.18383283
0.16939556	13.16235429	-0.26908545	0.17135818	13.16293313	-0.26877427
0.19685075	13.14985052	-0.28400756	0.19876816	13.15037351	-0.28372906
0.23092685	13.10951406	-0.19591704	0.23286371	13.10996739	-0.19567813
0.14834118	13.16969669	-0.36397927	0.15020840	13.17031764	-0.36364504
0.17420294	13.15803855	-0.38107413	0.17602337	13.15860594	-0.38077191
0.20123517	13.14089489	-0.29405006	0.20312135	13.14140859	-0.29377732
0.23514676	13.10105013	-0.20235237	0.23705824	13.10149522	-0.20211836
0.20801363	13.14848097	-0.29516758	0.20991242	13.14898158	-0.29490249
0.24071543	13.10745249	-0.19727065	0.24264511	13.10788669	-0.19704287
0.18815306	13.15593495	-0.39829609	0.18994605	13.15647404	-0.39801128
0.23210323	13.16103679	-0.42455518	0.23387067	13.16148802	-0.42432378
0.25448305	13.15303399	-0.31342803	0.25636347	13.15344340	-0.31321981
0.28663999	13.11000201	-0.20847029	0.28855736	13.11034670	-0.20829659
0.27294086	12.93568085	-0.06468007	0.27467753	12.93604699	-0.06449145
0.23734051	13.05260305	-0.10988268	0.23926323	13.05304333	-0.10965043
0.27326383	13.03922743	-0.12156900	0.27514394	13.03959676	-0.12137892
0.31220300	12.92175018	-0.07811903	0.31389369	12.92203878	-0.07797608
0.28350291	13.03705983	-0.12214378	0.28537624	13.03740894	-0.12196560
0.32336086	12.91966386	-0.08161603	0.32504297	12.91993077	-0.08148595
0.32867729	13.03484134	-0.12986562	0.33053458	13.03510077	-0.12973996
0.36701762	12.91114387	-0.08795303	0.36867275	12.91132620	-0.08787295
0.38946720	12.72192261	-0.09226742	0.39074292	12.72205760	-0.09221922
0.34963726	12.73629943	-0.08745662	0.35094905	12.73651033	-0.08736271
0.40346995	12.52641224	-0.12302894	0.40431597	12.52651171	-0.12300724
0.36641435	12.55111878	-0.11802068	0.36731945	12.55129135	-0.11795799
0.33832512	12.73868879	-0.08261443	0.33964773	12.73892114	-0.08250839
0.35432370	12.55411194	-0.11299627	0.35524161	12.55430746	-0.11292046
0.30909679	12.56864300	-0.09452033	0.31006663	12.56892753	-0.09439161
0.29668541	12.75675586	-0.06623527	0.29806378	12.75707062	-0.06608095
0.27108418	12.78615124	-0.91848044	0.27150965	12.78647509	-0.91829505
0.26324942	12.85641577	-0.89361398	0.26385708	12.85675966	-0.89341924
0.24502113	12.86226919	-0.83444293	0.24571084	12.86265014	-0.83422419
0.25415682	12.80141750	-0.85816147	0.25469285	12.80178221	-0.85795327
0.25006639	12.92840637	-0.84319021	0.25087581	12.92877626	-0.84298183
0.23086780	12.92696285	-0.78743145	0.23174220	12.92737816	-0.78719978
0.23748927	12.92237795	-0.76970952	0.23837628	12.92278282	-0.76948523
0.25544965	12.80703463	-0.83750404	0.25601990	12.80739543	-0.83729723
0.22896673	12.86278223	-0.82000982	0.22967459	12.86320134	-0.81976857
0.23237932	12.80549621	-0.84301111	0.23294033	12.80590553	-0.84277350
0.21994303	12.92655417	-0.77761138	0.22082991	12.92699469	-0.77736716
0.17975881	12.93935457	-0.76270020	0.18068991	12.93987845	-0.76240928
0.18586225	12.87206929	-0.80121887	0.18661179	12.87257592	-0.80092857
0.18630220	12.80851028	-0.82226905	0.18689671	12.80901379	-0.82197511
0.27383311	12.71631879	-0.94387613	0.27407289	12.71666158	-0.94372272
0.25998878	12.74015900	-0.88239088	0.26036055	12.74050890	-0.88219071
0.26253511	12.75556597	-0.86014015	0.26296950	12.75591096	-0.85994054
0.27908932	12.71881299	-0.87352983	0.27942437	12.71912121	-0.87335671
0.23965280	12.74772806	-0.86983217	0.24005839	12.74811956	-0.86960254
0.19111782	12.74087469	-0.85188896	0.19153522	12.74136640	-0.85159638
0.28794735	12.32938243	-0.16210840	0.28833874	12.32969749	-0.16198337
0.30742499	12.42574475	-0.12855763	0.30806138	12.42602080	-0.12844464
0.35494968	12.42324932	-0.14537994	0.35555392	12.42341989	-0.14532349
0.33867264	12.35407657	-0.17782903	0.33908759	12.35427507	-0.17776868
0.35913849	12.43576839	-0.15272235	0.35976099	12.43593292	-0.15266863
0.36845635	12.41600322	-0.15058510	0.36903497	12.41614420	-0.15054393
0.35233237	12.34847045	-0.18435920	0.35269945	12.34862691	-0.18432916
0.40469880	12.38202134	-0.15939969	0.40518149	12.38207681	-0.15940133
0.13639140	13.14473783	-0.46903870	0.13808481	13.14538101	-0.46869550
0.16605046	13.13102001	-0.48327538	0.16769649	13.13160157	-0.48296825
0.13820241	13.09264146	-0.57711796	0.13966123	13.09327316	-0.57678017
0.17318598	13.07684549	-0.58806106	0.17459758	13.07740350	-0.58776495
0.17785828	13.11955418	-0.49009761	0.17947157	13.12011086	-0.48980485
0.18379196	13.12585692	-0.49027520	0.18541591	13.12640231	-0.48998951
0.19221148	13.06985685	-0.58439453	0.19361062	13.07037620	-0.58412086
0.21819668	13.07488826	-0.62386986	0.21955394	13.07535155	-0.62362800
0.21917716	13.13112718	-0.52298662	0.22076655	13.13159951	-0.52274488
0.23166010	13.00441634	-0.74212894	0.23273593	13.00483701	-0.74190112
0.21051937	12.99985995	-0.69394765	0.21164719	13.00032793	-0.69369413
0.19620160	13.00317208	-0.69339947	0.19733878	13.00366987	-0.69312929
0.15827619	13.01852963	-0.68183597	0.15945988	13.01910701	-0.68152176
0.41183362	13.09023032	-0.26315507	0.41363469	13.09033304	-0.26312816
0.44660488	13.00914323	-0.17980630	0.44834064	13.00917898	-0.17981596
0.47343904	12.87802580	-0.13396959	0.47496863	12.87800755	-0.13400880
0.32298886	12.99250916	-0.86136119	0.32389611	12.99273735	-0.86123843
0.34440286	12.91424185	-0.95065659	0.34506865	12.91442067	-0.95054961
0.30736102	13.06194273	-0.74924872	0.30853379	13.06221408	-0.74911322
0.15314489	12.96528466	-0.05846004	0.15495456	12.96588856	-0.05813181
0.13238774	13.06975848	-0.10289453	0.13435929	13.07040711	-0.10253936
0.11116535	13.13353382	-0.17274742	0.11318575	13.13422844	-0.17236615
0.10113424	13.03288673	-0.62223398	0.10242085	13.03358802	-0.62185187
0.08267707	13.09842602	-0.54425803	0.08419135	13.09917295	-0.54385249
0.11859784	12.96064360	-0.67664179	0.11967305	12.96129996	-0.67627837
0.48484159	12.68281458	-0.13416847	0.48598889	12.68277109	-0.13422608
0.49034145	12.47381818	-0.16274360	0.49103141	12.47375871	-0.16280875
0.35089000	12.83337855	-1.00356386	0.35132454	12.83354099	-1.00346525
0.34981985	12.75862482	-1.03301688	0.35008458	12.75881080	-1.03294670
0.48782598	12.33648435	-0.20072696	0.48815233	12.33641429	-0.20079941
0.34674646	12.69875144	-1.05175476	0.34685082	12.69894708	-1.05169818
0.16647281	12.47530273	-0.10397001	0.16724549	12.47587485	-0.10368441
0.17524828	12.63123196	-0.07463008	0.17636951	12.63178603	-0.07434435
0.11611264	12.75983090	-0.74638495	0.11670859	12.76048282	-0.74600438
0.11792764	12.82844969	-0.72274720	0.11868899	12.82910085	-0.72237494
0.16916848	12.81059730	-0.05399519	0.17067235	12.81116610	-0.05369234
0.12147196	12.89383227	-0.70483612	0.12238248	12.89447901	-0.70447307
0.34664218	13.14399262	-0.50063636	0.34827097	13.14421585	-0.50054273
0.31914221	13.11599174	-0.62716195	0.32056618	13.11625569	-0.62704086
0.37798527	13.13520609	-0.37489345	0.37974476	13.13537461	-0.37483043
0.08129762	13.16835383	-0.34459407	0.08318993	13.16911218	-0.34418041
0.07684323	13.14467927	-0.44664220	0.07856890	13.14544477	-0.44622636
0.09343131	13.16537857	-0.25336782	0.09542300	13.16611110	-0.25296597
0.87637208	11.95938829	-0.58828169	0.87593888	11.95889733	-0.58851529
0.81676000	12.01719950	-0.47386000	0.81676000	12.01719950	-0.47386000
0.91169307	11.92809507	-0.71935337	0.91090346	11.92738260	-0.71971880
0.90113740	11.99473102	-0.72476702	0.90048630	11.99402484	-0.72516552
0.86960209	12.04356505	-0.63743412	0.86923304	12.04298396	-0.63778405
0.80500981	12.10916719	-0.53341332	0.80490676	12.10879137	-0.53370834
0.94082542	11.91801281	-0.84553593	0.93974869	11.91715732	-0.84599799
0.95742889	11.93241591	-0.95854981	0.95618513	11.93146645	-0.95908944
0.93034061	12.05145378	-0.94210903	0.92943624	12.05056373	-0.94267996
0.91809574	12.02249569	-0.82287207	0.91732246	12.02168003	-0.82335743
0.95468935	11.97458312	-1.05271516	0.95334963	11.97361607	-1.05329385
0.92042743	12.05097974	-1.14009060	0.91912292	12.05009439	-1.14068684
0.90087230	12.11478629	-1.11721365	0.89979766	12.11396935	-1.11779975
0.92576557	12.08635358	-1.04086665	0.92475757	12.08545756	-1.04147470
0.84351369	12.17381666	-1.22949048	0.84243757	12.17319998	-1.23000779
0.73242119	12.32973437	-1.27659742	0.73171408	12.32945691	-1.27693183
0.73905602	12.35703063	-1.20468972	0.73852157	12.35669711	-1.20501981
0.84511854	12.21919647	-1.16656056	0.84427111	12.21855803	-1.16707818
0.59857815	12.48333144	-1.23780359	0.59839970	12.48334470	-1.23780242
0.47106117	12.61390743	-1.15278054	0.47105376	12.61393364	-1.15277898
0.49420000	12.61570000	-1.07906000	0.49420000	12.61570000	-1.07906000
0.61447000	12.50220000	-1.16283000	0.61447000	12.50220000	-1.16283000
0.38318683	12.64836150	-1.04974120	0.38319792	12.64846712	-1.04971727
0.33284558	12.64943720	-0.95676187	0.33290161	12.64964725	-0.95669417
0.37140000	12.64100070	-0.89641000	0.37140000	12.64100070	-0.89641000
0.41679000	12.64250090	-0.98287004	0.41679000	12.64250090	-0.98287004
0.31656877	12.68128216	-0.89713206	0.31678120	12.68151903	-0.89702089
0.31390063	12.70856932	-0.86964910	0.31422073	12.70879984	-0.86952267
0.34293343	12.69554920	-0.81279327	0.34331057	12.69572140	-0.81270339
0.35074183	12.67024953	-0.84029690	0.35102168	12.67037746	-0.84022031
0.30467447	12.69604255	-0.87355132	0.30496413	12.69629324	-0.87341031
0.26204321	12.68648240	-0.84375325	0.26236206	12.68682900	-0.84354896
0.30316623	12.68267142	-0.77471946	0.30357510	12.68293692	-0.77456845
0.34164383	12.68416282	-0.81150983	0.34199969	12.68433839	-0.81141650
0.15831398	12.72347440	-0.71478379	0.15887850	12.72404391	-0.71445358
0.02919323	12.77877966	-0.57332155	0.03003214	12.77962831	-0.57284534
0.03460334	12.81641376	-0.49646385	0.03560659	12.81725516	-0.49599980
0.18351232	12.73801011	-0.63972292	0.18420063	12.73853729	-0.63942825
-0.08595634	12.82306313	-0.50961023	-0.08495819	12.82416033	-0.50900306
-0.19291334	12.85617652	-0.51280633	-0.19184783	12.85750099	-0.51207941
-0.19504849	12.92480281	-0.45259939	-0.19376879	12.92613124	-0.45186868
-0.08672036	12.88265933	-0.43957090	-0.08551653	12.88375794	-0.43896628
-0.29805214	12.87752237	-0.57201839	-0.29700720	12.87907263	-0.57116888
-0.39677099	12.88933255	-0.63916603	-0.39577598	12.89109421	-0.63820194
-0.41287990	12.91731355	-0.58735583	-0.41176482	12.91911087	-0.58637488
-0.30664381	12.93083863	-0.51704911	-0.30542172	12.93240666	-0.51618973
-0.48486748	12.89316734	-0.66675052	-0.48389599	12.89512837	-0.66568741
-0.56452189	12.89025937	-0.65460204	-0.56353833	12.89240181	-0.65345478
-0.56354202	12.89279400	-0.61923481	-0.56251357	12.89493090	-0.61808792
-0.50690889	12.90119172	-0.61844380	-0.50586338	12.90320087	-0.61735735
-0.63843230	12.88264250	-0.60268836	-0.63740364	12.88494216	-0.60146161
-0.68735489	12.86687371	-0.52291296	-0.68627287	12.86927377	-0.52163195
-0.65002277	12.88290418	-0.49485329	-0.64887254	12.88521956	-0.49361091
-0.61295748	12.89174763	-0.57184841	-0.61187698	12.89398864	-0.57064767
-0.69218425	12.84001735	-0.42764389	-0.69104358	12.84241608	-0.42635597
-0.66535881	12.79327623	-0.33790192	-0.66421067	12.79560930	-0.33664485
-0.64374965	12.79963901	-0.35094067	-0.64260366	12.80192719	-0.34970805
-0.65582880	12.84609273	-0.41120659	-0.65465626	12.84841223	-0.40995841
-0.61908720	12.71867761	-0.27484124	-0.61802454	12.72090705	-0.27363968
-0.54604202	12.65761619	-0.22642191	-0.54505247	12.65968697	-0.22530968
-0.52797114	12.71666148	-0.25795452	-0.52689463	12.71869636	-0.25685654
-0.60379607	12.76063465	-0.30749647	-0.60268298	12.76283454	-0.30630887
-0.43899711	12.65190908	-0.17966093	-0.43796675	12.65374658	-0.17866995
-0.31221684	12.63019781	-0.14448696	-0.31118540	12.63176082	-0.14364195
-0.29388325	12.68361936	-0.17358485	-0.29277664	12.68514650	-0.17275528
-0.41966002	12.70914402	-0.20978469	-0.41854468	12.71094300	-0.20880963
-0.17721002	12.52443804	-0.13196920	-0.17637497	12.52571829	-0.13128484
-0.03064808	12.40680193	-0.14043641	-0.03005807	12.40778086	-0.13992729
-0.02735211	12.47644063	-0.17160608	-0.02665693	12.47741373	-0.17109607
-0.16489676	12.58691938	-0.16100492	-0.16396817	12.58817561	-0.16032917
0.12920273	12.34420780	-0.16213825	0.12963404	12.34486142	-0.16181848
0.25690190	12.32384698	-0.18854527	0.25725308	12.32423140	-0.18838296
0.23688901	12.38387961	-0.24047560	0.23731046	12.38431361	-0.24028287
0.12021023	12.41164814	-0.20350309	0.12073463	12.41232152	-0.20316950
0.30699868	12.35746684	-0.21034636	0.30738657	12.35774173	-0.21024602
0.29336587	12.44147307	-0.27966369	0.29387313	12.44179287	-0.27953053
0.28489711	12.41379471	-0.26567335	0.28535698	12.41413071	-0.26553425
0.31758715	12.34787074	-0.22306983	0.31793556	12.34811044	-0.22299401
0.34620000	12.27620000	-0.23202000	0.34620000	12.27620000	-0.23202000
0.32282017	12.33435810	-0.29090257	0.32309278	12.33459781	-0.29081640
0.29159752	12.40001176	-0.28075862	0.29202330	12.40033517	-0.28063279
0.44425997	12.21770000	-0.27141000	0.44425997	12.21770000	-0.27141000
0.57587000	12.16340070	-0.32883000	0.57587000	12.16340070	-0.32883000
0.57102662	12.24099406	-0.38484017	0.57112502	12.24088394	-0.38494289
0.42965912	12.28565582	-0.32870401	0.42980283	12.28570054	-0.32871001
0.70622003	12.08180000	-0.39380000	0.70622003	12.08180000	-0.39380000
0.70054024	12.17773982	-0.45070765	0.70056081	12.17749658	-0.45090052
0.75996065	12.38695093	-1.05397898	0.75969173	12.38646725	-1.05432902
0.85664926	12.23492076	-1.05625143	0.85601101	12.23422048	-1.05678357
0.78243912	12.36856715	-0.86689244	0.78236804	12.36798253	-0.86730497
0.86886578	12.21211785	-0.91637283	0.86841484	12.21135314	-0.91693949
0.79492762	12.25498671	-0.67924811	0.79485381	12.25444985	-0.67966119
0.86937441	12.13958247	-0.76255053	0.86897096	12.13888206	-0.76303224
0.53568295	12.60607913	-0.90476698	0.53585789	12.60594163	-0.90486518
0.64755896	12.51890865	-0.99327092	0.64759629	12.51866252	-0.99343881
0.56872235	12.53534662	-0.69444156	0.56903947	12.53515586	-0.69459599
0.67994734	12.47313055	-0.78584982	0.68010068	12.47274800	-0.78612904
0.57359227	12.38359474	-0.51406876	0.57382239	12.38342980	-0.51422070
0.69402849	12.33506308	-0.59384639	0.69414180	12.33470548	-0.59413014
-0.20536325	12.92010561	-0.36773153	-0.20399344	12.92145421	-0.36698873
-0.09982772	12.87584365	-0.35271361	-0.09853520	12.87696973	-0.35209487
-0.22696885	12.86247265	-0.28104403	-0.22561680	12.86386310	-0.28027875
-0.12079886	12.81170050	-0.26838833	-0.11953713	12.81286713	-0.26774813
-0.00483125	12.74282867	-0.30477205	-0.00375158	12.74375585	-0.30426964
0.01850686	12.80874649	-0.40051717	0.01960838	12.80962293	-0.40003822
-0.26124448	12.77247381	-0.21790459	-0.26000588	12.77393378	-0.21710529
-0.14451932	12.69858025	-0.20591177	-0.14341563	12.69979465	-0.20525108
-0.01931265	12.61089113	-0.22783877	-0.01840897	12.61184780	-0.22732791
-0.54228850	12.92184191	-0.53714398	-0.54110424	12.92392391	-0.53601865
-0.57586169	12.91591897	-0.44524718	-0.57458234	12.91806864	-0.44408461
-0.47307956	12.93565180	-0.38457676	-0.47168993	12.93757505	-0.38352778
-0.44039059	12.94809830	-0.49032439	-0.43909717	12.94995420	-0.48931237
-0.59245133	12.84413612	-0.36595631	-0.59123091	12.84631633	-0.36477788
-0.50319122	12.83391759	-0.30792870	-0.50192714	12.83590246	-0.30684996
-0.32391589	12.94597829	-0.42320819	-0.32255275	12.94758061	-0.42232805
-0.35048721	12.91094203	-0.32438592	-0.34908274	12.91259732	-0.32347651
-0.38655518	12.81370646	-0.25539118	-0.38527379	12.81543699	-0.25444594
0.29914199	12.64086618	-0.65109495	0.29964931	12.64117002	-0.65093899
0.34056583	12.63691517	-0.67495605	0.34103808	12.63713440	-0.67484822
0.27336082	12.57407165	-0.50113145	0.27390188	12.57443653	-0.50095626
0.31962835	12.57244000	-0.51150921	0.32015516	12.57271162	-0.51138626
0.32415608	12.59036767	-0.49595377	0.32473795	12.59063128	-0.49583706
0.34186726	12.65118921	-0.66653642	0.34237869	12.65140725	-0.66643255
0.34847672	12.63363598	-0.68920786	0.34893670	12.63384173	-0.68911134
0.32618097	12.57613756	-0.51082167	0.32672240	12.57639661	-0.51070867
0.35780466	12.55589374	-0.55175566	0.35827011	12.55609063	-0.55167587
0.37676842	12.61465530	-0.73998325	0.37713566	12.61481147	-0.73992143
0.33203630	12.44165698	-0.39934452	0.33244358	12.44190784	-0.39924988
0.30077875	12.48895755	-0.37575001	0.30129427	12.48926662	-0.37561706
0.29524153	12.49310027	-0.37076371	0.29576306	12.49342104	-0.37062396
0.24765248	12.47958697	-0.35417406	0.24816102	12.48000498	-0.35398155
0.45038669	12.55283639	-0.61463263	0.45079589	12.55285786	-0.61465533
0.44195195	12.62100325	-0.81619825	0.44221871	12.62101797	-0.81622178
0.43774164	12.41140144	-0.44737151	0.43805307	12.41145075	-0.44738740
0.14604354	12.64390544	-0.40804189	0.14681435	12.64452297	-0.40771787
0.17238084	12.71401132	-0.53058114	0.17315120	12.71457257	-0.53028101
0.12662986	12.52699562	-0.29211423	0.12729421	12.52765770	-0.29177812
0.18031806	13.14846158	-0.39334336	0.18210330	13.14901573	-0.39304927
0.27651520	13.03287793	-0.12872986	0.27837322	13.03324062	-0.12854379
0.31453487	12.91831206	-0.08751190	0.31620783	12.91859628	-0.08737194
0.34075207	12.73794869	-0.09311910	0.34206000	12.73817677	-0.09301695
0.35752895	12.55835893	-0.12290660	0.35844423	12.55854938	-0.12283331
0.24929216	12.86128685	-0.81365681	0.25000482	12.86166213	-0.81344251
0.34424097	12.37610728	-0.18517830	0.34469003	12.37629367	-0.18512245
0.19030454	13.06469106	-0.58716186	0.19169072	13.06521377	-0.58688581
0.21395824	12.99458341	-0.68733148	0.21508394	12.99504511	-0.68708170
0.89088154	11.95395694	-0.57512158	0.89046248	11.95345417	-0.57537594
0.82765082	12.01976074	-0.45680142	0.82768305	12.01976187	-0.45681126
0.92886058	11.91340442	-0.71106238	0.92805299	11.91266220	-0.71145053
0.73547353	12.32836101	-1.29218919	0.73473805	12.32808299	-1.29252884
0.46146158	12.61973467	-1.16637400	0.46145490	12.61976527	-1.16636649
0.35416711	12.65971068	-1.05823541	0.35420254	12.65988109	-1.05819064
0.28866359	12.66463639	-0.95965148	0.28875921	12.66494887	-0.95953085
0.27623723	12.69462611	-0.89833266	0.27648441	12.69495397	-0.89817292
0.26064789	12.70582570	-0.88518689	0.26093932	12.70617277	-0.88498444
0.21247362	12.69248617	-0.86674337	0.21277275	12.69293332	-0.86647470
0.12610927	12.71558225	-0.75168237	0.12660863	12.71621324	-0.75131111
0.02026957	12.75016493	-0.62082626	0.02099386	12.75102707	-0.62033571
-0.18622792	12.79278954	-0.55366968	-0.18534330	12.79410075	-0.55295276
-0.28895005	12.83524654	-0.60312545	-0.28803058	12.83677725	-0.60228513
-0.47236656	12.89810087	-0.68906566	-0.47141035	12.90003454	-0.68801554
-0.55445836	12.90150314	-0.67718447	-0.55347626	12.90362461	-0.67604730
-0.69967305	12.87122101	-0.53438387	-0.69859529	12.87364972	-0.53308874
-0.17899748	12.53418075	-0.10989746	-0.17811767	12.53546311	-0.10921052
0.14740814	12.35964919	-0.13760520	0.14790071	12.36026314	-0.13730622
0.31474558	12.38521212	-0.22298359	0.31518067	12.38547235	-0.22288879
0.38501275	12.29385507	-0.19605850	0.38514437	12.29388329	-0.19610623
0.47033877	12.23690869	-0.23941240	0.47041005	12.23689334	-0.23945385
0.71457260	12.09156274	-0.37210461	0.71460251	12.09154170	-0.37212253
0.30226651	12.51611200	-0.36893169	0.30283797	12.51641702	-0.36879747
0.59396326	12.77402863	-0.54407198	0.59483571	12.77379133	-0.54424993
0.31864545	12.99051945	-0.52990440	0.31994653	12.99079024	-0.52977674
0.04944651	13.00039409	-0.26032633	0.05109643	13.00121259	-0.25987733
0.11885804	13.08189177	-0.30589031	0.12061646	13.08257122	-0.30552199
0.33306323	12.86960009	-0.29439508	0.33440038	12.86984602	-0.29428134
0.04466707	12.97317494	-0.41866886	0.04607828	12.97400111	-0.41821659
0.13941426	13.04952910	-0.41547624	0.14097790	13.05016453	-0.41513471
0.37594980	12.82392354	-0.69384839	0.37673901	12.82405955	-0.69379022
0.17540925	13.03241605	-0.17791818	0.17721466	13.03297951	-0.17761540
0.22825460	12.81830059	-0.79262285	0.22890817	12.81872075	-0.79238179
0.33960368	12.75917782	-0.53131202	0.34046632	12.75940943	-0.53120644
0.33753356	12.88824774	-0.84121293	0.33826596	12.88843967	-0.84110658
0.40061523	12.43601270	-0.24629451	0.40113920	12.43610838	-0.24627028
0.26095704	13.04899981	-0.44565962	0.26247580	13.04938983	-0.44546285
0.48356934	12.68317086	-0.66925225	0.48414368	12.68312210	-0.66931363
0.70553840	12.74342491	-0.77630977	0.70611230	12.74298772	-0.77659456
0.34347379	12.94066786	-0.20021717	0.34505856	12.94089718	-0.20011205
-0.41284926	12.92151101	-0.23878649	-0.41132300	12.92329616	-0.23780482
0.17139967	13.08500575	-0.24713766	0.17323039	13.08557845	-0.24683019
0.33546723	12.94758761	-0.68763447	0.33649849	12.94780732	-0.68752935
-0.50017440	12.92189463	-0.27860180	-0.49869136	12.92387067	-0.27752145
0.24518957	13.03395887	-0.32738345	0.24681857	13.03438193	-0.32716540
0.29754169	12.46126098	-0.20097397	0.29817226	12.46156615	-0.20084397
0.13659308	13.10291188	-0.36803292	0.13832048	13.10355484	-0.36768629
0.22644491	13.08013745	-0.48753121	0.22797736	13.08059509	-0.48729516
0.26468700	12.61484635	-0.24459896	0.26558357	12.61522569	-0.24441622
0.18143167	12.94101161	-0.50715214	0.18266910	12.94155700	-0.50686127
0.28670136	12.89345074	-0.83070525	0.28745612	12.89374753	-0.83053836
0.29232131	12.84264242	-0.83401318	0.29297049	12.84292640	-0.83385229
0.24596103	13.02451639	-0.54347632	0.24731653	13.02493038	-0.54326408
0.38998591	12.79944636	-0.19866203	0.39129035	12.79958422	-0.19861217
0.50593121	12.59021152	-0.43496550	0.50658242	12.59013778	-0.43504811
0.31067083	12.76281908	-0.88678994	0.31108242	12.76305176	-0.88665216
0.17398236	12.96859652	-0.64217232	0.17511184	12.96914260	-0.64187399
0.39634336	12.37576791	-0.22309889	0.39674110	12.37583728	-0.22308574
0.36501453	12.48436798	-0.31309271	0.36557803	12.48454724	-0.31303016
0.21010089	12.87144707	-0.18578540	0.21157150	12.87193973	-0.18552776
0.39348633	12.73048585	-0.90987172	0.39379766	12.73053836	-0.90983056
0.30374819	12.79510934	-0.84818539	0.30428099	12.79536572	-0.84803843
0.16393977	13.11749462	-0.27934178	0.16579881	13.11808365	-0.27902505
0.42472986	12.60623817	-0.24861068	0.42560645	12.60630851	-0.24860672
0.22462615	12.86334627	-0.76929371	0.22539789	12.86377704	-0.76905083
0.43312012	12.71267806	-0.82782497	0.43352400	12.71269062	-0.82783745
0.83392975	12.73672763	-0.87294108	0.83443527	12.73609764	-0.87333748
0.57197406	12.78842421	-0.92904011	0.57242243	12.78820883	-0.92916534
0.35287648	12.68684038	-0.19945164	0.35396249	12.68704823	-0.19936505
0.26442803	12.76513112	-0.18099587	0.26569194	12.76551246	-0.18080563
