0.85133833	12.73465686	-0.41983361	0.85136121	12.73434423	-0.41971202
0.82223282	12.87277873	-0.44769791	0.82217013	12.87245255	-0.44743393
0.89840216	12.83212534	-0.54632666	0.89835729	12.83192529	-0.54612076
0.93049046	12.69898850	-0.53246959	0.93051214	12.69880124	-0.53238959
0.77959248	12.96383095	-0.50738892	0.77947582	12.96352913	-0.50701654
0.85978441	12.91831553	-0.58873340	0.85969489	12.91812906	-0.58843427
0.90906965	12.87573969	-0.64940907	0.90899503	12.87562021	-0.64916691
0.94748624	12.80588745	-0.64410191	0.94744530	12.80578106	-0.64393089
0.98151341	12.67683133	-0.64571093	0.98152575	12.67673489	-0.64564728
0.71699395	12.76689859	-1.16353376	0.71692659	12.76703782	-1.16338144
0.83932714	12.71631891	-1.14206661	0.83926977	12.71648481	-1.14195879
0.80790977	12.82263398	-1.07282543	0.80782606	12.82275796	-1.07263375
0.68577741	12.86896108	-1.08928780	0.68568891	12.86906985	-1.08904979
0.94055990	12.68238820	-1.07949534	0.94052075	12.68254857	-1.07941701
0.90751585	12.79331389	-1.02036821	0.90744247	12.79343579	-1.02021082
0.86794959	12.86165613	-0.96940732	0.86785561	12.86174025	-0.96918640
0.78914313	12.90258605	-0.98448680	0.78903775	12.90266009	-0.98421873
0.66722119	12.94858400	-0.98958823	0.66710680	12.94863689	-0.98926298
0.59640276	12.82960118	-0.20693563	0.59637899	12.82880578	-0.20666161
0.57786529	12.96671643	-0.25343311	0.57775275	12.96593484	-0.25294987
0.71194655	12.92025769	-0.34690936	0.71186123	12.91973791	-0.34655085
0.73372335	12.78088382	-0.30741038	0.73373130	12.78036902	-0.30721414
0.54717392	13.05363700	-0.33713739	0.54700755	13.05293880	-0.33652418
0.67558784	13.01097370	-0.42201475	0.67544087	13.01050139	-0.42153548
0.46755154	12.88194240	-1.06236735	0.46747714	12.88200985	-1.06209033
0.59369029	12.82773720	-1.13549947	0.59362103	12.82784426	-1.13528426
0.56302543	12.92001509	-1.06260087	0.56293213	12.92009393	-1.06229718
0.43905971	12.96420817	-0.98719086	0.43895764	12.96422211	-0.98681008
0.54286824	12.99426646	-0.96043998	0.54274839	12.99427281	-0.96003848
0.41824245	13.03319344	-0.88400050	0.41811273	13.03312141	-0.88352374
-0.01386639	12.98170491	-0.06373306	-0.01396836	12.98016299	-0.06313846
-0.14228708	12.99409008	-0.08582909	-0.14240038	12.99259097	-0.08521747
-0.14447902	13.06801847	-0.13158295	-0.14457979	13.06661538	-0.13080970
-0.01965978	13.06949486	-0.10670825	-0.01975309	13.06803584	-0.10592032
-0.26097873	12.99650224	-0.12230483	-0.26108725	12.99507196	-0.12170136
-0.26168134	13.05844430	-0.17006315	-0.26177711	13.05711872	-0.16931822
-0.26269416	13.10038545	-0.23513298	-0.26277689	13.09920602	-0.23429052
-0.14625250	13.11565556	-0.19724714	-0.14634160	13.11439370	-0.19636849
-0.02439792	13.12425833	-0.17197845	-0.02448577	13.12293853	-0.17106938
0.03153967	12.97335943	-0.58834538	0.03145073	12.97288861	-0.58779154
0.01661311	13.03554635	-0.56217045	0.01651823	13.03502607	-0.56148801
-0.06418687	13.03771993	-0.55166276	-0.06425908	13.03720027	-0.55095603
-0.05016199	12.98161124	-0.56788355	-0.05023770	12.98111721	-0.56729768
-0.00280998	13.08917603	-0.51420524	-0.00289773	13.08857386	-0.51340467
-0.08563576	13.08372118	-0.51549530	-0.08570597	13.08313220	-0.51468971
-0.17902835	13.07704522	-0.53190213	-0.17908173	13.07651936	-0.53111074
-0.15650919	13.03633969	-0.56820866	-0.15656462	13.03588479	-0.56750925
-0.14197615	12.98525389	-0.58615536	-0.14203911	12.98482903	-0.58556829
0.98804911	12.28788746	-0.67303282	0.98817847	12.28778615	-0.67320481
0.96701500	12.06899868	-0.68920419	0.96713448	12.06888491	-0.68944374
0.91448717	12.09560891	-0.55370180	0.91460444	12.09544359	-0.55390322
0.92957707	12.30223177	-0.53782230	0.92972963	12.30204904	-0.53798943
0.83676196	12.14558254	-0.43221945	0.83691986	12.14541337	-0.43237431
0.84426994	12.32715944	-0.41234720	0.84444862	12.32691137	-0.41249232
0.97964446	12.38049065	-1.14231549	0.97971888	12.38068561	-1.14241988
0.88464149	12.44123385	-1.21109312	0.88468919	12.44143974	-1.21115877
0.88007774	12.28174364	-1.23636983	0.88018758	12.28195886	-1.23652826
0.97221426	12.18913173	-1.15812635	0.97235155	12.18932191	-1.15833363
0.75730354	12.51743459	-1.23950380	0.75730036	12.51758515	-1.23950693
0.75357233	12.39734522	-1.27134040	0.75362931	12.39752364	-1.27142337
0.86786869	12.17701532	-1.24447243	0.86801782	12.17723288	-1.24469556
0.95324267	12.05446774	-1.15646910	0.95341693	12.05465189	-1.15676138
0.99401511	12.49687411	-0.65771115	0.99409442	12.49677992	-0.65777353
0.93750412	12.51243210	-0.53119158	0.93760173	12.51224538	-0.53124832
0.85336138	12.54043740	-0.40912877	0.85347496	12.54014831	-0.40917081
0.86800049	12.58768878	-1.18378655	0.86798452	12.58787620	-1.18376288
0.96717500	12.54488253	-1.11818662	0.96718711	12.54507048	-1.11819579
0.74271738	12.64526148	-1.20851035	0.74267490	12.64541364	-1.20844761
0.60085109	12.41748077	-0.22642754	0.60103208	12.41703128	-0.22652082
0.60079822	12.63094797	-0.20313840	0.60086676	12.63027717	-0.20308349
0.73434135	12.58231236	-0.29781825	0.73444646	12.58186132	-0.29783501
0.72828154	12.36883947	-0.30922420	0.72847453	12.36850120	-0.30933770
0.46882053	12.70530479	-1.15035312	0.46879917	12.70539122	-1.15026755
0.61198874	12.61532650	-1.21919438	0.61196659	12.61540096	-1.21913799
0.60873982	12.71963306	-1.18541543	0.60869588	12.71973694	-1.18529905
0.47391723	12.78919994	-1.11630241	0.47387660	12.78928303	-1.11613087
0.58679180	12.17441457	-0.30181122	0.58684289	12.17434152	-0.30181043
0.59815094	12.27915987	-0.26311039	0.59834779	12.27887803	-0.26319801
0.72424115	12.21480955	-0.33842414	0.72442678	12.21458178	-0.33853617
0.60069828	12.48721133	-1.25190129	0.60070674	12.48727900	-1.25191468
0.60681295	12.53460696	-1.24349538	0.60680804	12.53467615	-1.24347808
0.46271880	12.64955341	-1.16620637	0.46270857	12.64962801	-1.16616307
-0.00633903	12.70409370	-0.06568863	-0.00647588	12.70260471	-0.06564301
-0.15485131	12.77296532	-0.07259603	-0.15498919	12.77144770	-0.07245910
-0.14460207	12.89570108	-0.06868427	-0.14472832	12.89416836	-0.06828549
-0.00643908	12.85828448	-0.05339768	-0.00656999	12.85674621	-0.05306039
-0.29059390	12.82479061	-0.09688341	-0.29072431	12.82330536	-0.09667081
-0.27172876	12.91987576	-0.09961369	-0.27184874	12.91839675	-0.09918305
0.02726479	12.84405353	-0.61872150	0.02719452	12.84362319	-0.61840973
0.03355307	12.90939105	-0.60549305	0.03347189	12.90894812	-0.60506582
-0.04744930	12.91987789	-0.57788009	-0.04752638	12.91939909	-0.57742547
-0.05585696	12.85513281	-0.58259462	-0.05593472	12.85466284	-0.58226750
-0.13898021	12.92802508	-0.59500617	-0.13904693	12.92761574	-0.59454094
-0.14892889	12.86725046	-0.59452962	-0.14900593	12.86684132	-0.59419288
-0.03535940	12.40911154	-0.12314091	-0.03533462	12.40774725	-0.12360371
-0.17611040	12.62610848	-0.09216997	-0.17622507	12.62463709	-0.09233827
-0.02093019	12.53392712	-0.09142668	-0.02100302	12.53251843	-0.09167796
-0.32761530	12.61985583	-0.13131049	-0.32772962	12.61844593	-0.13156490
-0.31375107	12.70727982	-0.11015329	-0.31388255	12.70582163	-0.11021270
0.01715258	12.77783044	-0.63113072	0.01709159	12.77741263	-0.63092707
-0.07543200	12.78879300	-0.58048976	-0.07551318	12.78832163	-0.58028591
-0.09342889	12.76167821	-0.56075372	-0.09352269	12.76117754	-0.56059979
-0.17322298	12.80472409	-0.58322946	-0.17331276	12.80429916	-0.58302880
-0.38319784	12.99461660	-0.17180748	-0.38329739	12.99329739	-0.17122303
-0.37515119	13.04529814	-0.21697363	-0.37523801	13.04408445	-0.21626641
-0.49295930	12.98890002	-0.22868586	-0.49304812	12.98771485	-0.22811786
-0.47304095	13.03007915	-0.26917137	-0.47311860	13.02899308	-0.26850221
-0.45077856	13.06385067	-0.31901383	-0.45084547	13.06288150	-0.31826221
-0.36504450	13.08302370	-0.27567062	-0.36512029	13.08194585	-0.27487539
-0.26072408	13.03464883	-0.58794138	-0.26076420	13.03427574	-0.58724235
-0.24646678	12.98966038	-0.61337898	-0.24651172	12.98934048	-0.61278324
-0.28091030	13.07068880	-0.54712343	-0.28094909	13.07022746	-0.54634308
-0.37553872	13.06257050	-0.55597761	-0.37556726	13.06216443	-0.55521807
-0.36068979	13.03179734	-0.60117432	-0.36071412	13.03149879	-0.60048705
-0.35114922	12.99382502	-0.63542778	-0.35117199	12.99360980	-0.63483379
-0.24798226	12.94133648	-0.62975736	-0.24803318	12.94105351	-0.62927348
-0.35875147	12.95523032	-0.66065581	-0.35877731	12.95508236	-0.66015876
-0.37363582	12.91814050	-0.67521117	-0.37366408	12.91804071	-0.67481446
-0.26089308	12.89194042	-0.63486641	-0.26095086	12.89167601	-0.63450116
-0.53755169	12.88292657	-0.18938233	-0.53766558	12.88165218	-0.18907938
-0.55788898	12.76108889	-0.19639259	-0.55802320	12.75983720	-0.19639624
-0.63379972	12.79880223	-0.25361400	-0.63392817	12.79771837	-0.25353583
-0.61545084	12.89472429	-0.25164779	-0.61555419	12.89362810	-0.25132676
-0.56623274	12.65665507	-0.21488035	-0.56638185	12.65545037	-0.21514564
-0.64129846	12.71636724	-0.26650444	-0.64145340	12.71532281	-0.26662873
-0.68943527	12.78710483	-0.33587689	-0.68957227	12.78626261	-0.33584121
-0.68305819	12.83932767	-0.32943538	-0.68317066	12.83846045	-0.32926650
-0.66688488	12.90240054	-0.33024406	-0.66697743	12.90152514	-0.32991273
-0.45683640	12.64555399	-0.16695523	-0.45696804	12.64421376	-0.16721781
-0.44541947	12.74146582	-0.14683510	-0.44555120	12.74008103	-0.14686112
-0.42294827	12.86057667	-0.13703766	-0.42306962	12.85917605	-0.13677196
-0.46942765	12.93442173	-0.68615465	-0.46943949	12.93439953	-0.68572974
-0.47644434	12.90757830	-0.69708559	-0.47645834	12.90759249	-0.69673451
-0.38593103	12.88491100	-0.67745549	-0.38596699	12.88482371	-0.67714821
-0.55601242	12.93970497	-0.66628586	-0.55602138	12.93965165	-0.66585938
-0.56086531	12.91319135	-0.68140395	-0.56087223	12.91317993	-0.68104798
-0.39684201	12.86804697	-0.66726356	-0.39688706	12.86793953	-0.66700188
-0.28080771	12.84374306	-0.62760634	-0.28087901	12.84347040	-0.62735980
0.89859810	12.88474823	-0.90063023	0.89849948	12.88479787	-0.90038713
0.79852812	12.95163587	-0.88619232	0.79840748	12.95164662	-0.88587248
0.91508824	12.89883679	-0.81179142	0.91499190	12.89883025	-0.81153132
0.81987229	12.97117312	-0.78156810	0.81974591	12.97112075	-0.78122810
0.70937899	13.02657905	-0.73974576	0.70923270	13.02645395	-0.73930551
0.67966491	13.00290984	-0.86910523	0.67952882	13.00287580	-0.86870617
0.91616835	12.89472080	-0.71990724	0.91607984	12.89465464	-0.71965172
0.83696467	12.96203096	-0.67502917	0.83684703	12.96189863	-0.67469137
0.74235389	13.01422459	-0.61254624	0.74221758	13.01400423	-0.61211987
1.00035977	12.67154506	-0.98485188	1.00033397	12.67166910	-0.98478271
0.96249346	12.79301353	-0.93933707	0.96242575	12.79310584	-0.93918382
1.02350758	12.67172641	-0.87353150	1.02349375	12.67179009	-0.87346831
0.98231586	12.80211397	-0.84250701	0.98225412	12.80214908	-0.84234719
1.01489683	12.67044736	-0.76017728	1.01489863	12.67043405	-0.76011477
0.97641799	12.80135849	-0.74309181	0.97636796	12.80132757	-0.74292992
0.55950930	13.04816477	-0.82356820	0.55936254	13.04806230	-0.82308745
0.59614119	13.07313425	-0.67444445	0.59597528	13.07290697	-0.67391780
0.47223093	13.11115851	-0.59131411	0.47205517	13.11078039	-0.59067183
0.43523148	13.08552769	-0.74362381	0.43507347	13.08531774	-0.74304625
0.63596665	13.06124257	-0.53624719	0.63580021	13.06088102	-0.53571410
0.51071150	13.10114835	-0.45300942	0.51052925	13.10059993	-0.45234829
-0.38409635	13.07946875	-0.49790816	-0.38413282	13.07892209	-0.49711019
-0.46761891	13.06157889	-0.51081402	-0.46764936	13.06109165	-0.51006272
-0.44767003	13.05056386	-0.55325938	-0.44769511	13.05017710	-0.55253330
-0.39624180	13.08492047	-0.43482863	-0.39628812	13.08422203	-0.43401956
-0.48985399	13.06307375	-0.46632773	-0.48989185	13.06248106	-0.46557446
-0.57428055	13.03736151	-0.49586087	-0.57430887	13.03687340	-0.49518269
-0.53659513	13.03956628	-0.52833218	-0.53661964	13.03914727	-0.52764400
-0.49884612	13.03809955	-0.55449860	-0.49886828	13.03773358	-0.55380946
-0.42183096	13.08095817	-0.37470813	-0.42188779	13.08011934	-0.37391258
-0.50376466	13.05835505	-0.41504404	-0.50381130	13.05763786	-0.41430425
-0.51881540	13.04334752	-0.36433756	-0.51887400	13.04250770	-0.36363510
-0.56440169	13.02689308	-0.39689375	-0.56445215	13.02614776	-0.39623606
-0.57619959	13.03259984	-0.44543677	-0.57624001	13.03198362	-0.44476851
-0.01848579	13.12728662	-0.43180853	-0.01856843	13.12652025	-0.43091359
-0.11008587	13.11525665	-0.44460451	-0.11015618	13.11452212	-0.44372925
-0.02789206	13.14776490	-0.33622243	-0.02797433	13.14679997	-0.33527326
-0.13100228	13.13207797	-0.35790119	-0.13107514	13.13115889	-0.35698709
-0.23205468	13.11558971	-0.38936060	-0.23211681	13.11475345	-0.38847768
-0.20596696	13.10285832	-0.46786492	-0.20602322	13.10219625	-0.46701347
-0.02849984	13.14856345	-0.24902356	-0.02858155	13.14741004	-0.24806491
-0.14242862	13.13459666	-0.27408995	-0.14250744	13.13349932	-0.27316929
-0.25197878	13.11708466	-0.30982531	-0.25205010	13.11607254	-0.30894213
0.99104918	11.97520739	-1.06025053	0.99121811	11.97533702	-1.06057975
1.01365414	12.12015386	-1.05813857	1.01379756	12.12028708	-1.05838251
0.99347348	11.93006079	-0.95487571	0.99361713	11.93012277	-0.95522154
1.01960274	12.07664456	-0.94395850	1.01974039	12.07670282	-0.94422131
1.03875430	12.29437433	-0.92813396	1.03886103	12.29444524	-0.92829362
1.02731619	12.32932236	-1.04394737	1.02740972	12.32946714	-1.04408454
0.97483408	11.91327982	-0.83584642	0.97496862	11.91327366	-0.83617903
1.00302750	12.06109001	-0.82049201	1.00316292	12.06106745	-0.82075478
1.02509992	12.28299173	-0.80381264	1.02521725	12.28297699	-0.80398371
1.02272723	12.51512194	-1.01910002	1.02275892	12.51526572	-1.01913288
1.04147054	12.49728506	-0.90401947	1.04151796	12.49736229	-0.90407043
1.03032163	12.49149617	-0.78275317	1.03038770	12.49149250	-0.78281205
-0.64211649	12.93407978	-0.61404885	-0.64213495	12.93392088	-0.61365156
-0.64899121	12.90444672	-0.62634822	-0.64901268	12.90432208	-0.62602910
-0.70006210	12.92312032	-0.53438760	-0.70010539	12.92278746	-0.53402679
-0.71064061	12.88704227	-0.54081096	-0.71069231	12.88673149	-0.54054523
-0.65088645	12.88107082	-0.62802450	-0.65091317	12.88095245	-0.62776628
-0.70185953	12.91220983	-0.43221594	-0.70192983	12.91161887	-0.43187493
-0.71547468	12.86716737	-0.43365683	-0.71556063	12.86659083	-0.43343408
-0.71854312	12.83150129	-0.43578646	-0.71864207	12.83093524	-0.43565655
-0.29718659	13.09207405	-0.48460627	-0.29723064	13.09147116	-0.48377861
-0.31546826	13.10115695	-0.41215064	-0.31552255	13.10039006	-0.41130683
-0.34160932	13.09987173	-0.34169637	-0.34167287	13.09894338	-0.34085765
-0.59514710	12.94719536	-0.26379701	-0.59523493	12.94612280	-0.26333883
-0.51488867	12.94927723	-0.20111792	-0.51498695	12.94802771	-0.20064795
-0.64911525	12.94264544	-0.33902440	-0.64919436	12.94178372	-0.33858855
-0.62583444	12.97235436	-0.35554161	-0.62590303	12.97152573	-0.35502791
-0.57195100	12.97938204	-0.28774297	-0.57203013	12.97836404	-0.28720194
-0.40045731	12.93898299	-0.14539018	-0.40056837	12.93760528	-0.14493551
-0.45626743	12.96515639	-0.66739195	-0.45627884	12.96507621	-0.66688432
-0.44427334	12.99708656	-0.63878898	-0.44428728	12.99692329	-0.63819757
-0.52843256	12.99628645	-0.62181072	-0.52844398	12.99610707	-0.62123414
-0.54444104	12.96825095	-0.64812124	-0.54445055	12.96814623	-0.64761937
-0.65853820	12.98000228	-0.52204547	-0.65856969	12.97961804	-0.52153002
-0.68295445	12.95268335	-0.52868908	-0.68299088	12.95232748	-0.52824892
-0.62826330	12.96217711	-0.60091310	-0.62827999	12.96197969	-0.60044065
-0.60730490	12.98908595	-0.58276863	-0.60732167	12.98883397	-0.58222251
-0.62638072	13.00896896	-0.51277152	-0.62640821	13.00854612	-0.51217542
-0.57995558	13.01506407	-0.55545573	-0.57997510	13.01473125	-0.55483778
-0.51020104	13.02146275	-0.58219250	-0.51021935	13.02117213	-0.58154719
-0.68429448	12.94537507	-0.43442026	-0.68435464	12.94478059	-0.43399095
-0.65982144	12.97345094	-0.44002297	-0.65987280	12.97285848	-0.43951778
-0.59346334	13.00360511	-0.37952680	-0.59352087	13.00282591	-0.37893038
-0.62598797	13.00352663	-0.44872552	-0.62603122	13.00294053	-0.44813861
-0.54405571	13.01425964	-0.32157749	-0.54412464	13.01331902	-0.32094817
-0.44065527	13.02733003	-0.59834239	-0.44067456	13.02705636	-0.59767358
0.18172371	13.11343924	-0.18055584	0.18165514	13.11209365	-0.17963235
0.15208951	13.15344993	-0.26554872	0.15200007	13.15232406	-0.26456259
0.17969889	13.14148506	-0.28038110	0.17960132	13.14039550	-0.27942602
0.21360719	13.10004712	-0.19221608	0.21353257	13.09870591	-0.19132383
0.13170898	13.16168348	-0.36077476	0.13160658	13.16077079	-0.35980152
0.15772326	13.15052240	-0.37784675	0.15760858	13.14964803	-0.37691098
0.18420857	13.13270874	-0.29051743	0.18410448	13.13164491	-0.28958504
0.21793733	13.09172319	-0.19870616	0.21785911	13.09039648	-0.19783209
0.19082466	13.14042584	-0.29147496	0.19071405	13.13936841	-0.29052702
0.22330858	13.09814819	-0.19349828	0.22322276	13.09680685	-0.19260620
0.17172204	13.14880024	-0.39503177	0.17159684	13.14796547	-0.39411148
0.21563417	13.15485327	-0.42093337	0.21549245	13.15408188	-0.42002240
0.23712225	13.14596082	-0.30937778	0.23698481	13.14496745	-0.30844317
0.26909265	13.10164810	-0.20423343	0.26898844	13.10037063	-0.20334648
0.25693204	12.92313689	-0.06270014	0.25691576	12.92123062	-0.06221563
0.22018314	13.04163379	-0.10670351	0.22014583	13.04003145	-0.10593454
0.25628194	13.02893809	-0.11804533	0.25623963	13.02737107	-0.11728101
0.29641556	12.90872579	-0.07588194	0.29639405	12.90668318	-0.07542228
0.26647053	13.02689971	-0.11851426	0.26641932	13.02533453	-0.11775169
0.30779368	12.90567420	-0.07916061	0.30779734	12.90345793	-0.07867947
0.31141851	13.02516859	-0.12570147	0.31132912	13.02359700	-0.12492984
0.35122075	12.90035868	-0.08514257	0.35117771	12.89853692	-0.08468464
0.37645886	12.71502972	-0.09103530	0.37644137	12.71378007	-0.09090338
0.33632485	12.72778224	-0.08646742	0.33629159	12.72636817	-0.08630699
0.39399385	12.52157505	-0.12287497	0.39402262	12.52066651	-0.12294834
0.35639219	12.54520781	-0.11818483	0.35639950	12.54420772	-0.11824672
0.32482295	12.72979654	-0.08172718	0.32477135	12.72834594	-0.08156148
0.34411681	12.54785025	-0.11329723	0.34410919	12.54681923	-0.11336064
0.29830170	12.56114854	-0.09538364	0.29826366	12.56001027	-0.09546107
0.28250870	12.74655464	-0.06570469	0.28240877	12.74497906	-0.06552423
0.26627069	12.78324066	-0.91876293	0.26623117	12.78318375	-0.91856224
0.25642643	12.85331929	-0.89344832	0.25636378	12.85323577	-0.89315777
0.23734011	12.85883653	-0.83432253	0.23727302	12.85869711	-0.83401669
0.24806405	12.79816544	-0.85840032	0.24801801	12.79804834	-0.85817312
0.24116430	12.92507753	-0.84254983	0.24107921	12.92494477	-0.84215659
0.22146525	12.92317873	-0.78682264	0.22138005	12.92298437	-0.78641375
0.22799110	12.91867719	-0.76903211	0.22790722	12.91846574	-0.76862700
0.24899394	12.80385643	-0.83762043	0.24894420	12.80372257	-0.83738430
0.22110883	12.85921095	-0.81992018	0.22104038	12.85906547	-0.81960529
0.22600879	12.80203813	-0.84328814	0.22595970	12.80191000	-0.84304895
0.21046692	12.92266670	-0.77705602	0.21038174	12.92246727	-0.77664177
0.16992136	12.93483257	-0.76236226	0.16983250	12.93461173	-0.76192180
0.17764194	12.86777098	-0.80141944	0.17757165	12.86759798	-0.80108589
0.17956554	12.80428828	-0.82295520	0.17951579	12.80413543	-0.82271099
0.27103137	12.71325034	-0.94426881	0.27100453	12.71321673	-0.94414833
0.25561449	12.73710625	-0.88296009	0.25558771	12.73701484	-0.88280417
0.25744850	12.75259140	-0.86054029	0.25741505	12.75248000	-0.86036529
0.27507009	12.71615213	-0.87395545	0.27504842	12.71605580	-0.87382461
0.23479729	12.74450120	-0.87048089	0.23476520	12.74439752	-0.87031187
0.18605686	12.73685843	-0.85300192	0.18602497	12.73673085	-0.85283670
0.28292696	12.32284766	-0.16487657	0.28315055	12.32193825	-0.16519543
0.29977079	12.41914284	-0.13020280	0.29981494	12.41818791	-0.13038922
0.34783504	12.41821816	-0.14621214	0.34791768	12.41741632	-0.14635556
0.33362662	12.34927050	-0.17913753	0.33380435	12.34855901	-0.17934095
0.35188719	12.43085841	-0.15342766	0.35196932	12.43006382	-0.15356221
0.36169592	12.41150081	-0.15121006	0.36179927	12.41074993	-0.15134573
0.34795801	12.34462816	-0.18488979	0.34807187	12.34406606	-0.18499010
0.39909966	12.37895022	-0.15948294	0.39924696	12.37833105	-0.15959690
0.12094164	13.13767871	-0.46649147	0.12082293	13.13699114	-0.46560664
0.15078300	13.12446513	-0.48067316	0.15065685	13.12380843	-0.47982922
0.12429184	13.08653189	-0.57536047	0.12416990	13.08604725	-0.57461098
0.15949313	13.07125372	-0.58622751	0.15936853	13.07078784	-0.58552353
0.16274714	13.11321226	-0.48754196	0.16261867	13.11256910	-0.48672714
0.16852861	13.11961143	-0.48760214	0.16839680	13.11896878	-0.48677687
0.17849127	13.06447597	-0.58249278	0.17836543	13.06400388	-0.58180861
0.20459467	13.07016233	-0.62184481	0.20445991	13.06975273	-0.62117199
0.20387172	13.12569648	-0.52009932	0.20372429	13.12512198	-0.51928811
0.22033936	13.00048480	-0.74086436	0.22022585	13.00023231	-0.74033808
0.19888750	12.99537010	-0.69275565	0.19877761	12.99505317	-0.69221859
0.18456199	12.99851052	-0.69227326	0.18445317	12.99819503	-0.69172443
0.14633813	13.01330436	-0.68085944	0.14622653	13.01297306	-0.68027325
0.39429415	13.08521869	-0.25832535	0.39412490	13.08420057	-0.25755050
0.42954469	13.00381584	-0.17526699	0.42940400	13.00266007	-0.17463128
0.45842241	12.87288614	-0.13062531	0.45838679	12.87170508	-0.13026068
0.31292236	12.99050107	-0.85969930	0.31281124	12.99038767	-0.85923773
0.33679868	12.91278020	-0.94950448	0.33671665	12.91274994	-0.94916395
0.29491717	13.05926607	-0.74696254	0.29478010	13.05903000	-0.74637222
0.13650162	12.95342877	-0.05725638	0.13642661	12.95184137	-0.05669491
0.11493444	13.05828789	-0.10063476	0.11485748	13.05679902	-0.09984516
0.09362115	13.12268791	-0.17003276	0.09354477	13.12134813	-0.16911524
0.08854428	13.02654779	-0.62144643	0.08843717	13.02612763	-0.62080789
0.06859002	13.09130573	-0.54278500	0.06848079	13.09075593	-0.54199804
0.10754342	12.95481849	-0.67650132	0.10744643	12.95447804	-0.67600972
0.47288888	12.67897649	-0.13209581	0.47289997	12.67800127	-0.13200011
0.48268248	12.47158337	-0.16156565	0.48279261	12.47089515	-0.16163379
0.34584827	12.83209924	-1.00295490	0.34579493	12.83211680	-1.00272340
0.34672518	12.75710867	-1.03252266	0.34668918	12.75715075	-1.03237600
0.48428904	12.33565417	-0.19995127	0.48448644	12.33523244	-0.20005465
0.34546101	12.69715326	-1.05157413	0.34543835	12.69720714	-1.05149328
0.15725096	12.46530605	-0.10746496	0.15722682	12.46405617	-0.10774136
0.16297158	12.62076552	-0.07676942	0.16286405	12.61940361	-0.07683111
0.10927051	12.75427711	-0.74795726	0.10922827	12.75402835	-0.74777804
0.10957942	12.82282958	-0.72377536	0.10951903	12.82255240	-0.72349894
0.15399187	12.79946959	-0.05440948	0.15384378	12.79798585	-0.05416277
0.11179319	12.88820621	-0.70529132	0.11171296	12.88790493	-0.70491417
0.33051654	13.14040097	-0.49660587	0.33034073	13.13981088	-0.49581083
0.30460168	13.11291624	-0.62403951	0.30444039	13.11252548	-0.62333278
0.36085791	13.13101028	-0.37024714	0.36068628	13.13021714	-0.36942181
0.06474873	13.15933784	-0.34199670	0.06465648	13.15838710	-0.34102462
0.06146238	13.13666093	-0.44451734	0.06136445	13.13592570	-0.44361336
0.07616752	13.15538014	-0.25053949	0.07608215	13.15422425	-0.24955974
0.88214550	11.96562926	-0.58554531	0.88216689	11.96552145	-0.58574319
0.81676000	12.01719950	-0.47386000	0.81676000	12.01719950	-0.47386000
0.92285546	11.93789691	-0.71485988	0.92294456	11.93781663	-0.71515049
0.91043429	12.00436075	-0.71962916	0.91054632	12.00427657	-0.71989587
0.87482589	12.05098166	-0.63297994	0.87493217	12.05085642	-0.63320082
0.80662210	12.11350519	-0.52971885	0.80674812	12.11334960	-0.52988924
0.95624611	11.93069511	-0.83933482	0.95638368	11.93068974	-0.83966194
0.97547174	11.94696171	-0.95077388	0.97561555	11.94702011	-0.95111104
0.94358872	12.06492268	-0.93388909	0.94372833	12.06496441	-0.93416337
0.92929158	12.03430313	-0.81622175	0.92942417	12.03427669	-0.81649721
0.97466961	11.98948231	-1.04391699	0.97483431	11.98959957	-1.04424013
0.94000130	12.06441101	-1.13070541	0.94016984	12.06457569	-1.13099239
0.91689756	12.12707456	-1.10818110	0.91704669	12.12721884	-1.10842997
0.94084641	12.10007369	-1.03169548	0.94099181	12.10017518	-1.03195379
0.85930705	12.18276113	-1.22156809	0.85945295	12.18296104	-1.22178769
0.74268088	12.33371989	-1.27175249	0.74277215	12.33389422	-1.27187422
0.74668181	12.36182679	-1.19993979	0.74676399	12.36196028	-1.20004430
0.85747953	12.22850512	-1.15878520	0.85760835	12.22866500	-1.15897483
0.60117381	12.48327309	-1.23779625	0.60118491	12.48333269	-1.23781279
0.47108064	12.61395816	-1.15261735	0.47107204	12.61401216	-1.15259514
0.49420000	12.61570000	-1.07906000	0.49420000	12.61570000	-1.07906000
0.61447000	12.50220000	-1.16283000	0.61447000	12.50220000	-1.16283000
0.38297105	12.64755256	-1.04967984	0.38296228	12.64759469	-1.04965269
0.33208371	12.64764359	-0.95689767	0.33207215	12.64763381	-0.95686725
0.37140000	12.64100070	-0.89641000	0.37140000	12.64100070	-0.89641000
0.41679000	12.64250090	-0.98287004	0.41679000	12.64250090	-0.98287004
0.31406033	12.67912445	-0.89734989	0.31404129	12.67905932	-0.89727320
0.31010810	12.70647551	-0.86977938	0.31008847	12.70638031	-0.86966867
0.33844653	12.69391340	-0.81261767	0.33843312	12.69376147	-0.81252386
0.34754032	12.66901740	-0.84033558	0.34753155	12.66890807	-0.84027478
0.30108039	12.69381915	-0.87379312	0.30106404	12.69372594	-0.87369307
0.25799785	12.68361766	-0.84448182	0.25798523	12.68349002	-0.84438406
0.29830746	12.68022389	-0.77499719	0.29829928	12.68002710	-0.77491496
0.33727510	12.68250960	-0.81137227	0.33726416	12.68235636	-0.81129047
0.15172476	12.71839823	-0.71619907	0.15169364	12.71811449	-0.71607440
0.01973797	12.77119598	-0.57546161	0.01967093	12.77069808	-0.57527517
0.02386987	12.80814594	-0.49828673	0.02379567	12.80750453	-0.49804689
0.17574095	12.73293223	-0.64078733	0.17570734	12.73255154	-0.64065430
-0.09695115	12.81386839	-0.51257838	-0.09704532	12.81327196	-0.51233832
-0.20432277	12.84621606	-0.51639462	-0.20441627	12.84565558	-0.51611356
-0.20755370	12.91406440	-0.45531908	-0.20763473	12.91336719	-0.45488945
-0.09891684	12.87263015	-0.44183286	-0.09900213	12.87188413	-0.44148057
-0.30931720	12.86769780	-0.57620107	-0.30939322	12.86731291	-0.57590382
-0.40779060	12.87995408	-0.64397864	-0.40783630	12.87978875	-0.64368597
-0.42441270	12.90717237	-0.59195218	-0.42446386	12.90687556	-0.59158569
-0.31869233	12.92022912	-0.52062333	-0.31876234	12.91971326	-0.52019724
-0.49582039	12.88398876	-0.67221651	-0.49584465	12.88393855	-0.67192890
-0.57553536	12.88072407	-0.66065479	-0.57555254	12.88066201	-0.66038378
-0.57479681	12.88272296	-0.62523405	-0.57482843	12.88256884	-0.62495521
-0.51819612	12.89125652	-0.62393158	-0.51823302	12.89107956	-0.62362265
-0.64974987	12.87205550	-0.60928821	-0.64978555	12.87188918	-0.60905119
-0.69916901	12.85497083	-0.53002208	-0.69923383	12.85462949	-0.52983339
-0.66206254	12.87067903	-0.50151293	-0.66213214	12.87024749	-0.50127355
-0.62452895	12.88079949	-0.57816353	-0.62457451	12.88054391	-0.57789581
-0.70437978	12.82654298	-0.43513679	-0.70448145	12.82596802	-0.43501618
-0.67773896	12.77847940	-0.34590668	-0.67787811	12.77765774	-0.34589028
-0.65609954	12.78516119	-0.35870963	-0.65623243	12.78436095	-0.35867260
-0.66815484	12.83251831	-0.41840242	-0.66825637	12.83187858	-0.41825517
-0.63135664	12.70322008	-0.28351497	-0.63151664	12.70221622	-0.28366882
-0.55818546	12.64194494	-0.23534309	-0.55833905	12.64079267	-0.23564421
-0.54033173	12.70149685	-0.26597925	-0.54047241	12.70041767	-0.26612321
-0.61616301	12.74573557	-0.31550111	-0.61630613	12.74480485	-0.31555107
-0.45133459	12.63616836	-0.18789769	-0.45146195	12.63487864	-0.18818089
-0.32423245	12.61465930	-0.15201380	-0.32433652	12.61328864	-0.15227424
-0.30625682	12.66861759	-0.18023475	-0.30636073	12.66730836	-0.18037654
-0.43220857	12.69390121	-0.21712120	-0.43232978	12.69268262	-0.21725387
-0.18741444	12.50975676	-0.13926852	-0.18746326	12.50836786	-0.13964712
-0.03834452	12.39401002	-0.14704298	-0.03829460	12.39268206	-0.14752951
-0.03591813	12.46401082	-0.17749171	-0.03590052	12.46273361	-0.17786461
-0.17575258	12.57274323	-0.16743747	-0.17581884	12.57140736	-0.16770088
0.12340583	12.33419377	-0.16723510	0.12356818	12.33301234	-0.16772252
0.25232392	12.31682631	-0.19186076	0.25256811	12.31589698	-0.19222661
0.23166791	12.37680980	-0.24354098	0.23183212	12.37591440	-0.24386420
0.11360751	12.40184629	-0.20808132	0.11371007	12.40072174	-0.20847123
0.30226504	12.35202229	-0.21229651	0.30245906	12.35127153	-0.21254520
0.28740821	12.43568195	-0.28149596	0.28750483	12.43490797	-0.28172123
0.27940266	12.40781760	-0.26778766	0.27952981	12.40702501	-0.26804177
0.31334767	12.34328149	-0.22437316	0.31341764	12.34272159	-0.22455752
0.34620000	12.27620000	-0.23202000	0.34620000	12.27620000	-0.23202000
0.31966204	12.33003780	-0.29253142	0.31978103	12.32947576	-0.29279049
0.28657713	12.39429804	-0.28271614	0.28668127	12.39356957	-0.28296172
0.44425997	12.21770000	-0.27141000	0.44425997	12.21770000	-0.27141000
0.57587000	12.16340070	-0.32883000	0.57587000	12.16340070	-0.32883000
0.57021546	12.24147943	-0.38385270	0.57037865	12.24121115	-0.38399463
0.42822421	12.28413218	-0.32905939	0.42837872	12.28377480	-0.32922630
0.70622003	12.08180000	-0.39380000	0.70622003	12.08180000	-0.39380000
0.70066483	12.18001781	-0.44843913	0.70081551	12.17980168	-0.44858438
0.76355485	12.39381406	-1.04903855	0.76363002	12.39389256	-1.04913418
0.86589871	12.24511886	-1.04830622	0.86601736	12.24521904	-1.04848939
0.78310686	12.37673160	-0.86106298	0.78319999	12.37669924	-0.86118274
0.87513427	12.22330989	-0.90789837	0.87525934	12.22332554	-0.90809470
0.79599440	12.26165892	-0.67364634	0.79613424	12.26151331	-0.67382926
0.87506967	12.14904321	-0.75582550	0.87520325	12.14896210	-0.75604385
0.53348301	12.60792352	-0.90295103	0.53348205	12.60786735	-0.90292055
0.64696791	12.52229787	-0.99087733	0.64698686	12.52230531	-0.99090266
0.56505908	12.53756060	-0.69190778	0.56511928	12.53735157	-0.69194647
0.67803664	12.47809756	-0.78178647	0.67810562	12.47798610	-0.78185059
0.57120259	12.38483226	-0.51215308	0.57135134	12.38450753	-0.51230357
0.69295291	12.33901024	-0.59012921	0.69309371	12.33878699	-0.59027869
-0.21846406	12.90828358	-0.37057801	-0.21854523	12.90739701	-0.37016253
-0.11265504	12.86473019	-0.35515287	-0.11273965	12.86380150	-0.35481959
-0.24020353	12.84939326	-0.28478408	-0.24029623	12.84831603	-0.28450422
-0.13360071	12.79933906	-0.27180567	-0.13369557	12.79823048	-0.27161719
-0.01641303	12.73201509	-0.30780424	-0.01650182	12.73097243	-0.30772929
0.00701597	12.79920669	-0.40258964	0.00693941	12.79836276	-0.40237261
-0.27413939	12.75829519	-0.22309300	-0.27424273	12.75707977	-0.22302629
-0.15649199	12.68521230	-0.21084034	-0.15657934	12.68397545	-0.21088242
-0.02955971	12.59908302	-0.23236377	-0.02960754	12.59789774	-0.23252913
-0.55423473	12.91060486	-0.54259156	-0.55428715	12.91022896	-0.54223201
-0.58838335	12.90319969	-0.45098337	-0.58845720	12.90260474	-0.45064246
-0.48613757	12.92247967	-0.38935514	-0.48621656	12.92168956	-0.38894714
-0.45278278	12.93652266	-0.49471357	-0.45284552	12.93598629	-0.49427092
-0.60503617	12.83015465	-0.37277226	-0.60514455	12.82936511	-0.37261291
-0.51609979	12.81955269	-0.31425175	-0.51621031	12.81858593	-0.31409904
-0.33677519	12.93406860	-0.42671465	-0.33685059	12.93333245	-0.42625453
-0.36380007	12.89757900	-0.32854505	-0.36388783	12.89661338	-0.32817442
-0.39960852	12.79926767	-0.26109189	-0.39971408	12.79815178	-0.26096045
0.29325347	12.63775435	-0.65156084	0.29326534	12.63741134	-0.65154910
0.33500666	12.63460697	-0.67498690	0.33502138	12.63430425	-0.67497194
0.26706482	12.56953914	-0.50237286	0.26712074	12.56898882	-0.50247732
0.31345310	12.56878260	-0.51225544	0.31350979	12.56827118	-0.51234898
0.31751950	12.58666947	-0.49653016	0.31756508	12.58614070	-0.49660157
0.33598872	12.64885095	-0.66648743	0.33599826	12.64853871	-0.66645456
0.34319711	12.63150574	-0.68915018	0.34321202	12.63122088	-0.68912960
0.31999142	12.57257012	-0.51143170	0.32004488	12.57206097	-0.51151615
0.35244492	12.55322261	-0.55204718	0.35251250	12.55278481	-0.55213743
0.37254990	12.61317298	-0.73965811	0.37256474	12.61294475	-0.73964744
0.32746494	12.43739573	-0.40057672	0.32757969	12.43678063	-0.40079095
0.29491783	12.48385219	-0.37720214	0.29500328	12.48316307	-0.37738883
0.28915771	12.48789251	-0.37234430	0.28924517	12.48718765	-0.37253526
0.24165672	12.47339438	-0.35641036	0.24174903	12.47263494	-0.35664216
0.44569099	12.55226126	-0.61375623	0.44575410	12.55192313	-0.61382427
0.43874960	12.62108995	-0.81502834	0.43874860	12.62095641	-0.81500507
0.43436156	12.40978078	-0.44734371	0.43450713	12.40932473	-0.44753150
0.13737405	12.63642959	-0.41031993	0.13735910	12.63566896	-0.41037362
0.16379360	12.70804696	-0.53199117	0.16376237	12.70749472	-0.53192166
0.11881585	12.51813338	-0.29564367	0.11884791	12.51715863	-0.29588342
0.16400757	13.14114946	-0.39021298	0.16388743	13.14030251	-0.38930538
0.25965921	13.02271106	-0.12523853	0.25961530	13.02115936	-0.12448524
0.29885867	12.90535674	-0.08530115	0.29883775	12.90332261	-0.08485099
0.32742311	12.72924532	-0.09224618	0.32738047	12.72782290	-0.09208506
0.34739473	12.55223238	-0.12315160	0.34739276	12.55121612	-0.12321199
0.24138934	12.85793081	-0.81344237	0.24132218	12.85777218	-0.81313519
0.33890004	12.37156391	-0.18617216	0.33903391	12.37088859	-0.18633281
0.17670750	13.05930570	-0.58532676	0.17658309	13.05883840	-0.58465162
0.20235856	12.99012453	-0.68613333	0.20225048	12.98980030	-0.68560353
0.89640217	11.96030570	-0.57208746	0.89641377	11.96019191	-0.57228352
0.82723322	12.01966561	-0.45665885	0.82723656	12.01965884	-0.45665937
0.94021213	11.92356910	-0.70624811	0.94029139	11.92348313	-0.70653794
0.74614134	12.33236932	-1.28726013	0.74623333	12.33255555	-1.28738315
0.46147367	12.61981422	-1.16623571	0.46146678	12.61988026	-1.16620932
0.35368528	12.65831950	-1.05819726	0.35367220	12.65836946	-1.05815162
0.28746145	12.66188784	-0.96011868	0.28744684	12.66187122	-0.96006017
0.27324193	12.69175722	-0.89888269	0.27322377	12.69168316	-0.89877994
0.25678226	12.70311358	-0.88584269	0.25676140	12.70302419	-0.88571524
0.20849978	12.68893674	-0.86792936	0.20848154	12.68882403	-0.86781365
0.12014475	12.71018310	-0.75345991	0.12011448	12.70993829	-0.75333670
0.01182754	12.74277628	-0.62320960	0.01176859	12.74234836	-0.62305883
-0.19675682	12.78344185	-0.55801442	-0.19686043	12.78297366	-0.55786556
-0.29965366	12.82590547	-0.60777822	-0.29973632	12.82559362	-0.60758186
-0.48319434	12.88928077	-0.69437929	-0.48321325	12.88929073	-0.69407854
-0.56536448	12.89232811	-0.68301462	-0.56537259	12.89232256	-0.68271356
-0.71144014	12.85946371	-0.54149876	-0.71149967	12.85915637	-0.54130270
-0.18963847	12.51925350	-0.11714366	-0.18970587	12.51782634	-0.11750882
0.14097877	12.34973736	-0.14233972	0.14110452	12.34853631	-0.14279061
0.30955826	12.37999635	-0.22459106	0.30968756	12.37928415	-0.22480838
0.38357202	12.29252593	-0.19547067	0.38366958	12.29225754	-0.19550371
0.46971233	12.23653557	-0.23879969	0.46982026	12.23638545	-0.23878275
0.71423815	12.09166338	-0.37183380	0.71426157	12.09164005	-0.37184298
0.29574517	12.51098869	-0.37025862	0.29581443	12.51028631	-0.37042249
0.58434885	12.77591643	-0.54048858	0.58432261	12.77557486	-0.54031606
0.30542349	12.98674593	-0.52759829	0.30531137	12.98621385	-0.52707316
0.03423556	12.98988181	-0.25989568	0.03414400	12.98875715	-0.25928064
0.10289818	13.07282196	-0.30388525	0.10280103	13.07179386	-0.30309388
0.31956673	12.86364964	-0.29282003	0.31948626	12.86270260	-0.29249071
0.03119884	12.96428604	-0.41869976	0.03111195	12.96348986	-0.41815052
0.12474002	13.04189559	-0.41381322	0.12463976	13.04110136	-0.41310957
0.36723736	12.82234262	-0.69239657	0.36718264	12.82207245	-0.69214003
0.15895560	13.02231527	-0.17565793	0.15887725	13.02098539	-0.17493705
0.22094856	12.81458324	-0.79284650	0.22089575	12.81440063	-0.79259360
0.33034788	12.75587603	-0.53057685	0.33031774	12.75537169	-0.53041719
0.32928435	12.88647982	-0.84003401	0.32920751	12.88635317	-0.83970754
0.39471731	12.43277945	-0.24663527	0.39484285	12.43215596	-0.24679319
0.24621664	13.04346214	-0.44309327	0.24609414	13.04275683	-0.44242894
0.47707113	12.68357887	-0.66732793	0.47707379	12.68331706	-0.66724725
0.69863281	12.74876139	-0.77184383	0.69860076	12.74866199	-0.77171348
0.32799942	12.93299416	-0.19743035	0.32790366	12.93172545	-0.19691497
-0.42691167	12.90665559	-0.24331289	-0.42701083	12.90549726	-0.24293522
0.15483402	13.07579800	-0.24446182	0.15474405	13.07462914	-0.24364427
0.32453961	12.94517798	-0.68573373	0.32444193	12.94488107	-0.68529501
-0.51389623	12.90711748	-0.28374134	-0.51399148	12.90607198	-0.28337351
0.22973510	13.02687611	-0.32483199	0.22962729	13.02592803	-0.32415696
0.29019147	12.45491623	-0.20260447	0.29024665	12.45402601	-0.20279020
0.12084166	13.09476017	-0.36572082	0.12073920	13.09386241	-0.36489616
0.21168690	13.07446510	-0.48500789	0.21155869	13.07382744	-0.48428666
0.25487340	12.60768394	-0.24574293	0.25485927	12.60670535	-0.24579774
0.16897717	12.93493111	-0.50643192	0.16888504	12.93434049	-0.50596660
0.27832237	12.89074102	-0.82994635	0.27824542	12.89059979	-0.82960239
0.28503442	12.84004302	-0.83354311	0.28497356	12.83990715	-0.83326636
0.23245505	13.01966226	-0.54150595	0.23233642	13.01913536	-0.54091104
0.37682062	12.79377573	-0.19708953	0.37678772	12.79273041	-0.19687911
0.49870246	12.58964751	-0.43331650	0.49876369	12.58917249	-0.43334675
0.30596489	12.76070558	-0.88673700	0.30593077	12.76062476	-0.88656620
0.16241219	12.96327581	-0.64147482	0.16231030	12.96288320	-0.64097620
0.39183333	12.37313950	-0.22348155	0.39199988	12.37261056	-0.22363752
0.35863091	12.48034064	-0.31374851	0.35872725	12.47966799	-0.31391130
0.19558237	12.86216771	-0.18534678	0.19547923	12.86091862	-0.18501143
0.38987721	12.73006738	-0.90928745	0.38985205	12.73001976	-0.90917201
0.29767500	12.79276775	-0.84793533	0.29762988	12.79264717	-0.84771978
0.14722818	13.10864101	-0.27640831	0.14713350	13.10754433	-0.27552509
0.41529517	12.60242153	-0.24778459	0.41532249	12.60161552	-0.24779775
0.21618347	12.85946899	-0.76920254	0.21611576	12.85925826	-0.76888642
0.42833688	12.71269000	-0.82648892	0.42831451	12.71256426	-0.82637386
0.82759507	12.74486928	-0.86717335	0.82755524	12.74486676	-0.86704880
0.56639040	12.79125152	-0.92628348	0.56633370	12.79123126	-0.92610474
0.34147821	12.68079119	-0.19902869	0.34145407	12.67978242	-0.19896476
0.25137662	12.75682832	-0.18101355	0.25128860	12.75563816	-0.18085608
