0.84987977	12.73724129	-0.41992071	0.84889487	12.73768386	-0.41956480
0.82099269	12.87539666	-0.44860555	0.81990688	12.87579563	-0.44828935
0.89734408	12.83410569	-0.54680182	0.89649400	12.83453471	-0.54639372
0.92930831	12.70093905	-0.53220740	0.92856002	12.70140248	-0.53176207
0.77858088	12.96623061	-0.50897035	0.77752072	12.96656717	-0.50872624
0.85887443	12.92015753	-0.58977201	0.85801826	12.92053999	-0.58942312
0.90827700	12.87726063	-0.65006469	0.90755764	12.87766191	-0.64966165
0.94663237	12.80739181	-0.64431746	0.94596488	12.80782735	-0.64386353
0.98059204	12.67830865	-0.64529784	0.98001769	12.67877277	-0.64481024
0.71712635	12.76646937	-1.16402686	0.71707907	12.76658805	-1.16390729
0.83942869	12.71595570	-1.14213922	0.83938114	12.71618654	-1.14189122
0.80791102	12.82247686	-1.07339607	0.80774727	12.82269812	-1.07318393
0.68579630	12.86870203	-1.09029226	0.68564957	12.86883012	-1.09023152
0.94051886	12.68225481	-1.07925536	0.94042032	12.68259339	-1.07889536
0.90741528	12.79335858	-1.02060148	0.90720192	12.79367071	-1.02026289
0.86779775	12.86186132	-0.97003533	0.86750784	12.86214807	-0.96973651
0.78902559	12.90272000	-0.98549403	0.78874798	12.90295544	-0.98529811
0.66710698	12.94865179	-0.99108622	0.66683031	12.94880050	-0.99104936
0.59451159	12.83467275	-0.20829536	0.59287289	12.83500207	-0.20833849
0.57621548	12.97162163	-0.25604171	0.57452895	12.97190095	-0.25614539
0.71050053	12.92386712	-0.34855763	0.70912335	12.92421521	-0.34840303
0.73201628	12.78451622	-0.30810109	0.73071906	12.78491342	-0.30790702
0.54578610	13.05795386	-0.34055089	0.54422013	13.05817008	-0.34072876
0.67441838	13.01419895	-0.42442658	0.67311852	13.01448229	-0.42434740
0.46745584	12.88158602	-1.06388093	0.46730995	12.88155471	-1.06409121
0.59373326	12.82731740	-1.13649652	0.59365379	12.82735377	-1.13653729
0.56297027	12.91974459	-1.06413627	0.56279114	12.91978623	-1.06422965
0.43885549	12.96411464	-0.98933065	0.43857985	12.96408679	-0.98961430
0.54266980	12.99439578	-0.96254871	0.54234228	12.99446060	-0.96269531
0.41787575	13.03355735	-0.88673281	0.41742842	13.03353761	-0.88708930
-0.01643072	12.98958201	-0.06832104	-0.01905588	12.98956233	-0.07020794
-0.14484634	13.00137596	-0.09084454	-0.14745709	13.00130124	-0.09328088
-0.14723487	13.07471601	-0.13753248	-0.14974159	13.07461546	-0.14002634
-0.02244062	13.07684317	-0.11241706	-0.02499798	13.07678951	-0.11436810
-0.26359264	13.00310681	-0.12761457	-0.26613461	13.00301882	-0.13056104
-0.26446712	13.06440801	-0.17619796	-0.26690192	13.06428366	-0.17920418
-0.26559285	13.10546847	-0.24182589	-0.26785563	13.10529271	-0.24487016
-0.14909967	13.12151105	-0.20378977	-0.15142239	13.12136706	-0.20631154
-0.02724803	13.13075568	-0.17839085	-0.02961668	13.13066447	-0.18038029
0.03006743	12.97512972	-0.59237924	0.02915079	12.97487816	-0.59388814
0.01492546	13.03753971	-0.56699887	0.01390526	13.03729244	-0.56861241
-0.06619565	13.03956143	-0.55677900	-0.06730440	13.03928752	-0.55875164
-0.05190826	12.98334844	-0.57225852	-0.05293347	12.98306805	-0.57413544
-0.00482583	13.09157888	-0.51979782	-0.00603290	13.09133757	-0.52155447
-0.08789963	13.08588231	-0.52127645	-0.08916561	13.08560404	-0.52339867
-0.18155132	13.07864728	-0.53781460	-0.18287824	13.07833033	-0.54034844
-0.15878154	13.03763880	-0.57350938	-0.15994400	13.03734147	-0.57589662
-0.14396687	12.98646918	-0.59078279	-0.14502469	12.98620365	-0.59307901
0.98716076	12.28930313	-0.67137967	0.98700175	12.28979520	-0.67093515
0.96644363	12.07034831	-0.68737548	0.96663727	12.07084316	-0.68703598
0.91376341	12.09713459	-0.55213826	0.91373087	12.09750557	-0.55185080
0.92837439	12.30401324	-0.53629794	0.92804333	12.30444765	-0.53590186
0.83564426	12.14693797	-0.43101952	0.83543517	12.14719464	-0.43080071
0.84277758	12.32918933	-0.41104673	0.84228961	12.32957936	-0.41072256
0.97957312	12.38026219	-1.14103027	0.97974612	12.38068491	-1.14065524
0.88469712	12.44077396	-1.21015809	0.88485213	12.44107174	-1.20986533
0.88012582	12.28125625	-1.23496472	0.88045233	12.28155953	-1.23467374
0.97213505	12.18892758	-1.15633724	0.97253608	12.18938272	-1.15601023
0.75745945	12.51696171	-1.23912981	0.75754202	12.51709795	-1.23895401
0.75373793	12.39674919	-1.27051133	0.75396528	12.39688700	-1.27031925
0.86790098	12.17653825	-1.24278627	0.86833199	12.17683396	-1.24250642
0.95320489	12.05429604	-1.15439267	0.95382969	12.05473361	-1.15411823
0.99303924	12.49832503	-0.65660512	0.99263901	12.49881396	-0.65611219
0.93624163	12.51433667	-0.53018728	0.93566825	12.51480025	-0.52973318
0.85181137	12.54284428	-0.40831551	0.85102925	12.54328888	-0.40794708
0.86810041	12.58725247	-1.18337699	0.86813404	12.58750226	-1.18309845
0.96713792	12.54466052	-1.11743394	0.96716357	12.54503791	-1.11705396
0.74290733	12.64475173	-1.20846748	0.74293513	12.64487052	-1.20830109
0.59906905	12.42047008	-0.22566381	0.59820605	12.42081843	-0.22558257
0.59893829	12.63529202	-0.20324014	0.59758455	12.63564653	-0.20322412
0.73260315	12.58553362	-0.29731275	0.73156651	12.58594494	-0.29710432
0.72656522	12.37127091	-0.30824126	0.72590366	12.37162966	-0.30803398
0.46885236	12.70484314	-1.15080025	0.46885582	12.70480063	-1.15085665
0.61213655	12.61498334	-1.21939267	0.61217237	12.61499042	-1.21935837
0.60888325	12.71919295	-1.18589714	0.60888861	12.71921600	-1.18587625
0.47387214	12.78875682	-1.11721414	0.47380952	12.78871810	-1.11734120
0.58642440	12.17489371	-0.30179014	0.58634422	12.17496007	-0.30177244
0.59665686	12.28105094	-0.26243807	0.59619122	12.28131239	-0.26234704
0.72287234	12.21644758	-0.33754918	0.72253256	12.21670483	-0.33739951
0.60084527	12.48686527	-1.25182474	0.60094820	12.48686528	-1.25182921
0.60695405	12.53428340	-1.24357127	0.60702440	12.53429489	-1.24357048
0.46276459	12.64915207	-1.16643508	0.46278500	12.64911810	-1.16646555
-0.00781967	12.71176660	-0.06700989	-0.01008719	12.71178695	-0.06865867
-0.15665405	12.78041559	-0.07487664	-0.15910722	12.78037032	-0.07718723
-0.14683454	12.90321152	-0.07247298	-0.14942149	12.90315456	-0.07484497
-0.00846213	12.86619499	-0.05646702	-0.01097594	12.86620757	-0.05826716
-0.29266265	12.83172362	-0.10000381	-0.29516400	12.83168384	-0.10292865
-0.27411414	12.92676583	-0.10395305	-0.27668601	12.92670874	-0.10688284
0.02614076	12.84562123	-0.62131462	0.02537010	12.84533653	-0.62271548
0.03227233	12.91101926	-0.60876407	0.03142982	12.91075380	-0.61020900
-0.04897017	12.92155422	-0.58149455	-0.04993478	12.92127796	-0.58330787
-0.05719911	12.85677230	-0.58545252	-0.05811458	12.85650992	-0.58725357
-0.14072405	12.92920515	-0.59892291	-0.14172244	12.92896961	-0.60118367
-0.15043877	12.86845137	-0.59771572	-0.15141851	12.86824926	-0.60000465
-0.03657162	12.41600851	-0.12129988	-0.03814968	12.41601953	-0.12263564
-0.17753029	12.63330186	-0.09270678	-0.17972624	12.63325288	-0.09493288
-0.02213023	12.54113364	-0.09093175	-0.02401213	12.54115765	-0.09243813
-0.32899398	12.62633041	-0.13180844	-0.33115665	12.62625573	-0.13476768
-0.31543342	12.71401950	-0.11176440	-0.31777329	12.71395343	-0.11469630
0.01620196	12.77931740	-0.63309720	0.01550675	12.77900967	-0.63446627
-0.07662142	12.79044280	-0.58260578	-0.07752995	12.79021659	-0.58445186
-0.09457943	12.76349134	-0.56260338	-0.09558012	12.76330411	-0.56451543
-0.17447525	12.80600595	-0.58572163	-0.17549019	12.80584392	-0.58811110
-0.38584417	13.00027238	-0.17741363	-0.38827268	13.00016530	-0.18089092
-0.37798395	13.05032963	-0.22327755	-0.38032820	13.05017320	-0.22678762
-0.49566059	12.99342731	-0.23460284	-0.49795992	12.99327052	-0.23854957
-0.47590655	13.03401010	-0.27564368	-0.47813790	13.03376285	-0.27958974
-0.45382023	13.06712335	-0.32592035	-0.45598416	13.06680946	-0.32983345
-0.36799318	13.08723763	-0.28246233	-0.37019235	13.08700540	-0.28597046
-0.26326810	13.03525500	-0.59359334	-0.26454896	13.03494577	-0.59646995
-0.24872068	12.99009498	-0.61840049	-0.24986756	12.98984666	-0.62119188
-0.28372032	13.07163831	-0.55334361	-0.28516897	13.07128257	-0.55635093
-0.37870539	13.06288905	-0.56253069	-0.38038506	13.06244413	-0.56602289
-0.36361744	13.03171101	-0.60719173	-0.36513171	13.03130570	-0.61055838
-0.35374782	12.99341135	-0.64087355	-0.35510574	12.99305179	-0.64414284
-0.24998858	12.94164012	-0.63417793	-0.25105972	12.94143938	-0.63695482
-0.36109401	12.95449701	-0.66556816	-0.36234752	12.95417099	-0.66884385
-0.37574767	12.91717310	-0.67969878	-0.37693822	12.91685316	-0.68301767
-0.26262801	12.89215197	-0.63869667	-0.26366552	12.89199096	-0.64152662
-0.53982092	12.88788851	-0.19376865	-0.54214682	12.88778300	-0.19766471
-0.55962025	12.76582846	-0.19913121	-0.56180299	12.76568310	-0.20292163
-0.63568909	12.80235285	-0.25675677	-0.63777053	12.80209372	-0.26071858
-0.61780207	12.89837172	-0.25621340	-0.61997709	12.89814237	-0.26030325
-0.56753983	12.66116621	-0.21635733	-0.56958665	12.66098173	-0.22008661
-0.64287841	12.71974753	-0.26848438	-0.64487858	12.71944064	-0.27237051
-0.69142639	12.78918103	-0.33863742	-0.69335813	12.78875710	-0.34261021
-0.68519516	12.84147585	-0.33301454	-0.68715034	12.84105690	-0.33706623
-0.66934341	12.90455552	-0.33492301	-0.67135248	12.90413491	-0.33912140
-0.45825277	12.65115240	-0.16803113	-0.46039666	12.65106618	-0.17146306
-0.44718634	12.74734216	-0.14913226	-0.44949116	12.74726335	-0.15257827
-0.42517377	12.86663210	-0.14089481	-0.42762339	12.86656873	-0.14438648
-0.47191240	12.93236405	-0.69113423	-0.47333046	12.93175790	-0.69488280
-0.47875713	12.90533337	-0.70167325	-0.48012692	12.90472710	-0.70543615
-0.38784088	12.88386321	-0.68153564	-0.38898950	12.88355297	-0.68489064
-0.55884376	12.93677026	-0.67165465	-0.56050425	12.93574880	-0.67581713
-0.56342511	12.90990386	-0.68621713	-0.56499678	12.90884661	-0.69026724
-0.39866517	12.86708117	-0.67115109	-0.39982860	12.86678038	-0.67453541
-0.28230815	12.84398511	-0.63089968	-0.28336379	12.84385389	-0.63380589
0.89833654	12.88521465	-0.90132847	0.89795094	12.88553855	-0.90098097
0.79825847	12.95216931	-0.88745873	0.79782884	12.95243185	-0.88724005
0.91463235	12.89967504	-0.81256328	0.91411639	12.90003321	-0.81218779
0.81942768	12.97213096	-0.78289994	0.81884386	12.97242699	-0.78263456
0.70883979	13.02778097	-0.74182379	0.70815516	13.02800870	-0.74171821
0.67937669	13.00351674	-0.87098665	0.67891161	13.00370381	-0.87093134
0.91553566	12.89592704	-0.72063623	0.91490789	12.89631161	-0.72023869
0.83627479	12.96349290	-0.67632403	0.83552563	12.96382788	-0.67602149
0.74155104	13.01605908	-0.61449227	0.74065482	13.01634100	-0.61432303
1.00013618	12.67174582	-0.98445937	0.99995836	12.67216331	-0.98402568
0.96225099	12.79333575	-0.93945697	0.96195619	12.79370923	-0.93904229
1.02306924	12.67231841	-0.87307019	1.02278491	12.67276566	-0.87258676
0.98188048	12.80280276	-0.84262125	0.98146950	12.80320741	-0.84216639
1.01421110	12.67147849	-0.75971542	1.01378833	12.67194644	-0.75921721
0.97577233	12.80245403	-0.74321882	0.97523559	12.80287997	-0.74275234
0.55909354	13.04896239	-0.82610171	0.55853974	13.04907092	-0.82623502
0.59548531	13.07473780	-0.67719627	0.59466114	13.07489827	-0.67727405
0.47130097	13.11339910	-0.59495631	0.47028225	13.11348698	-0.59528546
0.43460419	13.08671179	-0.74692136	0.43390511	13.08673261	-0.74729836
0.63502802	13.06371600	-0.53900400	0.63393835	13.06393285	-0.53900568
0.50953292	13.10447476	-0.45673076	0.50820334	13.10462085	-0.45698808
-0.38739034	13.08047303	-0.50476467	-0.38924649	13.08001674	-0.50835773
-0.47142949	13.06180835	-0.51797264	-0.47360628	13.06119600	-0.52209907
-0.45129434	13.05042822	-0.56012214	-0.45330234	13.04987085	-0.56407077
-0.39951278	13.08670732	-0.44190059	-0.40149479	13.08626435	-0.44561010
-0.49357055	13.06378696	-0.47369416	-0.49579239	13.06317650	-0.47795429
-0.57860456	13.03736638	-0.50376854	-0.58114899	13.03669024	-0.50861938
-0.54142501	13.03932659	-0.53625445	-0.54410835	13.03869236	-0.54100626
-0.50296753	13.03773426	-0.56165682	-0.50529714	13.03714245	-0.56597917
-0.42498450	13.08351897	-0.38175492	-0.42705085	13.08313800	-0.38555861
-0.50716626	13.05978228	-0.42223752	-0.50932035	13.05922600	-0.42648905
-0.52200360	13.04553368	-0.37130578	-0.52416806	13.04507529	-0.37556971
-0.56765977	13.02836645	-0.40392301	-0.56983810	13.02784599	-0.40842338
-0.57979408	13.03330640	-0.45287367	-0.58207174	13.03269237	-0.45755118
-0.02080193	13.13055203	-0.43802384	-0.02229107	13.13033582	-0.43990475
-0.11260136	13.11815560	-0.45090483	-0.11413404	13.11789794	-0.45318209
-0.03047246	13.15214341	-0.34282348	-0.03228863	13.15196833	-0.34479477
-0.13369313	13.13597138	-0.36453686	-0.13550511	13.13574496	-0.36694989
-0.23490550	13.11871887	-0.39610926	-0.23671297	13.11842393	-0.39897651
-0.20872503	13.10510676	-0.47427010	-0.21029767	13.10479593	-0.47697322
-0.03125710	13.15404828	-0.25571811	-0.03336897	13.15391618	-0.25771873
-0.14524329	13.13948553	-0.28082994	-0.14732651	13.13929628	-0.28332410
-0.25487666	13.12119224	-0.31670091	-0.25692390	13.12095544	-0.31969438
0.99087962	11.97531933	-1.05797039	0.99170486	11.97585482	-1.05770565
1.01343664	12.12027754	-1.05612771	1.01389867	12.12081691	-1.05578317
0.99317539	11.93045946	-0.95254357	0.99413531	11.93101603	-0.95227234
1.01924984	12.07712666	-0.94188697	1.01973066	12.07769943	-0.94152738
1.03831707	12.29489481	-0.92647571	1.03841699	12.29542434	-0.92603026
1.02706711	12.32943699	-1.04241375	1.02722371	12.32992769	-1.04199137
0.97443163	11.91402989	-0.83361397	0.97530415	11.91452219	-0.83335560
1.00252949	12.06198822	-0.81847038	1.00291622	12.06253897	-0.81811004
1.02445211	12.28396609	-0.80212186	1.02444472	12.28449129	-0.80166434
1.02248969	12.51524451	-1.01812523	1.02246052	12.51569754	-1.01767992
1.04101168	12.49781766	-0.90290768	1.04088695	12.49830034	-0.90241574
1.02960460	12.49247882	-0.78161084	1.02935308	12.49297027	-0.78110343
-0.64577134	12.93056170	-0.61982423	-0.64799872	12.92896331	-0.62428246
-0.65212601	12.90059497	-0.63146731	-0.65410106	12.89892878	-0.63578241
-0.70312247	12.92107796	-0.53948965	-0.70521884	12.91974763	-0.54371167
-0.71329115	12.88479863	-0.54512439	-0.71521200	12.88340764	-0.54919034
-0.65363807	12.87715956	-0.63258189	-0.65543445	12.87549892	-0.63677241
-0.70452052	12.91242866	-0.43702785	-0.70650515	12.91159892	-0.44123325
-0.71790575	12.86733137	-0.43765695	-0.71986504	12.86648858	-0.44173137
-0.72081059	12.83162813	-0.43910490	-0.72275395	12.83078871	-0.44305446
-0.30020025	13.09370773	-0.49123418	-0.30187983	13.09333977	-0.49438155
-0.31850371	13.10365386	-0.41899227	-0.32037586	13.10331960	-0.42226059
-0.34463813	13.10323514	-0.34865251	-0.34668526	13.10293869	-0.35207140
-0.59772129	12.95072406	-0.26919191	-0.59990223	12.95048681	-0.27336452
-0.51744251	12.95415668	-0.20648029	-0.51980100	12.95405267	-0.21043906
-0.65177756	12.94471904	-0.34441190	-0.65383099	12.94430068	-0.34871272
-0.62869047	12.97425889	-0.36150100	-0.63077575	12.97382368	-0.36587590
-0.57469998	12.98260945	-0.29369062	-0.57686336	12.98232400	-0.29790245
-0.40296353	12.94496837	-0.15028903	-0.40545781	12.94489478	-0.15377703
-0.45900626	12.96350579	-0.67282188	-0.46052053	12.96293821	-0.67655976
-0.44729408	12.99589863	-0.64466739	-0.44893132	12.99534940	-0.64840234
-0.53195014	12.99448433	-0.62819849	-0.53393695	12.99365560	-0.63244658
-0.54758830	12.96577883	-0.65407080	-0.54941230	12.96482907	-0.65831277
-0.66235476	12.97868498	-0.52834580	-0.66474028	12.97758165	-0.53285522
-0.68637929	12.95096255	-0.53437678	-0.68861686	12.94972016	-0.53871989
-0.63240056	12.95908797	-0.60746745	-0.63482118	12.95760209	-0.61212953
-0.61237418	12.98679786	-0.59041814	-0.61518224	12.98554382	-0.59540859
-0.63050654	13.00817285	-0.51977683	-0.63299661	13.00724595	-0.52445448
-0.58661075	13.01441938	-0.56476508	-0.59012690	13.01369461	-0.57035420
-0.51425181	13.02060964	-0.58900519	-0.51650912	13.01994733	-0.59327507
-0.68721775	12.94568343	-0.43987868	-0.68927416	12.94488779	-0.44419434
-0.66303025	12.97382403	-0.44603954	-0.66517437	12.97306463	-0.45046858
-0.59649108	13.00521830	-0.38606004	-0.59858821	13.00472976	-0.39048981
-0.62939331	13.00388044	-0.45530999	-0.63161925	13.00313990	-0.45982188
-0.54699590	13.01708164	-0.32807778	-0.54915243	13.01674395	-0.33232033
-0.44407143	13.02667789	-0.60473133	-0.44592035	13.02612157	-0.60853652
0.17894499	13.12068061	-0.18652769	0.17671669	13.12065812	-0.18767828
0.14957343	13.15921686	-0.27192465	0.14760692	13.15915874	-0.27316225
0.17731859	13.14711158	-0.28649988	0.17542234	13.14706475	-0.28762823
0.21096869	13.10736558	-0.19794757	0.20880891	13.10735603	-0.19898414
0.12944575	13.16614019	-0.36710811	0.12778425	13.16603806	-0.36840277
0.15560863	13.15484150	-0.38389077	0.15401311	13.15475867	-0.38507478
0.18192528	13.13820513	-0.29648276	0.18007103	13.13815748	-0.29759137
0.21536667	13.09896280	-0.20432448	0.21323672	13.09895433	-0.20534763
0.18856589	13.14590525	-0.29751636	0.18671670	13.14586245	-0.29860287
0.22076331	13.10546441	-0.19917891	0.21861745	13.10545824	-0.20018412
0.16972716	13.15293780	-0.40094737	0.16818909	13.15286346	-0.40207593
0.21378979	13.15873694	-0.42670250	0.21232321	13.15867823	-0.42768333
0.23504873	13.15120836	-0.31525523	0.23326569	13.15119409	-0.31619971
0.26669453	13.10877064	-0.20983026	0.26460606	13.10879595	-0.21070038
0.25414353	12.93429804	-0.06603802	0.25175298	12.93441559	-0.06694412
0.21729214	13.05063754	-0.11176111	0.21490265	13.05067863	-0.11279563
0.25351476	13.03783679	-0.12299868	0.25120078	13.03789927	-0.12391085
0.29374373	12.92098191	-0.07898426	0.29143947	12.92112363	-0.07975032
0.26376350	13.03583713	-0.12344194	0.26146566	13.03590227	-0.12432263
0.30497012	12.91908178	-0.08234303	0.30269532	12.91922807	-0.08307775
0.30901139	13.03433511	-0.13061708	0.30676453	13.03443306	-0.13135710
0.34879619	12.91129062	-0.08812834	0.34658282	12.91146981	-0.08874266
0.37450671	12.72242998	-0.09199282	0.37259001	12.72267277	-0.09246469
0.33440625	12.73610988	-0.08770299	0.33242465	12.73631806	-0.08828607
0.39256467	12.52704553	-0.12250051	0.39112973	12.52732660	-0.12280200
0.35495654	12.55111794	-0.11795571	0.35342956	12.55136218	-0.11835152
0.32298953	12.73831404	-0.08301199	0.32097270	12.73851989	-0.08362353
0.34274021	12.55392138	-0.11308929	0.34117775	12.55416163	-0.11351735
0.29697996	12.56772841	-0.09519317	0.29529499	12.56795062	-0.09576352
0.28085851	12.75572250	-0.06717771	0.27873384	12.75590314	-0.06792511
0.26600671	12.78321503	-0.92006170	0.26580554	12.78302542	-0.92050387
0.25606195	12.85343361	-0.89531544	0.25576896	12.85324239	-0.89584998
0.23685484	12.85926403	-0.83632248	0.23648381	12.85906252	-0.83693540
0.24767932	12.79845486	-0.85989553	0.24740697	12.79824303	-0.86042399
0.24066514	12.92546402	-0.84509785	0.24025291	12.92527940	-0.84574270
0.22081537	12.92385788	-0.78949762	0.22032787	12.92366054	-0.79022075
0.22730108	12.91946610	-0.77167661	0.22679562	12.91927851	-0.77240150
0.24856569	12.80426494	-0.83917616	0.24826612	12.80405809	-0.83973490
0.22058527	12.85965070	-0.82199393	0.22021721	12.85941251	-0.82268931
0.22559657	12.80234372	-0.84489032	0.22532744	12.80208429	-0.84552213
0.20977613	12.92334154	-0.77978285	0.20929939	12.92313172	-0.78057081
0.16917188	12.93551782	-0.76533986	0.16866730	12.93528206	-0.76627247
0.17705183	12.86821341	-0.80371961	0.17665610	12.86794420	-0.80455381
0.17910619	12.80460911	-0.82471865	0.17880672	12.80430776	-0.82549507
0.27092918	12.71306886	-0.94500845	0.27082162	12.71285485	-0.94534674
0.25536245	12.73723016	-0.88394946	0.25518256	12.73700400	-0.88438878
0.25713800	12.75285620	-0.86167671	0.25692918	12.75263636	-0.86216217
0.27484830	12.71635041	-0.87476524	0.27468926	12.71615030	-0.87516715
0.23452260	12.74464169	-0.87160572	0.23435568	12.74437318	-0.87215523
0.18575625	12.73699919	-0.85420649	0.18558173	12.73666171	-0.85490253
0.28152588	12.32810453	-0.16280351	0.28050185	12.32828423	-0.16298593
0.29872449	12.42470456	-0.12918552	0.29746748	12.42490978	-0.12954862
0.34663143	12.42298963	-0.14539736	0.34549413	12.42321199	-0.14564170
0.33235701	12.35343727	-0.17791161	0.33145610	12.35358952	-0.17804006
0.35063345	12.43557508	-0.15267873	0.34949193	12.43578552	-0.15293073
0.36040737	12.41598422	-0.15042012	0.35933186	12.41620915	-0.15063325
0.34696159	12.34785756	-0.18431435	0.34626420	12.34796079	-0.18445313
0.39768988	12.38271090	-0.15878196	0.39676612	12.38297743	-0.15891254
0.11901661	13.14085613	-0.47232369	0.11769796	13.14072286	-0.47363517
0.14899463	13.12755859	-0.48620311	0.14772993	13.12744962	-0.48739112
0.12278266	13.08858397	-0.58035753	0.12180510	13.08841840	-0.58159647
0.15810416	13.07329512	-0.59088819	0.15716420	13.07314607	-0.59199399
0.16102941	13.11627053	-0.49288313	0.15978872	13.11616741	-0.49402027
0.16684522	13.12266287	-0.49299343	0.16559966	13.12256840	-0.49410959
0.17716802	13.06662096	-0.58699705	0.17620913	13.06649061	-0.58803035
0.20345350	13.07201242	-0.62619866	0.20257191	13.07189007	-0.62714582
0.20239219	13.12847149	-0.52531194	0.20122728	13.12838756	-0.52630474
0.21957382	13.00147170	-0.74427179	0.21895731	13.00129894	-0.74507560
0.19795873	12.99667220	-0.69629007	0.19726241	12.99650194	-0.69717563
0.18360026	12.99975581	-0.69590224	0.18292148	12.99956912	-0.69684829
0.14529212	13.01453309	-0.68479188	0.14459585	13.01432612	-0.68588344
0.39257223	13.09109467	-0.26300453	0.39071652	13.09120900	-0.26352420
0.42770975	13.01066249	-0.17909919	0.42570951	13.01084423	-0.17952873
0.45622504	12.88002116	-0.13277097	0.45427008	12.88026866	-0.13310745
0.31248007	12.99090864	-0.86252530	0.31204325	12.99080973	-0.86306023
0.33648854	12.91277046	-0.95156363	0.33620017	12.91266967	-0.95199159
0.29420717	13.06032942	-0.75060280	0.29354375	13.06023701	-0.75124520
0.13394659	12.96202717	-0.06128193	0.13142524	12.96207444	-0.06259933
0.11216617	13.06618520	-0.10604695	0.10966948	13.06618309	-0.10746674
0.09081070	13.12960167	-0.17622153	0.08849233	13.12954949	-0.17772389
0.08721952	13.02813835	-0.62582779	0.08637599	13.02792262	-0.62714373
0.06685530	13.09357547	-0.54811849	0.06577254	13.09337108	-0.54957807
0.10653771	12.95601566	-0.67996172	0.10584170	12.95577477	-0.68113987
0.47104560	12.68496169	-0.13263169	0.46937075	12.68525849	-0.13286359
0.48102618	12.47587669	-0.16111391	0.47985067	12.47620690	-0.16124254
0.34568363	12.83183323	-1.00435714	0.34552637	12.83172431	-1.00467758
0.34663828	12.75668658	-1.03338638	0.34655518	12.75654769	-1.03361965
0.48271982	12.33830157	-0.19924342	0.48206607	12.33858165	-0.19923537
0.34547844	12.69666599	-1.05205966	0.34547497	12.69652014	-1.05221673
0.15618516	12.47208635	-0.10631675	0.15460049	12.47219823	-0.10716661
0.16173175	12.62823019	-0.07700823	0.15977057	12.62835858	-0.07802218
0.10867987	12.75497561	-0.74953024	0.10828731	12.75463321	-0.75051885
0.10885073	12.82368959	-0.72593778	0.10835114	12.82338787	-0.72699005
0.15237174	12.80755216	-0.05655323	0.15004472	12.80765521	-0.05775088
0.11092177	12.88920466	-0.70803906	0.11033195	12.88893867	-0.70913965
0.32918103	13.14355279	-0.50146033	0.32792566	13.14355066	-0.50211569
0.30358236	13.11488327	-0.62837551	0.30265230	13.11484066	-0.62906539
0.35924543	13.13542640	-0.37525347	0.35766354	13.13548272	-0.37585459
0.06232702	13.16384192	-0.34851474	0.06058051	13.16371112	-0.35010148
0.05932086	13.13994472	-0.45060079	0.05790493	13.13977100	-0.45216441
0.07351318	13.16113432	-0.25710786	0.07144731	13.16105083	-0.25867057
0.88218160	11.96672294	-0.58420501	0.88246872	11.96702570	-0.58408407
0.81676000	12.01719950	-0.47386000	0.81676000	12.01719950	-0.47386000
0.92251949	11.93897753	-0.71291408	0.92310878	11.93937613	-0.71271471
0.90996244	12.00549708	-0.71776330	0.91036967	12.00586985	-0.71754362
0.87430750	12.05228669	-0.63138355	0.87445919	12.05261419	-0.63117662
0.80584378	12.11480320	-0.52844044	0.80578054	12.11504018	-0.52824277
0.95582814	11.93143944	-0.83714162	0.95664737	11.93187407	-0.83690229
0.97516199	11.94737449	-0.94850173	0.97606134	11.94787312	-0.94823871
0.94321695	12.06541922	-0.93188385	0.94373215	12.06583925	-0.93158685
0.92881758	12.03516649	-0.81424520	0.92928111	12.03556658	-0.81399150
0.97447096	11.98963666	-1.04169199	0.97524837	11.99012431	-1.04142429
0.93991914	12.06430607	-1.12866992	0.94051729	12.06471746	-1.12839453
0.91675667	12.12701661	-1.10631969	0.91723877	12.12738914	-1.10603308
0.94058950	12.10026340	-1.02974335	0.94107834	12.10068439	-1.02944842
0.85930702	12.18234457	-1.21990620	0.85972499	12.18262947	-1.21962750
0.74279895	12.33313867	-1.27071005	0.74308417	12.33326900	-1.27050311
0.74668826	12.36148214	-1.19899142	0.74690980	12.36163437	-1.19879416
0.85739438	12.22827295	-1.15725016	0.85773682	12.22856474	-1.15696961
0.60129313	12.48297075	-1.23770426	0.60138893	12.48297017	-1.23770865
0.47114486	12.61366386	-1.15274738	0.47117174	12.61363737	-1.15277377
0.49420000	12.61570000	-1.07906000	0.49420000	12.61570000	-1.07906000
0.61447000	12.50220000	-1.16283000	0.61447000	12.50220000	-1.16283000
0.38300755	12.64722558	-1.04984773	0.38302948	12.64714693	-1.04991574
0.33209040	12.64749245	-0.95709258	0.33207454	12.64734751	-0.95723813
0.37140000	12.64100070	-0.89641000	0.37140000	12.64100070	-0.89641000
0.41679000	12.64250090	-0.98287004	0.41679000	12.64250090	-0.98287004
0.31395648	12.67923336	-0.89781735	0.31384216	12.67908501	-0.89807952
0.30986570	12.70677335	-0.87046106	0.30969266	12.70663838	-0.87078516
0.33804428	12.69461588	-0.81321341	0.33779790	12.69452872	-0.81351340
0.34724605	12.66951836	-0.84074003	0.34705114	12.66945512	-0.84096280
0.30088747	12.69406179	-0.87439495	0.30075630	12.69390382	-0.87474125
0.25771726	12.68394341	-0.84513647	0.25756342	12.68369184	-0.84560819
0.29782560	12.68109122	-0.77557964	0.29752617	12.68093532	-0.77599049
0.33689708	12.68322318	-0.81188673	0.33667679	12.68313180	-0.81219263
0.15109927	12.71941819	-0.71735776	0.15066282	12.71912446	-0.71820439
0.01867566	12.77317296	-0.57733512	0.01781168	12.77291625	-0.57871083
0.02261651	12.81092877	-0.50051170	0.02152299	12.81070280	-0.50195114
0.17490145	12.73456901	-0.64198026	0.17428592	12.73434654	-0.64280719
-0.09835416	12.81620055	-0.51504289	-0.09958155	12.81600286	-0.51703814
-0.20595053	12.84814885	-0.51951822	-0.20724995	12.84797810	-0.52208645
-0.20957972	12.91664318	-0.45935344	-0.21109662	12.91641061	-0.46195667
-0.10060213	12.87572588	-0.44508542	-0.10202280	12.87550032	-0.44715048
-0.31110445	12.86840657	-0.57990924	-0.31237919	12.86822422	-0.58296549
-0.40974906	12.87920951	-0.64803821	-0.41102120	12.87889103	-0.65149134
-0.42678108	12.90701415	-0.59649594	-0.42832310	12.90666834	-0.60007250
-0.32095593	12.92152893	-0.52506941	-0.32248001	12.92127356	-0.52820290
-0.49795203	12.88187116	-0.67651619	-0.49934905	12.88120817	-0.68035002
-0.57776929	12.87757823	-0.66484131	-0.57928937	12.87648769	-0.66877959
-0.57723908	12.88035051	-0.62965444	-0.57887335	12.87936241	-0.63367702
-0.52056559	12.88965111	-0.62849505	-0.52215869	12.88891889	-0.63244538
-0.65238421	12.86865080	-0.61366385	-0.65415648	12.86709987	-0.61779328
-0.70151826	12.85312002	-0.53377102	-0.70333812	12.85182063	-0.53770749
-0.66447969	12.86970310	-0.50560603	-0.66634157	12.86863542	-0.50961461
-0.62733065	12.87859198	-0.58270115	-0.62922345	12.87737553	-0.58681842
-0.70662063	12.82675761	-0.43837387	-0.70854883	12.82594815	-0.44230107
-0.67969277	12.78046619	-0.34856798	-0.68159829	12.78003646	-0.35251676
-0.65804010	12.78700969	-0.36149979	-0.65991859	12.78655011	-0.36542739
-0.67033580	12.83321991	-0.42182292	-0.67222761	12.83252951	-0.42576651
-0.63291152	12.70642362	-0.28533395	-0.63486593	12.70611120	-0.28918332
-0.55942283	12.64628718	-0.23668585	-0.56142153	12.64609909	-0.24038818
-0.54176094	12.70542216	-0.26796196	-0.54373255	12.70523545	-0.27164115
-0.61786881	12.74850233	-0.31790457	-0.61978463	12.74817622	-0.32176586
-0.45266549	12.64151811	-0.18884494	-0.45473876	12.64143377	-0.19225925
-0.32558471	12.62090371	-0.15245478	-0.32765289	12.62080902	-0.15538266
-0.30772902	12.67452211	-0.18133311	-0.30976146	12.67441789	-0.18420170
-0.43370636	12.69891649	-0.21876096	-0.43574901	12.69881621	-0.22212470
-0.18871432	12.51646240	-0.13855220	-0.19053133	12.51635920	-0.14063961
-0.03957049	12.40066540	-0.14504941	-0.04104330	12.40062680	-0.14635063
-0.03713112	12.47032690	-0.17621634	-0.03860627	12.47023232	-0.17764472
-0.17705766	12.57911720	-0.16737845	-0.17886281	12.57897947	-0.16950130
0.12201979	12.34040080	-0.16469708	0.12081234	12.34044174	-0.16535870
0.25084181	12.32204678	-0.18956427	0.24987598	12.32215658	-0.18981285
0.23028842	12.38160475	-0.24175527	0.22938199	12.38157621	-0.24218955
0.11232731	12.40764455	-0.20624315	0.11115759	12.40759098	-0.20709176
0.30085559	12.35626088	-0.21075252	0.29999550	12.35632141	-0.21093568
0.28618262	12.43994620	-0.28028250	0.28528577	12.43990688	-0.28064645
0.27811293	12.41216156	-0.26637778	0.27724279	12.41212964	-0.26672483
0.31260753	12.34638229	-0.22330690	0.31196747	12.34633950	-0.22346216
0.34620000	12.27620000	-0.23202000	0.34620000	12.27620000	-0.23202000
0.31862926	12.33310732	-0.29103750	0.31807813	12.33301800	-0.29116217
0.28543621	12.39827950	-0.28133331	0.28464714	12.39819219	-0.28161582
0.44425997	12.21770000	-0.27141000	0.44425997	12.21770000	-0.27141000
0.57587000	12.16340070	-0.32883000	0.57587000	12.16340070	-0.32883000
0.56905928	12.24320289	-0.38287675	0.56875932	12.24333971	-0.38280063
0.42709466	12.28621886	-0.32804465	0.42672297	12.28626818	-0.32806809
0.70622003	12.08180000	-0.39380000	0.70622003	12.08180000	-0.39380000
0.69964151	12.18157298	-0.44738248	0.69943604	12.18177151	-0.44724211
0.76332854	12.39386645	-1.04810407	0.76342246	12.39407192	-1.04789483
0.86565589	12.24523154	-1.04678513	0.86591892	12.24554308	-1.04649485
0.78254349	12.37746447	-0.85993236	0.78249910	12.37771431	-0.85968768
0.87467238	12.22391013	-0.90629445	0.87485695	12.22424257	-0.90599730
0.79511062	12.26304765	-0.67217811	0.79499186	12.26333258	-0.67191882
0.87444191	12.15017567	-0.75414703	0.87458278	12.15053340	-0.75387567
0.53322681	12.60839384	-0.90297019	0.53310936	12.60845139	-0.90297681
0.64676222	12.52250160	-0.99050483	0.64672568	12.52259616	-0.99041015
0.56420727	12.53898139	-0.69147896	0.56384919	12.53907909	-0.69146228
0.67735140	12.47912210	-0.78108531	0.67714961	12.47929542	-0.78094138
0.56992698	12.38693677	-0.51107897	0.56949145	12.38707713	-0.51102318
0.69184959	12.34069952	-0.58894102	0.69155838	12.34091579	-0.58876283
-0.22053512	12.91185072	-0.37461719	-0.22224418	12.91163076	-0.37728402
-0.11446113	12.86880974	-0.35838999	-0.11609256	12.86859655	-0.36053720
-0.24213406	12.85404696	-0.28813055	-0.24402584	12.85387244	-0.29085524
-0.13526003	12.80443208	-0.27427591	-0.13706035	12.80425580	-0.27647931
-0.01771144	12.73699872	-0.30925120	-0.01922985	12.73681422	-0.31088117
0.00563281	12.80309538	-0.40477632	0.00430347	12.80288457	-0.40632687
-0.27583235	12.76370546	-0.22527567	-0.27781607	12.76357186	-0.22804381
-0.15792895	12.69102731	-0.21201618	-0.15975147	12.69087217	-0.21419394
-0.03078850	12.60485484	-0.23240219	-0.03230878	12.60470525	-0.23396830
-0.55757682	12.91044231	-0.54796390	-0.55971113	12.90993075	-0.55226376
-0.59101275	12.90398882	-0.45588758	-0.59295258	12.90342044	-0.46006548
-0.48870388	12.92472420	-0.39442013	-0.49066809	12.92439959	-0.39835092
-0.45578114	12.93756134	-0.50004708	-0.45777973	12.93724013	-0.50394095
-0.60711940	12.83207800	-0.37633677	-0.60899537	12.83166596	-0.38028220
-0.51805181	12.82282601	-0.31767055	-0.51999987	12.82257931	-0.32138789
-0.33919184	12.93645888	-0.43150081	-0.34097212	12.93619237	-0.43476684
-0.36601390	12.90125082	-0.33286595	-0.36793567	12.90103980	-0.33619219
-0.40144445	12.80378932	-0.26408719	-0.40342840	12.80365240	-0.26741172
0.29244667	12.63941924	-0.65182013	0.29195406	12.63927352	-0.65230419
0.33425706	12.63613959	-0.67518301	0.33381584	12.63603087	-0.67556346
0.26592812	12.57236120	-0.50202404	0.26523572	12.57222732	-0.50258090
0.31232865	12.57148405	-0.51186481	0.31165288	12.57138921	-0.51230311
0.31638565	12.58948727	-0.49626904	0.31566215	12.58940283	-0.49670371
0.33520231	12.65044151	-0.66678825	0.33472177	12.65033733	-0.66716741
0.34245274	12.63294204	-0.68935669	0.34202699	12.63283744	-0.68970791
0.31887019	12.57527738	-0.51108976	0.31819561	12.57518407	-0.51150134
0.35135683	12.55558163	-0.55161157	0.35077715	12.55550626	-0.55194837
0.37193332	12.61433033	-0.73976386	0.37159932	12.61423900	-0.74004175
0.32618666	12.44077664	-0.39940808	0.32549775	12.44069474	-0.39969206
0.29365475	12.48759453	-0.37626307	0.29283892	12.48751181	-0.37666969
0.28790074	12.49172693	-0.37140009	0.28706870	12.49165679	-0.37183553
0.24039863	12.47739836	-0.35530652	0.23956802	12.47728121	-0.35584560
0.44469765	12.55422945	-0.61331557	0.44420989	12.55423271	-0.61348321
0.43836468	12.62184808	-0.81510667	0.43816035	12.62182209	-0.81523641
0.43301271	12.41243937	-0.44619094	0.43246233	12.41246853	-0.44627944
0.13624966	12.64017613	-0.41056594	0.13523520	12.64000705	-0.41156491
0.16277542	12.71062294	-0.53288347	0.16194192	12.71042727	-0.53379875
0.11764530	12.52305555	-0.29479636	0.11654688	12.52292079	-0.29577142
0.16197930	13.14533446	-0.39607838	0.16042644	13.14525472	-0.39723016
0.25694239	13.03153251	-0.13011972	0.25466356	13.03159444	-0.13102391
0.29623741	12.91757385	-0.08834376	0.29397676	12.91771056	-0.08910020
0.32555582	12.73760441	-0.09347906	0.32358748	12.73780181	-0.09406861
0.34598463	12.55820744	-0.12294904	0.34444611	12.55843834	-0.12337168
0.24085883	12.85847265	-0.81544855	0.24046472	12.85827777	-0.81607612
0.33769950	12.37549009	-0.18524240	0.33681508	12.37561052	-0.18541676
0.17537370	13.06140674	-0.58977827	0.17442622	13.06127177	-0.59081796
0.20141628	12.99147386	-0.68962394	0.20071322	12.99130636	-0.69050491
0.89648777	11.96142768	-0.57075275	0.89677000	11.96175551	-0.57061929
0.82718867	12.01971442	-0.45665176	0.82716467	12.01972569	-0.45664421
0.93992764	11.92467494	-0.70430762	0.94054303	11.92511876	-0.70408955
0.74628615	12.33173196	-1.28620507	0.74658174	12.33186164	-1.28599459
0.46153020	12.61945818	-1.16639654	0.46156033	12.61942928	-1.16643106
0.35372186	12.65788896	-1.05848789	0.35374043	12.65776918	-1.05860371
0.28744860	12.66165686	-0.96049305	0.28741233	12.66145665	-0.96073200
0.27312102	12.69181248	-0.89948575	0.27300536	12.69160192	-0.89982803
0.25664051	12.70315083	-0.88655818	0.25659916	12.70288934	-0.88701996
0.20829775	12.68900292	-0.86872327	0.20821248	12.68866497	-0.86932958
0.11963032	12.71088190	-0.75465428	0.11928562	12.71052962	-0.75557213
0.01092784	12.74432749	-0.62488830	0.01023723	12.74401972	-0.62624775
-0.19794648	12.78493957	-0.56030821	-0.19907490	12.78479953	-0.56282008
-0.30108731	12.82630282	-0.61091187	-0.30219133	12.82616994	-0.61389070
-0.48538767	12.88705393	-0.69872195	-0.48674490	12.88647007	-0.70251675
-0.56765769	12.88893188	-0.68738631	-0.56912199	12.88785244	-0.69133093
-0.71382115	12.85724453	-0.54531210	-0.71563647	12.85584876	-0.54925754
-0.19094658	12.52618987	-0.11653573	-0.19287345	12.52611747	-0.11865833
0.13966748	12.35615191	-0.14000527	0.13837014	12.35625153	-0.14066185
0.30835959	12.38400727	-0.22331078	0.30751683	12.38403558	-0.22353232
0.38285268	12.29411996	-0.19521789	0.38258171	12.29425253	-0.19518385
0.46897740	12.23746645	-0.23885003	0.46880465	12.23757940	-0.23884037
0.71406451	12.09184119	-0.37176782	0.71403278	12.09187395	-0.37175400
0.29449850	12.51483014	-0.36947173	0.29362339	12.51477006	-0.36990783
0.58326620	12.77818485	-0.54122417	0.58243493	12.77835821	-0.54123102
0.30417201	12.98953080	-0.53088767	0.30309806	12.98949301	-0.53153913
0.03203984	12.99542757	-0.26443154	0.03009047	12.99532315	-0.26609221
0.10067938	13.07793396	-0.30926403	0.09885591	13.07784636	-0.31066692
0.31797526	12.86899943	-0.29499326	0.31639854	12.86906003	-0.29561231
0.02938746	12.96792574	-0.42280146	0.02794310	12.96774170	-0.42438683
0.12287867	13.04572878	-0.41859059	0.12142442	13.04560688	-0.41985874
0.36648268	12.82377859	-0.69393101	0.36591430	12.82374594	-0.69431463
0.15650478	13.02940111	-0.18054718	0.15432505	13.02938018	-0.18176865
0.22040417	12.81520051	-0.79458091	0.22002202	12.81497308	-0.79524940
0.32923686	12.75857596	-0.53166993	0.32836486	12.75852173	-0.53216321
0.32883035	12.88701742	-0.84203019	0.32844610	12.88693453	-0.84248160
0.39325880	12.43644629	-0.24573475	0.39233162	12.43657077	-0.24592814
0.24463107	13.04710348	-0.44736614	0.24328519	13.04705553	-0.44822302
0.47624108	12.68516205	-0.66768734	0.47573302	12.68520278	-0.66783027
0.69806428	12.74978583	-0.77216430	0.69765067	12.74999830	-0.77200895
0.32608400	12.94033221	-0.20072884	0.32416053	12.94043403	-0.20138084
-0.42921846	12.91130918	-0.24785804	-0.43139180	12.91118031	-0.25142837
0.15246910	13.08188931	-0.24987074	0.15046979	13.08184485	-0.25109281
0.32370443	12.94666196	-0.68842440	0.32302407	12.94659649	-0.68896088
-0.51626318	12.91081210	-0.28849663	-0.51836898	12.91060349	-0.29238770
0.22784823	13.03189665	-0.32922495	0.22617660	13.03187512	-0.33016262
0.28900732	12.45993388	-0.20164751	0.28786566	12.46000303	-0.20205232
0.11875229	13.09914003	-0.37123674	0.11712754	13.09903501	-0.37255957
0.21012412	13.07762668	-0.48969806	0.20888105	13.07755046	-0.49065729
0.25355821	12.61308470	-0.24574814	0.25219755	12.61310007	-0.24641444
0.16759560	12.93773833	-0.50967617	0.16648829	12.93759894	-0.51070753
0.27781856	12.89125481	-0.83212322	0.27742260	12.89111284	-0.83268272
0.28457505	12.84053983	-0.83529699	0.28422865	12.84039619	-0.83580227
0.23113402	13.02224983	-0.54537570	0.23007617	13.02215544	-0.54623892
0.37497015	12.79989138	-0.19844474	0.37327077	12.80005167	-0.19892503
0.49737998	12.59257526	-0.43302752	0.49654033	12.59271434	-0.43313415
0.30567132	12.76092584	-0.88781651	0.30545883	12.76079632	-0.88818928
0.16135191	12.96492371	-0.64487260	0.16055912	12.96473346	-0.64588068
0.39038846	12.37626580	-0.22255795	0.38961294	12.37642305	-0.22267619
0.35726486	12.48417707	-0.31286228	0.35634263	12.48421482	-0.31314228
0.19380604	12.86897866	-0.18786350	0.19186063	12.86901125	-0.18891405
0.38965066	12.73028827	-0.90995987	0.38948316	12.73025961	-0.91014644
0.29728057	12.79320690	-0.84929827	0.29700041	12.79307157	-0.84973260
0.14488297	13.11424691	-0.28220044	0.14297333	13.11418714	-0.28344418
0.41379253	12.60720396	-0.24775538	0.41249683	12.60736289	-0.24805339
0.21554121	12.86023458	-0.77133346	0.21507988	12.86002323	-0.77205623
0.42794024	12.71341628	-0.82709908	0.42768541	12.71341833	-0.82727269
0.82717835	12.74549834	-0.86731847	0.82684853	12.74577845	-0.86704120
0.56617464	12.79158771	-0.92709001	0.56596475	12.79168663	-0.92712621
0.33992794	12.68661251	-0.19959597	0.33837957	12.68674364	-0.20010574
0.24987728	12.76346752	-0.18233826	0.24809800	12.76354255	-0.18315024
