0.84700538	12.73876593	-0.42064620	0.84685494	12.73884182	-0.42062951
0.81854092	12.87684256	-0.44964397	0.81839044	12.87691184	-0.44964044
0.89573787	12.83550865	-0.54736300	0.89563021	12.83557850	-0.54733982
0.92740770	12.70234582	-0.53240771	0.92730306	12.70241916	-0.53237005
0.77681207	12.96768658	-0.51044283	0.77668135	12.96774947	-0.51045666
0.85771808	12.92153788	-0.59071568	0.85762078	12.92160232	-0.59070721
0.90741803	12.87847224	-0.65075044	0.90734069	12.87853370	-0.65073137
0.94564215	12.80861010	-0.64466623	0.94556669	12.80867498	-0.64463416
0.97941461	12.67952533	-0.64523220	0.97934246	12.67959247	-0.64518472
0.71786999	12.76607982	-1.16549201	0.71789314	12.76607206	-1.16551706
0.84021849	12.71579961	-1.14314417	0.84024196	12.71580549	-1.14314496
0.80868214	12.82256872	-1.07491483	0.80869654	12.82258119	-1.07493299
0.68673172	12.86871173	-1.09253014	0.68675373	12.86871586	-1.09257998
0.94116656	12.68238377	-1.07979600	0.94118111	12.68240496	-1.07977455
0.90804854	12.79364956	-1.02161755	0.90805418	12.79367419	-1.02161177
0.86846436	12.86231100	-0.97135981	0.86846404	12.86233917	-0.97136611
0.78986621	12.90319913	-0.98729002	0.78987195	12.90322383	-0.98731701
0.66813351	12.94915786	-0.99362341	0.66814590	12.94917734	-0.99368328
0.58941474	12.83590680	-0.21124361	0.58914893	12.83596332	-0.21131692
0.57208076	12.97305948	-0.25884959	0.57183064	12.97311537	-0.25892668
0.70718218	12.92529570	-0.35032657	0.70698236	12.92535937	-0.35035555
0.72795795	12.78595169	-0.30968252	0.72774945	12.78602099	-0.30970130
0.54279510	13.05959738	-0.34361533	0.54258291	13.05965147	-0.34370613
0.67205125	13.01572789	-0.42654950	0.67188128	13.01578707	-0.42659354
0.46857494	12.88172209	-1.06718229	0.46860273	12.88172007	-1.06728525
0.59456101	12.82697761	-1.13890457	0.59458630	12.82696663	-1.13896783
0.56412341	12.91985971	-1.06710661	0.56414954	12.91986153	-1.06718972
0.44012133	12.96487927	-0.99327130	0.44014181	12.96489259	-0.99339695
0.54388455	12.99524275	-0.96600252	0.54389856	12.99526439	-0.96610207
0.41897711	13.03517916	-0.89120212	0.41897775	13.03521273	-0.89134732
-0.02178952	12.99166174	-0.07611372	-0.02217140	12.99167501	-0.07649300
-0.14983926	13.00412117	-0.09950225	-0.15021355	13.00413478	-0.09996118
-0.15144506	13.07779049	-0.14576148	-0.15178903	13.07781220	-0.14620910
-0.02698884	13.07927952	-0.11972596	-0.02734412	13.07929792	-0.12009572
-0.26815426	13.00652603	-0.13709081	-0.26850972	13.00654488	-0.13763190
-0.26827315	13.06819704	-0.18525472	-0.26859454	13.06822549	-0.18578346
-0.26856721	13.10973007	-0.25061207	-0.26884345	13.10977220	-0.25113227
-0.15247870	13.12502719	-0.21177155	-0.15277820	13.12506041	-0.21221209
-0.03097449	13.13366095	-0.18544637	-0.03128805	13.13368944	-0.18580934
0.02917944	12.97960707	-0.60003066	0.02910323	12.97967666	-0.60036877
0.01411796	13.04203649	-0.57454781	0.01403266	13.04210744	-0.57489218
-0.06693009	13.04452312	-0.56486564	-0.06700861	13.04460428	-0.56525771
-0.05284758	12.98827298	-0.58053136	-0.05292254	12.98835169	-0.58092113
-0.00572295	13.09606631	-0.52720533	-0.00582921	13.09613825	-0.52755664
-0.08865831	13.09083006	-0.52923571	-0.08875526	13.09090931	-0.52963655
-0.18199067	13.08424355	-0.54645948	-0.18206729	13.08433993	-0.54692639
-0.15918709	13.04323460	-0.58226895	-0.15924216	13.04333352	-0.58272779
-0.14458271	12.99199879	-0.59973038	-0.14463162	12.99209550	-0.60018773
0.98651015	12.29055369	-0.67070679	0.98648380	12.29062240	-0.67064068
0.96652563	12.07164830	-0.68649844	0.96653933	12.07171565	-0.68643196
0.91320153	12.09840253	-0.55147285	0.91318663	12.09846413	-0.55141718
0.92674710	12.30540334	-0.53585197	0.92668394	12.30547404	-0.53579623
0.83426229	12.14815870	-0.43086783	0.83421320	12.14820996	-0.43083446
0.84010627	12.33071598	-0.41121575	0.84000524	12.33078642	-0.41118293
0.98033691	12.38048720	-1.14073446	0.98037339	12.38051473	-1.14068347
0.88538980	12.44067559	-1.21024309	0.88542452	12.44068605	-1.21021135
0.88106080	12.28117761	-1.23464562	0.88111559	12.28118768	-1.23459843
0.97324233	12.18924256	-1.15567069	0.97330223	12.18927172	-1.15560533
0.75783836	12.51657722	-1.23942859	0.75785873	12.51657035	-1.23941655
0.75430018	12.39638716	-1.27051865	0.75433870	12.39637885	-1.27049387
0.86908675	12.17645156	-1.24222668	0.86915502	12.17646031	-1.24217116
0.95465653	12.05462076	-1.15347749	0.95473397	12.05464958	-1.15340608
0.99201184	12.49962951	-0.65609326	0.99195687	12.49970068	-0.65603160
0.93427156	12.51568449	-0.53001925	0.93418031	12.51575759	-0.52996927
0.84873047	12.54434514	-0.40888815	0.84859518	12.54442034	-0.40886377
0.86875883	12.58704822	-1.18384055	0.86878390	12.58705298	-1.18382309
0.96782920	12.54477630	-1.11755434	0.96785340	12.54479891	-1.11751790
0.74353704	12.64432765	-1.20940795	0.74356249	12.64431803	-1.20941399
0.59339869	12.42229034	-0.22932527	0.59319816	12.42236104	-0.22939651
0.59318343	12.63663680	-0.20651010	0.59293214	12.63669861	-0.20658280
0.72811171	12.58715265	-0.29933433	0.72792052	12.58722702	-0.29935895
0.72256956	12.37301921	-0.30970702	0.72242348	12.37309082	-0.30971675
0.46924800	12.70414696	-1.15174911	0.46926387	12.70412618	-1.15177921
0.61230304	12.61452340	-1.21992311	0.61231479	12.61450986	-1.21993291
0.60935554	12.71863586	-1.18709083	0.60937456	12.71861873	-1.18711761
0.47453960	12.78835515	-1.11929442	0.47456028	12.78834074	-1.11935899
0.58592971	12.17575092	-0.30204175	0.58591220	12.17577438	-0.30204503
0.59315557	12.28287812	-0.26424567	0.59303715	12.28294050	-0.26427489
0.72058808	12.21803967	-0.33825482	0.72050804	12.21809839	-0.33825212
0.60098749	12.48644486	-1.25181253	0.60100332	12.48643134	-1.25181193
0.60705323	12.53384588	-1.24370712	0.60706551	12.53383348	-1.24371072
0.46296991	12.64849993	-1.16688872	0.46298061	12.64848197	-1.16690461
-0.01466934	12.71354095	-0.07669054	-0.01504557	12.71355410	-0.07709838
-0.16292173	12.78295743	-0.08512891	-0.16330785	12.78296825	-0.08563199
-0.15248994	12.90579686	-0.08177310	-0.15287595	12.90580734	-0.08224805
-0.01456498	12.86805925	-0.06494209	-0.01495126	12.86807199	-0.06533280
-0.29834405	12.83496701	-0.11089364	-0.29872173	12.83498091	-0.11149062
-0.27926554	12.93002827	-0.11402236	-0.27963846	12.93004263	-0.11458680
0.02482307	12.85004951	-0.62940704	0.02474973	12.85011178	-0.62974815
0.03119570	12.91549576	-0.61664719	0.03112329	12.91556327	-0.61698586
-0.05018250	12.92646280	-0.59004971	-0.05025906	12.92653841	-0.59044427
-0.05874054	12.86170605	-0.59436562	-0.05881916	12.86178011	-0.59477032
-0.14163565	12.93470927	-0.60814318	-0.14168340	12.93480535	-0.60860642
-0.15173353	12.87395783	-0.60731705	-0.15179106	12.87405398	-0.60779561
-0.04473745	12.41814133	-0.13465215	-0.04505804	12.41816260	-0.13511794
-0.18447397	12.63594290	-0.10433886	-0.18484230	12.63595726	-0.10487899
-0.02982030	12.54290524	-0.10262793	-0.03016912	12.54292099	-0.10307169
-0.33556644	12.62987461	-0.14466174	-0.33591752	12.62989444	-0.14533585
-0.32165140	12.71740672	-0.12374123	-0.32202084	12.71742182	-0.12438313
0.01462919	12.78367610	-0.64128793	0.01455452	12.78373325	-0.64162983
-0.07850765	12.79539485	-0.59187836	-0.07859631	12.79547023	-0.59229994
-0.09680096	12.76849964	-0.57209077	-0.09690962	12.76857754	-0.57252710
-0.17629057	12.81157457	-0.59579004	-0.17636523	12.81167278	-0.59629712
-0.38988574	13.00454020	-0.18768037	-0.39021079	13.00457234	-0.18831435
-0.38130089	13.05494359	-0.23309608	-0.38159246	13.05498602	-0.23371166
-0.49910475	12.99865680	-0.24552027	-0.49939245	12.99870341	-0.24623823
-0.47871663	13.03955355	-0.28608281	-0.47897314	13.03961062	-0.28677564
-0.45591466	13.07297315	-0.33594204	-0.45613367	13.07304149	-0.33660956
-0.37055852	13.09228316	-0.29195721	-0.37080689	13.09233885	-0.29255672
-0.26328685	13.04164818	-0.60294522	-0.26331843	13.04176811	-0.60347734
-0.24887623	12.99645854	-0.62794428	-0.24889326	12.99658181	-0.62847584
-0.28380351	13.07800601	-0.56256113	-0.28386188	13.07811918	-0.56310009
-0.37839969	13.07001765	-0.57219920	-0.37844746	13.07014464	-0.57280962
-0.36318046	13.03892278	-0.61705217	-0.36319617	13.03906108	-0.61765939
-0.35339061	13.00070297	-0.65096073	-0.35338031	13.00085103	-0.65157113
-0.25033704	12.94802826	-0.64400318	-0.25034628	12.94815499	-0.64454692
-0.36083142	12.96195562	-0.67599251	-0.36080531	12.96211156	-0.67661975
-0.37565317	12.92480775	-0.69043658	-0.37561501	12.92497119	-0.69108824
-0.26331144	12.89863264	-0.64889339	-0.26332026	12.89876294	-0.64945926
-0.54428908	12.89298323	-0.20597303	-0.54460876	12.89301963	-0.20675342
-0.56483718	12.77112982	-0.21246141	-0.56515230	12.77116707	-0.21329381
-0.64013620	12.80867589	-0.27057674	-0.64040919	12.80873404	-0.27145742
-0.62157462	12.90456662	-0.26902221	-0.62184780	12.90462418	-0.26986119
-0.57323024	12.66657371	-0.23047873	-0.57353083	12.66661578	-0.23135613
-0.64772826	12.72618087	-0.28302077	-0.64799286	12.72624298	-0.28393613
-0.69504966	12.79661783	-0.35325826	-0.69526514	12.79670728	-0.35418387
-0.68858457	12.84885618	-0.34708832	-0.68880176	12.84894194	-0.34799355
-0.67225082	12.91187797	-0.34813705	-0.67246581	12.91196245	-0.34901449
-0.46429969	12.65558326	-0.18154447	-0.46463393	12.65560946	-0.18232910
-0.45287777	12.75159552	-0.16178730	-0.45322746	12.75161892	-0.16253108
-0.43023936	12.87073024	-0.15245290	-0.43059388	12.87075425	-0.15314761
-0.47133516	12.94119089	-0.70233266	-0.47127889	12.94136067	-0.70305418
-0.47830572	12.91428439	-0.71313693	-0.47823677	12.91445685	-0.71387304
-0.38798860	12.89159308	-0.69257806	-0.38795077	12.89175818	-0.69325097
-0.55811616	12.94680700	-0.68329166	-0.55807167	12.94696103	-0.68407785
-0.56289152	12.92021485	-0.69827030	-0.56283234	12.92037149	-0.69906725
-0.39902391	12.87481946	-0.68237792	-0.39899714	12.87498318	-0.68306421
-0.28339187	12.85053187	-0.64149578	-0.28341355	12.85066389	-0.64208905
0.89883137	12.88585351	-0.90246529	0.89881800	12.88589042	-0.90246280
0.79886921	12.95295739	-0.88928991	0.79885582	12.95299312	-0.88931553
0.91472095	12.90052493	-0.81349669	0.91468515	12.90057168	-0.81348652
0.81955492	12.97315604	-0.78448889	0.81951466	12.97320225	-0.78450411
0.70901732	13.02914069	-0.74401706	0.70896920	13.02918892	-0.74406128
0.68013709	13.00458100	-0.87354070	0.68012495	13.00461732	-0.87359875
0.91512602	12.89699310	-0.72142413	0.91506802	12.89704870	-0.72140835
0.83576055	12.96470611	-0.67761642	0.83568909	12.96476052	-0.67762103
0.74073498	13.01756856	-0.61641075	0.74064243	13.01762616	-0.61644218
1.00062160	12.67224834	-0.98477820	1.00062446	12.67228614	-0.98474414
0.96270257	12.79388222	-0.94014954	0.96269523	12.79391945	-0.94012904
1.02315560	12.67308483	-0.87309381	1.02313924	12.67313440	-0.87304869
0.98194388	12.80357146	-0.84306560	0.98191643	12.80361872	-0.84303572
1.01370928	12.67251639	-0.75958824	1.01366626	12.67257696	-0.75953820
0.97530546	12.80343639	-0.74353907	0.97525429	12.80349267	-0.74350529
0.55984773	13.05047677	-0.82949074	0.55982828	13.05051790	-0.82958684
0.59530603	13.07648143	-0.68030120	0.59523732	13.07653224	-0.68038372
0.47075700	13.11564958	-0.59887378	0.47066086	13.11570551	-0.59900147
0.43506171	13.08890566	-0.75125804	0.43502164	13.08895423	-0.75140094
0.63378566	13.06538543	-0.54159299	0.63366385	13.06544056	-0.54165590
0.50774960	13.10641973	-0.46017028	0.50759157	13.10647440	-0.46027853
-0.38747986	13.08731658	-0.51432709	-0.38756951	13.08742781	-0.51493952
-0.47091877	13.06949467	-0.52785931	-0.47099851	13.06961313	-0.52854024
-0.45058647	13.05816224	-0.57004785	-0.45063526	13.05829188	-0.57071606
-0.40022183	13.09320788	-0.45139817	-0.40035763	13.09330289	-0.45201835
-0.49357971	13.07132101	-0.48358762	-0.49369212	13.07142809	-0.48428598
-0.57776187	13.04558415	-0.51371378	-0.57785195	13.04570148	-0.51448784
-0.53976385	13.04750703	-0.54585138	-0.53983044	13.04763137	-0.54659468
-0.50177465	13.04579097	-0.57166526	-0.50182210	13.04592230	-0.57237835
-0.42639908	13.08967923	-0.39148779	-0.42657763	13.08976025	-0.39212850
-0.50799163	13.06696271	-0.43240686	-0.50814129	13.06705669	-0.43311725
-0.52355787	13.05230119	-0.38174310	-0.52374515	13.05238344	-0.38246868
-0.56885589	13.03572854	-0.41460387	-0.56901972	13.03582116	-0.41537050
-0.58017663	13.04114734	-0.46328587	-0.58030412	13.04125240	-0.46406142
-0.02221399	13.13482436	-0.44526462	-0.02236692	13.13488829	-0.44562118
-0.11377716	13.12292705	-0.45881209	-0.11391769	13.12299869	-0.45922568
-0.03261192	13.15601288	-0.34992834	-0.03282083	13.15606650	-0.35028987
-0.13556679	13.14038980	-0.37243040	-0.13576151	13.14044919	-0.37285555
-0.23637666	13.12388814	-0.40468236	-0.23654749	13.12396012	-0.40517604
-0.20952438	13.11055829	-0.48285434	-0.20964276	13.11064490	-0.48333372
-0.03418393	13.15744205	-0.26274220	-0.03444807	13.15748278	-0.26310353
-0.14784971	13.14347543	-0.28872112	-0.14809764	13.14352133	-0.28915475
-0.25708341	13.12593606	-0.32533021	-0.25730789	13.12599310	-0.32583871
0.99246167	11.97599306	-1.05683076	0.99254096	11.97603415	-1.05674950
1.01454938	12.12093017	-1.05519861	1.01460711	12.12097277	-1.05512287
0.99472906	11.93136023	-0.95132798	0.99480197	11.93140929	-0.95124424
1.02022058	12.07805000	-0.94081577	1.02027081	12.07810230	-0.94073704
1.03876855	12.29573740	-0.92573768	1.03878872	12.29579095	-0.92566834
1.02777516	12.32995000	-1.04186302	1.02780741	12.32999078	-1.04180023
0.97565364	11.91503551	-0.83246001	0.97571121	11.91508996	-0.83238096
1.00313185	12.06309522	-0.81742777	1.00316603	12.06315542	-0.81735184
1.02446734	12.28509274	-0.80130221	1.02446784	12.28515769	-0.80123086
1.02305145	12.51571241	-1.01795849	1.02306675	12.51575097	-1.01790848
1.04116400	12.49856623	-0.90246707	1.04116125	12.49861693	-0.90240621
1.02924533	12.49348782	-0.78101438	1.02921890	12.49354898	-0.78094873
-0.64474507	12.94173751	-0.63182717	-0.64473611	12.94187129	-0.63268512
-0.65158100	12.91205432	-0.64400231	-0.65155997	12.91218762	-0.64487110
-0.70345851	12.93138407	-0.55266079	-0.70351415	12.93151026	-0.55356727
-0.71406332	12.89528895	-0.55896088	-0.71411335	12.89541648	-0.55988101
-0.65351907	12.88867569	-0.64555173	-0.65349536	12.88880899	-0.64642624
-0.70623034	12.92112672	-0.45047494	-0.70636868	12.92123943	-0.45138035
-0.71993817	12.87610654	-0.45177331	-0.72007881	12.87622332	-0.45269790
-0.72306549	12.84043310	-0.45371851	-0.72320862	12.84055194	-0.45465130
-0.30064844	13.09984850	-0.50034197	-0.30075037	13.09994842	-0.50088828
-0.31962144	13.10944698	-0.42812246	-0.31977347	13.10953175	-0.42868111
-0.34644747	13.10867331	-0.35788572	-0.34664939	13.10874246	-0.35846405
-0.60104465	12.95692139	-0.28129831	-0.60130778	12.95698185	-0.28210724
-0.52137312	12.95923113	-0.21790498	-0.52168269	12.95927084	-0.21864985
-0.65430279	12.95202330	-0.35699312	-0.65451050	12.95210796	-0.35784683
-0.63079488	12.98157691	-0.37347385	-0.63098994	12.98166393	-0.37430190
-0.57755372	12.98891746	-0.30523138	-0.57779812	12.98898339	-0.30601377
-0.40750614	12.94907290	-0.16107533	-0.40785204	12.94910003	-0.16173404
-0.45828854	12.97202107	-0.68366363	-0.45824923	12.97218592	-0.68436497
-0.44649848	13.00411771	-0.65517628	-0.44648287	13.00427348	-0.65585747
-0.53082541	13.00360200	-0.63895175	-0.53081847	13.00374971	-0.63970103
-0.54664889	12.97543643	-0.66521621	-0.54662016	12.97558864	-0.66598632
-0.66190885	12.98825215	-0.54029193	-0.66197563	12.98837553	-0.54115259
-0.68633175	12.96094490	-0.54698939	-0.68639229	12.96106944	-0.54787597
-0.63094101	12.96987249	-0.61874536	-0.63094505	12.97000664	-0.61958616
-0.61008284	12.99683916	-0.60058819	-0.61010319	12.99697195	-0.60140496
-0.62976890	13.01720340	-0.53090990	-0.62984391	13.01732448	-0.53173631
-0.58292442	13.02292250	-0.57320099	-0.58296815	13.02305167	-0.57398720
-0.51290667	13.02899680	-0.59934771	-0.51293238	13.02913522	-0.60007441
-0.68856621	12.95423729	-0.45271798	-0.68870191	12.95434821	-0.45360293
-0.66397460	12.98222249	-0.45826508	-0.66410593	12.98233207	-0.45912495
-0.59813086	13.01261081	-0.39735584	-0.59830775	13.01270121	-0.39815097
-0.62999182	13.01216857	-0.46684117	-0.63011660	13.01227668	-0.46766594
-0.54926223	13.02353065	-0.33902530	-0.54948114	13.02360382	-0.33977735
-0.44319217	13.03462048	-0.61490685	-0.44320783	13.03476292	-0.61557609
0.17502111	13.12283649	-0.19219133	0.17471771	13.12287063	-0.19244091
0.14662000	13.16190036	-0.27769959	0.14636521	13.16194271	-0.27796021
0.17441080	13.14974444	-0.29216498	0.17416480	13.14978894	-0.29241304
0.20704534	13.10946137	-0.20344891	0.20674940	13.10949795	-0.20368409
0.12739702	13.16936263	-0.37307148	0.12719812	13.16941526	-0.37334311
0.15362380	13.15799597	-0.38976432	0.15343329	13.15804907	-0.39002388
0.17905154	13.14086735	-0.30216905	0.17881132	13.14091288	-0.30241578
0.21146185	13.10107449	-0.20984071	0.21116968	13.10111204	-0.21007492
0.18572636	13.14854815	-0.30313389	0.18548722	13.14859354	-0.30337726
0.21682120	13.10753878	-0.20462479	0.21652673	13.10757633	-0.20485629
0.16785885	13.15609015	-0.40675678	0.16767745	13.15614438	-0.40700997
0.21215228	13.16178085	-0.43217916	0.21198307	13.16183536	-0.43240963
0.23234679	13.15375676	-0.32051714	0.23211809	13.15380395	-0.32073744
0.26282859	13.11074298	-0.21491501	0.26254105	13.11078203	-0.21512374
0.24820668	12.93544504	-0.07196961	0.24784031	12.93546920	-0.07220218
0.21234691	13.05225138	-0.11741146	0.21200324	13.05227900	-0.11764970
0.24857602	13.03941326	-0.12841713	0.24824072	13.03944458	-0.12863831
0.28781453	12.92206375	-0.08465254	0.28745819	12.92209079	-0.08486379
0.25880254	13.03739433	-0.12879654	0.25846856	13.03742636	-0.12901282
0.29903387	12.92016227	-0.08792389	0.29868130	12.92019054	-0.08812955
0.30406224	13.03578360	-0.13562162	0.30373398	13.03581719	-0.13581497
0.34283407	12.91231209	-0.09333672	0.34248745	12.91234414	-0.09352161
0.36754915	12.72310778	-0.09800620	0.36721312	12.72313933	-0.09819254
0.32753746	12.73689010	-0.09407401	0.32719599	12.73691850	-0.09427983
0.38406699	12.52817079	-0.13116029	0.38374863	12.52821763	-0.13138076
0.34668738	12.55207899	-0.12658552	0.34636423	12.55211793	-0.12681768
0.31614818	12.73905346	-0.08951592	0.31580314	12.73908109	-0.08972719
0.33449840	12.55474882	-0.12171987	0.33417135	12.55478356	-0.12195558
0.28890008	12.56826718	-0.10392135	0.28856241	12.56829252	-0.10417677
0.27404470	12.75651933	-0.07392548	0.27368706	12.75654271	-0.07415855
0.26639740	12.78463669	-0.92422994	0.26639911	12.78465124	-0.92437929
0.25662196	12.85535628	-0.90031025	0.25662250	12.85538251	-0.90048953
0.23714976	12.86181931	-0.84172927	0.23713712	12.86185910	-0.84192750
0.24784478	12.80067822	-0.86474243	0.24783584	12.80070840	-0.86491816
0.24130754	12.92804718	-0.85067225	0.24130011	12.92808908	-0.85087610
0.22114346	12.92680648	-0.79526070	0.22112150	12.92685421	-0.79547728
0.22751099	12.92247149	-0.77740843	0.22748428	12.92252093	-0.77762384
0.24866333	12.80664599	-0.84415829	0.24865116	12.80668006	-0.84433965
0.22092363	12.86242725	-0.82778903	0.22091286	12.86246689	-0.82800528
0.22582860	12.80478873	-0.85028174	0.22582300	12.80481803	-0.85048184
0.21012662	12.92645887	-0.78573005	0.21010584	12.92650841	-0.78595683
0.16949061	12.93895423	-0.77175393	0.16946748	12.93900803	-0.77200656
0.17735348	12.87140100	-0.81001116	0.17734077	12.87144652	-0.81025194
0.17916022	12.80754811	-0.83073111	0.17914937	12.80758493	-0.83095927
0.27123700	12.71393780	-0.94814804	0.27124370	12.71393734	-0.94826271
0.25534856	12.73900471	-0.88811769	0.25534281	12.73902158	-0.88826705
0.25713106	12.75493287	-0.86617011	0.25712330	12.75495831	-0.86633204
0.27475561	12.71807013	-0.87861553	0.27474923	12.71808920	-0.87875314
0.23462293	12.74678039	-0.87642896	0.23462264	12.74680256	-0.87660527
0.18563558	12.73953503	-0.85975178	0.18563061	12.73955869	-0.85996068
0.27320539	12.32936707	-0.17977723	0.27294496	12.32940659	-0.18015136
0.28963719	12.42532151	-0.14226196	0.28932835	12.42534691	-0.14257942
0.33669090	12.42558836	-0.15945703	0.33638126	12.42565393	-0.15977766
0.32223284	12.35996074	-0.20155698	0.32194533	12.36009919	-0.20204335
0.34058584	12.43811182	-0.16584298	0.34027273	12.43817662	-0.16614628
0.34954559	12.41864978	-0.16407498	0.34922480	12.41871943	-0.16438132
0.33735871	12.35502937	-0.20108803	0.33709915	12.35518284	-0.20143277
0.38671554	12.38514202	-0.17026112	0.38640751	12.38521125	-0.17051643
0.11777749	13.14456204	-0.47860145	0.11763855	13.14462460	-0.47888300
0.14779602	13.13114913	-0.49233320	0.14766304	13.13121072	-0.49260000
0.12225782	13.09254722	-0.58690425	0.12217234	13.09261463	-0.58718751
0.15759305	13.07705546	-0.59721479	0.15751014	13.07712024	-0.59748002
0.15983001	13.11980145	-0.49896447	0.15969916	13.11986249	-0.49922592
0.16566810	13.12616920	-0.49901207	0.16553619	13.12622974	-0.49927028
0.17657188	13.07023955	-0.59319040	0.17648466	13.07030270	-0.59344501
0.20318623	13.07549262	-0.63221632	0.20311277	13.07555440	-0.63245737
0.20149264	13.13186937	-0.53110028	0.20137503	13.13192995	-0.53133935
0.21990354	13.00461441	-0.75019091	0.21987067	13.00466797	-0.75041748
0.19793829	13.00004615	-0.70238598	0.19788982	13.00010311	-0.70262519
0.18363640	13.00324962	-0.70215203	0.18359112	13.00330788	-0.70240092
0.14532015	13.01830744	-0.69139185	0.14527471	13.01836901	-0.69166346
0.38901331	13.09287405	-0.26721392	0.38875801	13.09291931	-0.26736526
0.42297477	13.01205965	-0.18322682	0.42267816	13.01210263	-0.18336748
0.45042653	12.88111813	-0.13710545	0.45011176	12.88116021	-0.13724051
0.31342335	12.99306966	-0.86765428	0.31342136	12.99310933	-0.86783330
0.33744099	12.91395828	-0.95603480	0.33745317	12.91397578	-0.95618756
0.29475901	13.06305985	-0.75594194	0.29472621	13.06311192	-0.75613598
0.12822628	12.96352625	-0.06804316	0.12785047	12.96354408	-0.06833889
0.10736585	13.06808795	-0.11242549	0.10701278	13.06810960	-0.11271919
0.08693530	13.13204155	-0.18245914	0.08662350	13.13207204	-0.18275537
0.08681092	13.03231178	-0.63284474	0.08674482	13.03238047	-0.63314829
0.06610671	13.09775851	-0.55503291	0.06600902	13.09782797	-0.55534534
0.10623005	12.96003652	-0.68700407	0.10617825	12.96009934	-0.68729440
0.46418952	12.68593590	-0.13790357	0.46388170	12.68598139	-0.13804623
0.47337331	12.47692961	-0.16693801	0.47309967	12.47698234	-0.16708007
0.34649934	12.83233172	-1.00772004	0.34651613	12.83233287	-1.00783536
0.34733540	12.75663226	-1.03589526	0.34735386	12.75661912	-1.03598164
0.47630941	12.34124522	-0.20483007	0.47611435	12.34133061	-0.20494746
0.34605534	12.69630173	-1.05356637	0.34607463	12.69628075	-1.05362115
0.14800679	12.47321304	-0.11784694	0.14767920	12.47323014	-0.11820227
0.15432303	12.62926606	-0.08619408	0.15396932	12.62928419	-0.08651453
0.10787257	12.75861646	-0.75645220	0.10783575	12.75866283	-0.75672330
0.10822192	12.82753045	-0.73303969	0.10818060	12.82758390	-0.73332100
0.14586890	12.80875933	-0.06412064	0.14549434	12.80877652	-0.06442342
0.11047595	12.89311617	-0.71511443	0.11043216	12.89317369	-0.71540006
0.32806647	13.14625456	-0.50622091	0.32793281	13.14630966	-0.50639927
0.30342222	13.11782608	-0.63356649	0.30334491	13.11788460	-0.63375963
0.35694122	13.13776238	-0.37963159	0.35674464	13.13781435	-0.37979605
0.06016981	13.16730259	-0.35491040	0.05996190	13.16735454	-0.35521774
0.05796974	13.14388110	-0.45723321	0.05782180	13.14394397	-0.45754506
0.07052143	13.16406609	-0.26335769	0.07025805	13.16410578	-0.26365909
0.88269325	11.96770206	-0.58365496	0.88272133	11.96774966	-0.58361284
0.81676000	12.01719950	-0.47386000	0.81676000	12.01719950	-0.47386000
0.92328563	11.94004404	-0.71201488	0.92332514	11.94010039	-0.71195198
0.91042249	12.00651777	-0.71698323	0.91045111	12.00657333	-0.71692394
0.87429348	12.05329613	-0.63081311	0.87430228	12.05334866	-0.63076429
0.80519559	12.11557953	-0.52831158	0.80517628	12.11561924	-0.52828056
0.95698826	11.93236645	-0.83607349	0.95704341	11.93241836	-0.83599834
0.97663365	11.94820980	-0.94736588	0.97670341	11.94825663	-0.94728577
0.94419928	12.06617141	-0.93101801	0.94424983	12.06621515	-0.93094885
0.92951470	12.03604977	-0.81342738	0.92955231	12.03610014	-0.81336240
0.97596646	11.99027819	-1.04060800	0.97604150	11.99031776	-1.04052954
0.94130532	12.06464882	-1.12779222	0.94137876	12.06467719	-1.12772261
0.91794123	12.12733800	-1.10560607	0.91800390	12.12736400	-1.10554239
0.94169690	12.10080763	-1.02895293	0.94175428	12.10084299	-1.02888602
0.86046064	12.18228451	-1.21936701	0.86052649	12.18229397	-1.21931252
0.74355368	12.33275174	-1.27058253	0.74360329	12.33274139	-1.27055169
0.74733753	12.36128463	-1.19895571	0.74737549	12.36128354	-1.19892902
0.85836920	12.22835287	-1.15683240	0.85842303	12.22836793	-1.15678250
0.60145873	12.48259534	-1.23768744	0.60147445	12.48258311	-1.23768615
0.47130431	12.61318152	-1.15297864	0.47131313	12.61316829	-1.15298873
0.49420000	12.61570000	-1.07906000	0.49420000	12.61570000	-1.07906000
0.61447000	12.50220000	-1.16283000	0.61447000	12.50220000	-1.16283000
0.38328715	12.64692170	-1.05042751	0.38329860	12.64690841	-1.05045014
0.33225823	12.64773444	-0.95825305	0.33226479	12.64772579	-0.95829917
0.37140000	12.64100070	-0.89641000	0.37140000	12.64100070	-0.89641000
0.41679000	12.64250090	-0.98287004	0.41679000	12.64250090	-0.98287004
0.31391004	12.68025527	-0.90034493	0.31390588	12.68026432	-0.90043544
0.30975795	12.70827991	-0.87373932	0.30974919	12.70830059	-0.87385389
0.33765123	12.69656304	-0.81664596	0.33763038	12.69659706	-0.81676036
0.34685767	12.67093516	-0.84319801	0.34683813	12.67096069	-0.84327995
0.30075756	12.69558264	-0.87782966	0.30075276	12.69560156	-0.87795146
0.25732232	12.68601597	-0.84949724	0.25731104	12.68603745	-0.84965380
0.29702143	12.68336550	-0.77979780	0.29698803	12.68340006	-0.77994282
0.33646337	12.68516338	-0.81537654	0.33644448	12.68519756	-0.81549349
0.14989992	12.72290739	-0.72386126	0.14984978	12.72295421	-0.72410800
0.01660467	12.77759662	-0.58563962	0.01650454	12.77765725	-0.58598503
0.02001187	12.81521701	-0.50892503	0.01987605	12.81527769	-0.50927684
0.17329382	12.73816873	-0.64864210	0.17321977	12.73822198	-0.64888882
-0.10067890	12.82109192	-0.52446246	-0.10080855	12.82116726	-0.52490131
-0.20795304	12.85362542	-0.52958425	-0.20806745	12.85371898	-0.53010851
-0.21164557	12.92192234	-0.46906412	-0.21178788	12.92200366	-0.46957830
-0.10320657	12.88038842	-0.45425688	-0.10336684	12.88045601	-0.45469507
-0.31234852	12.87489597	-0.59052331	-0.31240407	12.87501937	-0.59113266
-0.41017743	12.88689270	-0.65926732	-0.41016486	12.88704871	-0.65995699
-0.42724453	12.91447644	-0.60758022	-0.42727010	12.91461703	-0.60827125
-0.32215403	12.92782427	-0.53540359	-0.32224264	12.92793426	-0.53600420
-0.49796931	12.89090711	-0.68829204	-0.49791896	12.89106983	-0.68904945
-0.57784349	12.88792033	-0.67745181	-0.57779648	12.88806905	-0.67826695
-0.57742786	12.89013764	-0.64205404	-0.57741067	12.89027945	-0.64286760
-0.52079160	12.89854313	-0.64028564	-0.52078132	12.89868977	-0.64105616
-0.65257637	12.87977019	-0.62675589	-0.65256851	12.87990116	-0.62763031
-0.70275921	12.86325728	-0.54787372	-0.70282044	12.86338358	-0.54878752
-0.66588397	12.87906655	-0.51912195	-0.66596817	12.87918730	-0.52000484
-0.62761586	12.88863288	-0.59545929	-0.62763607	12.88876282	-0.59631142
-0.70892198	12.83544617	-0.45290503	-0.70906579	12.83556366	-0.45382813
-0.68328322	12.78790364	-0.36312809	-0.68349148	12.78799553	-0.36404767
-0.66150289	12.79445191	-0.37577232	-0.66170128	12.79454550	-0.37667344
-0.67284673	12.84144538	-0.43586624	-0.67300072	12.84155419	-0.43676140
-0.63767426	12.71291354	-0.29986409	-0.63792601	12.71298182	-0.30077623
-0.56503369	12.65173904	-0.25079203	-0.56531766	12.65178948	-0.25166951
-0.54679184	12.71110850	-0.28156460	-0.54705226	12.71116860	-0.28240151
-0.62207330	12.75519908	-0.33197476	-0.62230152	12.75527633	-0.33285889
-0.45861875	12.64608580	-0.20239563	-0.45893549	12.64611889	-0.20317861
-0.33203869	12.62462788	-0.16534231	-0.33237313	12.62465072	-0.16601318
-0.31365328	12.67843256	-0.19358705	-0.31396689	12.67846143	-0.19423041
-0.43912675	12.70363507	-0.23172540	-0.43942073	12.70367773	-0.23247029
-0.19599041	12.51956797	-0.15143467	-0.19631666	12.51958859	-0.15199723
-0.04777714	12.40318920	-0.15866512	-0.04808534	12.40321437	-0.15913323
-0.04473893	12.47321984	-0.18888440	-0.04503195	12.47324724	-0.18934456
-0.18379696	12.58247678	-0.17954727	-0.18410670	12.58250106	-0.18009194
0.11331376	12.34243634	-0.17919535	0.11302128	12.34246257	-0.17960818
0.24247831	12.32407055	-0.20628261	0.24222561	12.32411554	-0.20666551
0.22127020	12.38497525	-0.25573720	0.22101057	12.38503094	-0.25609181
0.10401336	12.41046538	-0.21937194	0.10373676	12.41050245	-0.21976792
0.29002471	12.36026573	-0.22894664	0.28973201	12.36034396	-0.22934096
0.27959200	12.44262848	-0.29247053	0.27937968	12.44267362	-0.29277268
0.27037977	12.41522756	-0.27981650	0.27014708	12.41527949	-0.28014283
0.30435062	12.34813897	-0.23879022	0.30412952	12.34816032	-0.23911589
0.34620000	12.27620000	-0.23202000	0.34620000	12.27620000	-0.23202000
0.31444685	12.33277123	-0.30109126	0.31431436	12.33275442	-0.30131199
0.27931103	12.40043484	-0.29472698	0.27911860	12.40046444	-0.29504030
0.44425997	12.21770000	-0.27141000	0.44425997	12.21770000	-0.27141000
0.57587000	12.16340070	-0.32883000	0.57587000	12.16340070	-0.32883000
0.56713800	12.24348356	-0.38486240	0.56707168	12.24350174	-0.38489610
0.42433122	12.28617523	-0.33305665	0.42424198	12.28617658	-0.33316330
0.70622003	12.08180000	-0.39380000	0.70622003	12.08180000	-0.39380000
0.69821295	12.18231607	-0.44806191	0.69816437	12.18235194	-0.44805861
0.76386465	12.39413446	-1.04834395	0.76388770	12.39415138	-1.04832419
0.86646651	12.24557376	-1.04643858	0.86650767	12.24559924	-1.04639082
0.78277680	12.37817128	-0.86028184	0.78278166	12.37820527	-0.86026128
0.87519166	12.22457632	-0.90595499	0.87521763	12.22461467	-0.90590622
0.79457253	12.26394588	-0.67251468	0.79455317	12.26399082	-0.67248940
0.87457247	12.15108060	-0.75378556	0.87458486	12.15113028	-0.75373713
0.53346995	12.60921132	-0.90442059	0.53347084	12.60923249	-0.90445523
0.64717812	12.52293182	-0.99120191	0.64718735	12.52294579	-0.99120816
0.56349029	12.54032609	-0.69398882	0.56345012	12.54036285	-0.69404365
0.67723214	12.48008758	-0.78236902	0.67721715	12.48012242	-0.78238225
0.56802583	12.38795229	-0.51412397	0.56795004	12.38798637	-0.51418442
0.69074154	12.34161471	-0.59026843	0.69069526	12.34165488	-0.59027617
-0.22343067	12.91674890	-0.38441268	-0.22362406	12.91681453	-0.38493476
-0.11788466	12.87316424	-0.36769795	-0.11809053	12.87322077	-0.36814950
-0.24614388	12.85844968	-0.29844506	-0.24639223	12.85849933	-0.29899397
-0.13977648	12.80836886	-0.28414778	-0.14003202	12.80841335	-0.28462364
-0.02239616	12.74078014	-0.31868090	-0.02262735	12.74082564	-0.31907994
0.00214204	12.80716118	-0.41354228	0.00196090	12.80721561	-0.41391360
-0.28090482	12.76781032	-0.23658310	-0.28119165	12.76784748	-0.23717832
-0.16367801	12.69462963	-0.22302830	-0.16396561	12.69466308	-0.22354002
-0.03701552	12.60826366	-0.24330828	-0.03728252	12.60830021	-0.24373993
-0.55755986	12.91849334	-0.55943371	-0.55761331	12.91861959	-0.56022384
-0.59259356	12.91174661	-0.46812244	-0.59271924	12.91185490	-0.46893954
-0.49089178	12.93122273	-0.40569000	-0.49106456	12.93131067	-0.40641970
-0.45648592	12.94451954	-0.51081636	-0.45658285	12.94463302	-0.51151846
-0.61017332	12.83923670	-0.38963826	-0.61035853	12.83932903	-0.39048586
-0.52182007	12.82882142	-0.33025741	-0.52204662	12.82889311	-0.33103647
-0.34113188	12.94232824	-0.44177074	-0.34128417	12.94241513	-0.44237882
-0.36919554	12.90653000	-0.34362550	-0.36941465	12.90659429	-0.34426117
-0.40588240	12.80869563	-0.27595077	-0.40614553	12.80874817	-0.27663835
0.29088701	12.64223647	-0.65736059	0.29082196	12.64228081	-0.65754168
0.33299843	12.63867252	-0.67998995	0.33294343	12.63871566	-0.68014321
0.26285121	12.57541781	-0.50971750	0.26273531	12.57546499	-0.50995235
0.30945908	12.57421834	-0.51894258	0.30934865	12.57426303	-0.51914977
0.31348030	12.59220513	-0.50323387	0.31336370	12.59225050	-0.50343823
0.33393700	12.65301446	-0.67156924	0.33387785	12.65305832	-0.67172119
0.34136490	12.63535964	-0.69385097	0.34131374	12.63540108	-0.69399302
0.31620244	12.57788819	-0.51799722	0.31609525	12.57793060	-0.51819730
0.34916623	12.55797979	-0.55767361	0.34907720	12.55802055	-0.55784700
0.37117356	12.61642621	-0.74349311	0.37113666	12.61646214	-0.74361014
0.32259061	12.44239663	-0.40820567	0.32246025	12.44241727	-0.40842898
0.28929328	12.48991096	-0.38563844	0.28913554	12.48994586	-0.38588960
0.28305888	12.49438170	-0.38111195	0.28289217	12.49442410	-0.38137462
0.23490941	12.48066757	-0.36617373	0.23473083	12.48071644	-0.36647321
0.44314855	12.55613012	-0.61773705	0.44308028	12.55616908	-0.61785547
0.43824654	12.62317485	-0.81739878	0.43823351	12.62320007	-0.81746671
0.43043228	12.41323121	-0.45225653	0.43033345	12.41324729	-0.45239761
0.13198985	12.64381958	-0.41943978	0.13181953	12.64387140	-0.41975276
0.16017362	12.71437206	-0.54038124	0.16005728	12.71442726	-0.54065519
0.11129415	12.52655373	-0.30574106	0.11107132	12.52660029	-0.30609951
0.16004586	13.14850608	-0.40197292	0.15986210	13.14856065	-0.40223033
0.25202530	13.03313947	-0.13553895	0.25169475	13.03317177	-0.13575846
0.29036269	12.91870656	-0.09400854	0.29001292	12.91873475	-0.09421839
0.31877960	12.73846384	-0.09997048	0.31844105	12.73849299	-0.10017998
0.33787522	12.55921183	-0.13152314	0.33755410	12.55924954	-0.13175690
0.24104989	12.86115554	-0.82090652	0.24103337	12.86119776	-0.82110698
0.32619865	12.38250075	-0.20792641	0.32589163	12.38264418	-0.20840111
0.17479017	13.06505520	-0.59599691	0.17470426	13.06511836	-0.59625265
0.20132440	12.99484679	-0.69568782	0.20127356	12.99490378	-0.69592568
0.89700899	11.96248504	-0.57016714	0.89703616	11.96253515	-0.57012325
0.82709090	12.01984769	-0.45662670	0.82708648	12.01985108	-0.45662526
0.94074593	11.92582698	-0.70335008	0.94078763	11.92588604	-0.70328522
0.74704705	12.33131909	-1.28607118	0.74709857	12.33130748	-1.28603968
0.46169890	12.61886844	-1.16667785	0.46170869	12.61885262	-1.16669012
0.35412599	12.65752365	-1.05947731	0.35414152	12.65750552	-1.05951545
0.28764614	12.66212828	-0.96247694	0.28765363	12.66211953	-0.96255350
0.27305116	12.69311834	-0.90272244	0.27304815	12.69312722	-0.90283981
0.25671947	12.70502779	-0.89091111	0.25672467	12.70505010	-0.89106998
0.20808161	12.69124603	-0.87369564	0.20808138	12.69126248	-0.87388115
0.11863087	12.71434940	-0.76128331	0.11859363	12.71439040	-0.76154089
0.00910676	12.74869667	-0.63308570	0.00902607	12.74875325	-0.63342867
-0.20012335	12.79054011	-0.57065032	-0.20022305	12.79064024	-0.57117983
-0.30245770	12.83286833	-0.62172781	-0.30249912	12.83299903	-0.62234122
-0.48511956	12.89601778	-0.71036188	-0.48505061	12.89618825	-0.71110889
-0.56743000	12.89935486	-0.69978160	-0.56736662	12.89951071	-0.70058690
-0.71491411	12.86770117	-0.55948769	-0.71496530	12.86782899	-0.56041069
-0.19829918	12.52906217	-0.12930639	-0.19864263	12.52908046	-0.12987079
0.13114892	12.35758693	-0.15422658	0.13084597	12.35760727	-0.15462816
0.29826060	12.38815776	-0.24034025	0.29798188	12.38823512	-0.24071404
0.37975349	12.29797632	-0.19893114	0.37966149	12.29807108	-0.19900847
0.46718711	12.23934584	-0.24057556	0.46713291	12.23939344	-0.24061260
0.71394336	12.09218240	-0.37183341	0.71393752	12.09219231	-0.37183248
0.28988252	12.51737368	-0.37866038	0.28971465	12.51741509	-0.37891122
0.58150734	12.78004076	-0.54414053	0.58139961	12.78009681	-0.54420988
0.30276750	12.99244860	-0.53614256	0.30264803	12.99250546	-0.53633341
0.02835171	12.99859164	-0.27184253	0.02809134	12.99863340	-0.27218531
0.09772621	13.08101199	-0.31579485	0.09749325	13.08105828	-0.31609027
0.31383546	12.87113728	-0.30067716	0.31359964	12.87118378	-0.30087240
0.02696953	12.97189664	-0.43045999	0.02679976	12.97195473	-0.43080276
0.12072549	13.04922686	-0.42518367	0.12055378	13.04928378	-0.42546850
0.36590483	12.82632864	-0.69835739	0.36585251	12.82638145	-0.69850376
0.15212228	13.03161184	-0.18682167	0.15181683	13.03164553	-0.18709287
0.22025163	12.81805624	-0.80019897	0.22022799	12.81809818	-0.80040720
0.32719285	12.76135288	-0.53705921	0.32707919	12.76140417	-0.53723678
0.32925907	12.88915121	-0.84670590	0.32924764	12.88919120	-0.84686614
0.38747403	12.43880615	-0.25511076	0.38726781	12.43886196	-0.25533049
0.24269515	13.05009774	-0.45298784	0.24253545	13.05015313	-0.45320827
0.47542717	12.68719482	-0.67105172	0.47537273	12.68724145	-0.67114639
0.69795673	12.75102913	-0.77392385	0.69792581	12.75107305	-0.77395152
0.32133767	12.94205987	-0.20602592	0.32105006	12.94210013	-0.20621600
-0.43310086	12.91622228	-0.25903063	-0.43337977	12.91627041	-0.25971520
0.14895679	13.08445067	-0.25596747	0.14868994	13.08449108	-0.25623487
0.32343621	12.94941967	-0.69332018	0.32338069	12.94947307	-0.69349330
-0.51969721	12.91656868	-0.30025159	-0.51994649	12.91663093	-0.30100614
0.22477412	13.03452763	-0.33499321	0.22455316	13.03457605	-0.33522375
0.28089743	12.46239498	-0.21367260	0.28062427	12.46244316	-0.21397455
0.11643191	13.10242964	-0.37757552	0.11623481	13.10248229	-0.37785847
0.20870302	13.08089746	-0.49552319	0.20856639	13.08095565	-0.49575993
0.24752692	12.61545236	-0.25426226	0.24727523	12.61549472	-0.25452478
0.16577324	12.94137286	-0.51629481	0.16564665	12.94143228	-0.51655811
0.27823878	12.89368390	-0.83724984	0.27822687	12.89372542	-0.83743369
0.28480671	12.84283947	-0.84009525	0.28479337	12.84287776	-0.84026641
0.22997652	13.02555977	-0.55121793	0.22986613	13.02561918	-0.55144601
0.36945102	12.80154686	-0.20402370	0.36917082	12.80159137	-0.20420016
0.49418976	12.59428271	-0.43744712	0.49404949	12.59433009	-0.43755727
0.30582524	12.76245092	-0.89146369	0.30581942	12.76247326	-0.89159268
0.16072071	12.96858017	-0.65135876	0.16065102	12.96863968	-0.65161928
0.38274181	12.37878907	-0.23364225	0.38251381	12.37884955	-0.23388590
0.35201939	12.48643518	-0.32195864	0.35182933	12.48648125	-0.32218715
0.18868326	12.87108302	-0.19466860	0.18838695	12.87111893	-0.19493558
0.38976808	12.73117529	-0.91218762	0.38976307	12.73119198	-0.91226120
0.29740684	12.79525063	-0.85354403	0.29739580	12.79528381	-0.85369374
0.14181600	13.11700408	-0.28823031	0.14156756	13.11704774	-0.28849846
0.40819897	12.60879644	-0.25402377	0.40795884	12.60884128	-0.25419435
0.21545592	12.86328779	-0.77718347	0.21542788	12.86333494	-0.77740221
0.42792408	12.71504715	-0.82986463	0.42791018	12.71508316	-0.82994928
0.82739887	12.74636769	-0.86844732	0.82738315	12.74640727	-0.86844917
0.56673735	12.79249560	-0.92944117	0.56674192	12.79252180	-0.92950313
0.33388368	12.68838520	-0.20648337	0.33360881	12.68842855	-0.20669121
0.24411857	12.76530045	-0.18942476	0.24382574	12.76533639	-0.18967067
