0.83915456	12.74554062	-0.41942033	0.83845033	12.74597947	-0.41926046
0.80842584	12.88344515	-0.44938414	0.80758046	12.88385752	-0.44926188
0.88706128	12.84239745	-0.54599662	0.88637449	12.84286372	-0.54579891
0.92090502	12.70945587	-0.53016607	0.92035615	12.70994636	-0.52992961
0.76535678	12.97341852	-0.51102981	0.76446350	12.97377791	-0.51095595
0.84786580	12.92781026	-0.59007867	0.84712316	12.92823584	-0.58992358
0.89894708	12.88510409	-0.64934775	0.89831519	12.88556468	-0.64914899
0.93828310	12.81567828	-0.64264222	0.93772264	12.81617438	-0.64240552
0.97401070	12.68683563	-0.64248398	0.97357791	12.68735410	-0.64220904
0.71558988	12.76791159	-1.16494880	0.71547570	12.76805366	-1.16490806
0.83818527	12.71925104	-1.14150623	0.83808837	12.71951829	-1.14137450
0.80478709	12.82593171	-1.07384886	0.80456309	12.82619309	-1.07375538
0.68247821	12.87045016	-1.09257707	0.68224587	12.87059965	-1.09258632
0.93897385	12.68743573	-1.07730124	0.93885790	12.68782227	-1.07709003
0.90397428	12.79849383	-1.01962949	0.90372811	12.79886125	-1.01945332
0.86304990	12.86687725	-0.96994442	0.86271457	12.86722217	-0.96980208
0.78408334	12.90676541	-0.98668867	0.78373565	12.90704536	-0.98661411
0.66176520	12.95109151	-0.99417592	0.66139560	12.95126339	-0.99420503
0.57904266	12.84128263	-0.21285463	0.57796524	12.84150199	-0.21296082
0.55885629	12.97787790	-0.26221040	0.55763716	12.97806510	-0.26236447
0.69546803	12.93131748	-0.35169480	0.69443676	12.93163942	-0.35168915
0.71888594	12.79219480	-0.30987162	0.71799934	12.79254293	-0.30982817
0.52790794	13.06307840	-0.34815256	0.52666598	13.06320965	-0.34835593
0.65878742	13.02063569	-0.42892033	0.65771990	13.02090021	-0.42896333
0.46393303	12.88030734	-1.06911790	0.46369763	12.88025979	-1.06930386
0.59135195	12.82731816	-1.13965207	0.59118962	12.82736132	-1.13972626
0.55886007	12.91994444	-1.06840160	0.55857969	12.91998936	-1.06851443
0.43313585	12.96298152	-0.99592854	0.43275469	12.96292129	-0.99616272
0.53620682	12.99521627	-0.96789105	0.53577001	12.99527073	-0.96803664
0.40943764	13.03284387	-0.89462616	0.40888086	13.03277461	-0.89490570
-0.03528219	12.98690961	-0.08259250	-0.03682955	12.98628901	-0.08349123
-0.16344375	12.99604687	-0.10633088	-0.16499168	12.99520572	-0.10741316
-0.16661219	13.06900441	-0.15358773	-0.16822096	13.06814428	-0.15469089
-0.04234489	13.07371213	-0.12745412	-0.04397687	13.07306365	-0.12838256
-0.28161542	12.99524762	-0.14405714	-0.28312425	12.99419223	-0.14531680
-0.28304024	13.05622250	-0.19303975	-0.28458514	13.05514951	-0.19431540
-0.28415911	13.09685646	-0.25892770	-0.28568395	13.09576407	-0.26021308
-0.16861906	13.11529131	-0.22021389	-0.17021381	13.11441093	-0.22132804
-0.04743738	13.12704879	-0.19389984	-0.04906832	13.12637401	-0.19484349
0.01657825	12.96909882	-0.60661690	0.01573842	12.96847222	-0.60741963
-0.00009593	13.03157522	-0.58211200	-0.00106456	13.03092724	-0.58295519
-0.08089175	13.03211212	-0.57219355	-0.08186733	13.03132217	-0.57314929
-0.06545053	12.97598858	-0.58712961	-0.06631504	12.97522244	-0.58805117
-0.02117244	13.08577028	-0.53532972	-0.02228828	13.08509243	-0.53621188
-0.10372168	13.07836637	-0.53717457	-0.10482287	13.07754179	-0.53817432
-0.19673900	13.06940440	-0.55434909	-0.19780021	13.06840995	-0.55548726
-0.17297621	13.02844776	-0.58961330	-0.17391581	13.02749014	-0.59070801
-0.15716326	12.97732554	-0.60637781	-0.15799077	12.97639250	-0.60743912
0.98636688	12.29722985	-0.66660271	0.98634394	12.29772231	-0.66628686
0.96907591	12.07777748	-0.68258256	0.96928578	12.07823617	-0.68229319
0.91387672	12.10308993	-0.54831306	0.91391669	12.10343318	-0.54808344
0.92556395	12.31125964	-0.53247616	0.92541791	12.31167892	-0.53221727
0.83370584	12.15095854	-0.42872766	0.83361976	12.15116944	-0.42858633
0.83835958	12.33554390	-0.40849715	0.83811512	12.33588463	-0.40831041
0.98241688	12.38602625	-1.13704931	0.98261977	12.38646740	-1.13676751
0.88705570	12.44462437	-1.20741181	0.88722426	12.44494385	-1.20720197
0.88512795	12.28509946	-1.23137214	0.88548885	12.28542151	-1.23113477
0.97804099	12.19475242	-1.15157134	0.97846260	12.19519865	-1.15127004
0.75838912	12.51841515	-1.23788655	0.75845444	12.51856154	-1.23776996
0.75695244	12.39817110	-1.26849095	0.75719047	12.39832164	-1.26834532
0.87465337	12.18024725	-1.23876375	0.87513899	12.18056025	-1.23851718
0.96127178	12.05992349	-1.14926195	0.96184384	12.06035808	-1.14896434
0.98914669	12.50676968	-0.65263294	0.98890565	12.50728921	-0.65232727
0.93052720	12.52248734	-0.52699263	0.93017384	12.52296081	-0.52672901
0.84418620	12.55062759	-0.40649308	0.84370991	12.55104633	-0.40630421
0.86836369	12.59064705	-1.18166544	0.86837702	12.59092839	-1.18149460
0.96760347	12.55010642	-1.11443874	0.96763334	12.55052167	-1.11418881
0.74281460	12.64605165	-1.20818019	0.74279993	12.64618713	-1.20809196
0.59181995	12.42551421	-0.22670369	0.59138479	12.42571782	-0.22670988
0.58712489	12.64144775	-0.20597075	0.58633283	12.64167014	-0.20603046
0.72290594	12.59260055	-0.29761664	0.72228542	12.59293273	-0.29754320
0.72064760	12.37687126	-0.30752768	0.72030818	12.37713798	-0.30744041
0.46824676	12.70319269	-1.15239692	0.46820837	12.70313479	-1.15245108
0.61205717	12.61456921	-1.21983016	0.61205604	12.61457412	-1.21982063
0.60816345	12.71904928	-1.18731132	0.60811173	12.71908130	-1.18732828
0.47185609	12.78733766	-1.12062234	0.47172754	12.78728820	-1.12074281
0.58579286	12.17596836	-0.30190653	0.58576082	12.17601013	-0.30190472
0.59279001	12.28468944	-0.26255835	0.59258283	12.28484274	-0.26253904
0.71982686	12.22034959	-0.33669945	0.71967431	12.22053407	-0.33663064
0.60196143	12.48614747	-1.25177147	0.60205167	12.48613030	-1.25177170
0.60748632	12.53374494	-1.24374486	0.60753286	12.53374209	-1.24374794
0.46265760	12.64756417	-1.16718142	0.46265263	12.64750714	-1.16720581
-0.02189622	12.70924298	-0.07891497	-0.02299498	12.70865622	-0.07971240
-0.17156714	12.77494958	-0.08885103	-0.17277170	12.77411048	-0.08988315
-0.16389095	12.89796995	-0.08724348	-0.16530173	12.89713701	-0.08829978
-0.02531801	12.86373689	-0.06963781	-0.02667881	12.86314150	-0.07049059
-0.30796986	12.82344819	-0.11559164	-0.30922926	12.82236354	-0.11684316
-0.29103684	12.91885418	-0.11996722	-0.29245071	12.91779294	-0.12122165
0.01601345	12.83922977	-0.63422447	0.01541016	12.83859728	-0.63499260
0.02046361	12.90490964	-0.62237188	0.01974754	12.90428768	-0.62315247
-0.06119570	12.91414553	-0.59582145	-0.06194939	12.91338321	-0.59672321
-0.06808811	12.84918115	-0.59929086	-0.06872951	12.84840276	-0.60018695
-0.15282475	12.92000678	-0.61403526	-0.15354358	12.91907889	-0.61507846
-0.16144862	12.85907897	-0.61243866	-0.16206891	12.85813480	-0.61348137
-0.04496505	12.41251552	-0.13098124	-0.04551659	12.41187755	-0.13169430
-0.18971643	12.62734619	-0.10582514	-0.19065101	12.62647546	-0.10682885
-0.03299894	12.53813607	-0.10152181	-0.03378796	12.53752740	-0.10227097
-0.34050341	12.61719374	-0.14649819	-0.34136493	12.61604973	-0.14772001
-0.32862365	12.70525903	-0.12685767	-0.32966445	12.70414016	-0.12809916
0.00760616	12.77269252	-0.64548206	0.00711665	12.77204296	-0.64624618
-0.08624267	12.78253548	-0.59608794	-0.08677828	12.78172096	-0.59699338
-0.10391149	12.75543615	-0.57603945	-0.10442517	12.75459285	-0.57696077
-0.18453530	12.79632369	-0.60015788	-0.18506454	12.79533791	-0.60122192
-0.40311635	12.98986645	-0.19470640	-0.40455608	12.98858198	-0.19615466
-0.39558666	13.03984326	-0.24076062	-0.39704786	13.03855615	-0.24220929
-0.51201323	12.98083222	-0.25246681	-0.51336469	12.97933328	-0.25408856
-0.49249343	13.02163424	-0.29355593	-0.49385585	13.02015654	-0.29515570
-0.47038657	13.05487828	-0.34383494	-0.47173409	13.05342710	-0.34540578
-0.38561157	13.07661807	-0.30009847	-0.38705188	13.07533315	-0.30153803
-0.27690476	13.02422148	-0.61028876	-0.27780148	13.02307292	-0.61154552
-0.26145481	12.97903556	-0.63468556	-0.26223506	12.97791144	-0.63591052
-0.29826500	13.06065232	-0.57039840	-0.29928607	13.05947145	-0.57169496
-0.39257928	13.05047639	-0.57996328	-0.39356924	13.04912197	-0.58140916
-0.37663201	13.01912189	-0.62438938	-0.37749803	13.01779103	-0.62580583
-0.36599235	12.98066942	-0.65778421	-0.36673466	12.97935604	-0.65918000
-0.26179593	12.93037241	-0.65010792	-0.26246694	12.92924581	-0.65132585
-0.37254638	12.94144765	-0.68230040	-0.37318120	12.94011957	-0.68370418
-0.38655285	12.90380254	-0.69625175	-0.38709442	12.90244947	-0.69767822
-0.27365143	12.88064103	-0.65435239	-0.27422496	12.87949274	-0.65558244
-0.55492819	12.87474201	-0.21156952	-0.55615064	12.87318242	-0.21322871
-0.57282384	12.75242021	-0.21650143	-0.57382009	12.75083003	-0.21814376
-0.64889339	12.78764290	-0.27509758	-0.64986426	12.78588781	-0.27687604
-0.63238188	12.88391863	-0.27476239	-0.63352657	12.88218975	-0.27655023
-0.57893268	12.64750653	-0.23316953	-0.57971999	12.64590061	-0.23477313
-0.65472308	12.70485854	-0.28651150	-0.65552912	12.70308988	-0.28825878
-0.70352291	12.77343117	-0.35762363	-0.70434357	12.77154435	-0.35948385
-0.69815365	12.82586541	-0.35210447	-0.69907621	12.82398781	-0.35397729
-0.68314871	12.88920046	-0.35395624	-0.68418344	12.88734550	-0.35582756
-0.46977204	12.63947135	-0.18399554	-0.47061755	12.63808392	-0.18542514
-0.46049555	12.73596887	-0.16552278	-0.46153815	12.73460161	-0.16698030
-0.44050919	12.85569321	-0.15773654	-0.44177279	12.85435979	-0.15920578
-0.48254676	12.91804120	-0.70839656	-0.48309836	12.91650799	-0.70997438
-0.48894246	12.89086385	-0.71884277	-0.48942760	12.88931975	-0.72042990
-0.39816040	12.87031009	-0.69795515	-0.39863843	12.86893596	-0.69939982
-0.56944988	12.92212132	-0.68945315	-0.57003853	12.92041757	-0.69116626
-0.57364816	12.89523617	-0.70406682	-0.57416389	12.89352552	-0.70578626
-0.40882540	12.85343452	-0.68754208	-0.40929090	12.85204294	-0.68900233
-0.29262936	12.83220977	-0.64633666	-0.29313071	12.83102923	-0.64758926
0.89240440	12.89113185	-0.90094398	0.89198923	12.89152270	-0.90077429
0.79131887	12.95699963	-0.88881910	0.79083751	12.95730861	-0.88873425
0.90720183	12.90646816	-0.81205362	0.90668926	12.90689702	-0.81186799
0.81068424	12.97794765	-0.78401116	0.81008477	12.97829817	-0.78390117
0.69830033	13.03245236	-0.74512319	0.69758846	13.03270231	-0.74511922
0.67147584	13.00700068	-0.87434441	0.67093472	13.00720695	-0.87436282
0.90698018	12.90337776	-0.71997484	0.90639611	12.90383036	-0.71977760
0.82594436	12.97029123	-0.67721213	0.82524241	12.97067811	-0.67708477
0.72919570	13.02200092	-0.61736633	0.72836397	13.02230299	-0.61733259
0.99781261	12.67848185	-0.98174942	0.99764615	12.67895606	-0.98148675
0.95792242	12.79981886	-0.93775319	0.95761715	12.80026195	-0.93752892
1.01950834	12.68004479	-0.86991551	1.01926478	12.68056277	-0.86962504
0.97623525	12.81021930	-0.84060213	0.97584368	12.81070411	-0.84035336
1.00922587	12.67980336	-0.75654022	1.00889249	12.68033467	-0.75624645
0.96880143	12.81045376	-0.74119684	0.96832669	12.81095436	-0.74094525
0.54954382	13.05100915	-0.83180048	0.54890381	13.05110066	-0.83193941
0.58290443	13.07822248	-0.68286864	0.58206508	13.07836307	-0.68298292
0.45565738	13.11591810	-0.60401240	0.45464227	13.11593127	-0.60429251
0.42268885	13.08719880	-0.75550589	0.42190677	13.08715027	-0.75579406
0.62017226	13.06870658	-0.54437307	0.61917716	13.06890528	-0.54445733
0.49230699	13.10830719	-0.46525330	0.49114059	13.10837657	-0.46549912
-0.40210358	13.06834174	-0.52233705	-0.40321128	13.06697815	-0.52380015
-0.48506167	13.04861405	-0.53566220	-0.48611740	13.04708878	-0.53725521
-0.46445165	13.03715431	-0.57769301	-0.46542233	13.03566166	-0.57925019
-0.41502212	13.07478066	-0.45950598	-0.41623631	13.07340490	-0.46099120
-0.50779435	13.05054603	-0.49142614	-0.50892058	13.04898524	-0.49305692
-0.59133752	13.02269604	-0.52123161	-0.59236915	13.02096660	-0.52299156
-0.55336158	13.02497953	-0.55338192	-0.55434874	13.02331781	-0.55508110
-0.51532729	13.02369887	-0.57916337	-0.51627221	13.02210784	-0.58080032
-0.44119650	13.07148221	-0.39957865	-0.44249076	13.07007072	-0.40110507
-0.52216900	13.04655786	-0.44020379	-0.52336269	13.04497920	-0.44185677
-0.53746943	13.03222480	-0.38935526	-0.53871251	13.03063091	-0.39103105
-0.58233044	13.01429239	-0.42200331	-0.58349424	13.01260428	-0.42374770
-0.59372238	13.01886130	-0.47075080	-0.59482129	13.01713803	-0.47251414
-0.03844076	13.12501854	-0.45370803	-0.03972520	13.12431632	-0.45462248
-0.12958636	13.11076288	-0.46716499	-0.13083817	13.10990365	-0.46821082
-0.04940464	13.14712910	-0.35861902	-0.05084895	13.14642065	-0.35955946
-0.15183727	13.12883721	-0.38102916	-0.15323465	13.12795346	-0.38211338
-0.25210177	13.10965171	-0.41312640	-0.25343267	13.10858204	-0.41435890
-0.22489142	13.09591951	-0.49109857	-0.22608866	13.09488503	-0.49228566
-0.05109210	13.14968679	-0.27148134	-0.05265575	13.14898905	-0.27242969
-0.16429511	13.13278081	-0.29738737	-0.16581310	13.13189116	-0.29849539
-0.27294339	13.11230717	-0.33383525	-0.27438955	13.11121624	-0.33510408
0.99941870	11.98206089	-1.05231848	1.00002889	11.98255384	-1.05200442
1.01956153	12.12729552	-1.05071081	1.01999771	12.12780328	-1.05037822
1.00138505	11.93767057	-0.94691581	1.00198325	11.93816822	-0.94660890
1.02493230	12.08474619	-0.93628128	1.02534364	12.08527092	-0.93594372
1.04048588	12.30270505	-0.92135953	1.04064851	12.30324154	-0.92101918
1.02984189	12.33645590	-1.03766832	1.03004197	12.33696360	-1.03734486
0.98148003	11.92125173	-0.82847498	0.98200718	11.92172366	-0.82819354
1.00703625	12.06975443	-0.81310845	1.00737415	12.07026278	-0.81278672
1.02540135	12.29210878	-0.79695818	1.02548754	12.29264092	-0.79661816
1.02248767	12.52215515	-1.01430869	1.02248864	12.52265108	-1.01401047
1.04004202	12.50561249	-0.89860726	1.03998272	12.50614487	-0.89828244
1.02729901	12.50078865	-0.77725629	1.02715660	12.50132801	-0.77692835
-0.65601334	12.91596066	-0.63797197	-0.65666486	12.91408916	-0.63981641
-0.66221374	12.88597534	-0.64974608	-0.66279123	12.88409194	-0.65159662
-0.71460038	12.90550126	-0.55871356	-0.71535054	12.90352100	-0.56064470
-0.72445429	12.86911674	-0.56453365	-0.72512623	12.86711781	-0.56647441
-0.66366202	12.86254139	-0.65097875	-0.66419354	12.86065612	-0.65282889
-0.71724789	12.89649758	-0.45639363	-0.71813821	12.89453985	-0.45832643
-0.73002518	12.85119285	-0.45711998	-0.73083067	12.84921339	-0.45905864
-0.73241705	12.81544044	-0.45861572	-0.73315613	12.81345833	-0.46054536
-0.31563897	13.08293811	-0.50848350	-0.31679149	13.08173598	-0.50981151
-0.33491569	13.09307501	-0.43641534	-0.33618849	13.09185118	-0.43777602
-0.36178246	13.09264516	-0.36619989	-0.36315698	13.09138714	-0.36760516
-0.61295701	12.93653250	-0.28770064	-0.61417888	12.93483244	-0.28947451
-0.53343772	12.94129843	-0.22434734	-0.53476113	12.93977136	-0.22599335
-0.66603764	12.92959111	-0.36332271	-0.66713280	12.92776375	-0.36518009
-0.64314314	12.95941225	-0.38017597	-0.64426766	12.95762131	-0.38200669
-0.59014483	12.96871090	-0.31203804	-0.59138776	12.96704258	-0.31378440
-0.41952288	12.93439840	-0.16737700	-0.42090779	12.93309494	-0.16883666
-0.47017540	12.94937041	-0.69014082	-0.47081305	12.94786038	-0.69170022
-0.45910782	12.98208036	-0.66209046	-0.45984857	12.98059145	-0.66363390
-0.54341070	12.98004571	-0.64587910	-0.54417277	12.97839341	-0.64755595
-0.55860446	12.95121980	-0.67176849	-0.55927437	12.94953698	-0.67346644
-0.67423986	12.96334822	-0.54707837	-0.67511946	12.96145014	-0.54895717
-0.69808899	12.93547158	-0.55342314	-0.69890527	12.93352504	-0.55533426
-0.64281481	12.94455200	-0.62526396	-0.64354017	12.94270681	-0.62709134
-0.62254116	12.97217769	-0.60746232	-0.62334681	12.97037419	-0.60926162
-0.64271840	12.99305916	-0.53806759	-0.64366868	12.99122506	-0.53990258
-0.59596307	12.99916948	-0.58041695	-0.59686104	12.99742150	-0.58217934
-0.52607678	13.00631957	-0.60661993	-0.52694707	13.00470336	-0.60827122
-0.70026575	12.92992872	-0.45906226	-0.70121648	12.92800201	-0.46097662
-0.67625111	12.95833045	-0.46497168	-0.67724707	12.95644831	-0.46685392
-0.61112205	12.99080293	-0.40445577	-0.61226869	12.98906499	-0.40624221
-0.64289973	12.98884393	-0.47393604	-0.64393916	12.98702397	-0.47577128
-0.56258374	13.00347206	-0.34627120	-0.56383814	13.00184371	-0.34798212
-0.45650373	13.01318027	-0.62223334	-0.45736308	13.01169710	-0.62377452
0.15857134	13.12079541	-0.20019250	0.15699258	13.12044723	-0.20085712
0.12943722	13.15812105	-0.28629331	0.12790530	13.15771427	-0.28699825
0.15749428	13.14641591	-0.30053980	0.15600486	13.14605189	-0.30120543
0.19086656	13.10799303	-0.21116861	0.18932812	13.10769386	-0.21178839
0.11017433	13.16393897	-0.38184022	0.10875441	13.16348765	-0.38256752
0.13665050	13.15294338	-0.39834047	0.13527366	13.15253297	-0.39902914
0.16235027	13.13751482	-0.31040950	0.16088949	13.13715730	-0.31106678
0.19547103	13.09961563	-0.21742745	0.19395547	13.09932315	-0.21803932
0.16884675	13.14532104	-0.31143943	0.16737822	13.14497239	-0.31208991
0.20066382	13.10626206	-0.21227022	0.19913397	13.10597709	-0.21287673
0.15089346	13.15118322	-0.41531303	0.14954474	13.15079296	-0.41598263
0.19493250	13.15775969	-0.44088697	0.19360806	13.15743454	-0.44150496
0.21535915	13.15129360	-0.32869365	0.21391455	13.15100950	-0.32928333
0.24656396	13.11030659	-0.22235901	0.24504795	13.11008561	-0.22290832
0.23561042	12.93672841	-0.07685940	0.23417509	12.93652685	-0.07738916
0.19728001	13.05206599	-0.12423434	0.19571793	13.05179228	-0.12483769
0.23378039	13.03981901	-0.13488430	0.23225626	13.03959754	-0.13543751
0.27551425	12.92403042	-0.08919565	0.27412001	12.92388609	-0.08967024
0.24401698	13.03801010	-0.13517841	0.24249943	13.03780343	-0.13571816
0.28676869	12.92229766	-0.09238106	0.28538435	12.92216841	-0.09284169
0.28927897	13.03732586	-0.14176747	0.28777823	13.03718576	-0.14224944
0.33070401	12.91522442	-0.09749025	0.32934301	12.91515658	-0.09789706
0.35979874	12.72649933	-0.09904371	0.35873255	12.72647757	-0.09936421
0.31948404	12.73956013	-0.09548543	0.31838834	12.73948320	-0.09585656
0.38190411	12.53070290	-0.12730541	0.38118419	12.53071188	-0.12753500
0.34380594	12.55426223	-0.12355712	0.34303862	12.55421830	-0.12383618
0.30801258	12.74161347	-0.09098654	0.30690549	12.74152218	-0.09137079
0.33149437	12.55693226	-0.11889039	0.33071447	12.55687330	-0.11918386
0.28529798	12.57016701	-0.10179439	0.28447149	12.57004643	-0.10214874
0.26546981	12.75844085	-0.07589536	0.26431325	12.75829002	-0.07633776
0.26214959	12.77968285	-0.92723609	0.26191879	12.77944095	-0.92757675
0.25048196	12.84982694	-0.90395421	0.25014030	12.84956743	-0.90435283
0.23018613	12.85567521	-0.84565468	0.22978301	12.85538869	-0.84609471
0.24248184	12.79494799	-0.86804066	0.24217796	12.79467617	-0.86843466
0.23300830	12.92190559	-0.85542278	0.23253280	12.92162649	-0.85588500
0.21191847	12.92032841	-0.80053295	0.21137699	12.92001936	-0.80103517
0.21801826	12.91618600	-0.78256019	0.21745841	12.91588343	-0.78305647
0.24291008	12.80093267	-0.84747083	0.24258093	12.80066113	-0.84787441
0.21356851	12.85564510	-0.83182408	0.21315507	12.85532343	-0.83230046
0.22011499	12.79831352	-0.85380034	0.21980322	12.79800091	-0.85424475
0.20052109	12.91945622	-0.79100957	0.19996885	12.91912073	-0.79153201
0.15920720	12.93074895	-0.77755444	0.15862006	12.93034636	-0.77814247
0.16943257	12.86334678	-0.81460602	0.16898868	12.86295740	-0.81515128
0.17314679	12.79971398	-0.83461563	0.17281155	12.79932678	-0.83513300
0.26898077	12.70909172	-0.95049078	0.26886511	12.70883598	-0.95075632
0.25179415	12.73366772	-0.89093631	0.25159412	12.73340453	-0.89128265
0.25290961	12.74949808	-0.86903863	0.25267254	12.74923701	-0.86940488
0.27161062	12.71331661	-0.88103189	0.27143400	12.71308486	-0.88134490
0.23070088	12.74060863	-0.87943271	0.23049513	12.74030594	-0.87983631
0.18178873	12.73195697	-0.86316450	0.18158339	12.73157502	-0.86364996
0.27487812	12.32931247	-0.16684026	0.27452099	12.32916307	-0.16707928
0.29022106	12.42656676	-0.13411015	0.28966652	12.42645154	-0.13438435
0.33842379	12.42543938	-0.14952549	0.33790127	12.42539458	-0.14973999
0.32591600	12.35499281	-0.18122221	0.32555173	12.35491570	-0.18140145
0.34228381	12.43803587	-0.15689353	0.34175031	12.43799218	-0.15711053
0.35244732	12.41862216	-0.15427922	0.35194846	12.41859752	-0.15447604
0.34169194	12.34944441	-0.18719981	0.34137987	12.34939504	-0.18734277
0.39066763	12.38584678	-0.16176276	0.39024360	12.38588338	-0.16190545
0.10108172	13.13749486	-0.48696797	0.09983384	13.13701398	-0.48769353
0.13120998	13.12483814	-0.50084849	0.12999806	13.12440963	-0.50153952
0.10599261	13.08551023	-0.59659879	0.10494152	13.08505517	-0.59734586
0.14106640	13.07124144	-0.60776878	0.14003809	13.07085361	-0.60849107
0.14343854	13.11384634	-0.50759397	0.14225165	13.11344010	-0.50827269
0.14913990	13.12032478	-0.50761447	0.14794485	13.11992704	-0.50828460
0.15949599	13.06536420	-0.60491345	0.15845910	13.06501640	-0.60563595
0.18509755	13.07037326	-0.64641560	0.18408690	13.07005755	-0.64715619
0.18461518	13.12652579	-0.54009013	0.18345236	13.12617881	-0.54072392
0.20841059	12.99813715	-0.75684710	0.20771784	12.99781964	-0.75739076
0.18466138	12.99400090	-0.71069651	0.18388486	12.99366809	-0.71130838
0.16996272	12.99641348	-0.71008572	0.16917622	12.99604714	-0.71070922
0.13085544	13.01012319	-0.69967056	0.13002998	13.00968632	-0.70035045
0.37316413	13.09447166	-0.27365324	0.37176043	13.09442161	-0.27404338
0.40874782	13.01528936	-0.18828126	0.40736226	13.01530551	-0.18861573
0.43901138	12.88527104	-0.14019488	0.43776652	12.88533921	-0.14046794
0.30425156	12.98851427	-0.87213730	0.30371992	12.98832643	-0.87252619
0.33077276	12.91037229	-0.95928540	0.33040727	12.91021479	-0.95960698
0.28256037	13.05812600	-0.76202383	0.28180881	13.05790738	-0.76247444
0.11517307	12.96223104	-0.07381267	0.11367665	12.96184809	-0.07450557
0.09209723	13.06564401	-0.11978039	0.09049106	13.06521116	-0.12052470
0.07037636	13.12814024	-0.19074684	0.06875930	13.12765550	-0.19152977
0.07241766	13.02307894	-0.64038287	0.07151940	13.02254750	-0.64112584
0.05025213	13.08917204	-0.56365065	0.04916537	13.08861691	-0.56444764
0.09451826	12.95087347	-0.69346115	0.09380137	12.95037657	-0.69415127
0.45739294	12.69012375	-0.13778392	0.45643906	12.69022047	-0.13798357
0.47186936	12.48035047	-0.16427048	0.47128045	12.48046238	-0.16440061
0.34215403	12.82932178	-1.01019939	0.34193219	12.82917628	-1.01044951
0.34469722	12.75360073	-1.03766632	0.34457396	12.75343362	-1.03785189
0.47756663	12.34186799	-0.20056948	0.47727552	12.34197946	-0.20061752
0.34507759	12.69336378	-1.05477768	0.34504861	12.69319138	-1.05489898
0.14657578	12.47197326	-0.11393793	0.14590886	12.47163868	-0.11442364
0.14895107	12.62856522	-0.08603330	0.14800005	12.62824247	-0.08657753
0.10239533	12.74918644	-0.76028189	0.10205050	12.74868855	-0.76090060
0.10068524	12.81816595	-0.73753957	0.10021635	12.81767080	-0.73817879
0.13625360	12.80800646	-0.06738165	0.13499499	12.80766435	-0.06800392
0.10089515	12.88406487	-0.72055601	0.10031130	12.88357631	-0.72121678
0.31117030	13.14406396	-0.51420925	0.30997539	13.14389607	-0.51468192
0.28626828	13.11464248	-0.64235892	0.28523708	13.11445203	-0.64287126
0.34019904	13.13743117	-0.38698248	0.33886626	13.13731793	-0.38741868
0.04305018	13.16051662	-0.36371106	0.04160316	13.15995887	-0.36452767
0.04138409	13.13576417	-0.46581187	0.04010638	13.13519014	-0.46662265
0.05335644	13.15871888	-0.27210603	0.05179340	13.15819254	-0.27291409
0.88536122	11.97190349	-0.58185801	0.88558319	11.97221020	-0.58172969
0.81676000	12.01719950	-0.47386000	0.81676000	12.01719950	-0.47386000
0.92768405	11.94559229	-0.70897952	0.92806956	11.94600058	-0.70876483
0.91405440	12.01199345	-0.71390784	0.91436828	12.01239360	-0.71369113
0.87638393	12.05804301	-0.62824507	0.87655447	12.05838423	-0.62806727
0.80568493	12.11876913	-0.52605941	0.80570817	12.11898923	-0.52592120
0.96262481	11.93836990	-0.83226913	0.96313385	11.93882120	-0.83200272
0.98304165	11.95430621	-0.94312157	0.98361656	11.95478234	-0.94282637
0.94897197	12.07190886	-0.92708894	0.94939260	12.07234999	-0.92680528
0.93368852	12.04183753	-0.80988311	0.93405562	12.04226727	-0.80963208
0.98260540	11.99616462	-1.03625038	0.98318810	11.99663744	-1.03594586
0.94760369	12.06983072	-1.12368790	0.94814933	12.07025214	-1.12339792
0.92323180	12.13223703	-1.10176749	0.92369397	12.13263072	-1.10149328
0.94677592	12.10625647	-1.02496186	0.94721928	12.10668601	-1.02467516
0.86579484	12.18601448	-1.21596912	0.86626146	12.18632036	-1.21572745
0.74717652	12.33441638	-1.26834431	0.74749763	12.33455724	-1.26818479
0.75004941	12.36329402	-1.19680313	0.75029737	12.36345921	-1.19665178
0.86264781	12.23222714	-1.15355515	0.86302672	12.23254076	-1.15332101
0.60239952	12.48233172	-1.23763745	0.60248681	12.48231680	-1.23763754
0.47132423	12.61242321	-1.15315236	0.47133602	12.61237642	-1.15316845
0.49420000	12.61570000	-1.07906000	0.49420000	12.61570000	-1.07906000
0.61447000	12.50220000	-1.16283000	0.61447000	12.50220000	-1.16283000
0.38325367	12.64526406	-1.05089815	0.38326581	12.64516661	-1.05094651
0.33187831	12.64477966	-0.95928878	0.33186629	12.64461486	-0.95939916
0.37140000	12.64100070	-0.89641000	0.37140000	12.64100070	-0.89641000
0.41679000	12.64250090	-0.98287004	0.41679000	12.64250090	-0.98287004
0.31198078	12.67683587	-0.90201234	0.31186929	12.67666114	-0.90221813
0.30675492	12.70468395	-0.87564064	0.30657991	12.70451432	-0.87589280
0.33422618	12.69361693	-0.81796397	0.33400846	12.69348848	-0.81819284
0.34421976	12.66877240	-0.84427678	0.34404815	12.66867831	-0.84444875
0.29819973	12.69172821	-0.87981988	0.29805641	12.69154261	-0.88009059
0.25463470	12.68055545	-0.85188737	0.25447937	12.68028325	-0.85224605
0.29345338	12.67921116	-0.78158580	0.29321121	12.67900633	-0.78189634
0.33335438	12.68219247	-0.81669388	0.33315713	12.68206172	-0.81692921
0.14501971	12.71485124	-0.72700170	0.14468387	12.71442163	-0.72755359
0.00939760	12.76711360	-0.58962798	0.00885624	12.76646946	-0.59038965
0.01169362	12.80562792	-0.51314243	0.01100063	12.80500316	-0.51391050
0.16731380	12.73118087	-0.65148532	0.16687029	12.73079036	-0.65201443
-0.10916014	12.80846666	-0.52895827	-0.10982638	12.80762958	-0.52990279
-0.21728081	12.83842500	-0.53448732	-0.21797720	12.83739921	-0.53561087
-0.22266076	12.90738600	-0.47482058	-0.22355437	12.90636089	-0.47596461
-0.11325081	12.86854197	-0.45942697	-0.11410534	12.86771333	-0.46039362
-0.32218050	12.85658246	-0.59569118	-0.32280381	12.85535796	-0.59699641
-0.42026898	12.86557724	-0.66459642	-0.42079097	12.86416535	-0.66607453
-0.43798417	12.89347321	-0.61329806	-0.43863500	12.89203098	-0.61479960
-0.33323044	12.90999398	-0.54127972	-0.33402813	12.90875689	-0.54260524
-0.50813390	12.86741386	-0.69369375	-0.50861229	12.86583272	-0.69530925
-0.58794442	12.86291728	-0.68281656	-0.58842815	12.86117996	-0.68455672
-0.58762022	12.86562023	-0.64746477	-0.58816242	12.86388349	-0.64920059
-0.53116153	12.87520916	-0.64580264	-0.53172704	12.87358292	-0.64745145
-0.66256280	12.85391380	-0.63206663	-0.66310555	12.85203160	-0.63391333
-0.71251254	12.83746833	-0.55301369	-0.71314231	12.83549561	-0.55493045
-0.67599219	12.85439177	-0.52447088	-0.67669700	12.85249507	-0.52633138
-0.63783614	12.86371447	-0.60088775	-0.63844265	12.86188211	-0.60269657
-0.71817330	12.81075227	-0.45773758	-0.71890509	12.80879712	-0.45964269
-0.69157067	12.76484050	-0.36738227	-0.69236077	12.76297143	-0.36921959
-0.66992681	12.77167967	-0.38010203	-0.67070890	12.76984483	-0.38190851
-0.68223455	12.81769059	-0.44077081	-0.68300361	12.81580801	-0.44262017
-0.64438275	12.69159969	-0.30318260	-0.64513946	12.68984152	-0.30490642
-0.57040514	12.63260313	-0.25329006	-0.57113711	12.63100254	-0.25487191
-0.55344350	12.69193506	-0.28480628	-0.55422794	12.69035125	-0.28639156
-0.62967451	12.73379356	-0.33581504	-0.63045589	12.73204900	-0.33753823
-0.46385737	12.62981547	-0.20470727	-0.46465393	12.62842940	-0.20612249
-0.33678089	12.61167753	-0.16706708	-0.33760342	12.61053181	-0.16828115
-0.31956052	12.66544248	-0.19612422	-0.32042953	12.66431478	-0.19733569
-0.44560979	12.68738717	-0.23477833	-0.44646067	12.68602005	-0.23619242
-0.19832403	12.50996007	-0.15083480	-0.19900227	12.50905885	-0.15180254
-0.04740453	12.39692701	-0.15464530	-0.04789895	12.39627440	-0.15535394
-0.04569871	12.46633387	-0.18638147	-0.04626122	12.46567216	-0.18711910
-0.18745817	12.57260276	-0.18007642	-0.18819761	12.57170800	-0.18105474
0.11527740	12.33923623	-0.17148815	0.11489702	12.33883164	-0.17194768
0.24469624	12.32252532	-0.19402033	0.24438203	12.32231477	-0.19429587
0.22418706	12.38122232	-0.24722265	0.22384480	12.38095075	-0.24755853
0.10519296	12.40589789	-0.21379928	0.10476303	12.40545938	-0.21430732
0.29485059	12.35700311	-0.21461478	0.29451966	12.35685719	-0.21483581
0.27958963	12.43999415	-0.28534242	0.27918766	12.43979390	-0.28563236
0.27187348	12.41217711	-0.27129584	0.27150611	12.41196918	-0.27158226
0.30797087	12.34643445	-0.22646796	0.30769219	12.34629337	-0.22664359
0.34620000	12.27620000	-0.23202000	0.34620000	12.27620000	-0.23202000
0.31484417	12.33251698	-0.29356844	0.31462789	12.33234493	-0.29373073
0.27978892	12.39787306	-0.28566192	0.27945021	12.39766062	-0.28591675
0.44425997	12.21770000	-0.27141000	0.44425997	12.21770000	-0.27141000
0.57587000	12.16340070	-0.32883000	0.57587000	12.16340070	-0.32883000
0.56679158	12.24529279	-0.38279661	0.56668631	12.24536742	-0.38278390
0.42441442	12.28700753	-0.32919794	0.42428013	12.28697743	-0.32926412
0.70622003	12.08180000	-0.39380000	0.70622003	12.08180000	-0.39380000
0.69813660	12.18483383	-0.44628036	0.69807861	12.18499247	-0.44620986
0.76521303	12.39700727	-1.04613410	0.76535262	12.39724006	-1.04598831
0.86974598	12.24992874	-1.04316077	0.87004213	12.25027194	-1.04292764
0.78300784	12.38189149	-0.85770889	0.78305617	12.38217494	-0.85754699
0.87772089	12.22947574	-0.90261683	0.87795050	12.22984804	-0.90238249
0.79482697	12.26817536	-0.66961270	0.79484364	12.26847350	-0.66944350
0.87684629	12.15627730	-0.75054747	0.87704150	12.15665703	-0.75032785
0.53184542	12.60971429	-0.90414624	0.53175682	12.60977797	-0.90417133
0.64674758	12.52431980	-0.99020058	0.64674377	12.52443795	-0.99015162
0.56061522	12.54135031	-0.69291018	0.56040538	12.54144062	-0.69294128
0.67565475	12.48257300	-0.78063098	0.67556122	12.48276534	-0.78055953
0.56634577	12.38964751	-0.51178127	0.56615510	12.38974166	-0.51179243
0.68961140	12.34472495	-0.58791844	0.68950329	12.34492980	-0.58783032
-0.23440174	12.90304766	-0.39011307	-0.23540467	12.90201799	-0.39127230
-0.12787838	12.86205576	-0.37274577	-0.12883218	12.86121496	-0.37373405
-0.25591566	12.84542604	-0.30340067	-0.25694131	12.84437950	-0.30457798
-0.14843351	12.79790406	-0.28830315	-0.14939895	12.79704830	-0.28930423
-0.02936618	12.73239945	-0.32155576	-0.03017949	12.73173282	-0.32236437
-0.00614030	12.79828120	-0.41748260	-0.00693819	12.79764389	-0.41827488
-0.28874931	12.75489617	-0.24033943	-0.28970699	12.75380854	-0.24153737
-0.16980950	12.68453891	-0.22540042	-0.17066935	12.68366164	-0.22639612
-0.04101679	12.60054657	-0.24367465	-0.04171955	12.59987684	-0.24445712
-0.56844316	12.89546215	-0.56525424	-0.56916597	12.89377046	-0.56695713
-0.60342650	12.88919130	-0.47389798	-0.60427541	12.88744780	-0.47564824
-0.50217858	12.91152614	-0.41171824	-0.50316375	12.90999520	-0.41330901
-0.46796639	12.92417013	-0.51697243	-0.46881839	12.92268246	-0.51851648
-0.61953607	12.81733251	-0.39451913	-0.62037512	12.81558395	-0.39626580
-0.53099001	12.80949499	-0.33499640	-0.53190383	12.80793358	-0.33659594
-0.35261713	12.92531448	-0.44787088	-0.35357788	12.92405851	-0.44922450
-0.37998795	12.89020517	-0.34929942	-0.38102842	12.88892218	-0.35068509
-0.41462181	12.79254129	-0.28036259	-0.41558756	12.79121286	-0.28177013
0.28677147	12.63790455	-0.65823266	0.28644636	12.63767208	-0.65857830
0.32906427	12.63530493	-0.68077447	0.32876843	12.63513624	-0.68106221
0.25947914	12.57116193	-0.50862970	0.25910624	12.57089552	-0.50900424
0.30600797	12.57102212	-0.51777752	0.30564326	12.57082511	-0.51809538
0.30952472	12.58916007	-0.50219055	0.30911397	12.58896910	-0.50250421
0.32955031	12.64965210	-0.67240783	0.32922015	12.64948352	-0.67269383
0.33737947	12.63208874	-0.69465744	0.33708677	12.63192785	-0.69492763
0.31246915	12.57485950	-0.51677449	0.31209052	12.57466973	-0.51707873
0.34579796	12.55541337	-0.55657841	0.34547872	12.55526171	-0.55684012
0.36793259	12.61362311	-0.74419025	0.36770429	12.61349148	-0.74441175
0.32087386	12.44053112	-0.40367790	0.32056261	12.44035220	-0.40392167
0.28720561	12.48726698	-0.38164759	0.28681349	12.48705721	-0.38195241
0.28132581	12.49147623	-0.37703693	0.28093399	12.49126248	-0.37735612
0.23396360	12.47636761	-0.36142833	0.23358372	12.47608019	-0.36179807
0.43986826	12.55530818	-0.61674398	0.43958871	12.55527105	-0.61690223
0.43582577	12.62203419	-0.81770429	0.43567452	12.62199643	-0.81781740
0.42862054	12.41349793	-0.44863269	0.42837640	12.41345215	-0.44875651
0.12745368	12.63745514	-0.41990294	0.12689725	12.63701425	-0.42047112
0.15422367	12.70782491	-0.54236971	0.15369722	12.70741534	-0.54291651
0.10958901	12.52068728	-0.30333353	0.10908591	12.52023006	-0.30388497
0.14328464	13.14346695	-0.41045028	0.14193942	13.14306606	-0.41112801
0.23737439	13.03351163	-0.14189125	0.23587095	13.03329417	-0.14243828
0.27816551	12.92058238	-0.09848849	0.27678998	12.92043947	-0.09895868
0.31071673	12.74083821	-0.10141064	0.30962547	12.74074747	-0.10179117
0.33478182	12.56116726	-0.12874748	0.33400778	12.56110843	-0.12903871
0.23377400	12.85510827	-0.82476604	0.23334943	12.85482526	-0.82520794
0.33123058	12.37703692	-0.18875062	0.33084504	12.37696290	-0.18893553
0.15833215	13.05990107	-0.60688737	0.15731622	13.05954577	-0.60759518
0.18804872	12.98886961	-0.70344641	0.18726923	12.98853969	-0.70404359
0.89959749	11.96675594	-0.56826174	0.89981154	11.96707110	-0.56812255
0.82688354	12.01987059	-0.45661682	0.82686370	12.01987664	-0.45661318
0.94525195	11.93154112	-0.70019032	0.94564619	11.93196621	-0.69996283
0.75081473	12.33297497	-1.28379978	0.75114696	12.33311631	-1.28363750
0.46167547	12.61797552	-1.16693423	0.46168715	12.61792055	-1.16695694
0.35386302	12.65500241	-1.06032123	0.35386846	12.65485398	-1.06040659
0.28689623	12.65783652	-0.96417140	0.28686444	12.65760107	-0.96435569
0.27082841	12.68838269	-0.90497335	0.27070409	12.68814005	-0.90524454
0.25415222	12.69954191	-0.89342788	0.25403616	12.69927227	-0.89378330
0.20562764	12.68431651	-0.87668048	0.20550767	12.68396507	-0.87711954
0.11439144	12.70527162	-0.76471249	0.11411557	12.70478973	-0.76530421
0.00291930	12.73770069	-0.63696397	0.00247519	12.73704030	-0.63772888
-0.20787538	12.77505254	-0.57476891	-0.20840894	12.77403252	-0.57586609
-0.31129612	12.81438268	-0.62634561	-0.31179982	12.81317301	-0.62762678
-0.49537603	12.87250401	-0.71583039	-0.49583143	12.87094759	-0.71742649
-0.57774558	12.87426740	-0.70529215	-0.57821809	12.87254943	-0.70701856
-0.72474594	12.84151548	-0.56468628	-0.72536513	12.83951662	-0.56662415
-0.20097173	12.51982376	-0.12891629	-0.20169619	12.51892692	-0.12989212
0.13231555	12.35548454	-0.14666901	0.13187674	12.35511808	-0.14711459
0.30227601	12.38463564	-0.22729674	0.30191653	12.38449315	-0.22752091
0.38090118	12.29588627	-0.19585979	0.38078972	12.29592177	-0.19587510
0.46761073	12.23895840	-0.23937438	0.46754446	12.23900516	-0.23938170
0.71374330	12.09246374	-0.37178176	0.71372620	12.09249230	-0.37177929
0.28745754	12.51470866	-0.37517781	0.28702383	12.51450523	-0.37549552
0.57365864	12.78219864	-0.54453913	0.57303371	12.78234499	-0.54460837
0.28951379	12.98994671	-0.54198544	0.28856815	12.98976250	-0.54243957
0.01510849	12.99211993	-0.27843025	0.01382196	12.99153601	-0.27925236
0.08253228	13.07560409	-0.32344018	0.08117568	13.07512007	-0.32418979
0.30321255	12.87081113	-0.30438584	0.30216919	12.87067197	-0.30480105
0.01460341	12.96348324	-0.43681936	0.01356496	12.96287809	-0.43762937
0.10640238	13.04305143	-0.43257280	0.10523933	13.04259212	-0.43328142
0.35807509	12.82382629	-0.70075857	0.35755686	12.82372407	-0.70104630
0.13779698	13.02909801	-0.19359235	0.13635455	13.02872210	-0.19426457
0.21366442	12.81155233	-0.80384627	0.21327293	12.81123470	-0.80430891
0.31966492	12.75875643	-0.53898832	0.31905018	12.75859067	-0.53933417
0.32192299	12.88540976	-0.84984222	0.32149154	12.88525917	-0.85017405
0.38616227	12.43837445	-0.24935125	0.38572551	12.43834078	-0.24953511
0.22793194	13.04682955	-0.46037052	0.22679854	13.04656191	-0.46093024
0.47008642	12.68676233	-0.67133032	0.46970601	12.68677344	-0.67146832
0.69273087	12.75404172	-0.77301571	0.69237606	12.75427948	-0.77296225
0.30884722	12.94300218	-0.21073769	0.30758201	12.94288220	-0.21117044
-0.44421218	12.89964951	-0.26489769	-0.44539524	12.89827320	-0.26638725
0.13351044	13.08100456	-0.26351421	0.13207423	13.08061017	-0.26420021
0.31247599	12.94608262	-0.69780720	0.31177968	12.94592116	-0.69819121
-0.53076049	12.89763491	-0.30612297	-0.53187967	12.89608347	-0.30775272
0.21049570	13.03185411	-0.34173712	0.20924405	13.03157029	-0.34231126
0.28092705	12.46087834	-0.20704787	0.28040335	12.46071249	-0.20734834
0.10077867	13.09669766	-0.38554457	0.09947001	13.09623420	-0.38627210
0.19308220	13.07638227	-0.50393350	0.19194961	13.07605840	-0.50455114
0.24309890	12.61346870	-0.25334087	0.24238394	12.61323468	-0.25375549
0.15398646	12.93561607	-0.52234962	0.15309913	12.93522886	-0.52297140
0.27052431	12.88860189	-0.84109296	0.27007573	12.88837717	-0.84149393
0.27824937	12.83805288	-0.84335099	0.27786755	12.83783954	-0.84372004
0.21523682	13.02146048	-0.55913070	0.21424475	13.02117553	-0.55971223
0.36019914	12.80314443	-0.20629725	0.35915047	12.80309594	-0.20663449
0.48951637	12.59541827	-0.43634357	0.48902312	12.59547190	-0.43646772
0.30172541	12.75868321	-0.89383530	0.30149305	12.75850945	-0.89411988
0.14877091	12.96178454	-0.65803768	0.14799855	12.96139020	-0.65866525
0.38447637	12.37824492	-0.22535354	0.38413199	12.37823618	-0.22549589
0.35002454	12.48528122	-0.31739284	0.34957662	12.48517623	-0.31763095
0.17805713	12.86916416	-0.19884802	0.17688009	12.86884923	-0.19942900
0.38671720	12.72984238	-0.91340879	0.38653911	12.72979450	-0.91355801
0.29206889	12.79096898	-0.85626542	0.29176075	12.79077726	-0.85658987
0.12568608	13.11297092	-0.29624324	0.12424020	13.11255811	-0.29694449
0.40330182	12.61012999	-0.25286148	0.40259132	12.61011850	-0.25309163
0.20749347	12.85670236	-0.78137394	0.20701693	12.85637964	-0.78186279
0.42411563	12.71387765	-0.83062033	0.42388109	12.71385640	-0.83076168
0.82280157	12.75071670	-0.86680562	0.82250152	12.75104717	-0.86666891
0.56267246	12.79344693	-0.92977849	0.56243594	12.79355380	-0.92983987
0.32738195	12.68895319	-0.20675900	0.32650241	12.68885368	-0.20709999
0.23586696	12.76457595	-0.19154675	0.23484665	12.76435091	-0.19202162
