0.83543833	12.74532847	-0.41520390	0.83454992	12.74579731	-0.41491249
0.80531253	12.88297667	-0.44500676	0.80429463	12.88340874	-0.44475473
0.88437871	12.84216821	-0.54165450	0.88355086	12.84266206	-0.54131595
0.91778769	12.70946745	-0.52596316	0.91709260	12.70999423	-0.52558328
0.76304761	12.97296165	-0.50667060	0.76200826	12.97333548	-0.50647786
0.84569906	12.92751652	-0.58575049	0.84483103	12.92796392	-0.58546307
0.89688461	12.88492826	-0.64503623	0.89614125	12.88541334	-0.64469875
0.93601618	12.81560614	-0.63831327	0.93534203	12.81613178	-0.63792990
0.97150051	12.68697165	-0.63822906	0.97095356	12.68752844	-0.63780300
0.71575177	12.76852710	-1.16236984	0.71564770	12.76868527	-1.16226131
0.83816226	12.71990152	-1.13834050	0.83806990	12.72019526	-1.13811071
0.80451084	12.82643491	-1.07053095	0.80427649	12.82671878	-1.07034310
0.68245580	12.87102591	-1.08972525	0.68222250	12.87119372	-1.08966923
0.93857681	12.68811419	-1.07362024	0.93845068	12.68853734	-1.07328494
0.90335219	12.79897835	-1.01585587	0.90308049	12.79937496	-1.01556049
0.86232283	12.86722878	-0.96618720	0.86195440	12.86759914	-0.96593181
0.78359896	12.90713314	-0.98320829	0.78322657	12.90743457	-0.98303896
0.66150637	12.95154294	-0.99112635	0.66112108	12.95173309	-0.99108883
0.57308862	12.84120896	-0.20934598	0.57171496	12.84145012	-0.20939047
0.55444204	12.97757197	-0.25828522	0.55296731	12.97777350	-0.25837440
0.69176703	12.93070959	-0.34738816	0.69052249	12.93104355	-0.34727638
0.71412290	12.79186655	-0.30585592	0.71299711	12.79223689	-0.30570732
0.52506308	13.06305847	-0.34387697	0.52361896	13.06320763	-0.34401464
0.65633813	13.02019103	-0.42452946	0.65510046	13.02046835	-0.42447430
0.46397406	12.88120255	-1.06703800	0.46374260	12.88117180	-1.06720990
0.59154811	12.82802167	-1.13725977	0.59139763	12.82807865	-1.13729146
0.55891638	12.92064779	-1.06587190	0.55863753	12.92070971	-1.06594663
0.43318980	12.96391829	-0.99364306	0.43280416	12.96387825	-0.99386871
0.53614409	12.99585473	-0.96514980	0.53569444	12.99592885	-0.96525985
0.40947845	13.03383845	-0.89205841	0.40890130	13.03379341	-0.89233304
-0.04255105	12.98939055	-0.08357740	-0.04447578	12.98881295	-0.08468865
-0.17030784	12.99922029	-0.10874823	-0.17221501	12.99843548	-0.11011772
-0.17250965	13.07236830	-0.15583776	-0.17444153	13.07157146	-0.15722399
-0.04859796	13.07640363	-0.12824731	-0.05057243	13.07580559	-0.12938552
-0.28797833	12.99918937	-0.14780333	-0.28982171	12.99820462	-0.14942249
-0.28848303	13.06033747	-0.19663484	-0.29032498	13.05934254	-0.19826482
-0.28858672	13.10118380	-0.26242141	-0.29036082	13.10017829	-0.26405723
-0.17344703	13.11887590	-0.22236935	-0.17531723	13.11806686	-0.22376425
-0.05260054	13.12997180	-0.19461521	-0.05452694	13.12935581	-0.19576753
0.01606358	12.97244713	-0.60663008	0.01515599	12.97188708	-0.60759308
-0.00042603	13.03487130	-0.58199297	-0.00146338	13.03429164	-0.58300073
-0.08170465	13.03602908	-0.57345052	-0.08274907	13.03531430	-0.57462812
-0.06643056	12.97986944	-0.58832937	-0.06736574	12.97917539	-0.58946530
-0.02188473	13.08899068	-0.53552419	-0.02308694	13.08838394	-0.53658740
-0.10470281	13.08232307	-0.53859370	-0.10588497	13.08157859	-0.53982905
-0.19768698	13.07401475	-0.55688386	-0.19881003	13.07311381	-0.55832029
-0.17374338	13.03302441	-0.59196596	-0.17473124	13.03215380	-0.59334367
-0.15804776	12.98188121	-0.60870541	-0.15892387	12.98102827	-0.61003857
0.98430337	12.29817475	-0.66318562	0.98420989	12.29873142	-0.66273191
0.96803791	12.07892233	-0.67990747	0.96822061	12.07945009	-0.67949910
0.91261773	12.10417276	-0.54595982	0.91261389	12.10457907	-0.54562845
0.92285671	12.31213289	-0.52918514	0.92260553	12.31261294	-0.52879893
0.83181710	12.15175713	-0.42664326	0.83165678	12.15201221	-0.42642221
0.83491861	12.33635338	-0.40544353	0.83453311	12.33674777	-0.40514830
0.98258296	12.38705161	-1.13357698	0.98281491	12.38754540	-1.13316027
0.88758012	12.44555302	-1.20444477	0.88778664	12.44591226	-1.20412554
0.88613067	12.28605986	-1.22855168	0.88656125	12.28642122	-1.22819789
0.97861391	12.19585081	-1.14833010	0.97909467	12.19634874	-1.14788735
0.75894820	12.51903833	-1.23594544	0.75904073	12.51920311	-1.23576178
0.75815750	12.39879542	-1.26658890	0.75845908	12.39896442	-1.26636580
0.87584291	12.18119989	-1.23611895	0.87641446	12.18155030	-1.23575552
0.96203400	12.06100023	-1.14626707	0.96268126	12.06147935	-1.14582546
0.98660272	12.50727036	-0.64867697	0.98626068	12.50784189	-0.64822169
0.92723729	12.52289772	-0.52311803	0.92674506	12.52341915	-0.52271340
0.83993359	12.55090374	-0.40277570	0.83927274	12.55136599	-0.40246304
0.86855129	12.59138194	-1.17866055	0.86858122	12.59169302	-1.17838802
0.96747983	12.55097925	-1.11082071	0.96751685	12.55143950	-1.11044061
0.74312283	12.64662095	-1.20572041	0.74312730	12.64677050	-1.20555926
0.58614025	12.42667400	-0.22452181	0.58546855	12.42693282	-0.22448283
0.57991173	12.64195507	-0.20312524	0.57880713	12.64221397	-0.20313315
0.71745380	12.59301784	-0.29424954	0.71659306	12.59339199	-0.29408464
0.71624882	12.37776134	-0.30484048	0.71572628	12.37808092	-0.30467258
0.46854962	12.70398700	-1.15166968	0.46852751	12.70393984	-1.15171842
0.61265343	12.61497030	-1.21895475	0.61267487	12.61498083	-1.21892247
0.60857174	12.71958068	-1.18572086	0.60853845	12.71962081	-1.18570194
0.47212044	12.78808813	-1.11913048	0.47200464	12.78805113	-1.11923866
0.58507734	12.17608768	-0.30154862	0.58501891	12.17613945	-0.30153667
0.58924185	12.28564750	-0.26095608	0.58889239	12.28584720	-0.26089620
0.71714338	12.22115440	-0.33477630	0.71688261	12.22138227	-0.33464639
0.60280239	12.48646599	-1.25177412	0.60292762	12.48644812	-1.25177122
0.60821231	12.53417000	-1.24358671	0.60828752	12.53417124	-1.24358568
0.46296368	12.64832929	-1.16688647	0.46297448	12.64828264	-1.16691152
-0.03048100	12.71125941	-0.08066163	-0.03197332	12.71070128	-0.08168292
-0.17973017	12.77791154	-0.09204853	-0.18132070	12.77711859	-0.09339015
-0.17153538	12.90101936	-0.08995969	-0.17332644	12.90023659	-0.09131121
-0.03344254	12.86605228	-0.07088707	-0.03519800	12.86549593	-0.07195551
-0.31556602	12.82735305	-0.12012835	-0.31719361	12.82633204	-0.12177252
-0.29809715	12.92273854	-0.12403513	-0.29986766	12.92174312	-0.12566290
0.01446151	12.84259262	-0.63479277	0.01377472	12.84201977	-0.63572718
0.01945243	12.90821827	-0.62255189	0.01866244	12.90765849	-0.62349282
-0.06254049	12.91802834	-0.59714851	-0.06337326	12.91733409	-0.59826266
-0.06991437	12.85313804	-0.60094276	-0.07064468	12.85242398	-0.60205498
-0.15402177	12.92459147	-0.61649459	-0.15479517	12.92373822	-0.61780672
-0.16307985	12.86372622	-0.61522735	-0.16376875	12.86285247	-0.61653857
-0.05342604	12.41465623	-0.13401706	-0.05432491	12.41403963	-0.13500249
-0.19827273	12.63033001	-0.10960450	-0.19958452	12.62950554	-0.11093779
-0.04153390	12.54011897	-0.10402319	-0.04269109	12.53953290	-0.10502007
-0.34882556	12.62133342	-0.15199337	-0.35004089	12.62025762	-0.15365001
-0.33669425	12.70927389	-0.13196842	-0.33810173	12.70821929	-0.13362797
0.00562579	12.77606854	-0.64633278	0.00504617	12.77547626	-0.64726755
-0.08859485	12.78661040	-0.59816144	-0.08923143	12.78585581	-0.59928469
-0.10671804	12.75960871	-0.57840663	-0.10734316	12.75882568	-0.57955150
-0.18675967	12.80109830	-0.60344448	-0.18737533	12.80018196	-0.60477929
-0.40886163	12.99467732	-0.19981443	-0.41060242	12.99347992	-0.20170485
-0.40052054	13.04476557	-0.24564297	-0.40224743	13.04357360	-0.24752141
-0.51710424	12.98648940	-0.25879847	-0.51871912	12.98508929	-0.26093815
-0.49687798	13.02730506	-0.29955386	-0.49846979	13.02593625	-0.30165047
-0.47399600	13.06057673	-0.34949408	-0.47553245	13.05924254	-0.35154128
-0.38963521	13.08166507	-0.30477149	-0.39129518	13.08048371	-0.30662937
-0.27755862	13.02955575	-0.61386459	-0.27847954	13.02850940	-0.61546913
-0.26211084	12.98436503	-0.63821967	-0.26290945	12.98333518	-0.63978198
-0.29916439	13.06598318	-0.57411617	-0.30022814	13.06491193	-0.57577394
-0.39347095	13.05644304	-0.58475884	-0.39448767	13.05521898	-0.58662722
-0.37721800	13.02512848	-0.62909602	-0.37808451	13.02392389	-0.63092472
-0.36645246	12.98672546	-0.66249166	-0.36718213	12.98553093	-0.66429128
-0.26258819	12.93577352	-0.65379715	-0.26327757	12.93473646	-0.65535197
-0.37298167	12.94764156	-0.68721462	-0.37359607	12.94642901	-0.68902248
-0.38709094	12.91013500	-0.70144600	-0.38761093	12.90889643	-0.70328126
-0.27472687	12.88615292	-0.65835354	-0.27532686	12.88509046	-0.65992223
-0.56109985	12.88053628	-0.21867793	-0.56262306	12.87906183	-0.22091433
-0.57966121	12.75833853	-0.22416092	-0.58095170	12.75682922	-0.22642815
-0.65486660	12.79422388	-0.28350203	-0.65607816	12.79255710	-0.28596974
-0.63777496	12.89040285	-0.28269319	-0.63917094	12.88876877	-0.28512033
-0.58621652	12.65351699	-0.24117040	-0.58727255	12.65199269	-0.24343790
-0.66107609	12.71152156	-0.29517368	-0.66209190	12.70983985	-0.29765965
-0.70864151	12.78061676	-0.36672278	-0.70961758	12.77882830	-0.36932927
-0.70301581	12.83300474	-0.36096093	-0.70411658	12.83123119	-0.36355301
-0.68760181	12.89627150	-0.36241949	-0.68881876	12.89453016	-0.36496713
-0.47763623	12.64461092	-0.19083310	-0.47880909	12.64329568	-0.19281334
-0.46799365	12.74098239	-0.17199671	-0.46937547	12.73969024	-0.17397599
-0.44741644	12.86058932	-0.16364390	-0.44901905	12.85933523	-0.16559851
-0.48288705	12.92508025	-0.71462855	-0.48338780	12.92369627	-0.71669611
-0.48935496	12.89798560	-0.72524673	-0.48978827	12.89658907	-0.72732595
-0.39889648	12.87672464	-0.70338502	-0.39936135	12.87546581	-0.70524332
-0.56999892	12.92973296	-0.69662789	-0.57054430	12.92823113	-0.69890954
-0.57423303	12.90295335	-0.71139901	-0.57470332	12.90144526	-0.71369268
-0.40978071	12.85988216	-0.69315334	-0.41024606	12.85860981	-0.69503117
-0.29411998	12.83782964	-0.65072653	-0.29466424	12.83673402	-0.65232097
0.89140543	12.89136126	-0.89694287	0.89094069	12.89177777	-0.89664851
0.79053365	12.95724009	-0.88507026	0.79000726	12.95757073	-0.88488223
0.90590977	12.90649600	-0.80787157	0.90532626	12.90694880	-0.80755253
0.80957547	12.97796970	-0.78003622	0.80890563	12.97834133	-0.77981242
0.69755687	13.03250205	-0.74130303	0.69677726	13.03277140	-0.74120845
0.67095091	13.00730028	-0.87095959	0.67037070	13.00752655	-0.87090375
0.90527835	12.90328873	-0.71569901	0.90460092	12.90376542	-0.71536427
0.82435635	12.97009694	-0.67300357	0.82355520	12.97050393	-0.67275271
0.72766590	13.02181169	-0.61323406	0.72672466	13.02213144	-0.61309538
0.99691114	12.67910708	-0.97766056	0.99671297	12.67962414	-0.97725530
0.95689727	12.80020834	-0.93365680	0.95654750	12.80068503	-0.93329635
1.01812456	12.68050263	-0.86568255	1.01782589	12.68106331	-0.86524087
0.97479881	12.81041181	-0.83634697	0.97434033	12.81092852	-0.83595271
1.00726765	12.68009041	-0.75228343	1.00685036	12.68066330	-0.75183611
0.96693417	12.81047808	-0.73688322	0.96636895	12.81100859	-0.73648372
0.54928517	13.05148951	-0.82865841	0.54860575	13.05160218	-0.82875226
0.58227109	13.07842824	-0.67922886	0.58135523	13.07858880	-0.67927991
0.45576741	13.11612895	-0.60002029	0.45467675	13.11616055	-0.60025783
0.42269207	13.08808573	-0.75241499	0.42186508	13.08806475	-0.75268789
0.61890902	13.06858486	-0.54019140	0.61779489	13.06879993	-0.54019153
0.49094239	13.10840998	-0.46104271	0.48963488	13.10849706	-0.46123346
-0.40354887	13.07417748	-0.52719034	-0.40472116	13.07294532	-0.52908190
-0.48647555	13.05505510	-0.54148057	-0.48758143	13.05368211	-0.54355702
-0.46545810	13.04359575	-0.58332043	-0.46645236	13.04225457	-0.58534973
-0.41716467	13.08049951	-0.46449360	-0.41848570	13.07925117	-0.46641401
-0.50970268	13.05698547	-0.49748160	-0.51090990	13.05557482	-0.49961052
-0.59307502	13.02981145	-0.52826713	-0.59416474	13.02825652	-0.53058759
-0.55472570	13.03195228	-0.56000144	-0.55574812	13.03046319	-0.56223382
-0.51640840	13.03049859	-0.58537545	-0.51737242	13.02907370	-0.58751976
-0.44406114	13.07717529	-0.40486424	-0.44550426	13.07588696	-0.40684464
-0.52469190	13.05291632	-0.44642494	-0.52600353	13.05148133	-0.44858789
-0.54067421	13.03851162	-0.39579296	-0.54207395	13.03704938	-0.39799245
-0.58525954	13.02098218	-0.42896872	-0.58655837	13.01943770	-0.43126844
-0.59605810	13.02581040	-0.47782482	-0.59725479	13.02424938	-0.48015070
-0.04019837	13.12831427	-0.45428534	-0.04161325	13.12768424	-0.45539630
-0.13131410	13.11471846	-0.46885578	-0.13268457	13.11394367	-0.47015393
-0.05230774	13.15042715	-0.35935243	-0.05393872	13.14978979	-0.36049886
-0.15458622	13.13274521	-0.38297429	-0.15615492	13.13194461	-0.38432539
-0.25457795	13.11422009	-0.41622742	-0.25605442	13.11324939	-0.41778927
-0.22647837	13.10053363	-0.49391083	-0.22777198	13.09959712	-0.49541212
-0.05514219	13.15282796	-0.27221615	-0.05694935	13.15219685	-0.27337266
-0.16808003	13.13655345	-0.29946227	-0.16982204	13.13574184	-0.30084599
-0.27638230	13.11678899	-0.33716720	-0.27802653	13.11579242	-0.33877780
0.99984922	11.98318157	-1.04928251	1.00050314	11.98372617	-1.04880969
1.01968019	12.12842218	-1.04737791	1.02015616	12.12898820	-1.04689463
1.00157615	11.93873480	-0.94398231	1.00218373	11.93929401	-0.94352153
1.02461560	12.08585759	-0.93307177	1.02503817	12.08644374	-0.93258705
1.03955743	12.30370304	-0.91768130	1.03970597	12.30430150	-0.91719064
1.02948366	12.33748697	-1.03397628	1.02969379	12.33805382	-1.03350443
0.98131064	11.92221460	-0.82573611	0.98182309	11.92275167	-0.82531801
1.00626423	12.07083917	-0.81008945	1.00658861	12.07141276	-0.80963128
1.02389202	12.29308364	-0.79339959	1.02393582	12.29368066	-0.79291396
1.02182702	12.52297885	-1.01037501	1.02181440	12.52352554	-1.00993027
1.03876832	12.50635227	-0.89457914	1.03866859	12.50693764	-0.89410053
1.02539962	12.50137486	-0.77323333	1.02518780	12.50196667	-0.77275116
-0.65717337	12.92396707	-0.64605823	-0.65782507	12.92233701	-0.64854410
-0.66346220	12.89407473	-0.65799648	-0.66403717	12.89244134	-0.66050802
-0.71666127	12.91360752	-0.56744112	-0.71746473	12.91184767	-0.57005845
-0.72669451	12.87731645	-0.57348352	-0.72742153	12.87554158	-0.57613749
-0.66506334	12.87066258	-0.65932598	-0.66559571	12.86902702	-0.66184967
-0.72048453	12.90419547	-0.46520033	-0.72148834	12.90239561	-0.46782708
-0.73352512	12.85896856	-0.46623359	-0.73443619	12.85714120	-0.46889565
-0.73612036	12.82323678	-0.46789588	-0.73695641	12.82140552	-0.47057511
-0.31714379	13.08818195	-0.51234733	-0.31837505	13.08709404	-0.51404749
-0.33722406	13.09822022	-0.44048128	-0.33862217	13.09710907	-0.44222635
-0.36493169	13.09774573	-0.37057162	-0.36647962	13.09659800	-0.37237747
-0.61788727	12.94294100	-0.29525014	-0.61934991	12.94134389	-0.29762938
-0.53907456	12.94700245	-0.23102878	-0.54068680	12.94556717	-0.23321746
-0.67014032	12.93659579	-0.37146868	-0.67141511	12.93488980	-0.37397448
-0.64687762	12.96633644	-0.38797716	-0.64817302	12.96467629	-0.39042673
-0.59460690	12.97506202	-0.31923719	-0.59606933	12.97350702	-0.32156013
-0.42588507	12.93920095	-0.17282315	-0.42759403	12.93798078	-0.17474189
-0.47050383	12.95625421	-0.69612223	-0.47109730	12.95489241	-0.69816229
-0.45952646	12.98878300	-0.66783406	-0.46023923	12.98744091	-0.66984950
-0.54403433	12.98728220	-0.65255112	-0.54477401	12.98581452	-0.65476654
-0.55914079	12.95866531	-0.67870943	-0.55977525	12.95717657	-0.68096103
-0.67605750	12.97112810	-0.55518757	-0.67698765	12.96943559	-0.55769950
-0.70001523	12.94344421	-0.56187907	-0.70088290	12.94171202	-0.56445123
-0.64391255	12.95241138	-0.63311305	-0.64463906	12.95079531	-0.63556036
-0.62364532	12.97982748	-0.61500520	-0.62445733	12.97823630	-0.61739949
-0.64445042	13.00058925	-0.54574681	-0.64545181	12.99894954	-0.54818447
-0.59719114	13.00653840	-0.58758384	-0.59810843	13.00498344	-0.58991560
-0.52695955	13.01329027	-0.61300737	-0.52783211	13.01184904	-0.61517949
-0.70326959	12.93753190	-0.46756814	-0.70432977	12.93576592	-0.47014915
-0.67901530	12.96580153	-0.47312184	-0.68011442	12.96408334	-0.47564079
-0.61439141	12.99761178	-0.41180590	-0.61568770	12.99601233	-0.41417602
-0.64537811	12.99613026	-0.48163103	-0.64651314	12.99447760	-0.48407114
-0.56645625	13.00976749	-0.35306895	-0.56790289	13.00826104	-0.35532780
-0.45716142	13.01971856	-0.62784314	-0.45801650	13.01838646	-0.62985461
0.15363158	13.12275601	-0.19853737	0.15175729	13.12245228	-0.19929349
0.12572864	13.16033501	-0.28481442	0.12396045	13.15997560	-0.28562152
0.15394850	13.14851523	-0.29873665	0.15223064	13.14819830	-0.29948886
0.18607552	13.10980315	-0.20918374	0.18424869	13.10954726	-0.20987694
0.10774303	13.16634222	-0.38047586	0.10615036	13.16594401	-0.38131275
0.13442726	13.15526853	-0.39664804	0.13288582	13.15490995	-0.39743096
0.15888747	13.13961203	-0.30856451	0.15720406	13.13930219	-0.30930617
0.19072160	13.10141831	-0.21541451	0.18892152	13.10116864	-0.21609759
0.16546724	13.14738573	-0.30951846	0.16377765	13.14708435	-0.31024986
0.19592913	13.10802810	-0.21020749	0.19411189	13.10778574	-0.21088301
0.14897424	13.15341721	-0.41339879	0.14747141	13.15307780	-0.41415337
0.19363283	13.15957103	-0.43819455	0.19217167	13.15928930	-0.43886718
0.21231858	13.15315347	-0.32629377	0.21066501	13.15291499	-0.32693903
0.24206658	13.11184392	-0.21988243	0.24027261	13.11166253	-0.22047857
0.22811706	12.93811967	-0.07522216	0.22630028	12.93795119	-0.07582512
0.19105440	13.05369930	-0.12249156	0.18914597	13.05346392	-0.12317472
0.22765525	13.04130625	-0.13285955	0.22579080	13.04112175	-0.13347421
0.26809281	12.92531773	-0.08723175	0.26632527	12.92520614	-0.08776067
0.23792063	13.03944498	-0.13308021	0.23606547	13.03927455	-0.13367773
0.27939616	12.92356054	-0.09033710	0.27763940	12.92346436	-0.09084675
0.28334381	13.03847898	-0.13927785	0.28151085	13.03837255	-0.13979608
0.32343858	12.91625915	-0.09512033	0.32171020	12.91622284	-0.09555651
0.35087930	12.72799822	-0.09760048	0.34941728	12.72802324	-0.09796105
0.31052360	12.74129671	-0.09415691	0.30902780	12.74126891	-0.09458047
0.37328814	12.53266373	-0.12691680	0.37220496	12.53273228	-0.12720462
0.33504714	12.55650260	-0.12338300	0.33390816	12.55652227	-0.12373510
0.29902637	12.74337037	-0.08968886	0.29751644	12.74332695	-0.09012978
0.32272409	12.55921454	-0.11882351	0.32156960	12.55921882	-0.11919603
0.27645829	12.57221301	-0.10200462	0.27524990	12.57214474	-0.10245769
0.25644924	12.76006499	-0.07473630	0.25488329	12.75995479	-0.07525173
0.26199853	12.78090211	-0.92622532	0.26175414	12.78067698	-0.92660999
0.25035786	12.85128590	-0.90259777	0.24999842	12.85105111	-0.90304104
0.22989455	12.85740195	-0.84430367	0.22945958	12.85714953	-0.84479712
0.24212884	12.79646158	-0.86697109	0.24179589	12.79621627	-0.86741805
0.23295282	12.92366327	-0.85351784	0.23245167	12.92341950	-0.85402347
0.21196005	12.92215597	-0.79848497	0.21138770	12.92188404	-0.79903586
0.21813181	12.91797724	-0.78052961	0.21754088	12.91771119	-0.78107503
0.24253415	12.80250788	-0.84636291	0.24217402	12.80226461	-0.84681976
0.21341588	12.85764087	-0.83054728	0.21297270	12.85735816	-0.83108564
0.21980848	12.80015442	-0.85275115	0.21946724	12.79987361	-0.85325691
0.20078134	12.92156393	-0.78911474	0.20020163	12.92127127	-0.78969418
0.15970751	12.93331404	-0.77581804	0.15909684	12.93296358	-0.77647919
0.16939932	12.86576477	-0.81344736	0.16892668	12.86542364	-0.81406890
0.17278349	12.80198202	-0.83383802	0.17241770	12.80163739	-0.83443601
0.26878945	12.71016102	-0.94971443	0.26866932	12.70991357	-0.95002359
0.25134921	12.73503641	-0.89008665	0.25112499	12.73479428	-0.89048580
0.25241201	12.75097472	-0.86811368	0.25214510	12.75073823	-0.86853228
0.27106199	12.71456096	-0.88021706	0.27085602	12.71434674	-0.88057773
0.23021220	12.74235365	-0.87863353	0.22998017	12.74208123	-0.87909739
0.18110021	12.73415598	-0.86256688	0.18086149	12.73381185	-0.86313021
0.26774902	12.33094728	-0.16730914	0.26711638	12.33083556	-0.16765377
0.28276720	12.42807942	-0.13437298	0.28189867	12.42799919	-0.13474008
0.33118178	12.42694467	-0.14936776	0.33035559	12.42694164	-0.14965114
0.31948647	12.35615712	-0.18112623	0.31886485	12.35610878	-0.18137610
0.33496594	12.43958459	-0.15668144	0.33412652	12.43958410	-0.15696461
0.34534323	12.42011102	-0.15398903	0.34454637	12.42013041	-0.15424671
0.33662424	12.35017838	-0.18717828	0.33610235	12.35015104	-0.18738026
0.38424162	12.38730401	-0.16115005	0.38354666	12.38738988	-0.16133080
0.10009489	13.14019561	-0.48574905	0.09873620	13.13977556	-0.48658950
0.13055600	13.12717060	-0.49888515	0.12924117	13.12679506	-0.49966538
0.10706768	13.08717158	-0.59327227	0.10597373	13.08675470	-0.59408348
0.14282793	13.07224554	-0.60288582	0.14177041	13.07188174	-0.60362673
0.14289117	13.11597177	-0.50520818	0.14160413	13.11561402	-0.50596280
0.14863291	13.12244470	-0.50524268	0.14733884	13.12209553	-0.50598693
0.16188172	13.06582667	-0.59850893	0.16082665	13.06549213	-0.59921235
0.18904835	13.07128623	-0.63707433	0.18805206	13.07098702	-0.63772564
0.18490894	13.12843883	-0.53676894	0.18366839	13.12813773	-0.53744429
0.20873431	13.00010149	-0.75399297	0.20800933	12.99982530	-0.75457665
0.18609777	12.99537090	-0.70658802	0.18530536	12.99506527	-0.70721950
0.17170130	12.99826721	-0.70661254	0.17090561	12.99793973	-0.70727403
0.13295194	13.01262841	-0.69657909	0.13212317	13.01224563	-0.69731704
0.36947026	13.09524005	-0.27011766	0.36782342	13.09521946	-0.27049683
0.40348541	13.01576609	-0.18502040	0.40180057	13.01580709	-0.18534198
0.43212734	12.88589665	-0.13736736	0.43054058	12.88599617	-0.13763012
0.30424221	12.99004044	-0.86980657	0.30368803	12.98988563	-0.87021661
0.33077266	12.91151482	-0.95747983	0.33039777	12.91137880	-0.95782041
0.28273751	13.05991191	-0.75899434	0.28194892	13.05973620	-0.75946193
0.10767597	12.96416284	-0.07318518	0.10579522	12.96381782	-0.07400691
0.08573285	13.06776596	-0.11905578	0.08377633	13.06737548	-0.11993341
0.06521755	13.13051154	-0.19007932	0.06329919	13.13007665	-0.19100322
0.07330948	13.02596878	-0.63910594	0.07237477	13.02550011	-0.63996417
0.05034289	13.09169932	-0.56232503	0.04918740	13.09120011	-0.56324714
0.09483892	12.95364285	-0.69223185	0.09408209	12.95320221	-0.69302759
0.44873181	12.69109440	-0.13588035	0.44740377	12.69123031	-0.13608372
0.46435852	12.48207426	-0.16300923	0.46345578	12.48224899	-0.16314826
0.34224801	12.83022855	-1.00886932	0.34202652	12.83009669	-1.00913652
0.34478171	12.75442179	-1.03661391	0.34466561	12.75426271	-1.03681539
0.47276091	12.34328052	-0.19931591	0.47227150	12.34345072	-0.19935283
0.34517902	12.69416026	-1.05419560	0.34516301	12.69399297	-1.05433340
0.13836406	12.47347911	-0.11525177	0.13734862	12.47316561	-0.11590262
0.13999855	12.63021256	-0.08653519	0.13865407	12.62991889	-0.08722310
0.10124173	12.75192997	-0.76019479	0.10084155	12.75148068	-0.76092932
0.09994181	12.82089511	-0.73713725	0.09942179	12.82045084	-0.73789042
0.12754261	12.80996274	-0.06721189	0.12587624	12.80965966	-0.06796836
0.10072270	12.88663966	-0.71967145	0.10009694	12.88619967	-0.72043977
0.31106759	13.14520267	-0.51009326	0.30977270	13.14506833	-0.51055567
0.28871800	13.11541249	-0.63720199	0.28767113	13.11524653	-0.63768430
0.33833587	13.13836578	-0.38330206	0.33683295	13.13828335	-0.38373196
0.04028475	13.16330680	-0.36323414	0.03865335	13.16281032	-0.36420137
0.03996795	13.13868008	-0.46524663	0.03856622	13.13817216	-0.46620470
0.04940511	13.16129483	-0.27152390	0.04759745	13.16082382	-0.27247888
0.88526400	11.97252800	-0.58001426	0.88548718	11.97288649	-0.57980446
0.81676000	12.01719950	-0.47386000	0.81676000	12.01719950	-0.47386000
0.92732119	11.94641416	-0.70653353	0.92769200	11.94688321	-0.70620091
0.91335047	12.01284488	-0.71141060	0.91364410	12.01330614	-0.71108028
0.87547703	12.05886035	-0.62598239	0.87562166	12.05925855	-0.62570843
0.80429156	12.11952303	-0.52421417	0.80426718	12.11978497	-0.52400312
0.96239046	11.93927214	-0.82955762	0.96288566	11.93978879	-0.82915738
0.98315731	11.95531187	-0.94024337	0.98374100	11.95584989	-0.93980063
0.94863277	12.07282420	-0.92421077	0.94906049	12.07332264	-0.92379862
0.93302043	12.04268639	-0.80713684	0.93337365	12.04317604	-0.80676161
0.98292594	11.99723104	-1.03327516	0.98354741	11.99775687	-1.03281918
0.94820218	12.07086386	-1.12076059	0.94881469	12.07132994	-1.12033198
0.92361056	12.13320880	-1.09890734	0.92412592	12.13364769	-1.09850516
0.94678347	12.10723524	-1.02203361	0.94725991	12.10771709	-1.02161574
0.86682033	12.18693678	-1.21337357	0.86736573	12.18727940	-1.21301814
0.74848530	12.33504150	-1.26649098	0.74888167	12.33520088	-1.26625111
0.75075554	12.36392773	-1.19490827	0.75105252	12.36411477	-1.19468002
0.86318913	12.23310381	-1.15091867	0.86362370	12.23345546	-1.15057413
0.60311354	12.48261906	-1.23764284	0.60323232	12.48260372	-1.23764001
0.47155171	12.61300256	-1.15311777	0.47157640	12.61296321	-1.15313913
0.49420000	12.61570000	-1.07906000	0.49420000	12.61570000	-1.07906000
0.61447000	12.50220000	-1.16283000	0.61447000	12.50220000	-1.16283000
0.38327946	12.64580488	-1.05073688	0.38330071	12.64571260	-1.05079598
0.33166646	12.64546520	-0.95891199	0.33165271	12.64530184	-0.95904295
0.37140000	12.64100070	-0.89641000	0.37140000	12.64100070	-0.89641000
0.41679000	12.64250090	-0.98287004	0.41679000	12.64250090	-0.98287004
0.31160809	12.67756575	-0.90132904	0.31147905	12.67739723	-0.90156702
0.30614245	12.70558312	-0.87481062	0.30593842	12.70542605	-0.87509862
0.33313575	12.69447475	-0.81706888	0.33287282	12.69436349	-0.81732567
0.34351973	12.66937279	-0.84368162	0.34331573	12.66929082	-0.84387574
0.29744782	12.69268609	-0.87898316	0.29727473	12.69251494	-0.87929395
0.25361428	12.68214338	-0.85114100	0.25341781	12.68189809	-0.85155285
0.29208435	12.68041451	-0.78069327	0.29178576	12.68023050	-0.78104521
0.33213237	12.68305746	-0.81576666	0.33188854	12.68294409	-0.81603089
0.14336084	12.71714167	-0.72675793	0.14295394	12.71675200	-0.72741036
0.00682042	12.77037625	-0.59053660	0.00616724	12.76978764	-0.59147141
0.00849845	12.80867924	-0.51397713	0.00765843	12.80811029	-0.51492150
0.16521788	12.73314803	-0.65107866	0.16468145	12.73279235	-0.65170304
-0.11216449	12.81251145	-0.53126596	-0.11296108	12.81174306	-0.53244600
-0.21999201	12.84318690	-0.53801620	-0.22080519	12.84224688	-0.53944338
-0.22566028	12.91197562	-0.47817180	-0.22669332	12.91104353	-0.47963422
-0.11669261	12.87238322	-0.46159512	-0.11771038	12.87162962	-0.46281231
-0.32410596	12.86220168	-0.60033717	-0.32479463	12.86107870	-0.60201141
-0.42142237	12.87203328	-0.67030695	-0.42195488	12.87074606	-0.67221751
-0.43954035	12.89987111	-0.61912223	-0.44022905	12.89856514	-0.62108003
-0.33545408	12.91547852	-0.54587257	-0.33633932	12.91435290	-0.54758476
-0.50900061	12.87459687	-0.70040576	-0.50945821	12.87317466	-0.70253107
-0.58899355	12.87066527	-0.69043042	-0.58946375	12.86913796	-0.69276414
-0.58901708	12.87320528	-0.65504186	-0.58957121	12.87167475	-0.65737427
-0.53250322	12.88237605	-0.65272648	-0.53308027	12.88092598	-0.65491347
-0.66421475	12.86195186	-0.64043094	-0.66477432	12.86031245	-0.64295419
-0.71508182	12.84554344	-0.56195437	-0.71577569	12.84378625	-0.56459713
-0.67876054	12.86210364	-0.53298198	-0.67954590	12.86040212	-0.53552609
-0.63973595	12.87145961	-0.60897353	-0.64038314	12.86984647	-0.61143066
-0.72191898	12.81845101	-0.46687855	-0.72274790	12.81664727	-0.46952458
-0.69663511	12.77198131	-0.37636657	-0.69757014	12.77021693	-0.37894287
-0.67480880	12.77873478	-0.38881200	-0.67573126	12.77701611	-0.39133560
-0.68614026	12.82508591	-0.44948005	-0.68702325	12.82335067	-0.45203596
-0.65064050	12.69823852	-0.31175657	-0.65158516	12.69657546	-0.31421549
-0.57757123	12.63861489	-0.26123182	-0.57854398	12.63710088	-0.26347273
-0.55990321	12.69792992	-0.29241323	-0.56090786	12.69644495	-0.29462173
-0.63530365	12.74043969	-0.34414330	-0.63625560	12.73880620	-0.34656175
-0.47156149	12.63498249	-0.21150506	-0.47266725	12.63367183	-0.21346784
-0.34491115	12.61584490	-0.17251970	-0.34607392	12.61476816	-0.17416565
-0.32710159	12.66960616	-0.20122763	-0.32828950	12.66854821	-0.20285299
-0.45263836	12.69252492	-0.24121789	-0.45377188	12.69124346	-0.24314634
-0.20678368	12.51305286	-0.15500205	-0.20781398	12.51220225	-0.15631254
-0.05565917	12.39913708	-0.15771794	-0.05648627	12.39850842	-0.15870177
-0.05360558	12.46862034	-0.18919929	-0.05448886	12.46798849	-0.19019679
-0.19547505	12.57573346	-0.18391193	-0.19654865	12.57488899	-0.18522008
0.10762314	12.34105790	-0.17329223	0.10694584	12.34067964	-0.17394891
0.23772916	12.32425649	-0.19471157	0.23715171	12.32408355	-0.19510802
0.21769132	12.38297880	-0.24794777	0.21709902	12.38274216	-0.24840724
0.09793850	12.40779777	-0.21552938	0.09722363	12.40738966	-0.21622511
0.28855067	12.35829410	-0.21469529	0.28797299	12.35817709	-0.21500092
0.27358798	12.44136098	-0.28521962	0.27295031	12.44118597	-0.28558907
0.26582032	12.41360224	-0.27135848	0.26521658	12.41342143	-0.27173318
0.30338162	12.34673787	-0.22636833	0.30292038	12.34659294	-0.22660551
0.34620000	12.27620000	-0.23202000	0.34620000	12.27620000	-0.23202000
0.31067138	12.33310785	-0.29300682	0.31029731	12.33293224	-0.29320507
0.27430988	12.39885732	-0.28552732	0.27375853	12.39865543	-0.28585605
0.44425997	12.21770000	-0.27141000	0.44425997	12.21770000	-0.27141000
0.57587000	12.16340070	-0.32883000	0.57587000	12.16340070	-0.32883000
0.56418555	12.24607762	-0.38145873	0.56398199	12.24618004	-0.38141352
0.42135353	12.28784234	-0.32833706	0.42110452	12.28783088	-0.32840193
0.70622003	12.08180000	-0.39380000	0.70622003	12.08180000	-0.39380000
0.69605828	12.18552966	-0.44462344	0.69592218	12.18572210	-0.44449874
0.76477459	12.39764705	-1.04393321	0.76491742	12.39790945	-1.04370881
0.86955566	12.25075224	-1.04043186	0.86987440	12.25113740	-1.04008854
0.78149254	12.38249574	-0.85519869	0.78150058	12.38281387	-0.85494872
0.87680869	12.23023990	-0.89982473	0.87702670	12.23065917	-0.89947846
0.79277580	12.26888425	-0.66705403	0.79272686	12.26922633	-0.66679198
0.87553071	12.15708967	-0.74792791	0.87569286	12.15752241	-0.74760008
0.53081956	12.61004333	-0.90274406	0.53070000	12.61011921	-0.90274292
0.64582708	12.52455982	-0.98869702	0.64580234	12.52468845	-0.98860489
0.55825464	12.54186593	-0.69078923	0.55795777	12.54197722	-0.69077784
0.67372485	12.48304831	-0.77832862	0.67356843	12.48326642	-0.77819136
0.56292694	12.39050886	-0.50978169	0.56260876	12.39063483	-0.50975058
0.68693253	12.34536500	-0.58556267	0.68672866	12.34560394	-0.58540238
-0.23848580	12.90744939	-0.39361400	-0.23968000	12.90650982	-0.39510309
-0.13248374	12.86577204	-0.37511067	-0.13365180	12.86500496	-0.37636422
-0.26133995	12.84965625	-0.30729183	-0.26261614	12.84869225	-0.30881901
-0.15439253	12.80141779	-0.29111071	-0.15562680	12.80062832	-0.29239721
-0.03551783	12.73527839	-0.32332495	-0.03659500	12.73466278	-0.32435383
-0.01072230	12.80117665	-0.41868683	-0.01172344	12.80059290	-0.41967486
-0.29535454	12.75905297	-0.24484339	-0.29660275	12.75804000	-0.24642380
-0.17693652	12.68783793	-0.22876912	-0.17810359	12.68701712	-0.23007394
-0.04836196	12.60302726	-0.24595751	-0.04936750	12.60239538	-0.24697883
-0.57052907	12.90259298	-0.57249398	-0.57131280	12.90108244	-0.57477250
-0.60654973	12.89621253	-0.48151024	-0.60750720	12.89463031	-0.48386934
-0.50589209	12.91764540	-0.41815425	-0.50703320	12.91624663	-0.42026447
-0.47040385	12.93043463	-0.52301305	-0.47134688	12.92909018	-0.52504529
-0.62399581	12.82413636	-0.40251959	-0.62498358	12.82251875	-0.40491628
-0.53618851	12.81552628	-0.34203162	-0.53730090	12.81408138	-0.34420183
-0.35584107	12.93060935	-0.45262387	-0.35694573	12.92946525	-0.45438214
-0.38456684	12.89534257	-0.35444648	-0.38581771	12.89416293	-0.35626173
-0.42054433	12.79764865	-0.28616026	-0.42176383	12.79641572	-0.28803801
0.28437864	12.63918866	-0.65733466	0.28395952	12.63897913	-0.65772842
0.32676140	12.63634508	-0.67966443	0.32637902	12.63619608	-0.67998542
0.25556732	12.57244348	-0.50811432	0.25504081	12.57219820	-0.50855844
0.30222698	12.57197274	-0.51681030	0.30171439	12.57179096	-0.51717450
0.30578530	12.59007011	-0.50118006	0.30522252	12.58989420	-0.50153833
0.32731067	12.65068961	-0.67128776	0.32689042	12.65054083	-0.67160584
0.33525602	12.63310987	-0.69354324	0.33488021	12.63296821	-0.69384143
0.30885468	12.57575564	-0.51578490	0.30833189	12.57557983	-0.51613221
0.34239823	12.55633833	-0.55546002	0.34194753	12.55620348	-0.55575215
0.36612892	12.61457102	-0.74300762	0.36583223	12.61445698	-0.74324581
0.31601049	12.44163237	-0.40286137	0.31551648	12.44146866	-0.40314744
0.28182754	12.48858813	-0.38114467	0.28122845	12.48839955	-0.38151443
0.27573414	12.49293062	-0.37658749	0.27512757	12.49274346	-0.37697608
0.22826117	12.47804387	-0.36146422	0.22766292	12.47778664	-0.36192871
0.43686868	12.55600307	-0.61512028	0.43647582	12.55598307	-0.61527410
0.43450016	12.62261998	-0.81635521	0.43430305	12.62259531	-0.81645865
0.42448773	12.41443541	-0.44718910	0.42408928	12.41441020	-0.44731055
0.12194452	12.63979158	-0.42081673	0.12117205	12.63939444	-0.42153320
0.15091776	12.70966275	-0.54249954	0.15025090	12.70928596	-0.54316323
0.10269301	12.52296877	-0.30471994	0.10192328	12.52255327	-0.30544197
0.14119732	13.14575692	-0.40864655	0.13969299	13.14540754	-0.40941441
0.23130463	13.03501125	-0.13986057	0.22946617	13.03483128	-0.14046845
0.27082021	12.92191530	-0.09652759	0.26907482	12.92180675	-0.09705086
0.30178568	12.74268615	-0.10009991	0.30029579	12.74264615	-0.10053682
0.32600777	12.56351178	-0.12863220	0.32486191	12.56351807	-0.12899999
0.23348121	12.85684296	-0.82340883	0.23302248	12.85659361	-0.82390381
0.32509232	12.37812548	-0.18863713	0.32445575	12.37807996	-0.18888825
0.16022518	13.06058571	-0.60128462	0.15918154	13.06024805	-0.60199071
0.18946975	12.99026402	-0.69981183	0.18867297	12.98996230	-0.70043793
0.89956446	11.96742868	-0.56640572	0.89978226	11.96779682	-0.56618353
0.82681715	12.01988513	-0.45653288	0.82679317	12.01989206	-0.45652597
0.94498086	11.93242415	-0.69775632	0.94536286	11.93290998	-0.69741065
0.75226531	12.33360166	-1.28191497	0.75267882	12.33376213	-1.28167060
0.46196486	12.61868315	-1.16689189	0.46199218	12.61863731	-1.16692115
0.35391694	12.65573680	-1.06003092	0.35393353	12.65559431	-1.06013263
0.28669509	12.65880024	-0.96373805	0.28666331	12.65856923	-0.96395925
0.27038101	12.68950398	-0.90428743	0.27023583	12.68927257	-0.90460736
0.25339859	12.70114727	-0.89267793	0.25324331	12.70090048	-0.89308596
0.20470455	12.68634721	-0.87609368	0.20454703	12.68602995	-0.87660125
0.11292115	12.70788871	-0.76468673	0.11258383	12.70745186	-0.76538976
0.00057358	12.74107416	-0.63797777	0.00003130	12.74046948	-0.63891615
-0.21054821	12.77989116	-0.57842438	-0.21118588	12.77894794	-0.57979881
-0.31312145	12.82004894	-0.63101268	-0.31368606	12.81893144	-0.63264307
-0.49595500	12.87966215	-0.72237374	-0.49636747	12.87825503	-0.72446566
-0.57847036	12.88202866	-0.71276271	-0.57890667	12.88051474	-0.71506878
-0.72716662	12.84972023	-0.57372909	-0.72784406	12.84794629	-0.57639937
-0.20963543	12.52286792	-0.13309461	-0.21072500	12.52201995	-0.13441451
0.12447896	12.35720782	-0.14832117	0.12372757	12.35686463	-0.14895285
0.29637607	12.38572984	-0.22719247	0.29578188	12.38560967	-0.22749064
0.37862629	12.29662152	-0.19497484	0.37842249	12.29669266	-0.19497633
0.46614899	12.23949530	-0.23888746	0.46602548	12.23956863	-0.23888625
0.71346022	12.09243120	-0.37149562	0.71343165	12.09246206	-0.37148379
0.28190065	12.51612198	-0.37460628	0.28125012	12.51594501	-0.37498926
0.57084946	12.78233774	-0.54156169	0.57008460	12.78250230	-0.54157485
0.28856282	12.99068330	-0.53895816	0.28751220	12.99052047	-0.53942843
0.01009659	12.99496735	-0.27876698	0.00854751	12.99444167	-0.27976645
0.07872379	13.07813273	-0.32266860	0.07714335	13.07770316	-0.32354952
0.29762068	12.87238593	-0.30245722	0.29630739	12.87228972	-0.30291323
0.01153318	12.96633637	-0.43708482	0.01032646	12.96579011	-0.43806573
0.10386868	13.04545744	-0.43135108	0.10254329	13.04505103	-0.43217144
0.35694520	12.82462610	-0.69888525	0.35635774	12.82454500	-0.69918664
0.13209683	13.03126978	-0.19244041	0.13034444	13.03094094	-0.19322044
0.21316158	12.81338189	-0.80275384	0.21273158	12.81309851	-0.80328044
0.31686687	12.75964210	-0.53752568	0.31611642	12.75949629	-0.53790747
0.32155064	12.88656843	-0.84808679	0.32108681	12.88644257	-0.84844268
0.38003888	12.43983274	-0.24847954	0.37935531	12.43983956	-0.24869566
0.22628936	13.04821829	-0.45736380	0.22501457	13.04798526	-0.45796007
0.46798263	12.68730477	-0.66941561	0.46751165	12.68733489	-0.66953744
0.69099975	12.75421708	-0.77011853	0.69057221	12.75447460	-0.76998863
0.30297259	12.94432922	-0.20841923	0.30140170	12.94424716	-0.20888485
-0.44967090	12.90491303	-0.27071813	-0.45111641	12.90363315	-0.27268519
0.12905710	13.08320924	-0.26219601	0.12736013	13.08286326	-0.26298697
0.31235519	12.94702276	-0.69530994	0.31160669	12.94688496	-0.69571074
-0.53574068	12.90357694	-0.31290172	-0.53708939	12.90213473	-0.31507832
0.20677848	13.03376175	-0.33958701	0.20530689	13.03352399	-0.34022292
0.27382638	12.46246864	-0.20715577	0.27301317	12.46233780	-0.20754574
0.09796886	13.09916260	-0.38440115	0.09647795	13.09875273	-0.38524542
0.19239257	13.07796633	-0.50064575	0.19115206	13.07768040	-0.50130367
0.23487690	12.61579242	-0.25342862	0.23383569	12.61561109	-0.25394519
0.15207885	12.93729764	-0.52066428	0.15106701	12.93694637	-0.52136974
0.27032085	12.89008520	-0.83940782	0.26984240	12.88989012	-0.83984756
0.27788109	12.83940912	-0.84193804	0.27746683	12.83922183	-0.84234690
0.21542992	13.02241117	-0.55536306	0.21436183	13.02215013	-0.55596588
0.35292795	12.80479681	-0.20440804	0.35154833	12.80479851	-0.20477371
0.48476256	12.59631605	-0.43419391	0.48407330	12.59640170	-0.43429565
0.30139856	12.75965979	-0.89283410	0.30114399	12.75950125	-0.89315200
0.14867330	12.96350912	-0.65590598	0.14784362	12.96315056	-0.65660568
0.37898744	12.37955439	-0.22460847	0.37841945	12.37958364	-0.22478036
0.34404309	12.48673436	-0.31647436	0.34335774	12.48666373	-0.31675325
0.17106548	12.87142948	-0.19807360	0.16955747	12.87116586	-0.19875984
0.38634919	12.73025908	-0.91245858	0.38615095	12.73022032	-0.91261504
0.29162659	12.79214226	-0.85507318	0.29128753	12.79197161	-0.85543434
0.12183123	13.11524278	-0.29490018	0.12014943	13.11487951	-0.29570757
0.39523324	12.61220362	-0.25152957	0.39419759	12.61225193	-0.25178486
0.20716637	12.85855597	-0.78002859	0.20665094	12.85826885	-0.78058071
0.42304848	12.71441075	-0.82924706	0.42277011	12.71440508	-0.82938706
0.82137997	12.75093551	-0.86345103	0.82102145	12.75129017	-0.86321163
0.56188607	12.79377450	-0.92764509	0.56162065	12.79389569	-0.92766927
0.31777430	12.69266761	-0.20601884	0.31651319	12.69266723	-0.20642191
0.22776430	12.76690060	-0.19072018	0.22638910	12.76673040	-0.19128210
