0.86444729	12.72829314	-0.42375032	0.86562050	12.72756630	-0.42413756
0.83693713	12.86697741	-0.45117325	0.83829568	12.86629601	-0.45149906
0.91046056	12.82521857	-0.55104375	0.91155973	12.82446408	-0.55148359
0.94079060	12.69160853	-0.53761387	0.94169822	12.69081320	-0.53811461
0.79456724	12.95874579	-0.51024148	0.79597310	12.95814700	-0.51048625
0.87236669	12.91200164	-0.59286478	0.87353474	12.91131102	-0.59323212
0.91990572	12.86879740	-0.65416333	0.92090058	12.86805955	-0.65459587
0.95735514	12.79837272	-0.64942352	0.95824695	12.79758096	-0.64991809
0.98958732	12.66888042	-0.65152555	0.99029326	12.66805082	-0.65208284
0.71886746	12.76420473	-1.16495782	0.71903763	12.76397013	-1.16507754
0.84089955	12.71169688	-1.14509303	0.84103639	12.71127055	-1.14537073
0.81168174	12.81810912	-1.07538800	0.81202470	12.81768828	-1.07561075
0.68969370	12.86608803	-1.09006091	0.69005506	12.86583275	-1.09011010
0.94249429	12.67597678	-1.08398351	0.94265802	12.67536489	-1.08440232
0.91168381	12.78722311	-1.02441504	0.91205780	12.78663994	-1.02477909
0.87359653	12.85593585	-0.97296045	0.87411119	12.85538631	-0.97327192
0.79492420	12.89779346	-0.98691095	0.79545818	12.89733870	-0.98710976
0.67339133	12.94536518	-0.99026969	0.67396534	12.94506882	-0.99029798
0.61637557	12.82652987	-0.20587579	0.61821425	12.82605824	-0.20581862
0.59833269	12.96443130	-0.25293858	0.60030835	12.96402547	-0.25284460
0.72948787	12.91604980	-0.34862145	0.73114883	12.91548499	-0.34876971
0.75011457	12.77603868	-0.30926904	0.75160752	12.77542439	-0.30946610
0.56725840	13.05223488	-0.33642249	0.56922394	13.05192743	-0.33626394
0.69307048	13.00748665	-0.42328210	0.69474840	13.00701122	-0.42335428
0.47164729	12.88194324	-1.06011461	0.47203113	12.88197296	-1.05987322
0.59651073	12.82649712	-1.13499005	0.59676762	12.82640445	-1.13492405
0.56775753	12.91865747	-1.06169324	0.56819997	12.91855188	-1.06157567
0.44546557	12.96424346	-0.98447320	0.44607319	12.96427573	-0.98416942
0.55011685	12.99267665	-0.95930405	0.55080091	12.99254323	-0.95914821
0.42744525	13.03315360	-0.88093525	0.42832293	13.03318044	-0.88057906
0.00881707	12.99103298	-0.05420650	0.01133796	12.99178265	-0.05295931
-0.12003638	13.00435300	-0.07438711	-0.11751604	13.00537208	-0.07285263
-0.12243477	13.07786096	-0.12072794	-0.11986399	13.07889017	-0.11918010
0.00304415	13.07846918	-0.09784346	0.00565092	13.07923810	-0.09657373
-0.23952312	13.00728977	-0.10915558	-0.23705818	13.00856202	-0.10734500
-0.24051924	13.06878917	-0.15742995	-0.23803652	13.07006956	-0.15561168
-0.24229481	13.11013760	-0.22282112	-0.23987449	13.11142786	-0.22099637
-0.12486760	13.12494687	-0.18673342	-0.12234843	13.12598868	-0.18517608
-0.00230122	13.13268028	-0.16344018	0.00027171	13.13346962	-0.16215505
0.04552662	12.97855227	-0.57906652	0.04689024	12.97927331	-0.57793079
0.03173989	13.04101604	-0.55310265	0.03327803	13.04176308	-0.55192628
-0.04900576	13.04380556	-0.54149453	-0.04743861	13.04472828	-0.54013221
-0.03572311	12.98752422	-0.55747939	-0.03430208	12.98842116	-0.55615609
0.01355908	13.09503769	-0.50528719	0.01530760	13.09581980	-0.50405986
-0.06951651	13.09019426	-0.50539088	-0.06777692	13.09115403	-0.50397374
-0.16332968	13.08390752	-0.52039618	-0.16164060	13.08506688	-0.51875919
-0.14162543	13.04281591	-0.55668965	-0.14010137	13.04393776	-0.55511003
-0.12772329	12.99151998	-0.57444012	-0.12634010	12.99261978	-0.57290387
0.98933954	12.27999205	-0.67885643	0.98939360	12.27919086	-0.67945332
0.96416033	12.06157730	-0.69423501	0.96382185	12.06083295	-0.69476518
0.91429391	12.08985005	-0.55788032	0.91423181	12.08926673	-0.55831774
0.93327799	12.29539206	-0.54273923	0.93355412	12.29468981	-0.54325196
0.83894500	12.14187553	-0.43501069	0.83911914	12.14150437	-0.43531043
0.85006785	12.32148737	-0.41595839	0.85053275	12.32089934	-0.41635253
0.97626728	12.37326884	-1.14759884	0.97590834	12.37257950	-1.14812824
0.88170041	12.43586588	-1.21504163	0.88139430	12.43536777	-1.21544095
0.87393188	12.27643959	-1.24055077	0.87330144	12.27595255	-1.24099064
0.96526703	12.18197187	-1.16350487	0.96454525	12.18128919	-1.16406470
0.75605492	12.51481790	-1.24174849	0.75592497	12.51458725	-1.24197545
0.74940087	12.39471739	-1.27380180	0.74897524	12.39449434	-1.27407135
0.85970912	12.17195052	-1.24868044	0.85886891	12.17148425	-1.24912439
0.94402758	12.04766273	-1.16176100	0.94305702	12.04701105	-1.16230427
0.99909402	12.48868558	-0.66381600	0.99950429	12.48784691	-0.66441643
0.94495294	12.50506817	-0.53656492	0.94557029	12.50429152	-0.53710244
0.86358956	12.53391873	-0.41310917	0.86444379	12.53321189	-0.41352776
0.86768675	12.58286990	-1.18728579	0.86764014	12.58242671	-1.18762370
0.96666556	12.53802152	-1.12315948	0.96658995	12.53736739	-1.12363957
0.74289829	12.64273634	-1.21049156	0.74290523	12.64251893	-1.21068270
0.61131346	12.41379296	-0.22562956	0.61216629	12.41338108	-0.22566588
0.62163530	12.62562600	-0.20015631	0.62325444	12.62507502	-0.20006469
0.74818918	12.57710074	-0.29929451	0.74933782	12.57649804	-0.29951110
0.73634812	12.36425048	-0.31075435	0.73700644	12.36376080	-0.31097052
0.46946903	12.70592195	-1.14973181	0.46952706	12.70599563	-1.14965812
0.61190203	12.61504751	-1.21955624	0.61188931	12.61503591	-1.21958617
0.60954127	12.71876386	-1.18556123	0.60961604	12.71870259	-1.18556635
0.47615892	12.78950430	-1.11482935	0.47636737	12.78955224	-1.11467141
0.58758829	12.17355597	-0.30192090	0.58765966	12.17347547	-0.30193309
0.60331607	12.27616813	-0.26320499	0.60373877	12.27586344	-0.26327457
0.72803640	12.21143850	-0.33978995	0.72834864	12.21109823	-0.33996261
0.59910392	12.48736066	-1.25186180	0.59894141	12.48739267	-1.25185681
0.60594107	12.53449591	-1.24350940	0.60584983	12.53449988	-1.24350404
0.46279413	12.65024146	-1.16595263	0.46279216	12.65032038	-1.16591429
0.01384656	12.71342527	-0.05404702	0.01579419	12.71416025	-0.05286171
-0.13423279	12.78364035	-0.05901402	-0.13213254	12.78468229	-0.05747862
-0.12288196	12.90620237	-0.05635184	-0.12052305	12.90722376	-0.05482449
0.01550667	12.86761911	-0.04293811	0.01779768	12.86834872	-0.04172297
-0.27006934	12.83616750	-0.08170207	-0.26789432	12.83749519	-0.07984058
-0.25049845	12.93100311	-0.08562957	-0.24813729	12.93229384	-0.08380046
0.03914016	12.84923981	-0.60855218	0.04020234	12.84997900	-0.60742904
0.04652159	12.91449549	-0.59580044	0.04772852	12.91521661	-0.59467918
-0.03379258	12.92571322	-0.56704597	-0.03251021	12.92660999	-0.56573929
-0.04289341	12.86095505	-0.57111633	-0.04174684	12.86187825	-0.56980682
-0.12530427	12.93417823	-0.58286108	-0.12405475	12.93527875	-0.58134258
-0.13574064	12.87341830	-0.58167729	-0.13460499	12.87454582	-0.58015585
-0.02050589	12.41842198	-0.10910605	-0.01931898	12.41924728	-0.10793087
-0.15729411	12.63690156	-0.07693852	-0.15554753	12.63799024	-0.07538592
-0.00352457	12.54318812	-0.07840531	-0.00200193	12.54396454	-0.07722674
-0.30920563	12.63124716	-0.11357698	-0.30754178	12.63265400	-0.11166278
-0.29433075	12.71876984	-0.09347393	-0.29243159	12.72014599	-0.09157341
0.02798938	12.78309197	-0.62041946	0.02890290	12.78385788	-0.61928550
-0.06300148	12.79464298	-0.56811267	-0.06197978	12.79561867	-0.56678643
-0.08071758	12.76770746	-0.54780032	-0.07971484	12.76871925	-0.54645060
-0.16025650	12.81104691	-0.56939558	-0.15921919	12.81222757	-0.56784477
-0.36270415	13.00563371	-0.15693100	-0.36033678	13.00717006	-0.15482319
-0.35502259	13.05580999	-0.20265559	-0.35265665	13.05733458	-0.20056382
-0.47355230	12.99982751	-0.21233289	-0.47130985	13.00161370	-0.20995331
-0.45396374	13.04051073	-0.25342858	-0.45173570	13.04225459	-0.25109776
-0.43222588	13.07371739	-0.30384106	-0.43004957	13.07541702	-0.30156323
-0.34555240	13.09293843	-0.26178149	-0.34324838	13.09444822	-0.25971115
-0.24615015	13.04149342	-0.57498585	-0.24467693	13.04283844	-0.57316110
-0.23250902	12.99623186	-0.60025802	-0.23118419	12.99755720	-0.59847392
-0.26556151	13.07794975	-0.53419749	-0.26392052	13.07932390	-0.53232090
-0.36045107	13.07011556	-0.54174284	-0.35884795	13.07168223	-0.53964197
-0.34638911	13.03894838	-0.58688620	-0.34495810	13.04049377	-0.58482278
-0.33742678	13.00070131	-0.62096424	-0.33615155	13.00223795	-0.61892762
-0.23452961	12.94778033	-0.61622941	-0.23333805	12.94911642	-0.61445076
-0.34554611	12.96191821	-0.64578459	-0.34440446	12.96347913	-0.64373741
-0.36069288	12.92479310	-0.65988787	-0.35965823	12.92638833	-0.65781188
-0.24773055	12.89837754	-0.62075638	-0.24664793	12.89974603	-0.61896247
-0.51812916	12.89442856	-0.17149713	-0.51601204	12.89631060	-0.16900228
-0.53917774	12.77258132	-0.17707623	-0.53734557	12.77450737	-0.17452854
-0.61561287	12.80993713	-0.23369913	-0.61383512	12.81204660	-0.23094167
-0.59682624	12.90578640	-0.23290797	-0.59482803	12.90785549	-0.23020666
-0.54824851	12.66794908	-0.19448243	-0.54669731	12.66989240	-0.19192085
-0.62362122	12.72737882	-0.24571716	-0.62207333	12.72950451	-0.24293049
-0.67237373	12.79754756	-0.31503158	-0.67082448	12.79979138	-0.31211893
-0.66568903	12.84979045	-0.30925765	-0.66400064	12.85201909	-0.30636841
-0.64929326	12.91274702	-0.31094391	-0.64746792	12.91493725	-0.30810773
-0.43843991	12.65702750	-0.14779106	-0.43679187	12.65872059	-0.14553523
-0.42623081	12.75311980	-0.12872234	-0.42432721	12.75478510	-0.12648244
-0.40287822	12.87217931	-0.12037641	-0.40069961	12.87379579	-0.11818150
-0.45659833	12.94095555	-0.66958639	-0.45556541	12.94273022	-0.66726485
-0.46378140	12.91400297	-0.68018361	-0.46282632	12.91579628	-0.67784959
-0.37311132	12.89158518	-0.66173980	-0.37214449	12.89320593	-0.65964044
-0.54284387	12.94630347	-0.64859407	-0.54175489	12.94821926	-0.64603726
-0.54791917	12.91963009	-0.66339880	-0.54691665	12.92155703	-0.66082717
-0.38396715	12.87484616	-0.65126590	-0.38300624	12.87648460	-0.64914608
-0.26780951	12.85030888	-0.61282077	-0.26680238	12.85171894	-0.61099686
0.90557130	12.87842305	-0.90476992	0.90620964	12.87780284	-0.90513417
0.80651326	12.94652116	-0.88894592	0.80725475	12.94601687	-0.88917134
0.92366383	12.89211526	-0.81632457	0.92445481	12.89143291	-0.81672422
0.82981138	12.96561365	-0.78484253	0.83073695	12.96504423	-0.78511751
0.72086027	13.02246916	-0.74154003	0.72195262	13.02203721	-0.74165443
0.68855382	12.99924301	-0.87025204	0.68938936	12.99888512	-0.87031183
0.92608448	12.88778343	-0.72463483	0.92699629	12.88706180	-0.72505941
0.84864958	12.95613841	-0.67871711	0.84974131	12.95551065	-0.67903209
0.75608168	13.00963309	-0.61482359	0.75737646	13.00911889	-0.61499671
1.00327419	12.66384267	-0.99030859	1.00352180	12.66309327	-0.99082232
0.96771894	12.78584627	-0.94431028	0.96818430	12.78514795	-0.94476234
1.02791633	12.66348106	-0.87956634	1.02829206	12.66266380	-0.88013422
0.98905464	12.79446323	-0.84795379	0.98966112	12.79369911	-0.84845488
1.02102520	12.66212300	-0.76631384	1.02155709	12.66127809	-0.76689462
0.98470177	12.79363877	-0.74865204	0.98544939	12.79284616	-0.74916395
0.56991370	13.04610341	-0.82291581	0.57090371	13.04590169	-0.82278913
0.60970394	13.07060803	-0.67440843	0.61099967	13.07032291	-0.67433895
0.48799392	13.11052740	-0.58952176	0.48953800	13.11041964	-0.58923617
0.44775332	13.08521491	-0.74108520	0.44896332	13.08519483	-0.74074552
0.65195813	13.05830777	-0.53693332	0.65349796	13.05793308	-0.53693293
0.52908784	13.10016680	-0.45183569	0.53089588	13.09996141	-0.45161176
-0.36806190	13.08751593	-0.48370382	-0.36628433	13.08909070	-0.48158296
-0.45195752	13.06961306	-0.49537803	-0.45024437	13.07135826	-0.49305775
-0.43265931	13.05820792	-0.53796310	-0.43107346	13.05991668	-0.53568913
-0.37929050	13.09354841	-0.42051877	-0.37735134	13.09514090	-0.41837215
-0.47356564	13.07155120	-0.45065263	-0.47173874	13.07334093	-0.44827859
-0.55855708	13.04563345	-0.47892153	-0.55685066	13.04760034	-0.47633831
-0.52131358	13.04749033	-0.51185999	-0.51968566	13.04937741	-0.50937102
-0.48393724	13.04578106	-0.53846728	-0.48237911	13.04759195	-0.53607189
-0.40397381	13.09020287	-0.36004238	-0.40189750	13.09184400	-0.35783433
-0.48673952	13.06733402	-0.39917382	-0.48479821	13.06915232	-0.39676536
-0.50110231	13.05287521	-0.34817235	-0.49906836	13.05472698	-0.34572658
-0.54728797	13.03619960	-0.38002352	-0.54536129	13.03815352	-0.37746570
-0.55975190	13.04137907	-0.42845618	-0.55792941	13.04335331	-0.42586847
-0.00045869	13.13371762	-0.42306301	0.00154531	13.13452429	-0.42179482
-0.09261391	13.12239365	-0.43443503	-0.09065213	13.12339044	-0.43295893
-0.00813851	13.15489690	-0.32762738	-0.00588455	13.15571157	-0.32633410
-0.11200595	13.14000463	-0.34761402	-0.10981561	13.14103379	-0.34609050
-0.21393190	13.12385988	-0.37750647	-0.21183669	13.12510419	-0.37574924
-0.18913322	13.11034521	-0.45622237	-0.18724535	13.11154753	-0.45452285
-0.00737902	13.15637809	-0.24055203	-0.00492845	13.15718403	-0.23925628
-0.12209837	13.14323556	-0.26372584	-0.11971440	13.14427886	-0.26217545
-0.23260340	13.12610626	-0.29777291	-0.23032196	13.12738328	-0.29597006
0.98164904	11.96754758	-1.06595990	0.98064545	11.96680436	-1.06654076
1.00671935	12.11208049	-1.06408306	1.00598749	12.11129862	-1.06469692
0.98464549	11.92222052	-0.96043510	0.98368014	11.92145857	-0.96100246
1.01336433	12.06830969	-0.94994826	1.01269276	12.06749588	-0.95056648
1.03648901	12.28576472	-0.93443429	1.03621663	12.28491827	-0.93506748
1.02418297	12.32112400	-1.04996427	1.02383831	12.32032789	-1.05056728
0.96736415	11.90575342	-0.84081994	0.96652662	11.90502084	-0.84133834
0.99818399	12.05297713	-0.82615250	0.99764465	12.05217793	-0.82673982
1.02433763	12.27444325	-0.81007042	1.02420224	12.27359261	-0.81070372
1.02287494	12.50708500	-1.02496870	1.02285132	12.50630422	-1.02553804
1.04288533	12.48875812	-0.91039419	1.04297183	12.48791645	-0.91101344
1.03338197	12.48296699	-0.78920771	1.03361594	12.48210916	-0.78983772
-0.62819155	12.94120830	-0.59531747	-0.62698001	12.94326981	-0.59252821
-0.63525995	12.91146742	-0.60728550	-0.63413549	12.91353503	-0.60446513
-0.68510031	12.93101073	-0.51492442	-0.68370735	12.93321363	-0.51198729
-0.69581649	12.89487182	-0.52090135	-0.69450990	12.89709067	-0.51791916
-0.63720401	12.88807372	-0.60874602	-0.63612741	12.89014477	-0.60591182
-0.68560023	12.92137517	-0.41261661	-0.68398729	12.92362450	-0.40968601
-0.69939049	12.87641129	-0.41340219	-0.69787885	12.87868836	-0.41042645
-0.70260903	12.84075674	-0.41507492	-0.70117925	12.84303607	-0.41207576
-0.28081368	13.09990555	-0.47164135	-0.27898344	13.10129900	-0.46972629
-0.29789818	13.10964780	-0.39903621	-0.29588032	13.11106817	-0.39707910
-0.32302809	13.10909025	-0.32826686	-0.32084539	13.11055736	-0.32625006
-0.57648170	12.95804788	-0.24582438	-0.57439926	12.96007030	-0.24317987
-0.49531676	12.96056533	-0.18413992	-0.49308675	12.96239786	-0.18170440
-0.63150010	12.95281664	-0.32034139	-0.62960730	12.95496525	-0.31755575
-0.60833240	12.98225909	-0.33743685	-0.60641413	12.98435296	-0.33471450
-0.55346135	12.98988275	-0.27036710	-0.55137201	12.99185218	-0.26778531
-0.37996919	12.95036444	-0.12977277	-0.37765158	12.95193366	-0.12762806
-0.44313517	12.97186213	-0.65126218	-0.44199769	12.97360659	-0.64897084
-0.43065715	13.00402861	-0.62308185	-0.42938663	13.00574448	-0.62081808
-0.51456226	13.00334273	-0.60500482	-0.51325168	13.00520915	-0.60252808
-0.53098636	12.97504830	-0.63084809	-0.52979555	12.97694324	-0.62832725
-0.64331007	12.98801238	-0.50358867	-0.64177610	12.99014153	-0.50078156
-0.66786538	12.96062419	-0.50969802	-0.66640045	12.96279723	-0.50681747
-0.61412946	12.96942135	-0.58259583	-0.61283136	12.97146457	-0.57985493
-0.59288312	12.99649826	-0.56494388	-0.59148778	12.99850956	-0.56226767
-0.61095743	13.01705911	-0.49495528	-0.60934439	13.01912627	-0.49223719
-0.56510420	13.02272616	-0.53820818	-0.56358999	13.02469292	-0.53560803
-0.49572051	13.02889003	-0.56585988	-0.49426312	13.03072181	-0.56343227
-0.66798322	12.95445102	-0.41536610	-0.66630650	12.95666266	-0.41248982
-0.64351874	12.98240351	-0.42152984	-0.64179904	12.98456144	-0.41872422
-0.57619085	13.01316245	-0.36210280	-0.57426781	13.01518266	-0.35946739
-0.60970889	13.01231491	-0.43089815	-0.60794978	13.01439714	-0.42818197
-0.52585846	13.02431437	-0.30485557	-0.52377904	13.02622196	-0.30234574
-0.42637406	13.03459751	-0.58293403	-0.42494466	13.03629763	-0.58067602
0.20391172	13.12001752	-0.17543074	0.20640668	13.12039020	-0.17459407
0.17343046	13.15933457	-0.26005307	0.17582385	13.15977648	-0.25915435
0.20079575	13.14692377	-0.27521181	0.20312814	13.14731022	-0.27437112
0.23559864	13.10631252	-0.18750203	0.23803294	13.10661969	-0.18673280
0.15166434	13.16699478	-0.35476915	0.15386611	13.16748810	-0.35382320
0.17739457	13.15544536	-0.37208338	0.17953230	13.15588716	-0.37119479
0.20512375	13.13800923	-0.28531320	0.20741435	13.13838723	-0.28448208
0.23979378	13.09787591	-0.19399553	0.24219571	13.09817493	-0.19323573
0.21187761	13.14561233	-0.28644938	0.21417926	13.14597724	-0.28563023
0.24536860	13.10426167	-0.18892183	0.24779182	13.10454909	-0.18817233
0.19118842	13.15343555	-0.38940531	0.19328252	13.15385092	-0.38854700
0.23482773	13.15872873	-0.41598378	0.23687193	13.15906124	-0.41521555
0.25819073	13.15031308	-0.30498880	0.26045230	13.15058712	-0.30426328
0.29121514	13.10691433	-0.20041372	0.29361229	13.10711320	-0.19975215
0.27911585	12.93210945	-0.05717845	0.28147349	12.93231276	-0.05650325
0.24284769	13.04911554	-0.10172955	0.24535245	13.04940028	-0.10097714
0.27875428	13.03583434	-0.11368704	0.28120298	13.03604649	-0.11300884
0.31836779	12.91828023	-0.07093755	0.32066326	12.91840647	-0.07034331
0.28899961	13.03367168	-0.11434203	0.29143869	13.03386368	-0.11368259
0.32953863	12.91621317	-0.07450701	0.33182017	12.91631620	-0.07393512
0.33417187	13.03153589	-0.12237788	0.33658322	13.03163687	-0.12180696
0.37321870	12.90774519	-0.08114888	0.37546560	12.90776130	-0.08066262
0.39652390	12.71855361	-0.08624023	0.39839916	12.71850854	-0.08583096
0.35658297	12.73294360	-0.08112941	0.35849914	12.73298268	-0.08064062
0.40995181	12.52318382	-0.11789056	0.41131545	12.52309708	-0.11755950
0.37297188	12.54798865	-0.11255138	0.37441138	12.54798712	-0.11214766
0.34525511	12.73533819	-0.07619973	0.34718786	12.73539957	-0.07568911
0.36095135	12.55096961	-0.10743644	0.36241294	12.55099148	-0.10700983
0.31584496	12.56542044	-0.08854235	0.31738456	12.56553310	-0.08801922
0.30359964	12.75331164	-0.05949501	0.30560470	12.75345657	-0.05889703
0.27074382	12.78560979	-0.91354023	0.27115198	12.78590318	-0.91303957
0.26272403	12.85565614	-0.88773214	0.26330341	12.85595582	-0.88716111
0.24486456	12.86119169	-0.82816449	0.24554913	12.86151261	-0.82753755
0.25411646	12.80047589	-0.85253771	0.25465100	12.80078890	-0.85196453
0.24950313	12.92736474	-0.83650614	0.25028812	12.92767327	-0.83586766
0.23082987	12.92574396	-0.78047586	0.23171143	12.92608542	-0.77979004
0.23762615	12.92114587	-0.76281809	0.23853139	12.92147712	-0.76214186
0.25551672	12.80605628	-0.83174036	0.25609081	12.80636287	-0.83115796
0.22892105	12.86171913	-0.81340613	0.22962583	12.86207793	-0.81272840
0.23234944	12.80454826	-0.83682997	0.23290547	12.80491064	-0.83618529
0.22002103	12.92532732	-0.77052146	0.22091682	12.92569334	-0.76980489
0.17996349	12.93800828	-0.75510663	0.18090992	12.93845303	-0.75429569
0.18595372	12.87084109	-0.79408067	0.18670735	12.87127828	-0.79330331
0.18648654	12.80735586	-0.81548617	0.18708646	12.80780282	-0.81473229
0.27355846	12.71617774	-0.93991259	0.27378564	12.71651545	-0.93950818
0.26008546	12.73944371	-0.87743469	0.26045786	12.73975850	-0.87692173
0.26264828	12.75472968	-0.85488663	0.26308397	12.75503268	-0.85434967
0.27926931	12.71811465	-0.86893021	0.27960800	12.71839130	-0.86846732
0.23964931	12.74690160	-0.86422400	0.24004336	12.74725897	-0.86362901
0.19131261	12.73989918	-0.84550951	0.19172867	12.74035482	-0.84479140
0.29369717	12.32677915	-0.15783375	0.29448951	12.32694699	-0.15741203
0.31337120	12.42297198	-0.12370328	0.31447812	12.42309166	-0.12326115
0.36059573	12.42045419	-0.14100784	0.36163751	12.42046145	-0.14066688
0.34377707	12.35182915	-0.17419620	0.34455650	12.35189250	-0.17389016
0.36477897	12.43300433	-0.14827387	0.36583810	12.43300776	-0.14793317
0.37392922	12.41314444	-0.14639066	0.37492740	12.41311624	-0.14608037
0.35625113	12.34631765	-0.18118157	0.35690929	12.34634404	-0.18094362
0.40962084	12.37899396	-0.15586599	0.41047303	12.37886312	-0.15564805
0.13891277	13.14241709	-0.45986456	0.14084117	13.14294145	-0.45889858
0.16843763	13.12880408	-0.47437432	0.17030595	13.12926921	-0.47347433
0.13986112	13.09069948	-0.56824343	0.14145884	13.09122523	-0.56729615
0.17470533	13.07500090	-0.57954518	0.17624709	13.07545540	-0.57867557
0.18018579	13.11738292	-0.48133761	0.18201574	13.11782479	-0.48046464
0.18608233	13.12371022	-0.48152194	0.18792280	13.12413983	-0.48066122
0.19371914	13.06803877	-0.57605024	0.19525351	13.06845500	-0.57522250
0.21922051	13.07325862	-0.61576135	0.22067858	13.07362633	-0.61498960
0.22106844	13.12918613	-0.51449387	0.22284357	13.12955107	-0.51370710
0.23171680	13.00311621	-0.73468260	0.23281256	13.00345757	-0.73396852
0.21109402	12.99836725	-0.68625862	0.21227821	12.99874824	-0.68549511
0.19681958	13.00165841	-0.68555235	0.19801182	13.00206829	-0.68475568
0.15904610	13.01692498	-0.67355728	0.16029072	13.01740943	-0.67267430
0.41603716	13.08757856	-0.25597676	0.41825878	13.08754068	-0.25555237
0.45183896	13.00605561	-0.17315483	0.45407633	13.00592696	-0.17280388
0.47962020	12.87472631	-0.12791068	0.48169627	12.87452876	-0.12762438
0.32193473	12.99182690	-0.85498865	0.32279042	12.99200923	-0.85446770
0.34316798	12.91407641	-0.94523147	0.34376567	12.91424307	-0.94478605
0.30701286	13.06089035	-0.74219000	0.30818982	13.06109271	-0.74161379
0.15919371	12.96150616	-0.05004366	0.16164240	12.96194961	-0.04912109
0.13784611	13.06607341	-0.09396148	0.14041741	13.06656808	-0.09298598
0.11596408	13.13006223	-0.16343238	0.11851707	13.13061068	-0.16240564
0.10255406	13.03098108	-0.61335985	0.10394824	13.03158067	-0.61234649
0.08469573	13.09626871	-0.53492771	0.08637830	13.09690520	-0.53385742
0.11958588	12.95890182	-0.66827020	0.12073579	12.95946583	-0.66731215
0.49213365	12.67936919	-0.12892187	0.49384962	12.67912994	-0.12869482
0.49604142	12.47051010	-0.15868121	0.49716576	12.47025039	-0.15852253
0.34983504	12.83352314	-0.99944510	0.35020730	12.83369346	-0.99908864
0.34899132	12.75916170	-1.02977619	0.34920869	12.75937998	-1.02950390
0.49148718	12.33360139	-0.19837914	0.49207475	12.33335354	-0.19832493
0.34604623	12.69949785	-1.04970045	0.34610980	12.69973925	-1.04951254
0.17291332	12.47218677	-0.09749853	0.17422944	12.47261407	-0.09671771
0.18200464	12.62782742	-0.06754975	0.18373566	12.62822158	-0.06673862
0.11715302	12.75832908	-0.73886487	0.11780754	12.75891372	-0.73794797
0.11893052	12.82685502	-0.71494779	0.11975517	12.82742910	-0.71401829
0.17575148	12.80689879	-0.04620143	0.17790006	12.80730012	-0.04533411
0.12242656	12.89218591	-0.69682031	0.12340001	12.89274941	-0.69588388
0.34849161	13.14228517	-0.49305829	0.35032053	13.14241088	-0.49251734
0.31980780	13.11464905	-0.61972924	0.32132292	13.11482868	-0.61915379
0.38105733	13.13290324	-0.36742082	0.38313114	13.13294849	-0.36693153
0.08478457	13.16546939	-0.33494209	0.08703426	13.16609499	-0.33385088
0.07960301	13.14216299	-0.43705593	0.08158645	13.14280664	-0.43596010
0.09757100	13.16218537	-0.24381333	0.10001505	13.16277744	-0.24274660
0.87873062	11.96075104	-0.58789820	0.87835366	11.96026221	-0.58816116
0.81676000	12.01719950	-0.47386000	0.81676000	12.01719950	-0.47386000
0.91735473	11.93134639	-0.71867111	0.91673035	11.93070453	-0.71908628
0.90606055	11.99792210	-0.72352418	0.90556029	11.99728791	-0.72394122
0.87254315	12.04546641	-0.63629532	0.87227134	12.04491059	-0.63664647
0.80679700	12.10992775	-0.53229208	0.80677771	12.10954891	-0.53257261
0.94903961	11.92345141	-0.84407242	0.94823305	11.92275150	-0.84456804
0.96699330	11.93940962	-0.95609465	0.96606773	11.93868066	-0.95664021
0.93733168	12.05785629	-0.93885759	0.93665665	12.05717535	-0.93937829
0.92409941	12.02742868	-0.82071244	0.92352048	12.02675911	-0.82118598
0.96572493	11.98207489	-1.04940865	0.96477019	11.98136004	-1.04996993
0.93126571	12.05778084	-1.13582669	0.93034507	12.05714851	-1.13635547
0.90950434	12.12078448	-1.11296363	0.90872885	12.12019050	-1.11346621
0.93393294	12.09321108	-1.03670479	0.93320283	12.09255359	-1.03723116
0.85151859	12.17779931	-1.22567231	0.85071617	12.17734501	-1.22610772
0.73714304	12.33130072	-1.27427454	0.73657926	12.33110016	-1.27456251
0.74251368	12.35905208	-1.20243499	0.74208662	12.35880688	-1.20271300
0.85125657	12.22341212	-1.16280261	0.85061356	12.22294028	-1.16323204
0.59964342	12.48340788	-1.23774820	0.59948784	12.48343661	-1.23774363
0.47088133	12.61453496	-1.15241922	0.47085430	12.61460073	-1.15238978
0.49420000	12.61570000	-1.07906000	0.49420000	12.61570000	-1.07906000
0.61447000	12.50220000	-1.16283000	0.61447000	12.50220000	-1.16283000
0.38282534	12.64887867	-1.04890813	0.38281449	12.64901602	-1.04882868
0.33267602	12.64975498	-0.95508965	0.33272354	12.64998670	-0.95491369
0.37140000	12.64100070	-0.89641000	0.37140000	12.64100070	-0.89641000
0.41679000	12.64250090	-0.98287004	0.41679000	12.64250090	-0.98287004
0.31673530	12.68094650	-0.89395056	0.31695773	12.68116573	-0.89363871
0.31412562	12.70794894	-0.86573161	0.31445386	12.70814767	-0.86535923
0.34347961	12.69475776	-0.80889757	0.34388424	12.69488869	-0.80856226
0.35139739	12.66962915	-0.83743879	0.35171195	12.66972416	-0.83718444
0.30488283	12.69541912	-0.86939396	0.30516985	12.69563985	-0.86899399
0.26250980	12.68573432	-0.83861172	0.26284317	12.68605377	-0.83807967
0.30420441	12.68182272	-0.76995266	0.30466979	12.68204683	-0.76949667
0.34219178	12.68338748	-0.80753225	0.34257226	12.68352193	-0.80718698
0.15973700	12.72201252	-0.70780072	0.16038692	12.72251436	-0.70698214
0.03171163	12.77656469	-0.56474183	0.03271710	12.77732403	-0.56361279
0.03763176	12.81398588	-0.48778462	0.03886575	12.81472314	-0.48665827
0.18551268	12.73641680	-0.63279210	0.18633114	12.73686746	-0.63201456
-0.08301341	12.82041284	-0.50002607	-0.08180071	12.82140876	-0.49864407
-0.19001903	12.85339741	-0.50253771	-0.18874779	12.85461348	-0.50089556
-0.19178634	12.92179983	-0.44209002	-0.19024825	12.92300393	-0.44041503
-0.08335039	12.87979422	-0.42982264	-0.08186758	12.88077155	-0.42840822
-0.29544685	12.87486384	-0.56124529	-0.29427205	12.87630934	-0.55934187
-0.39452201	12.88690273	-0.62788637	-0.39348360	12.88855723	-0.62573361
-0.41032620	12.91452936	-0.57578016	-0.40911101	12.91620260	-0.57357796
-0.30374827	12.92791246	-0.50595123	-0.30234362	12.92935880	-0.50401009
-0.48279494	12.89059210	-0.65483602	-0.48181809	12.89241373	-0.65245247
-0.56230780	12.88733873	-0.64218838	-0.56130812	12.88928842	-0.63957250
-0.56110726	12.88968711	-0.60681999	-0.56001585	12.89163519	-0.60420592
-0.50450814	12.89827232	-0.60633946	-0.50339926	12.90012187	-0.60388905
-0.63583617	12.87922651	-0.58994673	-0.63472912	12.88129986	-0.58711361
-0.68426781	12.86291292	-0.50992546	-0.68299840	12.86511176	-0.50695575
-0.64677415	12.87891156	-0.48197629	-0.64540932	12.88105004	-0.47912420
-0.61020466	12.88823467	-0.55917215	-0.60900170	12.89027492	-0.55641724
-0.68845193	12.83577198	-0.41454141	-0.68703267	12.83802100	-0.41157750
-0.66083869	12.78877586	-0.32513123	-0.65933589	12.79099140	-0.32224791
-0.63933461	12.79522662	-0.33830461	-0.63784661	12.79738934	-0.33547608
-0.65196794	12.84184673	-0.39833822	-0.65050077	12.84402279	-0.39547505
-0.61393837	12.71402468	-0.26273002	-0.61246927	12.71612769	-0.25996889
-0.54050295	12.65299997	-0.21490611	-0.53904412	12.65492857	-0.21236752
-0.52275343	12.71219996	-0.24631876	-0.52124159	12.71409228	-0.24381921
-0.59898077	12.75615920	-0.29528625	-0.59748861	12.75822671	-0.29256719
-0.43322464	12.64739302	-0.16871626	-0.43165172	12.64907879	-0.16647636
-0.30621620	12.62586120	-0.13431934	-0.30461250	12.62726825	-0.13241499
-0.28816458	12.67942363	-0.16331759	-0.28651728	12.68080114	-0.16144243
-0.41418710	12.70477786	-0.19873253	-0.41256576	12.70642627	-0.19653349
-0.17090023	12.52041709	-0.12302966	-0.16951080	12.52154829	-0.12148423
-0.02423399	12.40325252	-0.13290938	-0.02313400	12.40409478	-0.13173325
-0.02127664	12.47305543	-0.16381782	-0.02008979	12.47389952	-0.16262595
-0.15887897	12.58304522	-0.15188525	-0.15741844	12.58415967	-0.15034769
0.13532921	12.34126381	-0.15616841	0.13620770	12.34179224	-0.15536284
0.26248026	12.32135354	-0.18401718	0.26321071	12.32160731	-0.18352725
0.24193671	12.38176340	-0.23531624	0.24271421	12.38209986	-0.23474117
0.12588133	12.40891062	-0.19710075	0.12683088	12.40947189	-0.19625120
0.31191151	12.35547042	-0.20628081	0.31264684	12.35563646	-0.20589772
0.29807600	12.43992763	-0.27471784	0.29892371	12.44017410	-0.27424231
0.28963103	12.41214580	-0.26086062	0.29042875	12.41240256	-0.26038102
0.32118701	12.34683727	-0.21968510	0.32180443	12.34702542	-0.21937537
0.34620000	12.27620000	-0.23202000	0.34620000	12.27620000	-0.23202000
0.32595716	12.33407329	-0.28823541	0.32645366	12.33431346	-0.28795307
0.29586296	12.39898343	-0.27647174	0.29659709	12.39926510	-0.27604190
0.44425997	12.21770000	-0.27141000	0.44425997	12.21770000	-0.27141000
0.57587000	12.16340070	-0.32883000	0.57587000	12.16340070	-0.32883000
0.57332611	12.24047985	-0.38362791	0.57356546	12.24032873	-0.38367580
0.43217319	12.28520312	-0.32694529	0.43248244	12.28522015	-0.32683947
0.70622003	12.08180000	-0.39380000	0.70622003	12.08180000	-0.39380000
0.70263341	12.17751962	-0.44968660	0.70277295	12.17723570	-0.44985212
0.76154852	12.38995304	-1.05158839	0.76132437	12.38958755	-1.05186748
0.86130296	12.23958031	-1.05236079	0.86081430	12.23905157	-1.05279316
0.78305654	12.37223275	-0.86392288	0.78300166	12.37178085	-0.86423907
0.87195610	12.21736346	-0.91203054	0.87159384	12.21677986	-0.91247011
0.79676298	12.25701558	-0.67657690	0.79677175	12.25652603	-0.67691365
0.87265610	12.14303331	-0.75972391	0.87235967	12.14242786	-0.76014158
0.53562054	12.60660460	-0.90262509	0.53578796	12.60648394	-0.90261343
0.64747906	12.52025505	-0.99177811	0.64750258	12.52006414	-0.99188651
0.57004891	12.53610248	-0.69106712	0.57044773	12.53592526	-0.69105777
0.68062629	12.47505762	-0.78298461	0.68081475	12.47473647	-0.78314818
0.57643844	12.38361712	-0.51119847	0.57684152	12.38342819	-0.51121404
0.69618810	12.33595160	-0.59148172	0.69642241	12.33560031	-0.59168079
-0.20146980	12.91677196	-0.35715310	-0.19975476	12.91798717	-0.35545314
-0.09575230	12.87266843	-0.34291380	-0.09409965	12.87366451	-0.34146580
-0.22235109	12.85879416	-0.27053808	-0.22056197	12.86004456	-0.26879350
-0.11598353	12.80822429	-0.25868089	-0.11427722	12.80925544	-0.25719220
-0.00005723	12.73978814	-0.29602086	0.00142773	12.74059457	-0.29480890
0.02237423	12.80605423	-0.39170568	0.02379245	12.80681686	-0.39053960
-0.25600474	12.76850243	-0.20750756	-0.25426820	12.76981811	-0.20569353
-0.13904237	12.69487403	-0.19647052	-0.13744138	12.69594988	-0.19494880
-0.01374219	12.60770500	-0.21951409	-0.01237570	12.60854006	-0.21829926
-0.53937676	12.91837261	-0.52471543	-0.53803188	12.92029027	-0.52216579
-0.57234850	12.91193804	-0.43264057	-0.57080602	12.91393776	-0.43000152
-0.46922645	12.93175269	-0.37247208	-0.46750905	12.93353255	-0.37010648
-0.43726567	12.94473305	-0.47838178	-0.43576436	12.94644770	-0.47610083
-0.58823719	12.83987366	-0.35349191	-0.58667969	12.84191805	-0.35080378
-0.49858240	12.82967746	-0.29600746	-0.49691864	12.83151794	-0.29356251
-0.32041709	12.94261222	-0.41189598	-0.31876865	12.94407989	-0.40990827
-0.34624398	12.90713092	-0.31302441	-0.34444303	12.90864534	-0.31097358
-0.38160935	12.80956901	-0.24415865	-0.37986498	12.81115309	-0.24202740
0.30115414	12.63985145	-0.64557072	0.30178468	12.64010594	-0.64505286
0.34229013	12.63606432	-0.66993421	0.34286451	12.63623875	-0.66950733
0.27693431	12.57278479	-0.49505773	0.27770909	12.57309037	-0.49447193
0.32309788	12.57136855	-0.50580464	0.32385245	12.57158649	-0.50530833
0.32767883	12.58930064	-0.49026222	0.32849484	12.58951050	-0.48977741
0.34364262	12.65032408	-0.66151742	0.34426403	12.65049628	-0.66109705
0.35014591	12.63286562	-0.68437566	0.35070422	12.63302907	-0.68397710
0.32955068	12.57519707	-0.50523515	0.33031224	12.57540932	-0.50476265
0.36086858	12.55516916	-0.54653816	0.36152573	12.55532746	-0.54613018
0.37812315	12.61414954	-0.73572341	0.37856477	12.61427730	-0.73539954
0.33593370	12.44097082	-0.39491540	0.33660171	12.44119366	-0.39452372
0.30509200	12.48779872	-0.37052229	0.30590653	12.48805570	-0.37003564
0.29972065	12.49168969	-0.36535111	0.30055014	12.49194505	-0.36484189
0.25213505	12.47804171	-0.34858726	0.25295427	12.47839427	-0.34799372
0.45281772	12.55263934	-0.61014994	0.45337504	12.55263905	-0.60991547
0.44239242	12.62105394	-0.81320112	0.44268082	12.62106669	-0.81305278
0.44115806	12.41105342	-0.44383774	0.44168592	12.41107740	-0.44364378
0.15029462	12.64175017	-0.40068890	0.15137413	12.64227453	-0.39982149
0.17528134	12.71218777	-0.52341234	0.17625878	12.71266821	-0.52259890
0.13184874	12.52459492	-0.28515150	0.13289552	12.52515888	-0.28427321
0.18341335	13.14592308	-0.38443092	0.18550537	13.14635341	-0.38355712
0.28197117	13.02950428	-0.12089610	0.28438966	13.02970993	-0.12022313
0.32066538	12.91487539	-0.08035360	0.32293385	12.91499709	-0.07976527
0.34762514	12.73463047	-0.08672231	0.34953284	12.73468918	-0.08621901
0.36410709	12.55527596	-0.11734190	0.36555809	12.55529668	-0.11692009
0.24930235	12.86018285	-0.80734736	0.25001975	12.86049535	-0.80672099
0.34905787	12.37392836	-0.18139453	0.34986385	12.37398640	-0.18108589
0.19180795	13.06286349	-0.57884233	0.19332748	13.06328396	-0.57801123
0.21461953	12.99308690	-0.67968519	0.21580725	12.99346145	-0.67892915
0.89305585	11.95527898	-0.57459021	0.89268658	11.95477428	-0.57487064
0.82756042	12.01952504	-0.45674868	0.82759365	12.01951471	-0.45675809
0.93454366	11.91677610	-0.71021858	0.93390110	11.91610554	-0.71065271
0.74038649	12.32994197	-1.28982669	0.73979945	12.32974096	-1.29011969
0.46127673	12.62048836	-1.16594996	0.46124820	12.62056546	-1.16590947
0.35368997	12.66036925	-1.05683973	0.35369480	12.66057951	-1.05670214
0.28846462	12.66480723	-0.95699306	0.28855258	12.66513359	-0.95670154
0.27638071	12.69418128	-0.89431028	0.27663266	12.69448964	-0.89389991
0.26053139	12.70502454	-0.87997388	0.26079870	12.70535212	-0.87944602
0.21266514	12.69165294	-0.86082791	0.21295632	12.69207733	-0.86017541
0.12725528	12.71415047	-0.74445070	0.12781644	12.71472162	-0.74356832
0.02245354	12.74806410	-0.61226109	0.02331317	12.74884471	-0.61111833
-0.18355989	12.79015358	-0.54358630	-0.18250332	12.79137114	-0.54199272
-0.28650977	12.83273871	-0.59259871	-0.28548750	12.83417827	-0.59073703
-0.47048421	12.89570788	-0.67721681	-0.46955559	12.89751448	-0.67486964
-0.55243691	12.89874060	-0.66476006	-0.55147393	12.90067609	-0.66217474
-0.69666304	12.86727598	-0.52132840	-0.69541109	12.86949353	-0.51832612
-0.17257438	12.53005711	-0.10090929	-0.17111314	12.53118416	-0.09935542
0.15370507	12.35662331	-0.13170404	0.15467423	12.35710159	-0.13093207
0.31935839	12.38347586	-0.21884530	0.32012974	12.38364254	-0.21846502
0.38626030	12.29206709	-0.19505474	0.38648369	12.29199232	-0.19504164
0.47131351	12.23551439	-0.23859612	0.47145312	12.23541434	-0.23859298
0.71461625	12.09118107	-0.37195219	0.71465150	12.09113828	-0.37196463
0.30675472	12.51471245	-0.36347579	0.30764030	12.51495178	-0.36297451
0.59593932	12.77375148	-0.53966576	0.59698190	12.77346834	-0.53962890
0.32063832	12.98888436	-0.52290529	0.32212397	12.98906230	-0.52234430
0.05394256	12.99713991	-0.25105103	0.05604143	12.99781845	-0.24991186
0.12280374	13.07891807	-0.29680550	0.12496101	13.07946138	-0.29580564
0.33778316	12.86697943	-0.28750720	0.33953407	12.86708862	-0.28697344
0.04798768	12.97050837	-0.40947865	0.04969286	12.97121347	-0.40833987
0.14256409	13.04699604	-0.40665761	0.14441964	13.04750808	-0.40571014
0.37681941	12.82295794	-0.68848710	0.37767809	12.82303091	-0.68810308
0.18045714	13.02908236	-0.16939305	0.18278308	13.02949727	-0.16851629
0.22867232	12.81714628	-0.78625007	0.22935093	12.81750451	-0.78558527
0.34229718	12.75777759	-0.52528966	0.34336372	12.75793341	-0.52480829
0.33704604	12.88744669	-0.83562199	0.33775720	12.88758874	-0.83516546
0.40552806	12.43401829	-0.24212356	0.40640595	12.43399853	-0.24183992
0.26371981	13.04681045	-0.43778248	0.26549952	13.04708490	-0.43708732
0.48482293	12.68300189	-0.66504771	0.48548757	12.68292571	-0.66487517
0.70524690	12.74492928	-0.77326924	0.70583040	12.74453310	-0.77342044
0.34874527	12.93762233	-0.19313870	0.35082368	12.93769749	-0.19260834
-0.40808649	12.91724784	-0.22702966	-0.40606092	12.91888883	-0.22482140
0.17576811	13.08189946	-0.23840356	0.17805246	13.08233194	-0.23751349
0.33607526	12.94644282	-0.68134205	0.33716940	12.94659004	-0.68084728
-0.49562244	12.91755240	-0.26637725	-0.49368524	12.91938934	-0.26394255
0.24907298	13.03125435	-0.31934945	0.25107577	13.03154263	-0.31862015
0.30300101	12.45906015	-0.19582524	0.30405165	12.45925067	-0.19534443
0.14001161	13.10019627	-0.35899243	0.14207465	13.10071040	-0.35802924
0.22878679	13.07804478	-0.47929952	0.23054158	13.07839062	-0.47853294
0.27062050	12.61241505	-0.23812291	0.27197414	12.61267572	-0.23750252
0.18401577	12.93891722	-0.49914133	0.18546660	12.93935595	-0.49830363
0.28636251	12.89247546	-0.82460728	0.28710342	12.89271334	-0.82405050
0.29220799	12.84169155	-0.82836594	0.29285312	12.84191958	-0.82784465
0.24786438	13.02269567	-0.53573101	0.24939334	13.02300944	-0.53501779
0.39606963	12.79638310	-0.19226034	0.39787908	12.79635692	-0.19183572
0.51021259	12.58902032	-0.43001758	0.51115431	12.58886476	-0.42984139
0.31060719	12.76218697	-0.88246045	0.31101526	12.76238413	-0.88204777
0.17521615	12.96683815	-0.63424742	0.17644831	12.96729041	-0.63340639
0.40066991	12.37371359	-0.21974832	0.40137822	12.37365831	-0.21952403
0.36985349	12.48276300	-0.30822023	0.37075961	12.48285595	-0.30784810
0.21562831	12.86823877	-0.17802049	0.21761379	12.86858147	-0.17722991
0.39337013	12.73022424	-0.90711622	0.39367728	12.73025866	-0.90690766
0.30373164	12.79425706	-0.84319471	0.30426425	12.79446459	-0.84273047
0.16799627	13.11449744	-0.27043375	0.17027700	13.11494895	-0.26952636
0.43132492	12.60380539	-0.24300798	0.43267753	12.60373710	-0.24268197
0.22502424	12.86209074	-0.76258712	0.22582544	12.86245105	-0.76189677
0.43318481	12.71229572	-0.82440750	0.43359617	12.71227865	-0.82421843
0.83301261	12.73955018	-0.87026603	0.83349405	12.73902097	-0.87056144
0.57081772	12.78908541	-0.92585453	0.57120969	12.78888976	-0.92580740
0.35931454	12.68403362	-0.19323827	0.36090732	12.68409290	-0.19276823
0.27045876	12.76211592	-0.17397034	0.27224292	12.76235009	-0.17331223
