0.83412768	12.74736385	-0.41678725	0.83147377	12.74887219	-0.41605669
0.80144313	12.88496373	-0.44649080	0.79816875	12.88635862	-0.44583969
0.88122245	12.84490039	-0.54283016	0.87851167	12.84657690	-0.54193223
0.91685976	12.71228308	-0.52729767	0.91474884	12.71407220	-0.52631688
0.75728939	12.97443220	-0.50797220	0.75375016	12.97561792	-0.50744861
0.84101726	12.92995818	-0.58677342	0.83803000	12.93147334	-0.58598599
0.89303095	12.88796688	-0.64596834	0.89046602	12.88967363	-0.64504484
0.93332848	12.81894284	-0.63935942	0.93107181	12.82080309	-0.63833097
0.97064884	12.69039775	-0.63948611	0.96894472	12.69236433	-0.63837454
0.71376693	12.76998412	-1.16296497	0.71316637	12.77068016	-1.16263296
0.83654648	12.72243247	-1.13910250	0.83601738	12.72363956	-1.13846418
0.80181061	12.82869652	-1.07113827	0.80074439	12.82983118	-1.07057775
0.67922772	12.87212726	-1.09023845	0.67810944	12.87280102	-1.09001172
0.93731189	12.69150504	-1.07455215	0.93672595	12.69317453	-1.07364431
0.90096512	12.80209548	-1.01654387	0.89983027	12.80364571	-1.01570360
0.85900986	12.86999820	-0.96678709	0.85749539	12.87142008	-0.96603263
0.77968513	12.90920584	-0.98371648	0.77809853	12.91035360	-0.98318033
0.65686884	12.95235741	-0.99150818	0.65516547	12.95304621	-0.99130053
0.57146164	12.84010394	-0.21102862	0.56750759	12.84059910	-0.21115530
0.54890006	12.97619808	-0.26044908	0.54428372	12.97654574	-0.26071457
0.68707482	12.93147584	-0.34925442	0.68313215	12.93243576	-0.34899222
0.71266696	12.79264141	-0.30761649	0.70937915	12.79371080	-0.30726400
0.51671003	13.06090962	-0.34622917	0.51187802	13.06103737	-0.34662000
0.64920015	13.02024693	-0.42630102	0.64501807	13.02098219	-0.42616332
0.46039448	12.87975304	-1.06765083	0.45926039	12.87957740	-1.06801790
0.58893381	12.82825146	-1.13799286	0.58812637	12.82851641	-1.13802422
0.55481062	12.92037384	-1.06633736	0.55347107	12.92058855	-1.06643257
0.42772139	12.96147409	-0.99403482	0.42596153	12.96116222	-0.99449308
0.53027055	12.99477013	-0.96539628	0.52826981	12.99491878	-0.96553756
0.40208411	13.03000386	-0.89237571	0.39960603	13.02953438	-0.89293172
-0.04529347	12.97649023	-0.08325166	-0.05072650	12.97351911	-0.08575348
-0.17312703	12.98354938	-0.10660089	-0.17853872	12.97972648	-0.10954187
-0.17737209	13.05605228	-0.15455714	-0.18310084	13.05212556	-0.15761995
-0.05376136	13.06295085	-0.12892224	-0.05960745	13.05986652	-0.13157643
-0.29094448	12.98105052	-0.14350190	-0.29621561	12.97641703	-0.14682412
-0.29336590	13.04165067	-0.19306624	-0.29887483	13.03692331	-0.19648900
-0.29521793	13.08168602	-0.25935577	-0.30078118	13.07683852	-0.26284739
-0.18037992	13.10164053	-0.22169781	-0.18620230	13.09758325	-0.22483854
-0.05995797	13.11560035	-0.19611448	-0.06593910	13.11237819	-0.19887153
0.00649781	12.95348183	-0.60815068	0.00297445	12.95019091	-0.61043508
-0.01272755	13.01484900	-0.58507843	-0.01684638	13.01138294	-0.58757367
-0.09334525	13.01484718	-0.57409628	-0.09750638	13.01083694	-0.57683073
-0.07663700	12.95901733	-0.58836036	-0.08033700	12.95512945	-0.59095362
-0.03545414	13.06900134	-0.53904313	-0.04015104	13.06540401	-0.54170850
-0.11692656	13.06119616	-0.53943614	-0.12153215	13.05706128	-0.54231898
-0.20931142	13.05167263	-0.55582178	-0.21380298	13.04690546	-0.55899709
-0.18533610	13.01041592	-0.59087948	-0.18943832	13.00576044	-0.59391388
-0.16897220	12.95919524	-0.60711138	-0.17265987	12.95464665	-0.61002092
0.98709272	12.30062499	-0.66454708	0.98707559	12.30251982	-0.66341161
0.97150866	12.08083144	-0.68118641	0.97241549	12.08261805	-0.68019830
0.91512142	12.10492968	-0.54716366	0.91537716	12.10618735	-0.54637780
0.92571740	12.31358798	-0.53072929	0.92527835	12.31512366	-0.52979622
0.83428120	12.15155879	-0.42787113	0.83408613	12.15226607	-0.42738125
0.83813487	12.33680905	-0.40695830	0.83737029	12.33798465	-0.40626294
0.98412470	12.39067818	-1.13495522	0.98488282	12.39258879	-1.13390875
0.88838500	12.44845189	-1.20561049	0.88899406	12.44988673	-1.20480595
0.88828170	12.28894875	-1.22994681	0.88968151	12.29039466	-1.22909209
0.98173389	12.19931973	-1.14996810	0.98339389	12.20124198	-1.14891196
0.75875223	12.52062257	-1.23658192	0.75895305	12.52133747	-1.23610618
0.75904770	12.40054556	-1.26747356	0.75996282	12.40129785	-1.26694142
0.87880330	12.18396849	-1.23761615	0.88069027	12.18537717	-1.23675721
0.96613252	12.06429250	-1.14803714	0.96838610	12.06615154	-1.14701212
0.98779286	12.51034700	-0.65012194	0.98688866	12.51233006	-0.64897043
0.92871613	12.52525680	-0.52460431	0.92743195	12.52699870	-0.52359420
0.84180369	12.55241734	-0.40426943	0.84010967	12.55387487	-0.40350147
0.86800867	12.59409777	-1.17959443	0.86795825	12.59537793	-1.17887959
0.96747880	12.55456054	-1.11196676	0.96750564	12.55636539	-1.11097807
0.74213128	12.64817189	-1.20645792	0.74196111	12.64885067	-1.20602310
0.59089614	12.42475081	-0.22520333	0.58950717	12.42527550	-0.22507808
0.58284854	12.64046435	-0.20431302	0.58007024	12.64100253	-0.20432228
0.71973691	12.59302560	-0.29557817	0.71754933	12.59405925	-0.29516651
0.72011471	12.37705021	-0.30610106	0.71904230	12.37787532	-0.30571187
0.46755686	12.70342156	-1.15206635	0.46733900	12.70328255	-1.15217816
0.61187183	12.61522580	-1.21916857	0.61182093	12.61532179	-1.21907096
0.60720332	12.72009153	-1.18625414	0.60690588	12.72032747	-1.18619054
0.46993679	12.78735129	-1.11983572	0.46930593	12.78722228	-1.12008824
0.58587342	12.17565483	-0.30170478	0.58578915	12.17575322	-0.30168504
0.59301744	12.28413084	-0.26163477	0.59242805	12.28453507	-0.26149286
0.72023023	12.22030134	-0.33587075	0.71982095	12.22086115	-0.33559814
0.60279156	12.48653816	-1.25185122	0.60312294	12.48653508	-1.25185752
0.60789163	12.53429013	-1.24360544	0.60804570	12.53434500	-1.24359715
0.46248073	12.64775798	-1.16703331	0.46242445	12.64761015	-1.16708000
-0.02735648	12.69877272	-0.07773889	-0.03100582	12.69593249	-0.07981288
-0.17797326	12.76215786	-0.08741394	-0.18200225	12.75833717	-0.09005351
-0.17206421	12.88552282	-0.08672512	-0.17689837	12.88173708	-0.08952516
-0.03337855	12.85338037	-0.06926062	-0.03806166	12.85050332	-0.07155328
-0.31496961	12.80892033	-0.11352105	-0.31921240	12.80418001	-0.11665933
-0.29929087	12.90465134	-0.11867465	-0.30414221	12.90000404	-0.12190537
0.00906551	12.82506144	-0.63452402	0.00656453	12.82187568	-0.63663526
0.01193430	12.89007609	-0.62288511	0.00893876	12.88686880	-0.62504324
-0.07087774	12.89768531	-0.59633277	-0.07408510	12.89387316	-0.59881670
-0.07657907	12.83306437	-0.59923206	-0.07931248	12.82924626	-0.60167006
-0.16378640	12.90203184	-0.61405678	-0.16704270	12.89753003	-0.61687526
-0.17130660	12.84127251	-0.61192859	-0.17412569	12.83674962	-0.61470598
-0.04524398	12.40145340	-0.12845660	-0.04685682	12.39843901	-0.13026445
-0.19397680	12.61414243	-0.10360655	-0.19699181	12.61019815	-0.10610288
-0.03562228	12.52734620	-0.09956689	-0.03810823	12.52442144	-0.10145474
-0.34534705	12.60212038	-0.14316041	-0.34816446	12.59714854	-0.14607725
-0.33433775	12.69036707	-0.12400652	-0.33777953	12.68548842	-0.12702239
0.00221898	12.75887625	-0.64581197	0.00022740	12.75567120	-0.64793312
-0.09347148	12.76650139	-0.59552930	-0.09574224	12.76260374	-0.59800139
-0.11069456	12.73932744	-0.57528361	-0.11284698	12.73532166	-0.57782410
-0.19364292	12.77862385	-0.59898577	-0.19606906	12.77398612	-0.60177430
-0.41221675	12.97427694	-0.19299899	-0.41728451	12.96878823	-0.19668946
-0.40546246	13.02408237	-0.23952346	-0.41070710	13.01855789	-0.24327254
-0.52086447	12.96434305	-0.24929564	-0.52568218	12.95809367	-0.25331015
-0.50208417	13.00500640	-0.29099817	-0.50703652	12.99878585	-0.29502728
-0.48068588	13.03797076	-0.34187380	-0.48570325	13.03179214	-0.34589174
-0.39630409	13.06042844	-0.29940473	-0.40160766	13.05485885	-0.30318598
-0.28919603	13.00550860	-0.61033345	-0.29323791	13.00014026	-0.61369486
-0.27356185	12.96014713	-0.63442570	-0.27722862	12.95485780	-0.63766975
-0.31051408	13.04226489	-0.57057094	-0.31491436	13.03680506	-0.57405488
-0.40466885	13.03202640	-0.57883946	-0.40898252	13.02590736	-0.58261787
-0.38889737	13.00037499	-0.62314209	-0.39288633	12.99428629	-0.62681833
-0.37842758	12.96174020	-0.65633559	-0.38209539	12.95566872	-0.65992189
-0.27365118	12.91137769	-0.64937353	-0.27693725	12.90607593	-0.65255164
-0.38503216	12.92245239	-0.68046780	-0.38837582	12.91631690	-0.68402542
-0.39918566	12.88486923	-0.69407371	-0.40227977	12.87862998	-0.69761927
-0.28535942	12.86175525	-0.65312170	-0.28829584	12.85638273	-0.65627809
-0.56276047	12.85824673	-0.20720878	-0.56704191	12.85183473	-0.21113798
-0.58002239	12.73592063	-0.21143329	-0.58355612	12.72941700	-0.21514351
-0.65692776	12.77093074	-0.26920442	-0.66052672	12.76384948	-0.27321093
-0.64077761	12.86725432	-0.26940093	-0.64493570	12.86025978	-0.27356731
-0.58594951	12.63107950	-0.22768810	-0.58884187	12.62451697	-0.23115278
-0.66263725	12.68813406	-0.28054117	-0.66575681	12.68100321	-0.28431723
-0.71241234	12.75660402	-0.35105170	-0.71574464	12.74902656	-0.35517685
-0.70716644	12.80905024	-0.34567176	-0.71079314	12.80151129	-0.34990149
-0.69236088	12.87242887	-0.34792148	-0.69633702	12.86497102	-0.35222555
-0.47583429	12.62340551	-0.17958021	-0.47873307	12.61761313	-0.18280298
-0.46697958	12.71998611	-0.16162842	-0.47051657	12.71424329	-0.16503499
-0.44790423	12.83992393	-0.15464536	-0.45221949	12.83428886	-0.15822009
-0.49518396	12.89920347	-0.70527633	-0.49842938	12.89243891	-0.70910473
-0.50161743	12.87195346	-0.71548520	-0.50471195	12.86517171	-0.71930349
-0.41082440	12.85148865	-0.69549357	-0.41370992	12.84519006	-0.69902929
-0.58178041	12.90365959	-0.68547183	-0.58515413	12.89651939	-0.68955281
-0.58602790	12.87669494	-0.69991345	-0.58925116	12.86955136	-0.70399091
-0.42132919	12.83468034	-0.68491740	-0.42412827	12.82832957	-0.68847279
-0.30397032	12.81346888	-0.64453368	-0.30659501	12.80799035	-0.64769701
0.88765693	12.89440129	-0.89755226	0.88583062	12.89597157	-0.89669553
0.78567928	12.95919966	-0.88554666	0.78356153	12.96039936	-0.88494948
0.90179447	12.90970950	-0.80858248	0.89961403	12.91138088	-0.80767773
0.80421994	12.98009901	-0.78061149	0.80167055	12.98140909	-0.77993057
0.69051783	13.03300385	-0.74202190	0.68751060	13.03383683	-0.74167674
0.66490945	13.00774119	-0.87129415	0.66252631	13.00847118	-0.87101449
0.90121836	12.90646211	-0.71648862	0.89879905	12.90817415	-0.71555623
0.81896008	12.97236698	-0.67385398	0.81606660	12.97376969	-0.67313283
0.72102382	13.02265119	-0.61420832	0.71762945	13.02363795	-0.61378029
0.99583137	12.68295690	-0.97867332	0.99505871	12.68493484	-0.97758347
0.95448716	12.80382955	-0.93439314	0.95313081	12.80565279	-0.93338266
1.01709306	12.68448604	-0.86676601	1.01604447	12.68658259	-0.86558649
0.97222343	12.81424358	-0.83716147	0.97055629	12.81617573	-0.83606914
1.00636586	12.68392810	-0.75343152	1.00500600	12.68601161	-0.75224997
0.96435466	12.81423611	-0.73779460	0.96239742	12.81617622	-0.73670436
0.54179405	13.04983530	-0.82903672	0.53900653	13.05001739	-0.82913358
0.57396878	13.07687974	-0.67998180	0.57047515	13.07718017	-0.68000293
0.44559611	13.11168004	-0.60138145	0.44147146	13.11130911	-0.60191272
0.41355964	13.08329567	-0.75311487	0.41022790	13.08277992	-0.75367555
0.61059282	13.06767121	-0.54156133	0.60658942	13.06816268	-0.54151112
0.48097608	13.10505948	-0.46307637	0.47632434	13.10492340	-0.46355686
-0.41390653	13.05024443	-0.52129934	-0.41849810	13.04416347	-0.52513488
-0.49663815	13.03071975	-0.53329377	-0.50106637	13.02413193	-0.53734262
-0.47634054	13.01896832	-0.57551824	-0.48058327	13.01243444	-0.57948839
-0.42633971	13.05713937	-0.45840017	-0.43114304	13.05108702	-0.46228747
-0.51898276	13.03292817	-0.48877118	-0.52354170	13.02627298	-0.49288697
-0.60249351	13.00521165	-0.51724682	-0.60680845	12.99803847	-0.52152163
-0.56483676	13.00721678	-0.54992047	-0.56908023	13.00021737	-0.55410038
-0.52706069	13.00564807	-0.57620140	-0.53122021	12.99882213	-0.58027821
-0.45211706	13.05426724	-0.39816133	-0.45707763	13.04816264	-0.40212078
-0.53292825	13.02926919	-0.43735608	-0.53760084	13.02260924	-0.44150764
-0.54774801	13.01518889	-0.38615785	-0.55248163	13.00853270	-0.39033142
-0.59264326	12.99716035	-0.41799949	-0.59716648	12.99018162	-0.42225496
-0.60450432	13.00159787	-0.46667061	-0.60892924	12.99447631	-0.47095556
-0.05346526	13.10980387	-0.45738473	-0.05872227	13.10621493	-0.46014944
-0.14292747	13.09416015	-0.46945433	-0.14797387	13.08994606	-0.47246869
-0.06334254	13.13348984	-0.36177060	-0.06897994	13.12998671	-0.36457509
-0.16489158	13.11330947	-0.38317403	-0.17031809	13.10909212	-0.38628662
-0.26431676	13.09316932	-0.41426210	-0.26950050	13.08825831	-0.41767815
-0.23740117	13.07877550	-0.49251249	-0.24226327	13.07391589	-0.49582132
-0.06442296	13.13727380	-0.27424393	-0.07030987	13.13389630	-0.27705533
-0.17677512	13.11827830	-0.29927260	-0.18247441	13.11411883	-0.30242619
-0.28468399	13.09653545	-0.33461360	-0.29012106	13.09162984	-0.33809459
1.00451239	11.98662242	-1.05109462	1.00697068	11.98865759	-1.05003081
1.02344565	12.13200884	-1.04908655	1.02519875	12.13414363	-1.04794374
1.00602443	11.94196788	-0.94587430	1.00847156	11.94402901	-0.94483278
1.02871518	12.08922014	-0.93469006	1.03039008	12.09138457	-0.93354094
1.04220225	12.30737278	-0.91915818	1.04285186	12.30957845	-0.91793144
1.03164979	12.34134156	-1.03545242	1.03241763	12.34348771	-1.03427258
0.98562663	11.92505336	-0.82764924	0.98778890	11.92698796	-0.82672815
1.01037199	12.07370423	-0.81161794	1.01176950	12.07576005	-0.81053038
1.02672491	12.29627278	-0.79481106	1.02710068	12.29839466	-0.79359200
1.02226090	12.52694285	-1.01163538	1.02219312	12.52903043	-1.01048175
1.03958204	12.51029409	-0.89590987	1.03931018	12.51247193	-0.89467644
1.02644157	12.50508072	-0.77462638	1.02587962	12.50721753	-0.77339488
-0.66794180	12.89848275	-0.63297329	-0.67147093	12.89094849	-0.63721176
-0.67430165	12.86858343	-0.64458773	-0.67765846	12.86102634	-0.64881450
-0.72591807	12.88854673	-0.55259900	-0.72956608	12.88072223	-0.55694283
-0.73588055	12.85229395	-0.55816737	-0.73934114	12.84442020	-0.56249546
-0.67582901	12.84520136	-0.64570290	-0.67906633	12.83764431	-0.64991952
-0.72750675	12.87951657	-0.45005006	-0.73129467	12.87172891	-0.45441257
-0.74012579	12.83416600	-0.45041150	-0.74366954	12.82630160	-0.45473492
-0.74242152	12.79841629	-0.45171660	-0.74578490	12.79053880	-0.45600429
-0.32764685	13.06511442	-0.50870434	-0.33237178	13.05962578	-0.51227976
-0.34671927	13.07591776	-0.43655962	-0.35172534	13.07042605	-0.44020983
-0.37300148	13.07597619	-0.36592057	-0.37820596	13.07043925	-0.36965460
-0.62168352	12.91984990	-0.28274232	-0.62611989	12.91294228	-0.28696027
-0.54173887	12.92484852	-0.22059216	-0.54638992	12.91853133	-0.22459223
-0.67545944	12.91277425	-0.35770137	-0.67964196	12.90540343	-0.36203787
-0.65284417	12.94252787	-0.37501283	-0.65715697	12.93526205	-0.37934387
-0.59929358	12.95198080	-0.30758769	-0.60385825	12.94515981	-0.31179820
-0.42781976	12.91882285	-0.16506251	-0.43261222	12.91328045	-0.16871401
-0.48273241	12.93059570	-0.68732492	-0.48618011	12.92389531	-0.69115918
-0.47153145	12.96343747	-0.65962491	-0.47522094	12.95682237	-0.66349373
-0.55556873	12.96175602	-0.64240004	-0.55933727	12.95472915	-0.64647776
-0.57086765	12.93282638	-0.66801245	-0.57442772	12.92572302	-0.67208922
-0.68546877	12.94616424	-0.54174506	-0.68941717	12.93853894	-0.54608297
-0.70936300	12.91841662	-0.54766209	-0.71316670	12.91067563	-0.55200874
-0.65465780	12.92696985	-0.62048214	-0.65834273	12.91948820	-0.62472586
-0.63430008	12.95454250	-0.60299703	-0.63815648	12.94715701	-0.60723719
-0.65393767	12.97577196	-0.53327286	-0.65805949	12.96831809	-0.53759894
-0.60758544	12.98152239	-0.57632379	-0.61163562	12.97428482	-0.58056162
-0.53801298	12.98819328	-0.60345083	-0.54200841	12.98127741	-0.60752644
-0.71060723	12.91293561	-0.45306344	-0.71456772	12.90524066	-0.45743453
-0.68669893	12.94128917	-0.45941152	-0.69079390	12.93371924	-0.46377032
-0.62116451	12.97378354	-0.39991041	-0.62559798	12.96666570	-0.40420600
-0.65356249	12.97174647	-0.46900910	-0.65780877	12.96435621	-0.47335063
-0.57231585	12.98661520	-0.34247147	-0.57699656	12.97988976	-0.34666778
-0.46867307	12.99473850	-0.61998876	-0.47265037	12.98818670	-0.62389555
0.14501206	13.11293344	-0.20260094	0.13908621	13.11101818	-0.20463053
0.11496053	13.14874256	-0.28987242	0.10906736	13.14652652	-0.29206788
0.14299091	13.13733971	-0.30398579	0.13721556	13.13529564	-0.30607007
0.17738643	13.10054648	-0.21324908	0.17157739	13.09882743	-0.21513136
0.09463765	13.15247784	-0.38623709	0.08894676	13.14999293	-0.38854984
0.11927953	13.14091906	-0.40458599	0.11359478	13.13852702	-0.40692212
0.14764991	13.12825993	-0.31384752	0.14194293	13.12622930	-0.31591672
0.18210371	13.09215481	-0.21936347	0.17636734	13.09045933	-0.22121281
0.15385851	13.13615999	-0.31494233	0.14809986	13.13416452	-0.31699457
0.18717664	13.09895910	-0.21422573	0.18138248	13.09730000	-0.21606371
0.13305521	13.13938792	-0.42160914	0.12741664	13.13707014	-0.42389935
0.17821818	13.14721373	-0.44441142	0.17271010	13.14520979	-0.44637348
0.19921274	13.14281057	-0.33193631	0.19342452	13.14107159	-0.33381876
0.23286706	13.10384819	-0.22401993	0.22708565	13.10246087	-0.22567804
0.22569491	12.93104496	-0.07672806	0.22056660	12.92977738	-0.07820105
0.18513169	13.04549240	-0.12557491	0.17940810	13.04391066	-0.12736216
0.22184889	13.03380598	-0.13589943	0.21624261	13.03244395	-0.13752465
0.26576418	12.91889025	-0.08891698	0.26076142	12.91785031	-0.09023117
0.23204848	13.03216418	-0.13607820	0.22645615	13.03086411	-0.13766038
0.27703721	12.91729710	-0.09203507	0.27205541	12.91631827	-0.09330431
0.27720907	13.03216302	-0.14237957	0.27164285	13.03113759	-0.14378136
0.32110402	12.91085263	-0.09690413	0.31619412	12.91012724	-0.09800487
0.35382588	12.72244074	-0.09773771	0.35013483	12.72190507	-0.09852254
0.31324474	12.73493586	-0.09439417	0.30945076	12.73417635	-0.09533687
0.37941990	12.52714534	-0.12586414	0.37707061	12.52675565	-0.12637057
0.34092092	12.55010560	-0.12218189	0.33840018	12.54949449	-0.12283115
0.30178942	12.73684506	-0.08992260	0.29796750	12.73602536	-0.09090613
0.32858953	12.55259618	-0.11752113	0.32603426	12.55192331	-0.11821276
0.28218226	12.56504870	-0.10037944	0.27948386	12.56411304	-0.10123808
0.25896493	12.75302385	-0.07488251	0.25498409	12.75195971	-0.07602724
0.25921541	12.77528970	-0.92713791	0.25820782	12.77417358	-0.92807698
0.24613594	12.84458723	-0.90331095	0.24464410	12.84334051	-0.90437211
0.22541939	12.84924086	-0.84497810	0.22368825	12.84780873	-0.84615472
0.23891220	12.78914988	-0.86774789	0.23761089	12.78784078	-0.86882303
0.22705043	12.91546613	-0.85435014	0.22497325	12.91404064	-0.85551782
0.20565293	12.91261289	-0.79951459	0.20335227	12.91098369	-0.80080195
0.21178567	12.90835654	-0.78149473	0.20943434	12.90673676	-0.78276667
0.23908749	12.79481113	-0.84713974	0.23768416	12.79347534	-0.84822355
0.20865847	12.84844030	-0.83107560	0.20686707	12.84683755	-0.83233540
0.21629053	12.79169647	-0.85354261	0.21494138	12.79019599	-0.85474398
0.19414593	12.91127627	-0.79003887	0.19180288	12.90952634	-0.79137625
0.15263819	12.92130510	-0.77668909	0.15016447	12.91923880	-0.77821087
0.16420649	12.85474247	-0.81412215	0.16230165	12.85281578	-0.81557102
0.16930039	12.79153571	-0.83460162	0.16785972	12.78968346	-0.83601338
0.26752211	12.70522903	-0.95116553	0.26700883	12.70412693	-0.95193009
0.24952921	12.72853082	-0.89140799	0.24867182	12.72732755	-0.89236813
0.25022467	12.74396485	-0.86921137	0.24920418	12.74273886	-0.87021799
0.26967207	12.70857436	-0.88153714	0.26890568	12.70749760	-0.88241546
0.22823530	12.73451683	-0.87978378	0.22731863	12.73315765	-0.88090681
0.17955086	12.72443831	-0.86375769	0.17864608	12.72271597	-0.86513666
0.27611914	12.32433782	-0.16543461	0.27514825	12.32333116	-0.16605435
0.28945425	12.42180647	-0.13271691	0.28776430	12.42091542	-0.13337062
0.33760575	12.42161766	-0.14820044	0.33598897	12.42104043	-0.14868256
0.32630814	12.35120726	-0.17995821	0.32524897	12.35055720	-0.18039276
0.34123111	12.43423529	-0.15558027	0.33955884	12.43366972	-0.15606815
0.35169914	12.41503115	-0.15296019	0.35015331	12.41454652	-0.15339293
0.34162378	12.34621413	-0.18593876	0.34068653	12.34572083	-0.18624758
0.39037808	12.38301437	-0.16043419	0.38909437	12.38280006	-0.16071498
0.07582751	13.12059949	-0.50050339	0.06998762	13.11761818	-0.50340250
0.11122877	13.11095911	-0.50839905	0.10582453	13.10838364	-0.51082308
0.09344540	13.07040703	-0.59755830	0.08905263	13.06768773	-0.59967105
0.13091806	13.05782154	-0.60583544	0.12675560	13.05544954	-0.60769118
0.12584725	13.10090309	-0.51277040	0.12068827	13.09847823	-0.51499081
0.13228530	13.10738252	-0.51217456	0.12715478	13.10498702	-0.51433470
0.15059889	13.05243165	-0.60113432	0.14649429	13.05022311	-0.60288068
0.17825626	13.05916034	-0.63909493	0.17435494	13.05716905	-0.64067544
0.17094426	13.11562711	-0.54090490	0.16611190	13.11353177	-0.54271104
0.20042314	12.98979853	-0.75500070	0.19750381	12.98806923	-0.75637306
0.17754269	12.98389249	-0.70791641	0.17442097	12.98197067	-0.70941751
0.16279024	12.98609097	-0.70792832	0.15963146	12.98405432	-0.70949394
0.12339396	12.99868996	-0.69807137	0.12008263	12.99634980	-0.69981440
0.36009426	13.08988057	-0.27345073	0.35465712	13.08920990	-0.27452549
0.39729119	13.01166037	-0.18765044	0.39208471	13.01127629	-0.18853847
0.43009187	12.88229978	-0.13901015	0.42555336	12.88213841	-0.13967455
0.29714616	12.98385118	-0.87026125	0.29478711	12.98284540	-0.87117477
0.32583040	12.90726291	-0.95801392	0.32418215	12.90649882	-0.95878683
0.27340835	13.05200781	-0.75982717	0.27019410	13.05075912	-0.76090363
0.10503881	12.95452983	-0.07424548	0.09972689	12.95252299	-0.07619282
0.08014148	13.05725966	-0.12141665	0.07431408	13.05503768	-0.12360117
0.05719508	13.11871646	-0.19335161	0.05119505	13.11625122	-0.19570390
0.06241602	13.00875112	-0.64198113	0.05870062	13.00586936	-0.64410764
0.03569210	13.07249466	-0.56753118	0.03106797	13.06931816	-0.56997579
0.08696241	12.93843214	-0.69331636	0.08402093	12.93582465	-0.69517667
0.45214789	12.68747307	-0.13627935	0.44882727	12.68744262	-0.13670440
0.47014664	12.47812344	-0.16282919	0.46824034	12.47819993	-0.16305880
0.33896161	12.82725050	-1.00953052	0.33793430	12.82662087	-1.01016008
0.34280801	12.75191192	-1.03751253	0.34222191	12.75125264	-1.03799250
0.47768114	12.34023228	-0.19946452	0.47683201	12.34039195	-0.19949345
0.34435080	12.69191215	-1.05498929	0.34417871	12.69126871	-1.05531699
0.14520765	12.46453986	-0.11220284	0.14316521	12.46276007	-0.11338924
0.14487216	12.62114219	-0.08470429	0.14174786	12.61938313	-0.08608694
0.09905757	12.73847441	-0.76078122	0.09765794	12.73604534	-0.76251871
0.09576725	12.80694843	-0.73759294	0.09384174	12.80446348	-0.73934339
0.12895205	12.80044473	-0.06667158	0.12461945	12.79859686	-0.06832837
0.09464854	12.87229014	-0.72018740	0.09223537	12.86976748	-0.72195937
0.29844441	13.13711711	-0.51282065	0.29357432	13.13591634	-0.51402855
0.27746835	13.10669298	-0.63880903	0.27337105	13.10537275	-0.63996585
0.32637464	13.13143269	-0.38682741	0.32104798	13.13046336	-0.38803131
0.02842066	13.14836034	-0.36754324	0.02271283	13.14547084	-0.37006828
0.02370184	13.12082985	-0.47066319	0.01827979	13.11769203	-0.47322772
0.03927966	13.14808739	-0.27539020	0.03333083	13.14539444	-0.27786740
0.88728105	11.97377514	-0.58164227	0.88818540	11.97493403	-0.58126419
0.81676000	12.01719950	-0.47386000	0.81676000	12.01719950	-0.47386000
0.93091869	11.94851709	-0.70848026	0.93253262	11.95015838	-0.70782129
0.91704694	12.01489011	-0.71320655	0.91837041	12.01647709	-0.71252140
0.87846516	12.06017796	-0.62760789	0.87921991	12.06147003	-0.62703751
0.80683563	12.11975972	-0.52533518	0.80703039	12.12054294	-0.52486180
0.96670866	11.94209382	-0.83148933	0.96879654	11.94394097	-0.83062742
0.98757822	11.95848490	-0.94212116	0.98992953	11.96045558	-0.94112794
0.95279223	12.07575987	-0.92589363	0.95451013	12.07757961	-0.92495590
0.93713518	12.04529546	-0.80891755	0.93865089	12.04703602	-0.80810786
0.98751472	12.00056228	-1.03508156	0.98986773	12.00251830	-1.03405397
0.95226998	12.07402747	-1.12250421	0.95443031	12.07582627	-1.12150745
0.92727017	12.13616512	-1.10055159	0.92911277	12.13785068	-1.09960683
0.95074663	12.11024970	-1.02367862	0.95254040	12.11205524	-1.02270868
0.86982309	12.18961979	-1.21484052	0.87164412	12.19099471	-1.21399809
0.75000797	12.33669610	-1.26739567	0.75125891	12.33741366	-1.26683841
0.75228424	12.36550748	-1.19583795	0.75325045	12.36628878	-1.19529439
0.86602554	12.23567291	-1.15234035	0.86751595	12.23705370	-1.15151674
0.60319450	12.48268800	-1.23773462	0.60351748	12.48268611	-1.23774248
0.47133823	12.61253226	-1.15312598	0.47135905	12.61240493	-1.15316293
0.49420000	12.61570000	-1.07906000	0.49420000	12.61570000	-1.07906000
0.61447000	12.50220000	-1.16283000	0.61447000	12.50220000	-1.16283000
0.38321867	12.64457185	-1.05108554	0.38324584	12.64422493	-1.05121931
0.33170602	12.64255549	-0.95995797	0.33164292	12.64188325	-0.96028171
0.37140000	12.64100070	-0.89641000	0.37140000	12.64100070	-0.89641000
0.41679000	12.64250090	-0.98287004	0.41679000	12.64250090	-0.98287004
0.31079820	12.67359862	-0.90259747	0.31032591	12.67279633	-0.90318840
0.30489469	12.70089236	-0.87590371	0.30414530	12.70005562	-0.87660486
0.33225926	12.68966282	-0.81779277	0.33136170	12.68893356	-0.81839933
0.34269035	12.66589953	-0.84430523	0.34199944	12.66536432	-0.84478184
0.29671938	12.68778903	-0.88033258	0.29608017	12.68690248	-0.88110630
0.25326372	12.67490616	-0.85260704	0.25259877	12.67366509	-0.85363916
0.29154047	12.67382267	-0.78180084	0.29057646	12.67275187	-0.78266455
0.33167934	12.67820818	-0.81666592	0.33085893	12.67747410	-0.81730053
0.14214363	12.70504436	-0.72746126	0.14082340	12.70289513	-0.72901527
0.00366153	12.75320281	-0.58976141	0.00149294	12.74999054	-0.59185857
0.00473229	12.79192136	-0.51299651	0.00200232	12.78877052	-0.51508886
0.16341507	12.72134538	-0.65141924	0.16167415	12.71929553	-0.65286671
-0.11707681	12.79235593	-0.52855699	-0.11978879	12.78832144	-0.53111741
-0.22674417	12.82075242	-0.53352796	-0.22970197	12.81593776	-0.53646936
-0.23291727	12.89017161	-0.47423649	-0.23656690	12.88537362	-0.47725623
-0.12242562	12.85276855	-0.45922618	-0.12582383	12.84875204	-0.46182955
-0.33326164	12.83805168	-0.59382108	-0.33623460	12.83242224	-0.59710686
-0.43253800	12.84690069	-0.66183418	-0.43551221	12.84051648	-0.66543611
-0.44987647	12.87500987	-0.61047834	-0.45316628	12.86858439	-0.61417216
-0.34421215	12.89175728	-0.53970929	-0.34771844	12.88611250	-0.54309252
-0.52058052	12.84870221	-0.68999001	-0.52363370	12.84185403	-0.69385091
-0.60024012	12.84461734	-0.67831814	-0.60338152	12.83743733	-0.68241534
-0.59973365	12.84756343	-0.64294684	-0.60294749	12.84037800	-0.64702535
-0.54327502	12.85688334	-0.64187454	-0.54648660	12.84995348	-0.64580120
-0.67460933	12.83666390	-0.62670584	-0.67784043	12.82911242	-0.63091422
-0.72387573	12.82065422	-0.54668775	-0.72720832	12.81284737	-0.55097294
-0.68703147	12.83738997	-0.51863007	-0.69047221	12.82978434	-0.52286344
-0.64963341	12.84632703	-0.59575704	-0.65296255	12.83889742	-0.59992751
-0.72816934	12.79372986	-0.45101414	-0.73150726	12.78592874	-0.45526660
-0.70054872	12.74801689	-0.36094742	-0.70381017	12.74048403	-0.36501824
-0.67908691	12.75487069	-0.37394127	-0.68235431	12.74743433	-0.37797593
-0.69215101	12.80072834	-0.43454363	-0.69554576	12.79314332	-0.43872670
-0.65242786	12.67488602	-0.29731629	-0.65543786	12.66776926	-0.30102447
-0.57764535	12.61615353	-0.24784174	-0.58042081	12.60959248	-0.25124427
-0.56117629	12.67536452	-0.27971349	-0.56420463	12.66882264	-0.28322651
-0.63822361	12.71703653	-0.33009645	-0.64137951	12.70992425	-0.33390225
-0.47013967	12.61374162	-0.20029522	-0.47294038	12.60794818	-0.20348414
-0.34164707	12.59656580	-0.16370085	-0.34436806	12.59159193	-0.16660115
-0.32539106	12.65032423	-0.19307957	-0.32838175	12.64540832	-0.19600694
-0.45246474	12.67124390	-0.23075398	-0.45552818	12.66547522	-0.23402801
-0.20077438	12.49645690	-0.14805559	-0.20289285	12.49243047	-0.15043198
-0.04748040	12.38574095	-0.15203590	-0.04891255	12.38268835	-0.15383777
-0.04717416	12.45502229	-0.18407333	-0.04891923	12.45193406	-0.18593403
-0.19115162	12.55912271	-0.17757422	-0.19357800	12.55511000	-0.17999639
0.11625744	12.33106651	-0.16965523	0.11524948	12.32904885	-0.17072472
0.24601161	12.31689527	-0.19255156	0.24517171	12.31566424	-0.19325645
0.22410292	12.37503783	-0.24568657	0.22307565	12.37360586	-0.24649329
0.10479420	12.39738943	-0.21189338	0.10351612	12.39523202	-0.21312861
0.29521293	12.35255264	-0.21333569	0.29424885	12.35165362	-0.21388150
0.27844746	12.43485998	-0.28414393	0.27714985	12.43374117	-0.28485093
0.27118467	12.40696103	-0.27000744	0.27002499	12.40581082	-0.27069883
0.30762899	12.34297137	-0.22543401	0.30676351	12.34218086	-0.22586708
0.34620000	12.27620000	-0.23202000	0.34620000	12.27620000	-0.23202000
0.31466130	12.32912776	-0.29315274	0.31401259	12.32826765	-0.29358472
0.27906428	12.39312225	-0.28465820	0.27799764	12.39200519	-0.28529448
0.44425997	12.21770000	-0.27141000	0.44425997	12.21770000	-0.27141000
0.57587000	12.16340070	-0.32883000	0.57587000	12.16340070	-0.32883000
0.56737191	12.24466838	-0.38217917	0.56711737	12.24483651	-0.38208499
0.42485953	12.28533988	-0.32866177	0.42450943	12.28508645	-0.32880064
0.70622003	12.08180000	-0.39380000	0.70622003	12.08180000	-0.39380000
0.69896203	12.18498110	-0.44565072	0.69887821	12.18548512	-0.44538788
0.76649481	12.39919713	-1.04499206	0.76703365	12.40019086	-1.04444233
0.87248294	12.25320667	-1.04185923	0.87366526	12.25466244	-1.04103943
0.78374651	12.38379093	-0.85642619	0.78394578	12.38490222	-0.85581585
0.88009328	12.23252266	-0.90130036	0.88103154	12.23403684	-0.90048667
0.79591276	12.26971070	-0.66843885	0.79606262	12.27081110	-0.66782748
0.87916976	12.15891998	-0.74943278	0.88000776	12.16040631	-0.74868388
0.53088652	12.60925932	-0.90344026	0.53048439	12.60944076	-0.90342517
0.64655331	12.52501168	-0.98943799	0.64650204	12.52548399	-0.98921273
0.55934574	12.54008698	-0.69187546	0.55855007	12.54027406	-0.69185260
0.67517754	12.48305391	-0.77943245	0.67481503	12.48372919	-0.77909569
0.56623471	12.38848091	-0.51077680	0.56563751	12.38866988	-0.51071072
0.68986549	12.34501408	-0.58680760	0.68955150	12.34568925	-0.58644024
-0.24399923	12.88683595	-0.38928552	-0.24788873	12.88210772	-0.39232426
-0.13679342	12.84736986	-0.37219931	-0.14044937	12.84339432	-0.37482881
-0.26426172	12.82994123	-0.30187557	-0.26805168	12.82523593	-0.30488963
-0.15590711	12.78387764	-0.28715499	-0.15942578	12.77991332	-0.28975410
-0.03558588	12.72018534	-0.32051807	-0.03854879	12.71699237	-0.32264306
-0.01353724	12.78506094	-0.41712797	-0.01659327	12.78188654	-0.41926496
-0.29583370	12.73968696	-0.23802310	-0.29925459	12.73488426	-0.24099643
-0.17548997	12.67086104	-0.22348888	-0.17849128	12.66686963	-0.22600430
-0.04497341	12.58888503	-0.24193859	-0.04736845	12.58573118	-0.24393277
-0.58000361	12.87777598	-0.56097276	-0.58352433	12.87070287	-0.56502211
-0.61405358	12.87202676	-0.46903026	-0.61774147	12.86484428	-0.47314514
-0.51220841	12.89426843	-0.40821306	-0.51614516	12.88777527	-0.41208495
-0.47906195	12.90622731	-0.51399912	-0.48279499	12.89976570	-0.51780961
-0.62906074	12.80045006	-0.38906567	-0.63253265	12.79328586	-0.39308054
-0.53982891	12.79269789	-0.33061251	-0.54338908	12.78617799	-0.33435296
-0.36291043	12.90783120	-0.44616779	-0.36678523	12.90222115	-0.44962074
-0.38917231	12.87349485	-0.34701182	-0.39312215	12.86789764	-0.35048086
-0.42257725	12.77631753	-0.27713972	-0.42614432	12.77063555	-0.28053561
0.28453794	12.63128702	-0.65804818	0.28329665	12.63000301	-0.65898385
0.32713188	12.62982850	-0.68061750	0.32598244	12.62883933	-0.68139282
0.25735983	12.56417351	-0.50776239	0.25602302	12.56273012	-0.50872573
0.30397045	12.56504989	-0.51681962	0.30266057	12.56391081	-0.51761696
0.30699895	12.58331001	-0.50130072	0.30550531	12.58219323	-0.50209322
0.32715457	12.64412887	-0.67215454	0.32587766	12.64313314	-0.67291929
0.33528055	12.62684284	-0.69453109	0.33414603	12.62590017	-0.69526290
0.31021327	12.56912492	-0.51598197	0.30884015	12.56802395	-0.51675296
0.34405675	12.55028320	-0.55587174	0.34290267	12.54936500	-0.55653190
0.36626268	12.60916686	-0.74414460	0.36536912	12.60838905	-0.74474876
0.31989192	12.43593091	-0.40282754	0.31887117	12.43494925	-0.40343476
0.28560309	12.48185824	-0.38064184	0.28428447	12.48070257	-0.38140308
0.27975806	12.48577840	-0.37584229	0.27844304	12.48458565	-0.37662199
0.23249414	12.46983365	-0.36021040	0.23122767	12.46834196	-0.36112922
0.43834881	12.55192404	-0.61589197	0.43732335	12.55152065	-0.61624478
0.43450938	12.61964467	-0.81742619	0.43387688	12.61933662	-0.81769406
0.42817841	12.41073238	-0.44779096	0.42739489	12.41033696	-0.44806088
0.12354441	12.62773478	-0.41887119	0.12151956	12.62549037	-0.42034854
0.14978697	12.69780304	-0.54174725	0.14776851	12.69565262	-0.54320290
0.10714347	12.51169273	-0.30171621	0.10544312	12.50944926	-0.30309764
0.12546379	13.13153181	-0.41708340	0.11984698	13.12916951	-0.41941831
0.22555046	13.02747159	-0.14279642	0.22001153	13.02612450	-0.14439867
0.26847932	12.91541033	-0.09818485	0.26353054	12.91437674	-0.09948460
0.30449061	12.73607283	-0.10033085	0.30070799	12.73525543	-0.10130523
0.33179744	12.55685212	-0.12739616	0.32924911	12.55618306	-0.12808149
0.22887428	12.84841615	-0.82404700	0.22706235	12.84696803	-0.82521350
0.33106158	12.37338922	-0.18749691	0.32989925	12.37277310	-0.18792494
0.14915409	13.04709699	-0.60382753	0.14509863	13.04487780	-0.60557440
0.18099950	12.97884514	-0.70110582	0.17787389	12.97693938	-0.70259422
0.90140761	11.96861203	-0.56796656	0.90227468	11.96979789	-0.56754576
0.82675677	12.01981599	-0.45658853	0.82668272	12.01982839	-0.45657820
0.94848887	11.93449316	-0.69962988	0.95013752	11.93620167	-0.69892159
0.75374239	12.33530999	-1.28282885	0.75503809	12.33603676	-1.28226130
0.46169855	12.61813872	-1.16693370	0.46171510	12.61799100	-1.16699032
0.35365744	12.65379465	-1.06062206	0.35364729	12.65325010	-1.06086154
0.28650631	12.65463577	-0.96510529	0.28636041	12.65366110	-0.96565702
0.26952667	12.68402009	-0.90587106	0.26898558	12.68294091	-0.90667246
0.25254221	12.69445341	-0.89421498	0.25198242	12.69325877	-0.89521678
0.20441096	12.67762908	-0.87771691	0.20385269	12.67610504	-0.87900778
0.11202197	12.69503732	-0.76553573	0.11092086	12.69271353	-0.76723054
-0.00170505	12.72380109	-0.63736070	-0.00348396	12.72056245	-0.63949770
-0.21659686	12.75728808	-0.57345013	-0.21894867	12.75251485	-0.57629630
-0.32231548	12.79571829	-0.62429673	-0.32487135	12.79013456	-0.62750443
-0.50798453	12.85360410	-0.71228795	-0.51100176	12.84680865	-0.71611472
-0.59013164	12.85574130	-0.70097844	-0.59326875	12.84859438	-0.70506376
-0.73624538	12.82478623	-0.55822076	-0.73958342	12.81691559	-0.56252525
-0.20352240	12.50637299	-0.12617660	-0.20577125	12.50235250	-0.12856850
0.13306534	12.34766093	-0.14486529	0.13187497	12.34578481	-0.14591021
0.30191467	12.38037726	-0.22610299	0.30080715	12.37950598	-0.22664907
0.38097026	12.29435184	-0.19504492	0.38064818	12.29428927	-0.19500230
0.46791408	12.23814572	-0.23866792	0.46775285	12.23820467	-0.23861957
0.71373484	12.09240263	-0.37171629	0.71368493	12.09248699	-0.37170822
0.28550028	12.50917157	-0.37410229	0.28402201	12.50802106	-0.37489181
0.56869468	12.78059845	-0.54270893	0.56627777	12.78089203	-0.54271810
0.28050360	12.98211636	-0.54050961	0.27673032	12.98082565	-0.54164982
0.00437004	12.98059547	-0.27938397	-0.00044814	12.97767533	-0.28171601
0.06963633	13.06479276	-0.32591905	0.06438981	13.06224536	-0.32817057
0.29514119	12.86476542	-0.30354100	0.29125809	12.86372383	-0.30463646
0.00378719	12.94971767	-0.43766699	-0.00033175	12.94658555	-0.43994698
0.09287578	13.03062316	-0.43500776	0.08814779	13.02806183	-0.43713478
0.35314200	12.81883518	-0.69961491	0.35103741	12.81807065	-0.70029701
0.12613869	13.02074336	-0.19485361	0.12079631	13.01871660	-0.19681759
0.20943066	12.80409682	-0.80349169	0.20779183	12.80249329	-0.80473016
0.31453798	12.75244032	-0.53816999	0.31216773	12.75135348	-0.53905535
0.31670869	12.88102207	-0.84857508	0.31483786	12.88016857	-0.84937388
0.38507009	12.43530517	-0.24820788	0.38367061	12.43488267	-0.24862062
0.21603780	13.03777532	-0.46043518	0.21148618	13.03609794	-0.46199083
0.46693884	12.68378616	-0.67025770	0.46543355	12.68356155	-0.67052840
0.68929373	12.75479299	-0.77089560	0.68781247	12.75562426	-0.77051074
0.29890182	12.93760181	-0.21035713	0.29421000	12.93664484	-0.21154220
-0.45279140	12.88324101	-0.26202414	-0.45706448	12.87739087	-0.26569693
0.12054907	13.07189232	-0.26564970	0.11507921	13.06975394	-0.26771323
0.30547078	12.93963092	-0.69636224	0.30261662	12.93854935	-0.69729153
-0.53964669	12.88088186	-0.30213292	-0.54379815	12.87441881	-0.30605127
0.19832997	13.02350146	-0.34281554	0.19345407	13.02179706	-0.34449163
0.27949525	12.45582336	-0.20578182	0.27782281	12.45479170	-0.20651066
0.08682955	13.08520682	-0.38876021	0.08161554	13.08268385	-0.39100370
0.17991529	13.06579587	-0.50467095	0.17525108	13.06382423	-0.50642996
0.23924112	12.60707353	-0.25219416	0.23677600	12.60571809	-0.25324682
0.14506002	12.92431497	-0.52180539	0.14151203	12.92210995	-0.52348174
0.26513335	12.88291131	-0.84005676	0.26319727	12.88171773	-0.84107020
0.27378311	12.83267864	-0.84257723	0.27214225	12.83156308	-0.84353220
0.20596003	13.01125835	-0.55740450	0.20200226	13.00946520	-0.55888669
0.35303604	12.79855684	-0.20518010	0.34924427	12.79790887	-0.20603063
0.48680969	12.59289603	-0.43503029	0.48504552	12.59281561	-0.43525361
0.29900565	12.75486659	-0.89368167	0.29800475	12.75400883	-0.89444479
0.14083040	12.95044802	-0.65711508	0.13768033	12.94824310	-0.65876564
0.38427673	12.37565731	-0.22426326	0.38323197	12.37535617	-0.22456919
0.34842208	12.48115034	-0.31625352	0.34693387	12.48041899	-0.31681574
0.16951231	12.86150512	-0.19842473	0.16524219	12.85974811	-0.20000530
0.38468140	12.72823264	-0.91304664	0.38391352	12.72794434	-0.91341560
0.28852294	12.78623266	-0.85583237	0.28720173	12.78524346	-0.85668345
0.11192250	13.10335396	-0.29911147	0.10635081	13.10111400	-0.30126110
0.39964867	12.60666862	-0.25156840	0.39719107	12.60626096	-0.25209177
0.20229214	12.84870334	-0.78072526	0.20029519	12.84702024	-0.78201234
0.42174442	12.71143677	-0.82986429	0.42075054	12.71116575	-0.83016582
0.81967880	12.75303055	-0.86424119	0.81838378	12.75431805	-0.86357039
0.55974776	12.79351553	-0.92819637	0.55867056	12.79387815	-0.92819164
0.32217126	12.68406663	-0.20560666	0.31907864	12.68324011	-0.20645778
0.22927642	12.75808133	-0.19069722	0.22565236	12.75671506	-0.19194901
