0.82094247	12.75383537	-0.41001028	0.81683143	12.75588505	-0.40871853
0.78468375	12.89059518	-0.43925388	0.77959099	12.89242122	-0.43803454
0.86818684	12.85246730	-0.53493994	0.86401417	12.85479663	-0.53335779
0.90708353	12.72055974	-0.51969750	0.90384276	12.72309590	-0.51803094
0.73944603	12.97900222	-0.50090237	0.73398475	12.98050461	-0.49984491
0.82665493	12.93670511	-0.57903296	0.82207416	12.93878081	-0.57759453
0.88099469	12.89588679	-0.63801464	0.87706702	12.89829101	-0.63638320
0.92288700	12.82772313	-0.63123282	0.91942941	12.83037860	-0.62946284
0.96302282	12.69975005	-0.63151161	0.96041120	12.70258933	-0.62965127
0.71184921	12.77368052	-1.15987016	0.71102486	12.77471022	-1.15925654
0.83488986	12.72872267	-1.13439566	0.83414447	12.73051788	-1.13330089
0.79785700	12.83454068	-1.06644626	0.79632539	12.83620584	-1.06544989
0.67541661	12.87583996	-1.08727382	0.67385248	12.87682561	-1.08679825
0.93530203	12.70007488	-1.06837606	0.93444034	12.70255728	-1.06685693
0.89645291	12.80996166	-1.01040354	0.89477637	12.81224428	-1.00897009
0.85278003	12.87717989	-0.96070705	0.85054581	12.87925378	-0.95939079
0.77333837	12.91504557	-0.97862157	0.77101845	12.91670471	-0.97763437
0.65046930	12.95606499	-0.98804562	0.64802306	12.95704288	-0.98756868
0.54781273	12.83914576	-0.20823890	0.54151056	12.83935158	-0.20829664
0.52151932	12.97420240	-0.25707352	0.51419763	12.97413042	-0.25726057
0.66521271	12.93388889	-0.34344137	0.65901078	12.93491855	-0.34280625
0.69456758	12.79602182	-0.30238190	0.68939183	12.79728388	-0.30167362
0.48930407	13.05807572	-0.34274372	0.48175561	13.05770252	-0.34307081
0.62679075	13.02163237	-0.42048918	0.62028754	13.02233089	-0.41999980
0.45715734	12.88001401	-1.06802278	0.45562910	12.87977151	-1.06850535
0.58669767	12.83006835	-1.13650683	0.58562165	12.83046382	-1.13644531
0.55047522	12.92214686	-1.06486632	0.54862234	12.92245693	-1.06489480
0.42185706	12.96110121	-0.99438954	0.41940419	12.96062317	-0.99499273
0.52302039	12.99611103	-0.96362984	0.52017806	12.99628069	-0.96370783
0.39299354	13.02863108	-0.89271209	0.38947529	13.02785443	-0.89344453
-0.09141193	12.94573356	-0.10834114	-0.10053033	12.93941979	-0.11324430
-0.22030269	12.94327378	-0.14219497	-0.22927618	12.93527240	-0.14834115
-0.22792098	13.01445420	-0.19118292	-0.23745005	13.00624168	-0.19750218
-0.10380565	13.03062971	-0.15500908	-0.11363555	13.02405323	-0.16012861
-0.33663286	12.92959025	-0.19031064	-0.34514284	12.91988795	-0.19766217
-0.34107853	12.98868773	-0.24131145	-0.34995094	12.97878923	-0.24882829
-0.34259159	13.02669073	-0.30887549	-0.35143118	13.01659311	-0.31651272
-0.22997478	13.05920820	-0.25852102	-0.23949914	13.05085726	-0.26490325
-0.10958641	13.08224580	-0.22204428	-0.11950087	13.07548535	-0.22723901
-0.00465729	12.93346719	-0.62428252	-0.00918364	12.92816460	-0.62813095
-0.02741006	12.99372247	-0.60093348	-0.03282731	12.98810233	-0.60499968
-0.10920214	12.98470423	-0.59890659	-0.11458802	12.97786553	-0.60383120
-0.08753805	12.93100113	-0.61183741	-0.09210204	12.92450207	-0.61650026
-0.05660349	13.04440936	-0.55672399	-0.06307089	13.03831825	-0.56112144
-0.13902202	13.02784281	-0.56666694	-0.14528921	13.02056062	-0.57194128
-0.22983778	13.00654322	-0.59207012	-0.23563847	12.99779054	-0.59827364
-0.19892208	12.96904507	-0.62426357	-0.20385231	12.96076544	-0.63009409
-0.17627898	12.92060587	-0.63888690	-0.18036437	12.91268824	-0.64443010
0.98819971	12.30967331	-0.65794557	0.98818158	12.31246655	-0.65612003
0.97683138	12.08906211	-0.67587130	0.97814751	12.09167607	-0.67427722
0.91721301	12.11048458	-0.54285543	0.91759037	12.11230864	-0.54160318
0.92473872	12.32052862	-0.52502995	0.92409219	12.32275230	-0.52352795
0.83415769	12.15429771	-0.42493818	0.83388929	12.15528910	-0.42416063
0.83545061	12.34173000	-0.40234581	0.83431615	12.34337947	-0.40121771
0.98891063	12.40077546	-1.12868157	0.99008506	12.40369336	-1.12696751
0.89233833	12.45623592	-1.20057341	0.89330696	12.45845003	-1.19924493
0.89656163	12.29691730	-1.22488467	0.89875398	12.29919284	-1.22347612
0.99129332	12.20954158	-1.14394676	0.99383508	12.21251165	-1.14220292
0.76024231	12.52450244	-1.23334932	0.76058049	12.52559408	-1.23254795
0.76467296	12.40472061	-1.26396803	0.76614018	12.40591330	-1.26305576
0.88985495	12.19183312	-1.23283023	0.89281540	12.19408289	-1.23141919
0.97863483	12.07422348	-1.14260887	0.98206208	12.07712871	-1.14093372
0.98436516	12.51987230	-0.64269863	0.98298539	12.52277022	-0.64081542
0.92334688	12.53326803	-0.51766351	0.92138768	12.53576587	-0.51599754
0.83410159	12.55875847	-0.39837417	0.83150490	12.56078733	-0.39708579
0.86854488	12.60082036	-1.17477735	0.86850942	12.60274821	-1.17357960
0.96852085	12.56399939	-1.10566327	0.96858225	12.56672258	-1.10402753
0.74202796	12.65176852	-1.20308638	0.74183536	12.65278373	-1.20232859
0.58449163	12.42574419	-0.22347597	0.58238995	12.42632068	-0.22326205
0.56713964	12.64051208	-0.20240184	0.56275510	12.64092285	-0.20236783
0.70884596	12.59665597	-0.29145180	0.70546537	12.59796796	-0.29073314
0.71575266	12.37996629	-0.30293945	0.71415522	12.38105242	-0.30229369
0.46725676	12.70355585	-1.15207473	0.46700371	12.70338949	-1.15221848
0.61208689	12.61593628	-1.21802947	0.61206061	12.61609887	-1.21783066
0.60648896	12.72148759	-1.18479172	0.60611262	12.72184360	-1.18461019
0.46850080	12.78763558	-1.12005212	0.46768604	12.78747498	-1.12038422
0.58560975	12.17571307	-0.30141632	0.58548947	12.17581830	-0.30136774
0.59093540	12.28505185	-0.26031131	0.59008620	12.28553965	-0.26007340
0.71906995	12.22210587	-0.33382288	0.71848787	12.22284275	-0.33336697
0.60500349	12.48668763	-1.25181460	0.60557964	12.48670098	-1.25180677
0.60911614	12.53479894	-1.24342302	0.60941218	12.53490019	-1.24339445
0.46263170	12.64778528	-1.16703507	0.46259459	12.64760798	-1.16710086
-0.05371619	12.67094398	-0.09907827	-0.05946249	12.66519983	-0.10325208
-0.20851047	12.72366022	-0.11989954	-0.21479009	12.71595792	-0.12553022
-0.21276269	12.84623235	-0.12089804	-0.22065186	12.83840619	-0.12680931
-0.07099656	12.82446216	-0.09264753	-0.07868803	12.81847650	-0.09720675
-0.34760209	12.75755035	-0.15792733	-0.35405382	12.74784727	-0.16498526
-0.33993520	12.85353342	-0.16450280	-0.34763785	12.84387482	-0.17172860
0.00455707	12.80448160	-0.65202561	0.00162554	12.79933704	-0.65576385
0.00464609	12.87006624	-0.63952276	0.00095550	12.86490127	-0.64325517
-0.07745666	12.86996286	-0.61958924	-0.08119183	12.86360883	-0.62411373
-0.07825674	12.80430284	-0.62324763	-0.08112981	12.79790050	-0.62773083
-0.16543960	12.86422052	-0.64552668	-0.16866962	12.85645493	-0.65090566
-0.16782652	12.80240487	-0.64380192	-0.17022954	12.79457807	-0.64911489
-0.05128888	12.37260933	-0.14827018	-0.05319407	12.36680884	-0.15204259
-0.21227520	12.57458701	-0.13407180	-0.21652295	12.56683349	-0.13939958
-0.04983101	12.49905516	-0.11991143	-0.05336879	12.49332101	-0.12381736
-0.35752365	12.54854999	-0.18374004	-0.36086240	12.53868972	-0.19026020
-0.35549340	12.63795155	-0.16610805	-0.36021565	12.62816147	-0.17290106
0.00098645	12.73733500	-0.66416869	-0.00115425	12.73213708	-0.66795499
-0.08995991	12.73525024	-0.62119895	-0.09193528	12.72860337	-0.62572434
-0.10485747	12.70574318	-0.60199329	-0.10648432	12.69884352	-0.60659396
-0.18422846	12.73668648	-0.63238334	-0.18575792	12.72856857	-0.63773801
-0.45401247	12.90902638	-0.25119400	-0.46176114	12.89742544	-0.25977177
-0.44877090	12.95716127	-0.29908084	-0.45678127	12.94546998	-0.30774268
-0.55703294	12.88513010	-0.31880795	-0.56384947	12.87172646	-0.32849312
-0.53907239	12.92480644	-0.36053221	-0.54609076	12.91150520	-0.37013822
-0.51762976	12.95629237	-0.41152627	-0.52468330	12.94312013	-0.42102903
-0.43929385	12.99184731	-0.35939269	-0.44727245	12.98009371	-0.36805729
-0.29978707	12.95032668	-0.65492832	-0.30412334	12.94034601	-0.66187332
-0.27708982	12.90760745	-0.67694059	-0.28052802	12.89797863	-0.68356586
-0.32867814	12.98371347	-0.61814760	-0.33391925	12.97329722	-0.62546877
-0.42030805	12.95951810	-0.63758346	-0.42497973	12.94750953	-0.64597627
-0.39684647	12.93055573	-0.67897463	-0.40060726	12.91887877	-0.68703059
-0.37873468	12.89371626	-0.71003356	-0.38155100	12.88230840	-0.71781735
-0.27028072	12.85925377	-0.69150531	-0.27282990	12.84972237	-0.69799547
-0.37837656	12.85373991	-0.73412184	-0.38028990	12.84228623	-0.74182789
-0.38616289	12.81431438	-0.74835323	-0.38724254	12.80269772	-0.75606944
-0.27535498	12.80807437	-0.69583112	-0.27703385	12.79843608	-0.70229846
-0.59106379	12.77752068	-0.27557570	-0.59666076	12.76374549	-0.28531323
-0.59548060	12.65432991	-0.27514808	-0.59921006	12.64048977	-0.28454655
-0.67003239	12.67783124	-0.34153589	-0.67338336	12.66257661	-0.35182775
-0.66386390	12.77483336	-0.34513407	-0.66869739	12.75964747	-0.35566912
-0.58931304	12.54867810	-0.28644669	-0.59130346	12.53489407	-0.29541853
-0.66641044	12.59472521	-0.34796623	-0.66838243	12.57950545	-0.35794858
-0.71576087	12.65343531	-0.42770480	-0.71778530	12.63715573	-0.43838877
-0.71660470	12.70626929	-0.42471715	-0.71950141	12.68997547	-0.43561365
-0.70833372	12.77053968	-0.42846986	-0.71221404	12.75434155	-0.43949143
-0.48416243	12.55553953	-0.22991847	-0.48696221	12.54361593	-0.23777582
-0.48636549	12.65276382	-0.21545426	-0.49075306	12.64085627	-0.22365916
-0.47961543	12.77350877	-0.21174502	-0.48580137	12.76167276	-0.22024294
-0.48265301	12.81526727	-0.76891067	-0.48350367	12.80190826	-0.77765142
-0.48474121	12.78744029	-0.77927127	-0.48500034	12.77401519	-0.78796141
-0.39315750	12.77943813	-0.75029409	-0.39363342	12.76769148	-0.75801821
-0.57147139	12.80856457	-0.75732284	-0.57229928	12.79367266	-0.76696842
-0.57119498	12.78148096	-0.77168089	-0.57139660	12.76654822	-0.78123974
-0.40243220	12.76133849	-0.74043315	-0.40272522	12.74945772	-0.74821709
-0.28875918	12.75732828	-0.68846878	-0.28971875	12.74746669	-0.69498737
0.87979900	12.90220842	-0.89063311	0.87707347	12.90448349	-0.88914038
0.77667975	12.96512703	-0.87960416	0.77354445	12.96682798	-0.87849793
0.89200159	12.91781089	-0.80103795	0.88871019	12.92020567	-0.79944812
0.79276592	12.98636786	-0.77377625	0.78893359	12.98819984	-0.77251857
0.67690716	13.03672356	-0.73638528	0.67240377	13.03779605	-0.73563318
0.65500086	13.01135345	-0.86677942	0.65150048	13.01233766	-0.86616679
0.89008208	12.91459686	-0.70859258	0.88639919	12.91703282	-0.70694771
0.80536555	12.97870092	-0.66649301	0.80096025	12.98062208	-0.66515923
0.70483248	13.02668407	-0.60772780	0.69967844	13.02793499	-0.60682468
0.99294141	12.69297667	-0.97141062	0.99177731	12.69590871	-0.96959864
0.94880891	12.81299728	-0.92723650	0.94677626	12.81566993	-0.92553534
1.01290656	12.69497570	-0.85890677	1.01131681	12.69806739	-0.85695072
0.96489664	12.82379583	-0.82931244	0.96236603	12.82661668	-0.82747511
1.00053424	12.69411564	-0.74535649	0.99845767	12.69716225	-0.74339225
0.95546686	12.82358381	-0.72971855	0.95247754	12.82638693	-0.72787338
0.53033096	13.05091883	-0.82621989	0.52626669	13.05106188	-0.82619104
0.55800651	13.07775430	-0.67578490	0.55279327	13.07798061	-0.67558914
0.42608643	13.10850190	-0.59963949	0.41995338	13.10763001	-0.60023660
0.39955668	13.08068260	-0.75260831	0.39472116	13.07972937	-0.75331516
0.59062168	13.06855689	-0.53632173	0.58452444	13.06896667	-0.53598037
0.45664794	13.10181371	-0.46027881	0.44954592	13.10114744	-0.46075210
-0.43667076	12.97580872	-0.58248084	-0.44219427	12.96359799	-0.59110601
-0.51585109	12.94567973	-0.60161408	-0.52072523	12.93212955	-0.61105904
-0.49038963	12.93646089	-0.64079893	-0.49468023	12.92326231	-0.64991392
-0.45637764	12.97939917	-0.52318385	-0.46266316	12.96692015	-0.53209794
-0.54243843	12.94537912	-0.55980080	-0.54777888	12.93146625	-0.56954356
-0.61876894	12.90732302	-0.59432612	-0.62311294	12.89207269	-0.60479430
-0.57881854	12.91346467	-0.62343105	-0.58294401	12.89881125	-0.63348009
-0.53891368	12.91653179	-0.64595639	-0.54283311	12.90250256	-0.65557197
-0.48843884	12.96917307	-0.46841732	-0.49528114	12.95615084	-0.47776216
-0.56092260	12.94012356	-0.51031175	-0.56674288	12.92599069	-0.52026273
-0.57769935	12.92610192	-0.45963936	-0.58377948	12.91186309	-0.46969517
-0.61715772	12.90235357	-0.49459254	-0.62250304	12.88739357	-0.50502377
-0.62499140	12.90422112	-0.54430889	-0.62982737	12.88898640	-0.55483717
-0.08328324	13.08075123	-0.47790957	-0.09093062	13.07423817	-0.48264443
-0.17336808	13.05693310	-0.49978811	-0.18066970	13.04916984	-0.50546278
-0.10242387	13.10112164	-0.38519186	-0.11114163	13.09433623	-0.39020700
-0.20329314	13.07284131	-0.41650849	-0.21155491	13.06470237	-0.42253790
-0.30096735	13.04005337	-0.45834620	-0.30859852	13.03030935	-0.46544484
-0.26581453	13.02936134	-0.53252451	-0.27254570	13.02009269	-0.53917357
-0.11010141	13.10371162	-0.29930338	-0.11960729	13.09686397	-0.30446350
-0.22203539	13.07605772	-0.33496819	-0.23109479	13.06772303	-0.34125010
-0.32799461	13.04115024	-0.38256635	-0.33637161	13.03109311	-0.39004432
1.01734959	11.99701274	-1.04561509	1.02092747	12.00018495	-1.04386027
1.03322848	12.14295522	-1.04274368	1.03584468	12.14621658	-1.04085364
1.01856341	11.95204671	-0.94073595	1.02197169	11.95518717	-0.93904786
1.03785484	12.09991370	-0.92849090	1.04029996	12.10317443	-0.92660138
1.04650296	12.31844281	-0.91211309	1.04748005	12.32175336	-0.91012345
1.03651510	12.35240463	-1.02856890	1.03768396	12.35565394	-1.02664690
0.99681003	11.93423938	-0.82296001	0.99978785	11.93716353	-0.82145788
1.01815927	12.08355284	-0.80578233	1.02018788	12.08660978	-0.80400318
1.02970688	12.30667132	-0.78782926	1.03026968	12.30983046	-0.78586425
1.02287939	12.53763492	-1.00449276	1.02278061	12.54076212	-1.00260342
1.03924891	12.52124427	-0.88830380	1.03883005	12.52448755	-0.88628927
1.02468348	12.51560719	-0.76689848	1.02382356	12.51876794	-0.76488589
-0.66106301	12.79237558	-0.71190517	-0.66211621	12.77608206	-0.72251982
-0.66289222	12.76179326	-0.72328072	-0.66328447	12.74543779	-0.73382817
-0.72436574	12.77707702	-0.63647203	-0.72600166	12.75986830	-0.64775556
-0.72978595	12.73986381	-0.64176510	-0.73071605	12.72254426	-0.65300276
-0.66158846	12.73845286	-0.72400285	-0.66156803	12.72211881	-0.73446906
-0.73419265	12.77036401	-0.53405744	-0.73689510	12.75333542	-0.54541327
-0.74188124	12.72402051	-0.53372662	-0.74381554	12.70686990	-0.54501644
-0.74042558	12.68831649	-0.53368409	-0.74176010	12.67119376	-0.54482736
-0.35388962	13.00376257	-0.55887706	-0.36007142	12.99301070	-0.56651541
-0.38020287	13.01128268	-0.48964885	-0.38719940	13.00017967	-0.49761739
-0.41394493	13.00749756	-0.42387544	-0.42162910	12.99593552	-0.43230048
-0.64919743	12.82830925	-0.35932218	-0.65472481	12.81329795	-0.36986710
-0.57613236	12.84519365	-0.29023084	-0.58262726	12.83158866	-0.30000869
-0.69504617	12.81197748	-0.43859043	-0.69949072	12.79595464	-0.44959505
-0.67428463	12.84323574	-0.45522061	-0.67906041	12.82748811	-0.46609581
-0.62823408	12.86152327	-0.38344890	-0.63403264	12.84675684	-0.39385393
-0.46636290	12.85312604	-0.22312390	-0.47358302	12.84142980	-0.23169447
-0.47577655	12.84801434	-0.75048722	-0.47738980	12.83482194	-0.75923631
-0.47119388	12.88207998	-0.72252274	-0.47368264	12.86903521	-0.73129440
-0.55605387	12.86921622	-0.71328014	-0.55841952	12.85472683	-0.72293856
-0.56556371	12.83867026	-0.73952379	-0.56710969	12.82393919	-0.74919697
-0.69158142	12.83891865	-0.62397557	-0.69443411	12.82232995	-0.63506593
-0.71165514	12.80867956	-0.63104704	-0.71390219	12.79171181	-0.64227753
-0.65224670	12.82244096	-0.69913660	-0.65396352	12.80633295	-0.70973717
-0.63668227	12.85234985	-0.68079685	-0.63912981	12.83656217	-0.69130703
-0.66453023	12.87196447	-0.61374384	-0.66806382	12.85587357	-0.62462074
-0.61574818	12.88264629	-0.65278501	-0.61902620	12.86728950	-0.66315038
-0.54526580	12.89774324	-0.67351373	-0.54856171	12.88354783	-0.68313936
-0.72089638	12.80527209	-0.53681127	-0.72415668	12.78845542	-0.54812521
-0.69978579	12.83582213	-0.54202368	-0.70350648	12.81934198	-0.55319206
-0.64424679	12.87666410	-0.47831929	-0.64933182	12.86132068	-0.48896927
-0.66965915	12.86935193	-0.54977594	-0.67385608	12.85335243	-0.56069554
-0.60226932	12.89681266	-0.41735931	-0.60828466	12.88232893	-0.42759269
-0.47576733	12.91354071	-0.68343727	-0.47920610	12.90050358	-0.69233002
0.10116552	13.09289887	-0.21271050	0.09144370	13.08871840	-0.21594571
0.07370836	13.12790083	-0.29987866	0.06423711	13.12336848	-0.30330671
0.10430210	13.11862350	-0.31191661	0.09510958	13.11445812	-0.31505967
0.13602614	13.08275256	-0.22128034	0.12657801	13.07898719	-0.22420427
0.05985028	13.13237497	-0.39563241	0.05113372	13.12766037	-0.39911545
0.08888306	13.12405855	-0.40980389	0.08045463	13.11972293	-0.41299191
0.11081135	13.11025253	-0.32127152	0.10182897	13.10616966	-0.32434526
0.14190971	13.07479009	-0.22711625	0.13262546	13.07109590	-0.22998173
0.11710119	13.11845920	-0.32185380	0.10805860	13.11443977	-0.32487566
0.14662041	13.08171110	-0.22167945	0.13723452	13.07806437	-0.22451520
0.10494236	13.12360166	-0.42552902	0.09670896	13.11946141	-0.42855273
0.15080986	13.13331501	-0.44787581	0.14273652	13.12968002	-0.45050335
0.16531633	13.12772604	-0.33596227	0.15642193	13.12423128	-0.33855248
0.19357729	13.08867967	-0.22915780	0.18426886	13.08551364	-0.23161139
0.18719852	12.91554458	-0.08515827	0.17867316	12.91243646	-0.08767087
0.14168408	13.02736419	-0.13490695	0.13217704	13.02369208	-0.13782872
0.18035980	13.01763677	-0.14334788	0.17109299	13.01437984	-0.14594698
0.22928416	12.90560459	-0.09527251	0.22100861	12.90294847	-0.09744877
0.19109383	13.01645179	-0.14304976	0.18187178	13.01330392	-0.14556256
0.24112219	12.90448911	-0.09793801	0.23290562	12.90195092	-0.10002610
0.23751572	13.01879643	-0.14704939	0.22837855	13.01614457	-0.14918787
0.28644697	12.90007659	-0.10112763	0.27837180	12.89799536	-0.10288384
0.32925272	12.71414001	-0.10147254	0.32324942	12.71255910	-0.10282031
0.28739139	12.72495877	-0.09948289	0.28120837	12.72297343	-0.10112072
0.36558429	12.52092358	-0.12868573	0.36188118	12.51979805	-0.12961261
0.32565577	12.54214852	-0.12612995	0.32167239	12.54061533	-0.12732547
0.27546881	12.72639878	-0.09538707	0.26922505	12.72429650	-0.09710548
0.31292330	12.54410652	-0.12186205	0.30887308	12.54244973	-0.12313651
0.26506430	12.55436581	-0.10648815	0.26077460	12.55221735	-0.10810262
0.23064836	12.74032467	-0.08210334	0.22411422	12.73775023	-0.08415346
0.25680877	12.77113153	-0.93173104	0.25551723	12.76943056	-0.93321601
0.24204218	12.83972065	-0.90826650	0.24006919	12.83780083	-0.90991410
0.22063212	12.84282545	-0.85088210	0.21835244	12.84057611	-0.85273230
0.23591843	12.78351058	-0.87342149	0.23424911	12.78145058	-0.87514154
0.22048627	12.90940774	-0.85951630	0.21768557	12.90718339	-0.86134284
0.19819940	12.90505903	-0.80566164	0.19509607	12.90249653	-0.80769579
0.20413571	12.90063375	-0.78770172	0.20095867	12.89807641	-0.78971663
0.23590325	12.78872690	-0.85305951	0.23410371	12.78661645	-0.85481054
0.20408942	12.84091786	-0.83811533	0.20177915	12.83841825	-0.84014247
0.21370965	12.78482035	-0.86056658	0.21202577	12.78246825	-0.86253059
0.18692122	12.90292990	-0.79696832	0.18379366	12.90018721	-0.79911984
0.14506260	12.91106729	-0.78536560	0.14180312	12.90783657	-0.78785285
0.15941795	12.84549960	-0.82277429	0.15698396	12.84250092	-0.82515357
0.16662914	12.78255129	-0.84353559	0.16487913	12.77965424	-0.84587774
0.26660110	12.70119567	-0.95510535	0.26602593	12.69952175	-0.95635448
0.24811414	12.72353388	-0.89654116	0.24708696	12.72163694	-0.89813005
0.24853726	12.73859938	-0.87483326	0.24729901	12.73665049	-0.87648680
0.26867131	12.70396072	-0.88640824	0.26778248	12.70225494	-0.88785959
0.22742561	12.72857830	-0.88651450	0.22639534	12.72640034	-0.88837001
0.17927949	12.71624040	-0.87278146	0.17833175	12.71351367	-0.87507425
0.27333655	12.31407529	-0.17058663	0.27216788	12.31206623	-0.17172575
0.28018463	12.41230016	-0.13768985	0.27761387	12.41039951	-0.13893735
0.32901316	12.41470441	-0.15157665	0.32655907	12.41336978	-0.15249260
0.32217545	12.34432963	-0.18324543	0.32073892	12.34295415	-0.18402836
0.33237268	12.42741666	-0.15891592	0.32983803	12.42609710	-0.15983791
0.34371094	12.40886779	-0.15593437	0.34138355	12.40770471	-0.15675663
0.33743428	12.34088341	-0.18807464	0.33610722	12.33980220	-0.18862728
0.38412714	12.37902363	-0.16223290	0.38220720	12.37836749	-0.16276926
0.05976511	13.10636595	-0.50002618	0.05226351	13.10169199	-0.50339919
0.09228511	13.09638951	-0.51124550	0.08504591	13.09213195	-0.51431839
0.07623959	13.05576182	-0.60610956	0.07022035	13.05140114	-0.60924980
0.11369792	13.04443588	-0.61368398	0.10789790	13.04055310	-0.61649149
0.10600826	13.08649189	-0.51680348	0.09895226	13.08240896	-0.51975208
0.11143593	13.09341179	-0.51648719	0.10432234	13.08938757	-0.51939124
0.13322134	13.03973720	-0.60824532	0.12746056	13.03609002	-0.61088350
0.16175507	13.04802295	-0.64527687	0.15624303	13.04474521	-0.64765200
0.14940006	13.10272871	-0.54575995	0.14251917	13.09915965	-0.54830487
0.18966582	12.98128766	-0.76104452	0.18562252	12.97853626	-0.76314508
0.16575600	12.97382036	-0.71495532	0.16144073	12.97072943	-0.71728378
0.15109233	12.97542094	-0.71568322	0.14675443	12.97215335	-0.71814140
0.11120098	12.98621719	-0.70736467	0.10668990	12.98246829	-0.71014993
0.32664338	13.08090326	-0.27370232	0.31805956	13.07908200	-0.27510946
0.36360034	13.00385415	-0.18793834	0.35522211	13.00242754	-0.18913857
0.40054651	12.87617258	-0.13953137	0.39320060	12.87516117	-0.14048572
0.28900031	12.97988294	-0.87316533	0.28571620	12.97829606	-0.87450216
0.32081821	12.90475932	-0.96070668	0.31857413	12.90359756	-0.96185119
0.26059494	13.04607897	-0.76287334	0.25602286	13.04404134	-0.76441924
0.06279996	12.93275196	-0.08918233	0.05392677	12.92827348	-0.09271871
0.03314045	13.03345378	-0.13725438	0.02337436	13.02855158	-0.14110350
0.01009868	13.09335439	-0.20966944	0.00016682	13.08810267	-0.21372361
0.04908540	12.99284530	-0.65340289	0.04411493	12.98825590	-0.65675241
0.01761177	13.05470026	-0.57872244	0.01133090	13.04960079	-0.58240835
0.07724263	12.92402766	-0.70497192	0.07335367	12.91988723	-0.70804523
0.43154935	12.68316980	-0.13715391	0.42622156	12.68252908	-0.13783909
0.45985660	12.47564675	-0.16361398	0.45689423	12.47539483	-0.16403246
0.33630981	12.82539335	-1.01195085	0.33495360	12.82446663	-1.01289377
0.34159525	12.75008999	-1.03953612	0.34085766	12.74914197	-1.04028215
0.47421441	12.33914727	-0.19938564	0.47297941	12.33918411	-0.19946027
0.34433056	12.69013640	-1.05650514	0.34416139	12.68921764	-1.05703374
0.13345918	12.44687464	-0.12336333	0.13042485	12.44326196	-0.12578559
0.12357686	12.60325444	-0.09660295	0.11861618	12.59954544	-0.09928679
0.09758176	12.72501169	-0.77367567	0.09601164	12.72119696	-0.77665994
0.09176011	12.79316946	-0.75012457	0.08941002	12.78926112	-0.75311040
0.09609810	12.78109223	-0.08030943	0.08897037	12.77705493	-0.08342508
0.08857081	12.85820445	-0.73239254	0.08552782	12.85422432	-0.73538611
0.27444380	13.12824322	-0.51403693	0.26723255	13.12594920	-0.51563550
0.25915647	13.09908732	-0.64114773	0.25321982	13.09680790	-0.64276154
0.29694489	13.12205764	-0.38740050	0.28880626	13.11992032	-0.38895734
-0.00928052	13.12291895	-0.38285741	-0.01811912	13.11733217	-0.38698848
-0.00224634	13.09892193	-0.48377607	-0.00992044	13.09345225	-0.48775655
-0.00470374	13.12215818	-0.29170666	-0.01432015	13.11666943	-0.29587381
0.89181683	11.97909232	-0.57962015	0.89308088	11.98081410	-0.57898122
0.81676000	12.01719950	-0.47386000	0.81676000	12.01719950	-0.47386000
0.93920052	11.95607521	-0.70500226	0.94141035	11.95850385	-0.70389490
0.92422771	12.02230946	-0.70954676	0.92609959	12.02467948	-0.70839938
0.88290868	12.06619443	-0.62452411	0.88401120	12.06811810	-0.62358450
0.80869177	12.12322906	-0.52270238	0.80900568	12.12435802	-0.52195457
0.97761872	11.95093321	-0.82706928	0.98051695	11.95375249	-0.82564968
0.99971708	11.96817539	-0.93715316	1.00301025	11.97119997	-0.93553556
0.96214926	12.08481202	-0.92080729	0.96465402	12.08759424	-0.91924879
0.94546297	12.05370052	-0.80455225	0.94764798	12.05633568	-0.80319080
0.99986473	12.01056552	-1.02976566	1.00329079	12.01361895	-1.02807410
0.96425708	12.08359655	-1.11721315	0.96753186	12.08640623	-1.11558613
0.93764441	12.14509175	-1.09536347	0.94043697	12.14771509	-1.09381501
0.96068633	12.11952819	-1.01836355	0.96335863	12.12231039	-1.01675892
0.88046008	12.19722102	-1.21013930	0.88330896	12.19940738	-1.20875767
0.75757532	12.34072015	-1.26382257	0.75957847	12.34187595	-1.26285901
0.75817209	12.36978336	-1.19231808	0.75971100	12.37101613	-1.19139190
0.87476981	12.24311153	-1.14756494	0.87709132	12.24527376	-1.14621193
0.60532117	12.48282604	-1.23771797	0.60587981	12.48284090	-1.23771544
0.47165777	12.61246774	-1.15328037	0.47172052	12.61231143	-1.15334247
0.49420000	12.61570000	-1.07906000	0.49420000	12.61570000	-1.07906000
0.61447000	12.50220000	-1.16283000	0.61447000	12.50220000	-1.16283000
0.38361477	12.64369362	-1.05180560	0.38369240	12.64320408	-1.05203416
0.33194260	12.64009853	-0.96181757	0.33194749	12.63907891	-0.96237314
0.37140000	12.64100070	-0.89641000	0.37140000	12.64100070	-0.89641000
0.41679000	12.64250090	-0.98287004	0.41679000	12.64250090	-0.98287004
0.30998769	12.67033872	-0.90575181	0.30945121	12.66908672	-0.90672880
0.30364563	12.69730340	-0.87964880	0.30274244	12.69598695	-0.88079211
0.33070212	12.68582711	-0.82116345	0.32958732	12.68463957	-0.82214792
0.34131536	12.66314440	-0.84674568	0.34044337	12.66226811	-0.84750147
0.29625047	12.68396582	-0.88472795	0.29555637	12.68257954	-0.88599318
0.25346535	12.66889821	-0.85909030	0.25280211	12.66690715	-0.86080722
0.29024220	12.66788289	-0.78715775	0.28910251	12.66614732	-0.78859838
0.33069323	12.67434966	-0.82034755	0.32971974	12.67316018	-0.82138003
0.14085406	12.69274086	-0.73887762	0.13936255	12.68933965	-0.74154934
0.00215806	12.73037195	-0.60816794	-0.00018168	12.72508293	-0.61193577
-0.00243578	12.76872887	-0.53111235	-0.00578538	12.76339741	-0.53489204
0.16015864	12.70864200	-0.66197656	0.15805663	12.70531924	-0.66448172
-0.11866095	12.75850226	-0.55521357	-0.12140622	12.75150308	-0.55995967
-0.22621974	12.77519299	-0.56999427	-0.22888913	12.76656283	-0.57583421
-0.24345138	12.84345009	-0.51194003	-0.24763939	12.83463796	-0.51807859
-0.13323490	12.81820331	-0.48655434	-0.13739205	12.81108425	-0.49154123
-0.32529099	12.77793790	-0.64126514	-0.32705821	12.76756714	-0.64821597
-0.41741955	12.77199405	-0.71895719	-0.41811142	12.75990358	-0.72691908
-0.44304668	12.79757336	-0.67013871	-0.44470310	12.78514181	-0.67841509
-0.34714037	12.82973135	-0.58904613	-0.35026662	12.81909551	-0.59631636
-0.50311642	12.76205881	-0.75538033	-0.50318799	12.74836653	-0.76418639
-0.58335177	12.74787665	-0.75092078	-0.58320662	12.73279265	-0.76051638
-0.58635104	12.75066811	-0.71541758	-0.58665674	12.73563852	-0.72506655
-0.53118276	12.76707973	-0.70956956	-0.53184464	12.75302479	-0.71868498
-0.66107434	12.73021827	-0.70471480	-0.66113471	12.71394672	-0.71515293
-0.71563406	12.70995640	-0.62820638	-0.71620392	12.69292736	-0.63919422
-0.68330983	12.73115159	-0.59771676	-0.68462476	12.71477464	-0.60839099
-0.64007605	12.74322447	-0.67206485	-0.64074332	12.72739875	-0.68230051
-0.72590520	12.68517566	-0.53145821	-0.72721880	12.66830603	-0.54242088
-0.70222080	12.64573439	-0.43591843	-0.70403497	12.62964341	-0.44642808
-0.68045771	12.65430649	-0.44728595	-0.68228294	12.63851615	-0.45759172
-0.69246190	12.69642575	-0.51192316	-0.69420004	12.68019015	-0.52253811
-0.65351332	12.58174807	-0.36290735	-0.65511367	12.56668693	-0.37270970
-0.57776500	12.53378043	-0.30504804	-0.57931747	12.52010803	-0.31383015
-0.56464247	12.59300427	-0.33854272	-0.56672575	12.57943349	-0.34740513
-0.64045761	12.62346165	-0.39716865	-0.64234550	12.60849068	-0.40695435
-0.47565406	12.54580229	-0.24975708	-0.47808900	12.53393265	-0.25748886
-0.35205157	12.54307026	-0.20406378	-0.35514576	12.53324141	-0.21053413
-0.33775325	12.59761519	-0.23333741	-0.34126880	12.58790286	-0.23984330
-0.46115949	12.60350931	-0.28138428	-0.46411149	12.59176720	-0.28917016
-0.20903954	12.45640362	-0.17751783	-0.21151587	12.44862454	-0.18261297
-0.05151419	12.35663814	-0.17186808	-0.05306012	12.35080809	-0.17563082
-0.05329186	12.42577429	-0.20459216	-0.05536086	12.41989217	-0.20845033
-0.20124955	12.51922315	-0.20733801	-0.20421597	12.51148791	-0.21248719
0.11437076	12.31158540	-0.18106388	0.11332728	12.30766401	-0.18345568
0.24484178	12.30479069	-0.19889129	0.24398660	12.30239668	-0.20024407
0.22196398	12.36153111	-0.25313897	0.22081552	12.35878306	-0.25476737
0.10132314	12.37710663	-0.22458988	0.09986003	12.37299252	-0.22717498
0.29246651	12.34368188	-0.21788516	0.29128333	12.34188222	-0.21890242
0.27378449	12.42475030	-0.28991159	0.27205431	12.42259093	-0.29126254
0.26762585	12.39641243	-0.27586846	0.26615829	12.39419546	-0.27721137
0.30410353	12.33594417	-0.22899004	0.30294109	12.33440099	-0.22979409
0.34620000	12.27620000	-0.23202000	0.34620000	12.27620000	-0.23202000
0.31298813	12.32160971	-0.29715872	0.31220266	12.31995675	-0.29799039
0.27543137	12.38326052	-0.29005535	0.27404125	12.38111918	-0.29126887
0.44425997	12.21770000	-0.27141000	0.44425997	12.21770000	-0.27141000
0.57587000	12.16340070	-0.32883000	0.57587000	12.16340070	-0.32883000
0.56739555	12.24464675	-0.38154508	0.56709185	12.24479766	-0.38141582
0.42456940	12.28247006	-0.32986197	0.42416724	12.28191158	-0.33014971
0.70622003	12.08180000	-0.39380000	0.70622003	12.08180000	-0.39380000
0.69959555	12.18687844	-0.44395053	0.69951377	12.18755758	-0.44353424
0.77013145	12.40446298	-1.04150250	0.77098978	12.40597844	-1.04059901
0.87949698	12.26082194	-1.03707543	0.88131039	12.26306361	-1.03572950
0.78600491	12.38933326	-0.85265606	0.78635831	12.39098037	-0.85166654
0.88589279	12.24015080	-0.89655327	0.88732446	12.24244747	-0.89521364
0.79808278	12.27485192	-0.66474102	0.79836440	12.27645936	-0.66375522
0.88443590	12.16604547	-0.74518786	0.88569862	12.16826119	-0.74395554
0.53010224	12.61004966	-0.90280803	0.52957747	12.61027151	-0.90276151
0.64700838	12.52733405	-0.98774574	0.64697363	12.52801180	-0.98736591
0.55752593	12.54054727	-0.69096189	0.55646921	12.54072322	-0.69090508
0.67502248	12.48621235	-0.77691502	0.67456590	12.48716615	-0.77635485
0.56523040	12.38839760	-0.50999930	0.56445436	12.38854236	-0.50990778
0.68998921	12.34781740	-0.58426121	0.68960163	12.34874405	-0.58367117
-0.26186324	12.83868417	-0.42821136	-0.26683330	12.82969582	-0.43454551
-0.15307267	12.81027927	-0.40128463	-0.15787624	12.80290518	-0.40647916
-0.28403419	12.78066813	-0.34202811	-0.28903474	12.77150406	-0.34849486
-0.17428546	12.74550361	-0.31735262	-0.17907649	12.73795440	-0.32266905
-0.04881923	12.69151193	-0.34176340	-0.05279238	12.68557875	-0.34589084
-0.02544721	12.75968196	-0.43654922	-0.02946710	12.75407703	-0.44051558
-0.31240938	12.68868934	-0.27836346	-0.31673005	12.67925941	-0.28488263
-0.18991496	12.63148973	-0.25377142	-0.19383343	12.62382145	-0.25904529
-0.05532189	12.55960608	-0.26322093	-0.05843894	12.55364960	-0.26726025
-0.57748171	12.78297602	-0.63246760	-0.57930185	12.76832585	-0.64213337
-0.61932529	12.77429095	-0.54311084	-0.62202110	12.75915599	-0.55320118
-0.52708559	12.80855490	-0.47441497	-0.53114060	12.79508417	-0.48360912
-0.48494344	12.82387422	-0.57751602	-0.48808544	12.81089055	-0.58630976
-0.63429093	12.70445057	-0.46043847	-0.63677227	12.68934743	-0.47042678
-0.55033616	12.70933789	-0.39345562	-0.55362263	12.69581271	-0.40254004
-0.37589064	12.84272130	-0.49837775	-0.38020483	12.83174600	-0.50599928
-0.40778801	12.80812005	-0.40008445	-0.41258703	12.79690091	-0.40794892
-0.43747984	12.70944039	-0.32956461	-0.44150522	12.69792393	-0.33744595
0.28243563	12.62306499	-0.66448176	0.28093466	12.62093035	-0.66608812
0.32525681	12.62369534	-0.68549777	0.32385788	12.62204359	-0.68679870
0.25492390	12.55311457	-0.51539244	0.25330911	12.55058530	-0.51713893
0.30162739	12.55647259	-0.52261089	0.30000852	12.55446266	-0.52403328
0.30305302	12.57470475	-0.50682877	0.30112321	12.57270308	-0.50823288
0.32435244	12.63789786	-0.67683342	0.32273346	12.63621935	-0.67811347
0.33304014	12.62114499	-0.69894749	0.33161982	12.61956532	-0.70016913
0.30690699	12.56075141	-0.52139315	0.30516023	12.55879063	-0.52276151
0.34184450	12.54348883	-0.56041869	0.34041369	12.54186264	-0.56158576
0.36475526	12.60460710	-0.74763828	0.36365589	12.60330257	-0.74864006
0.31715934	12.42757560	-0.40773661	0.31585691	12.42573212	-0.40888513
0.28133960	12.47210869	-0.38661461	0.27959659	12.46995300	-0.38803363
0.27619756	12.47564405	-0.38203424	0.27451101	12.47343398	-0.38349900
0.22947010	12.45702591	-0.36838367	0.22793283	12.45427538	-0.37015957
0.43610816	12.54849934	-0.61783350	0.43478709	12.54770909	-0.61844488
0.43335626	12.61783186	-0.81870576	0.43255884	12.61728701	-0.81913725
0.42651264	12.40675134	-0.44965649	0.42551163	12.40592316	-0.45017400
0.11717833	12.60964950	-0.43206283	0.11460294	12.60566411	-0.43484422
0.14456014	12.68219914	-0.55348613	0.14204858	12.67853426	-0.55610379
0.10199450	12.49147612	-0.31518184	0.09990711	12.48729542	-0.31793245
0.09732244	13.11535133	-0.42120738	0.08912094	13.11112978	-0.42429987
0.18498636	13.01156185	-0.15013092	0.17586263	13.00835159	-0.15268617
0.23281249	12.90228433	-0.10440373	0.22465859	12.89966239	-0.10654967
0.27877315	12.72573256	-0.10565658	0.27261665	12.72365728	-0.10735594
0.31635163	12.54846930	-0.13162613	0.31232837	12.54683214	-0.13288463
0.22390467	12.84168069	-0.83011138	0.22152058	12.83940203	-0.83196543
0.32590625	12.36680544	-0.19064508	0.32425652	12.36547692	-0.19143145
0.13201579	13.03437480	-0.61118558	0.12632974	13.03071633	-0.61383526
0.16920689	12.96876747	-0.70817404	0.16488772	12.96569721	-0.71048472
0.90569160	11.97398100	-0.56570840	0.90689660	11.97572763	-0.56500764
0.82636252	12.01976124	-0.45649242	0.82625194	12.01977348	-0.45647477
0.95682993	11.94228865	-0.69589730	0.95906843	11.94479073	-0.69471992
0.76157635	12.33941408	-1.27919565	0.76365028	12.34058791	-1.27821385
0.46209328	12.61808470	-1.16717560	0.46216034	12.61790485	-1.16726968
0.35407206	12.65233336	-1.06186796	0.35411314	12.65155808	-1.06226608
0.28659079	12.65107721	-0.96810739	0.28651324	12.64960164	-0.96903463
0.26888329	12.67956631	-0.91006725	0.26830357	12.67786257	-0.91138499
0.25317629	12.68953313	-0.90036595	0.25263290	12.68764500	-0.90203846
0.20565760	12.67039282	-0.88625699	0.20521347	12.66795102	-0.88838719
0.11189826	12.68207456	-0.77825002	0.11076556	12.67841942	-0.78116009
-0.00119501	12.70133461	-0.65635625	-0.00296453	12.69606091	-0.66019773
-0.20674782	12.71269206	-0.60849988	-0.20814288	12.70427083	-0.61400696
-0.30674309	12.73732043	-0.66975743	-0.30759549	12.72720394	-0.67642752
-0.48909479	12.76847871	-0.77644078	-0.48905302	12.75498113	-0.78512269
-0.57263216	12.76027681	-0.77290600	-0.57245467	12.74531515	-0.78241342
-0.72730368	12.71253404	-0.64089475	-0.72776116	12.69525645	-0.65203464
-0.21354735	12.46625435	-0.15585953	-0.21630269	12.45844829	-0.16099951
0.12911866	12.32926798	-0.15570826	0.12767318	12.32555294	-0.15800598
0.29771560	12.37204538	-0.23051889	0.29623460	12.37030383	-0.23154380
0.37974943	12.29264034	-0.19483598	0.37930951	12.29240036	-0.19478298
0.46757858	12.23762124	-0.23808571	0.46737968	12.23763278	-0.23799169
0.71351351	12.09258196	-0.37156403	0.71343841	12.09268869	-0.37153957
0.28045025	12.49932796	-0.38014437	0.27846680	12.49716675	-0.38160670
0.55778712	12.78094595	-0.54037252	0.55418428	12.78116618	-0.54027900
0.26318870	12.97327405	-0.54408402	0.25772008	12.97094139	-0.54576854
-0.02819421	12.95384582	-0.29904224	-0.03567009	12.94815775	-0.30327703
0.03556695	13.04235882	-0.33940003	0.02742665	13.03740264	-0.34309262
0.27226534	12.85484148	-0.30778940	0.26624334	12.85261505	-0.30950191
-0.01655015	12.92582232	-0.45573346	-0.02236186	12.92029178	-0.45975444
0.06919307	13.01246965	-0.44538682	0.06235256	13.00794681	-0.44869490
0.34583157	12.81465288	-0.70221265	0.34291012	12.81335380	-0.70326432
0.08745388	13.00035128	-0.20693158	0.07878606	12.99606010	-0.21023546
0.20558087	12.79618005	-0.81075668	0.20349029	12.79365244	-0.81278971
0.30508013	12.74444820	-0.54286276	0.30174727	12.74248427	-0.54431591
0.31084305	12.87750689	-0.85166181	0.30828448	12.87614693	-0.85287277
0.37885806	12.43012525	-0.25093705	0.37682641	12.42913055	-0.25170658
0.19323923	13.02538263	-0.46528678	0.18654649	13.02227423	-0.46755327
0.46199205	12.68201218	-0.67095596	0.45990605	12.68152672	-0.67137069
0.68352291	12.75863317	-0.76717904	0.68136088	12.75977509	-0.76648840
0.26833820	12.92657009	-0.21441332	0.26083641	12.92427453	-0.21623340
-0.47943392	12.81289220	-0.32125218	-0.48509520	12.80075036	-0.32987664
0.08314278	13.05176685	-0.27669806	0.07443103	13.04739741	-0.28001920
0.29428077	12.93397137	-0.69937014	0.29024626	12.93215868	-0.70075401
-0.56199457	12.79789245	-0.36949005	-0.56693585	12.78424744	-0.37898551
0.16956262	13.00894813	-0.34916542	0.16207844	13.00558188	-0.35169104
0.27123091	12.44564197	-0.21129840	0.26879199	12.44353224	-0.21267728
0.05620096	13.06508621	-0.39963880	0.04832645	13.06037795	-0.40311824
0.15876291	13.05281295	-0.50976857	0.15209778	13.04934681	-0.51227792
0.22618459	12.59436624	-0.25979192	0.22251723	12.59166585	-0.26171298
0.13013049	12.90951307	-0.53148454	0.12518333	12.90574162	-0.53421400
0.25924055	12.87779051	-0.84461962	0.25662974	12.87591318	-0.84619704
0.26924925	12.82783217	-0.84717038	0.26706910	12.82606539	-0.84867182
0.18841887	12.99987957	-0.56320006	0.18277846	12.99678588	-0.56544058
0.32967724	12.79041940	-0.20823470	0.32367819	12.78876763	-0.20958079
0.47951339	12.59081654	-0.43523485	0.47694922	12.59044553	-0.43558422
0.29668557	12.75138713	-0.89751958	0.29539664	12.75004975	-0.89874167
0.12918632	12.93790921	-0.66634658	0.12489600	12.93432829	-0.66901147
0.38004470	12.37153079	-0.22642499	0.37856544	12.37078012	-0.22700851
0.34240720	12.47397559	-0.32020521	0.34030913	12.47248325	-0.32125006
0.14111202	12.84407985	-0.20917225	0.13436144	12.84041139	-0.21194152
0.38265920	12.72713438	-0.91457352	0.38163588	12.72666932	-0.91514302
0.28529315	12.78194073	-0.86003668	0.28356738	12.78037496	-0.86139316
0.07454446	13.08284658	-0.30973881	0.06572296	13.07834723	-0.31312748
0.38600142	12.60090397	-0.25398604	0.38220768	12.59980235	-0.25488760
0.19680462	12.84029484	-0.78800258	0.19419658	12.83763775	-0.79009635
0.41909807	12.71003367	-0.83102295	0.41777365	12.70954895	-0.83148760
0.81448679	12.75934549	-0.85901070	0.81257460	12.76120224	-0.85786154
0.55620450	12.79533867	-0.92691097	0.55469910	12.79582659	-0.92683278
0.30373784	12.67483064	-0.21007494	0.29891390	12.67293633	-0.21153202
0.20620407	12.74427187	-0.19869558	0.20050648	12.74136448	-0.20088541
