0.81683143	12.75588505	-0.40871853	0.81263346	12.75791900	-0.40742761
0.77959099	12.89242122	-0.43803454	0.77439606	12.89422011	-0.43682097
0.86401417	12.85479663	-0.53335779	0.85974579	12.85711669	-0.53177177
0.90384276	12.72309590	-0.51803094	0.90052095	12.72563325	-0.51635558
0.73398475	12.98050461	-0.49984491	0.72841481	12.98197307	-0.49879557
0.82207416	12.93878081	-0.57759453	0.81739056	12.94084101	-0.57615419
0.87706702	12.89829101	-0.63638320	0.87304440	12.90069248	-0.63474346
0.91942941	12.83037860	-0.62946284	0.91588359	12.83303894	-0.62768153
0.96041120	12.70258933	-0.62965127	0.95772525	12.70544068	-0.62777680
0.71102486	12.77471022	-1.15925654	0.71017044	12.77575029	-1.15863164
0.83414447	12.73051788	-1.13330089	0.83336494	12.73233327	-1.13218866
0.79632539	12.83620584	-1.06544989	0.79474309	12.83788362	-1.06443881
0.67385248	12.87682561	-1.08679825	0.67224039	12.87781236	-1.08631257
0.93444034	12.70255728	-1.06685693	0.93353568	12.70506874	-1.06531691
0.89477637	12.81224428	-1.00897009	0.89304336	12.81454638	-1.00751756
0.85054581	12.87925378	-0.95939079	0.84824535	12.88133835	-0.95805879
0.77101845	12.91670471	-0.97763437	0.76863210	12.91836847	-0.97663372
0.64802306	12.95704288	-0.98756868	0.64550982	12.95801219	-0.98708392
0.54151056	12.83935158	-0.20829664	0.53511961	12.83949119	-0.20838320
0.51419763	12.97413042	-0.25726057	0.50677441	12.97397625	-0.25748657
0.65901078	12.93491855	-0.34280625	0.65270285	12.93589722	-0.34219240
0.68939183	12.79728388	-0.30167362	0.68412665	12.79850721	-0.30097953
0.48175561	13.05770252	-0.34307081	0.47409873	13.05723963	-0.34344023
0.62028754	13.02233089	-0.41999980	0.61367290	13.02297004	-0.41953463
0.45562910	12.87977151	-1.06850535	0.45405947	12.87950327	-1.06898768
0.58562165	12.83046382	-1.13644531	0.58451187	12.83085586	-1.13637850
0.54862234	12.92245693	-1.06489480	0.54671725	12.92275182	-1.06491998
0.41940419	12.96062317	-0.99499273	0.41689095	12.96010155	-0.99559974
0.52017806	12.99628069	-0.96370783	0.51726381	12.99641913	-0.96378595
0.38947529	13.02785443	-0.89344453	0.38588054	13.02701313	-0.89418691
-0.10053033	12.93941979	-0.11324430	-0.10963866	12.93292138	-0.11821311
-0.22927618	12.93527240	-0.14834115	-0.23820349	12.92707493	-0.15454118
-0.23745005	13.00624168	-0.19750218	-0.24692751	12.99783240	-0.20387313
-0.11363555	13.02405323	-0.16012861	-0.12345130	13.01728553	-0.16531493
-0.34514284	12.91988795	-0.19766217	-0.35357255	12.90999287	-0.20505144
-0.34995094	12.97878923	-0.24882829	-0.35873951	12.96870314	-0.25637323
-0.35143118	13.01659311	-0.31651272	-0.36018071	13.00632340	-0.32416734
-0.23949914	13.05085726	-0.26490325	-0.24896987	13.04231679	-0.27133288
-0.11950087	13.07548535	-0.22723901	-0.12939758	13.06853605	-0.23250035
-0.00918364	12.92816460	-0.62813095	-0.01373002	12.92273990	-0.63201306
-0.03282731	12.98810233	-0.60499968	-0.03826353	12.98234972	-0.60910765
-0.11458802	12.97786553	-0.60383120	-0.11997354	12.97090781	-0.60878608
-0.09210204	12.92450207	-0.61650026	-0.09667325	12.91789260	-0.62118805
-0.06307089	13.03831825	-0.56112144	-0.06954735	13.03208432	-0.56556710
-0.14528921	13.02056062	-0.57194128	-0.15154464	13.01315002	-0.57724789
-0.23563847	12.99779054	-0.59827364	-0.24140666	12.98893609	-0.60449184
-0.20385231	12.96076544	-0.63009409	-0.20876497	12.95239530	-0.63593623
-0.18036437	12.91268824	-0.64443010	-0.18444557	12.90468837	-0.64998145
0.98818158	12.31246655	-0.65612003	0.98813088	12.31528634	-0.65427315
0.97814751	12.09167607	-0.67427722	0.97945154	12.09431877	-0.67266402
0.91759037	12.11230864	-0.54160318	0.91794936	12.11414350	-0.54034274
0.92409219	12.32275230	-0.52352795	0.92341142	12.32498943	-0.52201488
0.83388929	12.15528910	-0.42416063	0.83360678	12.15628593	-0.42338288
0.83431615	12.34337947	-0.40121771	0.83314931	12.34503400	-0.40008211
0.99008506	12.40369336	-1.12696751	0.99124754	12.40665943	-1.12522526
0.89330696	12.45845003	-1.19924493	0.89426613	12.46069904	-1.19789502
0.89875398	12.29919284	-1.22347612	0.90096057	12.30151375	-1.22204310
0.99383508	12.21251165	-1.14220292	0.99639338	12.21554313	-1.14042802
0.76058049	12.52559408	-1.23254795	0.76091229	12.52670095	-1.23173569
0.76614018	12.40591330	-1.26305576	0.76761645	12.40712962	-1.26212700
0.89281540	12.19408289	-1.23141919	0.89581407	12.19638337	-1.22998601
0.98206208	12.07712871	-1.14093372	0.98553831	12.08010089	-1.13923351
0.98298539	12.52277022	-0.64081542	0.98155162	12.52568863	-0.63891333
0.92138768	12.53576587	-0.51599754	0.91936989	12.53827428	-0.51431963
0.83150490	12.56078733	-0.39708579	0.82884596	12.56281424	-0.39579204
0.86850942	12.60274821	-1.17357960	0.86845204	12.60470204	-1.17236383
0.96858225	12.56672258	-1.10402753	0.96861476	12.56948379	-1.10236710
0.74183536	12.65278373	-1.20232859	0.74162754	12.65381147	-1.20155920
0.58238995	12.42632068	-0.22326205	0.58025110	12.42688079	-0.22304937
0.56275510	12.64092285	-0.20236783	0.55830499	12.64128993	-0.20234897
0.70546537	12.59796796	-0.29073314	0.70202054	12.59926103	-0.29001707
0.71415522	12.38105242	-0.30229369	0.71252474	12.38213270	-0.30164565
0.46700371	12.70338949	-1.15221848	0.46674053	12.70321578	-1.15236162
0.61206061	12.61609887	-1.21783066	0.61202981	12.61626584	-1.21762795
0.60611262	12.72184360	-1.18461019	0.60572242	12.72220493	-1.18442399
0.46768604	12.78747498	-1.12038422	0.46684584	12.78730061	-1.12071785
0.58548947	12.17581830	-0.30136774	0.58536668	12.17592157	-0.30131700
0.59008620	12.28553965	-0.26007340	0.58921918	12.28602248	-0.25983269
0.71848787	12.22284275	-0.33336697	0.71789162	12.22357932	-0.33290894
0.60557964	12.48670098	-1.25180677	0.60616319	12.48671795	-1.25179520
0.60941218	12.53490019	-1.24339445	0.60971158	12.53500458	-1.24336278
0.46259459	12.64760798	-1.16710086	0.46255254	12.64742355	-1.16716586
-0.05946249	12.66519983	-0.10325208	-0.06519858	12.65931798	-0.10747648
-0.21479009	12.71595792	-0.12553022	-0.22102987	12.70808903	-0.13121875
-0.22065186	12.83840619	-0.12680931	-0.22849789	12.83039594	-0.13277554
-0.07868803	12.81847650	-0.09720675	-0.08637218	12.81232515	-0.10182528
-0.35405382	12.74784727	-0.16498526	-0.36042727	12.73796753	-0.17210234
-0.34763785	12.84387482	-0.17172860	-0.35526303	12.83402744	-0.17900181
0.00162554	12.79933704	-0.65576385	-0.00131641	12.79408877	-0.65952113
0.00095550	12.86490127	-0.64325517	-0.00275523	12.85962559	-0.64701452
-0.08119183	12.86360883	-0.62411373	-0.08493498	12.85715483	-0.62865884
-0.08112981	12.79790050	-0.62773083	-0.08401221	12.79140972	-0.63222400
-0.16866962	12.85645493	-0.65090566	-0.17190035	12.84861849	-0.65628416
-0.17022954	12.79457807	-0.64911489	-0.17263698	12.78669334	-0.65441705
-0.05319407	12.36680884	-0.15204259	-0.05506097	12.36092449	-0.15582566
-0.21652295	12.56683349	-0.13939958	-0.22072341	12.55894470	-0.14478958
-0.05336879	12.49332101	-0.12381736	-0.05688269	12.48748352	-0.12775589
-0.36086240	12.53868972	-0.19026020	-0.36409884	12.52869497	-0.19690068
-0.36021565	12.62816147	-0.17290106	-0.36485114	12.61821403	-0.17978142
-0.00115425	12.73213708	-0.66795499	-0.00329620	12.72684340	-0.67175102
-0.09193528	12.72860337	-0.62572434	-0.09392495	12.72188139	-0.63024911
-0.10648432	12.69884352	-0.60659396	-0.10813474	12.69187832	-0.61119396
-0.18575792	12.72856857	-0.63773801	-0.18729713	12.72041127	-0.64307135
-0.46176114	12.89742544	-0.25977177	-0.46939335	12.88564854	-0.26837155
-0.45678127	12.94546998	-0.30774268	-0.46467542	12.93361568	-0.31641398
-0.56384947	12.87172646	-0.32849312	-0.57052288	12.85816027	-0.33817985
-0.54609076	12.91150520	-0.37013822	-0.55297250	12.89806642	-0.37973257
-0.52468330	12.94312013	-0.42102903	-0.53160687	12.92983758	-0.43050642
-0.44727245	12.98009371	-0.36805729	-0.45513109	12.96819881	-0.37671896
-0.30412334	12.94034601	-0.66187332	-0.30842129	12.93030204	-0.66880346
-0.28052802	12.89797863	-0.68356586	-0.28393933	12.88829686	-0.69017174
-0.33391925	12.97329722	-0.62546877	-0.33910467	12.96280575	-0.63277887
-0.42497973	12.94750953	-0.64597627	-0.42957042	12.93544062	-0.65433369
-0.40060726	12.91887877	-0.68703059	-0.40430165	12.90715110	-0.69504728
-0.38155100	12.88230840	-0.71781735	-0.38430955	12.87086052	-0.72555085
-0.27282990	12.84972237	-0.69799547	-0.27535825	12.84015296	-0.70445570
-0.38028990	12.84228623	-0.74182789	-0.38214574	12.83080103	-0.74946777
-0.38724254	12.80269772	-0.75606944	-0.38825757	12.79105620	-0.76369923
-0.27703385	12.79843608	-0.70229846	-0.27869420	12.78877227	-0.70872014
-0.59666076	12.76374549	-0.28531323	-0.60209320	12.74978678	-0.29508663
-0.59921006	12.64048977	-0.28454655	-0.60273878	12.62647587	-0.29404382
-0.67338336	12.66257661	-0.35182775	-0.67650672	12.64716258	-0.36218343
-0.66869739	12.75964747	-0.35566912	-0.67333643	12.74429351	-0.36622736
-0.59130346	12.53489407	-0.29541853	-0.59304346	12.52096864	-0.30458570
-0.66838243	12.57950545	-0.35794858	-0.67007919	12.56414431	-0.36807533
-0.71778530	12.63715573	-0.43838877	-0.71955157	12.62075931	-0.44912168
-0.71950141	12.68997547	-0.43561365	-0.72216345	12.67355483	-0.44653031
-0.71221404	12.75434155	-0.43949143	-0.71588340	12.73801138	-0.45052183
-0.48696221	12.54361593	-0.23777582	-0.48958633	12.53153771	-0.24580311
-0.49075306	12.64085627	-0.22365916	-0.49499760	12.62878034	-0.23195967
-0.48580137	12.76167276	-0.22024294	-0.49186510	12.74965594	-0.22879164
-0.48350367	12.80190826	-0.77765142	-0.48423500	12.78848015	-0.78629311
-0.48500034	12.77401519	-0.78796141	-0.48512773	12.76051904	-0.79653171
-0.39363342	12.76769148	-0.75801821	-0.39403597	12.75592545	-0.76563866
-0.57229928	12.79367266	-0.76696842	-0.57295300	12.77865998	-0.77652133
-0.57139660	12.76654822	-0.78123974	-0.57140708	12.75148810	-0.79068426
-0.40272522	12.74945772	-0.74821709	-0.40293965	12.73756012	-0.75588737
-0.28971875	12.74746669	-0.69498737	-0.29065797	12.73759083	-0.70144709
0.87707347	12.90448349	-0.88914038	0.87427140	12.90676747	-0.88763273
0.77354445	12.96682798	-0.87849793	0.77032702	12.96852597	-0.87738123
0.88871019	12.92020567	-0.79944812	0.88533184	12.92260666	-0.79784552
0.78893359	12.98819984	-0.77251857	0.78500677	12.99002298	-0.77125289
0.67240377	13.03779605	-0.73563318	0.66780043	13.03883775	-0.73488431
0.65150048	13.01233766	-0.86616679	0.64791429	13.01330194	-0.86555052
0.88639919	12.91703282	-0.70694771	0.88262352	12.91947001	-0.70529172
0.80096025	12.98062208	-0.66515923	0.79645244	12.98252878	-0.66382143
0.69967844	13.02793499	-0.60682468	0.69441541	13.02915110	-0.60592821
0.99177731	12.69590871	-0.96959864	0.99056087	12.69887239	-0.96776131
0.94677626	12.81566993	-0.92553534	0.94467859	12.81836362	-0.92381385
1.01131681	12.69806739	-0.85695072	1.00966550	12.70118809	-0.85497075
0.96236603	12.82661668	-0.82747511	0.95976009	12.82945590	-0.82561917
0.99845767	12.69716225	-0.74339225	0.99631248	12.70023131	-0.74140733
0.95247754	12.82638693	-0.72787338	0.94940595	12.82920264	-0.72601265
0.52626669	13.05106188	-0.82619104	0.52211226	13.05115925	-0.82616965
0.55279327	13.07798061	-0.67558914	0.54747623	13.07815181	-0.67540888
0.41995338	13.10763001	-0.60023660	0.41371958	13.10667259	-0.60086595
0.39472116	13.07972937	-0.75331516	0.38979605	13.07869718	-0.75404444
0.58452444	13.06896667	-0.53598037	0.57831600	13.06931723	-0.53566075
0.44954592	13.10114744	-0.46075210	0.44233673	13.10039076	-0.46126470
-0.44219427	12.96359799	-0.59110601	-0.44762393	12.95131932	-0.59969924
-0.52072523	12.93212955	-0.61105904	-0.52548083	12.91849490	-0.62047353
-0.49468023	12.92326231	-0.64991392	-0.49886487	12.90999004	-0.65899391
-0.46266316	12.96692015	-0.53209794	-0.46884021	12.95436839	-0.54097822
-0.54777888	12.93146625	-0.56954356	-0.55298858	12.91746247	-0.57926098
-0.62311294	12.89207269	-0.60479430	-0.62730183	12.87671560	-0.61524250
-0.58294401	12.89881125	-0.63348009	-0.58692910	12.88406152	-0.64350268
-0.54283311	12.90250256	-0.65557197	-0.54663057	12.88838822	-0.66515659
-0.49528114	12.95615084	-0.47776216	-0.50199692	12.94306161	-0.48706670
-0.56674288	12.92599069	-0.52026273	-0.57242275	12.91176291	-0.53019225
-0.58377948	12.91186309	-0.46969517	-0.58971559	12.89751312	-0.47973442
-0.62250304	12.88739357	-0.50502377	-0.62769104	12.87232445	-0.51544339
-0.62982737	12.88898640	-0.55483717	-0.63450412	12.87364558	-0.56534907
-0.09093062	13.07423817	-0.48264443	-0.09857386	13.06757046	-0.48743240
-0.18066970	13.04916984	-0.50546278	-0.18794254	13.04126635	-0.51117420
-0.11114163	13.09433623	-0.39020700	-0.11984717	13.08738423	-0.39528024
-0.21155491	13.06470237	-0.42253790	-0.21977522	13.05640588	-0.42860846
-0.30859852	13.03030935	-0.46544484	-0.31615899	13.02043459	-0.47255938
-0.27254570	13.02009269	-0.53917357	-0.27922539	13.01070826	-0.54583681
-0.11960729	13.09686397	-0.30446350	-0.12909686	13.08983857	-0.30968711
-0.23109479	13.06772303	-0.34125010	-0.24010420	13.05921326	-0.34757592
-0.33637161	13.03109311	-0.39004432	-0.34466137	13.02088498	-0.39753651
1.02092747	12.00018495	-1.04386027	1.02455369	12.00342697	-1.04208012
1.03584468	12.14621658	-1.04085364	1.03847753	12.14954255	-1.03893056
1.02197169	11.95518717	-0.93904786	1.02542131	11.95838962	-0.93733760
1.04029996	12.10317443	-0.92660138	1.04275518	12.10649393	-0.92467993
1.04748005	12.32175336	-0.91012345	1.04843761	12.32511316	-0.90810329
1.03768396	12.35565394	-1.02664690	1.03883804	12.35895494	-1.02469360
0.99978785	11.93716353	-0.82145788	1.00279559	11.94013745	-0.81993993
1.02018788	12.08660978	-0.80400318	1.02221579	12.08971353	-0.80219686
1.03026968	12.30983046	-0.78586425	1.03080614	12.31302828	-0.78387111
1.02278061	12.54076212	-1.00260342	1.02264613	12.54393072	-1.00068750
1.03883005	12.52448755	-0.88628927	1.03836862	12.52776960	-0.88424780
1.02382356	12.51876794	-0.76488589	1.02291489	12.52195907	-0.76285046
-0.66211621	12.77608206	-0.72251982	-0.66294094	12.75963645	-0.73306417
-0.66328447	12.74543779	-0.73382817	-0.66343122	12.72892653	-0.74428274
-0.72600166	12.75986830	-0.64775556	-0.72739707	12.74252450	-0.65900223
-0.73071605	12.72254426	-0.65300276	-0.73138664	12.70509207	-0.66418357
-0.66156803	12.72211881	-0.73446906	-0.66129274	12.70563229	-0.74482511
-0.73689510	12.75333542	-0.54541327	-0.73937568	12.73619709	-0.55674965
-0.74381554	12.70686990	-0.54501644	-0.74551750	12.68962031	-0.55628408
-0.74176010	12.67119376	-0.54482736	-0.74285323	12.65397931	-0.55594390
-0.36007142	12.99301070	-0.56651541	-0.36618098	12.98216890	-0.57414640
-0.38719940	13.00017967	-0.49761739	-0.39410492	12.98897366	-0.50558109
-0.42162910	12.99593552	-0.43230048	-0.42919929	12.98425508	-0.44071800
-0.65472481	12.81329795	-0.36986710	-0.66007567	12.79812532	-0.38042128
-0.58262726	12.83158866	-0.30000869	-0.58897043	12.81780356	-0.30980207
-0.69949072	12.79595464	-0.44959505	-0.70373944	12.77979932	-0.46059899
-0.67906041	12.82748811	-0.46609581	-0.68365425	12.81161545	-0.47696151
-0.63403264	12.84675684	-0.39385393	-0.63966762	12.83184552	-0.40426013
-0.47358302	12.84142980	-0.23169447	-0.48068672	12.82955537	-0.24029781
-0.47738980	12.83482194	-0.75923631	-0.47889764	12.82156340	-0.76790662
-0.47368264	12.86903521	-0.73129440	-0.47607430	12.85592531	-0.74000373
-0.55841952	12.85472683	-0.72293856	-0.56064544	12.84013954	-0.73253925
-0.56710969	12.82393919	-0.74919697	-0.56849892	12.80910000	-0.75879803
-0.69443411	12.82232995	-0.63506593	-0.69708457	12.80561111	-0.64613800
-0.71390219	12.79171181	-0.64227753	-0.71592588	12.77460788	-0.65348227
-0.65396352	12.80633295	-0.70973717	-0.65547323	12.79008092	-0.72028509
-0.63912981	12.83656217	-0.69130703	-0.64139102	12.82064241	-0.70177788
-0.66806382	12.85587357	-0.62462074	-0.67141449	12.83965847	-0.63548243
-0.61902620	12.86728950	-0.66315038	-0.62213962	12.85181452	-0.67348273
-0.54856171	12.88354783	-0.68313936	-0.55173056	12.86926571	-0.69272543
-0.72415668	12.78845542	-0.54812521	-0.72720650	12.77152277	-0.55942669
-0.70350648	12.81934198	-0.55319206	-0.70703135	12.80274502	-0.56435385
-0.64933182	12.86132068	-0.48896927	-0.65424834	12.84586117	-0.49960882
-0.67385608	12.85335243	-0.56069554	-0.67787195	12.83723601	-0.57160576
-0.60828466	12.88232893	-0.42759269	-0.61414631	12.86771921	-0.43781498
-0.47920610	12.90050358	-0.69233002	-0.48254687	12.88740119	-0.70117771
0.09144370	13.08871840	-0.21594571	0.08168010	13.08436867	-0.21925615
0.06423711	13.12336848	-0.30330671	0.05472979	13.11866347	-0.30681216
0.09510958	13.11445812	-0.31505967	0.08587138	13.11012484	-0.31827902
0.12657801	13.07898719	-0.22420427	0.11707812	13.07505891	-0.22720077
0.05113372	13.12766037	-0.39911545	0.04238209	13.12278137	-0.40267088
0.08045463	13.11972293	-0.41299191	0.07198104	13.11522633	-0.41625257
0.10182897	13.10616966	-0.32434526	0.09279852	13.10192346	-0.32749254
0.13262546	13.07109590	-0.22998173	0.12328877	13.06724077	-0.23291810
0.10805860	13.11443977	-0.32487566	0.09896468	13.11025524	-0.32797224
0.13723452	13.07806437	-0.22451520	0.12779380	13.07425703	-0.22742216
0.09670896	13.11946141	-0.42855273	0.08842337	13.11516368	-0.43164731
0.14273652	13.12968002	-0.45050335	0.13460074	13.12589443	-0.45319887
0.15642193	13.12423128	-0.33855248	0.14746256	13.12058353	-0.34121439
0.18426886	13.08551364	-0.23161139	0.17489500	13.08219580	-0.23413534
0.17867316	12.91243646	-0.08767087	0.17009717	12.90918414	-0.09024647
0.13217704	13.02369208	-0.13782872	0.12262216	13.01985800	-0.14082114
0.17109299	13.01437984	-0.14594698	0.16177193	13.01096899	-0.14861510
0.22100861	12.90294847	-0.09744877	0.21267517	12.90015621	-0.09968605
0.18187178	13.01330392	-0.14556256	0.17259441	13.01000459	-0.14814397
0.23290562	12.90195092	-0.10002610	0.22462906	12.89928056	-0.10217377
0.22837855	13.01614457	-0.14918787	0.21917514	13.01334952	-0.15139382
0.27837180	12.89799536	-0.10288384	0.27022905	12.89578905	-0.10469607
0.32324942	12.71255910	-0.10282031	0.31719005	12.71088597	-0.10420439
0.28120837	12.72297343	-0.10112072	0.27497445	12.72088561	-0.10279791
0.36188118	12.51979805	-0.12961261	0.35813901	12.51861709	-0.13055503
0.32167239	12.54061533	-0.12732547	0.31765139	12.53901589	-0.12854080
0.26922505	12.72429650	-0.09710548	0.26293113	12.72208978	-0.09886445
0.30887308	12.54244973	-0.12313651	0.30478517	12.54072423	-0.12443156
0.26077460	12.55221735	-0.10810262	0.25645280	12.54999082	-0.10974160
0.22411422	12.73775023	-0.08415346	0.21753538	12.73506204	-0.08624907
0.25551723	12.76943056	-0.93321601	0.25421042	12.76765777	-0.93470395
0.24006919	12.83780083	-0.90991410	0.23806647	12.83579692	-0.91156988
0.21835244	12.84057611	-0.85273230	0.21604065	12.83823155	-0.85459427
0.23424911	12.78145058	-0.87514154	0.23256180	12.77930440	-0.87686670
0.21768557	12.90718339	-0.86134284	0.21484204	12.90486010	-0.86318640
0.19509607	12.90249653	-0.80769579	0.19195228	12.89982811	-0.80975180
0.20095867	12.89807641	-0.78971663	0.19774101	12.89541345	-0.79175346
0.23410371	12.78661645	-0.85481054	0.23228374	12.78441875	-0.85656838
0.20177915	12.83841825	-0.84014247	0.19943969	12.83581715	-0.84218229
0.21202577	12.78246825	-0.86253059	0.21032732	12.78002167	-0.86450136
0.18379366	12.90018721	-0.79911984	0.18062712	12.89733722	-0.80129486
0.14180312	12.90783657	-0.78785285	0.13850933	12.90449186	-0.79036499
0.15698396	12.84250092	-0.82515357	0.15452629	12.83939497	-0.82754863
0.16487913	12.77965424	-0.84587774	0.16312036	12.77665458	-0.84822870
0.26602593	12.69952175	-0.95635448	0.26545769	12.69778323	-0.95759938
0.24708696	12.72163694	-0.89813005	0.24605781	12.71966000	-0.89971868
0.24729901	12.73665049	-0.87648680	0.24605443	12.73462109	-0.87814244
0.26778248	12.70225494	-0.88785959	0.26689525	12.70047886	-0.88930866
0.22639534	12.72640034	-0.88837001	0.22536552	12.72413496	-0.89022561
0.17833175	12.71351367	-0.87507425	0.17739378	12.71069040	-0.87736746
0.27216788	12.31206623	-0.17172575	0.27100298	12.31002352	-0.17285218
0.27761387	12.41039951	-0.13893735	0.27502577	12.40844801	-0.14019257
0.32655907	12.41336978	-0.15249260	0.32408225	12.41199247	-0.15341365
0.32073892	12.34295415	-0.18402836	0.31929512	12.34154858	-0.18480623
0.32983803	12.42609710	-0.15983791	0.32727941	12.42473363	-0.16076537
0.34138355	12.40770471	-0.15675663	0.33903293	12.40650241	-0.15758283
0.33610722	12.33980220	-0.18862728	0.33477385	12.33868903	-0.18917715
0.38220720	12.37836749	-0.16276926	0.38026254	12.37768239	-0.16330688
0.05226351	13.10169199	-0.50339919	0.04472268	13.09686644	-0.50683656
0.08504591	13.09213195	-0.51431839	0.07776061	13.08772727	-0.51745352
0.07022035	13.05140114	-0.60924980	0.06415879	13.04690124	-0.61244228
0.10789790	13.04055310	-0.61649149	0.10204988	13.03653499	-0.61934981
0.09895226	13.08240896	-0.51975208	0.09184743	13.07818065	-0.52276179
0.10432234	13.08938757	-0.51939124	0.09715802	13.08521778	-0.52235644
0.12746056	13.03609002	-0.61088350	0.12164788	13.03230871	-0.61357143
0.15624303	13.04474521	-0.64765200	0.15067226	13.04133889	-0.65007351
0.14251917	13.09915965	-0.54830487	0.13557572	13.09545138	-0.55090800
0.18562252	12.97853626	-0.76314508	0.18152702	12.97567121	-0.76527517
0.16144073	12.97072943	-0.71728378	0.15707671	12.96751927	-0.71964724
0.14675443	12.97215335	-0.71814140	0.14237086	12.96876480	-0.72063469
0.10668990	12.98246829	-0.71014993	0.10213782	12.97859374	-0.71297360
0.31805956	13.07908200	-0.27510946	0.30938537	13.07713743	-0.27657607
0.35522211	13.00242754	-0.18913857	0.34675585	13.00088623	-0.19039445
0.39320060	12.87516117	-0.14048572	0.38577370	12.87405258	-0.14148417
0.28571620	12.97829606	-0.87450216	0.28236973	12.97662398	-0.87585513
0.31857413	12.90359756	-0.96185119	0.31628341	12.90237501	-0.96300399
0.25602286	13.04404134	-0.76441924	0.25137814	13.04189877	-0.76599525
0.05392677	12.92827348	-0.09271871	0.04502790	12.92363018	-0.09632184
0.02337436	13.02855158	-0.14110350	0.01358641	13.02347107	-0.14502428
0.00016682	13.08810267	-0.21372361	-0.00978227	13.08266981	-0.21785190
0.04411493	12.98825590	-0.65675241	0.03911254	12.98353666	-0.66014315
0.01133090	13.04960079	-0.58240835	0.00501962	13.04435922	-0.58614629
0.07335367	12.91988723	-0.70804523	0.06943722	12.91562795	-0.71114993
0.42622156	12.68252908	-0.13783909	0.42083115	12.68181776	-0.13855044
0.45689423	12.47539483	-0.16403246	0.45389169	12.47510462	-0.16445945
0.33495360	12.82446663	-1.01289377	0.33356681	12.82349574	-1.01384065
0.34085766	12.74914197	-1.04028215	0.34010360	12.74815623	-1.04102713
0.47297941	12.33918411	-0.19946027	0.47172265	12.33920717	-0.19953173
0.34416139	12.68921764	-1.05703374	0.34398969	12.68826762	-1.05755938
0.13042485	12.44326196	-0.12578559	0.12738941	12.43956860	-0.12822536
0.11861618	12.59954544	-0.09928679	0.11364021	12.59573053	-0.10200986
0.09601164	12.72119696	-0.77665994	0.09444942	12.71727689	-0.77965129
0.08941002	12.78926112	-0.75311040	0.08705218	12.78524426	-0.75611216
0.08897037	12.77705493	-0.08342508	0.08181833	12.77287946	-0.08659581
0.08552782	12.85422432	-0.73538611	0.08246325	12.85013292	-0.73840156
0.26723255	13.12594920	-0.51563550	0.25993429	13.12353434	-0.51728674
0.25321982	13.09680790	-0.64276154	0.24720148	13.09441365	-0.64441862
0.28880626	13.11992032	-0.38895734	0.28057785	13.11765730	-0.39057266
-0.01811912	13.11733217	-0.38698848	-0.02697159	13.11157771	-0.39118695
-0.00992044	13.09345225	-0.48775655	-0.01761453	13.08782856	-0.49179661
-0.01432015	13.11666943	-0.29587381	-0.02395052	13.11100280	-0.30011286
0.89308088	11.98081410	-0.57898122	0.89434387	11.98255126	-0.57833943
0.81676000	12.01719950	-0.47386000	0.81676000	12.01719950	-0.47386000
0.94141035	11.95850385	-0.70389490	0.94363526	11.96096361	-0.70277870
0.92609959	12.02467948	-0.70839938	0.92797584	12.02707679	-0.70724120
0.88401120	12.06811810	-0.62358450	0.88510597	12.07005867	-0.62263805
0.80900568	12.12435802	-0.52195457	0.80930893	12.12549169	-0.52120394
0.98051695	11.95375249	-0.82564968	0.98344319	11.95661885	-0.82421584
1.00301025	11.97119997	-0.93553556	1.00634175	11.97428270	-0.93389766
0.96465402	12.08759424	-0.91924879	0.96717453	12.09042403	-0.91766777
0.94764798	12.05633568	-0.80319080	0.94984129	12.05900954	-0.80181249
1.00329079	12.01361895	-1.02807410	1.00676094	12.01673669	-1.02635903
0.96753186	12.08640623	-1.11558613	0.97085186	12.08927779	-1.11393519
0.94043697	12.14771509	-1.09381501	0.94325842	12.15039130	-1.09224231
0.96335863	12.12231039	-1.01675892	0.96605280	12.12514553	-1.01512901
0.88330896	12.19940738	-1.20875767	0.88619240	12.20164042	-1.20735469
0.75957847	12.34187595	-1.26285901	0.76160231	12.34305769	-1.26187885
0.75971100	12.37101613	-1.19139190	0.76125914	12.37227273	-1.19044994
0.87709132	12.24527376	-1.14621193	0.87943095	12.24747816	-1.14483650
0.60587981	12.48284090	-1.23771544	0.60644616	12.48285901	-1.23771032
0.47172052	12.61231143	-1.15334247	0.47178269	12.61214955	-1.15340295
0.49420000	12.61570000	-1.07906000	0.49420000	12.61570000	-1.07906000
0.61447000	12.50220000	-1.16283000	0.61447000	12.50220000	-1.16283000
0.38369240	12.64320408	-1.05203416	0.38377208	12.64269895	-1.05225988
0.33194749	12.63907891	-0.96237314	0.33196714	12.63802630	-0.96292318
0.37140000	12.64100070	-0.89641000	0.37140000	12.64100070	-0.89641000
0.41679000	12.64250090	-0.98287004	0.41679000	12.64250090	-0.98287004
0.30945121	12.66908672	-0.90672880	0.30892385	12.66778422	-0.90770215
0.30274244	12.69598695	-0.88079211	0.30183491	12.69461429	-0.88193375
0.32958732	12.68463957	-0.82214792	0.32845963	12.68340023	-0.82313101
0.34044337	12.66226811	-0.84750147	0.33956404	12.66135036	-0.84825738
0.29555637	12.68257954	-0.88599318	0.29486422	12.68113649	-0.88725243
0.25280211	12.66690715	-0.86080722	0.25214918	12.66484171	-0.86252015
0.28910251	12.66614732	-0.78859838	0.28795883	12.66435042	-0.79003895
0.32971974	12.67316018	-0.82138003	0.32873544	12.67192008	-0.82240940
0.13936255	12.68933965	-0.74154934	0.13787484	12.68584489	-0.74422484
-0.00018168	12.72508293	-0.61193577	-0.00253160	12.71970516	-0.61571523
-0.00578538	12.76339741	-0.53489204	-0.00914469	12.75796708	-0.53869596
0.15805663	12.70531924	-0.66448172	0.15594361	12.70190981	-0.66699721
-0.12140622	12.75150308	-0.55995967	-0.12415490	12.74442665	-0.56471499
-0.22888913	12.76656283	-0.57583421	-0.23154049	12.75787997	-0.58165785
-0.24763939	12.83463796	-0.51807859	-0.25179385	12.82575092	-0.52422373
-0.13739205	12.81108425	-0.49154123	-0.14153814	12.80386947	-0.49655289
-0.32705821	12.76756714	-0.64821597	-0.32878146	12.75717518	-0.65510960
-0.41811142	12.75990358	-0.72691908	-0.41871338	12.74779234	-0.73477433
-0.44470310	12.78514181	-0.67841509	-0.44625701	12.77268371	-0.68660614
-0.35026662	12.81909551	-0.59631636	-0.35333627	12.80842353	-0.60355208
-0.50318799	12.74836653	-0.76418639	-0.50310704	12.73460739	-0.77286127
-0.58320662	12.73279265	-0.76051638	-0.58284480	12.71758538	-0.76997904
-0.58665674	12.73563852	-0.72506655	-0.58675594	12.72050661	-0.73459892
-0.53184464	12.75302479	-0.71868498	-0.53234424	12.73890417	-0.72769174
-0.66113471	12.71394672	-0.71515293	-0.66094351	12.69753638	-0.72548160
-0.71620392	12.69292736	-0.63919422	-0.71651351	12.67578339	-0.65010650
-0.68462476	12.71477464	-0.60839099	-0.68571108	12.69830283	-0.61900704
-0.64074332	12.72739875	-0.68230051	-0.64118437	12.71146348	-0.69244115
-0.72721880	12.66830603	-0.54242088	-0.72829505	12.65135202	-0.55335945
-0.70403497	12.62964341	-0.44642808	-0.70559105	12.61345202	-0.45699476
-0.68228294	12.63851615	-0.45759172	-0.68386419	12.62264386	-0.46794977
-0.69420004	12.68019015	-0.52253811	-0.69571547	12.66387664	-0.53314451
-0.65511367	12.56668693	-0.37270970	-0.65643196	12.55151344	-0.38266959
-0.57931747	12.52010803	-0.31383015	-0.58060424	12.50633321	-0.32283042
-0.56672575	12.57943349	-0.34740513	-0.56857689	12.56578294	-0.35640385
-0.64234550	12.60849068	-0.40695435	-0.64398402	12.59343542	-0.41684391
-0.47808900	12.53393265	-0.25748886	-0.48033654	12.52193367	-0.26539347
-0.35514576	12.53324141	-0.21053413	-0.35813283	12.52328512	-0.21712084
-0.34126880	12.58790286	-0.23984330	-0.34467841	12.57807294	-0.24644294
-0.46411149	12.59176720	-0.28917016	-0.46690129	12.57992312	-0.29706830
-0.21151587	12.44862454	-0.18261297	-0.21392781	12.44073624	-0.18776201
-0.05306012	12.35080809	-0.17563082	-0.05456342	12.34489714	-0.17939832
-0.05536086	12.41989217	-0.20845033	-0.05738942	12.41392075	-0.21232486
-0.20421597	12.51148791	-0.21248719	-0.20711610	12.50364158	-0.21769069
0.11332728	12.30766401	-0.18345568	0.11230951	12.30368253	-0.18583940
0.24398660	12.30239668	-0.20024407	0.24314294	12.29996702	-0.20158116
0.22081552	12.35878306	-0.25476737	0.21967470	12.35598776	-0.25638908
0.09986003	12.37299252	-0.22717498	0.09841820	12.36881075	-0.22976096
0.29128333	12.34188222	-0.21890242	0.29009649	12.34004810	-0.21991071
0.27205431	12.42259093	-0.29126254	0.27031546	12.42038193	-0.29261340
0.26615829	12.39419546	-0.27721137	0.26468699	12.39193257	-0.27855165
0.30294109	12.33440099	-0.22979409	0.30177850	12.33281984	-0.23059141
0.34620000	12.27620000	-0.23202000	0.34620000	12.27620000	-0.23202000
0.31220266	12.31995675	-0.29799039	0.31141928	12.31826848	-0.29881063
0.27404125	12.38111918	-0.29126887	0.27264860	12.37893132	-0.29247909
0.44425997	12.21770000	-0.27141000	0.44425997	12.21770000	-0.27141000
0.57587000	12.16340070	-0.32883000	0.57587000	12.16340070	-0.32883000
0.56709185	12.24479766	-0.38141582	0.56677825	12.24494384	-0.38128400
0.42416724	12.28191158	-0.33014971	0.42376056	12.28133839	-0.33043341
0.70622003	12.08180000	-0.39380000	0.70622003	12.08180000	-0.39380000
0.69951377	12.18755758	-0.44353424	0.69942046	12.18823607	-0.44311684
0.77098978	12.40597844	-1.04059901	0.77184376	12.40751450	-1.03968260
0.88131039	12.26306361	-1.03572950	0.88313066	12.26534381	-1.03436307
0.78635831	12.39098037	-0.85166654	0.78669646	12.39264433	-0.85066349
0.88732446	12.24244747	-0.89521364	0.88875414	12.24477752	-0.89385595
0.79836440	12.27645936	-0.66375522	0.79862875	12.27807891	-0.66275916
0.88569862	12.16826119	-0.74395554	0.88695272	12.17050328	-0.74270806
0.52957747	12.61027151	-0.90276151	0.52903636	12.61048323	-0.90271176
0.64697363	12.52801180	-0.98736591	0.64692966	12.52869390	-0.98698077
0.55646921	12.54072322	-0.69090508	0.55538746	12.54087974	-0.69084625
0.67456590	12.48716615	-0.77635485	0.67408543	12.48811937	-0.77578833
0.56445436	12.38854236	-0.50990778	0.56365801	12.38867336	-0.50981310
0.68960163	12.34874405	-0.58367117	0.68919179	12.34966891	-0.58307558
-0.26683330	12.82969582	-0.43454551	-0.27175264	12.82061083	-0.44090029
-0.15787624	12.80290518	-0.40647916	-0.16265718	12.79542458	-0.41170614
-0.28903474	12.77150406	-0.34849486	-0.29397262	12.76222849	-0.35499468
-0.17907649	12.73795440	-0.32266905	-0.18382874	12.73029017	-0.32802524
-0.05279238	12.68557875	-0.34589084	-0.05674967	12.67953951	-0.35005080
-0.02946710	12.75407703	-0.44051558	-0.03348604	12.74836556	-0.44451382
-0.31673005	12.67925941	-0.28488263	-0.32096743	12.66971539	-0.29145687
-0.19383343	12.62382145	-0.25904529	-0.19769714	12.61604286	-0.26436503
-0.05843894	12.55364960	-0.26726025	-0.06152352	12.54759373	-0.27132931
-0.57930185	12.76832585	-0.64213337	-0.58094755	12.75360731	-0.65172670
-0.62202110	12.75915599	-0.55320118	-0.62453604	12.74395752	-0.56325819
-0.53114060	12.79508417	-0.48360912	-0.53505390	12.78156273	-0.49278398
-0.48808544	12.81089055	-0.58630976	-0.49110697	12.79787256	-0.59505427
-0.63677227	12.68934743	-0.47042678	-0.63904759	12.67417630	-0.48043143
-0.55362263	12.69581271	-0.40254004	-0.55673569	12.68221531	-0.41166403
-0.38020483	12.83174600	-0.50599928	-0.38444622	12.82071569	-0.51360546
-0.41258703	12.79690091	-0.40794892	-0.41729146	12.78559464	-0.41582345
-0.44150522	12.69792393	-0.33744595	-0.44540676	12.68631438	-0.34537471
0.28093466	12.62093035	-0.66608812	0.27942317	12.61873049	-0.66769907
0.32385788	12.62204359	-0.68679870	0.32244178	12.62033170	-0.68810196
0.25330911	12.55058530	-0.51713893	0.25168491	12.54799719	-0.51888829
0.30000852	12.55446266	-0.52403328	0.29837065	12.55239656	-0.52545804
0.30112321	12.57270308	-0.50823288	0.29917463	12.57064304	-0.50964046
0.32273346	12.63621935	-0.67811347	0.32109655	12.63447914	-0.67939773
0.33161982	12.61956532	-0.70016913	0.33018667	12.61792477	-0.70139671
0.30516023	12.55879063	-0.52276151	0.30339778	12.55677528	-0.52413666
0.34041369	12.54186264	-0.56158576	0.33896820	12.54018586	-0.56275451
0.36365589	12.60330257	-0.74864006	0.36254739	12.60194443	-0.74964712
0.31585691	12.42573212	-0.40888513	0.31454574	12.42384215	-0.41003249
0.27959659	12.46995300	-0.38803363	0.27784263	12.46774289	-0.38945561
0.27451101	12.47343398	-0.38349900	0.27281219	12.47117002	-0.38496562
0.22793283	12.45427538	-0.37015957	0.22639449	12.45146833	-0.37193733
0.43478709	12.54770909	-0.61844488	0.43344541	12.54688207	-0.61905731
0.43255884	12.61728701	-0.81913725	0.43174786	12.61670994	-0.81956955
0.42551163	12.40592316	-0.45017400	0.42449511	12.40506680	-0.45068992
0.11460294	12.60566411	-0.43484422	0.11202738	12.60159972	-0.43764125
0.14204858	12.67853426	-0.55610379	0.13952695	12.67478831	-0.55873526
0.09990711	12.48729542	-0.31793245	0.09783434	12.48304136	-0.32069496
0.08912094	13.11112978	-0.42429987	0.08087197	13.10674993	-0.42746263
0.17586263	13.00835159	-0.15268617	0.16668405	13.00499125	-0.15530843
0.22465859	12.89966239	-0.10654967	0.21644690	12.89690599	-0.10875499
0.27261665	12.72365728	-0.10735594	0.26641010	12.72147978	-0.10909711
0.31232837	12.54683214	-0.13288463	0.30826847	12.54512697	-0.13416320
0.22152058	12.83940203	-0.83196543	0.21910371	12.83702878	-0.83383245
0.32425652	12.36547692	-0.19143145	0.32259468	12.36411305	-0.19221623
0.12632974	13.03071633	-0.61383526	0.12059184	13.02692561	-0.61653312
0.16488772	12.96569721	-0.71048472	0.16052048	12.96250946	-0.71282989
0.90689660	11.97572763	-0.56500764	0.90809678	11.97749046	-0.56430471
0.82625194	12.01977348	-0.45647477	0.82614147	12.01978654	-0.45645803
0.95906843	11.94479073	-0.69471992	0.96131968	11.94732631	-0.69353273
0.76365028	12.34058791	-1.27821385	0.76574650	12.34178938	-1.27721478
0.46216034	12.61790485	-1.16726968	0.46222526	12.61771883	-1.16736322
0.35411314	12.65155808	-1.06226608	0.35415646	12.65075821	-1.06266011
0.28651324	12.64960164	-0.96903463	0.28645431	12.64807462	-0.96995600
0.26830357	12.67786257	-0.91138499	0.26773648	12.67609231	-0.91269766
0.25263290	12.68764500	-0.90203846	0.25210496	12.68567736	-0.90370124
0.20521347	12.66795102	-0.88838719	0.20479088	12.66542146	-0.89051157
0.11076556	12.67841942	-0.78116009	0.10964918	12.67466420	-0.78407140
-0.00296453	12.69606091	-0.66019773	-0.00473201	12.69069910	-0.66404423
-0.20814288	12.70427083	-0.61400696	-0.20954498	12.69581558	-0.61948843
-0.30759549	12.72720394	-0.67642752	-0.30842091	12.71707519	-0.68302925
-0.48905302	12.75498113	-0.78512269	-0.48886867	12.74141421	-0.79367063
-0.57245467	12.74531515	-0.78241342	-0.57207156	12.73022541	-0.79178942
-0.72776116	12.69525645	-0.65203464	-0.72794902	12.67785230	-0.66309866
-0.21630269	12.45844829	-0.16099951	-0.21899980	12.45052891	-0.16619836
0.12767318	12.32555294	-0.15800598	0.12624713	12.32177754	-0.16030043
0.29623460	12.37030383	-0.23154380	0.29474656	12.36852250	-0.23256486
0.37930951	12.29240036	-0.19478298	0.37886333	12.29214958	-0.19471970
0.46737968	12.23763278	-0.23799169	0.46717902	12.23764041	-0.23789331
0.71343841	12.09268869	-0.37153957	0.71336234	12.09279654	-0.37151468
0.27846680	12.49716675	-0.38160670	0.27646849	12.49494880	-0.38307507
0.55418428	12.78116618	-0.54027900	0.55051594	12.78134517	-0.54019502
0.25772008	12.97094139	-0.54576854	0.25218590	12.96850309	-0.54749070
-0.03567009	12.94815775	-0.30327703	-0.04315240	12.94231875	-0.30756472
0.02742665	13.03740264	-0.34309262	0.01926106	13.03228895	-0.34684886
0.26624334	12.85261505	-0.30950191	0.26016573	12.85028477	-0.31125662
-0.02236186	12.92029178	-0.45975444	-0.02818635	12.91463077	-0.46381890
0.06235256	13.00794681	-0.44869490	0.05547715	13.00328242	-0.45205840
0.34291012	12.81335380	-0.70326432	0.33994119	12.81198502	-0.70432890
0.07878606	12.99606010	-0.21023546	0.07008307	12.99161208	-0.21360433
0.20349029	12.79365244	-0.81278971	0.20137886	12.79103018	-0.81483311
0.30174727	12.74248427	-0.54431591	0.29837674	12.74044634	-0.54578729
0.30828448	12.87614693	-0.85287277	0.30567753	12.87471421	-0.85409482
0.37682641	12.42913055	-0.25170658	0.37477067	12.42809859	-0.25248038
0.18654649	13.02227423	-0.46755327	0.17979302	13.01903679	-0.46987191
0.45990605	12.68152672	-0.67137069	0.45778156	12.68099867	-0.67178835
0.68136088	12.75977509	-0.76648840	0.67914355	12.76090907	-0.76579100
0.26083641	12.92427453	-0.21623340	0.25327134	12.92185806	-0.21810759
-0.48509520	12.80075036	-0.32987664	-0.49063540	12.78847653	-0.33852051
0.07443103	13.04739741	-0.28001920	0.06568196	13.04286709	-0.28340801
0.29024626	12.93215868	-0.70075401	0.28615271	12.93025511	-0.70216171
-0.56693585	12.78424744	-0.37898551	-0.57172418	12.77048973	-0.38849244
0.16207844	13.00558188	-0.35169104	0.15454137	13.00207787	-0.35427555
0.26879199	12.44353224	-0.21267728	0.26633849	12.44136590	-0.21406302
0.04832645	13.06037795	-0.40311824	0.04041817	13.05551526	-0.40666129
0.15209778	13.04934681	-0.51227792	0.14537638	13.04574597	-0.51484201
0.22251723	12.59166585	-0.26171298	0.21882736	12.58888702	-0.26365508
0.12518333	12.90574162	-0.53421400	0.12019694	12.90185535	-0.53698193
0.25662974	12.87591318	-0.84619704	0.25397710	12.87394914	-0.84778823
0.26706910	12.82606539	-0.84867182	0.26485536	12.82421717	-0.85018322
0.18277846	12.99678588	-0.56544058	0.17708125	12.99357224	-0.56772475
0.32367819	12.78876763	-0.20958079	0.31761913	12.78702128	-0.21096443
0.47694922	12.59044553	-0.43558422	0.47434432	12.59003388	-0.43594089
0.29539664	12.75004975	-0.89874167	0.29409176	12.74865184	-0.89996724
0.12489600	12.93432829	-0.66901147	0.12056559	12.93062961	-0.67170927
0.37856544	12.37078012	-0.22700851	0.37706686	12.37000232	-0.22759066
0.34030913	12.47248325	-0.32125006	0.33819094	12.47094456	-0.32229959
0.13436144	12.84041139	-0.21194152	0.12757624	12.83661745	-0.21476157
0.38163588	12.72666932	-0.91514302	0.38059237	12.72617464	-0.91571358
0.28356738	12.78037496	-0.86139316	0.28181604	12.77873775	-0.86275606
0.06572296	13.07834723	-0.31312748	0.05686444	13.07368326	-0.31658628
0.38220768	12.59980235	-0.25488760	0.37837191	12.59864012	-0.25580669
0.19419658	12.83763775	-0.79009635	0.19155762	12.83488171	-0.79220653
0.41777365	12.70954895	-0.83148760	0.41642347	12.70902861	-0.83195104
0.81257460	12.76120224	-0.85786154	0.81060553	12.76306515	-0.85669975
0.55469910	12.79582659	-0.92683278	0.55315358	12.79630248	-0.92674961
0.29891390	12.67293633	-0.21153202	0.29404664	12.67095924	-0.21301682
0.20050648	12.74136448	-0.20088541	0.19477284	12.73835128	-0.20311469
