0.85273045	12.73453328	-0.42196178	0.85321503	12.73407830	-0.42230468
0.82424441	12.87286594	-0.45024173	0.82481964	12.87243945	-0.45052654
0.90009045	12.83130561	-0.54877913	0.90058480	12.83081820	-0.54911662
0.93160306	12.69792088	-0.53464120	0.93200200	12.69739613	-0.53504835
0.78192081	12.96397015	-0.51026133	0.78253455	12.96358936	-0.51049705
0.86177751	12.91762131	-0.59140958	0.86231610	12.91717795	-0.59169739
0.91083279	12.87456488	-0.65191312	0.91130738	12.87408400	-0.65223344
0.94894137	12.80445792	-0.64647418	0.94936413	12.80393496	-0.64684168
0.98241440	12.67512479	-0.64795710	0.98273541	12.67455873	-0.64840381
0.71750219	12.76581881	-1.16495020	0.71760432	12.76567804	-1.16512259
0.83975637	12.71477329	-1.14372428	0.83984247	12.71452572	-1.14400671
0.80877495	12.82119675	-1.07463933	0.80897212	12.82094159	-1.07486982
0.68670928	12.86791444	-1.09103201	0.68692435	12.86775788	-1.09118124
0.94091319	12.68041862	-1.08134568	0.94100373	12.68004868	-1.08171273
0.90842161	12.79152679	-1.02232299	0.90863781	12.79116635	-1.02262790
0.86919680	12.86003488	-0.97149964	0.86949208	12.85968626	-0.97176625
0.79047375	12.90122183	-0.98659023	0.79078453	12.90093722	-0.98680056
0.66863898	12.94764368	-0.99168549	0.66897316	12.94745489	-0.99182091
0.59850543	12.83292161	-0.20909923	0.59915650	12.83267710	-0.20926151
0.58044638	12.96996124	-0.25660430	0.58117092	12.96973069	-0.25673551
0.71425907	12.92174916	-0.34971269	0.71491377	12.92141445	-0.34992560
0.73546522	12.78228285	-0.30956018	0.73603822	12.78192964	-0.30981525
0.54995099	13.05647335	-0.34086093	0.55069657	13.05627166	-0.34096056
0.67817847	13.01229337	-0.42528614	0.67886142	13.01199331	-0.42545839
0.46843749	12.88142644	-1.06389811	0.46866962	12.88140780	-1.06393702
0.59430994	12.82697102	-1.13697413	0.59446023	12.82689978	-1.13707799
0.56410261	12.91928029	-1.06439681	0.56436673	12.91919458	-1.06447726
0.44037154	12.96392256	-0.98915811	0.44071550	12.96390755	-0.98917746
0.54440196	12.99378784	-0.96268039	0.54478616	12.99368855	-0.96274820
0.41996761	13.03326712	-0.88641841	0.42042507	13.03325079	-0.88642560
-0.01147895	12.98910592	-0.06626505	-0.01071887	12.98926803	-0.06613897
-0.13995622	13.00097674	-0.08816045	-0.13920647	13.00120786	-0.08799680
-0.14242079	13.07438037	-0.13471478	-0.14165456	13.07461203	-0.13454982
-0.01752396	13.07641125	-0.11021098	-0.01673550	13.07657625	-0.11008094
-0.25881121	13.00270054	-0.12435027	-0.25807924	13.00298373	-0.12415892
-0.25976161	13.06410132	-0.17278308	-0.25901793	13.06438331	-0.17259315
-0.26103759	13.10530841	-0.23829800	-0.26029877	13.10558823	-0.23810995
-0.14443948	13.12129337	-0.20088285	-0.14367208	13.12152640	-0.20071629
-0.02250954	13.13042749	-0.17607004	-0.02171695	13.13059625	-0.17593503
0.03299806	12.97542590	-0.59067001	0.03356115	12.97560907	-0.59054578
0.01808318	13.03781920	-0.56511928	0.01869377	13.03800727	-0.56498571
-0.06291933	13.03987420	-0.55453525	-0.06230216	13.04009221	-0.55438594
-0.04880765	12.98368337	-0.57018319	-0.04822447	12.98389722	-0.57003952
-0.00139327	13.09178852	-0.51771048	-0.00073791	13.09197917	-0.51756946
-0.08439763	13.08616724	-0.51881575	-0.08374728	13.08639110	-0.51865996
-0.17797228	13.07902025	-0.53490058	-0.17732946	13.07927320	-0.53472738
-0.15541953	13.03802742	-0.57081665	-0.15480205	13.03827585	-0.57064926
-0.14078560	12.98683756	-0.58826497	-0.14019380	12.98708212	-0.58810238
0.98707461	12.28587960	-0.67551529	0.98702607	12.28528492	-0.67618399
0.96520816	12.06739703	-0.69217588	0.96492983	12.06688037	-0.69293711
0.91336215	12.09465358	-0.55576508	0.91325725	12.09423775	-0.55633439
0.92898422	12.30107722	-0.53989581	0.92905495	12.30058311	-0.54047242
0.83626662	12.14548411	-0.43349739	0.83634001	12.14525178	-0.43388285
0.84405660	12.32686773	-0.41387622	0.84423762	12.32648951	-0.41432568
0.97899445	12.37855638	-1.14492569	0.97884739	12.37818218	-1.14556190
0.88399229	12.43991821	-1.21303700	0.88383736	12.43969771	-1.21351532
0.87971003	12.28100949	-1.24021674	0.87953841	12.28088038	-1.24103811
0.97287662	12.18717768	-1.16372969	0.97284194	12.18678606	-1.16487324
0.75696330	12.51657285	-1.24073506	0.75687364	12.51646779	-1.24100714
0.75268296	12.39681166	-1.27314495	0.75244885	12.39677290	-1.27356833
0.86860509	12.17714023	-1.25085759	0.86855142	12.17715115	-1.25207924
0.95917452	12.05055438	-1.16649441	0.95985245	12.04990509	-1.16831910
0.99402129	12.49493770	-0.66000092	0.99417604	12.49434414	-0.66055949
0.93779984	12.51124438	-0.53317000	0.93804906	12.51071299	-0.53365629
0.85395447	12.54016918	-0.41077718	0.85429462	12.53972445	-0.41117914
0.86790063	12.58619645	-1.18543006	0.86787158	12.58596002	-1.18578355
0.96707383	12.54284561	-1.12025655	0.96705377	12.54246709	-1.12073511
0.74281932	12.64433494	-1.20990967	0.74281980	12.64422799	-1.21016076
0.60133971	12.41903655	-0.22690305	0.60166760	12.41883965	-0.22711104
0.60226471	12.63360953	-0.20431317	0.60277844	12.63337668	-0.20450864
0.73535651	12.58333694	-0.29911755	0.73578777	12.58299445	-0.29942084
0.72839675	12.36945550	-0.31019062	0.72866095	12.36917679	-0.31050064
0.46893534	12.70482548	-1.15084295	0.46897224	12.70482209	-1.15086040
0.61187410	12.61501596	-1.21969522	0.61184134	12.61501196	-1.21975089
0.60895248	12.71904917	-1.18631140	0.60899119	12.71900944	-1.18639199
0.47431318	12.78870642	-1.11729983	0.47443180	12.78869917	-1.11733331
0.58675253	12.17472807	-0.30196943	0.58679753	12.17470771	-0.30199710
0.59798742	12.28005261	-0.26344776	0.59816499	12.27991422	-0.26360798
0.72392440	12.21522951	-0.33917617	0.72406602	12.21504628	-0.33942561
0.60017048	12.48716716	-1.25200629	0.60004352	12.48721527	-1.25203309
0.60643209	12.53438289	-1.24353179	0.60634446	12.53439494	-1.24352862
0.46269899	12.64916700	-1.16645285	0.46269998	12.64917187	-1.16646243
-0.00347930	12.71134521	-0.06535529	-0.00286857	12.71150599	-0.06523706
-0.15208571	12.78002601	-0.07247588	-0.15143935	12.78026674	-0.07230495
-0.14204535	12.90279147	-0.06993087	-0.14133857	12.90302454	-0.06976566
-0.00370301	12.86571388	-0.05459523	-0.00300181	12.86587348	-0.05447413
-0.28802325	12.83124884	-0.09694087	-0.28735936	12.83154824	-0.09673245
-0.26934791	12.92631777	-0.10078720	-0.26864278	12.92660729	-0.10059062
0.02864078	12.84597801	-0.61981909	0.02910572	12.84616541	-0.61970229
0.03500137	12.91134411	-0.60717733	0.03551855	12.91152755	-0.60705698
-0.04602986	12.92189563	-0.57955001	-0.04548444	12.92210775	-0.57940990
-0.05439070	12.85710466	-0.58358841	-0.05387979	12.85731739	-0.58344973
-0.13769134	12.92954197	-0.59651664	-0.13712680	12.92978425	-0.59635706
-0.14749725	12.86874565	-0.59537495	-0.14695931	12.86898880	-0.59521356
-0.03335366	12.41571980	-0.11991626	-0.03295306	12.41589610	-0.11981069
-0.17333256	12.63297006	-0.09039579	-0.17276980	12.63321903	-0.09021446
-0.01837822	12.54079774	-0.08942675	-0.01788182	12.54096675	-0.08931183
-0.32479316	12.62589439	-0.12897813	-0.32422814	12.62620266	-0.12874269
-0.31101013	12.71357953	-0.10882634	-0.31040000	12.71388718	-0.10860117
0.01847616	12.77970850	-0.63167740	0.01889199	12.77989930	-0.63156226
-0.07386753	12.79070639	-0.58076994	-0.07338535	12.79092116	-0.58063004
-0.09169977	12.76369804	-0.56070225	-0.09121416	12.76391390	-0.56055866
-0.17159582	12.80624763	-0.58333492	-0.17107453	12.80649414	-0.58316837
-0.38120727	12.99989288	-0.17350373	-0.38049420	13.00021774	-0.17328707
-0.37339088	13.05008477	-0.21923863	-0.37267255	13.05040140	-0.21902829
-0.49116008	12.99315523	-0.23004874	-0.49046990	12.99350714	-0.22981702
-0.47143596	13.03394115	-0.27102030	-0.47074149	13.03428170	-0.27079518
-0.44937614	13.06722869	-0.32127461	-0.44868226	13.06755863	-0.32105603
-0.36351877	13.08717944	-0.27836021	-0.36280211	13.08748920	-0.27815267
-0.25977707	13.03577481	-0.59028465	-0.25916036	13.03605033	-0.59010202
-0.24543826	12.99057531	-0.61527305	-0.24484161	12.99084735	-0.61509381
-0.27998607	13.07217391	-0.54981503	-0.27934896	13.07245412	-0.54962853
-0.37468226	13.06360200	-0.55835727	-0.37405117	13.06389863	-0.55815941
-0.35983905	13.03239838	-0.60324763	-0.35922786	13.03269106	-0.60305357
-0.35023715	12.99409534	-0.63710598	-0.34963983	12.99438621	-0.63691377
-0.24684540	12.94208359	-0.63113184	-0.24626769	12.94235577	-0.63095410
-0.35775737	12.95519558	-0.66189261	-0.35717474	12.95548618	-0.66170042
-0.37252203	12.91789525	-0.67601279	-0.37194851	12.91818714	-0.67581876
-0.25960718	12.89258438	-0.63567781	-0.25904220	12.89285775	-0.63549960
-0.53537664	12.88747945	-0.18948427	-0.53470689	12.88784727	-0.18923090
-0.55541552	12.76548724	-0.19511302	-0.55478288	12.76585560	-0.19483633
-0.63155840	12.80230816	-0.25256003	-0.63091806	12.80268089	-0.25227669
-0.61346372	12.89829708	-0.25170329	-0.61279928	12.89866629	-0.25143976
-0.56349879	12.66078800	-0.21246758	-0.56289721	12.66115054	-0.21217338
-0.63887094	12.71970866	-0.26450410	-0.63825319	12.72008003	-0.26420454
-0.68736069	12.78951686	-0.33453627	-0.68672666	12.78987834	-0.33424146
-0.68109194	12.84181465	-0.32871002	-0.68044791	12.84217693	-0.32842573
-0.66510109	12.90490758	-0.33026832	-0.66444492	12.90526592	-0.32999809
-0.45400086	12.65064889	-0.16466214	-0.45340874	12.65099506	-0.16439143
-0.44280208	12.74684636	-0.14559131	-0.44217551	12.74719474	-0.14533555
-0.42058246	12.86612675	-0.13715552	-0.41991225	12.86646881	-0.13691969
-0.46842460	12.93358935	-0.68687116	-0.46784995	12.93389146	-0.68665482
-0.47535011	12.90658254	-0.69747236	-0.47478094	12.90688624	-0.69725527
-0.38468534	12.88459518	-0.67787387	-0.38411898	12.88488853	-0.67767857
-0.55500410	12.93869903	-0.66684969	-0.55442276	12.93900105	-0.66660905
-0.55978423	12.91199646	-0.68164370	-0.55920972	12.91229816	-0.68140115
-0.39550384	12.86779841	-0.66747334	-0.39493988	12.86809384	-0.66727656
-0.27933710	12.84438769	-0.62785468	-0.27878430	12.84466397	-0.62767451
0.90007205	12.88307519	-0.90290956	0.90042391	12.88267381	-0.90319549
0.80021826	12.95041693	-0.88859657	0.80062132	12.95009351	-0.88881509
0.91673566	12.89727329	-0.81425005	0.91714632	12.89683097	-0.81455029
0.82181778	12.97008500	-0.78416270	0.82229079	12.96971429	-0.78439917
0.71151336	13.02611425	-0.74264019	0.71204965	13.02582637	-0.74281036
0.68151652	13.00221660	-0.87163420	0.68196280	13.00198475	-0.87178108
0.91792084	12.89333993	-0.72241188	0.91837351	12.89287185	-0.72272366
0.83901984	12.96120042	-0.67774173	0.83954572	12.96079328	-0.67799918
0.74467186	13.01408924	-0.61551523	0.74526773	13.01375450	-0.61571443
1.00081474	12.66924751	-0.98702451	1.00095039	12.66876530	-0.98746832
0.96354347	12.79097291	-0.94146777	0.96380603	12.79052100	-0.94181596
1.02408223	12.66936818	-0.87578531	1.02427302	12.66881594	-0.87624965
0.98355053	12.80010066	-0.84475298	0.98387339	12.79959796	-0.84511931
1.01559960	12.66829920	-0.76250198	1.01585070	12.66772299	-0.76297333
0.97777142	12.79956249	-0.74540194	0.97814497	12.79903682	-0.74577505
0.56149388	13.04806084	-0.82627819	0.56199808	13.04791884	-0.82635591
0.59851661	13.07345497	-0.67754724	0.59912068	13.07325392	-0.67765125
0.47468736	13.11245390	-0.59481517	0.47535475	13.11233948	-0.59485604
0.43735312	13.08612851	-0.74662866	0.43792486	13.08606896	-0.74664594
0.63853127	13.06210071	-0.53958895	0.63919654	13.06184600	-0.53972478
0.51340808	13.10323734	-0.45680238	0.51413446	13.10307534	-0.45687071
-0.38314550	13.08110453	-0.50046267	-0.38249351	13.08140499	-0.50026125
-0.46669052	13.06271959	-0.51298536	-0.46604864	13.06302648	-0.51277005
-0.44680070	13.05131280	-0.55534417	-0.44617295	13.05161492	-0.55513173
-0.39516519	13.08720634	-0.43742682	-0.39449734	13.08751343	-0.43722205
-0.48883341	13.06462847	-0.46847452	-0.48817981	13.06494279	-0.46825561
-0.57325547	13.03825192	-0.49754683	-0.57261585	13.03856884	-0.49731056
-0.53564498	13.04023621	-0.53011695	-0.53501409	13.04054634	-0.52988784
-0.49795165	13.03862366	-0.55634722	-0.49732819	13.03893024	-0.55612465
-0.42059466	13.08381541	-0.37721536	-0.41990878	13.08413277	-0.37700359
-0.50261079	13.06043786	-0.41711786	-0.50194387	13.06075922	-0.41689530
-0.51749619	13.04594673	-0.36622306	-0.51681962	13.04627845	-0.36599699
-0.56312255	13.02896299	-0.39850061	-0.56245977	13.02929628	-0.39826614
-0.57504353	13.03405935	-0.44707440	-0.57438934	13.03438393	-0.44683799
-0.01700792	13.13064140	-0.43577338	-0.01630476	13.13082770	-0.43562865
-0.10877870	13.11835094	-0.44823348	-0.10809248	13.11857970	-0.44807132
-0.02628574	13.15209195	-0.34047100	-0.02553810	13.15227239	-0.34032691
-0.12955494	13.13603254	-0.36170423	-0.12883180	13.13626521	-0.36153718
-0.23078686	13.11891474	-0.39271515	-0.23008880	13.11918130	-0.39253238
-0.20484048	13.10541493	-0.47110386	-0.20417052	13.10567301	-0.47092539
-0.02676442	13.15385318	-0.25335062	-0.02598614	13.15402764	-0.25320986
-0.14082162	13.13941104	-0.27791855	-0.14007011	13.13964434	-0.27775104
-0.25052880	13.12120794	-0.31318333	-0.24980527	13.12148104	-0.31299746
0.99185766	11.97244304	-1.06487315	0.99173782	11.97189964	-1.06594156
1.01320454	12.11712575	-1.06384307	1.01301031	12.11652317	-1.06504975
0.99194447	11.92803779	-0.95867543	0.99147031	11.92754298	-0.95962483
1.01790407	12.07427761	-0.94864516	1.01755328	12.07372035	-0.94970671
1.03743253	12.29164348	-0.93129037	1.03723944	12.29103335	-0.93207049
1.02631383	12.32644468	-1.04718473	1.02613732	12.32587239	-1.04795655
0.97273474	11.91169990	-0.83914477	0.97221047	11.91124810	-0.83999161
1.00096773	12.05916506	-0.82428997	1.00060201	12.05863286	-0.82520645
1.02383850	12.28035119	-0.80675631	1.02369498	12.27970509	-0.80750684
1.02254449	12.51256229	-1.02140465	1.02254112	12.51204187	-1.02195843
1.04123381	12.49464895	-0.90643131	1.04126088	12.49405928	-0.90701985
1.03015663	12.48904214	-0.78517480	1.03023929	12.48842519	-0.78576444
-0.64098460	12.93334295	-0.61439115	-0.64038779	12.93364026	-0.61412462
-0.64777660	12.90354647	-0.62633312	-0.64718361	12.90384124	-0.62606130
-0.69873176	12.92308513	-0.53453228	-0.69810810	12.92338891	-0.53425244
-0.70919386	12.88689004	-0.54052168	-0.70857166	12.88719079	-0.54023382
-0.64958907	12.88014724	-0.62773841	-0.64899616	12.88044121	-0.62746373
-0.70029474	12.91340331	-0.43226695	-0.69965214	12.91373540	-0.43199116
-0.71377956	12.86830985	-0.43317853	-0.71314093	12.86864189	-0.43289199
-0.71673997	12.83261090	-0.43489684	-0.71610314	12.83294148	-0.43460091
-0.29618246	13.09417083	-0.48750336	-0.29552410	13.09445464	-0.48731283
-0.31429939	13.10396402	-0.41512291	-0.31361447	13.10425301	-0.41492689
-0.34028450	13.10337242	-0.34461707	-0.33958211	13.10367208	-0.34441678
-0.59334421	12.95068767	-0.26447133	-0.59266982	12.95105024	-0.26422118
-0.51292207	12.95376699	-0.20200263	-0.51223778	12.95412836	-0.20176287
-0.64746501	12.94509868	-0.33952620	-0.64680360	12.94545276	-0.33926647
-0.62429866	12.97468819	-0.35641749	-0.62363530	12.97503564	-0.35616677
-0.57028819	12.98267652	-0.28882282	-0.56961088	12.98302970	-0.28858146
-0.39828313	12.94450772	-0.14643269	-0.39758502	12.94484058	-0.14620880
-0.45534935	12.96459504	-0.66849140	-0.45476590	12.96489634	-0.66827782
-0.44341241	12.99690169	-0.64027673	-0.44281660	12.99720134	-0.64006481
-0.52754217	12.99591047	-0.62309981	-0.52694162	12.99621403	-0.62286921
-0.54350076	12.96750463	-0.64904956	-0.54291156	12.96780723	-0.64881327
-0.65737677	12.98026994	-0.52291754	-0.65674879	12.98058027	-0.52265663
-0.68171442	12.95277847	-0.52920391	-0.68108874	12.95308510	-0.52893291
-0.62720483	12.96164027	-0.60161031	-0.62660236	12.96194044	-0.60135170
-0.60630250	12.98883957	-0.58382304	-0.60569236	12.98914240	-0.58357276
-0.62529617	13.00946255	-0.51403394	-0.62466303	13.00977466	-0.51378375
-0.57898160	13.01523911	-0.55686614	-0.57836062	13.01554517	-0.55662547
-0.50931243	13.02162185	-0.58382127	-0.50869770	13.02192618	-0.58359520
-0.68284080	12.94659586	-0.43487840	-0.68219607	12.94692678	-0.43461176
-0.65847055	12.97468611	-0.44084347	-0.65782503	12.97501517	-0.44058579
-0.59207572	13.00577442	-0.38081442	-0.59141280	13.00611377	-0.38057313
-0.62474994	13.00477341	-0.44994028	-0.62410161	13.00509876	-0.44969207
-0.54255410	13.01726174	-0.32309366	-0.54187494	13.01760470	-0.32286113
-0.43980793	13.02761061	-0.60017939	-0.43919677	13.02790984	-0.59996757
0.18365770	13.12010348	-0.18524449	0.18446223	13.12015341	-0.18517237
0.15400981	13.15879078	-0.27046049	0.15480382	13.15886568	-0.27037183
0.18168975	13.14665344	-0.28519688	0.18247505	13.14671384	-0.28511835
0.21562239	13.10675463	-0.19682770	0.21641955	13.10678635	-0.19676785
0.13354901	13.16587497	-0.36553272	0.13431164	13.16597090	-0.36543380
0.15963945	13.15454774	-0.38246375	0.16039260	13.15463170	-0.38237300
0.18624858	13.13775404	-0.29521230	0.18702686	13.13781287	-0.29513598
0.21999140	13.09835272	-0.20323476	0.22078290	13.09838237	-0.20317726
0.19291111	13.14543856	-0.29627583	0.19369559	13.14549268	-0.29620167
0.22541774	13.10483387	-0.19810717	0.22621668	13.10485900	-0.19805175
0.17370208	13.15263462	-0.39959098	0.17445105	13.15271187	-0.39950433
0.21771240	13.15836056	-0.42553087	0.21845963	13.15841149	-0.42545946
0.23937919	13.15065301	-0.31419335	0.24016729	13.15067739	-0.31413540
0.27133378	13.10804171	-0.20895498	0.27213603	13.10803495	-0.20891883
0.25897254	12.93343547	-0.06528539	0.25972413	12.93342941	-0.06526293
0.22218182	13.04990616	-0.11072965	0.22297827	13.04992548	-0.11068008
0.25833152	13.03703956	-0.12214503	0.25911915	13.03703677	-0.12211106
0.29848476	12.92006839	-0.07843130	0.29922590	12.92003761	-0.07842667
0.26856890	13.03501688	-0.12263926	0.26935790	13.03500678	-0.12261083
0.30968944	12.91814373	-0.08184000	0.31042945	12.91810514	-0.08184109
0.31380027	13.03343044	-0.13001684	0.31459027	13.03339047	-0.13000875
0.35347759	12.91024503	-0.08782200	0.35421396	12.91017574	-0.08784478
0.37861284	12.72134077	-0.09199484	0.37922944	12.72125986	-0.09205092
0.33857214	12.73513580	-0.08751722	0.33919693	12.73508310	-0.08755049
0.39579608	12.52603804	-0.12274582	0.39626337	12.52596191	-0.12282537
0.35831760	12.55020075	-0.11803114	0.35880434	12.55014840	-0.11808913
0.32719435	12.73735966	-0.08277482	0.32782203	12.73731387	-0.08280207
0.34614125	12.55302197	-0.11310574	0.34663118	12.55297646	-0.11315667
0.30054396	12.56689539	-0.09499493	0.30105154	12.56687742	-0.09502138
0.28520055	12.75482843	-0.06673512	0.28584407	12.75480856	-0.06674046
0.26693091	12.78359893	-0.91956978	0.26713647	12.78371469	-0.91952682
0.25739738	12.85377939	-0.89470120	0.25769140	12.85389655	-0.89465237
0.23844124	12.85952355	-0.83563602	0.23877768	12.85963587	-0.83558355
0.24892112	12.79874188	-0.85932779	0.24918684	12.79885401	-0.85928328
0.24245717	12.92572462	-0.84432261	0.24284363	12.92583687	-0.84426381
0.22278428	12.92408148	-0.78865574	0.22319805	12.92419394	-0.78859335
0.22931736	12.91963275	-0.77086569	0.22973746	12.91973559	-0.77080899
0.24990392	12.80448598	-0.83860572	0.25018850	12.80458881	-0.83856420
0.22221268	12.85990068	-0.82124916	0.22256063	12.86001684	-0.82119533
0.22689956	12.80262907	-0.84425226	0.22718282	12.80274706	-0.84420588
0.21177088	12.92357047	-0.77889590	0.21219035	12.92368483	-0.77883215
0.17126146	12.93582293	-0.76427731	0.17169896	12.93595955	-0.76419680
0.17877561	12.86856678	-0.80279902	0.17914116	12.86870837	-0.80272708
0.18050776	12.80499217	-0.82388985	0.18080696	12.80513666	-0.82382356
0.27142110	12.71353886	-0.94469680	0.27153826	12.71366684	-0.94467571
0.25622903	12.73755469	-0.88351482	0.25641877	12.73766634	-0.88347860
0.25817036	12.75310062	-0.86121403	0.25839359	12.75320224	-0.86118089
0.27564874	12.71658756	-0.87442897	0.27582308	12.71667904	-0.87440751
0.23548650	12.74494607	-0.87107416	0.23570082	12.74506445	-0.87103464
0.18679500	12.73741291	-0.85350556	0.18702021	12.73755827	-0.85344927
0.28368949	12.32743033	-0.16284463	0.28398318	12.32743719	-0.16287828
0.30143017	12.42400886	-0.12910795	0.30180557	12.42400392	-0.12913711
0.34921130	12.42226852	-0.14550994	0.34957717	12.42223682	-0.14556368
0.33439928	12.35286343	-0.17805183	0.33468762	12.35285865	-0.17810028
0.35325079	12.43484942	-0.15280435	0.35362441	12.43481525	-0.15286026
0.36291818	12.41525150	-0.15059395	0.36327562	12.41521236	-0.15065520
0.34867272	12.34746114	-0.18439704	0.34891599	12.34746381	-0.18444000
0.39993874	12.38191019	-0.15910042	0.40025430	12.38184983	-0.15917926
0.12267491	13.14075941	-0.47073078	0.12338432	13.14087468	-0.47062591
0.15258145	13.12742867	-0.48476892	0.15327991	13.12752927	-0.48467416
0.12595902	13.08866150	-0.57886322	0.12659458	13.08879112	-0.57875917
0.16121162	13.07332272	-0.58956718	0.16183411	13.07343352	-0.58947619
0.16457829	13.11611848	-0.49151271	0.16526790	13.11621331	-0.49142295
0.17041129	13.12250543	-0.49164471	0.17110560	13.12259677	-0.49155580
0.18028333	13.06658869	-0.58576531	0.18090429	13.06668754	-0.58568133
0.20647097	13.07197556	-0.62506371	0.20707947	13.07206346	-0.62498752
0.20589986	13.12826599	-0.52410777	0.20658916	13.12833818	-0.52403013
0.22196219	13.00160374	-0.74330737	0.22246054	13.00170632	-0.74323775
0.20049370	12.99678597	-0.69525138	0.20101166	12.99689261	-0.69517725
0.18612650	12.99990690	-0.69479946	0.18664689	13.00002204	-0.69472033
0.14788923	13.01475496	-0.68350818	0.14842570	13.01489149	-0.68341347
0.39704649	13.09007509	-0.26267223	0.39783342	13.08998377	-0.26269175
0.43230706	13.00946332	-0.17901565	0.43307836	13.00934083	-0.17906369
0.46063638	12.87869799	-0.13294747	0.46134291	12.87855494	-0.13302768
0.31446111	12.99094568	-0.86190757	0.31489361	12.99100781	-0.86187234
0.33791757	12.91290506	-0.95111485	0.33823700	12.91296607	-0.95109337
0.29679473	13.06023336	-0.74983795	0.29733822	13.06028439	-0.74979259
0.13886787	12.96135584	-0.05995056	0.13962745	12.96142708	-0.05987786
0.11709806	13.06559509	-0.10448710	0.11789524	13.06568109	-0.10439879
0.09556517	13.12914647	-0.17447969	0.09637004	13.12924867	-0.17437963
0.09009533	13.02837746	-0.62428105	0.09067166	13.02853679	-0.62416844
0.07016833	13.09371697	-0.54636681	0.07081888	13.09387369	-0.54624585
0.10902908	12.95632195	-0.67862090	0.10952872	12.95647991	-0.67851698
0.47483587	12.68362814	-0.13308615	0.47541171	12.68348367	-0.13319890
0.48385125	12.47468274	-0.16177808	0.48425845	12.47455590	-0.16191144
0.34654757	12.83206536	-1.00402396	0.34675250	12.83213051	-1.00400518
0.34711240	12.75700477	-1.03322749	0.34723620	12.75708157	-1.03322891
0.48443971	12.33738169	-0.19988697	0.48467515	12.33728224	-0.20000198
0.34561605	12.69701832	-1.05193963	0.34566538	12.69709825	-1.05193825
0.15940096	12.47154962	-0.10565649	0.15983182	12.47162012	-0.10562203
0.16566158	12.62759273	-0.07617140	0.16621477	12.62765436	-0.07612868
0.11025552	12.75541864	-0.74850805	0.11056858	12.75558831	-0.74842373
0.11075321	12.82408739	-0.72481348	0.11113239	12.82425321	-0.72472319
0.15693916	12.80685767	-0.05546721	0.15761222	12.80692106	-0.05541153
0.11312404	12.88955147	-0.70683121	0.11356399	12.88971134	-0.70673648
0.33289500	13.14296016	-0.50075780	0.33361478	13.14294048	-0.50073255
0.30676877	13.11454593	-0.62757983	0.30741226	13.11456495	-0.62753982
0.36341030	13.13460128	-0.37471394	0.36417924	13.13454451	-0.37470997
0.06648863	13.16366130	-0.34658984	0.06724990	13.16379256	-0.34647147
0.06306956	13.13993371	-0.44871269	0.06378053	13.14007890	-0.44859182
0.07801085	13.16080224	-0.25523501	0.07880295	13.16092051	-0.25512477
0.88092941	11.96484387	-0.58725340	0.88067287	11.96452155	-0.58771866
0.81676000	12.01719950	-0.47386000	0.81676000	12.01719950	-0.47386000
0.92088579	11.93664130	-0.71754754	0.92046521	11.93623800	-0.71825733
0.90853493	12.00298731	-0.72234182	0.90818150	12.00256282	-0.72304438
0.87331348	12.04991189	-0.63493298	0.87308800	12.04951218	-0.63547526
0.80569461	12.11300473	-0.53084035	0.80563639	12.11271220	-0.53120996
0.95418637	11.92910034	-0.84270399	0.95368675	11.92866373	-0.84355143
0.97395367	11.94492116	-0.95478946	0.97350154	11.94443971	-0.95575975
0.94207980	12.06282125	-0.93858595	0.94175228	12.06234327	-0.93962488
0.92732489	12.03266297	-0.81967425	0.92695068	12.03221745	-0.82051068
0.97501074	11.98677371	-1.04914956	0.97484317	11.98624207	-1.05029840
0.94494365	12.05962672	-1.14106921	0.94549257	12.05883879	-1.14294394
0.91966454	12.12126043	-1.11875704	0.91993683	12.12030890	-1.12064471
0.94046822	12.09710393	-1.03803976	0.94029125	12.09653615	-1.03931321
0.85997900	12.18207653	-1.22780126	0.85992638	12.18196275	-1.22899975
0.74178147	12.33328319	-1.27408012	0.74152473	12.33326436	-1.27461257
0.74600821	12.36071596	-1.20199179	0.74582837	12.36055848	-1.20247020
0.85754116	12.22658907	-1.16335041	0.85744415	12.22625973	-1.16429470
0.60070366	12.48319695	-1.23791600	0.60059091	12.48323303	-1.23794718
0.47101776	12.61369406	-1.15269841	0.47100279	12.61370155	-1.15269516
0.49420000	12.61570000	-1.07906000	0.49420000	12.61570000	-1.07906000
0.61447000	12.50220000	-1.16283000	0.61447000	12.50220000	-1.16283000
0.38299457	12.64741253	-1.04978632	0.38300154	12.64745498	-1.04978562
0.33221356	12.64775669	-0.95701596	0.33224646	12.64782885	-0.95701646
0.37140000	12.64100070	-0.89641000	0.37140000	12.64100070	-0.89641000
0.41679000	12.64250090	-0.98287004	0.41679000	12.64250090	-0.98287004
0.31442677	12.67946355	-0.89765444	0.31453111	12.67953970	-0.89765112
0.31064584	12.70690815	-0.87024331	0.31081212	12.70697283	-0.87023639
0.33907868	12.69451555	-0.81310814	0.33928266	12.69454106	-0.81312085
0.34795915	12.66945414	-0.84065287	0.34810033	12.66947473	-0.84065809
0.30162003	12.69423851	-0.87418906	0.30177658	12.69431065	-0.87418475
0.25858865	12.68412858	-0.84478795	0.25876931	12.68421886	-0.84476931
0.29898338	12.68103562	-0.77538245	0.29920531	12.68108013	-0.77538483
0.33790640	12.68311509	-0.81181119	0.33810508	12.68313971	-0.81182785
0.15269402	12.71969271	-0.71655923	0.15299883	12.71982862	-0.71649887
0.02122812	12.77343277	-0.57592899	0.02167615	12.77361044	-0.57581655
0.02554368	12.81107729	-0.49901682	0.02604604	12.81125027	-0.49890222
0.17688542	12.73464795	-0.64124986	0.17724713	12.73475383	-0.64120126
-0.09519441	12.81639090	-0.51303382	-0.09467096	12.81661170	-0.51288097
-0.20263404	12.84835684	-0.51687149	-0.20207956	12.84861652	-0.51669547
-0.20592304	12.91684390	-0.45654393	-0.20532265	12.91710567	-0.45636536
-0.09714090	12.87586672	-0.44289886	-0.09656626	12.87608949	-0.44274353
-0.30780872	12.86879585	-0.57663395	-0.30723791	12.86908003	-0.57644677
-0.40645238	12.87990347	-0.64428003	-0.40587876	12.88020030	-0.64407813
-0.42307435	12.90761567	-0.59250357	-0.42248111	12.90791628	-0.59229417
-0.31724608	12.92189796	-0.52160776	-0.31664747	12.92218662	-0.52141474
-0.49456788	12.88319272	-0.67228850	-0.49399341	12.88349575	-0.67206562
-0.57428206	12.87970733	-0.66049311	-0.57370170	12.88000842	-0.66024446
-0.57347738	12.88211788	-0.62511330	-0.57288548	12.88241979	-0.62486392
-0.51688448	12.89091002	-0.62405171	-0.51629535	12.89121258	-0.62382023
-0.64838118	12.87135152	-0.60890792	-0.64778183	12.87164665	-0.60863282
-0.69758435	12.85498804	-0.52938474	-0.69695834	12.85529039	-0.52909394
-0.66047984	12.87117870	-0.50113613	-0.65985087	12.87148992	-0.50085805
-0.62312291	12.88054735	-0.57794177	-0.62251417	12.88084762	-0.57767551
-0.70256065	12.82770712	-0.43421533	-0.70192457	12.82803730	-0.43392073
-0.67566153	12.78081233	-0.34449516	-0.67503058	12.78116945	-0.34420046
-0.65405688	12.78740510	-0.35742085	-0.65342592	12.78775544	-0.35713064
-0.66632132	12.83399826	-0.41761755	-0.66568497	12.83433225	-0.41733178
-0.62893787	12.70640414	-0.28139091	-0.62832567	12.70676979	-0.28109124
-0.55544889	12.64588272	-0.23279177	-0.55485304	12.64623946	-0.23249774
-0.53784630	12.70517707	-0.26408740	-0.53723986	12.70552564	-0.26380615
-0.61391964	12.74859858	-0.31388565	-0.61329829	12.74895366	-0.31359529
-0.44849720	12.64104397	-0.18551580	-0.44791112	12.64138484	-0.18524576
-0.32147933	12.62049214	-0.14965331	-0.32092482	12.62079883	-0.14942051
-0.30362398	12.67417837	-0.17851703	-0.30305073	12.67447811	-0.17829311
-0.42961287	12.69853721	-0.21539244	-0.42901539	12.69887023	-0.21513590
-0.18495807	12.51619565	-0.13630617	-0.18448431	12.51645059	-0.13612723
-0.03652117	12.40042319	-0.14369127	-0.03614077	12.40060427	-0.14358800
-0.03399007	12.47012779	-0.17479071	-0.03357744	12.47031163	-0.17467914
-0.17329755	12.57887901	-0.16516427	-0.17279580	12.57912899	-0.16498755
0.12453717	12.33999983	-0.16416001	0.12485599	12.34009342	-0.16413018
0.25292080	12.32145758	-0.18952853	0.25320053	12.32148345	-0.18955172
0.23243331	12.38119614	-0.24157023	0.23273009	12.38124045	-0.24157984
0.11489913	12.40732744	-0.20555122	0.11524348	12.40743154	-0.20550755
0.30286187	12.35577599	-0.21082236	0.30314305	12.35578740	-0.21086307
0.28833621	12.43953042	-0.28024901	0.28865032	12.43954717	-0.28028063
0.28021209	12.41174781	-0.26634018	0.28051257	12.41176933	-0.26636889
0.31412637	12.34621853	-0.22336869	0.31434665	12.34625417	-0.22340356
0.34620000	12.27620000	-0.23202000	0.34620000	12.27620000	-0.23202000
0.31994127	12.33286143	-0.29122738	0.32012660	12.33287155	-0.29127008
0.28730437	12.39797434	-0.28133788	0.28757397	12.39800061	-0.28136871
0.44425997	12.21770000	-0.27141000	0.44425997	12.21770000	-0.27141000
0.57587000	12.16340070	-0.32883000	0.57587000	12.16340070	-0.32883000
0.56974224	12.24228615	-0.38381545	0.56982367	12.24215448	-0.38396065
0.42796371	12.28568069	-0.32846174	0.42807501	12.28562414	-0.32853310
0.70622003	12.08180000	-0.39380000	0.70622003	12.08180000	-0.39380000
0.69998725	12.18021397	-0.44898117	0.70001481	12.18000351	-0.44922393
0.76306729	12.39213248	-1.05094532	0.76298668	12.39182199	-1.05140319
0.86546586	12.24213834	-1.05286066	0.86533931	12.24160030	-1.05380333
0.78251108	12.37513263	-0.86291541	0.78247865	12.37473464	-0.86339654
0.87410290	12.22115932	-0.91150058	0.87393505	12.22067815	-0.91231289
0.79498886	12.26069876	-0.67526294	0.79493288	12.26030921	-0.67575072
0.87343279	12.14752778	-0.75843520	0.87319843	12.14707362	-0.75910459
0.53382653	12.60768975	-0.90373127	0.53393769	12.60757714	-0.90386587
0.64710718	12.52152932	-0.99178764	0.64715985	12.52136326	-0.99199909
0.56530503	12.53773509	-0.69270291	0.56548679	12.53754602	-0.69291120
0.67794935	12.47740693	-0.78303708	0.67804095	12.47712284	-0.78335699
0.57095400	12.38564721	-0.51241637	0.57109810	12.38545913	-0.51263362
0.69239594	12.33888336	-0.59108534	0.69246078	12.33859323	-0.59142329
-0.21668163	12.91193058	-0.37173297	-0.21606172	12.91219615	-0.37154929
-0.11073959	12.86883913	-0.35610804	-0.11013804	12.86906319	-0.35595008
-0.23813527	12.85393566	-0.28523662	-0.23751643	12.85421078	-0.28504528
-0.13142127	12.80434535	-0.27198186	-0.13082986	12.80457783	-0.27181734
-0.01427114	12.73692254	-0.30761122	-0.01373819	12.73710086	-0.30748815
0.00887004	12.80315329	-0.40316993	0.00940445	12.80333026	-0.40305044
-0.27176444	12.76345825	-0.22245571	-0.27116408	12.76374671	-0.22224820
-0.15410623	12.69086313	-0.20978609	-0.15355452	12.69110450	-0.20961519
-0.02745673	12.60472807	-0.23086316	-0.02697829	12.60491084	-0.23074353
-0.55283553	12.91104083	-0.54286893	-0.55221916	12.91134800	-0.54262494
-0.58679853	12.90456992	-0.45113711	-0.58616121	12.90489161	-0.45088178
-0.48448139	12.92495047	-0.38996825	-0.48383839	12.92527524	-0.38973433
-0.45136075	12.93793378	-0.49553763	-0.45073819	12.93824226	-0.49531624
-0.60310911	12.83238844	-0.37209856	-0.60247277	12.83272863	-0.37182572
-0.51401677	12.82276776	-0.31367804	-0.51338277	12.82310602	-0.31342058
-0.33519184	12.93670170	-0.42782481	-0.33456734	12.93699771	-0.42762307
-0.36193841	12.90121122	-0.32920072	-0.36130249	12.90152165	-0.32898629
-0.39737390	12.80352209	-0.26058458	-0.39675182	12.80384223	-0.26035056
0.29401886	12.63916695	-0.65167987	0.29429771	12.63919371	-0.65169797
0.33571182	12.63580058	-0.67519811	0.33597518	12.63580251	-0.67523373
0.26788044	12.57201624	-0.50183064	0.26819381	12.57204336	-0.50184795
0.31424994	12.57103540	-0.51184924	0.31455724	12.57103280	-0.51188655
0.31840302	12.58902018	-0.49627134	0.31873027	12.58901458	-0.49631138
0.33674399	12.65009290	-0.66678637	0.33702113	12.65009260	-0.66682192
0.34383244	12.63260379	-0.68942276	0.34408194	12.63260390	-0.68946409
0.32076457	12.57482191	-0.51111299	0.32107177	12.57481600	-0.51115751
0.35301727	12.55505503	-0.55181286	0.35328770	12.55502804	-0.55187654
0.37302750	12.61397551	-0.73996963	0.37322728	12.61396180	-0.74002880
0.32786585	12.44031186	-0.39959137	0.32811470	12.44030187	-0.39964922
0.29567687	12.48717672	-0.37624356	0.29598181	12.48718611	-0.37627969
0.29000926	12.49128032	-0.37133273	0.29032958	12.49129090	-0.37136337
0.24250982	12.47706891	-0.35509046	0.24282486	12.47710873	-0.35510256
0.44612579	12.55342414	-0.61391541	0.44636035	12.55332945	-0.61403422
0.43918261	12.62138983	-0.81555487	0.43933577	12.62133604	-0.81564625
0.43437863	12.41165287	-0.44682508	0.43457668	12.41156450	-0.44694044
0.13884078	12.64005019	-0.40974991	0.13925403	12.64015311	-0.40970121
0.16512898	12.71055336	-0.53211529	0.16553251	12.71064900	-0.53206896
0.12026264	12.52282929	-0.29401918	0.12064736	12.52293422	-0.29397096
0.16595281	13.14504804	-0.39469853	0.16669746	13.14513010	-0.39460990
0.26170810	13.03073335	-0.12928486	0.26249047	13.03072870	-0.12925370
0.30093326	12.91666680	-0.08780693	0.30166959	12.91663496	-0.08780409
0.32971133	12.73665919	-0.09326424	0.33033318	12.73661332	-0.09329384
0.34936074	12.55731482	-0.12298500	0.34984964	12.55726826	-0.12303742
0.24251542	12.85866544	-0.81477393	0.24286373	12.85876845	-0.81472577
0.33976809	12.37497090	-0.18535043	0.34006185	12.37496440	-0.18539789
0.17847545	13.06139671	-0.58854737	0.17909128	13.06149721	-0.58846349
0.20395786	12.99156945	-0.68860220	0.20447579	12.99167231	-0.68853100
0.89524970	11.95955145	-0.57387652	0.89500034	11.95922545	-0.57435810
0.82733309	12.01976318	-0.45673225	0.82735799	12.01977151	-0.45674548
0.93824203	11.92233704	-0.70898697	0.93781020	11.92192268	-0.70971145
0.74516099	12.33216974	-1.28963466	0.74488365	12.33219207	-1.29017554
0.46139478	12.61948929	-1.16632868	0.46137898	12.61949834	-1.16632244
0.35374406	12.65818701	-1.05838565	0.35376237	12.65825604	-1.05838283
0.28764293	12.66208368	-0.96027600	0.28769489	12.66219814	-0.96026095
0.27368208	12.69214718	-0.89919877	0.27380910	12.69225313	-0.89917995
0.25738606	12.70341496	-0.88619908	0.25755155	12.70351921	-0.88617687
0.20910649	12.68937227	-0.86818129	0.20928200	12.68950315	-0.86814134
0.12103110	12.71130514	-0.75373657	0.12130641	12.71146848	-0.75366206
0.01316176	12.74469629	-0.62350049	0.01356305	12.74488393	-0.62338855
-0.19498732	12.78515450	-0.55781292	-0.19446669	12.78540806	-0.55763999
-0.29806982	12.82669341	-0.60778724	-0.29751928	12.82697403	-0.60760455
-0.48201171	12.88828212	-0.69453375	-0.48144304	12.88858646	-0.69431571
-0.56420200	12.89109783	-0.68299912	-0.56362894	12.89139930	-0.68275471
-0.70989110	12.85929188	-0.54088750	-0.70926679	12.85959048	-0.54059485
-0.18705758	12.52589595	-0.11425217	-0.18656791	12.52615021	-0.11407063
0.14232868	12.35567411	-0.13948708	0.14266691	12.35575472	-0.13946052
0.31035488	12.38358667	-0.22337751	0.31064011	12.38359992	-0.22341866
0.38362050	12.29377399	-0.19552470	0.38372589	12.29375432	-0.19558389
0.46952425	12.23717832	-0.23905806	0.46959268	12.23715314	-0.23909840
0.71429453	12.09182506	-0.37198379	0.71432843	12.09182279	-0.37201626
0.29668278	12.51437025	-0.36942490	0.29701540	12.51437746	-0.36945909
0.58577088	12.77676251	-0.54204405	0.58621569	12.77654901	-0.54220240
0.30734428	12.98907986	-0.53028671	0.30794296	12.98908410	-0.53026674
0.03625221	12.99518388	-0.26259905	0.03695136	12.99533032	-0.26248304
0.10485009	13.07763843	-0.30765540	0.10558207	13.07774780	-0.30755565
0.32170828	12.86827362	-0.29460356	0.32232794	12.86824959	-0.29461097
0.03295498	12.96793567	-0.42104312	0.03357996	12.96809997	-0.42092296
0.12658385	13.04555785	-0.41715324	0.12725903	13.04566655	-0.41705932
0.36850749	12.82336285	-0.69379810	0.36890067	12.82334551	-0.69382529
0.16107640	13.02887444	-0.17925441	0.16183200	13.02893951	-0.17918141
0.22197605	12.81541903	-0.79389914	0.22230161	12.81552978	-0.79384983
0.33168982	12.75806117	-0.53151119	0.33212196	12.75804706	-0.53153626
0.33051582	12.88698011	-0.84161877	0.33087503	12.88702421	-0.84160569
0.39549213	12.43570347	-0.24608110	0.39581447	12.43564681	-0.24616490
0.24824664	13.04670498	-0.44645133	0.24891661	13.04674126	-0.44640276
0.47791513	12.68428092	-0.66822662	0.47821900	12.68416777	-0.66834022
0.69965328	12.74815478	-0.77336028	0.69995404	12.74787483	-0.77357573
0.33039293	12.93947307	-0.20029578	0.33110000	12.93943108	-0.20030113
-0.42489904	12.91100518	-0.24392240	-0.42423684	12.91133965	-0.24369268
0.15686847	13.08143925	-0.24850625	0.15762803	13.08151246	-0.24842618
0.32613691	12.94638522	-0.68794619	0.32662404	12.94640111	-0.68793430
-0.51199261	12.91068243	-0.28414741	-0.51133304	12.91102828	-0.28390407
0.23185259	13.03141047	-0.32825352	0.23255873	13.03144645	-0.32820369
0.29157812	12.45938051	-0.20156063	0.29194602	12.45938795	-0.20158732
0.12272451	13.09890696	-0.36968900	0.12344706	13.09901202	-0.36959157
0.21363668	13.07736560	-0.48859509	0.21430640	13.07742918	-0.48852768
0.25665247	12.61254280	-0.24539561	0.25711769	12.61256276	-0.24539962
0.17072379	12.93762043	-0.50859394	0.17129700	12.93771288	-0.50852333
0.27953906	12.89136889	-0.83152573	0.27990487	12.89145032	-0.83148898
0.28608268	12.84064412	-0.83479904	0.28640241	12.84072149	-0.83476994
0.23432541	13.02202255	-0.54443103	0.23493765	13.02207979	-0.54437548
0.37886736	12.79891427	-0.19837741	0.37948747	12.79884184	-0.19842357
0.49963449	12.59143989	-0.43377466	0.49999451	12.59129641	-0.43391775
0.30661900	12.76109118	-0.88748188	0.30682276	12.76116282	-0.88746220
0.16400586	12.96504448	-0.64373295	0.16452959	12.96516420	-0.64365041
0.39229313	12.37559459	-0.22289277	0.39256058	12.37554255	-0.22296943
0.35951509	12.48352103	-0.31309395	0.35984900	12.48348473	-0.31316404
0.19797627	12.86838085	-0.18692519	0.19863760	12.86842530	-0.18688075
0.39038212	12.73020145	-0.90991013	0.39053734	12.73020588	-0.90992226
0.29853758	12.79330204	-0.84890359	0.29880419	12.79337183	-0.84888184
0.14921526	13.11384691	-0.28076716	0.14998098	13.11392717	-0.28068044
0.41682146	12.60622336	-0.24807879	0.41728115	12.60613408	-0.24817035
0.21737052	12.86042579	-0.77056906	0.21774682	12.86053542	-0.77051389
0.42904874	12.71298584	-0.82732049	0.42926712	12.71294085	-0.82738399
0.82854171	12.74353101	-0.86889493	0.82880929	12.74317200	-0.86917330
0.56730397	12.79081344	-0.92760155	0.56753995	12.79068201	-0.92771235
0.34343085	12.68577063	-0.19950978	0.34396972	12.68572725	-0.19955030
0.25374058	12.76279825	-0.18175917	0.25433741	12.76281012	-0.18174754
